-0.066344
-0.13597
-0.050832
-0.050989
-0.094004
-0.049688
-0.081232
-0.060279
-0.061639
-0.013055
-0.04921
-0.040669
0.047689
-0.050003
0.016529
-0.0085832
-0.03219
0.004977
0.0027057
0.0099788
-0.03235
-0.071161
-0.04344
-0.069195
-0.055207
-0.080594
-0.033526
-0.052535
-0.052552
-0.096825
-0.069908
-0.041651
-0.10571
-0.119
-0.031282
-0.067065
-0.007871
-0.044145
0.0023005
-0.035815
-0.05113
-0.03135
-0.028315
-0.083515
-0.0018981
-0.041257
-0.073131
-0.048783
-0.079887
-0.045232
-0.011436
-0.044843
-0.050895
-0.066249
-0.0087198
-0.056282
-0.09388
-0.057509
-0.025387
-0.053884
-0.074738
-0.050915
-0.045435
-0.019663
-0.085654
-0.074391
-0.045271
-0.043655
-0.059042
-0.036801
-0.054998
-0.034097
-0.053307
-0.063715
-0.048885
-0.043896
-0.02051
-0.047056
-0.056938
-0.035279
-0.022417
-0.071854
-0.028876
-0.030656
-0.072647
-0.015503
-0.040791
-0.037411
-0.072644
0.02771
0.0036032
-0.068151
0.0048193
-0.024483
-0.038524
-0.038926
-0.086202
-0.091609
-0.064448
-0.1051
-0.044401
-0.060744
-0.094927
-0.051939
-0.032947
-0.049265
-0.04182
-0.074624
-0.069714
0.0045306
-0.036318
-0.010037
-0.0020668
-0.032256
0.012939
-0.029817
0.0099707
-0.064267
-0.020805
-0.038554
-0.096385
-0.089812
-0.033737
-0.095804
-0.075576
-0.090354
-0.063921
-0.081148
-0.080258
-0.038242
-0.046203
-0.038678
0.0096986
-0.0025171
-0.06331
-0.04804
-0.06534
-0.029812
-0.052212
-0.054264
-0.033453
-0.040246
-0.066074
-0.040833
-0.053681
-0.08551
0.0089617
-0.044147
-0.035224
-0.052885
-0.058021
-0.051977
-0.068885
-0.056509
-0.049711
-0.038649
-0.038857
-0.032788
-0.029977
-0.062741
-0.061322
-0.07899
-0.032357
-0.023848
-0.081923
-0.064361
-0.027605
-0.066364
-0.023992
-0.071241
-0.021533
-0.016727
-0.1033
-0.088952
-0.015198
-0.083245
-0.073928
-0.037445
-0.069647
-0.057817
-0.025115
-0.036299
-0.029627
-0.041967
-0.023393
-0.019366
-0.085808
-0.060488
-0.030486
-0.086643
-0.056977
-0.033204
-0.11273
-0.041246
-0.046434
-0.090158
-0.04512
-0.033484
-0.0060458
-0.02378
-0.047611
-0.015603
-0.077125
-0.019013
0.0020718
-0.078379
-0.036424
-0.0285
-0.053092
-0.08785
-0.040378
-0.066786
-0.083786
-0.043843
-0.038771
-0.036682
-0.067583
-0.0032269
-0.036519
-0.048496
-0.0075376
-0.073905
-0.040413
-0.04907
-0.063061
-0.0099735
-0.087195
-0.044049
0.030424
-0.0081181
-0.018488
-0.055054
-0.0007024
-0.053176
-0.066675
-0.060286
-0.056215
-0.048452
-0.0097784
-0.070247
-0.11762
-0.052143
-0.07634
-0.12147
-0.045798
-0.034989
-0.027086
-0.043138
-0.089803
-0.023994
-0.048788
-0.088766
-0.066629
-0.01026
-0.051157
-0.052551
-0.040446
-0.044155
-0.050433
-0.026429
0.0065468
4.7563e-05
-0.087716
-0.038796
-0.084404
-0.070722
-0.026705
-0.060609
-0.0034163
-0.077012
-0.093986
-0.058689
-0.041091
-0.026805
-0.041134
-0.047903
-0.020445
-0.012327
-0.046386
-0.081063
0.0029757
-0.067129
0.010676
0.031114
-0.15689
-0.041542
0.046065
0.056598
-0.081308
0.15887
-0.011495
0.040056
0.06135
0.09415
-0.30456
0.010545
-0.035732
-0.11839
-0.1255
0.060816
-0.19326
0.010587
0.55343
-0.11184
0.10118
0.46104
0.016917
-0.024843
0.28119
-0.35204
-0.12342
0.094521
-0.18515
-0.15499
-0.63912
0.12421
-1.163
1.0596
-0.13079
-1.3413
-0.86391
0.19964
1.5399
-0.20856
-1.8274
-1.3773
-2.5451
1.3291
0.095594
-0.84502
-0.12145
-0.08353
0.22179
0.90393
0.46706
-0.16461
1.405
-0.74359
-0.75567
-0.36087
1.7681
0.31424
2.2794
1.6975
2.121
0.55834
0.70501
1.0878
-1.0625
-0.20724
1.0162
0.76155
0.42487
-1.1201
0.61663
0.3617
0.24623
0.46055
-4.6642
0.015662
1.4103
-1.4359
-0.30026
0.76135
-0.89022
1.9745
1.5742
1.2592
0.48279
-0.99456
1.2076
-0.32317
-0.61416
-0.067896
-3.0368
-0.99319
0.22761
0.61866
0.99383
0.82216
-0.49377
-0.59975
-2.4688
-0.65181
-3.3307
-3.0435
0.66844
0.26407
-0.46272
0.91479
-0.15556
-1.5877
-3.2687
-4.7705
-1.1529
-2.2574
2.9031
0.043103
-0.69844
0.94696
-0.043484
1.08
-1.9226
-1.3604
0.92723
-0.35087
2.6134
1.5404
0.29179
0.060871
-0.15722
4.1325
-0.96003
-1.4887
-1.5295
1.286
-1.9312
0.13481
-0.9142
-0.50426
-0.26641
-0.32256
1.2177
0.3837
0.94955
-0.13942
-0.037439
-1.6794
2.9104
2.3527
3.7047
2.6229
-0.58518
-2.009
-0.94847
0.46746
1.4952
0.47416
-0.86171
0.04522
0.74752
0.50082
0.8254
0.22023
-0.095458
-2.1406
-0.9674
0.72249
0.63413
-1.2379
0.97697
-0.77832
2.1081
-0.21761
1.1754
-0.78127
0.36479
0.59648
-2.1068
-2.0188
-0.72291
-1.3371
-0.3429
0.10165
0.080631
-0.075764
-0.79719
0.20086
-0.019354
-5.3042
-1.8253
-3.8136
-0.46036
1.0182
-2.0336
-0.11284
-0.49343
0.064995
0.99944
0.34575
0.09533
-3.4426
-0.57428
0.92157
-0.82115
-1.6374
4.3251
-1.4634
1.4785
3.2747
-3.0315
-3.3817
10.317
-2.3682
-0.82306
2.0048
0.039764
-0.61378
0.64539
-1.4614
-0.73174
-1.5077
-0.189
-0.0024848
0.30183
0.49126
1.2763
0.45078
-0.20514
-0.15844
0.37874
3.5993
1.9575
-0.34338
-0.12986
0.57363
1.0421
-0.18347
0.23557
1.1448
-1.5038
0.82961
0.36669
0.21719
-2.293
-3.5801
-0.25647
1.3553
-3.5769
1.7138
-0.052589
2.9226
-0.21255
-0.74818
0.74166
-0.98115
-0.84479
-0.52553
-0.57372
0.28237
-3.3248
0.82639
-1.231
-0.31915
0.41915
0.31778
0.036896
-0.65093
-0.20598
-0.24286
0.54048
-2.7449
-4.1547
-2.5188
3.1289
-0.62768
0.51573
-1.1457
-2.5109
1.4837
-2.1123
0.1706
-0.73469
0.04017
-0.48826
-0.0055695
-0.38671
-0.68485
-1.6928
0.74776
-1.2186
1.3045
2.2426
-0.79397
0.76506
-1.6242
1.4822
2.1743
-0.36074
-1.8573
0.87884
-1.5562
0.47065
0.30224
0.0011631
-1.4976
0.40474
0.056874
1.9284
-0.53885
-1.7512
-0.14316
-1.0073
-0.39152
1.0852
0.61247
0.78495
2.0124
0.7015
1.1178
0.6996
1.7436
-0.43619
-0.89342
0.2035
0.39915
0.4317
0.34071
0.2822
0.41734
0.35934
0.59915
0.23962
-1.2111
-0.56511
0.61815
-0.57924
-0.28217
-0.74356
-0.60498
1.863
3.0021
3.4812
2.1014
-1.3637
0.11293
-1.158
-0.99474
0.53756
2.276
-2.2387
-0.15331
-0.2745
-0.83182
-0.46438
0.2519
0.56742
-0.81032
-0.25933
-0.56042
1.0514
-1.3601
0.55764
-3.0207
-1.8724
-1.6643
2.7146
2.0297
-0.97075
-0.68946
1.172
-0.9843
1.8392
0.022447
0.58965
1.6393
0.34683
-0.65171
-1.1956
0.86938
3.1406
1.0585
-1.937
0.067232
-1.6847
1.8623
-3.1713
-0.76241
0.39075
-1.5817
0.078326
-0.59349
0.4242
-1.4932
-0.5398
1.8275
-1.7039
0.76995
-1.5167
1.4677
0.13945
0.97634
0.62125
1.5181
1.3538
0.86542
-0.19354
0.15422
-1.0328
0.049561
-0.63301
3.9066
-1.2806
0.40723
-0.1622
-0.15527
0.098571
1.1255
0.65494
0.99678
-0.70184
-3.5592
0.72931
1.689
0.7782
-4.9651
-0.68901
-0.90568
-0.10538
0.7407
3.5843
1.2042
-0.58012
0.49743
0.16957
-0.48456
-0.76523
-0.38054
-0.12794
0.19117
0.38085
-0.59996
0.36368
0.20711
0.49774
1.9043
-0.42665
1.1267
2.5958
-1.3177
-1.9917
-0.09558
1.5042
-1.4047
0.58088
-0.88837
-0.98399
1.9593
-0.2991
2.274
1.1528
0.21992
0.39
1.2395
2.1983
0.73253
-2.4747
1.3986
-0.38595
-0.4217
1.866
-2.6639
-1.3786
9.2182
-1.3454
-1.1742
-0.30443
0.3464
2.4516
-0.68498
-0.12668
-1.6245
-0.82469
-0.6658
1.4287
1.2881
-0.12285
-0.0018476
-0.20403
1.4882
-0.29941
2.6535
3.0824
1.1597
-1.4403
0.15112
2.1839
2.4035
0.76105
-0.70069
-0.46989
-0.29658
0.15924
0.55941
-0.058949
-0.37359
-0.62878
-2.1175
-1.6096
0.85212
-2.684
-0.30853
0.016434
0.41776
4.7899
1.867
-0.32093
-0.97472
-0.099708
-1.7719
-1.233
-1.7001
-0.96058
-1.1029
-0.1003
1.405
-0.16962
-0.43575
-2.0616
-2.1577
-1.9325
1.3777
2.5139
-2.3288
4.1554
-4.4189
-1.3677
-2.4389
1.5155
4.6282
-0.18711
-0.4288
-0.22362
-0.87687
2.9412
-0.65429
-0.47618
-1.907
2.1282
3.9277
0.60925
-2.1293
-4.5752
1.222
1.4645
1.1124
-0.93272
0.56669
-0.87249
-0.43837
1.8546
0.48242
1.0334
-1.7109
1.8104
0.40292
-0.6993
-0.69027
-0.96083
0.49042
1.5215
1.1035
1.7286
0.15631
0.87551
0.29806
0.84965
2.3973
2.4967
-2.6445
-0.7934
1.8543
0.13701
-0.33097
0.061671
0.29945
0.20794
1.3823
0.93472
0.62715
-3.3983
0.14874
-0.61317
-0.4468
-0.33533
0.079511
0.27352
2.6057
2.5793
0.85753
-1.3614
-1.222
-1.0469
-1.0854
0.19261
0.40054
-0.55053
-0.259
-0.78008
0.43403
-0.84478
-1.3097
0.31017
0.067456
-0.75345
0.018657
0.63961
0.31256
-1.841
-0.78753
-1.2915
-1.2971
2.1982
1.025
-0.29182
-1.2985
-0.79257
-1.2668
1.3827
1.1216
1.5078
1.2931
0.49766
0.30838
-3.9405
-0.30765
-0.65199
-2.9864
-0.33491
-0.54361
-1.1217
0.44611
3.0739
1.7991
1.3528
0.97712
-1.2364
-5.185
-0.8114
1.7452
1.1561
-0.15795
0.80618
0.77558
0.048152
0.60678
-0.45376
0.18282
0.25671
-0.052465
1.0797
-1.5654
0.31725
0.43609
3.4308
-1.0692
0.6156
-1.1821
-0.41571
-0.50612
0.9466
0.17671
-0.33259
-1.1502
0.2137
0.93409
-2.7326
0.50646
-0.025105
1.9071
0.74258
-1.6734
-0.70698
2.7225
2.5694
0.43388
1.6817
1.8314
0.6392
-2.7635
-1.0107
2.7037
2.8862
1.3785
0.57652
1.16
-0.97034
-0.79822
0.84056
-0.17839
-1.3876
-0.092854
0.3791
0.18895
-1.9655
1.6519
3.1251
4.395
-2.8854
-1.6094
3.4881
1.5284
-1.5469
-1.7734
-0.62983
0.19473
0.83423
0.36586
-0.19163
-0.44637
-0.46972
0.93263
-4.0319
-3.4842
-0.21378
-0.62434
0.014822
2.8804
2.1042
-1.5056
-0.63439
-0.81924
-2.2817
-1.9371
-0.12896
0.90559
0.13776
0.44522
-1.3678
-0.37139
-0.0089544
0.25785
-3.571
0.87623
-0.87262
-2.9693
-1.4803
1.8369
5.7325
6.2131
1.5519
-1.6771
0.68825
0.40973
-0.79312
-1.2787
-0.89659
-1.0574
-0.99597
-0.46113
-0.37941
-0.67987
-0.30775
-3.6482
-6.1696
2.0469
-0.43274
-1.7585
-2.3239
-0.53052
3.9754
4.858
5.6985
0.89446
4.4473
3.6483
0.6667
-0.30271
3.0425
1.7378
2.7241
3.5096
1.1096
1.8971
1.5103
0.63774
1.0485
0.46673
1.1309
-1.1781
1.0207
-0.42836
-1.6008
-2.8765
-0.090518
-0.85804
-0.9055
-0.16366
1.8247
0.63521
0.3299
3.6939
2.1737
-0.48935
-0.5315
0.1712
0.72159
0.7139
-0.26033
-0.43242
1.5598
2.427
0.18466
-1.151
-4.3232
0.13578
-2.8936
1.805
-0.4318
2.9759
-2.9388
-2.4922
-2.5763
-0.48152
-2.7018
-0.11979
-0.36451
-0.46522
-1.1765
-0.93205
-1.6827
-2.4058
-1.1934
2.7242
1.4998
5.2178
4.2156
4.882
0.2883
-1.4399
-0.49696
3.3222
-0.47932
-2.3306
0.072061
-1.3833
-1.8791
0.32002
-0.8369
1.012
-1.7919
-4.1809
0.074384
-2.4934
-0.29413
0.030524
-1.6273
-0.0075909
5.2207
7.3587
3.7393
4.1219
2.7527
2.3421
-0.91413
-0.78957
3.2405
3.2126
1.9524
1.736
0.71613
0.10698
0.15792
0.67576
0.32395
1.0596
1.2734
-3.5236
3.8386
-5.7064
-2.8339
-0.58871
-1.4134
0.11849
0.56869
-0.58264
-0.2508
1.4018
0.76806
0.97165
-0.22811
1.0378
0.76252
1.5443
1.2063
-0.17712
3.096
0.024916
0.27792
-0.27089
-1.3759
0.10424
1.7635
1.1743
-2.0895
-1.3392
-8.3428
-1.9907
-1.7552
-0.57849
-0.68368
0.31162
-0.81923
-2.1523
-1.6402
-1.2883
-0.22072
0.64302
-3.1579
-1.5691
1.2328
5.2494
8.2723
-1.8645
-1.932
-0.92385
1.0069
2.6371
0.96184
-0.47282
-2.2754
-2.1349
-0.32417
0.40181
0.18484
0.84047
-0.72278
-1.9103
-3.2121
-1.0707
3.2412
-3.7028
0.20296
-1.4266
-1.5358
5.7129
7.2365
5.8161
2.1827
5.7048
4.3821
0.2527
0.20724
1.6543
2.1233
2.8548
3.9464
3.4439
2.327
1.3047
0.57529
0.1893
1.6867
1.3262
0.27293
1.1554
0.90715
-0.69198
4.6677
-5.9962
-0.32177
-1.5964
-1.3971
-2.1695
-1.7559
-0.0094629
-0.58745
1.5675
-0.37131
-1.2668
-0.28766
0.47907
0.52809
0.30594
-0.70117
-0.24859
1.3111
0.30735
-1.5342
1.2913
1.1012
-2.4464
-1.9612
-1.3999
-1.9646
-0.58038
2.0339
-4.0575
-2.267
-3.081
-0.07708
-3.5967
-2.4214
-1.5934
-1.0635
0.05063
-1.0382
-1.5397
-1.8519
-2.3284
-1.4948
0.25131
0.80747
3.9491
2.0744
2.8862
1.684
2.6058
3.2256
1.4216
1.1588
0.64253
-2.914
-2.3684
-1.2419
-0.84609
-1.4965
-0.85328
-0.64359
-1.5193
-4.1441
-2.8289
-2.0821
-3.1342
0.33934
1.3472
6.5467
9.5814
3.2525
2.0974
4.5073
0.96676
4.4996
3.7477
4.2267
2.2939
1.3558
1.1083
0.40841
0.62531
-0.34527
0.27928
-0.058901
0.20328
1.7526
-4.8837
-1.417
1.3125
0.022353
-2.4425
-0.11874
-0.73117
-1.1967
-0.40793
1.5545
-0.64494
-0.41824
0.33266
-0.65613
-0.33893
0.14874
2.0566
-0.91339
-2.1206
-1.1062
1.7215
-3.6573
-0.093293
-2.8265
0.30171
-2.24
-3.9644
-2.9631
-0.4482
-3.0839
-1.5385
-1.7259
0.48175
-0.2342
-0.33235
-1.2738
-0.93289
-2.2426
-2.2748
-3.6753
2.4092
1.1572
5.3949
0.90089
2.1308
3.5904
4.0748
0.67933
0.29911
-0.7546
-3.5028
-1.3778
-0.79229
-0.8061
-0.89269
-0.87926
-2.0434
0.79593
0.99828
-4.9422
-1.3529
0.23692
0.52237
6.504
5.1711
5.7463
4.0973
4.167
4.1872
3.6628
2.914
3.2257
2.7633
0.723
1.4946
0.61584
0.10699
1.1024
-0.44239
0.47411
0.81517
-0.1179
3.2965
-4.438
-1.9695
-5.528
0.02477
-2.4983
-1.1727
-0.62172
0.70526
1.6286
0.26452
0.15256
0.43076
-0.083268
0.47204
1.2111
2.5173
0.20077
-1.4026
0.5741
0.11422
-1.7253
-4.7979
-3.7067
-1.4516
-0.7113
-6.8415
-1.2811
-2.7442
-4.3489
-3.0922
-1.6335
-0.66152
-0.32704
-0.38693
-1.2573
-2.0967
-2.9183
-1.7977
-0.23219
2.5934
1.6985
1.6449
-0.0095527
4.0978
1.4032
2.0843
1.7972
-0.7529
-2.2221
-2.9997
-1.1089
-0.7633
-1.2529
-0.29927
-1.1578
-1.489
-2.3645
-3.1387
-1.8999
-1.0632
-1.648
3.2483
4.434
10.169
6.2405
2.9544
1.9918
3.8908
3.7121
3.6007
3.6814
2.7069
0.97755
3.0607
1.1192
-0.034047
0.59388
1.0224
0.85722
0.41824
0.25915
1.6953
0.97327
0.5237
3.3763
-3.3759
-1.7035
-0.81843
0.54209
0.74943
-0.51143
-0.32925
-0.9235
-0.78759
-0.75159
0.25501
-0.11536
2.1523
-0.26609
0.25846
-0.44297
-0.19757
-0.20083
-4.8186
-2.4686
-3.2542
-1.1802
-1.8733
-2.3075
-5.4582
-3.6126
-2.123
-0.67945
-1.5558
-0.83149
-0.76128
-0.8304
-1.1567
-2.2471
-1.5228
-0.32722
1.5586
-0.58131
2.0777
3.3695
2.5618
1.9054
2.4675
1.7292
2.4226
-0.26568
-2.2902
-2.6856
-0.3853
-0.54967
-0.85445
-0.88861
-1.3363
-0.32278
-2.8736
-3.8911
-3.6906
-1.6856
0.66313
6.082
5.7466
4.4825
3.0498
2.6565
5.058
2.5907
1.5482
1.2677
2.0152
2.322
2.2295
1.7347
1.344
-0.11591
0.99236
1.0543
0.67258
1.3548
1.774
-4.2625
0.20669
-2.0972
-1.589
-1.4398
0.1161
0.86279
0.2728
1.4464
0.461
0.63751
1.6267
0.022925
0.24638
-1.0013
0.014879
0.43186
1.7343
-0.37533
1.0856
-2.216
-5.8987
-3.2883
-3.3888
-4.2551
-3.1739
-4.7846
-0.75618
-1.0026
-0.88057
-1.5118
-1.6389
-1.673
-2.3556
-1.1672
0.43012
0.21208
0.79149
1.2946
-0.65989
-0.47488
1.4546
1.2094
-1.655
-0.14641
6.8334
3.8859
2.9208
2.1346
-0.8346
0.012221
0.095901
-1.2335
-2.1193
-2.7421
-2.8011
-4.1173
-0.57006
-2.0493
-3.5805
-1.249
1.2443
1.6672
2.6319
3.0022
0.48068
3.043
3.4075
3.4593
5.5861
2.7173
1.9666
0.88778
1.3755
2.8113
2.3212
3.2355
1.4166
0.95621
1.7957
0.034541
0.2066
-0.76945
-3.6654
1.1008
1.1343
1.2988
-1.3351
-1.673
0.099165
-1.6521
0.29483
0.65122
-1.0781
-0.53863
0.27487
-0.33176
0.34194
-2.593
-1.1115
1.4185
-1.209
1.0408
-1.3266
-1.7124
-4.4822
1.7368
-3.5092
-2.8162
-3.5945
-3.8051
-2.8019
-1.3541
-0.89417
-4.494
-1.7042
-2.341
-0.83099
0.96967
-0.28277
-1.14
-1.5785
1.0855
-0.65334
3.0095
2.8615
0.15889
2.0938
4.0552
3.0328
1.7115
1.2318
-0.15097
0.074313
-0.72741
-3.4046
-1.5371
-0.22919
-0.13705
0.4278
-0.4343
-1.156
-0.82532
-5.6689
-2.5337
0.21713
-0.21534
-0.076954
0.66179
2.2207
3.5093
3.5019
0.41768
1.9105
1.6575
3.3594
3.4724
2.5057
3.2961
-0.58485
-1.2778
3.5868
2.2943
0.69471
-0.01022
1.3967
1.6161
-3.2254
-3.9922
2.4191
-1.1274
-2.8136
-0.70557
-2.4414
-1.3796
1.6728
1.5235
2.5323
-0.39671
1.7955
0.59188
-1.0893
-0.37303
-0.25133
2.0927
1.1797
0.4775
1.9319
2.4625
-1.3978
-0.060587
-0.75112
-4.419
-4.107
-2.7036
-1.7783
-1.7741
-3.4587
-0.69896
-1.9454
-2.6218
-3.1225
-2.6149
1.2563
-1.9565
-1.8116
-2.127
-1.4781
-0.89662
-0.71766
0.18413
2.2122
1.624
3.4987
0.46018
2.9206
5.5037
2.5522
0.23483
-0.33427
-1.5167
-0.8905
-0.65062
-1.4929
-0.64338
0.25976
0.56071
-0.89372
-0.9295
-3.0396
-2.7406
-2.03
-0.46984
-2.2591
-1.6018
0.94586
1.2353
2.0812
3.2977
2.9327
1.6798
3.6684
4.0307
3.406
5.1747
4.9946
-1.2546
1.3068
2.9289
2.6092
3.0916
1.3882
0.27942
0.093439
-0.22773
0.41883
1.3595
-1.3082
0.65649
-2.6888
-2.5024
-2.0555
0.30417
-2.4384
1.0901
3.1371
0.072353
0.17878
-2.6512
-1.2031
0.28638
-0.64595
1.6885
4.4919
0.11857
-0.25569
0.48144
-0.95888
-3.7894
-1.1649
-5.5715
-5.1641
-3.2864
-3.1003
-1.7539
-1.5548
-3.4969
-2.0135
-2.9568
-3.3933
-0.95728
-0.94276
-0.33461
0.50436
-0.86443
-0.35541
-1.4233
0.65962
-0.55262
2.0719
4.0457
2.1627
2.951
2.9412
0.6852
-0.01356
3.0795
0.11234
-1.9328
0.32632
-0.06777
0.81779
-0.17864
-2.9711
-2.3626
0.92387
-0.89169
-3.254
-1.7454
1.063
1.094
0.12512
1.3597
-0.069464
0.8441
1.7738
0.99239
3.3293
3.3593
3.518
3.0138
-0.11554
0.76467
-0.084185
0.74886
2.0492
2.6553
0.98075
0.38842
-1.3962
-1.7286
-0.11574
-0.42763
-3.1095
-0.42961
-3.3292
-1.0504
-1.0478
-2.6365
-0.42193
4.3126
1.8423
0.53162
-0.017723
-0.31967
1.2051
0.31413
0.56542
-1.8725
0.39497
2.2498
0.40994
-0.10844
-0.76765
-1.8317
-4.6509
-0.30565
-4.1768
-3.3491
-4.8569
-1.3062
-1.1574
-1.9806
-2.2941
-3.0729
-2.1662
-3.2522
-3.0872
0.86802
-2.5852
-1.3502
0.16668
-0.91121
-1.1075
0.66411
0.87591
-0.29133
2.3146
3.637
3.0326
3.3884
1.679
1.2848
-0.90538
-0.72486
-1.5315
-1.339
-0.80581
0.49575
0.48044
-1.2896
-1.476
-1.5271
-2.7638
-0.67399
-1.5445
-2.1178
-1.0902
1.935
3.9811
2.6387
3.6434
1.8766
2.1496
3.8292
6.0268
4.3225
2.005
3.8983
-1.4034
0.70511
2.4191
2.6043
3.0069
2.5188
1.1495
0.6406
-0.9141
1.5241
0.0045976
1.5052
2.0118
-1.0892
-0.69475
-1.5138
-2.6382
0.88334
0.88408
2.9274
0.34608
-1.0543
-0.9418
-2.1142
-0.35251
-0.43698
1.8452
4.1336
0.27946
0.36144
-1.0303
-2.5721
-2.6185
-1.9797
-4.4821
-5.6017
-4.3031
-1.5959
-4.0846
-0.51873
-1.4171
-2.4696
-2.7272
-2.2675
0.26579
-1.095
-1.566
-1.0804
-0.97294
-1.0107
-1.6591
0.25907
0.32951
-0.6427
1.1196
2.4812
2.6359
2.463
0.077945
1.9691
0.43084
1.5583
-1.5089
-0.92931
-1.0202
-1.2023
1.1877
0.97474
-0.31704
-3.558
-1.5046
-5.3765
0.57908
-0.9734
-0.61806
0.88589
-0.725
2.0555
2.7373
1.8802
1.9545
2.4866
5.3938
3.6084
3.7536
5.1406
0.45573
0.39075
2.841
3.2231
3.3379
2.1386
0.87338
-0.35039
-0.51519
0.80551
1.6453
5.3507
1.2928
-4.0745
-2.0325
-3.3783
-2.8651
-3.5805
0.030239
1.1848
0.85569
-0.21821
-0.49034
-1.3195
-1.3605
-0.27031
0.29201
1.4365
3.8707
1.4667
-0.31139
-0.51865
-2.2904
-2.9153
-1.8625
-5.4615
-6.4466
-4.0243
-2.4572
-0.83539
-2.0651
-1.7655
-4.0174
-2.8155
-3.6127
-1.1827
-0.37984
-1.5501
-1.3135
-0.48049
-1.2615
-1.3119
-0.53774
2.7186
3.6623
3.6614
2.8593
2.5322
0.37242
0.06692
2.0508
-1.0713
-2.2192
-1.9071
-1.6142
0.30986
0.81556
0.30743
-0.02652
-2.117
-2.0408
-2.4791
-3.0639
-2.3408
-0.962
0.71848
2.4041
3.4176
2.9362
2.5335
3.1845
4.1905
4.8684
3.7647
6.3935
2.7833
-1.0083
0.52624
1.2941
3.4744
1.687
2.3201
2.242
-0.55984
1.0584
0.59599
0.0014676
-1.0075
-5.7321
1.9015
1.8067
3.0291
-2.4072
-0.95941
-3.0873
2.6937
1.8722
-1.9981
-1.7765
0.1012
0.8425
0.91417
-0.22235
0.97053
4.5066
0.93186
0.15617
-0.69361
-0.93186
-3.7305
-2.9453
-4.6947
-5.4878
-1.8948
-1.7851
-2.2666
-1.0571
-3.9822
-0.76097
-4.842
-3.0548
0.10429
-1.6632
-1.6295
-2.2627
0.14412
-0.1361
-0.3398
0.083538
0.4749
-0.42455
1.6587
4.0598
2.693
1.7011
3.3998
0.94477
0.75026
-0.22338
1.6356
-2.3271
1.4389
0.47873
-0.013032
0.034373
-0.28642
-0.54035
-0.54255
-3.3738
-0.87245
-2.5775
-0.51104
0.66002
0.13398
0.62351
2.4837
2.6888
0.46689
2.0201
2.5103
3.466
3.3056
3.2091
1.4484
3.3055
5.9536
-2.0753
-0.39123
-0.14299
0.72616
0.82249
1.4833
0.31115
-0.93591
0.12056
-0.019765
1.1348
-2.7185
-5.2343
5.2747
2.2399
2.3455
-2.1627
-3.3819
-5.467
-2.1533
-0.55507
0.82403
0.26096
1.4722
-1.0147
2.5273
-1.9758
-1.6003
-0.96611
0.46506
-0.38621
-1.1229
3.5875
-0.049609
0.25881
-0.34026
-3.2883
-4.208
-4.2357
-2.8302
-2.4049
-4.7626
-3.4717
-3.1206
-3.2776
-2.9913
-5.7413
-0.3358
-1.5934
-2.67
-1.5972
-2.6068
-2.0431
0.47364
-1.5676
-1.2349
0.26491
1.4513
-0.53096
4.1522
4.0939
2.7062
1.8769
3.5033
2.8989
3.186
0.42205
-0.85387
-0.006617
-0.96232
-1.4629
-0.71266
-0.43539
0.024968
-0.2344
-1.4482
-1.8656
-3.4373
-2.6893
-1.4401
-0.14555
-0.85415
-0.039223
0.291
4.1507
3.2364
2.2316
2.6719
4.1576
5.2781
0.53279
2.5955
3.5583
0.33795
0.1707
1.2239
2.5317
1.9093
3.6596
0.92677
1.1672
0.28065
0.71731
1.3469
-3.5604
-5.9845
-4.9255
1.6055
-2.1456
-0.7418
-2.2149
-2.0097
0.87925
2.3431
-0.84765
-0.28497
0.13828
-1.4035
-2.3473
-0.75919
2.8049
4.5817
-1.2757
0.75307
0.41058
-2.3188
-3.7765
-3.0493
-9.0354
-3.8303
-2.7541
-3.0308
0.57893
-1.4549
-4.3413
-3.2655
-3.0579
-4.4525
0.65472
0.36189
-1.3435
-2.3346
-1.3762
-2.0876
-0.18427
4.1172
3.3358
2.9842
3.3412
3.5801
1.2827
2.4873
0.10884
0.7173
0.69352
-3.5819
-3.4061
-0.66527
0.96881
1.594
0.14269
-0.3677
-2.5688
0.065573
-0.5226
-3.2365
0.96422
-1.779
-1.1088
1.8644
1.057
1.6897
2.2172
1.0675
2.3882
4.7927
5.6079
-1.3683
0.75001
-0.36579
3.0629
3.1514
2.5715
2.6839
0.28637
-0.44091
1.8293
-2.5871
-3.0121
2.0872
3.8432
-4.7509
-0.72695
1.0831
-1.5373
-3.4232
3.3328
-1.0113
3.0105
1.9183
1.1336
-0.21795
-1.406
0.67786
0.77614
0.74801
-0.45481
1.4849
4.6665
0.9109
0.027012
-0.20325
-1.7292
-3.7654
-6.2878
-2.164
-2.7699
-3.6718
-3.2102
-3.7138
-1.8196
-1.132
-1.379
-2.461
-1.4499
-1.0115
-0.73499
-1.8353
-0.98319
0.51186
-0.40157
2.703
1.7831
5.6927
1.9017
3.0772
3.4808
2.3672
1.3133
0.5979
2.6808
-2.9827
-0.27108
-0.65412
-2.1259
0.12516
0.075707
-0.57186
-1.2565
-4.7503
-4.2469
-1.598
-2.4768
-2.1667
-2.0652
0.58301
1.6716
2.4707
2.3033
2.5104
4.5263
4.7095
3.6811
5.4275
3.7959
0.42699
1.8453
1.1897
2.3656
3.3736
0.31072
-0.30758
0.025149
1.6004
-2.2048
-4.8582
-0.022779
2.9033
-3.1405
0.69181
-2.5527
-1.2543
-2.5767
-0.67868
0.074924
4.5051
0.987
-0.16257
-0.097518
-0.85866
-1.6323
-0.31363
0.34109
1.582
-1.5129
0.070008
2.2142
-0.00015776
-2.5592
-3.3822
-6.3855
-3.5273
-1.0393
-3.741
-1.3638
-2.3769
-1.8018
-1.7391
-2.5302
-0.71053
-3.2421
-2.1084
-1.4992
-0.23207
-0.25915
-0.46181
0.019519
-0.9594
1.931
4.1499
4.7953
2.0433
3.8793
2.9477
-1.5857
-0.30316
1.153
-3.5113
-2.4341
-0.51414
-0.78751
-0.3108
0.86761
0.34111
-3.8848
-1.9833
-3.783
-0.90434
-0.22657
-1.672
0.16181
1.9491
0.20958
1.7338
2.4928
1.5524
2.0805
1.3559
4.6666
-0.70656
1.3738
1.5417
2.9095
3.3639
2.5025
-0.33108
0.43398
1.5966
0.094728
0.97792
-5.2602
1.1691
-1.0837
2.9375
1.2173
-0.5616
-2.3072
-4.349
-1.1946
-1.0653
1.8913
3.2196
1.7144
-2.2328
-2.8599
-2.0749
0.65192
0.26277
-1.0683
0.76149
3.5372
0.56274
-0.40576
0.97115
-1.8263
-4.2288
-2.5286
-3.9468
-4.2809
-2.9093
-2.0559
-5.0576
-2.5969
-3.4829
-1.8544
-1.1392
-1.2171
-0.52287
-1.0406
-0.8057
-0.47298
1.3355
-2.3857
2.796
3.428
4.3901
3.1357
2.6009
3.3837
3.3968
2.215
-1.0737
0.53351
-5.2265
-0.41462
0.53121
-0.70283
0.3583
-4.3393
-4.26
-3.7047
-2.4113
-1.2061
-1.374
2.6844
3.4883
2.6713
0.90498
2.3897
5.4471
4.9165
1.4046
1.4365
3.9538
0.82591
0.81449
0.87378
1.7458
1.8327
0.60457
0.13385
0.74248
-0.23029
-0.81181
0.67503
-0.83084
0.045019
0.65293
1.5003
1.9929
-1.353
-4.5526
0.77886
1.6342
-0.76788
-1.0921
-2.1997
0.48564
0.6233
-0.41778
-0.62795
-1.9584
-0.42475
1.928
0.77621
-3.8949
-2.033
-8.241
-8.8764
-4.419
-5.0074
-1.9406
-2.5987
-0.99623
-2.4111
-1.9708
-1.3906
-1.3862
-0.85914
-3.1157
-1.8611
-1.1672
-1.3882
0.20664
0.75679
0.71788
-0.25795
0.68944
1.1871
5.4735
2.294
4.1051
0.42832
2.4015
1.7437
2.9564
-0.057351
3.0262
-0.94964
-0.57844
-0.96316
-3.4939
-2.2237
-2.2935
0.2047
-0.87721
-0.49484
1.9433
0.41809
-0.084112
-1.8428
1.7243
-0.34648
1.9887
-4.8978
2.6512
2.2777
2.453
4.8758
1.0152
3.353
0.26446
-0.34229
-0.23176
-0.038272
1.4618
1.086
-0.056999
0.71722
-0.73713
-0.16469
1.3927
2.6345
-3.0269
1.4035
3.7288
-2.1336
-1.1319
1.0561
-1.52
-1.5472
-0.85216
-0.97004
-0.91242
-1.5476
-1.2615
0.35973
-0.95953
-1.5107
0.093569
-0.6452
0.41188
-0.95316
-3.8223
-1.9202
-3.3065
-4.4618
-3.9141
-2.1507
-1.1912
-3.3104
-2.1363
-1.9393
-2.3589
-1.7759
-0.93978
-0.8624
0.14615
-0.064604
-0.37615
-0.29082
1.0205
0.46957
0.73401
2.2923
3.5554
6.2388
5.1317
2.3363
2.1606
3.5549
2.442
1.463
-1.6091
-1.5145
-2.7393
-2.3505
-1.0499
-1.2721
-2.5066
-6.0504
-6.4115
-1.361
-2.0313
-2.0491
-0.95981
0.97654
4.4405
3.8704
1.2267
1.0359
2.0608
-1.3738
1.6513
0.29925
4.473
3.1548
1.2138
3.1779
0.078478
0.038509
0.49921
1.4085
0.87352
0.95498
-0.27111
0.4072
-0.25032
1.7696
2.2756
0.45194
-0.55981
-4.4588
-1.2546
-0.19404
-0.48372
-1.5795
0.18828
1.8183
0.063513
0.22521
0.62451
-0.99711
-0.24429
-0.98332
0.63283
-2.0604
-0.081529
0.18114
-2.4195
0.79273
-1.6402
-0.9274
-3.5687
-3.2627
-3.1903
-1.8347
-1.4187
-0.6145
-1.9497
-1.0065
-1.3366
1.1682
-0.5259
0.54299
1.5513
-0.70477
2.9048
2.0262
5.5814
2.5086
1.5809
2.8852
3.3883
1.0977
0.162
0.50203
-0.80509
-2.4608
-0.88949
-0.80019
-0.6005
0.12438
-0.83749
-0.92471
-3.4629
-0.79812
-2.3552
-2.4215
-0.70647
0.68243
-0.23816
0.38071
-2.016
2.6156
1.7689
3.5448
0.25275
-0.58334
1.2678
4.0292
3.762
0.22161
3.1079
0.13125
0.84226
0.27633
0.46018
1.1686
0.55492
0.85645
0.72676
1.9263
-0.22246
-0.54089
1.3519
-2.0297
-1.9782
-2.6123
-3.3355
0.84881
1.6421
-1.369
-0.1195
1.8612
-0.19952
0.56094
-0.19889
-0.19658
0.71617
-1.0078
-0.078775
1.0559
-1.6727
1.5424
0.38183
-3.8813
-5.0864
-2.8271
-2.3512
-1.4404
-3.2816
-1.927
-0.67373
-1.109
-1.5128
-0.81066
-0.74667
-1.4194
-1.1235
-0.33795
0.16277
0.036969
-0.16007
0.9155
3.1488
3.5586
-1.5056
-1.6361
2.1222
1.9341
4.7689
1.4425
0.33742
-0.90655
0.3081
-0.93156
-0.80422
-0.90098
-0.87529
-0.54429
-1.4225
-2.3866
-6.0389
-1.646
-0.52066
-1.6977
0.12277
-0.86346
1.1686
3.6683
4.1248
0.69207
1.5159
1.2132
-1.3568
1.0206
2.0839
1.9316
3.5412
1.877
1.7053
-0.35488
-1.4569
0.55139
-0.17793
1.0412
-0.47693
0.57658
0.12745
0.43833
0.41732
-0.86539
4.2801
-3.7056
-4.8055
-4.2028
-1.9655
-0.7894
3.5128
1.3626
0.50884
0.66588
-0.26912
-0.38302
-0.63605
-0.1766
-0.11303
0.53508
-1.2677
-0.41235
0.63892
-0.46965
-2.2974
1.2618
-1.612
-0.42041
-2.3389
-0.73971
-2.4528
-0.1506
-0.11891
-2.161
-0.31679
-0.10524
-0.42922
-0.55173
-0.32884
0.49309
1.5073
-0.45618
0.58545
-0.30578
-0.097849
2.1412
2.1117
4.6275
4.5832
-0.69422
0.68599
0.59469
2.7361
2.9237
1.1072
-0.34597
-1.1113
-1.6572
-0.54648
-0.64063
-1.2796
-1.1105
-0.25555
-1.1069
-2.9335
-0.93487
-1.4719
1.3741
0.34715
-0.10256
-0.30679
-1.9737
-0.97719
0.78074
3.2375
1.5021
1.3915
0.11315
-0.89753
1.5074
-0.035869
4.3845
1.086
0.2946
1.2088
-2.8677
0.70279
-0.40265
0.47897
1.1358
0.22174
-0.32475
1.1251
-0.17586
0.59948
1.991
5.7447
-5.9645
-1.7286
-3.7715
-2.061
-2.0101
2.0496
0.89037
0.27393
0.37716
6.036
-1.7281
-1.4101
-1.3778
-0.75475
-0.26291
-0.00927
-0.89442
-1.1596
3.5741
-0.31999
0.89481
-2.2611
-2.0303
-2.9305
-0.13571
0.71185
0.49885
-0.52795
-0.6059
0.74637
-1.203
-0.07344
-1.3187
1.016
0.61581
0.53496
1.3628
0.36477
-0.67893
0.94723
2.6809
4.4854
-2.8347
-2.7709
-0.089093
0.18885
-0.16629
-0.5542
0.048183
0.12575
0.43087
0.2742
-0.32625
0.17067
-1.6281
-0.65312
0.28965
-1.707
0.2601
-0.97453
0.89724
2.8667
2.7317
2.1674
0.25965
0.73334
-0.47911
-2.1119
0.17432
0.042155
1.4017
2.0079
0.49813
-0.82804
0.58927
0.71884
0.4522
1.1307
0.5273
-0.088327
-1.035
0.48931
0.43582
1.5674
0.91487
-3.8273
-2.1205
-2.0021
0.6656
0.32721
0.60339
3.5302
0.93056
-1.3081
-0.06331
-0.18578
0.16319
-0.16312
0.5135
-0.01839
0.23438
-0.17187
0.48994
-1.2675
0.91712
-0.6555
-3.2089
-1.1218
2.368
0.71658
0.32813
0.48598
0.58824
0.83362
0.25214
0.5575
0.16295
1.1164
0.45583
1.3594
-0.50241
1.0041
0.94935
2.5553
4.2524
-1.0656
-2.5035
0.23176
0.33225
-0.1196
0.33678
-0.032567
-0.11528
0.17659
-0.14305
0.5015
-1.6095
-0.82099
-0.30294
0.4806
-1.4219
-0.35838
-0.81682
2.5735
2.3658
1.8325
3.4152
-0.90465
-0.046749
-3.349
-0.85433
2.7555
0.98654
3.1436
1.4853
-0.60314
-0.42177
0.38478
0.33236
-0.26146
1.5552
0.22175
-0.39066
-0.1842
1.3145
1.286
3.0122
-1.6303
-2.4185
-1.1044
-3.1731
3.7332
1.9878
1.2277
5.6673
0.19412
-0.14026
-1.4318
-2.075
0.62409
-1.2371
-0.4229
-0.014009
-0.6075
0.28359
-0.91669
-0.21024
-2.0509
4.1544
2.7966
2.3918
-0.1912
1.335
0.4985
1.0952
-0.18923
0.38911
1.4206
0.9003
0.26202
0.52173
0.97848
0.4401
0.47315
-0.5106
0.6895
2.6206
2.4187
-2.4334
-0.92057
-1.5849
2.9345
1.9651
0.34023
0.80857
0.48011
-0.36136
0.59652
0.50589
-1.9705
-1.3928
1.218
-1.8425
-0.51784
0.0091261
-0.65568
0.045447
2.0491
1.2228
0.062616
-0.63987
-2.0518
-1.6248
-0.17928
0.98678
0.80515
0.24035
-0.31217
-0.35824
-0.040485
0.40057
-0.36843
1.133
0.030568
-1.0717
-0.0077915
0.46755
0.92531
-2.2604
3.0627
-2.8041
-1.4959
-0.35767
1.4866
1.3616
0.83679
3.621
-0.82039
-1.445
-1.5864
0.19453
-1.3488
-1.1915
0.84004
-1.5208
0.050592
0.65774
2.5216
2.1659
0.89434
-0.52873
0.89762
2.0771
0.17072
0.36445
0.93051
0.75381
1.1157
0.024347
0.57307
1.3314
-0.64352
0.24507
0.31644
0.21794
0.68709
-0.077803
0.61189
-0.10907
-2.4802
-1.2042
-1.1322
-0.97195
0.17254
0.62825
1.0155
0.67202
0.20795
0.28931
0.37562
0.70595
-1.7149
3.5807
1.7009
-0.006811
0.02042
-1.0922
0.73997
-0.79926
-0.46194
-1.5336
-1.3903
-1.041
-1.277
-0.15641
-1.2979
-0.57175
0.011417
-1.1068
-0.28269
-1.3082
-1.0078
0.32268
-0.57754
0.29719
0.88006
0.41626
-0.30904
-0.042435
-1.6168
-0.57941
-0.91622
-0.62591
1.0627
2.5745
-0.051874
-0.15698
1.7046
-0.98849
0.52749
1.4341
1.109
0.45209
-0.19336
-1.8299
0.28395
1.0797
0.47446
0.29994
-0.094806
-0.61945
0.55107
-0.75496
1.8469
2.7752
0.36788
0.15089
1.3074
0.15007
0.26046
0.78634
-1.3467
1.9136
-0.20538
0.1925
0.61667
0.38492
0.75916
0.89982
0.98383
-0.093792
-0.45475
4.5156
-1.5384
1.4898
-2.8139
-0.15889
0.69746
-0.7104
0.74211
0.97927
-0.12253
-0.65038
0.61762
0.76965
0.35605
0.024856
-2.4084
0.14098
2.3884
-1.7933
-1.5871
-0.95132
-1.3141
1.6273
3.8862
-0.54439
-0.78807
-1.2885
-1.9374
-1.343
0.096881
-1.2446
0.10009
-1.6269
0.62481
0.47216
-0.15497
-0.7006
0.055598
-0.19574
0.84805
0.1139
1.0911
2.6312
2.8161
0.33331
-0.31961
0.1687
2.2022
1.4245
1.0729
-0.61517
-0.47192
-2.3477
-0.65701
0.61114
0.41593
1.2022
0.31682
-0.24852
-2.4411
2.2138
-1.463
-1.5736
2.0829
-0.19391
-0.11734
-0.25608
-1.8645
2.6045
0.75122
0.062958
1.0238
0.97193
1.4957
0.87719
-0.43319
0.52049
1.1566
0.77687
0.87712
1.3489
-0.01199
0.62777
0.63063
0.56343
1.6178
0.32917
-5.1961
0.0030016
-1.2529
-1.5415
-0.21035
1.7049
1.1124
0.3326
0.29789
0.59398
0.57693
1.5682
0.59102
-0.33389
0.46175
-0.5585
6.0239
1.1696
-0.2872
2.4736
0.73564
-0.1709
-1.0238
-1.5285
0.18376
-0.12001
-1.6676
-0.42238
-2.2266
-0.50408
-1.7653
-2.3346
-2.3655
-1.3815
-1.3954
-0.33559
-0.86567
-0.084965
-0.30444
-0.039273
1.0587
-0.31607
-1.0538
1.7694
-3.0325
-1.0837
1.5477
1.3606
-0.25362
0.40495
-1.1083
0.67505
-0.56682
-1.0375
-0.081931
1.1163
-1.1319
-0.63031
-1.115
1.8472
-1.2
0.82934
0.57678
5.5931
2.282
1.5215
0.14213
1.6199
1.1669
1.2489
-0.30381
1.8113
0.81461
0.65407
1.9098
0.11492
0.6133
1.1463
1.2658
-0.20888
0.098221
-0.32451
0.25439
0.97029
5.5281
-1.1205
0.38887
-1.9685
-2.3096
-1.4217
-0.030289
-0.22587
-0.52729
0.66921
0.30327
-0.3173
0.29245
-1.4138
2.6381
-1.1378
-3.5514
-0.22747
-2.2953
0.11669
2.03
2.482
0.4514
-1.0671
-1.08
-0.80882
-3.0585
-0.43324
-0.68053
-1.0821
-2.0865
-0.42395
0.41835
-0.17988
0.51858
-1.1867
-0.2038
-0.48614
0.65791
2.9682
0.60534
-0.12647
-1.7888
-1.0819
0.3023
2.112
2.6468
0.5189
-0.024521
0.26363
-0.54
0.5756
0.58303
1.163
-0.32852
0.17245
-1.2913
3.0679
-1.5721
-0.87818
-0.4539
-4.3132
3.4639
3.5471
0.22868
0.19193
2.3705
0.20061
-0.17449
3.3681
-1.6526
1.7777
0.89824
-0.74369
0.69373
1.6689
1.3279
1.0317
2.1838
0.086088
0.50958
0.80142
0.26676
2.6319
-2.7984
-1.3464
-1.6917
0.084593
2.5502
2.9449
0.15463
1.2687
0.20518
0.12174
0.5778
0.90462
-1.4249
5.0228
-2.5341
-0.23429
-0.48435
-1.8212
1.4305
1.6236
-0.79125
0.56623
-2.1389
-0.85161
-2.1555
-1.0867
-0.1507
0.66409
-3.3659
-0.1351
-1.2834
-0.19095
-0.45643
0.31556
0.86443
-0.48853
-1.025
0.080654
2.0535
-1.2487
-3.1425
-0.94771
-0.51069
1.4148
1.1592
1.9863
-0.85891
0.68576
1.567
-1.719
1.0239
0.276
0.20176
1.1868
-1.1419
1.4745
-0.84506
-1.9449
1.3479
-1.3843
0.081125
-1.118
2.4244
-1.4444
5.4431
0.57511
1.7593
-0.44901
1.4755
0.36111
-0.22597
3.5369
-2.1662
0.51605
2.0044
0.19315
-0.59353
0.39951
0.76483
1.43
1.14
-0.48814
-0.28324
-0.019788
4.8168
0.23378
-0.14514
-2.6367
-1.561
-0.99665
1.0373
0.41553
1.1962
0.14926
0.50237
-0.17571
0.89908
0.98909
1.1334
0.011631
-0.81092
-1.8264
1.927
1.4576
2.2626
-0.64188
-0.19652
-0.032003
0.18475
-0.36818
2.0719
-0.62137
0.7152
-2.3069
-1.3572
0.38703
-1.8596
-4.0969
-1.8113
-1.3381
-1.0711
-1.1536
-0.013917
1.5075
0.1654
-0.053557
0.027321
0.87798
0.57299
0.43151
0.96726
1.2481
-2.1914
-2.3289
-0.4502
-0.86217
1.7093
1.4401
-0.27626
1.4517
2.3341
-0.32292
-1.478
-0.32201
1.0202
1.3939
0.60781
0.20874
-0.14458
3.027
-1.344
0.92527
-0.67111
0.059789
0.15614
-1.4632
1.7672
7.1004
1.2508
-1.3765
-0.049598
1.6367
-0.32258
0.49316
1.0576
1.8215
1.2178
1.2988
0.27826
0.19515
1.6609
2.1119
1.5588
1.1466
-0.034797
0.92302
2.2825
-2.555
0.091514
-1.6209
-1.4553
1.0791
1.552
0.82012
0.52215
0.57383
0.48539
0.46526
1.1859
0.46751
0.80183
0.76472
-1.3086
0.64526
-0.49016
0.60496
-1.8623
-0.20606
-0.99579
-0.07135
0.99939
-0.83348
0.78348
0.15683
-1.065
-0.091802
-3.5635
2.6808
-4.1923
4.3765
-3.5315
1.0764
-0.82323
0.60123
1.8573
-0.93547
-0.88787
-2.0257
-1.1049
3.5639
-0.35974
-0.73214
4.7575
-2.9918
-2.73
0.39963
1.152
0.9125
1.6335
-0.11798
-2.0174
-1.0501
0.55518
0.75281
0.42086
-0.95273
0.86298
1.2167
-0.35486
-1.871
-1.8589
0.62997
0.80505
-1.6298
-0.38209
2.2306
1.8781
1.0886
0.74473
0.81582
0.79861
0.45155
-0.62863
0.83662
1.0137
0.8064
-0.20249
-1.1362
1.3108
2.1497
1.8209
0.056518
1.5516
2.1667
-0.33991
3.0925
-1.6184
-0.26724
0.94904
2.3308
0.13379
1.3845
-1.1527
0.39976
1.0943
-0.4487
-0.20614
-0.13174
0.51253
1.1269
0.28706
1.9415
0.99069
-1.6015
-0.39545
3.3667
3.8029
0.14734
-1.8186
0.20253
-1.7528
-2.5566
0.23744
-2.0075
1.3915
-3.05
-0.47206
-0.23724
-0.79634
-0.84925
-0.99708
-1.1693
-0.42514
-1.3785
4.5043
0.076749
0.54995
-1.5027
-0.14084
1.2406
0.53411
0.576
-0.68735
0.27814
-0.42287
-0.17759
0.11538
0.17782
-0.34398
-0.47393
-0.56125
-1.5246
0.74869
-1.6203
0.41251
-0.40041
-2.1646
-4.4323
3.8189
1.5632
-1.8746
1.7002
-0.30271
1.486
-1.0442
2.0131
-0.55157
1.4063
0.10518
-1.1216
0.35584
1.2104
1.0875
0.81947
1.3118
-0.53943
-0.1222
-0.20678
1.372
1.3916
-4.7646
-2.1672
-1.1595
0.38336
1.3323
0.99636
1.4463
0.67697
0.8573
1.0241
0.55033
0.32423
0.21763
6.4786
-1.0239
3.6915
-2.3542
-1.3347
-1.2152
1.41
1.1788
1.0359
-1.1537
-0.60264
-1.7717
-2.8566
2.2189
0.40384
1.5083
-2.8912
-0.71707
-1.0438
0.20697
-0.16366
-1.3682
1.203
-0.35084
-0.22775
-0.60739
0.48544
-0.50406
0.79302
-0.77473
-1.0152
-0.22146
2.1666
0.043228
1.28
0.63839
-2.5847
0.25063
0.91107
1.1507
0.23889
-0.27401
0.1749
1.3791
0.56331
1.1872
-1.3387
0.38997
-0.20606
4.4799
-0.40975
4.8016
1.2141
-1.0407
0.40262
0.90796
2.31
-0.16372
0.071006
-0.50782
-0.63823
0.10267
0.4825
0.91524
0.99273
1.2392
-0.26504
0.46309
-0.61782
0.47007
2.13
-0.82935
0.023754
-0.92286
1.074
0.63966
1.0855
0.58432
0.22064
0.0018599
-0.16986
0.61479
0.20178
-0.3735
0.7104
-1.1959
2.6785
1.6355
-1.215
-1.0211
1.2893
1.3636
0.32188
-0.8483
-1.6481
0.63488
-0.93816
-1.305
-2.5518
-2.7086
-1.287
-1.1296
-0.91718
-0.26193
0.21351
-0.079086
-1.5059
-0.41094
-0.37169
-1.6545
1.3844
1.5055
0.93649
-2.0413
-3.1829
-0.13404
0.45245
1.6995
1.423
1.2766
-1.3522
-2.5916
1.4493
0.47383
-0.18322
-2.2304
1.8728
-1.7486
0.62625
1.0891
0.86603
-0.65006
-2.8744
-2.7732
-0.34411
0.95786
2.2983
-0.64184
0.80568
1.9782
0.61001
-0.7823
1.9265
-1.445
0.77713
0.038814
-1.0338
-0.22113
1.0472
1.3989
1.8229
1.0111
2.5502
1.7229
-2.6005
-2.1646
0.91163
-0.25331
3.4879
-0.71918
0.56759
-0.31261
0.53043
0.68625
0.43174
0.052634
0.50753
0.16315
-2.3549
1.6456
-0.1373
-0.16466
-4.5683
-1.5688
-0.5761
-1.4233
3.2283
0.79476
0.55921
0.37843
-1.0482
-0.26496
0.1491
-0.22838
-0.61862
0.18264
-0.43638
0.051263
-0.63968
0.025594
0.048571
0.20979
0.85386
-0.21156
0.94675
-2.6562
1.0585
-0.19637
-1.2698
0.13718
0.13869
2.6334
-0.60063
0.68213
-2.9948
2.6463
-1.3054
-1.743
0.69044
0.46494
0.24388
-0.019189
2.5181
-0.051175
0.047889
3.0049
-0.82937
0.72228
-1.8114
-2.1742
3.7207
3.4254
2.1428
0.35831
2.3297
-0.45476
-0.38433
1.8058
-1.3942
0.97916
-0.56232
-0.91266
-0.62452
0.59065
0.68586
-0.29159
-0.3777
1.2614
-0.94301
-0.6519
0.43479
-1.226
-1.7409
1.8059
1.1032
2.0898
-0.76145
-0.10218
-1.0103
-0.20911
0.92643
0.4699
0.64663
-0.48541
0.37025
0.12258
-0.29235
1.341
-0.79508
-2.4904
0.0033752
-0.064066
1.7966
1.5547
2.5174
-0.189
-0.59715
-1.9845
-1.2133
0.93421
-0.67619
-0.93251
-0.96532
-0.76813
-0.65934
-0.45462
-1.1933
-0.68746
-0.96478
0.5889
0.66482
-1.6447
-1.5211
1.6472
3.2323
3.0194
-1.3902
0.63809
-0.38536
0.15059
0.085157
-1.9606
0.21604
0.49625
0.059711
-0.0029579
-0.44954
-1.6713
1.9585
-0.85061
0.46064
0.71049
-1.6705
-1.0819
0.098503
7.4
1.6611
-0.49889
4.4937
-2.7954
-3.298
0.28417
0.48124
1.0297
0.60026
1.3678
0.26593
1.6733
-0.66834
1.2736
1.0818
0.51545
-0.90227
1.7589
2.2796
-0.89357
-0.59503
-1.8987
-1.9209
0.14621
2.7845
0.34665
0.1741
0.51654
-0.26268
-0.66233
-0.18325
0.097981
-0.27379
-0.10283
-3.8265
1.7555
-0.1398
-3.3184
-2.0237
-1.0179
0.1543
3.7944
3.7003
0.73044
1.8027
-1.0897
-1.7006
1.7495
0.76731
6.0496
3.674
-0.10443
-1.2833
-0.67449
-0.22617
2.1837
0.61929
0.4896
0.7736
-0.61619
0.022478
1.2822
2.1915
0.4062
1.4411
-0.46901
-3.9069
4.1952
-0.89893
-0.59149
0.30098
-1.1081
-0.55616
0.50389
1.0524
0.59248
1.0217
-1.0919
2.6446
-0.094544
-0.15877
-0.13493
-0.44912
-1.2021
-1.6054
2.7006
-0.032916
0.41492
1.7259
-1.5243
-0.32866
1.2918
0.92788
-0.33343
-1.226
-1.6583
-0.90575
-4.6123
2.1895
0.83323
0.2767
1.0423
2.8607
-2.1113
1.0801
-0.12264
-0.96951
-1.4339
0.27035
-0.86793
-0.16196
1.0761
-0.28106
0.25215
1.342
-1.6207
0.021871
-0.23209
-1.353
1.9412
-3.3198
-1.5049
0.45879
-2.2386
-1.1577
0.24787
3.0581
4.8388
2.1382
3.0354
0.015981
-1.6103
-0.31566
-0.27533
0.077974
4.9819
3.6623
-0.11072
2.0042
-0.65894
0.29548
1.9758
1.6112
-0.23915
-1.5294
-0.51232
2.5571
-1.022
-3.0928
-0.17758
-4.237
-4.3973
1.8734
1.773
0.47553
0.55886
0.87889
-0.054572
1.8474
1.2366
-0.64937
-0.29498
0.087647
0.76104
3.7991
0.49991
-1.2573
0.53983
-1.032
-0.3738
2.4814
1.925
-0.78934
-4.8635
0.56686
-2.7063
-0.22075
1.1551
1.077
-0.77237
-1.4869
-1.2919
-0.4187
-0.88976
0.049591
4.3315
1.9498
3.1941
0.4289
-1.1414
3.4915
-2.383
-2.0171
-0.41089
1.7459
2.7615
0.50479
-0.058346
-1.7685
-1.2876
-1.5681
-0.47717
1.1308
-1.3856
-0.19161
-0.8851
-3.4197
1.2707
0.88012
-1.6625
-2.1112
0.89434
-0.18452
3.2796
4.9953
2.9882
0.31575
-2.1484
-1.0902
1.5337
1.7125
9.2815
5.0505
2.0093
0.76839
1.5626
2.4392
1.3438
-0.31331
-0.014552
-0.050232
0.3986
0.018547
-0.67189
7.6223
-2.2359
0.84706
-1.4139
0.67301
1.2765
0.049887
-0.527
0.12312
-0.30724
-0.32876
-1.5801
-0.4731
-0.16208
0.50672
0.12152
0.49532
-0.078174
0.15862
1.9209
0.10019
-2.7153
-1.2128
-1.7876
-1.7562
0.90481
-3.855
-5.4998
-4.6446
-3.756
1.949
0.043466
-0.41697
-1.6554
-1.4864
-1.3342
-1.1893
-0.6134
-0.86925
-1.4523
-2.709
-0.52559
2.2287
4.5023
0.79445
2.4295
0.21195
-1.073
-1.3644
-0.42895
-2.4525
-0.71216
0.85889
2.8734
-1.9218
-0.69008
-0.40659
-7.3366
0.99397
-3.764
0.2963
-1.0679
-0.28966
1.0206
3.5837
7.6456
8.035
4.6724
-1.5652
0.38304
4.5293
2.582
1.1204
0.74311
3.3022
2.8027
2.2477
1.764
1.4684
-1.3849
-0.47145
0.19102
0.15172
-0.24795
0.47053
0.82935
-3.3827
-5.8946
-0.93733
3.4641
1.2633
-0.41139
-1.9151
-1.0019
-0.032854
-0.55129
-0.31887
-0.075825
-0.47456
-0.058035
-0.26841
-0.13358
-0.70439
3.2433
-1.5411
-3.7837
0.86065
1.188
-1.9436
-1.6857
-0.48072
0.30285
-2.6551
-2.3561
-0.66422
-0.42986
0.81685
-3.1751
-4.5097
-0.66781
-3.0115
-1.8275
-2.8639
0.74261
2.6802
1.3932
-0.31553
-1.6108
-1.573
3.6049
2.3957
-3.3458
0.46125
2.3972
-0.37982
2.112
0.73393
-0.89623
-1.893
-0.72473
-4.2827
-0.57274
0.072307
0.072986
-4.1856
-6.5598
-1.548
-1.3765
-1.1131
-1.6203
3.4887
7.0729
9.7803
5.5084
5.3793
-0.39163
-1.394
2.7009
1.5293
1.2197
2.2933
3.3585
3.5169
2.1347
2.2617
1.1429
0.64259
1.033
0.53679
1.3452
0.40017
1.0658
0.50472
1.4578
6.3573
-0.1318
-0.25357
-0.5359
-1.2899
-0.8017
-1.1663
-1.4815
-2.1889
-0.67615
-0.21431
-0.3196
-0.17679
-1.2223
-0.10735
2.1898
-1.811
0.80706
1.3743
-1.3167
0.84343
-1.7192
-3.0933
-2.7303
-2.529
-3.795
-2.3468
-2.2121
-0.68726
-1.0587
-1.2841
-1.9651
-1.1631
-0.53513
-1.0866
-1.6747
-1.5135
-0.78439
1.3257
0.8933
3.4854
-1.7552
0.24404
0.1209
0.67144
7.9156
5.2569
1.564
-0.012771
0.13389
-4.4248
-2.8134
2.1035
-2.3084
-1.742
-1.0786
-3.0122
0.01929
-0.69964
-0.76438
-0.82155
-0.50285
1.3219
5.6796
2.6308
1.4574
2.3798
3.603
-2.1836
-1.4597
3.1219
2.0586
0.8998
1.5364
3.1446
0.83727
1.4948
1.2832
0.52146
1.0875
0.45489
0.73938
0.72288
0.35347
0.74152
3.6353
-1.6971
-4.3007
-1.3776
-0.10037
0.6048
0.67752
-0.36951
-1.9247
-1.8881
-1.8556
1.1296
-0.16592
-0.29551
-1.8209
-0.10292
0.18118
-0.12233
-0.77298
1.1567
0.48836
-2.7307
-1.3206
-3.5029
-2.0824
-0.38005
-4.6715
-3.3894
-3.3578
1.3138
-3.0052
-2.7336
-2.35
-0.73282
-0.37739
-0.46381
-0.96913
-1.1993
-0.74426
-0.80883
1.7604
0.76593
2.9165
-0.43034
5.5783
4.4025
0.59152
-0.68617
-1.4418
-3.531
-2.4605
-0.85518
-0.85588
-1.9062
-3.338
-1.0935
-0.62434
-1.1318
-3.0162
-4.2875
0.23202
-0.1859
-2.0764
5.2089
3.9983
7.3519
7.2754
4.545
2.3249
0.8176
1.0862
2.0298
2.1631
1.6795
3.0432
2.3279
2.0027
2.2816
1.1902
1.8695
1.6386
0.1814
0.72395
0.69782
1.5463
-0.0052757
3.4547
-4.3307
-0.82714
-0.041708
1.4478
-1.2769
-1.9618
-2.0081
-0.28455
1.5159
0.084773
-0.40127
-1.087
-1.1896
-1.1567
-0.63526
0.86384
-0.7332
-0.17462
1.1579
1.3975
-0.68283
-0.03744
-0.20939
-1.155
-2.2745
-2.8611
-3.5085
-1.2857
-2.3963
-3.1784
-3.7055
-0.90017
-1.472
-0.9847
-2.4343
-1.5229
-0.04005
-0.45877
-0.46715
0.48601
-1.5906
-1.6426
1.3307
0.34052
-0.78201
0.97126
6.5778
3.5135
-0.061849
3.1984
1.1503
-1.8376
-0.75879
0.90981
-3.5177
-1.2415
-1.6039
-1.2324
-0.73624
-1.3858
-3.0096
1.6992
-1.9701
-0.75633
-2.0718
-2.2523
1.3174
3.8486
5.204
6.5988
6.436
3.5463
1.0438
-0.66703
1.7727
2.6764
3.8466
1.9306
1.6336
2.8943
1.6346
2.0725
1.379
1.2473
1.3734
1.1572
0.94893
1.0539
0.7372
1.0733
1.0827
1.7116
-0.33288
-1.61
0.80199
1.7285
-0.53634
-0.60881
0.080267
0.55841
0.36124
-0.52785
-1.2025
-2.2228
-1.8027
-1.5815
-0.74623
0.33446
-0.14729
2.5393
-1.8575
-0.10894
-1.9513
0.83765
0.49297
-3.5631
-3.2945
-2.2919
-2.855
-3.4636
-3.3324
-3.0356
-2.2079
-3.435
-1.211
-0.5454
-0.51227
0.14896
-0.68402
-1.2322
-1.7074
-1.1705
-0.70008
-1.2083
3.0832
2.3625
0.65915
1.0642
-1.5201
5.7754
3.3049
4.398
3.8756
4.1313
0.47312
-3.2958
-0.7695
-0.72003
-3.0939
1.1387
0.64413
-1.0224
-0.51018
-1.3601
-3.0276
-1.0681
-2.6584
-4.4541
0.04478
-2.2876
0.10394
3.2731
7.2937
5.8552
2.3415
6.8246
0.014985
-0.30167
1.1837
1.1303
2.4569
4.3532
2.5878
3.0116
2.1589
1.5782
1.4178
1.1794
1.0668
1.2768
1.1854
0.77082
-0.074334
0.48765
1.0753
1.3356
-0.16217
1.3722
2.2421
-2.1639
-1.0346
-1.315
-0.070414
-0.93629
-0.54884
-0.53999
-0.64109
-0.23805
-0.44016
0.43769
-0.76007
-0.66311
-0.35886
0.60391
0.17106
-1.6546
-0.18103
-0.24824
-1.8802
-2.5658
-3.9523
-3.1845
-0.46213
-2.9381
-1.6959
-2.7242
-0.59604
-3.8696
-2.3243
-1.4578
-1.4975
0.20928
-0.46276
-1.0552
-1.843
-1.0077
-4.1877
-0.50542
3.4125
1.4096
1.4302
0.39541
-0.68234
1.6128
3.3877
5.9172
3.6989
4.5587
2.1912
-2.3693
-0.58654
-0.64465
-3.001
-0.34791
-2.9358
-0.77596
0.30176
-0.40152
-1.1323
-1.7854
-2.3784
-1.9455
-4.25
-0.59172
3.2408
6.8592
7.2014
4.3488
4.4148
1.066
2.4901
0.37102
0.38156
2.6211
3.4968
3.2992
3.2157
2.5971
0.71205
1.5617
1.3711
1.0127
1.1919
0.16832
0.8454
0.81897
0.71334
1.8862
-3.2285
1.3036
0.67159
2.0346
-0.36519
-0.22621
-1.0406
0.33793
0.052238
0.38952
0.067289
-0.98465
-1.008
-0.19653
0.0076402
-0.58323
-0.18088
-0.11664
-0.014485
0.098367
-1.6391
-1.2268
0.46607
-1.5253
-1.3635
-4.2214
-1.8489
-2.715
-4.4596
-1.2057
-4.4244
-1.3896
-3.6429
-3.2414
-1.5908
-0.44708
-0.37443
-0.74528
-0.67707
-0.90527
-2.1902
-3.8805
-1.1946
2.7916
1.7738
1.0415
0.3065
0.26304
-0.87964
4.7499
6.0155
4.2426
5.1821
1.6781
-0.06358
-1.4549
-2.5807
-4.8308
-2.0269
0.99301
1.0914
0.14246
-1.4396
-1.3257
-2.8933
0.55974
-1.6629
-6.9629
-2.7512
-0.47221
4.3829
4.5441
5.4914
4.9471
4.6751
3.4088
1.7126
-0.96789
-0.21708
3.0715
3.7153
3.7041
3.515
2.133
1.9371
0.83363
1.4012
1.8772
1.7565
0.3803
0.10621
0.77918
-0.16517
1.0055
1.3926
-5.679
-1.2767
-0.25922
-2.1943
-1.0097
0.13755
-1.152
0.48953
0.50175
0.86665
-0.70635
-0.21032
0.21362
0.67129
0.3212
0.21833
0.4146
1.9445
0.92775
-0.89338
-1.0206
-0.46237
0.11807
-0.73
-3.5211
-3.3933
-2.5789
-1.8481
-0.55699
-3.2527
-0.38709
1.1666
-3.1652
-1.2066
-0.74878
0.19011
-1.5459
-0.64028
-0.91344
-1.7183
-0.62171
0.24981
4.1869
1.4393
1.3981
1.1255
-0.44256
-1.1114
3.2531
2.5551
4.5615
5.5881
2.2035
0.58742
-1.1009
-1.974
-2.1944
-2.5992
4.762
-0.58111
-1.9141
-1.1885
-1.6896
-1.2018
-0.37303
-1.6295
-3.0426
3.0446
0.25978
-0.37053
4.844
4.3754
3.2321
0.813
2.8057
1.634
-1.5973
-0.64257
-1.4064
2.7849
3.1131
0.7733
2.2628
0.40607
0.41291
1.3703
0.14799
0.80235
1.3667
0.15738
-0.072905
-0.56964
-0.33433
-0.25817
-2.9003
-2.2294
1.4177
1.0901
-2.1253
-2.1923
0.38103
0.82988
0.45554
0.6784
-0.063243
-0.42447
-0.5843
0.083961
-0.24782
-0.50522
1.4695
-0.36956
1.3244
-2.1764
-2.0608
-0.16615
0.74764
-1.0445
-6.8547
-2.0852
-3.2016
-2.9891
0.62434
-1.6286
-1.0156
-2.1251
-1.9928
-2.27
-0.5406
-0.43847
-0.46234
-1.1229
0.46138
0.91305
-1.2848
-0.4918
-2.8788
1.0373
-0.063571
0.77033
0.28041
2.8787
2.3367
3.8198
2.5156
3.2444
-1.3318
-0.43475
0.157
-1.3336
-1.1626
1.4067
2.0542
-1.4698
0.074602
0.025049
-1.1743
-1.1932
0.3958
-9.6298
-3.9414
-1.5495
-1.2921
4.6125
4.4027
3.0601
4.9583
0.81891
-0.062534
3.9413
-0.41327
0.022396
1.3135
2.5423
3.0427
4.6812
3.6049
1.3897
0.30927
-0.5624
1.5752
1.3923
0.19233
0.42461
0.036524
1.0375
-0.51393
0.33101
-6.1149
-2.8082
1.8241
2.0061
-0.78793
-1.3494
-1.125
1.642
0.84001
1.8554
0.91231
0.10428
0.30891
0.013582
0.88341
0.21415
-0.14395
-2.3728
0.90965
0.61774
0.018344
-0.17047
-0.79475
1.3979
-2.2466
-1.5403
-4.8255
-2.1602
0.64007
-2.8885
-1.181
-0.92592
-4.0332
-2.5107
0.023811
0.32345
-1.2049
-0.59154
-1.9164
-1.1182
-3.8474
-2.1331
-1.3262
-0.32956
0.27418
1.2749
0.32456
2.8208
1.7576
1.0796
1.7836
2.1341
0.57796
1.4937
0.84374
1.2372
1.2355
1.6193
1.2549
-0.73582
-0.53002
-1.6849
-1.8498
1.1149
-0.80616
-6.3556
-3.2125
-0.67701
1.5503
5.6473
4.6905
3.4456
1.8966
-0.35774
2.5676
2.1436
-0.087905
-0.047368
0.98403
0.32124
2.2214
1.0321
0.84689
1.0035
-0.32195
-0.14521
0.66199
0.4851
0.2649
-0.47672
-0.31073
0.66055
-1.5151
-9.8
-0.68999
6.3797
-0.53037
-1.8774
-3.2302
-1.442
0.46565
1.9669
1.5893
-0.43156
-1.0546
-0.44738
0.16887
1.0001
0.83664
0.28936
0.23566
0.33352
0.20372
0.36036
-0.39148
0.12561
0.044957
0.15703
0.80311
-0.4735
0.39331
-0.37204
-0.085952
0.12394
-0.17578
-0.52173
-0.39024
-0.6413
-0.90458
-0.55996
-0.97599
-0.2655
-0.24466
-0.28204
-0.41728
-0.28697
-0.076963
0.081003
-0.045647
-0.042313
0.043617
0.19542
0.06392
-0.0015504
0.13747
0.47874
0.22177
0.27349
0.40038
0.39207
0.26482
0.17821
0.12854
0.17308
0.081622
0.016022
-0.090217
0.018917
-0.10123
-0.066255
-0.18159
0.15834
-0.091272
-0.029171
-0.12534
-0.16614
-0.018902
-0.17302
-0.14707
-0.14175
0.0011543
-0.10835
-0.078333
0.12296
0.15826
0.098804
0.11476
0.16348
0.042532
0.12583
0.075477
0.19084
-0.14741
0.054969
0.15315
0.041155
0.0030393
0.17384
-0.020478
0.12409
-0.036581
-0.34623
0.044341
-0.058277
-0.23367
-0.044395
0.064301
-0.34971
0.14087
-0.10566
-0.089918
0.37734
0.12086
0.15895
0.42242
-0.022462
0.053891
0.26053
0.15869
0.23951
0.24387
0.26356
0.22832
0.24336
0.24983
0.15102
0.073613
-0.10408
0.024395
0.0019958
-0.080224
0.035177
-0.14522
-0.13286
-0.17872
-0.12847
-0.15093
-0.06911
-0.18455
-0.0087803
-0.01429
-0.041492
0.15335
0.025458
-0.019877
0.088296
0.39543
0.31021
0.26852
-0.1929
0.28615
0.43161
0.43966
0.25622
0.3395
-0.076332
0.28419
-0.11965
-0.18668
-0.01354
-0.039158
-0.18275
-0.26573
-0.18639
-0.55548
-0.22757
-0.25319
-0.27579
-0.31898
-0.20666
-0.3624
-0.20252
-0.066431
0.27457
0.16818
0.25143
0.21718
0.25759
0.46361
0.19131
0.35865
0.33855
0.1773
0.23167
0.15607
0.21103
0.17953
-0.0060024
0.19267
-0.090684
-0.063461
-0.30719
-0.21613
-0.082395
-0.1714
-0.47993
-0.18956
-0.2606
-0.31354
-0.19985
-0.066336
0.24349
0.13441
-0.14516
0.16422
0.27919
0.34723
0.29257
0.18177
0.30386
0.26627
0.20807
0.29747
0.12932
0.069463
0.20359
-0.036469
-0.016888
-0.017743
-0.10293
-0.033827
-0.091353
-0.18708
-0.052371
-0.18266
-0.096703
-0.083981
-0.075183
-0.016414
0.20207
-0.054828
0.14739
0.0052885
0.1206
0.13878
0.10478
0.24974
0.14914
0.14951
0.19457
0.14909
0.13187
0.15969
0.091772
0.098873
0.028147
0.17305
-0.044472
0.12302
-0.11713
-0.11876
-0.12127
-0.078992
-0.16634
-0.5268
0.0072483
-0.186
-0.072765
-0.047948
-0.075243
0.040999
-0.049201
-0.023369
0.1095
0.099602
0.15486
0.22887
0.1114
0.22599
0.1852
0.17295
0.14232
0.036023
0.20459
0.074632
-2.4991e-05
0.16376
0.037859
-0.053523
0.023151
-0.092386
-0.048136
-0.082055
-0.12912
0.069572
-0.068116
-0.085908
0.08961
-0.052463
-0.058974
0.20706
-0.031923
-0.11662
0.028542
0.11657
0.24069
-0.08391
0.25676
0.14764
0.056286
0.23214
0.071079
0.022688
0.16025
-0.0059321
-0.0032132
0.086982
0.0043209
0.13106
0.053539
-0.10478
0.038072
-0.058746
0.040691
0.023676
-0.15899
0.078738
0.00059363
-0.03858
0.14491
-0.12072
0.079845
0.023679
-0.01486
0.094777
-0.066082
0.13675
0.11598
0.05423
0.11283
0.13616
0.062058
0.054066
0.064956
-0.10344
0.25918
-0.13662
-0.0021037
0.14447
-0.036058
0.1418
-0.52076
0.12388
0.20494
0.035649
0.16421
-0.20503
0.11044
0.076469
-0.079726
0.015124
0.05708
-0.039485
0.10007
0.075915
0.0056859
0.20316
0.0065122
0.031474
0.12969
-0.0040197
-0.074773
0.14689
-0.076518
0.10012
0.01985
0.022446
0.062066
-0.10669
0.093796
0.0022319
0.061502
0.071893
-0.072117
0.041718
0.035291
-0.021813
0.030192
0.028066
-0.0238
0.16549
0.033866
0.058572
-0.0088946
0.1349
0.1008
0.045238
-0.010091
0.11246
-0.032384
0.12665
-0.0011909
0.005695
0.15168
0.025355
0.033021
0.10621
0.01614
0.054779
-0.050896
0.061624
-0.016617
0.013288
0.035626
0.011547
-0.0076638
0.031688
-0.063841
0.12615
0.087808
-0.059237
0.079496
-0.062107
0.12392
0.20647
-0.03114
0.094537
-0.024648
0.022925
0.17029
-0.18006
-0.036455
0.22221
-0.11013
0.097899
-0.045686
-0.062672
0.1532
-0.091938
0.039472
0.16232
-0.10242
0.11857
0.10186
-0.011812
0.081281
0.0098884
0.094236
-0.047474
-0.0068666
0.10735
0.026643
0.022932
0.041532
0.089892
-0.042402
0.11517
-0.13249
0.11458
0.0051976
-0.089639
0.10134
0.049511
0.031718
0.050491
-0.075095
0.14686
0.15048
-0.078134
0.016368
-0.01352
0.095121
-0.027605
0.0022113
0.14553
-0.08593
0.019562
0.12055
-0.00048545
0.048001
0.1304
-0.059281
0.14789
-0.012442
0.066661
0.063135
-0.041745
0.015598
0.00034927
-0.057023
0.15994
-0.15651
-0.061852
0.082657
-0.041113
-0.04563
-0.0081311
-0.014749
0.11252
-0.025704
0.042727
0.14218
0.075707
0.05787
0.11331
0.024677
0.20651
0.095064
0.018351
0.12073
-0.037141
0.021695
0.029003
-0.076211
0.033667
-0.055069
0.023375
0.10415
-0.042184
-0.016917
0.10412
0.084527
0.027372
-0.046784
0.047949
0.12203
-0.05982
0.033919
0.1696
-0.02026
0.064106
0.0078467
-0.01244
0.18975
0.0005331
0.042937
0.14672
0.0084708
0.177
-0.020539
-0.04201
0.16023
-0.070535
0.076184
0.021902
-0.19656
0.14174
-0.028975
0.02107
0.043462
-0.090583
0.17903
-0.066631
-0.031458
0.10304
0.063439
0.055198
0.055006
-0.048093
0.09183
0.068733
0.041207
0.08817
0.00086234
0.038975
0.11088
-0.06031
0.15992
0.053524
-0.036114
0.11853
0.0082974
0.010889
0.098125
-0.08264
0.07113
0.17566
-0.034989
0.12813
0.048431
-0.02679
0.096919
-0.073513
0.032195
0.020404
-0.027642
-0.0057012
0.046178
0.093974
-0.0080281
-0.041256
0.10539
0.011275
0.031674
0.090564
0.033837
0.10059
0.045797
0.04073
