0.045171
0.057453
0.061416
0.040619
0.056211
-0.0036733
-0.045813
0.062982
0.068926
-0.036773
0.055617
0.0092265
0.050623
0.044391
-0.0029592
-0.0073899
0.029484
0.019836
0.12383
-0.030166
0.12731
0.11393
0.012277
0.087408
-0.021364
0.064235
0.023827
-0.0076431
-0.024648
-0.052768
0.060791
-0.12537
0.071626
-0.019039
0.0082409
0.10784
0.0063156
0.011003
0.10141
0.011612
0.066863
0.022827
-0.081158
0.13129
-0.016919
-0.029832
0.053864
0.00083238
-0.03191
0.056861
0.010714
0.062932
0.067474
0.063862
0.089163
-0.044229
0.079359
-0.016376
0.076927
0.015344
0.063055
-0.034659
0.054654
-0.014772
0.016889
0.046813
-0.033897
0.039123
-0.011306
0.094822
0.021936
0.07365
0.071423
0.03686
0.056848
0.13262
-0.053327
0.032652
0.078354
-0.055668
0.038005
0.041158
0.0085108
0.070913
-0.038381
0.030585
0.10844
-0.044642
0.026612
-0.015042
-0.037587
0.19972
0.018897
0.011365
0.083639
-0.04605
0.076318
-0.0070486
-0.014513
0.13582
0.024323
0.1024
0.06307
-0.069881
0.02103
-0.046661
0.0085997
0.016166
-0.030678
0.052782
0.095046
0.0020966
-0.0019051
0.027971
0.07052
0.084295
-0.1109
0.03352
0.064039
0.01624
0.0018293
0.098826
-0.012119
0.044093
0.037388
0.019721
0.047958
-0.053615
0.099577
0.013514
-0.074318
0.059206
0.024712
0.037067
-0.018498
0.018654
0.053141
0.023711
0.033275
0.13643
0.072809
-0.026241
0.10428
0.00061033
0.10862
0.024532
-0.05395
-0.0851
0.11802
-0.079549
0.073968
0.091769
0.01762
-0.0066281
0.10073
-0.011899
0.076326
0.028185
0.018938
0.099939
0.0043789
0.018818
0.055282
-0.0099728
0.037608
0.086643
-0.015234
0.0064598
-0.058179
-0.012177
0.012131
0.016616
0.043248
0.05984
-0.021105
0.063699
0.0092121
0.019358
0.0088214
-0.037064
0.061353
-0.0051435
-0.038275
0.16731
-0.033398
0.053467
0.066973
0.11064
-0.043188
0.040591
0.080344
-0.064417
0.12683
-0.014363
-0.01866
0.081361
-0.005205
0.043869
-0.011613
-0.072593
0.12048
-0.019531
0.084153
0.073072
-0.002522
0.11679
-0.12222
0.0052638
0.10845
0.010851
-0.020075
0.024105
0.065587
0.025683
-0.027288
0.057914
0.040426
-0.02184
0.038974
-0.011982
0.043143
0.041788
-0.026032
0.088694
0.03187
0.03954
0.077986
0.059281
-0.013618
0.067566
-0.017779
0.035743
0.030114
0.035164
0.011007
0.041118
0.021989
0.10116
-0.04158
-0.011779
0.065976
-0.015622
-0.0089142
0.12152
0.071546
0.051134
0.054886
0.0074443
0.0328
-0.026061
0.022609
0.056227
0.016031
-0.058771
0.090596
0.076085
-0.0061793
-0.01507
0.088097
0.0073906
0.0036085
0.075257
0.0085948
0.0071369
0.037386
0.08028
-0.039458
0.11412
-0.027035
0.066593
0.10876
0.0073245
0.026852
0.035415
0.04813
-0.050596
0.0089658
0.055837
-0.041837
0.092175
-0.014138
0.0014335
-0.14593
-0.26174
0.057253
-0.089886
-0.39375
-0.34505
-0.49208
-0.20765
-0.61418
-0.4563
-0.38625
-0.705
-0.22559
-0.51914
-0.33578
-0.46436
-0.44784
-0.36182
-0.33081
0.25077
-0.65097
-0.35502
-0.084392
-0.18701
-0.21524
0.020777
-0.25085
-0.017018
-0.11053
-0.18851
0.093787
0.39219
0.52467
-2.4091
1.3074
0.65816
-1.0981
-0.30059
0.34938
1.2523
1.7687
0.87758
1.5708
4.005
2.9248
4.4418
1.9844
1.8967
1.0412
2.4134
1.6157
1.6918
0.61021
1.1753
0.25144
0.98958
1.4053
-0.18962
0.065943
1.5405
-0.015987
-2.911
1.8424
-2.1563
-1.3182
-1.5094
-1.8091
-0.17641
1.0588
-0.38772
-0.37118
0.44761
0.58076
-0.93148
-0.44212
0.055217
0.16044
0.015085
1.2806
1.2463
2.7182
-0.079917
-1.1856
-2.4977
-3.1205
-3.9774
-3.8016
-3.8889
-2.5295
-4.3737
-2.7729
-4.1313
-2.1577
-0.76241
-0.20328
-2.1927
-1.268
-1.4017
0.32003
0.74079
2.7455
3.4831
2.3406
3.4673
0.90259
-0.27301
0.89968
0.80047
2.5573
3.2873
-2.6069
4.9786
-0.28335
1.4709
-1.4516
-1.3612
-2.6756
-2.4001
-1.9716
-2.7844
0.26351
0.57754
-1.9048
-0.51793
-2.5521
-3.7212
-3.0037
0.080072
6.9877
1.5005
2.2728
4.17
2.0622
3.6154
2.423
0.49992
3.4534
1.9617
0.90051
1.7034
0.02719
2.0459
-0.39282
0.60615
0.49098
1.8251
-0.085368
2.8966
-3.5654
1.8502
-1.915
-1.6412
-2.3689
0.31474
-2.7252
1.2563
2.0308
1.7182
-0.87576
-0.56514
0.72366
0.25973
0.54144
0.21485
-1.4875
1.6277
0.32786
0.41655
-2.2212
-1.646
-0.6619
-2.1073
-4.0069
-3.8251
-4.782
-3.6712
-3.4242
-1.6143
-1.5066
-4.1118
-1.2245
-0.45596
-1.0992
0.13986
-1.7646
-0.23074
1.758
4.6052
0.65013
5.2663
-0.75692
0.064423
2.2246
2.6727
2.1656
0.92995
-1.9674
-0.86729
-0.81672
-1.4989
0.46487
0.11099
0.54466
0.3451
-0.13944
-3.8974
-1.5296
-1.9859
0.096316
0.96454
6.5933
5.7994
1.9928
0.80642
2.8317
-0.057356
4.0935
1.4463
1.6285
3.1855
2.0027
2.9479
1.2579
2.0522
1.5363
-0.6784
1.7197
-0.83661
-0.23966
-1.154
0.11019
-1.1718
-3.0745
-3.4596
0.06619
2.2746
1.3081
-0.6163
2.0716
2.0373
0.21006
0.16636
2.6697
4.7291
1.3299
-0.98525
-2.4939
-0.76959
0.13852
-3.2604
-0.27412
-2.6315
-4.3172
-4.4118
-5.4497
-3.671
-4.6247
-3.2309
1.9576
1.1015
-1.3209
-2.1247
-0.24256
-2.2325
-1.4961
-0.12264
0.29817
0.44623
-0.090374
4.9389
-1.8541
7.038
2.4307
-6.3721
2.3061
2.6583
4.3198
4.1229
5.6537
1.6861
-2.0315
-1.4678
-1.7163
-3.7695
-2.5941
2.6462
0.56761
0.55586
-0.61899
-1.8889
-3.3121
-0.97555
-0.66077
-1.9893
-1.9158
2.2947
3.033
2.9776
2.1525
4.1442
1.6761
3.577
3.09
3.1015
3.7298
3.3096
1.8978
-0.16334
2.5888
2.3889
0.21966
2.4571
0.60327
0.30719
-0.18727
-0.12641
0.45342
1.101
-2.2009
1.5957
-2.5876
-2.1343
-2.6307
-0.92924
1.3875
0.07066
-0.30626
-0.60084
-0.37649
0.932
0.79288
2.4546
0.89103
2.0256
1.551
1.5838
1.9304
-1.9833
-2.2505
-4.1819
-3.5166
-2.3742
-3.6549
-5.8458
-3.0678
-6.3198
-3.9345
-4.5835
-1.1489
0.61158
-2.2955
-1.0863
-2.8289
-1.7248
-1.2284
0.54216
0.72072
0.090265
0.36136
1.7715
-2.9666
-0.059808
1.6964
4.0445
2.4702
5.0812
3.695
-0.9628
-1.0675
-1.6847
-0.78954
-2.6057
-0.97193
2.3317
1.317
-0.26141
-0.73327
-3.7907
-2.0862
-0.95927
0.037459
-1.2363
2.9628
3.1415
3.099
1.9932
4.2995
4.2906
2.131
2.9059
4.7483
3.5175
1.4644
3.0985
-1.5415
1.4044
3.5729
1.0802
0.34777
0.050276
-0.36924
-0.89297
-1.4817
-2.676
-3.1133
-1.1337
-0.89724
-2.0126
-1.8088
-0.98655
0.93609
1.1417
-0.087433
0.72654
-0.07574
-0.52583
-0.27429
0.97885
3.826
5.4921
2.659
0.67492
-0.62607
-2.1682
1.2589
-0.63296
-1.531
-1.4208
-1.5087
-2.223
-3.3961
-5.9475
-4.2729
-3.8087
-3.9661
-3.6325
-1.4255
-2.1277
-0.56188
-0.020716
-0.18644
1.0838
3.4529
-0.091414
3.5501
1.5283
-4.7115
2.8571
2.4092
4.2644
2.8424
4.8156
3.4388
0.11022
-2.1134
-2.5289
-1.4872
-1.0984
0.86339
2.4424
0.67339
-1.9099
-3.2947
-2.4045
-0.28627
-1.2133
-0.44118
-2.883
4.3852
2.2342
2.7347
5.5387
4.0632
4.0842
2.9175
-0.55822
4.4873
-0.33333
2.8237
2.2135
1.3293
2.5639
1.2959
0.59596
-0.38122
-0.13984
0.31251
0.62696
0.80592
-2.0404
-3.8453
-1.2173
-3.6536
-2.7932
-3.0708
-0.32572
1.1143
2.0941
1.1447
1.0691
0.29983
0.24983
1.5363
2.5419
1.7971
-1.7381
2.7187
1.825
0.62495
-0.48277
-1.5776
-1.405
-0.24355
-3.2895
-1.729
-4.0731
-3.6187
-3.3747
-3.4983
-3.289
-1.1733
-1.8271
-0.60082
-1.791
-1.1111
0.94359
2.3798
1.4533
0.50319
2.2607
8.7725
2.0961
-0.28003
0.69195
1.2174
4.0906
0.48739
6.8561
1.7376
1.1409
0.34328
-4.0224
0.22068
-1.8321
-1.086
-0.58234
-3.7788
-2.8306
-1.4243
0.47891
-0.99485
0.69587
2.4014
5.1046
0.011056
4.9674
4.6061
1.1449
2.7215
2.9407
4.4347
0.61695
0.98473
1.2356
3.8623
3.2139
2.5831
1.9978
0.62119
-0.16895
-1.4152
0.55135
-0.68512
0.32264
-2.9556
-2.8813
-1.3675
1.6886
-1.6154
-0.17206
1.6807
1.0964
-0.50595
-1.0527
-1.3411
-1.2934
0.13727
2.8063
4.8758
2.9722
1.1232
-0.53891
0.10017
-0.69901
-1.5026
-2.6985
-2.7473
-2.7453
-2.9983
-2.7612
-4.5454
-4.9979
-4.2997
-4.0574
-1.6136
0.21404
-1.5334
-2.001
-2.0891
-2.8507
-1.9248
-1.3165
-0.096857
-0.085254
0.27666
0.16777
2.2497
5.5332
6.0112
-0.39569
1.3795
5.4164
3.3203
1.0492
0.3193
-2.1106
-1.2442
-1.0199
-0.059308
0.53036
-1.2402
-0.55397
-0.061399
-2.787
-2.8778
0.38902
-0.27414
-0.4981
-1.0839
2.4498
2.7205
2.9938
1.3751
-1.3211
2.1679
1.5908
3.5312
1.9522
3.2132
0.71194
0.83277
2.8665
1.7247
3.2846
1.6264
-0.011104
0.55593
2.2425
2.2069
2.1026
-0.43797
1.4999
-4.5068
-0.23062
-1.0642
0.093842
0.54257
1.352
0.63737
0.45667
0.65113
-0.046832
0.50439
-0.55988
1.6411
-0.075446
2.4056
2.9373
3.412
-0.79684
-1.8175
-5.0474
-7.0114
-4.9765
-4.4201
-5.0524
-3.7689
-1.3443
-1.5265
-2.0862
-3.5073
-1.7344
-4.0766
-2.4569
-0.66757
-0.87884
-0.1216
-0.13392
-1.2809
-0.53025
0.00077615
-1.0191
0.0067515
4.1117
2.4177
5.5523
1.5499
2.7033
3.2121
0.46625
0.013047
-1.0551
1.0536
-0.33913
-0.66078
0.53891
-1.5916
-0.31022
-2.8554
-2.5798
-1.3061
0.16446
0.18675
-0.19204
-1.8017
3.7677
4.0039
3.6288
3.3841
-0.17737
1.886
1.349
2.7792
3.083
3.6668
1.934
0.79222
2.0442
1.9782
-0.014629
0.40292
0.56442
-1.1613
1.1592
-0.38085
1.7442
-5.2138
-3.4954
0.38232
-2.1637
-1.891
-1.2916
-0.53084
1.3892
2.2505
0.99196
0.37128
0.53816
-0.65351
0.27447
0.18213
0.69492
-1.7765
1.7292
1.0968
-0.09441
0.88326
0.80962
-3.121
-5.668
-3.4122
-4.7301
-3.2503
-1.283
-3.7898
-2.3846
-0.28501
-2.1575
-2.8882
-1.7947
-2.5634
-1.1231
-0.22265
0.21692
0.51951
-1.1792
-0.36338
-1.8727
6.3062
4.8913
5.0134
-3.8737
-0.37872
-0.095355
3.0752
2.8378
1.354
0.92371
-0.47836
0.48318
1.2067
0.045536
-0.19029
-0.36164
-0.51009
-0.79845
-2.5696
0.67676
-2.5393
0.86433
-0.50689
-0.94664
-2.3919
2.8045
4.0452
4.8265
3.8211
0.38287
0.41745
1.4229
2.8464
2.8694
2.283
2.9217
1.1135
2.6298
0.19982
1.6056
3.8157
0.58403
0.51461
1.9071
2.5332
-6.6187
1.6681
0.26448
-2.4712
-2.8466
-2.4843
2.8515
2.0988
0.50875
2.0499
0.42788
0.045179
0.065745
0.30067
0.74417
-0.27765
2.4787
-0.74912
1.7515
0.46667
-1.7384
1.1605
-0.81902
-2.698
-2.8061
-2.7512
-2.8222
-0.23359
-4.5152
-2.7976
-1.6108
-0.4279
-1.3945
-0.21118
-0.92799
0.25482
-0.22808
0.22559
-0.48009
-0.65445
-0.55251
-5.0256
3.5915
10.392
4.0014
0.46854
0.23895
0.35465
3.0037
1.0143
-0.18766
-0.73161
-0.87548
-0.1874
0.40343
-0.72475
-0.33211
-0.54129
-0.016015
-0.83026
-2.2246
-0.88034
0.048121
0.43365
-0.83731
-0.72371
-1.6137
5.1927
4.9352
3.3132
1.9879
-2.688
1.2866
1.9964
2.4645
2.8377
2.175
1.9982
-0.22809
1.0116
-0.37296
0.55095
-0.91381
0.36942
2.0934
1.0556
-1.5994
0.87997
-6.8454
-2.6875
-2.6923
-1.4748
-0.096276
1.4084
-0.93708
3.141
-0.4772
1.2118
0.99584
0.022451
0.76291
-0.052747
0.59609
1.749
-5.7149
2.942
3.3917
1.5124
0.87672
-0.46052
-0.84182
-0.99572
-3.9228
-1.4047
-2.795
0.70328
-2.8248
-2.0979
-0.59135
-2.5225
-0.69014
-0.2794
-0.22991
-0.25685
0.57143
-0.075803
0.599
0.0070803
-0.22249
-0.77363
0.34181
-0.49357
0.0041298
-5.2427
1.2277
3.4054
-2.9327
-2.9194
-1.4463
1.8349
2.4092
1.1256
-0.34121
0.45244
0.46868
-0.3741
0.88406
-0.29853
0.31809
0.10681
-1.8116
2.7722
-0.41193
0.23589
0.59448
-0.27201
-2.5876
1.5767
4.4865
3.2487
4.6506
1.8606
0.8485
0.34036
1.034
5.0856
1.2633
-0.44296
1.8946
1.5473
0.04644
0.17145
0.16127
0.64921
1.6701
0.17427
-1.8797
0.65019
-1.6258
-0.54053
0.3377
-1.7921
-3.1597
-0.17526
-1.5901
-0.58161
2.8809
0.79193
1.614
0.48003
-0.041801
0.2558
-0.66918
-0.9574
0.030389
-1.4841
9.7521
3.1797
-1.2906
3.3851
-1.1827
0.44937
0.14337
-0.20279
-1.9617
-1.2875
-2.8157
0.53203
1.3431
-0.59496
-1.0787
-1.4105
0.7235
-0.070138
0.5813
-0.52554
-0.90009
-0.56697
-0.074228
-2.7372
-1.1092
-1.3159
0.0068314
-1.0045
-0.22615
2.0025
2.0898
-0.30227
-1.1117
-0.22818
-0.32349
0.10264
-0.24672
-0.10555
-0.44034
-1.8047
1.3042
-0.045793
-3.111
-2.9163
0.42539
4.7494
7.9812
2.008
2.8983
-0.48902
-0.64706
0.55445
2.5511
2.5206
0.58161
2.2338
1.4055
1.4275
0.90102
-0.33822
1.3114
1.3548
0.58622
2.834
-2.2472
2.4632
0.83895
-3.364
-1.097
1.0262
-3.8587
-0.36077
0.61373
-0.35319
-0.38075
-0.63214
0.63325
-0.7568
-0.078515
0.11049
-0.80608
-0.54983
5.9777
-4.8669
2.1609
-2.4127
-1.9423
-1.3714
1.0782
-1.2318
-0.09046
-0.12799
0.57499
1.2298
-0.79306
0.93419
0.48906
0.59999
0.91193
1.2877
-0.48757
-0.26644
-0.88087
-0.18748
0.84025
-1.0101
1.9895
9.0012
4.7041
-2.2483
1.6615
-0.72113
-2.0423
1.0978
0.70275
0.30548
-1.0649
-0.32951
-0.032853
-0.69057
-1.481
-1.5722
-0.65339
-0.36212
-2.0117
0.95483
0.84675
1.5873
4.0448
-0.13201
0.97412
-2.5785
-7.207
-0.6056
1.1799
-0.77545
-0.51706
0.70113
0.35827
0.83235
1.7185
-1.7588
-0.55821
0.80135
1.1834
0.082783
-4.6553
0.32736
0.54428
-1.8491
-3.1051
-0.29052
1.5884
1.5147
1.1902
1.5427
-0.78741
1.8036
0.58518
0.79269
2.0869
2.0124
-1.7043
0.82914
3.3114
-0.13811
-1.39
0.32753
0.59865
2.8798
4.3689
3.7186
-0.40126
-4.4735
1.1683
-1.6975
0.53276
0.34793
-0.18456
1.7973
-0.43683
0.57027
0.88347
-0.38194
0.69649
0.54354
-0.11562
-0.12439
1.1371
-0.15398
-1.9778
0.99694
-2.5536
-1.2094
1.0217
1.8827
0.58862
-0.57813
0.20596
-0.086208
-0.1737
0.34894
-0.54034
1.2194
2.2828
1.9955
-1.7462
-1.1498
-1.9617
2.7871
3.7726
-1.9591
2.7818
0.64348
2.7832
2.0822
-1.2353
-0.98855
-0.23724
1.4637
0.80879
-0.65917
0.81423
-0.37733
-0.2819
-1.2501
1.2407
-1.2654
-1.9057
-0.43102
0.35936
2.1926
-3.4129
1.2815
0.82359
4.5559
0.21008
-0.79281
-1.0404
-0.59428
-0.82296
-1.2041
-0.4606
-0.59511
-1.361
-0.26045
3.9261
0.67457
2.3851
-0.75823
-2.6191
-2.9936
0.30085
1.2574
1.1079
-2.545
-2.1453
0.60448
3.8134
2.2187
-0.59282
1.5336
-0.04893
0.55193
0.19049
1.1947
0.054975
0.0075511
1.5727
-0.023653
-1.0095
4.0627
-1.4279
-3.8015
-3.7571
-0.94346
2.3208
2.2232
-0.91108
-0.080106
1.0794
0.9934
0.50742
0.011119
1.525
-0.78881
0.16169
0.31178
3.2571
0.61431
-4.2874
3.9186
3.4117
0.16151
-1.944
-1.0527
1.5872
-4.6348
2.3576
-2.1875
-2.2358
-2.1746
-1.789
-1.9653
-0.66739
0.41579
0.66661
1.0996
2.4469
1.6101
-0.83557
0.25572
3.265
2.476
5.9687
3.0983
-4.5372
-1.1701
1.1283
0.2741
0.81935
-0.18219
-0.1278
0.69592
1.5385
1.7071
-1.4182
-2.2746
0.34111
-0.28396
-3.4293
-1.6208
-0.53975
0.7358
2.8919
2.1259
-0.16903
0.19689
1.27
1.814
1.6265
-4.2095
1.2498
-0.80376
1.2187
0.027602
-0.37323
1.8788
1.3512
0.61269
0.15879
1.0285
0.44308
0.45698
-3.5156
1.1616
-1.1283
4.1981
0.57479
-0.78564
-1.4309
-1.5916
-0.067963
0.28251
0.74374
-1.2989
1.5589
0.12192
-2.6122
-3.1477
1.9636
2.7654
0.67875
0.76331
-3.7597
-2.0518
-3.5693
-1.4406
-0.15757
0.51675
-3.5467
0.91484
2.4605
-1.3861
1.0215
-0.62474
0.26496
-0.97513
-1.0256
2.1451
2.5546
-0.40928
-0.31952
0.2351
0.73177
1.6518
1.0267
-0.84785
0.61773
0.39832
-0.30487
1.2963
0.41652
0.62516
0.67311
2.2714
-1.8989
-0.79628
0.056327
0.90568
-0.20181
-1.1009
-3.5309
1.0497
-0.36531
2.015
-1.4473
0.63604
-0.1736
-2.2789
-2.9894
-0.48049
-1.6268
-0.59447
-1.8559
-0.41003
4.2549
-1.7346
0.91188
1.4969
-2.197
2.5976
2.416
0.16358
-0.13218
0.47411
0.58963
-0.63842
-0.60296
-4.1194
1.8441
1.6849
-3.8662
-1.0722
2.4168
3.7685
2.3051
1.2819
-0.46285
-0.034358
-0.90131
0.88603
1.1648
-0.20043
-1.3667
-0.86667
-1.8885
-0.27986
1.3336
0.77157
-0.63831
0.20943
-3.0398
-0.9127
7.7937
1.0091
-1.0468
0.236
0.39884
-0.86547
-0.84265
-0.96733
-1.5196
1.6076
-4.5643
-4.1001
-2.6627
-2.3026
1.0905
1.317
0.70606
0.086586
0.76236
-0.0089775
0.4043
4.6992
-0.13443
-2.0658
1.9812
2.1219
1.3793
-1.0694
2.7139
-0.57296
3.2204
0.097504
0.86095
1.2646
0.15643
0.84655
-0.4642
-1.4349
0.73949
-3.7052
-1.1064
-2.1844
-1.0991
-1.1253
1.2098
3.5738
1.4477
2.167
1.6107
1.3249
-1.927
-0.88348
2.3727
1.3755
-0.28396
0.3006
-1.3171
0.73545
1.9603
1.6997
0.56669
1.1118
1.5245
0.86304
0.65132
-0.22597
-3.0497
0.7868
0.50133
1.7862
0.072668
-1.3761
-0.23104
0.31842
0.045856
-1.2366
0.2206
-2.7111
0.47925
6.5535
1.8602
-2.2172
0.40058
-2.1556
-2.4491
-4.3722
1.4763
4.9698
3.101
-1.5795
0.46696
-0.079796
0.85475
-4.4683
0.25232
-2.8786
0.2557
-1.471
1.9791
1.9628
0.68273
0.67685
-1.1331
0.20152
0.22814
0.86554
0.37293
1.889
1.2156
-1.5149
0.054982
-0.97905
-0.16282
1.7261
4.1472
-0.55345
-1.1575
-0.0069661
-0.68552
-1.7384
-1.3793
-3.3064
1.9045
0.82306
0.36964
-3.7607
-0.50423
-0.38481
4.2973
0.11907
-0.57114
0.85588
0.53274
0.39787
-0.17221
0.65528
-0.47517
-0.012003
3.2821
0.84431
-1.1208
0.56801
1.4212
1.1683
0.6662
-0.16342
0.64797
0.23549
0.93235
0.77578
-2.9483
0.96004
-2.2145
1.2749
-0.75681
1.793
-0.96395
-1.4835
0.77157
-3.6446
-0.50809
2.2452
0.065674
-1.1828
-1.5785
-1.3044
-0.48026
3.124
2.4319
-1.0417
0.30314
-1.6277
-2.7085
-2.056
2.0783
0.65765
0.25521
-0.94084
2.0796
0.32286
-1.8695
-2.7619
-1.6574
4.0426
-4.0865
-1.1464
-0.30354
0.16192
1.3478
0.65372
0.43491
-1.1425
0.047682
2.1719
4.0606
4.5988
-3.4074
-0.78088
1.7213
1.8665
0.69209
0.79645
-1.6616
1.953
0.6577
0.24133
0.4932
0.58879
1.4538
-0.54731
-1.7386
0.49789
-0.23609
0.60877
-2.5381
-0.092061
3.8722
2.4588
0.33304
-2.1917
-1.7329
-1.7812
-0.032266
1.1028
-2.0606
3.3753
-2.5091
0.89215
-0.39705
0.83151
0.060673
0.42348
-0.22367
2.0774
0.21107
0.89348
2.4763
1.3516
-1.3477
-1.3268
-0.71559
-2.4409
-1.5036
1.0083
-2.2192
-2.8146
-2.1787
1.0875
0.72143
-0.26134
-0.15843
-2.7417
4.6611
2.5292
-0.057852
-2.0416
-1.3468
-1.3942
-0.72632
0.11007
5.4807
-0.036321
-2.0238
0.62617
2.2105
2.736
-1.0426
-2.6586
-0.083855
3.3344
0.10626
-0.41988
0.53669
-0.4324
-1.0915
0.38672
1.3084
0.97912
1.8163
0.86844
0.014121
1.9994
2.5887
1.1585
-0.65561
1.9256
2.3107
3.9888
-0.3777
1.5803
-0.25291
0.65236
0.050019
1.3023
-0.39893
-1.441
0.7341
0.86081
0.72436
-1.2567
-2.3841
-0.22989
-2.6207
1.3305
1.2654
-1.6372
-0.81319
-2.3283
0.94377
-0.87855
-0.88538
5.2893
-2.0718
-0.71317
-0.71303
0.14157
0.028572
-0.87149
-0.36686
0.50159
1.2115
0.91252
-2.8824
1.2922
3.2383
-3.4271
1.189
-0.84711
-1.4591
-0.16425
-0.42967
0.002623
1.2636
-0.29604
0.912
0.13127
-1.6611
-1.4236
-3.0751
0.29251
0.6022
0.25366
0.21545
-0.12859
-0.41894
-5.0171
-1.8002
-2.6474
-2.9055
-0.21081
0.019245
-0.58763
-0.66099
-0.68654
-1.271
-1.5537
3.8307
-0.13738
-0.36181
1.9323
-0.15112
0.35913
0.62426
0.41499
2.854
2.1178
2.5712
0.055559
-2.9566
1.0803
1.9762
1.858
2.5201
0.9851
-2.0831
-0.74706
-0.89694
1.3352
1.8453
1.3921
2.2221
0.016175
-0.3062
0.63483
0.20425
0.21273
-1.1702
0.19125
2.3747
-0.88622
-0.18482
0.30609
-0.66959
-0.45548
0.57043
-1.8093
-1.4057
-0.39014
1.2664
-0.00080019
0.11663
-0.26277
0.67407
1.0356
0.43487
-0.44174
0.71377
0.5003
-0.51516
-2.4097
-1.5782
-4.287
-2.6082
-3.0277
1.7843
-1.2952
3.6358
-3.4374
-1.6834
-0.28062
0.14165
0.93201
1.255
-0.29996
-2.1949
3.749
2.2254
3.471
0.31154
-2.1776
-1.9067
-2.5674
-4.0667
0.58857
-0.051016
-0.58429
1.2238
0.038767
4.3734
-1.0504
-0.3377
-1.2463
2.0714
-0.37958
0.26984
0.14739
0.010318
1.7767
0.085984
1.1458
-0.41923
0.13593
1.2271
2.6048
2.2487
-0.060556
0.071499
-1.2068
-3.6085
-1.2717
2.1108
4.4865
-2.0579
3.3987
0.80498
0.54894
0.64389
1.1064
1.1735
0.32789
-1.0454
0.98753
1.8105
-0.33882
-1.1572
0.33914
-0.11713
2.3823
1.9697
0.84728
1.2294
-0.24056
-0.21949
-2.1612
-1.9844
-1.8471
0.63452
6.5887
-3.7608
-2.1734
-1.9096
-1.8418
0.7026
0.82577
-0.46453
0.050588
0.27075
1.9268
-0.23453
-1.8628
-2.2866
-3.7893
-2.0141
1.2136
2.5211
2.0494
-2.03
-1.8807
-2.1089
1.144
-1.3995
-1.8398
-0.61246
-0.30342
-0.9593
-0.73585
0.05241
-1.735
0.36682
-0.20201
1.2346
1.0138
-1.959
0.92213
0.34376
-4.5675
-1.8513
2.6369
2.3439
-2.7755
3.5916
-0.58787
1.5262
0.39084
-1.4218
-1.9079
4.2428
-2.5396
1.9141
-2.3082
0.6385
0.82064
1.2582
1.011
0.33343
0.98567
2.0975
0.60339
2.6967
-2.7627
0.29831
0.42849
-1.6085
1.3783
1.3766
0.052555
-1.4283
2.4744
-0.47124
-0.51751
-2.2938
-0.28227
-0.60967
1.4409
1.6851
0.066651
1.671
0.78596
1.1119
1.378
-1.5203
-1.0517
1.5439
1.4497
-1.9685
0.25593
-1.497
-2.1875
-4.106
-2.5072
0.98671
1.478
2.0968
-2.3195
-1.2021
-0.89862
-0.51035
-0.43153
1.2548
0.80158
0.6863
-1.2377
0.93034
-2.6065
4.8034
1.498
0.22999
5.094
2.4151
-2.1404
-0.70918
-1.5494
-3.2852
-2.8508
1.3996
1.329
-0.95257
-0.86639
2.8555
1.0769
-2.0947
0.31086
-0.83976
0.21988
-0.70098
-4.1181
0.90923
-0.11988
1.6543
5.8527
1.5673
2.5532
-1.3071
-3.1261
-1.633
3.0914
1.5434
-0.44648
-0.26343
1.2966
0.32352
-0.25684
2.7136
-4.4934
-0.25994
1.1862
1.477
-0.22217
-5.5403
-0.015946
0.48227
2.0353
4.1296
-1.1521
-1.3975
-1.8461
1.36
0.8342
1.0928
1.4367
0.78096
2.3524
0.98732
0.80178
0.73211
-0.78836
0.026354
2.2937
0.096931
1.6812
-1.6485
-2.3148
-0.53242
-0.14812
0.49329
0.90856
-0.96498
-0.81592
-0.83112
-1.6989
-0.35264
0.58636
-2.5807
-0.14616
-1.6513
-0.1736
-2.9019
-0.81789
3.6233
-3.0637
2.5819
3.8806
1.4605
-1.7016
-2.5501
-2.4696
-1.271
-2.9903
-2.5647
-1.9006
2.0618
1.3271
-0.32448
-0.72691
-2.6954
-0.10197
2.2259
-0.65773
-0.15911
-0.71511
1.9581
-5.5754
-4.543
3.3333
1.4368
2.6848
-3.1023
-1.3741
-1.0748
0.80865
-1.875
0.1322
0.67846
1.5155
0.56918
0.86423
1.2138
1.1208
2.8367
0.97687
2.5033
1.9708
1.1604
-1.2269
-1.4858
0.56078
-0.53217
1.3909
4.8452
2.6473
2.9811
-1.5865
-1.2036
0.13129
0.40016
1.2752
0.99605
-1.0728
-2.0108
1.4784
-0.49571
-4.7524
-0.38421
-0.8937
3.5461
3.5984
2.6509
-0.1265
-0.43878
-0.60952
-0.75418
-0.29847
0.00094386
-2.4531
4.2388
-2.0827
-0.97183
0.06782
-0.65164
0.47944
1.1507
-1.7833
2.182
-1.9078
5.2913
1.5626
-6.5128
-0.28641
1.2133
2.4583
-0.0671
-2.4574
-1.8269
-4.5995
-4.2569
2.2837
0.38484
1.4862
0.037994
-1.4654
-1.9851
1.6704
0.80491
-3.3499
3.3059
0.79178
0.46192
-2.1141
0.9287
4.0711
-0.9381
3.0938
-2.5751
1.2442
1.5722
1.3955
-3.5611
-4.5481
-0.056507
-0.44735
2.0578
1.4412
1.8879
2.0736
2.2733
1.6332
3.9432
5.2472
0.66778
3.1098
0.0091696
-2.547
-2.2265
-0.44847
0.65566
-1.9934
3.1253
-0.62076
-0.29381
0.11181
1.8768
1.8491
-2.2386
1.4895
2.5051
0.10588
-0.21594
-1.5792
-1.7713
-0.539
-0.17361
0.95736
-2.5794
-0.83477
-1.756
-1.201
4.5968
-0.95016
0.68636
-0.017896
-2.2495
-0.57919
0.39449
1.424
0.22168
1.1053
1.4765
-1.0607
0.23574
-4.328
-1.6695
-3.0784
-2.3691
-0.57597
1.7146
5.2832
1.1566
-1.2505
1.7388
-2.2674
-2.9593
-3.8176
-0.94276
1.7357
-0.29667
-0.20943
-2.7934
0.34137
0.95893
-0.99549
0.74856
1.1846
0.34478
-0.57844
-2.2745
6.7231
-0.59523
1.7384
3.5862
-2.4776
-2.7006
3.5556
-5.1403
0.39756
-0.18807
0.75642
1.3903
1.2916
1.0142
1.9376
3.2006
1.0959
2.4996
2.596
-0.38924
-1.2241
-1.0158
1.3685
1.6695
0.7008
0.64308
-3.7823
-0.64581
0.10271
1.3906
-0.16438
-0.59265
2.2276
2.4447
-1.3879
-3.12
-1.8336
4.7511
3.3592
3.1235
-0.36759
-0.74412
-1.1465
-0.23429
-5.7297
-3.0083
2.8883
-0.53142
0.1926
0.34153
1.6854
0.36231
-2.5228
-1.7431
0.01417
-0.49806
-0.10718
-3.6024
-1.2275
0.2173
-3.2999
-1.3347
-1.7878
-3.1608
1.6971
-3.776
3.54
-0.19633
-1.2341
0.55712
-0.97291
0.27074
-1.002
0.87183
1.0372
1.2694
-2.0411
-0.67961
-3.7884
1.6981
6.6398
1.0394
3.8317
1.6894
-0.028123
-1.5415
3.8404
3.8699
3.7448
0.41154
2.4395
2.9076
1.4841
0.65304
0.29108
1.6066
0.50006
2.5281
-0.53289
2.5641
0.41778
2.2456
-1.1533
0.85245
2.4881
-1.3477
-3.4724
-1.042
0.87137
1.0143
3.5948
3.2848
-0.26002
-0.30457
-0.64159
2.3111
-0.79545
2.1261
0.24628
0.92697
-0.014512
-0.8511
0.4564
-0.78653
4.0629
1.1775
-0.21729
-4.0048
-4.8577
-2.9585
-2.9405
-1.048
-0.027816
1.3263
0.86655
-0.064223
-0.39947
-0.85541
-2.0067
-0.11659
-1.7847
-0.7271
-1.2685
0.77853
-0.13958
-0.1618
5.1936
2.5309
3.7057
-2.9364
-0.1306
-2.2834
-1.9869
-0.063788
1.4989
-0.75585
-0.73851
-0.98412
-1.7861
-1.9084
0.25907
0.42759
1.9517
-0.035984
-0.93109
-1.0868
7.1291
3.4304
2.4867
0.91108
1.4788
0.2884
1.3752
0.24111
2.7306
1.1149
0.39226
2.1278
1.556
-0.43806
1.5074
0.13028
-0.93737
0.015492
1.0279
0.24999
0.91973
0.33032
-0.66791
-2.7882
0.54789
-4.8872
-3.0121
-1.5425
-0.29196
0.65811
1.0991
0.58158
0.93948
0.6352
0.36184
1.3802
1.6579
-0.28178
2.5164
1.4067
2.7592
1.265
-1.9112
-1.8767
-0.38171
0.61308
-0.19042
-1.0344
-0.70304
-2.1692
-3.556
-3.1096
-0.72798
-0.93687
-1.8273
1.1311
-0.64803
-0.344
-0.45259
-0.61207
-0.91737
-0.66532
0.089475
-1.347
-0.28751
0.023173
-0.13546
1.1736
1.0325
-1.2086
-1.5873
-1.4014
-2.0339
0.61571
5.2537
3.3896
-0.48101
-0.9849
-0.14127
-0.73817
-1.0718
-0.74019
1.8648
-1.1483
-0.35876
-2.7847
1.8294
9.2393
6.3719
4.2456
-0.37181
0.94955
1.966
0.88126
3.1069
3.2599
2.0754
2.7498
2.6804
1.4795
-0.076769
1.1287
-0.20651
1.8768
0.96655
0.6766
-2.8157
0.45509
-6.8567
-2.2092
-2.3411
-3.8596
0.41922
2.1528
2.5971
1.8304
1.2132
0.48768
0.60737
0.18771
2.5733
1.7774
1.1287
0.44682
2.3485
1.0996
-1.4721
-0.43841
-0.89073
0.47267
0.030683
1.4614
1.332
0.10621
-1.9966
-2.6518
-7.3136
-2.4915
1.8595
-2.1651
0.38539
0.4001
1.1445
-0.98284
-1.4056
-0.8477
-0.61681
-1.0549
-0.24618
-1.8062
2.6856
1.004
1.26
1.7254
1.1874
-0.72419
-2.1016
-1.3272
0.80459
0.15173
1.8684
2.0688
1.0501
0.47386
-0.39202
-0.48151
-0.044076
-0.81706
0.57857
0.85136
1.5283
-0.10105
-0.76923
0.69534
6.243
6.8974
3.6477
0.84438
1.6216
-0.34777
3.5121
3.2774
3.2637
1.2941
1.7758
2.0467
1.8049
0.81625
0.7558
0.50981
0.51681
0.61299
-0.65721
-3.81
-0.8478
-4.4138
-3.6956
-2.1278
0.015504
0.16878
0.71737
1.6288
3.0026
1.3122
1.3648
0.31552
1.1962
1.546
1.5311
2.7641
0.28878
2.6664
-0.13731
4.3588
1.4967
-0.84449
-1.5317
-2.0583
-2.976
0.88829
-1.1841
-1.8023
-1.1622
-2.9381
-2.7831
-5.2045
-3.9218
-1.3669
-2.4768
-1.9394
0.46034
-1.89
-0.2498
-1.9205
0.28741
-1.588
-0.73016
-0.39104
-1.8228
0.22052
5.7955
2.3464
1.3017
-1.8761
-0.40025
0.83471
3.0653
1.9338
0.36798
2.162
-0.42533
-2.5728
-1.5321
-0.016921
-1.4917
-1.3083
-2.3566
-0.36532
-0.574
-1.0233
0.95737
3.6513
6.5881
6.4701
5.6512
1.5888
0.50494
2.3617
3.512
3.1008
1.9235
3.0306
1.8112
1.9544
0.13306
1.4157
0.3702
0.81343
0.41263
1.9278
-0.035693
0.84858
-2.173
-4.6554
-3.1153
-2.9567
-3.4146
-3.4378
-2.5721
0.60338
0.77596
1.3672
1.4003
3.313
1.6826
0.57567
1.8639
1.2306
2.3339
1.8065
1.1185
0.89731
1.6302
2.2818
-3.3471
-0.15668
-1.4901
0.085126
3.8484
0.92819
0.90849
0.58598
1.0101
-3.067
-2.5292
-4.7439
-4.1544
-1.3163
-1.1509
-1.7061
-1.4063
1.5969
-1.3149
-0.57593
-1.4181
-1.2487
-1.8608
-0.23728
0.1697
-0.19526
-1.7594
6.4968
6.8841
-0.49985
0.13429
0.42549
0.67974
-0.99941
-3.1073
1.2599
3.5056
1.929
2.6759
0.73181
-1.7048
-0.75132
-0.96791
0.063473
-0.73316
-0.64242
1.3604
8.9998
4.7317
5.8725
2.0667
4.7357
1.1583
2.2879
3.1447
3.6901
3.1129
1.8085
1.2254
1.4261
2.0386
2.0847
-0.33089
-0.16883
0.24964
0.0081231
0.50021
0.48676
1.6196
-4.9245
-5.4038
-0.98777
-3.3833
-2.4878
-2.1501
4.0127
2.4484
1.3966
-0.59647
0.4034
0.79542
1.5344
2.2772
1.3128
3.991
2.2439
2.1906
0.022627
-0.42297
-2.6674
-0.90122
-2.9189
1.5573
-1.3835
-1.1182
-3.582
-3.9481
-3.8693
-2.6435
-2.0199
-1.9403
-1.7377
0.4542
-1.1387
-0.45479
-2.7387
-1.1609
-0.85894
-1.1956
-0.24644
-1.0742
-0.76545
0.80842
-0.011596
1.8886
1.8261
1.7377
2.5024
1.9608
0.51874
0.60652
-0.71787
-0.20662
-1.512
-1.0577
0.42174
-1.5164
-0.38955
0.065061
0.54326
-1.6115
-0.58347
1.3946
7.4347
3.9394
2.9374
0.55508
4.2842
3.919
3.415
2.4026
2.9964
1.5225
0.68272
-0.81023
0.78542
0.14033
-0.045252
1.0469
1.2265
0.55045
-2.4683
-4.3159
-2.3158
-2.5188
-1.614
-2.6266
1.4542
3.3502
2.9843
3.0212
1.766
1.3761
0.62298
1.9645
2.4636
2.9636
2.024
2.2705
-1.5426
-0.43317
-0.19013
-2.2342
-2.5692
0.49761
-0.28517
-1.5831
-1.9139
-2.1335
-3.3481
-4.462
-3.1063
-0.97431
-2.0581
0.65412
-0.043623
-1.6405
-0.79366
-1.5902
-2.8938
-0.90151
0.54351
0.1732
0.23183
0.60365
5.1731
0.17425
2.1218
3.6537
2.6038
0.94441
1.2972
-0.57392
-0.58015
-0.47689
-0.27014
-0.74549
-0.69305
-0.10405
-1.187
-1.5825
-0.24093
-0.13035
1.0386
-1.2366
1.4282
0.39929
4.687
5.1097
4.5858
3.6719
3.2357
3.7044
1.0001
2.8245
3.146
2.0805
3.2308
1.3345
-1.2555
-0.49327
0.46006
1.2748
-0.50829
-6.4493
-5.6886
2.4706
-3.19
-0.14953
-1.468
-4.8566
-1.7407
0.019684
1.3016
1.0319
1.0713
1.3833
2.559
3.1362
3.0273
0.22116
-0.41259
-1.2579
-1.0637
-1.0753
-1.6472
-1.1493
-1.2252
-0.36937
-2.503
-2.5556
-3.1273
-3.4207
-2.4845
-0.85768
-1.2838
-0.53417
2.4551
-1.0073
-1.7317
-1.3883
-1.8617
-0.47485
-0.92667
0.46525
-1.5261
1.9627
-0.85164
0.41685
4.462
5.1547
1.1681
0.91572
0.3366
0.17065
0.43184
-0.98128
-0.28243
-0.45973
-0.77473
0.60901
-2.4245
-1.401
0.2212
0.81405
-0.47775
6.5088
4.9939
4.2646
3.6847
2.4706
2.703
2.4021
3.3447
2.1533
2.52
2.2567
2.1877
0.96182
1.2491
0.83604
-0.5647
0.27308
0.86384
1.2617
2.3309
-0.52155
-6.423
-0.20172
1.3598
-0.084758
-1.5949
2.1634
1.1217
1.0662
0.64195
0.17347
-0.38585
0.64202
-0.025076
1.6522
0.92187
0.23669
2.5752
0.54254
-0.99917
-3.4307
-5.4295
-4.1464
-4.2219
-3.5205
-2.6329
-3.6196
-3.8059
-3.1977
-2.8037
-1.0226
-2.811
-2.5729
-2.8193
-2.1842
-3.2343
-1.1989
-0.63391
-0.49197
-1.1684
-0.99338
-0.39671
4.3918
6.2111
0.044619
3.1928
2.5635
3.3928
3.4982
-2.6308
-0.74524
-2.3055
-0.53161
-0.32648
0.30159
1.5869
-0.40099
-0.45803
-1.7569
-3.2709
-1.7009
-0.15066
0.14463
0.12701
2.5001
1.7361
2.9481
1.549
3.9504
2.4729
0.054504
1.1874
2.7935
2.455
3.7471
1.1936
0.62126
0.58898
1.7211
1.1668
0.68562
-0.12077
-0.039404
0.095533
-1.9299
-2.4786
-2.5975
-1.0087
-2.2528
-1.2454
-2.012
0.44068
1.8691
1.2945
-0.50674
-0.044608
-0.25012
0.17518
1.4252
3.5826
-0.023842
-1.1757
-1.8662
-1.1681
0.96846
-1.4901
-0.33726
-2.5752
-3.7231
-3.7344
-2.0041
-4.2134
-3.7348
-5.3849
-3.9252
0.37728
0.11275
2.0285
-0.89313
-2.8765
-2.1371
-2.2762
-2.7567
-1.072
1.4348
0.48382
-0.51561
0.45937
0.96653
0.25301
1.4586
3.3426
3.1447
5.1119
4.8091
0.43992
0.1371
-2.1291
-2.6318
-0.088469
0.94455
0.53514
1.4614
-0.16619
0.35227
-2.097
-0.85971
0.48501
-0.64227
-0.91525
-0.48227
1.4672
1.7632
3.2915
2.4541
2.0404
3.0199
2.0655
-1.8786
1.7122
2.9284
2.1815
2.5922
1.3565
0.6723
-0.11971
0.51447
0.56987
0.45903
-0.478
-2.3839
-2.9866
-0.68219
-0.47699
-1.2991
-3.1419
1.2456
1.0328
0.15428
0.45734
0.86722
-0.052531
0.45966
1.016
-0.53795
0.35679
0.73767
3.9108
-0.73894
0.90642
0.086853
1.6371
1.1656
-0.6899
-2.3407
-1.868
-2.046
-1.109
-2.884
-2.716
-4.1554
-3.1315
-3.6434
-1.9566
-0.32223
-1.1941
-2.415
-3.3832
-0.47862
-2.2917
-0.51534
-0.020696
0.69337
2.634
2.7115
1.4503
-2.9906
0.96101
3.7081
1.0053
5.0167
3.7492
-0.20146
-0.49034
-1.952
-2.7132
-1.6422
1.9164
1.517
1.3939
1.4369
-3.2657
-1.2744
-2.4288
1.3347
-0.58959
4.654
1.6014
3.8749
1.124
0.68674
2.4871
1.9645
2.4157
1.5007
1.5582
2.3742
0.92314
1.9319
1.0729
0.095655
-0.71527
0.28802
-0.78855
-0.1379
-0.16041
-1.3485
-2.3241
-0.79002
-0.68144
-1.61
-2.0412
1.8515
1.8634
2.3529
-0.016704
1.2267
0.24716
0.9878
2.354
3.6647
0.52035
1.3614
-0.48992
0.058584
-0.89018
-2.0189
-1.1866
-3.2792
-4.2291
-3.2454
-3.5694
-3.6385
-1.2492
-1.4955
1.7379
0.44646
-0.018593
-3.1157
-2.4992
-2.684
-2.3838
0.061963
-0.23894
0.28089
8.0262
1.3671
1.0175
-0.42928
0.091621
3.9138
2.9598
3.5918
1.9888
0.3855
-2.7826
-1.3696
-1.1488
1.1933
1.8094
1.5039
0.17985
0.55988
-3.0724
-4.0615
-2.0534
2.4297
-0.18341
1.065
3.4833
3.6967
0.19541
2.7711
2.1263
1.8171
4.9303
1.2216
1.6836
1.303
0.41424
1.8462
0.90378
0.12749
-0.66403
0.72737
0.70746
0.20476
0.044988
-0.57286
-3.2997
1.0168
-2.4688
-1.3692
-1.497
-1.663
-1.216
1.5249
1.421
0.87749
0.13755
-0.011329
-0.69389
4.0981
-0.13058
2.1951
-0.7517
0.66643
0.35642
-1.0953
0.17354
-2.6767
-1.9352
-4.9425
-5.2942
-4.9064
-3.4952
-5.1392
-3.9224
1.7573
-0.23571
-1.6744
-1.8369
-1.2335
-2.0015
-0.92827
-0.36464
1.8855
0.34137
0.43448
2.1131
-3.1761
1.0294
1.4253
3.2927
0.083866
4.1664
-0.89467
0.71167
-1.6584
-3.2419
-0.85449
3.7388
2.3597
0.73485
-0.784
-3.8529
-3.8515
0.2063
-2.7063
-1.1646
-3.4417
1.2201
1.1956
4.3201
2.0063
5.4155
2.5404
3.4388
1.8784
2.668
2.122
3.7065
2.3492
0.02591
2.9098
2.0393
1.7343
2.4202
0.80768
-0.29865
-0.38042
0.42223
-0.37645
-1.1103
-3.0468
-1.8918
0.093838
-2.467
-2.1085
-3.288
-2.438
1.5629
1.8252
1.2468
0.27295
-0.0065605
-0.21254
0.066346
1.3097
0.8284
0.40024
-2.8186
1.8235
-0.55822
0.79585
-0.30206
-0.40066
-1.1193
-1.9404
-1.9283
-0.73678
-4.2715
-1.7488
-4.0511
-3.0025
-3.7784
-1.3237
-4.7155
0.25525
-0.89216
1.3824
0.24027
-1.5969
-0.86965
-2.0816
-6.5667e-05
1.0766
2.2563
4.1984
0.1044
2.2536
4.6198
-0.71776
0.064181
1.031
2.9184
2.3786
2.6013
4.9736
4.3092
1.1778
-1.8377
-4.0773
-3.179
2.0935
4.1229
2.104
0.10883
-1.4658
-2.855
-4.5367
-4.4794
-1.976
1.2004
1.9818
1.5362
5.8561
3.4772
5.6022
4.4112
3.3165
2.0992
1.4649
3.3358
-1.5641
1.8364
1.9015
2.908
1.2879
0.83284
2.5095
-0.13645
-0.62491
-1.7816
-1.1234
-1.542
-0.46882
-0.93073
-0.72996
-0.42899
-2.7873
-0.97446
-0.30021
2.3339
1.5189
1.0213
-0.56633
-0.14832
0.28823
-0.45095
0.22481
1.298
4.3681
3.0106
1.3936
1.3519
2.2477
-1.4149
-1.0485
-1.2802
-2.9666
-4.0839
-1.835
-3.0261
-4.6032
-3.9363
-5.605
-6.6728
-0.96837
-6.8468
0.57631
-1.5845
1.0549
-2.1445
-2.3744
-1.399
-0.95043
-0.049101
1.676
5.3297
6.3337
1.9938
1.9235
0.18429
1.113
4.9694
0.61732
5.5921
2.0408
-1.1852
-4.5051
0.4353
1.7672
1.8488
-0.66307
0.49132
-2.6282
-3.6592
-2.3717
-3.0904
-1.2492
-1.7229
-1.537
1.4215
4.0158
3.879
4.4443
3.1743
1.1952
1.2483
0.36787
1.5404
2.2604
-0.62815
-0.45096
2.6564
3.4605
1.3766
2.0852
0.67666
-1.0605
-0.045981
-2.049
-1.1457
-0.68242
0.37901
-2.1085
-1.1151
-1.0521
-1.2207
1.8187
1.3744
1.1119
-0.32786
0.61048
0.45003
0.98097
0.49742
-0.44878
0.59531
1.4764
0.14546
1.0326
-0.038454
-1.4246
-4.938
-3.7332
-1.4669
-2.6154
-4.8093
-4.3608
-5.6078
-3.3904
-3.7206
-4.329
0.4426
-1.5656
-1.7379
-1.3375
-1.9144
-1.5261
-1.7131
-0.27918
0.17353
6.4053
3.269
-0.50102
0.75024
2.8688
5.772
5.598
3.8247
2.3384
0.7792
-0.044665
-0.95951
0.013382
1.3187
4.5576
-0.39846
-0.91128
-0.26203
-3.8457
-2.521
-1.6223
-0.71591
2.3599
2.3292
2.3386
3.516
2.5531
2.591
0.82037
2.8787
2.0425
4.254
0.10429
1.4615
1.9145
1.9076
2.1184
1.7433
-0.23074
-0.097396
-0.30561
1.2918
-0.64258
-0.22171
-2.0893
-4.0129
0.34812
-0.7896
-1.737
-2.6255
-1.0839
1.3941
0.64567
1.258
0.65191
0.1458
0.76224
1.9112
1.7961
3.702
0.96534
-1.0175
0.47965
1.4701
0.75979
-2.5003
-2.2176
-2.1268
-3.4704
-4.3914
-4.9063
-5.8853
-4.5265
-4.7144
-4.5922
1.2489
0.56374
-1.9648
-1.791
-3.3475
-1.0727
-2.1749
-1.0417
0.47784
0.5445
0.35697
0.59836
1.5677
1.4444
0.73783
4.1137
1.8793
6.3711
2.51
1.0153
0.23305
-2.1223
-0.78801
-0.72223
0.47511
1.3829
-1.1213
-4.8903
-6.2227
-1.2158
-0.72095
-0.92446
2.5083
3.7074
3.694
3.9741
2.7075
2.0738
3.2236
0.04263
1.327
1.9892
1.2334
3.2113
2.5924
3.0568
1.8115
-0.26297
0.16291
0.77575
-0.42594
0.62953
-1.2875
-1.2646
-2.4765
-4.7923
-0.39224
-0.77016
-3.7435
0.89354
0.40094
0.93904
0.65022
-0.47227
0.3091
-0.54865
0.58653
1.016
2.4575
0.20679
2.1881
1.5193
0.67638
-1.9526
-3.3496
-3.5555
-3.0052
-3.3052
-4.051
-5.6585
-3.8386
-3.815
-1.8653
0.27189
0.21403
-1.5018
-2.5888
-0.99974
-1.8907
-0.68258
-0.63911
0.048284
1.615
5.3592
1.1409
5.1473
0.094149
-2.4908
3.8845
2.1298
3.0552
1.2462
5.3759
0.25775
-3.1618
-1.5818
5.3588
0.64489
-2.456
-2.159
-4.2991
-2.4697
-1.9758
-1.6007
-2.8122
-0.2342
4.2151
1.1586
5.5404
6.3532
3.7252
1.2715
2.1157
2.4316
0.9807
0.67596
0.68527
0.38405
1.3013
2.0034
1.9557
2.5496
0.949
-1.9651
-1.2547
-0.55588
-0.77045
-3.5497
-1.1611
-1.9313
-3.9657
0.17178
-0.50703
1.6291
0.57825
0.36488
0.11291
-0.21537
-0.50998
1.0122
2.0188
1.363
3.4573
-0.11554
0.85592
0.39942
1.0309
1.412
-0.74156
-1.5144
-2.4865
-2.3591
-1.8842
-3.6135
-5.5497
-6.4285
-5.5239
-2.2901
-5.1565
0.74268
-2.3184
-2.3207
-2.0921
-4.1339
-1.0009
-0.74433
-0.48791
0.25202
0.26043
3.5578
5.1135
2.322
-1.868
2.1943
2.9626
2.5101
2.1494
-0.24759
-1.2681
-0.84115
-1.7417
2.0035
0.97063
2.4995
0.078596
-0.31157
-4.573
-3.9522
-2.3184
-1.1703
-1.4261
-0.18258
0.51183
3.7585
2.6824
3.2946
2.6379
3.5896
1.8097
2.7394
3.8985
4.2637
0.94251
-0.52049
1.6053
1.2708
1.99
1.7872
1.6765
0.12852
-2.3685
-1.36
-0.49616
-4.6619
-1.9819
-1.7352
-1.3278
-2.2873
1.7651
2.2446
1.8798
0.61183
0.66685
-0.71628
-0.36166
0.64865
2.2185
1.9933
0.44758
2.7899
0.95416
1.5034
-0.4801
-0.37566
-1.2132
-3.4085
-3.0215
-3.3031
-2.2854
-2.1787
-2.6458
-5.2971
-3.0997
-3.9131
-2.8367
1.0889
1.2236
-1.9981
-0.51383
-1.6016
-1.847
-0.91149
-0.258
0.22219
0.58604
4.1487
5.1596
5.3383
0.22537
-1.8347
-1.3391
5.6672
5.5494
2.9205
-0.029955
-3.0689
-1.9161
-0.17488
0.48119
1.9999
0.20081
-0.026901
-2.6836
-3.0084
-1.0264
0.8756
-1.5077
0.041128
2.1519
4.2833
5.3722
2.4639
3.1712
1.9788
0.26192
3.81
2.7335
2.6133
3.1446
2.1781
1.489
2.4168
-0.29782
2.9871
-0.52334
0.012133
2.6701
-0.46072
-3.8939
-4.9913
0.1066
-1.4757
-0.1322
0.78146
-0.45849
2.2613
0.59611
-0.39297
1.3066
0.68089
0.7248
0.37377
0.66917
-0.080443
4.0374
1.012
0.2892
-0.76448
3.1419
-0.30025
-2.9751
-5.3046
-6.1192
-3.896
-3.0264
-1.938
-2.6024
-2.5105
-2.2586
-4.3208
-4.0091
-1.9761
-1.9054
-1.2495
-1.363
-0.19784
-0.039158
0.2501
-0.71169
-0.04563
-0.74102
-0.647
0.52529
1.3066
7.0407
4.0699
-4.8761
3.6058
3.4285
1.2734
-0.15024
-0.30414
1.2856
0.1096
-0.047371
-1.6044
-1.5441
-2.8559
-2.568
-2.167
1.5295
-0.43541
0.12665
-0.28334
2.3581
3.5148
3.7545
1.885
0.5755
0.32562
0.48446
2.3842
3.3606
3.805
2.7161
0.16693
4.1029
1.1209
1.5902
1.8128
2.8575
1.8762
1.0289
-2.184
0.49344
-1.4019
-2.3759
-0.46647
-1.7282
0.035659
0.14656
1.4132
1.163
-0.18182
0.29608
0.7232
0.66468
0.52242
-0.158
2.0829
-0.6768
1.8038
3.604
4.2204
1.3304
-0.67839
-5.975
-5.793
-5.5953
-5.669
-4.357
-3.5114
-4.2607
-2.593
-2.2837
-3.2619
-1.7945
-1.7406
1.1605
-1.8314
-1.9382
-1.1637
-1.0612
-0.97543
-1.2743
2.9874
2.5271
8.2299
4.6753
0.99724
2.0618
2.3248
2.6638
0.62787
-0.26753
-0.50006
-0.0034651
-1.8496
-0.69776
-1.1792
-2.0083
-0.84383
-1.18
-3.9502
-0.39652
-0.1476
0.08628
-0.38351
-0.25644
-2.5758
4.0978
3.166
2.35
2.7338
2.3157
1.082
0.3108
3.4429
3.0466
2.326
1.6423
1.7114
2.0174
0.28166
3.3121
3.2707
-0.058572
-0.22457
2.7792
3.1673
-2.9384
-4.4645
-2.3559
-2.4835
-0.1528
0.053013
0.32307
1.7611
0.7135
-0.43028
0.12889
-0.97465
1.8514
0.37817
0.29741
1.384
-4.9217
0.95659
1.3925
-0.062921
-0.81451
0.24467
-2.2682
-3.4056
-4.2674
-1.2721
-2.9735
-4.7397
-3.7244
-2.8655
-1.9853
2.0944
-1.6989
-0.83763
0.12187
-1.2234
-0.7813
0.37513
-1.6128
0.49596
0.69031
0.78359
5.7275
2.3831
6.0382
-0.38094
-0.7371
5.1929
3.4128
1.5069
0.73547
-0.59387
0.43461
-0.076195
0.47697
-0.013056
-0.71286
-1.4197
0.15276
-2.5088
1.419
-0.84258
-0.24975
1.2253
-1.1146
-1.4281
1.8984
3.3466
3.2121
3.4792
-0.058699
2.3249
0.25622
0.56084
2.7972
3.6553
1.1789
1.3696
1.3786
1.5836
0.51552
-0.31768
0.45707
-0.077915
3.0652
-0.32459
0.11244
-0.53903
-1.6742
-0.063705
-2.0882
-1.7208
-3.0472
-0.05125
-1.9714
0.2882
0.7294
2.0279
1.0871
0.68648
0.96438
0.8274
4.1939
2.9986
2.1465
2.5361
2.1183
0.17056
-0.68447
0.25775
-3.6422
-3.3251
-2.0921
-3.0204
-2.8232
-3.7679
0.94414
-3.3046
-1.6821
-0.74229
-1.9908
1.5381
0.31756
-2.2533
-0.87524
-0.034427
-0.67687
-1.7864
-0.64435
-2.431
-6.5791
-0.53123
5.8979
7.987
0.77125
-0.21976
-1.0972
-1.3204
-0.47985
-0.45634
-1.2795
-0.34705
-0.65519
-1.2644
-0.16911
-0.23786
-1.9512
-0.50025
-0.19804
-0.3149
-1.1937
0.38407
4.4708
2.0074
5.3447
2.4478
1.3495
2.6558
1.6071
1.7903
2.0895
0.5487
1.5136
1.1221
1.3137
0.13058
1.3958
4.5684
1.7072
1.0081
0.48642
-0.8588
-1.7481
1.7501
-0.55951
-5.9366
-2.2835
-0.88749
-1.0368
0.74149
2.4331
1.6396
-0.28294
-0.6487
-2.7863
-0.42878
1.1077
2.5442
-3.2815
-3.939
1.9995
-1.7057
0.51238
0.012196
-2.0143
2.6406
-0.90873
-2.2324
-0.66373
-2.0865
-3.776
-1.7172
-1.8362
-2.1149
-1.569
-0.40389
-0.41628
-1.0754
-1.1159
-0.2171
-0.45683
-1.1271
0.1441
-0.43532
-0.20274
-0.00089462
1.4161
-0.53145
-3.2153
2.4547
0.99603
1.7459
3.1083
0.11032
0.35966
0.36763
0.94891
0.51387
0.8302
0.27947
0.10108
-1.7799
0.9703
0.31957
-0.54322
0.4719
-2.0697
-0.36016
6.6504
4.1701
4.414
0.56882
0.19112
1.8285
0.79608
1.47
3.1722
1.6475
0.52364
1.0726
0.2691
-0.25375
0.15903
0.49544
1.0521
-0.095987
2.5072
2.4948
0.017725
-2.9514
-1.0019
0.26469
0.74821
2.4706
0.47035
-2.4759
-2.6415
-1.5889
0.46419
0.23916
4.052
1.2607
-0.71301
0.91958
-3.778
0.34632
7.0118
0.89077
1.8057
1.3705
0.15287
-0.86657
-5.0415
-3.7459
-5.9185
-2.3368
-8.1743
-5.9845
0.1896
-0.98428
-1.0342
-0.63411
-2.186
-1.9329
-2.3661
-0.69655
-1.6972
-0.23646
-0.07795
-0.73127
-0.42312
-0.90935
-1.3468
-1.212
4.3641
-1.3263
1.8901
1.165
1.2044
-0.31456
0.079512
-0.91633
-0.81246
-0.69638
-0.098142
-0.015824
-0.36511
-0.85638
-0.16368
0.46343
-1.047
-1.3274
0.22345
1.9352
2.9767
5.8979
2.0123
4.6839
0.92506
-1.7178
-2.7665
0.16443
4.7873
1.0273
-1.3182
-0.021562
0.63141
1.0193
1.0612
1.3376
0.15998
0.69809
0.83899
0.79342
1.6343
-1.2202
0.028644
-1.4256
-1.5043
-2.7537
-0.93544
-2.7539
0.069801
-1.1413
1.1933
0.44197
-2.1397
0.62473
-0.81823
2.5099
-3.615
-8.5441
-1.5443
-2.6887
-2.6428
-0.10352
1.4566
1.8706
3.6347
1.5634
0.91264
0.24607
-3.8314
-0.99354
0.068912
1.498
2.037
0.44684
0.64095
1.0349
-0.053239
-0.15243
0.38544
-0.12538
0.28789
-0.0029773
1.3695
-0.30367
0.26419
-0.83156
2.4533
1.3627
0.6051
0.26918
0.96629
-0.15864
0.87301
1.1636
0.68377
0.92377
0.20424
-0.17748
-0.81928
0.44696
0.30508
0.64934
1.4367
-2.5195
3.4488
0.68806
0.64868
-0.38007
-1.7952
-0.88806
2.3347
4.6284
2.1347
3.3246
-2.6311
-0.60621
-1.119
2.0314
2.4163
0.68271
0.75116
-0.44202
0.48719
2.0603
3.3437
0.47927
1.5592
0.78013
1.447
-0.63559
0.19762
0.66911
7.3651
0.019646
-1.299
-0.74253
0.65216
-0.80626
-4.9006
-1.2261
-0.95491
-3.0572
0.95194
0.65965
0.31786
0.21059
-3.7222
5.9078
8.3031
2.5884
0.44861
-0.50919
-0.052481
0.79551
-0.21694
-1.6567
0.72653
-0.79036
-7.4785
-3.7615
-1.7906
6.2022
0.06445
-1.78
-2.0431
-1.4468
0.19392
-1.6641
-1.9008
0.54034
0.34935
0.28215
-0.23767
0.18915
0.52649
-1.2913
-1.3919
1.9232
-2.6001
-0.46062
-0.070525
-0.13572
-0.90928
-0.26873
-0.25562
0.19836
0.086475
-0.04724
-0.066485
0.47493
-0.39862
-0.0088805
0.37139
-0.82946
0.80785
0.51746
-0.88259
-2.1943
-2.6173
-0.95703
1.4066
5.7316
5.3582
3.7064
3.0297
-4.5846
0.71392
3.3184
1.6596
0.71392
1.2547
0.88911
0.24038
-0.14472
0.74232
0.53608
0.61926
1.3634
1.4632
2.8704
-0.41378
0.12255
1.1847
1.0971
-0.57627
0.17483
-0.64037
-1.2518
1.1457
0.065263
1.2745
0.81257
-0.90963
2.0059
-0.087795
-0.52655
-1.0362
0.047508
-1.0158
-0.36395
-1.3172
-2.8299
-6.7078
-0.018528
-2.357
-0.88208
-1.3779
-2.4432
1.0224
1.9985
0.18138
3.2453
0.47002
-1.929
1.2897
0.51401
1.8617
0.74464
0.13894
0.9897
1.7798
0.81241
2.2624
0.23075
0.52383
-0.16245
-0.26507
0.7818
0.76142
0.52357
-0.30271
-2.0798
2.0016
-5.0453
-2.0638
-2.4489
-1.2865
0.74679
-1.2156
0.58724
1.0086
1.318
1.3976
0.44885
0.90751
0.31465
0.95807
0.82654
-0.42787
2.917
1.5749
1.1966
-2.1491
-1.0864
-0.31062
2.2205
4.1361
2.0271
4.653
-2.85
-1.4455
1.1443
1.0536
2.2595
-0.96006
0.66021
-0.35436
0.051225
-0.51936
0.83422
0.75892
0.66669
2.7468
1.0064
-2.4464
3.3
1.5322
0.3886
-0.42841
1.1692
4.1385
3.9936
-0.64721
-0.67629
0.54529
1.0235
-2.2744
0.30588
0.45049
0.15069
1.3316
2.1119
-1.6361
-0.65515
-0.40913
-5.5221
1.255
-1.8996
-0.43641
0.21965
0.79894
6.0489
2.7704
-1.4081
2.7114
-3.5192
-1.2446
1.3496
-1.2268
1.0564
0.11677
0.28605
1.2811
0.47026
0.14658
0.79186
1.2982
-0.45354
0.43698
1.0372
0.49792
0.54455
0.66546
-0.89518
-1.629
-2.6744
0.66161
0.010757
-0.74031
-1.401
0.23251
-1.2694
-0.78491
0.12672
0.37222
-0.0018502
-0.11036
0.28914
0.14868
-0.23211
0.38963
-0.14325
2.5463
1.0067
-1.7898
-0.016743
-0.98557
-0.54484
3.926
3.1118
1.0368
1.7683
-3.6818
0.34029
2.2334
0.21296
0.35339
0.91389
2.7546
-0.27041
-0.25881
0.47471
-1.1212
0.072019
2.4671
0.94666
1.1462
-2.3529
3.4394
-0.2686
-1.3242
-0.36783
0.71241
4.7198
3.8937
1.4391
0.85646
1.4168
-0.63604
-1.6692
-0.91164
-0.42172
0.99704
-2.1615
-2.0645
-0.026029
-1.3028
-2.5096
-2.6179
-1.763
0.47347
1.6495
1.1072
0.43061
0.062528
0.95239
-1.6624
0.81761
2.9421
4.7741
-0.73082
-2.7138
0.29107
1.8345
0.092504
0.49331
0.65845
0.54673
-0.49405
0.82711
0.98557
0.21856
-0.030628
-0.47187
0.50583
-0.62793
0.78738
1.7571
-1.7518
-2.5494
-4.8618
-1.5802
1.2554
3.8784
-1.2183
0.11414
0.22185
0.45163
0.041733
-0.23906
-0.70668
-0.31141
0.12576
-0.67474
-1.0861
-0.48815
-1.2883
0.39809
-0.61108
-2.2422
-0.86397
1.4974
-0.7066
1.4942
-1.8121
-1.8713
0.38612
-1.4062
-4.703
-3.3072
-2.6666
0.12
-0.8303
0.31497
-0.53381
0.43624
-0.10963
-1.6578
-0.89077
-0.42348
-0.64543
-0.8948
-0.44949
1.3433
0.43866
0.47905
0.62341
2.1703
2.6347
1.3
2.1837
1.356
1.7018
-1.4403
-1.0194
-0.2258
-0.58505
-1.4936
0.92472
-0.55044
-0.95424
-2.1448
-1.1626
-3.5687
-4.549
-0.60006
-4.2162
-3.6008
-2.3155
1.8715
1.6535
6.3997
2.4995
6.0288
0.94823
-1.3099
-1.4853
2.3039
1.7728
2.6921
4.2653
2.353
2.4247
0.97928
0.20649
2.1091
2.2706
-0.42277
1.0922
1.3939
0.17905
1.2704
0.31474
-2.4807
2.2048
3.316
-2.7878
-0.68705
0.49622
-1.19
-1.457
-0.91136
0.27355
-0.011265
-0.30673
0.41845
0.56052
-0.065275
0.049714
-0.11177
2.558
0.8929
-0.51825
-0.44229
0.37949
-1.4805
1.242
1.7494
-0.51956
-1.276
-1.9485
-1.0847
-0.59014
-1.3905
-4.2973
-0.53855
0.085595
0.58594
-1.2031
-0.80377
-1.958
-2.8343
-2.9468
-0.30155
-0.50336
-0.56755
3.2104
3.4973
0.12027
0.87575
1.987
5.2108
2.7334
0.76258
2.8716
4.187
1.9461
-2.2441
-2.3479
-0.32091
-1.7396
-0.12138
-0.25244
-1.1455
-2.436
-2.1144
-4.4885
-0.59834
4.3759
-3.3378
-1.2603
-0.034907
-0.37216
0.28288
5.7602
3.7125
3.9055
4.4247
1.3111
-2.69
1.397
4.3067
2.6772
2.7255
0.36844
-0.1097
1.0039
1.2092
1.8748
1.4959
0.94961
0.30475
-0.45378
0.39415
0.54266
0.24681
-1.525
1.5694
0.64124
-4.1024
-4.0559
-0.59953
1.4753
0.38078
-0.19996
0.3105
0.87878
1.0457
-0.61811
0.26723
0.21978
0.39046
0.29716
-0.29173
4.2565
0.276
-2.967
-2.4695
-0.31292
-0.64395
-0.79727
0.2718
-0.71893
0.50536
-2.7655
0.78565
1.0248
-1.7931
-4.7407
-2.3772
-0.47875
-0.59368
-0.014841
0.46684
-0.32732
-1.2493
-1.6527
0.43691
1.8957
1.1903
3.9011
1.7775
0.93393
0.60547
4.9265
1.1873
3.7108
3.0236
3.2066
2.5872
0.2684
-3.7115
-2.0119
-1.3283
-1.742
-1.1278
-0.56393
-1.5212
-0.63382
-1.4748
-1.5027
-3.0696
-2.9552
0.094622
-1.0946
-1.3456
2.8554
1.5133
6.2561
1.3094
6.5588
-1.8202
-0.98576
-0.46559
1.3012
2.1917
5.2231
2.6429
3.3708
1.4728
1.2186
2.365
1.5662
2.4027
1.0559
-0.28706
-0.71769
-1.271
1.0982
0.54378
-2.1789
-1.4203
-5.1004
0.13705
-0.37267
-0.93123
-0.97153
-0.79333
-2.1801
-2.2411
0.68406
1.6656
0.46907
-0.37724
0.91689
0.83978
0.85706
1.1732
0.73163
0.24274
0.61111
1.3038
0.74173
0.59396
0.50264
0.45675
0.57964
0.015244
0.41628
0.036616
-0.59094
-0.41828
-0.86507
-1.245
-1.2828
-1.7552
-1.5857
-1.0832
-0.98992
-1.0663
-0.86284
-0.45248
-0.047825
0.18264
0.27236
0.28056
0.11248
0.7105
0.57741
0.45823
0.92434
0.76617
0.52154
0.51356
0.44805
0.26299
0.1011
0.16651
0.044782
-0.24732
-0.26928
-0.47775
-0.40435
-0.45834
-0.50834
-0.47827
-0.41701
-0.39932
-0.099667
-0.28741
-0.25294
-0.075021
-0.06551
0.12707
0.20919
-0.0032474
0.24349
0.26266
0.14134
0.27473
0.21717
0.0090121
0.13781
-0.049998
0.0021046
-0.00034601
-0.18635
-0.17937
-0.025113
-0.23111
-0.12222
-0.17725
-0.41577
-0.17648
0.0068136
-0.094631
-0.069913
-0.30935
-0.15869
0.061679
0.052615
-0.22931
-0.17691
-0.020694
0.42641
0.025528
0.14328
0.27433
-0.009836
-0.075937
-0.12659
-0.24149
0.13639
-0.17641
-0.29897
-0.15944
-0.24662
-0.21189
-0.26761
-0.1885
-0.028032
0.04148
-0.1644
-0.040841
0.088883
0.12334
0.063722
0.027461
0.039371
0.17825
0.09739
0.11911
-0.03351
0.033593
0.007414
-0.1377
-0.077794
-0.010846
-0.17072
-0.11268
-0.20513
-0.047319
-0.095848
-0.15221
-0.033471
-0.11558
0.1073
-0.11346
-0.27744
-0.10978
0.26339
-0.1852
0.015212
-0.030114
0.057696
0.047762
-0.060863
-0.2045
0.086984
-0.07095
-0.033133
0.15765
-0.035645
-0.078171
-0.070648
0.068564
-0.095135
-0.10565
-0.050108
-0.13834
-0.25639
-0.162
-0.084902
-0.087437
0.03404
-0.12478
-0.1881
-0.026795
0.068807
0.0042088
-0.12669
0.04266
0.0392
0.0048638
-0.1829
-0.05536
-0.062768
0.0691
0.011374
-0.036659
-0.34966
-0.11645
0.16576
0.011415
-0.055186
-0.10306
0.20954
-0.07719
-0.22709
-0.10322
-0.02475
0.11695
-0.093495
-0.16827
-0.073847
-0.066028
-0.073205
-0.1608
-0.24794
-0.14519
-0.14816
-0.13595
-0.066896
-0.068499
0.047656
-0.0075989
-0.022004
0.067856
-0.0064499
0.027612
-0.010863
0.022124
0.058442
0.066809
0.012427
0.013817
-0.073705
-0.010491
-0.06143
-0.13521
-0.11136
-0.11528
-0.15151
-0.081168
-0.16322
-0.10385
-0.0946
-0.065288
-0.11701
-0.014251
-0.11453
-0.02001
0.0007785
-0.15087
0.1295
-0.16234
-0.16246
0.14762
0.0031382
0.027746
-0.0077931
0.13684
0.10412
-0.02622
0.084172
0.071895
0.045695
-0.045761
-0.077821
-0.098058
-0.090962
-0.19578
-0.23042
-0.17226
-0.14071
-0.092831
-0.15376
-0.09004
-0.070727
-0.10012
-0.0093229
-0.019367
-0.005562
0.070869
-0.050949
-0.044011
0.077604
0.008701
-0.04339
-0.12777
-0.052382
-0.016512
-0.13067
-0.096967
0.03011
-0.012106
-0.051091
-0.13944
-0.050262
-0.021966
-0.090832
-0.027735
-0.077673
-0.011412
-0.014627
-0.0060047
-0.074678
-0.10021
-0.11819
-0.13572
-0.12112
-0.14715
-0.088534
-0.11991
-0.086575
-0.055246
-0.095644
-0.04261
-0.030696
-0.045554
-0.0094202
-0.016266
-0.031561
0.024144
0.012372
0.037673
-0.0034819
-0.064217
-0.0034513
-0.03656
-0.13361
-0.12893
-0.15484
-0.066566
-0.021747
-0.13953
-0.12964
-0.073064
-0.0073533
-0.062389
-0.096237
-0.039555
-0.015547
-0.049096
-0.11081
-0.023906
0.0061824
-0.014368
0.075191
0.031681
-0.26739
0.081766
0.062673
-0.24067
-0.23432
-0.11921
-0.01443
0.0028295
-0.0006147
-0.047833
-0.017301
-0.016539
-0.090578
-0.14108
-0.11119
-0.011597
-0.11471
-0.035541
0.087999
-0.1214
0.042052
-0.028933
-0.11318
-0.064841
-0.10743
-0.013928
-0.041327
-0.078835
-0.020103
0.014392
-0.041828
-0.039498
-0.088204
-0.084126
-0.050919
-0.094568
-0.043801
-0.049185
-0.0025204
-0.053214
-0.022071
-0.040251
-0.082762
-0.12531
-0.071363
0.0093343
-0.075024
-0.16567
0.061614
-0.014128
-0.097772
-0.078327
-0.026415
-0.071872
-0.095297
-0.062624
-0.040826
0.0052386
-0.039852
-0.04227
0.012321
-0.083197
-0.064989
-0.075687
-0.092739
-0.063735
-0.10111
-0.035618
-0.016435
-0.047599
-0.10512
-0.098758
-0.12455
-0.037783
-0.070674
-0.046451
-0.096966
0.061091
0.055804
-0.12528
-0.11204
0.045219
-0.01838
-0.1189
-0.0039377
0.03015
-0.047203
-0.031491
-0.082651
-0.10074
-0.069763
-0.050391
-0.032881
-0.16185
-0.089769
0.019502
-0.126
-0.065408
-0.047845
-0.047142
-0.048426
-0.088801
0.011043
-0.0066455
-0.035029
-0.048392
-0.074766
-0.042469
-0.058378
-0.080608
0.029127
-0.017481
-0.084235
-0.10382
-0.080938
-0.052681
-0.043555
-0.061805
-0.053604
-0.070795
-0.095899
-0.011809
-0.071779
0.018778
-0.031167
-0.087101
-0.047077
-0.02241
-0.09347
-0.08093
-0.065882
-0.073409
-0.061672
0.033649
-0.02339
-0.073449
-0.012497
-0.05793
-0.026283
0.035086
-0.044845
-0.092273
0.043544
-0.0040935
-0.10483
-0.02365
-0.0011661
-0.13336
-0.099854
-0.040832
-0.024304
-0.10295
-0.076897
0.022402
-0.12309
-0.084384
-0.02582
-0.11972
-0.038657
-0.059821
-0.05966
0.0023922
-0.088401
-0.0074578
-0.024033
-0.024634
-0.046561
-0.078941
-0.040157
-0.027838
-0.065162
-0.050274
-0.0050489
0.023654
-0.053789
-0.07703
-0.12648
-0.034935
-0.067403
-0.084647
-0.17722
-0.040327
0.019187
-0.16195
-0.093596
0.057322
-0.086089
0.0008503
-0.09115
-0.035955
0.014689
-0.057946
-0.033102
-0.06299
-0.012046
-0.043741
-0.044226
-0.027563
-0.014636
-0.073152
-0.022464
-0.062079
-0.082353
-0.046035
0.010723
-0.07698
0.021515
-0.070536
-0.054121
-0.088464
-0.071184
-0.074383
-0.073429
-0.091593
-0.079291
-0.091922
-0.066145
-0.092332
-0.10249
-0.034489
0.020101
-0.069948
-0.069134
-0.089883
-0.11509
-0.0087119
-0.091715
-0.0619
-0.01538
-0.038864
-0.086324
-0.064091
-0.016442
-0.036913
-0.054987
-0.044057
-0.06864
-0.011124
-0.0031931
-0.015807
-0.078621
-0.038806
-0.099562
-0.080202
-0.035402
-0.1167
