0.013131
-0.079095
0.048779
-0.058493
-0.02594
-0.0031477
-0.076777
0.059918
-0.031392
-0.030663
0.038268
-0.00066497
-0.002631
0.020754
-0.006182
0.076038
-0.021952
-0.02639
0.047521
-0.07676
-0.012452
0.03933
-0.033686
0.067469
-0.030907
-5.4162e-05
0.052911
0.015642
-0.030419
-0.070391
0.099205
-0.037455
-0.029478
0.037738
-0.047951
0.045033
0.0094862
0.035289
0.036774
-0.047042
-0.018359
0.096866
-0.08481
0.041606
0.032717
-0.077874
-0.0024434
0.031276
-0.0083328
-0.0034485
-0.027563
0.052015
0.0096715
-0.028962
0.062287
-0.014199
-0.0023383
0.028751
-0.033254
-0.042554
-0.0045396
-0.022313
0.011945
0.010944
-0.014025
0.013046
-0.089541
0.016582
-0.011322
-0.031693
0.039947
-0.051998
0.0038428
0.055768
-0.072465
0.023605
0.013744
-0.044056
0.064839
-0.046009
-0.011489
0.061793
-0.07316
0.0067447
0.02211
-0.057311
0.08633
-0.022956
-0.020638
0.13448
-0.10605
0.089216
0.0047853
-0.045871
0.036987
0.0064702
-0.0056792
0.00035362
0.010335
0.00062654
-0.030216
-0.039045
0.049272
-0.059103
0.028781
0.0031353
-0.068176
0.037035
-0.033294
0.01395
0.082318
-0.051001
0.0093721
0.013078
-0.052617
0.080273
-0.0062549
-0.059057
0.074426
-0.029017
0.0076966
0.035444
-0.026271
0.022964
-0.033318
-0.041376
0.040085
-0.086104
0.020098
0.044231
-0.09046
0.040107
0.024013
-0.021476
0.027015
-0.033748
0.020263
0.041194
-0.05411
0.062438
0.01436
-0.04678
0.061296
-0.020228
0.013004
-0.0087106
-0.062727
-0.047461
0.12607
-0.058623
-0.034166
0.014095
-0.018655
-0.013538
0.033744
-0.057363
0.020178
0.055039
-0.053836
0.058524
-0.05412
-0.03748
0.069605
-0.026406
0.028814
0.029971
-0.043419
0.069766
-0.022736
-0.048379
0.023052
-0.05231
-0.0037092
0.0016715
-0.039013
0.042184
-0.040759
-0.014864
0.044723
-0.057474
0.035519
-0.013721
-0.019909
-0.013068
-0.073773
0.0097956
0.020649
0.044938
-0.044234
-0.033362
0.05094
-0.082463
0.060656
-0.016193
-0.031811
0.055231
-0.052301
-0.0075238
0.052269
-0.032602
0.077473
0.007461
-0.044602
0.027718
-0.058807
-0.032448
0.079445
-0.12844
0.093749
-0.0077504
-0.03802
0.03172
0.0059145
0.078811
-0.0078448
-0.048166
0.069799
-0.041319
0.0033322
-0.04481
-0.015566
0.017663
-0.045285
0.010704
0.060235
-0.04955
0.010685
0.040959
-0.036158
0.073854
0.00045194
0.060522
-0.097174
-0.020024
0.060299
-0.069424
0.053792
0.053065
-0.056511
0.011069
0.012003
0.014351
-0.04351
0.0051054
0.053163
0.033453
0.012082
-0.090044
0.10678
-0.056017
-0.042817
0.00015628
-0.0071165
-0.015553
0.011814
-0.017851
0.088857
-0.039341
0.024731
0.028548
-0.03696
0.031651
-0.024672
-0.030383
-0.0053671
-0.00982
0.054711
0.036496
0.041894
-0.07474
0.027362
0.03298
0.0037005
-0.057622
0.057901
-0.0037955
-0.0064508
0.061933
-0.027893
-0.011258
0.032558
-0.020626
0.033353
-0.092291
0.15553
0.1985
0.088289
0.076081
-0.034651
0.19459
0.11674
-0.33747
0.22487
0.18096
-0.15364
-0.083233
0.010131
-0.038121
-0.073303
0.02148
0.59544
0.20952
-0.03074
-0.040857
-0.047135
0.20451
0.16617
-0.28606
0.88873
0.31507
-0.2014
-0.37881
-0.75011
0.18806
1.0999
7.8621
8.0725
-2.9288
-7.2951
-7.5564
-2.9005
1.4066
5.9958
2.8247
-0.30679
-0.11967
-2.7386
1.2722
1.1884
1.4243
0.50889
-0.9213
0.56064
-0.36457
-1.9848
0.32777
0.58385
-0.48744
-0.91931
-0.20516
1.3758
1.416
0.98386
0.078256
0.055398
0.87625
0.5217
0.81981
-2.1091
-0.61628
0.59224
1.3914
-0.2235
0.20014
-0.74052
-0.4671
-1.0411
-0.97764
-1.9826
11.096
-0.62383
-4.3593
-5.633
-7.4958
-5.2326
0.96373
5.324
5.7501
5.4785
1.752
0.669
-3.551
0.30347
-0.10871
-2.0023
1.7078
0.84791
0.353
1.1152
0.41991
1.3709
4.3174
3.3045
4.7246
3.496
3.7238
0.4135
-9.87
-7.7804
-10.769
-1.0994
-4.3496
3.9361
7.5191
2.8712
-3.5689
-1.9339
-2.374
-0.81688
2.4197
1.696
0.6631
-0.70583
1.2127
3.9005
-1.3864
-4.5177
-4.1285
0.43127
-2.337
3.027
1.1618
-4.9767
-1.2155
-1.9643
0.48551
1.0339
4.6991
2.7542
-0.87247
-2.0749
-2.5166
-0.59229
-0.445
2.1131
3.2861
2.3898
-0.21479
4.58
-0.9459
-2.6037
-3.0962
-1.4677
-1.9172
1.2589
3.0591
3.7536
-2.4655
0.63283
-0.13936
-0.98357
0.7919
1.495
1.4864
0.30057
0.53695
-3.9165
6.8104
2.8052
-2.0928
-3.0293
-0.33295
4.5187
1.6694
-0.80366
-1.7249
-0.70613
0.086445
1.2887
0.93043
1.9644
2.6959
1.322
-0.5376
0.73334
-0.57683
-0.63749
0.38614
3.5673
5.4624
3.6772
6.4877
-3.1369
-5.4524
-4.202
2.4115
8.5729
1.6938
-3.7371
-2.541
-0.71868
1.2665
2.2146
1.3805
-0.66571
-0.65567
4.5852
0.95913
-2.5976
-4.9487
-5.1815
3.029
4.8141
-0.7686
-0.67647
-3.8348
-3.2677
-3.057
-0.20478
2.7321
1.9739
-0.79232
-1.5724
-2.7756
-2.1771
-0.3735
0.30319
2.4205
0.50675
2.9509
0.90738
-1.0466
-1.4838
-2.7773
-2.023
0.019638
1.9029
2.3437
1.3702
-0.15706
-1.5042
-0.99546
-1.175
-0.33593
0.79189
10.855
1.3976
3.0959
-6.0365
-5.6122
-1.3807
2.2507
3.1516
3.0254
6.853
1.9836
0.083608
-0.13865
-3.921
-2.0442
-2.9966
2.3087
-0.49795
0.76082
0.60981
-1.022
-0.69769
-0.67395
-1.3977
1.0961
2.2535
5.5212
5.4734
4.4411
1.6709
-10.719
-7.1128
-9.8373
-4.5425
4.9115
7.2369
8.536
-0.16885
-4.5611
-2.6448
2.1494
3.4118
1.3914
-0.45149
-1.3447
1.4765
2.3904
3.8815
-1.307
-4.7011
-5.9767
-3.458
1.1765
2.8608
0.97557
3.9113
0.16082
0.42339
-3.0446
-2.6398
-0.51194
-0.95244
-1.0674
1.2675
2.4491
1.7788
0.89053
-0.95558
-1.673
-0.69838
0.45315
1.4257
1.7866
2.6362
4.2181
3.9826
1.8593
-0.2951
-1.6007
-0.69607
1.2707
1.1161
-0.37922
-1.1223
-0.61387
-0.061234
1.3235
1.4545
0.885
0.78192
3.6541
-0.49947
-4.5283
-7.8844
-5.1515
-1.7847
-0.40451
4.9997
2.5225
1.2365
0.80892
-0.056669
-1.6257
-3.2053
0.097692
-0.45654
1.7904
-0.067861
-0.22391
0.4295
0.80639
1.1207
1.1573
0.98929
2.297
0.97544
2.2467
-5.0052
-6.6394
-7.0213
-6.2759
-3.357
6.9734
2.1864
-1.0589
-0.39682
-2.3476
2.3974
1.6247
0.51989
-0.9456
-1.0779
1.909
1.9279
4.1922
-0.64257
-3.6772
-4.552
-4.6653
1.4353
1.1832
3.0369
3.7587
-0.87518
-0.10728
-2.4187
-1.2752
0.53781
-2.6222
0.36526
1.1729
1.7436
0.15493
0.79721
-0.35432
0.92344
0.56071
1.8272
4.986
0.72882
1.1211
-3.0808
-2.3614
-2.5504
-0.94396
2.4322
2.0728
-1.1126
-0.10092
-1.191
-1.442
-2.2364
-1.2488
-0.80219
0.077538
1.0802
7.2786
8.647
-1.9286
-1.3675
-8.4587
-2.4073
-4.6212
-3.8595
4.0435
4.4034
3.0328
2.5208
0.50317
0.31799
-0.35753
-3.5436
0.43111
0.60955
-0.41351
-1.5905
-0.56627
-0.021397
0.52855
7.2037
6.7852
7.6856
3.9663
-13.16
-7.9201
-6.6793
-3.1344
1.889
5.0974
3.9229
-2.3678
-2.271
-1.6506
1.655
2.2004
1.2189
-0.79787
-1.5735
-1.327
4.6329
4.4381
-2.3359
-6.347
-5.7667
-3.3154
2.475
3.1938
1.7343
5.8935
1.9155
-0.83004
-2.635
-2.027
-0.26461
3.0219
3.3211
-0.057217
-1.3823
-2.2846
-0.93517
-1.1799
0.83963
2.6296
2.6657
6.0093
2.205
1.1434
-1.4944
-1.5845
-3.6814
-0.51528
0.49918
1.5156
0.85335
-0.29809
-0.75807
-1.0219
0.64852
-0.50048
0.32177
0.96703
-0.13799
-1.9073
6.8413
-0.16063
-4.5053
-9.3946
-6.1653
-1.755
1.2354
3.336
5.3547
2.0738
2.5081
-0.54505
0.018731
-1.6391
0.065534
-0.1324
0.86951
0.8361
0.056763
0.47026
1.7818
1.3222
1.5919
3.9702
14.419
1.0824
-5.412
-8.992
-7.3514
-5.2958
-3.5226
5.9222
3.9363
1.897
-1.5105
-0.52178
1.7836
1.4903
1.7899
0.71504
3.4228
0.65744
-1.9045
-5.9881
-3.4887
-1.7794
-0.53183
3.1914
3.1221
-0.85622
-1.6243
-1.2326
-0.3923
0.2645
-1.9269
-2.6731
1.3042
3.1309
1.6792
0.40656
-0.65384
-0.8011
-0.76962
-0.18682
1.6898
-0.87994
1.2379
2.8001
5.5272
1.192
1.1103
-3.4706
2.6783
1.6319
0.26613
-1.1868
-1.9911
-1.8108
-0.88818
-0.54396
-0.18256
1.7102
8.0286
6.6445
1.2289
-0.3117
-6.3811
-5.9732
-4.1851
-1.5943
1.972
1.9153
2.5349
4.7669
2.5988
-0.22716
-2.0831
-3.4758
-1.8899
-0.10081
-0.64654
1.5776
0.40675
0.00096844
-1.3977
-0.97683
-0.41566
0.22212
0.67735
-0.46958
3.8246
7.891
7.6891
-0.99271
-7.2612
5.0905
4.171
1.6528
-1.9086
-3.0143
-0.23927
0.82216
1.9791
-0.05399
-1.3958
1.1398
5.0491
7.9663
4.1623
-2.322
-5.9646
-5.8132
-6.1314
-0.57898
1.9996
4.7248
5.7533
4.3453
-1.6673
-4.5918
-2.0137
2.1134
1.7007
-0.16557
0.7153
-0.97006
0.43721
0.62195
1.7278
0.57575
1.4494
-0.12372
-0.20338
0.3268
0.77125
7.281
2.8186
1.4627
2.1378
2.0701
-2.6788
-0.77841
0.62744
0.89216
0.68401
0.0095203
-0.33895
-0.31436
0.83539
2.785
8.9087
-6.3425
-7.535
-5.5759
-4.4771
1.6185
8.026
5.9613
1.2954
-2.3724
-2.7404
-2.1164
-2.3667
0.4713
0.4067
2.3998
0.59938
1.7653
0.56787
0.66147
1.4868
-1.3722
-0.09758
2.504
0.52629
0.098364
0.43286
8.1646
10.529
4.5584
-2.9061
3.2627
5.3569
2.2032
-1.7261
-1.75
-0.7407
1.4273
-0.85299
-1.1814
-1.363
1.4459
11.861
8.3602
-4.5837
-3.8257
-8.4575
-7.8596
-2.4799
5.0731
8.285
6.1297
0.66353
-0.82214
-2.1723
-1.2121
0.3463
1.5732
1.3203
1.2249
0.43354
0.57824
-1.1761
0.44768
-0.65433
1.9391
3.0521
0.39546
1.759
-1.0046
5.327
-0.096242
-6.9243
-4.4237
4.5727
1.1847
-0.34769
-0.94309
-0.1298
-0.766
-0.41775
1.3372
-0.6679
-0.036442
-0.13796
-0.089946
-3.3214
6.0879
-3.402
-8.2912
-11.659
-7.306
-1.4755
3.6606
5.744
5.4128
2.8764
-3.7159
-4.2972
-2.2751
-0.83617
1.8944
0.99349
-0.087384
1.0871
-0.26704
0.20628
0.76112
-1.4984
-0.26897
-0.063393
-0.086303
7.6297
6.2539
0.82537
-6.7163
-5.5764
-7.618
1.6671
3.3974
0.36379
-1.877
-1.0651
0.44377
0.69536
0.23033
-1.1505
-1.0527
-0.34649
0.42924
3.7019
-3.7899
5.5159
-7.4416
-10.426
-7.9276
-8.1348
1.5471
9.8395
8.023
4.3447
0.878
-2.3731
-3.4199
-1.9262
0.77029
2.0487
1.849
0.46478
-0.13323
0.7457
-0.67955
-0.10201
-0.94612
-0.50793
2.6494
-0.13303
2.8561
2.3645
4.8245
-5.8422
-2.3026
2.7373
4.545
-0.62332
-0.35841
-2.3314
-1.8234
-1.1984
0.32581
0.042636
-0.34296
-0.65949
4.943
1.3103
5.427
-6.14
-7.6541
-8.013
-5.7779
4.5618
9.9446
7.1395
2.7286
-0.34991
-0.90121
-4.3003
-0.25912
-0.47691
2.9632
0.76036
1.0152
0.095856
-0.61746
-0.54199
1.109
-1.0816
0.97183
-1.2951
6.8895
7.585
-2.1501
-5.9632
-4.933
0.43982
4.2104
0.25719
-0.94066
-1.1379
0.69072
1.1982
0.19905
-1.2049
-1.6366
-1.5133
0.36536
1.5036
1.3982
4.8628
-5.1902
-5.174
-7.4393
-5.9121
-1.6728
3.7173
5.6152
5.9878
1.6083
-2.5005
-1.5882
-1.1868
0.22841
1.7999
2.2448
0.73575
0.73588
0.26774
1.0827
-0.85126
3.2938
0.18401
0.70801
0.92572
1.0705
3.2008
-3.1816
-5.0722
-3.7711
-1.7178
4.0216
4.02
1.645
-0.29777
-0.73191
-0.90003
0.41314
0.15478
1.0712
-0.30608
-1.1907
1.0834
-2.2385
6.1904
-1.7237
-5.6753
-10.979
-7.1425
-1.5057
6.1463
6.0778
3.5534
1.8313
-4.3528
-5.2007
-2.2394
-0.87086
4.406
1.81
0.91335
-0.14738
0.034991
-0.37504
-0.69219
-0.42857
0.42916
1.4518
-0.24052
0.92455
0.13118
0.78708
-2.8924
3.3339
-1.1204
-4.8973
-2.8729
-0.96412
2.2043
0.21238
-2.0094
0.41621
0.26414
-0.68286
-0.36681
-0.75671
-0.5812
0.42761
0.13022
4.9892
5.1639
0.22749
-4.4135
-8.4697
-8.2683
-7.0316
4.3095
7.9246
6.3699
1.2628
1.1323
-3.9815
-2.9955
-1.1131
2.4571
1.2785
0.32607
0.38186
-0.85468
0.39004
0.056013
0.18246
1.4027
0.59503
2.4644
1.8718
-0.41195
4.4218
4.131
-0.37239
-5.7173
-4.4986
-4.2066
2.5625
3.3042
2.0703
0.7246
-1.5451
-0.8224
-1.3639
-0.0062289
0.040794
-0.6064
-0.43748
-1.078
10.119
2.3275
-7.6002
-9.6137
-7.4301
5.9262
8.0816
6.9618
3.1854
-1.0171
-2.777
-0.021394
2.6307
0.5772
1.2984
0.97995
-0.20671
-1.0268
0.16192
0.045976
0.36358
0.76439
0.83047
-0.48615
4.0907
6.3291
-0.5445
-4.461
-1.361
1.4449
1.6862
-0.28733
-1.2358
-0.009776
-0.89336
-0.52092
0.22511
0.0492
-0.14202
1.5843
5.3357
-8.5213
-9.3254
-6.2502
0.92721
7.068
7.6617
4.0366
0.011648
-2.8158
-3.1661
-0.94982
2.2974
2.5364
0.34053
0.64754
-0.14194
-0.21563
0.32159
0.77772
0.52024
1.4221
0.52871
2.0685
1.5687
-3.2022
2.5578
6.4793
3.9419
-2.0973
-0.58924
5.191
3.7111
0.4856
-2.5893
-2.0121
-0.64996
1.6382
-0.9472
0.089731
4.0656
-1.0133
6.3361
-5.9349
-9.5266
-9.649
-7.2868
4.3252
9.1754
6.9706
3.533
-0.64791
-3.1018
1.7817
1.523
0.60907
0.82352
-0.3169
-0.55179
-0.24364
0.090014
1.595
0.82005
1.0732
1.6201
0.82186
1.0028
4.5614
-1.1911
-3.3458
-3.798
-0.6619
1.7776
0.54028
-1.3197
0.077254
-0.46986
-0.98658
0.25724
-0.20477
1.9307
9.8904
7.1937
-3.8011
-9.7763
-6.7524
-1.1633
2.8485
8.5687
7.5521
0.81657
-2.7464
-2.8006
-2.2879
1.2132
1.8712
2.4099
0.23763
-0.99811
-0.36235
0.43526
-0.30512
0.88162
0.98374
0.70925
1.869
-0.57569
-0.60728
-1.5783
-2.0731
-7.164
-4.4508
4.2787
6.0243
0.56418
-2.6909
-0.68406
1.4873
1.0811
-0.50215
0.67845
0.057173
0.40021
9.2563
2.4577
-5.3692
-10.392
-6.9857
-6.0291
3.5143
9.0027
3.945
1.1752
-0.83593
1.502
1.9975
1.5126
0.95143
0.38727
-1.3397
-0.15356
-1.9585
-0.2709
0.94538
1.0534
0.53192
0.42047
1.508
-0.27959
-2.2135
4.0339
-4.977
-4.2566
-1.1373
1.7735
0.42781
-0.96727
-1.2919
0.3852
0.43157
0.039632
-0.72398
2.327
-0.74474
6.6048
-9.7961
-8.3347
-10.003
-7.0256
1.7471
7.2821
5.0329
-1.2389
-3.7005
-4.0247
1.561
0.1892
3.327
0.66334
0.2447
0.37836
0.52086
0.31831
-0.27698
0.53865
0.8706
1.8653
0.92842
1.7227
-0.39547
1.4458
5.4566
-4.1975
-4.8728
1.2924
4.9656
4.3042
-0.10807
-0.41206
-2.1669
0.74583
0.14603
0.78063
-0.38026
2.956
3.6524
8.1536
-5.2242
-9.347
-8.4767
-7.4721
0.61856
6.2746
6.2008
4.2997
0.6379
-0.52092
-4.629
-0.67564
0.67595
-0.60551
2.2156
-0.24465
1.5104
-0.031233
0.77485
-0.66567
1.0677
1.081
2.4373
3.7261
6.2521
0.23916
-4.7254
-2.7638
0.84159
1.7304
2.9751
0.1179
-2.1092
-0.60091
1.9324
-0.058721
-1.0448
-0.3088
-0.02185
0.83582
5.7334
7.5321
-5.4635
-2.2097
5.1795
5.382
2.5068
-1.5904
-1.291
-1.734
-1.7477
3.3751
-1.3096
0.7171
2.0443
0.30087
0.70545
-0.78603
-0.16448
-0.57262
-0.23395
1.1925
1.2792
0.027343
5.4121
5.4915
0.95667
2.972
-1.3768
-5.878
-3.844
-0.23706
0.95806
1.1773
0.17381
-0.23575
-1.0414
-0.38217
1.0571
2.9038
8.6796
-2.2831
-4.9787
-8.3413
-5.6484
-6.4633
1.7274
6.0304
3.4015
2.391
-0.027663
-1.7284
0.87453
-3.6398
0.39645
1.2485
-0.33019
0.20316
-0.73195
-0.80811
-0.76145
0.31545
-1.2707
-1.0858
-1.2553
-1.1271
1.6634
7.2226
-7.2665
-3.5925
-5.7923
-1.5521
4.2038
3.8548
0.382
-1.1443
0.27284
1.1259
0.33563
-0.77958
0.64865
-1.8671
-1.486
6.431
2.8126
-4.3234
-7.7443
-7.365
-4.7576
4.7713
2.739
4.4349
0.32646
-3.2392
0.058214
-0.7538
-2.4249
1.3217
3.1316
0.0014188
-1.2762
-0.53893
-0.6542
0.76764
0.22999
0.33311
6.2403
5.1375
5.5643
4.6486
-4.8397
-5.0999
-5.7109
-3.504
-0.064731
4.1844
4.1264
1.3231
-0.64324
-2.443
-1.232
0.71772
1.708
0.5952
-0.23073
1.1352
1.2999
2.888
0.63693
-6.2468
-9.4132
-6.6229
-0.67303
5.755
7.5406
2.7699
-0.66537
-4.7078
-0.62933
3.2694
0.25285
1.1556
0.45439
-1.0888
0.27318
1.8338
2.5121
-0.41569
1.7987
1.1871
-0.27456
4.3571
7.5226
-4.053
-7.1488
-8.0767
0.72232
2.2724
4.5187
2.0478
-0.56769
-3.0391
-0.13955
1.4833
2.1927
0.9272
-0.6319
-1.4612
1.8984
-0.24259
6.8187
-2.192
-3.1861
-7.8697
-6.0039
-5.0463
5.1326
3.2784
4.2843
-1.6373
-1.1707
-0.63843
-2.7946
-0.34961
-1.3183
1.0436
3.8874
0.47683
-0.058542
-0.64714
-1.4083
-1.0171
-0.49039
0.9773
1.1609
5.7175
3.622
4.1967
1.0603
-5.3944
-4.2773
2.7225
0.35978
2.2899
1.627
-0.14581
-0.3004
-0.99321
-1.0904
-0.24528
0.25031
-0.65623
0.12771
2.7124
11.234
1.9078
-4.2599
-7.6746
-7.0345
-5.0401
1.1992
7.1624
3.75
3.2352
-0.73621
-0.83966
-1.9946
-3.3879
0.63067
-0.22019
2.0867
-0.89435
-0.39803
-0.39201
0.13133
0.20081
0.77016
0.80687
0.80505
-0.34797
-1.0195
2.1021
-5.055
-5.7947
0.069822
5.4968
2.4466
-1.5192
0.12996
-1.2439
2.3323
0.8543
-1.1911
0.19134
-4.8884
-1.6115
7.0903
3.1056
-1.6056
-6.3854
-7.1849
-2.2632
3.3622
1.0375
3.5678
0.53993
0.03634
-0.71366
0.46394
1.4398
-2.2985
-0.17618
-0.60206
0.94601
1.6766
0.56215
-0.24315
0.16174
-1.0951
-0.086121
-1.0052
1.3946
2.7253
6.3743
-2.0716
-3.7669
-4.7898
-3.0725
-1.7355
1.6232
3.0128
2.2436
-0.70325
-1.1665
-0.86387
-1.697
0.83695
-0.64516
1.681
3.1747
3.0202
0.30775
-5.3195
-9.5279
-6.0786
0.3138
2.5352
6.8669
1.8969
0.059131
-2.114
-1.9797
-0.45434
0.37524
-0.81932
4.402
1.3821
-1.6368
-0.83139
-0.56219
0.35004
0.84143
0.30057
2.0469
1.955
1.4836
0.3433
7.2701
-9.2665
-5.9976
-2.0849
1.8879
5.7403
5.3111
-1.4132
-3.3484
1.4648
1.6762
1.8922
0.70224
-0.74327
1.8065
0.19865
2.3849
-1.9423
-2.8961
-6.4376
-6.5509
-3.1499
4.1849
3.194
4.9197
-1.4056
-2.9858
1.2228
-2.4215
-3.3466
1.2169
-2.6402
-0.56032
4.9493
1.1286
-0.83024
-1.0442
-1.3461
-0.54346
-0.47013
1.4324
2.6234
0.69205
6.1183
5.3372
2.2539
-5.3955
-3.4146
2.0903
2.9953
1.6086
-1.1195
-0.41401
0.22809
0.71129
-1.4504
-0.11627
-1.0202
0.53911
1.381
5.973
1.0901
-3.2466
-8.9326
-8.3358
-3.1724
1.708
7.9686
4.1431
2.9664
-1.5848
-1.978
-3.0472
-3.0928
0.52619
-0.74829
1.4876
-0.98679
-1.2907
0.27483
-1.493
0.48435
0.80975
0.62151
1.4941
-1.3035
-0.91681
1.0115
-7.223
-4.9133
-7.2075
0.73262
1.2625
-1.6518
-0.81636
1.2092
-1.8669
3.1598
0.1767
-0.61934
-1.5626
-0.65177
5.9684
1.9869
-3.1138
-4.3892
-6.7194
-2.0581
4.7038
1.0903
3.2828
1.7301
-2.1078
-0.92172
-2.3259
-0.16258
0.72987
-0.99801
0.97659
2.0902
1.7471
0.27221
-1.3291
-1.02
-1.3627
-1.4863
-1.0675
1.7966
2.366
3.538
1.7963
1.0908
3.1749
0.21953
1.4205
0.85049
2.7522
3.6058
-1.0679
-0.086609
0.5441
-0.10284
-0.68366
-0.41534
0.52614
4.3687
-0.64272
7.0339
-5.4253
-10.237
-5.8632
-4.208
1.458
6.8563
2.5033
2.0218
-2.4296
-2.9132
1.8854
-1.1656
-0.41485
2.2275
3.1005
0.022205
-1.0074
-0.87539
0.29225
0.38527
2.4303
3.1618
1.1364
0.69329
5.0177
-1.7641
-8.6755
-5.8074
-1.17
2.1858
4.9957
2.6013
-2.8744
-0.40451
2.1854
1.5651
0.44002
-0.72995
-1.0411
1.0452
1.0197
5.262
-2.3945
-2.8983
-5.5125
-5.3291
-3.4304
3.3383
1.0471
2.1335
1.4165
-1.2863
-0.65561
-2.0855
-2.8388
-1.411
-1.7785
1.0831
4.8797
2.1718
-1.2166
-0.030774
-1.9674
-1.2939
-0.42923
0.024513
0.3339
0.38729
-2.5591
-0.57115
-3.223
-0.18609
-0.24601
2.3489
3.0407
0.59735
-0.069767
-2.373
-0.72699
0.41611
0.067232
-1.2049
0.3418
0.51091
8.0266
6.6968
-0.30425
-6.011
-6.6856
-5.5508
-0.20453
4.6876
4.2642
4.5139
2.3938
-4.8388
-1.7777
0.47211
-4.0654
1.271
-0.59709
-0.38218
1.061
-0.49135
-0.7236
-0.46496
-1.5793
0.23581
-0.41907
-0.31887
0.98783
0.14744
4.7873
2.8977
1.7764
-8.9483
-9.0522
-3.4781
4.904
-1.8114
0.15752
2.9902
0.73049
-0.10569
-0.72348
-0.9443
-1.2901
4.6011
2.9945
-2.335
-4.5924
-5.9173
-3.9424
1.8067
2.0642
4.6697
1.7971
0.26198
-2.7977
-0.14005
1.0233
-2.9014
1.2176
-1.8629
1.193
3.7099
-0.20639
-0.97596
-1.5942
-0.79365
0.69085
1.1307
2.8543
3.49
4.5391
2.1973
1.9183
0.74983
-4.6295
-3.9596
-0.87935
0.70034
0.74972
3.1935
0.70053
1.1046
-0.47472
-2.1928
-0.68824
0.029133
-0.56483
0.42588
3.2269
2.6491
4.2702
-1.5075
-5.2595
-7.5941
-5.3009
1.7643
0.17971
6.9209
2.004
3.4433
-0.25781
0.42079
-0.24123
1.0518
0.28196
0.22564
2.7171
1.2923
-1.2916
-0.76136
0.40161
0.7033
1.5376
1.9834
1.2553
2.7514
0.32196
5.6216
8.7451
3.3842
-6.5608
-9.783
-5.1227
0.40713
4.0144
4.4222
0.44317
-1.5018
-1.0999
-2.1052
3.4591
-0.69358
1.1951
1.3204
-1.3598
1.2275
0.81438
6.1341
-0.56915
-0.52093
-5.9957
-4.786
0.12791
2.1801
-0.34156
3.0912
-2.8485
-2.7261
-0.60795
-0.56678
-1.7333
-5.246
0.89899
1.011
1.9583
2.8117
-2.0832
-0.40857
-1.1681
-0.15537
-0.42908
1.6727
1.1294
2.9493
2.916
3.0352
0.079074
-0.42677
-1.6511
-3.5496
-4.0668
0.58658
-1.4175
1.441
2.2542
0.071001
-1.3298
-1.8894
-0.45938
2.0165
-0.96518
-0.66878
2.8549
2.52
7.2429
-0.62251
-4.3661
-4.8568
-6.7706
0.82795
8.4512
5.1684
5.0982
-1.1584
-1.9844
-3.2327
-0.19047
-1.6461
1.0726
0.98685
2.0231
-0.2327
-2.4675
0.53976
-1.7297
1.3447
0.60004
0.78848
0.56286
-0.31717
3.6217
4.7856
4.2566
-7.0134
-7.7463
0.78162
6.57
2.6838
-2.6612
-2.8474
-0.58208
0.30245
2.2995
-0.49468
0.47464
-2.3657
5.9702
3.2303
-3.0177
-6.0721
-7.1515
-2.3451
2.4321
1.6655
6.4919
4.6293
2.6842
-3.0805
0.021933
0.51322
0.12165
-1.3709
-0.86777
2.8423
1.8848
-0.63137
-0.60533
-0.52545
-1.3941
-0.54327
3.7502
2.1778
2.486
1.2727
-0.19981
-5.3743
-6.2501
-2.585
4.0852
2.6255
0.99926
1.2593
-2.3687
-1.927
0.020856
-0.43392
0.1006
-0.82162
2.8578
2.7225
2.8149
-0.96691
-4.944
-9.587
-4.9374
-0.9785
2.0119
8.3994
3.576
3.0277
-1.9507
-2.7297
1.4168
-1.5202
0.36516
-0.10291
-0.30433
-0.45122
1.1298
0.11061
1.9489
1.5071
2.4339
7.3147
6.904
2.8047
-3.6542
-8.188
-6.8227
-2.8881
0.38568
4.5617
4.4675
0.57153
-1.5424
-1.6365
0.46671
0.55591
0.61386
-0.14801
-0.71028
0.38826
-0.68793
3.1364
0.5276
-2.6036
-6.2204
-5.3154
-3.6188
2.1992
3.0349
-0.96935
0.077173
-3.1566
-0.14994
-2.6997
1.0632
1.8928
3.3566
-0.43788
-1.7742
-1.5136
-0.88126
-0.55195
1.3856
3.3958
4.2097
4.089
-0.21833
-1.1
-0.93276
-1.4273
-3.4128
0.72375
-0.84763
-0.094588
3.2425
1.3875
0.5276
-2.3719
-1.2709
-1.3782
0.29836
-1.7107
0.026018
2.0196
11.664
3.8397
-4.0526
-8.3547
-6.1214
-4.2543
0.92242
5.7725
3.6508
3.8601
2.0426
-0.65169
-0.30068
-2.2691
-0.82052
-2.2688
0.88958
-0.50962
-0.73988
-0.95005
-1.4862
-0.078731
1.4336
-0.99236
2.3883
8.4501
4.4101
-9.5
-8.8353
-7.984
-0.55097
6.1494
4.2292
-0.19993
-1.6832
-4.8588
0.32814
2.8386
0.51565
1.524
-0.56299
-2.0413
-2.1432
2.8591
7.4274
-0.57236
-3.9283
-7.2124
-1.2672
2.254
2.8595
2.2825
4.6526
-2.8528
-1.9859
2.9625
-3.9597
3.4605
0.2189
-2.7631
0.26794
-2.2402
-0.44456
0.012702
2.5991
3.8127
7.6813
5.2012
3.1449
0.89947
-3.3047
-3.4832
-2.9637
-1.5195
-0.2041
2.0488
3.1636
0.90357
1.6244
-1.1679
-0.7977
-0.97582
-0.80605
-1.6805
1.945
-1.2955
6.1066
-2.1887
-5.3905
-8.7451
-5.8626
-1.8139
0.89389
6.4727
5.4397
2.8767
-1.1691
-0.52151
0.94615
2.049
0.20681
0.79255
0.088805
0.041021
0.75294
1.9342
0.84874
0.076861
0.72381
0.27872
4.8183
2.1643
-1.2331
-7.0176
-3.5151
-3.7911
2.4194
9.0505
2.1959
0.83081
-2.4507
0.12755
1.5847
0.44746
1.9256
1.3094
-1.2876
-0.70789
-0.40492
6.1381
0.90529
-2.7031
-1.9691
-3.9245
-1.845
3.4977
2.0583
4.2495
2.4467
-2.0044
-4.1285
0.92619
-0.6233
2.4967
1.2157
-2.9803
0.91653
-1.4862
-0.84692
1.2634
-0.055648
3.6372
2.8045
1.182
2.5491
0.44442
-1.3223
-0.67546
-3.4638
-0.72066
-0.26781
0.87168
2.6276
1.1277
-0.25779
-1.1825
-0.34359
-0.80241
2.3932
7.6603
1.8486
-2.939
-7.023
-7.7923
-5.2963
1.0543
7.2193
8.7668
6.8874
3.815
-1.7247
-4.7034
-2.4954
-1.4906
0.053581
0.46391
1.9891
1.4866
0.55737
-0.93169
-0.70497
0.68392
0.52889
1.5084
-1.2158
-0.69575
0.63754
-0.23987
2.2898
-10.017
-3.0978
1.4166
-1.3045
-3.3672
-1.193
-0.92571
-1.5293
0.5942
-1.2659
1.2041
7.0097
1.4097
-5.466
-7.6086
-7.8312
-6.5116
3.4808
6.779
6.3047
4.674
-2.321
-2.8251
-3.9716
-2.7557
-0.1035
1.2632
1.687
2.19
1.9032
1.0312
-0.14594
-1.2106
-1.7931
-0.92072
1.4671
2.168
2.1493
3.6083
3.5981
3.6285
1.3641
-2.6981
-3.7041
-0.22473
-0.57891
0.29551
1.3657
2.2575
2.1401
-0.1014
-0.43425
-0.49308
-1.6358
-0.79573
-1.3443
7.4479
0.17168
-7.5021
-7.1606
-1.1727
0.56437
4.2863
8.8509
3.9596
0.79538
-0.94028
-5.0584
-3.3108
1.6526
1.0314
1.5901
2.3146
0.55689
-0.20461
-2.3223
1.183
0.45089
1.6699
0.8949
-0.44028
-0.38752
0.11316
0.0684
9.1026
-3.54
0.48366
1.2374
-2.1693
-1.7575
-0.087224
0.39984
-0.50428
-0.2537
-0.32476
0.21219
1.4205
3.9787
4.8173
-2.7142
-7.533
-10.375
-7.0217
-1.711
7.8573
8.1621
2.9565
0.29112
-4.0204
-2.536
-1.4264
-0.055851
0.21326
1.4894
1.0596
2.3393
0.96385
-0.036747
-0.056566
-0.38506
-1.1567
1.2027
1.3757
2.0583
-0.090936
1.1602
1.8808
3.2797
1.6345
-3.6283
-2.6654
-3.3088
-2.784
-1.6112
1.6262
-0.98312
-1.775
-0.76675
-0.45235
-0.43963
-0.26145
0.72605
6.0082
1.273
-2.643
-8.8144
-8.1925
-7.7271
-1.96
3.6076
9.7096
6.8761
3.8454
-2.34
-4.7325
-4.196
-1.5803
1.5182
2.7408
1.52
1.3301
-0.75731
-0.8746
-1.6631
1.0918
1.3635
1.8679
0.48956
-0.24777
1.1674
-1.3442
2.7259
1.9338
1.8877
-0.49181
-1.3162
1.4097
0.060543
1.8749
1.4945
-2.8028
-0.53788
-0.71941
0.60292
3.0419
7.2547
3.0423
-8.1877
-9.7233
-9.3792
-3.833
4.0226
6.4254
6.3494
-0.76466
-2.0271
-2.686
-4.2474
-0.69626
-0.49825
0.40982
2.1586
0.86933
1.0702
-0.24094
0.86169
1.314
2.5259
3.059
1.4162
5.2226
1.1652
-5.0298
-4.9299
-0.4623
-2.1879
-1.8578
2.8959
2.1792
0.12432
-2.3153
-1.1315
-1.0357
-0.15057
0.18141
0.0080124
-0.41308
0.3805
4.7378
-0.63204
-6.5472
-7.5246
-6.8212
-3.7776
0.90705
6.8319
6.578
6.101
0.73171
-3.8681
-3.6636
-3.226
1.2895
1.3933
2.3551
1.6721
0.1267
-0.5206
-1.3402
0.0922
1.13
0.83488
-0.34095
-0.72411
2.4252
3.677
3.4396
2.2805
4.3732
0.036277
-1.249
0.13839
-0.75723
-1.2835
-1.1242
1.8141
-0.599
-1.4557
-0.9386
1.0543
1.5608
3.0398
6.9034
-1.8974
-5.5208
-8.873
-5.9521
-1.5803
7.3032
8.6314
-0.23192
1.2289
-2.0502
-3.4927
0.087338
1.5059
0.65156
0.89664
2.2543
-0.1263
-0.54866
-0.42395
-0.94408
-0.37458
0.24057
3.4649
2.4455
5.5194
-3.0217
-4.347
-5.7716
-3.5222
-3.9403
3.1573
1.6865
2.112
0.32061
-2.2863
-1.4136
0.011494
0.62544
-0.045859
-0.23766
1.603
2.2701
5.0363
1.1754
-3.4786
-7.5564
-6.7382
-6.9881
0.25634
3.9528
9.3296
4.1673
2.279
-2.3791
-4.1156
-1.8618
-0.45662
0.3068
2.2503
2.031
-2.3194
0.71963
-1.0451
0.093229
0.81338
1.6608
0.49919
1.2356
-0.13544
-2.2337
2.3699
-3.5692
1.9997
-0.85718
4.4821
-5.3742
-0.3683
-0.087633
-0.68812
2.1884
-0.37578
0.54241
-3.0711
-1.8406
-0.1047
2.0578
6.4871
1.6505
-6.6863
-9.49
-9.9753
-3.2349
3.1865
6.131
9.2912
0.46914
-3.2189
-3.3695
-2.9633
2.7062
-0.31159
0.8218
1.4851
0.45998
-0.30029
-1.0937
-0.5698
-0.49323
0.36407
1.1121
1.5465
0.68956
5.5047
4.3258
6.1849
4.4027
-3.6244
-5.9994
-3.9422
-3.2599
0.24415
4.7375
3.2712
-0.5825
-1.366
-1.7086
-0.57157
0.499
1.6549
0.87777
0.031799
0.33494
-1.0654
5.5068
-1.1189
-6.1521
-8.8598
-8.492
-3.9727
3.2689
7.4721
6.638
3.9883
0.56572
-4.8665
-1.714
0.05805
3.7892
2.6526
2.4873
0.14339
0.58129
-0.99572
-0.10868
0.48137
0.3201
1.1795
1.4333
0.53427
1.2355
0.51123
0.84627
3.6811
-5.1112
0.41854
2.0529
1.3066
-0.0082121
2.1554
-3.585
0.15652
-0.38141
1.9468
4.3391
-0.32165
0.73839
6.8437
2.8072
-4.0686
-8.9176
-8.4777
-0.96937
7.6113
6.1274
4.6419
1.4294
-4.2498
-1.2106
-0.84355
-0.48884
1.2408
0.76894
1.5526
0.35342
-0.83521
-0.72571
-1.7741
-1.119
0.11461
0.92308
0.0077876
-0.16898
1.0642
3.7397
7.6883
7.4625
-2.9973
-9.4013
-8.1658
-2.8261
0.68448
-1.3606
-1.651
-0.60724
0.19375
0.29371
-1.4309
-1.1218
2.3195
4.5333
2.1394
-6.1401
-7.5684
-8.5045
-3.252
1.2722
4.4491
4.6741
3.3152
2.1485
-1.9645
-3.5429
-2.5214
0.7464
1.7137
0.16009
0.2423
-0.59498
0.090667
-1.4731
-0.63132
0.29584
0.96064
1.6543
1.3014
-0.52713
0.47754
4.5025
-0.4952
-4.5247
5.3031
-2.4603
-1.9986
-0.23961
-0.010499
1.3512
-1.0831
-2.2326
-1.611
-2.5929
-0.38499
4.8949
4.4118
2.4567
-5.611
-10.691
-9.9675
-5.0073
4.0374
-1.24
-7.0981
-4.6181
-1.3895
1.1044
1.624
1.592
0.73541
-1.4321
-0.86762
-1.3846
-0.91895
0.28864
0.53363
1.0391
0.69176
3.0786
8.413
6.714
0.79381
-5.4457
-8.7005
-5.7941
0.34131
-2.1781
-1.8098
-1.3299
0.090956
-0.0025957
-0.44754
-1.2276
-0.75024
2.8351
6.0693
0.090234
-7.9431
-6.3624
-8.3768
-1.6934
3.8361
6.807
6.4011
2.989
-2.8622
-2.0844
-2.1947
1.009
2.7183
2.1171
1.9494
0.29299
-0.24985
-1.3451
-0.48727
0.72645
1.2458
2.0357
1.4618
-1.2638
-0.4151
0.17436
5.7914
-3.4569
-5.1634
-0.90857
3.4027
-1.3236
-1.895
0.61681
3.1711
-0.61084
-0.65167
-1.4606
0.31012
-0.73262
-0.22451
6.3122
2.6209
-3.0337
-6.6444
-10.984
-7.1956
-1.4234
8.459
4.8144
1.3478
-4.2123
1.3452
2.0265
2.8211
1.0737
0.45206
-0.78836
-0.78126
-0.058727
1.0384
0.97232
-0.6772
0.59955
2.2692
7.7239
7.2816
-1.3887
-10.322
-7.2047
-1.5817
4.0423
5.5788
1.9597
0.099085
0.4662
-0.94363
0.39705
2.2388
3.2065
3.2344
1.1553
-6.7808
-7.8418
-5.4912
-3.835
-1.0026
2.7934
3.6432
4.8151
-1.1887
-0.60048
-2.0815
-0.52017
0.21541
2.0389
1.2552
-0.23373
-0.14626
-0.51513
0.16708
-0.34403
1.1444
0.97994
0.51546
0.86314
1.4149
-1.2321
1.5102
-5.9232
-5.2967
2.2383
0.29158
-1.26
-1.3154
0.61489
2.0388
1.586
-2.7317
-2.3208
-0.015986
-0.92951
3.1853
5.7968
1.418
-6.6983
-9.7764
7.3296
8.5372
-0.25324
-3.1342
-2.5758
-1.7921
-2.4557
0.45125
3.0219
1.894
0.50459
-1.0016
-1.1399
-0.74862
-0.04277
1.6792
0.63786
0.13701
0.6344
0.78016
4.109
8.5236
-3.4521
-8.5309
-2.6257
1.3952
-1.718
-2.2078
0.071795
0.75684
0.048221
-0.57214
-1.8777
0.73416
-0.67816
8.1344
2.8934
-5.2036
-5.8132
-4.0097
1.6388
5.5468
6.384
1.7118
0.28599
0.016852
-2.2727
-0.19554
-0.6875
-0.45118
2.7685
-1.5534
1.1644
-1.8224
-0.92115
0.49548
-0.35564
-0.41005
0.87936
0.71545
0.85399
1.2715
4.3394
9.5621
-8.0582
-6.6804
-5.3863
2.6873
1.8808
-0.14806
-1.202
-1.1165
1.4965
1.6536
0.94818
0.77397
-0.68944
2.0679
4.0392
6.4745
-1.6723
-4.6839
-5.9819
-3.1272
-1.0468
1.1184
4.1436
3.3218
-2.0728
-1.0595
2.7154
-3.0704
-0.33877
-3.3706
-2.4146
2.569
2.9577
2.1521
0.39543
0.16393
-2.0222
-0.8144
-0.066565
2.0392
1.103
4.1236
-5.8173
-4.9681
-0.17518
0.55609
2.949
-0.37764
0.8639
-0.52799
-1.0864
0.21573
-0.50703
0.80728
0.42418
3.4913
-0.57192
5.0806
3.4348
-4.7327
-9.8105
-5.4913
-5.3477
0.61635
6.9846
3.2748
1.9376
0.035957
0.21513
-2.3185
0.3375
-0.85277
0.43523
-0.032347
0.98489
0.39091
0.81036
1.339
-0.65365
1.9116
0.27267
1.4761
0.54428
10.994
5.1437
-0.53251
-6.3039
-4.9588
0.59354
4.339
3.1874
-2.0642
-1.4391
-1.053
1.8373
1.3898
0.3848
-0.32258
-1.4486
-0.73821
1.6292
7.7007
2.7146
-3.4472
-5.6778
-5.0947
-1.444
3.1988
3.212
3.6734
0.0073891
-1.6081
2.198
-1.8802
2.0846
1.2907
-0.12079
-0.36453
-0.74101
-0.81937
0.079952
-0.65763
0.6988
0.97246
1.572
3.5562
0.070392
2.2411
-1.2272
-3.7086
-1.8637
-1.7856
0.82598
0.76727
0.90211
0.065179
-2.0688
-0.85313
-2.1224
-1.3946
-1.2169
-0.82711
1.2383
4.3721
8.2762
3.4596
0.48194
-2.3334
-4.7732
-4.9886
-2.551
2.868
3.0726
4.0614
3.3523
1.5146
-0.63188
-1.1929
0.020846
-2.5791
0.023502
1.2521
1.2327
0.52673
0.57051
-1.3251
-1.2204
0.2462
-2.1212
7.0956
3.6323
-1.8698
-10.178
-7.4007
-6.9397
-0.70084
6.4109
6.0479
1.0329
-1.3604
-2.3976
0.49928
3.5613
1.1818
-0.18397
-1.3628
-0.91518
5.2498
-5.9711
-2.9927
1.5671
6.9465
-1.074
0.50272
-3.7131
-3.2467
0.055037
-0.84991
-2.4202
0.78366
3.6588
3.3174
2.5438
-0.78314
-1.1853
-1.1956
-1.789
0.74655
1.4603
4.0993
3.0676
4.2164
0.75439
-1.8077
-1.521
-2.8953
-0.15954
1.3875
0.44727
-0.87322
0.44786
0.13693
1.0679
-0.12372
0.20957
2.4342
9.2078
-1.7524
-6.0018
-10.885
-5.6218
-2.9732
-1.8058
5.0023
1.4774
2.7209
1.3128
0.096412
-2.428
-0.22729
0.37281
-0.17677
1.448
1.1179
1.0022
-0.56573
1.4761
0.51093
1.0622
0.75709
1.461
9.3234
2.0801
-3.504
-7.8467
-5.9776
-5.8709
-3.8772
1.8774
1.2559
-1.9174
-0.88895
0.46994
2.1456
2.0534
0.080537
-0.98587
1.1168
0.21807
5.9241
0.048763
-2.5835
-2.4694
0.68784
2.4141
0.8152
-3.9659
-1.7884
-1.3559
-0.37339
-2.1522
0.77108
2.2398
1.7392
2.3192
-0.74594
-1.0266
-0.71956
-1.9366
0.68539
1.4738
2.5971
1.9857
4.6877
-0.044975
0.40761
-4.8646
-1.3312
-1.9526
0.66247
2.3141
1.497
-0.043396
-0.68606
-1.7398
-0.42466
-2.9409
-0.32428
3.4262
10.684
-0.13309
-3.3965
-2.7309
-4.58
0.27323
3.5453
0.78832
5.6365
0.28896
2.3042
0.77572
-0.41496
-0.83574
-2.1999
-1.0094
0.92454
-1.0545
0.7993
0.55723
-0.3656
0.055966
-1.7609
-0.010307
-0.12248
0.44208
5.045
3.3717
-8.7912
-6.882
-3.3476
-0.92002
4.6717
0.17868
-1.4584
-2.8439
-0.10324
3.585
0.90951
-0.64112
-0.66228
-1.5439
6.7574
2.6438
-3.4731
-5.1001
-5.665
-3.2334
1.7219
3.0475
0.9412
5.5406
-0.42638
0.72884
-3.3699
-0.96782
0.42553
-2.7496
-0.12808
-1.6765
4.3267
3.6267
1.1278
-0.63268
-1.4469
-1.7053
-0.42985
1.1594
2.34
-0.30975
4.9977
-0.095524
0.80387
-2.7429
-2.3898
-0.11903
-0.086983
2.3988
1.5149
0.43843
-0.80186
-0.14866
-2.0997
0.99365
0.34464
1.304
0.83202
-1.3221
-5.8163
7.1866
1.7896
-1.8833
-9.9969
-6.2554
-2.7497
-2.4873
0.089715
3.2689
1.6637
3.1563
0.64013
2.6468
0.7153
-0.15751
-3.3358
1.2752
1.0035
-1.5305
1.8313
0.56588
-0.037263
-0.90371
-0.87472
1.1302
1.1954
5.5685
5.8933
4.8898
2.9849
-4.2353
-7.8108
-7.9672
-5.3716
-3.6654
-0.4526
2.1784
3.4562
4.3279
-1.9973
-1.7716
0.30728
2.6422
1.9449
0.11459
-0.98202
1.9223
7.8082
3.182
-3.118
-7.4339
-4.1818
2.6169
3.9845
4.2211
3.1901
0.13827
-4.0909
-2.1738
-1.2872
-1.2154
-3.267
-0.81821
2.3953
4.8684
2.7354
-0.26809
0.79818
-3.4319
-0.47307
-0.63852
1.7123
2.2812
1.7522
0.43533
-2.3479
-3.2758
-2.703
0.18002
0.75878
1.5511
0.24089
0.30249
-2.3973
-1.0024
-1.0318
-1.1452
-1.1144
-0.26761
0.55552
4.7978
6.9711
2.3391
1.9868
-6.0519
-4.2466
-7.3393
-0.94118
0.73437
1.534
4.8852
1.7164
0.12894
2.5211
-4.7163
4.216
-3.6737
-1.3718
1.1823
-1.7633
-1.6415
0.40445
0.020224
0.031821
-1.3224
1.2424
4.8746
3.2158
7.3288
5.0278
1.6712
-4.8988
-6.5861
-6.9588
0.11553
2.3758
1.4292
-1.2042
-2.2649
1.673
0.99726
-0.039519
-0.069624
-1.6354
-0.40759
4.8057
-0.88881
-5.7729
-6.7712
-4.6922
-0.085964
0.77721
1.6411
3.3858
3.0286
-0.26309
-2.1653
-2.1674
-0.28228
-1.7193
-3.1069
1.2835
2.4351
3.615
-0.16897
0.27975
-1.1548
-1.4263
-0.70579
2.7013
2.6209
5.088
1.6522
-0.42794
-0.78071
-0.79486
1.2271
-0.36889
0.11926
-0.10905
-1.053
0.19689
-0.76694
0.18268
-0.16963
0.013512
-3.6461
4.021
-0.14377
-2.8202
-8.2968
-6.2185
-0.43635
-0.34315
7.1165
1.0066
1.9267
2.2267
0.93687
-0.48568
0.72534
-0.87323
0.52417
-0.91307
0.64743
-1.3307
0.44911
1.6971
0.49769
0.38925
1.3616
2.8434
13.633
-0.71096
-7.8893
-5.6306
-4.8075
-0.41937
3.7297
3.033
0.60729
-0.218
-2.0585
0.37247
3.0133
0.51317
0.011502
-0.48427
1.034
2.6104
5.7635
0.1529
-6.364
-4.3319
1.9249
1.3226
2.8719
2.19
-2.916
-0.085207
-0.89612
-0.32519
-1.8652
1.0555
3.0695
1.6928
1.01
0.15212
-0.82375
-0.96875
-1.8499
0.89545
1.5078
1.5301
-1.4382
3.3534
2.0211
2.697
-4.7642
-2.1068
-0.96512
1.9651
1.5983
0.68413
-0.19479
-0.98267
-1.6209
-0.68835
0.11542
1.4029
0.31093
11.576
-0.081208
-0.65723
-6.728
-2.9504
-5.8992
1.4653
4.1626
5.2196
4.9408
2.7996
1.8345
-3.0021
0.26665
-2.6492
-3.0713
-0.98654
-0.50649
-0.84723
1.2167
-0.65762
0.33173
0.64006
0.72489
0.61547
0.93299
-0.84985
1.4299
3.1424
-6.7822
-7.3297
-3.1354
2.7612
4.8664
3.5549
0.28907
-5.0679
2.6334
1.9344
0.7694
-0.75381
-1.1168
-0.21365
5.8149
3.6879
-4.7031
-6.5994
-1.6881
1.7495
4.7478
1.2904
3.1424
-0.33213
-3.6425
-1.4419
-0.31782
1.1774
1.7578
2.832
0.79485
-0.23008
-0.81125
-1.5561
-0.69829
0.57131
0.38205
2.5068
0.11606
4.4768
5.7748
2.6324
2.5802
-6.1919
-2.629
0.33587
0.48079
0.68618
-0.54651
-1.0789
-1.6726
-1.1587
0.049261
-0.15492
0.19927
0.6655
-1.1864
-1.3938
-6.9887
-5.293
-2.9024
-2.5673
2.1543
2.0181
2.3488
-0.40752
2.0491
0.3266
-1.0228
-2.8898
0.70024
1.1865
1.6727
0.9936
0.83546
0.60353
-0.23695
0.23113
1.6973
1.8579
6.3735
7.1111
9.5437
-0.66112
-6.8823
-3.4447
-6.9187
-4.519
-3.5297
0.83929
-0.23642
-0.46146
1.2663
-1.3165
-0.61445
1.951
3.3739
5.1122
-0.32485
-2.8763
-5.4363
-1.4495
-3.8407
0.80179
2.1295
3.5309
3.4803
-0.73215
-1.5261
-4.2997
-1.1792
-0.28645
-3.6898
0.68503
2.904
2.9867
2.3844
0.7963
-1.2587
-2.1684
1.3755
2.9044
2.6266
0.85498
-0.79677
-3.7133
0.33951
1.1177
0.092736
1.9784
-0.3129
-0.28462
-1.1472
-1.6263
-0.58827
-0.72523
0.043372
0.38769
0.51048
4.4337
8.1494
1.7503
-2.9416
-8.0229
-3.2759
-3.7435
-3.9703
2.1341
3.7348
2.3985
1.7818
0.81384
0.27548
-2.1668
0.57953
-1.7431
0.29566
0.86132
1.2979
0.32013
-0.91725
0.41894
-0.23254
1.2187
0.89221
0.035039
4.2954
10.539
5.5443
2.3301
-6.0675
-2.7825
5.7926
0.32761
0.40699
-3.7607
0.37609
2.3178
1.0177
0.83006
-0.31715
0.36891
-1.5735
4.8338
2.8141
-1.7013
-4.5571
-5.0241
-1.6556
2.9694
7.0258
1.9291
4.5744
-0.071189
-2.7226
-0.82527
-0.016254
-0.47451
-0.2079
1.8845
1.8318
1.2234
-0.015626
-2.0193
-1.5619
-0.59789
1.3799
2.6586
4.3032
2.9141
1.7464
-7.6357
-1.2721
-0.59513
3.3283
0.5191
-0.10108
-1.2828
-1.9331
-1.2115
-1.2509
-0.64546
-0.64653
-0.28744
0.56454
-0.85332
3.7946
0.16536
-2.5859
-8.0951
-6.842
-2.7054
-3.0494
0.3408
2.9063
3.1401
2.7205
1.3672
-0.38364
0.25635
-0.34884
-1.1677
0.45713
1.203
0.43637
1.9366
-0.089807
-0.5414
-0.029212
1.2289
1.9117
1.6415
3.5549
5.8416
6.7797
3.5334
-2.9211
-8.5035
3.5567
3.174
3.6637
-0.80682
-0.98122
-0.37627
0.76351
0.90227
0.17252
-0.75893
-0.90614
3.4985
-3.3383
-3.1515
-5.3881
-6.032
-2.0007
1.7696
4.9582
5.0593
4.9462
2.4941
-1.2547
-4.609
-1.2356
-0.13093
0.16174
-0.12234
2.1328
-0.23844
-0.47367
-1.6347
-0.73612
1.3572
0.90897
-0.0050544
-2.9983
9.0996
-3.5236
2.4523
-3.0456
0.39803
1.5295
0.06157
-0.74121
-1.3054
-1.0932
-0.44228
-0.48996
0.091465
0.1717
-0.57171
-1.3382
0.70923
6.5338
-3.3255
-7.606
-10.617
-6.4549
-3.0931
4.7124
5.6456
6.2459
3.7533
-5.8553
-2.1009
-3.1342
-2.2986
1.4445
2.9292
1.51
1.2606
-0.098352
0.077067
0.45142
-0.68845
-0.68531
1.641
0.74807
0.13039
0.5197
3.9248
3.4688
3.1379
-0.29589
-4.378
2.2515
3.3677
0.15785
-0.22231
-1.0921
-1.4174
-1.0333
-0.14184
0.15735
-0.43115
6.7559
5.9373
3.9701
-2.6285
-5.9619
-5.9263
-5.0889
0.44709
5.0259
4.3424
4.0282
1.249
-2.8441
-1.8024
-1.9493
-1.1664
0.85947
0.026194
0.94418
-0.43719
0.61327
1.2036
-0.0084581
-1.3861
0.34858
2.7466
2.9261
-1.9244
-5.7103
-1.2461
3.7923
0.88328
-0.43496
-1.078
-1.6745
0.046167
-0.34043
-1.5305
-0.84902
0.31622
0.35732
-0.0056156
4.924
-0.098578
7.0689
-3.8854
-10.929
-9.6811
-6.9525
1.1302
6.3747
8.2816
4.9242
-0.60754
-3.1382
-4.4996
-1.0437
0.99213
-0.18556
2.2268
0.90889
3.2859
-8.9872e-05
0.27743
0.55227
-1.0181
0.33187
1.52
8.5753
6.1954
4.741
-0.85904
-7.0061
-6.8781
-0.88485
2.689
3.9152
-0.99295
-0.84453
0.10677
0.23686
0.37202
0.32162
-0.62864
-0.45629
0.83731
5.312
6.1372
-3.3009
-3.337
-9.2085
-5.8475
-1.4247
4.2778
5.5859
3.8202
2.3779
-2.2615
-2.101
-0.066313
0.39936
0.81611
1.2211
1.8791
0.46484
0.69157
-0.37931
-0.22955
1.5628
0.076092
1.0381
0.50772
-0.76291
4.8009
-6.491
-0.5352
0.25771
-4.1197
2.3
1.0034
1.1972
-0.59498
-1.3106
-1.0944
-0.24666
0.11198
-1.1014
-0.18428
1.555
-5.4839
5.5081
0.74891
-7.4244
-10.058
-6.3309
-4.3652
4.7243
7.8346
7.5392
3.6213
-1.9299
-3.5262
-3.7774
-1.7711
-1.0723
1.9334
2.6273
2.592
1.0483
1.7025
-0.22168
-0.37294
-0.43101
0.31589
1.7682
7.8316
8.8766
0.66058
-6.3243
-6.084
-0.1366
3.4652
0.62564
-1.4703
-0.99519
-0.32508
1.1898
0.81848
-1.3651
-1.0064
-0.93982
0.66924
4.9122
-2.0979
3.6958
-5.5169
-7.9031
-5.3676
-6.0809
2.916
6.4426
3.8756
6.5043
-0.39008
-2.8015
-2.6198
-2.5603
-0.5012
2.1078
2.4838
0.66285
0.25014
-0.49703
-0.39395
-0.26642
0.50757
1.1633
0.22748
2.7969
0.29745
2.4386
-0.13889
-0.62795
-1.2937
-0.96469
2.9177
-1.4673
-2.5558
-1.6735
-0.80725
-0.18668
-0.19635
0.57081
-0.90554
6.8994
11.836
5.212
-2.2194
-8.0333
-7.2664
-5.5391
-2.8084
5.2054
8.4218
8.8959
2.6104
-1.113
-2.8277
-4.5509
0.83152
-2.3566
0.21174
2.9087
1.4432
4.083
0.45271
-0.1078
-0.83551
-1.0787
0.46062
0.73467
0.93836
1.6558
-1.0226
10.126
5.5849
0.14374
3.7686
1.937
-1.2497
-1.5511
-1.0961
0.12357
0.81815
0.0047885
-1.167
-0.43256
0.048527
-0.058673
3.5439
6.7155
-2.9356
-5.3097
-7.8616
-5.0093
-0.75574
2.1907
4.8452
6.0813
-0.42672
-2.9213
-2.8351
0.39255
0.48008
2.5773
2.7797
0.31791
1.3704
-1.0003
-0.42618
0.52829
1.9552
1.159
-0.078982
-1.0968
0.11545
2.2331
0.75403
-0.60552
-6.3242
0.11302
3.585
1.6166
-0.69736
-1.3619
-1.1776
-0.32164
-0.16876
-1.1153
-1.1748
1.344
-1.3337
4.7882
0.39972
-7.5552
-10.368
-7.197
-3.0613
3.1779
7.7301
7.6638
3.2669
-0.10224
-4.4762
-4.558
-1.5548
-0.68026
0.10373
0.87875
0.91242
-0.71309
1.3145
-1.0536
-0.30327
-1.0599
-0.082596
0.72966
0.76704
-0.39905
1.8839
0.19291
-3.1301
3.887
1.5376
0.67669
-0.38831
-2.026
0.52224
-0.41993
-1.0203
-0.68648
-0.09738
0.4163
0.37099
2.0417
-3.1612
2.1245
-7.0313
-5.7619
-11.156
-2.7402
2.2883
4.4664
4.6891
4.3365
1.9365
-3.5627
-1.1761
-0.2799
-0.75933
1.6389
1.9307
-0.72134
0.2223
0.29283
-0.02659
2.029
-0.44553
0.73482
0.95612
2.2424
1.9224
0.29416
0.25127
-1.4592
-1.4474
1.9752
-2.3046
-1.3171
-0.38489
3.2245
-0.92472
-1.7774
-0.92207
1.0457
0.72823
0.63341
-1.2272
1.1493
5.7683
-5.078
-8.5684
-9.4232
-7.5913
3.9537
8.7163
9.9776
6.3114
0.31235
-6.843
-3.9757
-1.5535
-0.084435
2.2857
0.65773
0.77053
0.73689
0.29732
-0.34608
-1.0284
0.33535
0.29209
0.32304
-0.18446
1.5759
3.1439
-0.42352
4.6333
-4.114
2.1365
0.77156
-1.2278
-0.36655
-0.19376
-0.11557
-1.0027
-0.59958
0.59154
-0.12302
1.2014
7.3553
6.5523
-0.85406
-7.2173
-9.2794
-8.3471
-4.7993
3.0564
7.0594
6.7108
2.7621
-2.1913
-2.6703
-3.954
-1.5731
0.58687
2.9511
1.8596
0.78774
-0.67102
0.0068081
0.85536
0.47718
0.95486
0.58934
-1.0339
2.9212
-0.37765
2.66
-3.4616
-0.82978
-0.6123
0.59203
5.0215
-1.2384
-5.0664
-3.1503
-1.8451
-2.0779
1.3643
0.5101
-0.39479
2.1023
2.8305
7.0322
-2.1812
-6.7518
-11.33
-7.7423
-3.7201
4.7083
7.0727
6.5492
5.5707
-2.9654
-4.1758
-4.707
-2.7671
1.2094
2.3171
0.72776
0.80889
1.1008
-0.81101
-0.62054
-0.66686
0.025214
0.16767
0.9396
1.2294
1.1122
1.088
-1.0133
5.1214
3.8236
-1.3907
-1.7359
0.087979
1.1217
-0.31504
-0.50025
0.16145
-1.035
-0.0090712
0.13588
-0.89608
-1.1255
-0.26132
0.14262
0.067981
0.77053
1.6838
2.6461
-7.3696
-8.2181
-8.282
-5.5184
3.1595
5.7434
6.2344
2.8492
-0.048875
-3.0503
-0.74364
1.172
0.83746
2.0342
1.2466
-0.82229
0.27236
0.47122
-0.043336
0.39937
-0.80578
0.10822
2.3028
-0.26992
-2.3598
-0.1243
2.0166
-3.9269
-0.98462
-1.0258
3.6882
-2.1079
-4.3307
-2.1703
-0.14386
-1.721
-1.3271
-1.409
0.21839
0.43632
1.7754
2.8409
6.6811
-6.4158
-8.2536
-8.1889
-7.8684
0.71068
7.2334
7.9742
6.8624
-0.42545
-6.084
-2.0387
-1.9943
2.2111
2.0465
1.424
1.1427
0.14256
0.94251
0.048411
-1.2681
0.27332
-0.44313
0.70832
1.4167
1.8791
1.1585
1.2969
2.538
1.9073
-4.2372
-2.3922
-3.789
-0.17155
0.89374
1.7623
0.45222
-1.0267
-1.0096
-0.016032
0.07843
1.1328
-0.59317
-0.77181
-0.23475
2.3098
8.3929
8.2534
-4.6516
-8.2859
-8.6528
-4.8817
-0.95061
4.7409
5.1954
3.0887
0.23415
-3.052
-1.3767
-0.67232
0.62807
-0.04784
1.8641
0.73113
0.30306
-0.46667
-0.15453
1.4193
0.69323
0.508
0.35772
0.29222
2.903
0.89613
1.6051
-0.62773
-4.0157
-3.0373
-0.28179
-1.0621
-2.6868
-1.2563
4.5599
4.2765
-2.36
-1.8656
-1.0441
-1.5635
0.9405
0.2416
-0.85208
0.42839
1.5717
-2.65
8.4039
-0.102
-6.9478
-10.021
-5.9272
-2.582
6.291
6.7057
4.3466
0.79295
-4.3771
-5.5205
-2.3944
0.5734
1.263
2.7563
2.02
0.063838
0.14094
-1.7592
-1.4411
-0.37257
1.1483
1.7472
0.44407
0.19047
-1.1206
-0.54712
0.41108
4.7882
3.8651
-2.402
-4.3959
-0.18577
1.6352
1.3187
-0.030801
-0.96552
-1.0727
0.57683
0.35124
-0.79969
-0.32848
-0.15861
-0.10337
1.1371
2.9978
3.444
-1.0331
-5.1173
-9.4781
-9.0014
-6.3098
2.0325
6.9011
6.6784
2.3585
-1.7749
-0.55806
-2.7556
-0.43812
1.6043
2.3405
2.2299
-0.18058
0.55376
0.32644
0.79129
-0.31281
1.1388
1.2131
0.024635
2.0975
1.372
1.1741
0.021338
-1.8857
0.13928
3.0163
-1.692
-2.2498
-1.3434
1.5124
5.3348
-1.5247
0.45236
-1.3731
-0.9764
1.0004
1.8786
-1.1998
-0.88803
0.092791
1.1336
9.7488
-7.7796
-11.377
-8.5347
-6.7881
6.2261
9.1338
6.1742
4.6571
-3.1081
-2.3338
-2.816
-1.1012
2.2508
2.2577
0.34626
1.9892
-1.3997
-0.0038994
-0.46361
0.22774
-0.3259
2.1446
1.3378
0.43928
-0.18893
0.40008
-0.10055
4.2571
4.6378
-2.8002
-5.1507
-1.7992
1.6291
2.1199
-0.20189
-1.9303
-0.5088
0.065659
0.0163
-0.80447
-0.56793
-0.13177
0.15905
0.43807
1.6083
-0.23573
2.9647
-5.769
-8.1041
-9.2614
-7.332
2.2697
5.7578
5.9155
4.0158
-2.6458
0.3547
-1.5014
0.62724
1.3032
2.7204
1.0545
-0.34351
-0.2785
0.96328
0.61342
0.062368
-0.71794
1.7181
2.0365
1.1994
0.82294
2.5308
-0.93597
-1.4047
-0.59772
1.3609
-1.1235
-0.52636
-3.3389
1.2786
4.7835
2.1991
-2.2712
-2.3158
-1.4876
0.88241
0.11965
-0.32767
-0.24519
-0.71291
4.1494
-0.50873
7.0881
-2.8666
-8.7238
-8.8238
-7.5866
1.0813
8.4281
7.4198
4.2914
-1.0329
-4.1637
-3.1023
-1.6711
-0.11319
3.8263
1.9906
0.81585
-0.023443
-1.6446
0.51111
-0.72316
-0.30438
0.76267
2.2563
0.69355
-0.70829
0.92621
0.83196
0.092783
7.75
-0.45284
-1.511
-3.852
1.1654
1.4697
1.485
-1.8411
-1.7096
-0.86416
0.59843
-0.083587
-0.8824
-0.50026
-0.22639
-0.36523
2.3375
9.7888
6.8487
-0.53828
-4.0434
-9.6096
-7.3413
-2.281
2.8949
6.8974
4.6
0.81913
-1.1007
-2.3118
-1.1953
-0.082641
2.0361
2.0721
0.51061
-0.65161
0.11797
0.94059
1.1127
0.91693
0.17871
0.35731
-1.0467
2.4926
1.8383
0.64179
-0.49763
-2.5865
-0.36052
2.6778
-2.2332
-3.3471
-2.1294
1.1017
2.5984
0.077338
-0.07393
-3.2187
-2.76
-1.0612
0.71774
0.11866
0.24722
-0.4953
-0.24486
12.448
-0.37361
-7.5502
-9.8308
-6.7289
-6.0516
4.9339
8.4058
7.1169
1.4319
-5.1231
-2.5994
-2.1552
0.429
0.41541
2.1089
1.8818
2.0562
-0.19711
-0.073016
-1.5793
-0.18087
1.1222
0.92456
0.3563
0.89324
0.49678
-1.2378
-0.089864
0.66899
2.0929
-6.6008
-3.2153
1.464
1.6914
-0.24279
-1.1792
-0.89668
0.37926
0.71537
-0.28165
-1.461
-0.14817
0.28304
0.37622
2.5409
3.4406
1.6311
-4.6078
-8.3958
-8.9044
-8.3026
2.6681
7.8099
8.2557
4.533
-1.4864
-3.4781
-5.0148
-0.43395
1.7683
2.6004
0.939
-0.35393
0.22025
0.42351
0.55257
0.72119
-1.4855
1.0996
1.8695
-1.7336
2.1296
2.8571
-1.2055
-0.094891
0.66072
-0.90616
-2.1844
-2.2532
-0.96584
2.6372
-0.59154
0.2092
0.56398
1.412
-2.17
-2.1922
0.25708
-0.28686
-0.068693
-1.403
4.3288
1.7499
8.0029
-5.5331
-9.2823
-9.5097
-6.6474
-0.54264
8.6921
6.281
3.7672
-1.3313
-1.3359
-2.3245
-1.1042
-0.46928
2.1763
2.0812
3.2154
0.83681
0.54417
-0.19828
-0.46958
-0.6919
-0.65049
2.0155
1.2562
0.78061
1.8074
0.27519
2.6696
7.1971
-3.6438
-5.8279
-4.4197
-0.24351
0.82908
3.2323
-0.91555
-2.4392
-0.43325
0.54531
0.51413
0.3879
-0.8332
-1.091
0.79707
2.1233
4.7759
-1.7238
-4.7195
-10.091
-7.5441
-3.7709
1.0507
6.312
8.4286
2.7115
-5.2911
-1.015
-1.239
0.88338
3.0195
2.5316
0.27542
-0.41287
-0.72744
0.26661
-0.27232
1.1328
0.074507
1.28
1.4091
-1.0616
1.7594
0.21855
0.02678
1.5858
1.3136
-0.82213
-4.7103
-2.9634
-1.1306
-0.0411
0.79338
0.87394
0.3021
-2.5367
-2.3077
0.28235
0.097414
1.0016
0.51819
0.26295
-1.5091
10.112
-0.021378
-6.686
-9.812
-6.1959
-6.1461
5.0255
9.182
5.9398
2.3044
-2.3201
-5.689
-0.33552
0.045615
0.091491
2.6281
2.0188
2.0269
-0.10375
-0.76457
-0.34003
-1.0354
-0.10627
-0.22483
0.22223
0.90059
1.614
-1.3665
0.61503
8.7462
5.7332
-9.6393
-8.6572
-4.9865
2.0277
1.8328
1.3506
-1.6809
-2.3551
0.68526
0.81061
0.64149
-0.55419
-0.75033
-0.22108
0.22068
0.60969
0.86263
0.30268
-0.31051
-0.3605
-0.0015623
0.59987
0.84378
-0.37428
0.17178
-0.60397
0.30626
-0.084071
0.11432
0.34296
0.23071
-0.81745
0.27208
0.21283
-0.59392
-0.2746
-0.066942
-0.12179
-0.053109
-0.22858
-0.17635
0.13876
0.24514
0.073955
0.22659
0.012534
-0.0062643
0.29474
-0.21
0.37243
-0.028983
-0.061339
0.10264
-0.067162
0.036711
-0.12195
0.072146
-0.15609
-0.12252
0.0071747
-0.067566
0.13518
-0.10609
-0.092162
0.020451
0.1195
-0.2385
0.090562
-0.068663
0.059401
0.060323
-0.031807
0.14123
-0.0096392
0.18319
0.039587
0.066406
-0.0092399
0.024726
0.088016
-0.072749
-0.02138
-0.040583
0.037619
0.00085653
0.025126
-0.13113
-0.013773
-0.018433
-0.1687
0.063475
0.080928
-0.17711
-0.23218
-0.01746
0.25436
0.0069994
-0.22136
0.19765
0.14697
0.44128
-0.12987
0.33648
0.1635
-0.012756
-0.28951
0.069591
0.011183
0.29888
-0.098817
0.025936
-0.11145
-0.086348
-0.076502
-0.084131
-0.13712
-0.10444
-0.062315
-0.076022
-0.075351
0.0029439
-0.10115
0.069145
-9.5455e-05
-0.075157
0.17025
0.0053997
0.090751
-0.088155
0.013204
0.11665
0.0024635
0.047324
0.11384
-0.046279
0.027736
0.0066975
0.0063893
0.089494
-0.16974
0.023069
-0.14209
0.16272
0.18594
0.20306
0.10629
0.19634
-0.3099
0.080464
-0.15639
-0.018257
0.063941
-0.079245
-0.15313
0.019786
0.073747
0.14175
0.0011836
0.115
0.23194
-0.073822
0.073098
0.060903
0.10196
0.14076
0.027717
0.26287
0.026493
-0.085649
0.013511
-0.071539
-0.10515
-0.16654
-0.10532
0.057845
-0.12213
-0.075782
-0.0068837
-0.14751
0.0060118
-0.14469
0.0079408
-0.062685
0.051942
0.099936
-0.14636
0.03757
0.2823
-0.064989
-0.071527
0.25788
0.021484
0.30154
-0.48875
-0.21233
0.27699
-0.11031
-0.022917
0.058459
-0.00013602
-0.013665
-0.058623
-0.082457
-0.11078
-0.16909
-0.12825
-0.032212
-0.096125
-0.066793
0.035774
-0.095578
0.0095074
-0.017523
-0.06307
0.092111
0.031573
0.047693
0.11421
0.026523
0.071324
0.027171
-0.010657
0.1313
-0.029851
0.018384
0.045294
-0.076836
-0.063332
0.0096829
-0.093999
0.0083254
-0.15254
-0.038901
-0.041628
-0.19864
0.099184
-0.11107
0.049761
-0.03967
0.0036417
0.17935
-0.32606
0.03047
0.10568
-0.038815
0.11217
-0.0571
0.01811
0.10939
0.18042
-0.15505
0.20519
0.025834
0.066277
0.025717
-0.034399
0.042951
-0.018777
-0.10688
0.084958
-0.041443
-0.1085
-0.034155
-0.1008
-0.05022
-0.042955
-0.091806
-0.00466
-0.095637
-0.024504
0.051251
-0.10413
-0.0075613
0.090613
-0.04405
0.04148
0.02534
0.034716
0.10221
-0.053735
0.045019
0.018155
-0.15031
0.026366
0.14831
0.028485
-0.010056
0.014055
0.0011701
-0.078999
-0.06071
0.024393
-0.050486
-0.042731
-0.01183
-0.06304
0.0028647
-0.05585
-0.076665
0.0097383
-0.032779
-0.092448
0.014278
-0.095196
-0.0086447
0.047678
-0.071464
0.039678
-0.043741
-0.0051946
0.071846
-0.062708
0.034436
0.043032
-0.12273
0.087916
-0.037595
0.013344
0.0033448
-0.051061
-0.014877
-0.0072624
-0.029675
0.04946
-0.067821
-0.016104
0.029493
-0.10224
-0.0010179
0.035085
-0.15047
0.13993
-0.088194
-0.174
0.12271
0.031826
0.029188
-0.086708
0.12758
0.2508
-0.40925
0.083833
0.1242
0.035102
-0.0082283
-0.12031
-0.0063963
0.10796
-0.11992
0.0032317
0.0073392
-0.067426
-0.019789
-0.020614
-0.047642
0.040997
0.13418
0.042252
0.057778
-0.03123
0.050804
0.030515
-0.11082
0.042469
-0.040813
0.025094
0.12491
-0.085468
0.085266
0.029168
-0.04289
0.094149
-0.094677
0.037043
0.060071
-0.099136
0.077463
-0.076904
-0.016517
0.044505
-0.029816
0.063935
0.028415
-0.11075
0.15209
-0.089458
-0.010217
0.057945
-0.10887
0.09044
0.013198
0.045679
-0.0098131
-0.057082
0.04479
-0.083982
0.016952
0.053254
-0.074539
0.023649
0.0058445
0.0099243
0.036124
-0.02049
-0.015561
0.060725
-0.080198
0.041223
-0.011721
-0.05865
0.089982
-0.093712
0.047624
0.095266
-0.046531
0.16383
0.023767
0.0074317
0.098162
-0.060201
0.017123
0.028501
-0.11754
0.035812
-0.034935
-0.004149
0.094744
-0.034374
-0.021119
-0.15987
0.019123
0.088109
-0.12794
0.0093707
0.036603
-0.046934
-0.001935
0.018526
-0.030006
0.062727
-0.0096236
-0.025365
0.078837
-0.036329
0.02386
0.044118
-0.086603
0.049942
-0.010845
-0.030954
0.10951
-0.07222
0.023388
0.015402
-0.094911
0.058055
0.00064067
0.05805
0.0014869
-0.10834
0.062095
-0.020769
-0.079791
0.090222
-0.093932
-0.04052
0.063204
-0.067051
0.015601
0.022075
-0.11064
0.13122
-0.10778
0.010455
0.086202
-0.1962
0.042565
0.0035279
-0.12072
0.11526
-0.028484
-0.040782
-0.033589
-0.074346
0.036019
-0.048154
-0.043417
0.031908
-0.036976
-0.015759
0.031471
-0.087447
0.026218
0.031663
-0.079136
0.080695
-0.025476
-0.002555
0.033692
-0.085412
0.038654
0.029299
-0.082706
0.10758
-0.020482
-0.048938
0.039239
-0.080832
0.026342
-0.021412
-0.058795
0.072632
-0.099117
-0.016355
0.037256
-0.085382
0.021937
-0.0015469
-0.15484
0.072767
0.026476
-0.00063011
0.076164
-0.029334
0.13341
-0.013254
-0.053812
0.11268
-0.041993
-0.085764
0.10464
-0.11053
0.055273
0.021878
-0.078769
0.084772
-0.029623
0.045982
0.10547
-0.086466
0.069804
-0.044622
-0.087503
0.09461
-0.014958
0.011873
0.042871
-0.093686
0.0096733
-0.034198
-0.034542
0.087238
-0.053233
0.020137
0.030439
-0.059156
0.041803
-0.029549
-0.081247
0.038473
-0.044493
0.045127
-0.0044948
-0.06682
0.039985
-0.011884
-0.031305
0.11474
-0.058534
-0.01359
0.035153
-0.063754
0.068828
-0.018136
-0.051278
0.064968
-0.098098
-0.0069552
0.028242
-0.051817
0.040647
0.033304
0.043756
0.001973
