-0.06601
-0.068901
-0.071223
-0.072328
-0.071704
-0.069037
-0.06425
-0.057514
-0.049233
-0.039995
-0.030504
-0.021507
-0.013709
-0.0077022
-0.0039086
-0.0025478
-0.0036279
-0.0069612
-0.012201
-0.018894
-0.026534
-0.034618
-0.042693
-0.050372
-0.057352
-0.063393
-0.068303
-0.07192
-0.074098
-0.074719
-0.073717
-0.071114
-0.067053
-0.06182
-0.055841
-0.04965
-0.043822
-0.038902
-0.035323
-0.033342
-0.033002
-0.034139
-0.036409
-0.039359
-0.042501
-0.045392
-0.047698
-0.049236
-0.049985
-0.050062
-0.049687
-0.04912
-0.048613
-0.04836
-0.048472
-0.048971
-0.0498
-0.05085
-0.051984
-0.053067
-0.053984
-0.054649
-0.055009
-0.055041
-0.054741
-0.054125
-0.053221
-0.052067
-0.050714
-0.049229
-0.047695
-0.04621
-0.044882
-0.04382
-0.043115
-0.042823
-0.04294
-0.043392
-0.044025
-0.044618
-0.044908
-0.04463
-0.04357
-0.041616
-0.038801
-0.035322
-0.031542
-0.027949
-0.025093
-0.023507
-0.023613
-0.025652
-0.029629
-0.0353
-0.0422
-0.049706
-0.057122
-0.063775
-0.069099
-0.072688
-0.074324
-0.073968
-0.071726
-0.067808
-0.062484
-0.056056
-0.048847
-0.041204
-0.033514
-0.026215
-0.019791
-0.014752
-0.011589
-0.010715
-0.012394
-0.016684
-0.023392
-0.032064
-0.042015
-0.052382
-0.06222
-0.070608
-0.076764
-0.080136
-0.08048
-0.077888
-0.07278
-0.065844
-0.057953
-0.050037
-0.042967
-0.037438
-0.033888
-0.032451
-0.032969
-0.03504
-0.038105
-0.041553
-0.044816
-0.047453
-0.0492
-0.049986
-0.049908
-0.049192
-0.048129
-0.047009
-0.046072
-0.045472
-0.045261
-0.045407
-0.045817
-0.046377
-0.046984
-0.047568
-0.048101
-0.048585
-0.049031
-0.04944
-0.049789
-0.050027
-0.050092
-0.049934
-0.049543
-0.048974
-0.048351
-0.047858
-0.047704
-0.048079
-0.049101
-0.050776
-0.052966
-0.055396
-0.057687
-0.059412
-0.060176
-0.059694
-0.057855
-0.054763
-0.050735
-0.046269
-0.041972
-0.038468
-0.036302
-0.035847
-0.037245
-0.040375
-0.044867
-0.050153
-0.055541
-0.060311
-0.063813
-0.065553
-0.065256
-0.062902
-0.058726
-0.053188
-0.04691
-0.040602
-0.034967
-0.030623
-0.028025
-0.027416
-0.028801
-0.031953
-0.03644
-0.041684
-0.04703
-0.051832
-0.055534
-0.057743
-0.058285
-0.057221
-0.054835
-0.051584
-0.04802
-0.04469
-0.042047
-0.040365
-0.0397
-0.039884
-0.040564
-0.041287
-0.041593
-0.041117
-0.039677
-0.037318
-0.034313
-0.031123
-0.028312
-0.026453
-0.026018
-0.027299
-0.03036
-0.035019
-0.040878
-0.047383
-0.053904
-0.059821
-0.064603
-0.067885
-0.069499
-0.069496
-0.068123
-0.065772
-0.062906
-0.059979
-0.05735
-0.055229
-0.053646
-0.052468
-0.051441
-0.050271
-0.0487
-0.046586
-0.043952
-0.040999
-0.038083
-0.03565
-0.034151
-0.033946
-0.035221
-0.03793
-0.041781
-0.046269
-0.050748
-0.054534
-0.057024
-0.057805
-0.056734
-0.053983
-0.050022
-0.045555
-0.041403
-0.038351
-0.036985
-0.037552
-0.039863
-0.04327
-0.046742
-0.049018
-0.048841
-0.045226
-0.037717
-0.026583
-0.012899
0.0015203
0.01435
0.023127
0.025708
0.020743
0.0080716
-0.011063
-0.034028
-0.057088
-0.075939
-0.086415
-0.085256
-0.070802
-0.043463
-0.0058821
0.037299
0.080035
0.11577
0.13849
0.14374
0.12945
0.096338
0.047946
-0.0099405
-0.070218
-0.12569
-0.17039
-0.20064
-0.21589
-0.21875
-0.21463
-0.21054
-0.21364
-0.22955
-0.26095
-0.30659
-0.3613
-0.41668
-0.4627
-0.48965
-0.49016
-0.46076
-0.40253
-0.32081
-0.22392
-0.12124
-0.021085
0.071018
0.15339
0.2282
0.30044
0.3762
0.46057
0.55577
0.66007
0.76757
0.86914
0.95405
1.0119
1.0346
1.0171
0.95841
0.86066
0.72875
0.56934
0.39027
0.20033
0.0093264
-0.17172
-0.33068
-0.45497
-0.53275
-0.5548
-0.51648
-0.41942
-0.2724
-0.091054
0.10379
0.28886
0.44191
0.54513
0.58787
0.5681
0.49225
0.37343
0.22852
0.074684
-0.073858
-0.20806
-0.32483
-0.42626
-0.51752
-0.60425
-0.69
-0.77479
-0.85501
-0.92478
-0.97831
-1.0123
-1.0277
-1.0298
-1.027
-1.028
-1.039
-1.061
-1.0894
-1.1143
-1.123
-1.1038
-1.0481
-0.95299
-0.82094
-0.65909
-0.47691
-0.28419
-0.089399
0.10077
0.28094
0.44591
0.58954
0.70407
0.78046
0.80959
0.78415
0.70072
0.56153
0.37534
0.15725
-0.072675
-0.29161
-0.4768
-0.60829
-0.67139
-0.65828
-0.56878
-0.4102
-0.19639
0.053799
0.31844
0.57466
0.80082
0.97864
1.0951
1.1438
1.1257
1.0491
0.92809
0.7803
0.62406
0.47538
0.34565
0.24044
0.15971
0.099213
0.052822
0.014899
-0.017728
-0.044816
-0.062974
-0.067047
-0.052208
-0.016126
0.03943
0.10806
0.17949
0.24141
0.28209
0.29294
0.27045
0.2169
0.13963
0.048963
-0.044743
-0.13406
-0.21673
-0.29647
-0.38189
-0.48387
-0.61179
-0.76979
-0.95397
-1.1515
-1.342
-1.501
-1.605
-1.6365
-1.5881
-1.4644
-1.2815
-1.0641
-0.84022
-0.6361
-0.47099
-0.35386
-0.28227
-0.24371
-0.21893
-0.18652
-0.12777
-0.030711
0.10732
0.27897
0.46813
0.65258
0.80775
0.9107
0.94384
0.89786
0.77338
0.58118
0.34101
0.079066
-0.1755
-0.39439
-0.55379
-0.63731
-0.63766
-0.55699
-0.40592
-0.20143
0.035813
0.28415
0.52335
0.73626
0.90967
1.0345
1.1051
1.1192
1.0763
0.97833
0.82867
0.63326
0.40094
0.14421
-0.12052
-0.37342
-0.59265
-0.75683
-0.8481
-0.8554
-0.77716
-0.6227
-0.4119
-0.17287
0.062056
0.26135
0.39941
0.46073
0.44236
0.35394
0.2156
0.053776
-0.10392
-0.23396
-0.32121
-0.36139
-0.36133
-0.33686
-0.30891
-0.2986
-0.32233
-0.38813
-0.49384
-0.62761
-0.77063
-0.90132
-1
-1.0531
-1.0555
-1.0114
-0.93276
-0.83591
-0.73829
-0.65458
-0.59412
-0.55949
-0.54656
-0.54575
-0.54421
-0.52841
-0.4869
-0.41257
-0.30426
-0.16734
-0.013124
0.14278
0.28302
0.39135
0.45544
0.46884
0.43197
0.35179
0.24028
0.11212
-0.017976
-0.1376
-0.23831
-0.31611
-0.3709
-0.40502
-0.4214
-0.4219
-0.40628
-0.37216
-0.31589
-0.23417
-0.12591
0.0063759
0.15588
0.31206
0.46212
0.59327
0.69497
0.76077
0.78911
0.783
0.74858
0.69317
0.62314
0.5425
0.45246
0.35211
0.24027
0.11767
-0.010934
-0.1356
-0.24142
-0.31033
-0.3243
-0.26929
-0.13906
0.061976
0.31787
0.6024
0.88258
1.1237
1.2953
1.3759
1.3569
1.2435
1.0535
0.81378
0.55508
0.30719
0.094208
-0.068609
-0.17618
-0.23307
-0.25135
-0.24732
-0.23786
-0.23699
-0.25328
-0.28861
-0.33828
-0.39248
-0.43867
-0.4643
-0.45939
-0.41841
-0.34103
-0.23195
-0.099684
0.045059
0.19117
0.3286
0.44921
0.54716
0.61859
0.66113
0.67323
0.65377
0.60197
0.5177
0.40219
0.25877
0.093388
-0.085301
-0.26648
-0.4383
-0.58932
-0.70993
-0.79342
-0.83648
-0.83899
-0.80333
-0.73345
-0.63397
-0.50963
-0.3652
-0.20588
-0.037761
0.13159
0.29312
0.43676
0.55257
0.63235
0.67135
0.66956
0.63236
0.57002
0.49613
0.42525
0.37012
0.33908
0.33423
0.35077
0.37769
0.39968
0.40005
0.36412
0.28249
0.15365
-0.014759
-0.20619
-0.39717
-0.5608
-0.67105
-0.70747
-0.65907
-0.5269
-0.32465
-0.077003
0.18408
0.42446
0.61352
0.72926
0.76182
0.71486
0.6044
0.45556
0.29776
0.15939
0.062873
0.021002
0.035104
0.095313
0.18282
0.27369
0.34353
0.37225
0.34806
0.26999
0.14841
0.0034662
-0.13837
-0.24908
-0.30422
-0.28761
-0.19454
-0.03295
0.17767
0.40943
0.63078
0.81184
0.92945
0.97094
0.93606
0.83668
0.69435
0.53619
0.38988
0.27863
0.2171
0.20898
0.24678
0.31367
0.38719
0.44383
0.46379
0.43483
0.35462
0.23111
0.081088
-0.072816
-0.20602
-0.29599
-0.32575
-0.28619
-0.17708
-0.006618
0.21019
0.45386
0.70306
0.93713
1.138
1.2918
1.3888
1.4241
1.3964
1.3073
1.1612
0.9638
0.72321
0.44963
0.1561
-0.14117
-0.42294
-0.6678
-0.85394
-0.96186
-0.97747
-0.89529
-0.72078
-0.47124
-0.1747
0.13324
0.41434
0.63345
0.76407
0.79245
0.71944
0.55965
0.33811
0.085401
-0.16787
-0.39585
-0.58074
-0.71405
-0.79584
-0.83262
-0.83443
-0.81202
-0.77464
-0.72874
-0.67766
-0.62194
-0.56019
-0.49006
-0.4093
-0.31656
-0.21202
-0.097672
0.022704
0.14382
0.25935
0.36246
0.44632
0.50475
0.53275
0.52731
0.48808
0.41802
0.32372
0.21508
0.10438
0.0046111
-0.072603
-0.11913
-0.13195
-0.11383
-0.072919
-0.021179
0.028056
0.062886
0.075476
0.063941
0.033039
-0.0065678
-0.040364
-0.052988
-0.031551
0.031442
0.13623
0.27543
0.43521
0.5978
0.74471
0.85996
0.93265
0.95838
0.93923
0.88245
0.79829
0.69737
0.58844
0.4769
0.36467
0.25119
0.13541
0.018078
-0.096437
-0.19937
-0.27831
-0.31945
-0.31087
-0.24601
-0.12648
0.036727
0.2241
0.41043
0.56913
0.67708
0.71895
0.68995
0.5966
0.45516
0.28843
0.12146
-0.022955
-0.128
-0.18538
-0.19631
-0.17075
-0.12536
-0.080342
-0.055701
-0.067573
-0.12512
-0.2285
-0.36836
-0.52691
-0.68053
-0.80355
-0.87256
-0.87064
-0.79058
-0.63682
-0.42545
-0.18245
0.059793
0.2672
0.40933
0.46446
0.42371
0.29314
0.093491
-0.14289
-0.37731
-0.57148
-0.69439
-0.72791
-0.66997
-0.53454
-0.34848
-0.14579
0.03926
0.17887
0.25669
0.27008
0.22931
0.15407
0.068289
-0.0053782
-0.050052
-0.057305
-0.027589
0.031309
0.10711
0.1863
0.25704
0.31109
0.34453
0.35738
0.35245
0.3338
0.30533
0.26983
0.22857
0.18154
0.1281
0.067907
0.0017126
-0.068003
-0.1368
-0.19849
-0.2458
-0.27137
-0.26904
-0.23502
-0.16892
-0.074154
0.042248
0.17057
0.29987
0.41977
0.52205
0.60195
0.65852
0.69428
0.71386
0.72225
0.72278
0.71564
0.69727
0.66104
0.59919
0.50566
0.3791
0.22524
0.057732
-0.10272
-0.23126
-0.30307
-0.29822
-0.20604
-0.028153
0.22064
0.51379
0.81668
1.0918
1.3046
1.4282
1.4476
1.3607
1.1776
0.91817
0.60815
0.27538
-0.053664
-0.35615
-0.61405
-0.81438
-0.94885
-1.0135
-1.0088
-0.93913
-0.81361
-0.64533
-0.45064
-0.24748
-0.053227
0.11742
0.25404
0.35104
0.40717
0.4241
0.40487
0.35263
0.27035
0.16152
0.031552
-0.11065
-0.25189
-0.37501
-0.46089
-0.49155
-0.454
-0.3438
-0.16724
0.058303
0.30635
0.54518
0.74284
0.87214
0.91454
0.86221
0.71814
0.49438
0.20953
-0.11408
-0.45257
-0.78194
-1.0787
-1.3204
-1.4861
-1.5576
-1.5217
-1.3721
-1.1123
-0.75639
-0.32924
0.13552
0.59929
1.0235
1.3747
1.6296
1.7779
1.8229
1.7809
1.6768
1.5401
1.3991
1.2766
1.1864
1.1323
1.1079
1.0996
1.0894
1.0593
0.99491
0.88887
0.74253
0.56645
0.37924
0.20485
0.068705
-0.0066736
-0.0059864
0.075524
0.23038
0.43929
0.67366
0.89993
1.0848
1.2004
1.2288
1.164
1.0132
0.79447
0.53417
0.26255
0.0096169
-0.19867
-0.34333
-0.41414
-0.41028
-0.33998
-0.21918
-0.06943
0.084867
0.21963
0.31437
0.35508
0.33631
0.26199
0.14492
0.0050084
-0.13353
-0.24541
-0.30767
-0.30282
-0.22136
-0.06338
0.16092
0.43204
0.72341
1.0047
1.2459
1.4217
1.515
1.5185
1.4358
1.2788
1.0656
0.81608
0.54889
0.27934
0.018525
-0.22585
-0.44773
-0.64067
-0.79619
-0.90327
-0.94927
-0.92208
-0.81332
-0.62153
-0.35455
-0.030492
0.32354
0.67455
0.98842
1.2351
1.3937
1.4551
1.4236
1.3152
1.154
0.96776
0.78311
0.62164
0.49756
0.41708
0.37918
0.3773
0.40147
0.44028
0.4825
0.51837
0.54038
0.54388
0.52739
0.49257
0.44389
0.38778
0.33147
0.28172
0.24358
0.21967
0.20993
0.21205
0.22236
0.237
0.25302
0.26915
0.28604
0.30588
0.33137
0.36446
0.40497
0.44968
0.4921
0.52311
0.53255
0.51135
0.45385
0.35963
0.23437
0.089365
-0.060246
-0.19811
-0.3095
-0.38371
-0.4153
-0.40437
-0.35581
-0.27811
-0.18211
-0.079855
0.016311
0.094738
0.14562
0.16238
0.14304
0.091226
0.016253
-0.068006
-0.14558
-0.20173
-0.22643
-0.21701
-0.17922
-0.12622
-0.075674
-0.045458
-0.049024
-0.091393
-0.16678
-0.25853
-0.34147
-0.38649
-0.36637
-0.26181
-0.066217
0.21164
0.54796
0.90722
1.2478
1.5293
1.719
1.7983
1.7654
1.6359
1.4395
1.215
1.0028
0.83845
0.74619
0.7355
0.79997
0.91907
1.0621
1.1937
1.2793
1.2906
1.2095
1.0303
0.76066
0.42041
0.039094
-0.34759
-0.70217
-0.99004
-1.1838
-1.2667
-1.2352
-1.0988
-0.87946
-0.60762
-0.31839
-0.046324
0.17925
0.33786
0.42009
0.42789
0.37337
0.27618
0.16028
0.050276
-0.031825
-0.069401
-0.053074
0.018378
0.13813
0.29239
0.46237
0.62684
0.76513
0.85997
0.89976
0.87989
0.80291
0.67752
0.51676
0.33582
0.15
-0.026855
-0.18325
-0.3103
-0.40161
-0.45285
-0.46158
-0.4272
-0.35124
-0.23778
-0.093928
0.070021
0.24071
0.40244
0.53832
0.63199
0.66955
0.64167
0.5456
0.38661
0.1787
-0.055938
-0.28869
-0.48764
-0.62172
-0.66516
-0.60174
-0.42782
-0.15363
0.19764
0.59287
0.99374
1.3623
1.6663
1.8839
2.0056
2.0346
1.9846
1.8757
1.7298
1.566
1.3968
1.2273
1.0547
0.87168
0.6692
0.44075
0.18556
-0.089364
-0.36898
-0.63186
-0.85346
-1.0105
-1.0855
-1.0706
-0.96992
-0.79968
-0.58623
-0.36208
-0.16073
-0.011207
0.06667
0.06556
-0.0082474
-0.13588
-0.28897
-0.43424
-0.53894
-0.57622
-0.52955
-0.39568
-0.18525
0.078731
0.36476
0.63809
0.86669
1.0266
1.1056
1.1046
1.0364
0.92245
0.78796
0.6573
0.55
0.4783
0.44641
0.45123
0.48408
0.53287
0.58425
0.62542
0.64543
0.63617
0.59291
0.5147
0.40436
0.26832
0.11598
-0.041269
-0.19139
-0.3232
-0.42784
-0.49996
-0.53838
-0.54611
-0.52957
-0.49727
-0.45796
-0.41863
-0.38277
-0.34923
-0.31206
-0.26137
-0.18538
-0.073175
0.082281
0.28144
0.51654
0.77142
1.0231
1.2449
1.4108
1.4997
1.5001
1.4127
1.2512
1.0415
0.81779
0.61745
0.47484
0.41522
0.44997
0.57396
0.76585
0.99134
1.2088
1.3764
1.459
1.4343
1.2956
1.0529
0.73069
0.36341
-0.0091694
-0.34755
-0.61718
-0.79236
-0.85898
-0.81616
-0.67663
-0.46582
-0.21932
0.021042
0.21259
0.31799
0.31144
0.18363
-0.055429
-0.37681
-0.73649
-1.0823
-1.3626
-1.5357
-1.577
-1.4837
-1.2751
-0.98845
-0.6723
-0.37726
-0.14701
-0.010879
0.020608
-0.043332
-0.17644
-0.34096
-0.49497
-0.60006
-0.62802
-0.56547
-0.41564
-0.19716
0.059831
0.31942
0.54658
0.71344
0.80411
0.81735
0.76651
0.67698
0.58136
0.5134
0.5016
0.56359
0.70237
0.90516
1.1452
1.3863
1.5892
1.7193
1.753
1.6822
1.5163
1.28
1.0084
0.74038
0.51128
0.34664
0.25834
0.2436
0.28676
0.36326
0.44494
0.50542
0.52474
0.49238
0.40844
0.28285
0.13295
-0.019947
-0.15451
-0.25299
-0.30396
-0.30378
-0.2565
-0.17252
-0.066159
0.047177
0.15368
0.24323
0.3106
0.35567
0.38277
0.39945
0.41482
0.43779
0.47543
0.53162
0.60622
0.69485
0.78941
0.87923
0.95266
0.99884
1.0092
0.9784
0.90504
0.79125
0.64233
0.46609
0.27235
0.072558
-0.12049
-0.29305
-0.43123
-0.52233
-0.55672
-0.52981
-0.44389
-0.30913
-0.14329
0.030083
0.18495
0.29709
0.34856
0.33158
0.25057
0.12198
-0.028455
-0.17057
-0.2759
-0.32362
-0.30523
-0.22659
-0.10693
0.025106
0.13764
0.20256
0.20182
0.13167
0.0036692
-0.15748
-0.31896
-0.44646
-0.51094
-0.49407
-0.39145
-0.21299
0.019344
0.27571
0.52357
0.73269
0.8792
0.94814
0.93433
0.84199
0.68323
0.47619
0.24287
0.0069579
-0.20827
-0.38215
-0.49864
-0.54825
-0.52934
-0.44854
-0.31997
-0.16313
0.00024796
0.14998
0.27095
0.35568
0.40545
0.4295
0.4426
0.46131
0.49978
0.56585
0.65832
0.76599
0.86888
0.9413
0.95647
0.89182
0.73394
0.48234
0.15119
-0.23136
-0.62611
-0.98781
-1.2713
-1.4379
-1.461
-1.3306
-1.0543
-0.65739
-0.17918
0.33191
0.82457
1.2512
1.5735
1.7674
1.8251
1.7554
1.5817
1.3379
1.0624
0.79214
0.55661
0.37354
0.24724
0.16953
0.12345
0.088523
0.046592
-0.013342
-0.092286
-0.18114
-0.26324
-0.31888
-0.33072
-0.28855
-0.19252
-0.053684
0.10793
0.26745
0.40038
0.48767
0.51953
0.49711
0.43181
0.34239
0.25081
0.17755
0.13764
0.13813
0.17736
0.24613
0.33013
0.41314
0.4801
0.51945
0.5245
0.49365
0.42978
0.33916
0.23031
0.113
-0.0024986
-0.10612
-0.18867
-0.24279
-0.26408
-0.25216
-0.21152
-0.15166
-0.086472
-0.032636
-0.0072498
-0.024927
-0.094824
-0.21818
-0.38692
-0.58391
-0.78491
-0.96217
-1.089
-1.1447
-1.1176
-1.008
-0.82698
-0.59499
-0.33761
-0.081362
0.15031
0.34011
0.47841
0.56333
0.5996
0.59667
0.56657
0.52193
0.47438
0.43343
0.40572
0.39464
0.40028
0.41956
0.4467
0.47395
0.49267
0.49466
0.47366
0.42668
0.35495
0.26402
0.16307
0.063182
-0.025014
-0.093867
-0.14088
-0.16984
-0.19061
-0.21729
-0.26507
-0.34635
-0.46695
-0.62328
-0.80141
-0.97827
-1.1251
-1.2122
-1.2149
-1.1179
-0.91979
-0.63348
-0.28571
0.086443
0.44062
0.73506
0.93457
1.0156
0.97003
0.80636
0.54932
0.23672
-0.085554
-0.36986
-0.57357
-0.66541
-0.63011
-0.47093
-0.20926
0.11848
0.46622
0.78509
1.0306
1.1689
1.1813
1.0665
0.83991
0.53114
0.17945
-0.17141
-0.4787
-0.70564
-0.82544
-0.82407
-0.70163
-0.47226
-0.16277
0.19004
0.54308
0.85146
1.0735
1.1755
1.1365
0.95115
0.63147
0.206
-0.28282
-0.78353
-1.2417
-1.6069
-1.8389
-1.9137
-1.8259
-1.5897
-1.2366
-0.81018
-0.35931
0.06899
0.43645
0.71844
0.90632
1.007
1.04
1.0319
1.0111
1.0013
1.0168
1.0598
1.12
1.1766
1.2028
1.1716
1.0615
0.8624
0.5789
0.23162
-0.14476
-0.50598
-0.805
-0.99964
-1.06
-0.97408
-0.75046
-0.41752
-0.019137
0.39248
0.76536
1.0562
1.2373
1.2998
1.2546
1.1284
0.95816
0.78352
0.63971
0.55146
0.52948
0.5696
0.65481
0.75937
0.85429
0.91303
0.91623
0.85494
0.73162
0.55913
0.35801
0.15267
-0.032662
-0.17757
-0.26821
-0.29889
-0.27229
-0.19866
-0.093945
0.022819
0.13247
0.21874
0.27086
0.28519
0.2655
0.2217
0.16716
0.11505
0.074754
0.049279
0.034499
0.020589
-0.0046781
-0.051698
-0.12512
-0.22145
-0.32891
-0.42969
-0.50391
-0.53432
-0.51038
-0.4308
-0.30372
-0.14489
0.025951
0.18925
0.32943
0.4375
0.51185
0.5573
0.58276
0.598
0.61056
0.62318
0.63265
0.63016
0.60332
0.5393
0.4286
0.26843
0.06491
-0.16653
-0.40282
-0.61673
-0.78135
-0.87482
-0.88418
-0.8076
-0.65462
-0.44445
-0.20255
0.043607
0.26891
0.45437
0.58947
0.67293
0.71172
0.71872
0.70949
0.69893
0.69831
0.71335
0.74351
0.78252
0.81993
0.84346
0.84149
0.80529
0.73077
0.61916
0.47683
0.31413
0.14359
-0.022154
-0.17226
-0.29909
-0.39882
-0.47114
-0.51835
-0.54397
-0.55144
-0.54318
-0.52039
-0.48342
-0.43274
-0.37001
-0.29892
-0.22545
-0.15736
-0.10298
-0.069542
-0.061392
-0.078707
-0.11709
-0.16838
-0.22255
-0.27032
-0.30579
-0.32819
-0.34228
-0.35707
-0.3832
-0.42962
-0.5004
-0.59262
-0.69581
-0.79315
-0.86419
-0.88843
-0.84916
-0.73665
-0.55025
-0.29894
-0.00039402
0.32134
0.63908
0.92617
1.16
1.3247
1.413
1.4263
1.374
1.2704
1.1326
0.97723
0.81777
0.66365
0.51991
0.3882
0.2685
0.16097
0.067394
-0.008161
-0.059872
-0.081602
-0.068959
-0.02133
0.056723
0.15522
0.25987
0.35435
0.4233
0.45533
0.4453
0.3955
0.31538
0.22008
0.12811
0.058614
0.028537
0.050173
0.12916
0.26313
0.44129
0.64484
0.84854
1.0234
1.1401
1.1731
1.1047
0.92852
0.65139
0.29399
-0.11111
-0.52314
-0.89835
-1.1961
-1.3845
-1.445
-1.3754
-1.1899
-0.91687
-0.59497
-0.26705
0.026081
0.25173
0.38986
0.43554
0.39879
0.30185
0.17448
0.048082
-0.050114
-0.1017
-0.099687
-0.048753
0.036805
0.13673
0.22928
0.29553
0.32281
0.3067
0.25142
0.16877
0.075919
-0.007451
-0.062158
-0.072256
-0.027165
0.077047
0.23733
0.44423
0.68319
0.9364
1.1848
1.4099
1.5959
1.7302
1.8047
1.8161
1.7656
1.6582
1.5023
1.3083
1.0875
0.85086
0.60845
0.36869
0.13851
-0.076349
-0.27061
-0.43891
-0.57543
-0.67405
-0.72896
-0.73574
-0.6926
-0.60145
-0.4686
-0.30468
-0.12388
0.05757
0.22342
0.35958
0.45614
0.50884
0.51954
0.49568
0.4486
0.39118
0.33515
0.2888
0.25543
0.23299
0.21501
0.19244
0.15613
0.099331
0.019558
-0.080455
-0.19302
-0.30684
-0.4091
-0.48783
-0.53396
-0.54287
-0.51502
-0.456
-0.37598
-0.28877
-0.21079
-0.15963
-0.15231
-0.20314
-0.32118
-0.50792
-0.75547
-1.0461
-1.3536
-1.6464
-1.8919
-2.0616
-2.1359
-2.1067
-1.9785
-1.7667
-1.4944
-1.1879
-0.87202
-0.56695
-0.28562
-0.033436
0.19061
0.39166
0.57611
0.74889
0.91147
1.061
1.1906
1.2911
1.353
1.3693
1.3369
1.2584
1.142
1.0003
0.8486
0.70276
0.57627
0.47834
0.41262
0.37704
0.365
0.36729
0.37458
0.37956
0.37821
0.37005
0.35727
0.34315
0.33051
0.32049
0.31229
0.30373
0.29256
0.27794
0.26166
0.24853
0.24578
0.26146
0.30214
0.37045
0.46307
0.5697
0.67351
0.75307
0.78554
0.75069
0.63484
0.4341
0.15603
-0.18054
-0.54768
-0.91203
-1.2394
-1.4993
-1.6684
-1.7328
-1.6883
-1.5398
-1.2992
-0.98381
-0.61532
-0.21879
0.1775
0.54265
0.84457
1.0527
1.1417
1.0964
0.91528
0.61379
0.224
-0.20835
-0.62999
-0.98831
-1.24
-1.3585
-1.3379
-1.1936
-0.95831
-0.67512
-0.38885
-0.13778
0.052686
0.17316
0.22989
0.24121
0.23191
0.22686
0.2453
0.29693
0.38043
0.48458
0.59159
0.68176
0.73848
0.75249
0.72432
0.6645
0.59124
0.52628
0.48961
0.49456
0.54428
0.6306
0.73566
0.8357
0.90642
0.92844
0.89176
0.79827
0.66173
0.5053
0.35714
0.24498
0.19072
0.20615
0.29056
0.43071
0.60322
0.7787
0.92701
1.0225
1.0481
0.99793
0.87761
0.70239
0.49408
0.277
0.074081
-0.096479
-0.2234
-0.30329
-0.34036
-0.34501
-0.33157
-0.3154
-0.30995
-0.32423
-0.36127
-0.41796
-0.48638
-0.55623
-0.61783
-0.66481
-0.69571
-0.71411
-0.72716
-0.743
-0.76796
-0.80422
-0.84871
-0.89354
-0.92766
-0.93952
-0.91992
-0.86455
-0.77552
-0.66162
-0.5372
-0.41972
-0.32653
-0.27136
-0.26136
-0.29532
-0.36365
-0.45007
-0.53495
-0.5995
-0.62981
-0.61985
-0.57259
-0.49904
-0.4154
-0.33902
-0.28426
-0.25903
-0.26302
-0.28767
-0.318
-0.33575
-0.32309
-0.26622
-0.15805
0.00034068
0.19985
0.42478
0.65529
0.87036
1.0507
1.1808
1.2509
1.2567
1.1998
1.0859
0.92467
0.72783
0.509
0.28293
0.065129
-0.12881
-0.28413
-0.3883
-0.43249
-0.41312
-0.33292
-0.20119
-0.033206
0.15134
0.33062
0.48334
0.59138
0.64209
0.62982
0.55671
0.4323
0.27242
0.096995
-0.072636
-0.21676
-0.32019
-0.37444
-0.37882
-0.34011
-0.27073
-0.18588
-0.10022
-0.024774
0.035143
0.080524
0.11772
0.1561
0.20489
0.26988
0.35078
0.43997
0.52313
0.58172
0.59714
0.55546
0.45175
0.29268
0.096567
-0.10955
-0.2952
-0.43302
-0.50494
-0.50651
-0.44802
-0.35227
-0.2493
-0.1694
-0.13598
-0.16019
-0.23842
-0.3533
-0.47802
-0.58282
-0.64197
-0.63977
-0.57379
-0.45497
-0.30453
-0.14861
-0.012256
0.085843
0.13661
0.14131
0.11002
0.058364
0.0037044
-0.038469
-0.05723
-0.047659
-0.011016
0.046181
0.11385
0.18046
0.23518
0.26975
0.2799
0.266
0.233
0.18977
0.14769
0.11894
0.11453
0.14232
0.20534
0.30086
0.42028
0.5502
0.67442
0.77667
0.84346
0.86645
0.84401
0.78152
0.69045
0.58631
0.4859
0.40426
0.35183
0.3323
0.34157
0.36805
0.3944
0.40055
0.36765
0.28209
0.13904
-0.055347
-0.28369
-0.51917
-0.72949
-0.88225
-0.95104
-0.92115
-0.79359
-0.58651
-0.3334
-0.078036
0.13306
0.25923
0.27372
0.16928
-0.039853
-0.32017
-0.62493
-0.9028
-1.1072
-1.2046
-1.1802
-1.0402
-0.80952
-0.5274
-0.24004
0.0070379
0.1761
0.24254
0.19765
0.048752
-0.18319
-0.46788
-0.77086
-1.0587
-1.3029
-1.4827
-1.5856
-1.6064
-1.5459
-1.4093
-1.2044
-0.94125
-0.63205
-0.29109
0.065131
0.41846
0.75017
1.0428
1.2822
1.4597
1.5736
1.6298
1.6406
1.6228
1.5938
1.5681
1.5534
1.5486
1.543
1.5185
1.453
1.3253
1.1206
0.83426
0.47521
0.066109
-0.35822
-0.75471
-1.0776
-1.2852
-1.3461
-1.2453
-0.98684
-0.59527
-0.11241
0.40801
0.90801
1.3338
1.6432
1.8114
1.8333
1.7226
1.5083
1.2289
0.92627
0.6393
0.39884
0.22453
0.12344
0.090563
0.11087
0.16245
0.22019
0.25958
0.26017
0.20831
0.098879
-0.06409
-0.26808
-0.49387
-0.71825
-0.91735
-1.0701
-1.1611
-1.1832
-1.138
-1.0352
-0.8906
-0.72316
-0.55123
-0.38973
-0.24807
-0.12973
-0.033156
0.046032
0.11229
0.16746
0.20878
0.22834
0.21404
0.15227
0.031812
-0.15176
-0.39208
-0.66963
-0.95172
-1.1954
-1.3532
-1.3807
-1.2449
-0.9316
-0.45041
0.16411
0.85528
1.5511
2.1741
2.6522
2.9297
2.9758
2.7893
2.3992
1.8602
1.244
0.6285
0.085734
-0.32832
-0.58111
-0.66663
-0.60397
-0.43207
-0.20171
0.033604
0.22635
0.3418
0.36211
0.28742
0.13393
-0.07014
-0.28998
-0.48995
-0.63874
-0.7133
-0.70114
-0.60098
-0.42195
-0.18178
0.095637
0.38294
0.65191
0.87586
1.0317
1.1019
1.076
0.95219
0.73837
0.45249
0.12181
-0.21932
-0.53332
-0.78452
-0.94485
-0.99908
-0.94822
-0.81023
-0.61757
-0.41167
-0.23545
-0.12528
-0.10417
-0.17744
-0.33199
-0.53911
-0.76016
-0.95393
-1.0841
-1.1252
-1.0667
-0.91357
-0.68493
-0.41035
-0.12502
0.13524
0.33856
0.46052
0.48646
0.41261
0.24621
0.004774
-0.28531
-0.59098
-0.87537
-1.1014
-1.2359
-1.2533
-1.1398
-0.89458
-0.53138
-0.076696
0.43282
0.95457
1.4447
1.8627
2.1756
2.3607
2.4074
2.3168
2.101
1.781
1.3841
0.94143
0.48567
0.048842
-0.33941
-0.65332
-0.87237
-0.98257
-0.9776
-0.85983
-0.64096
-0.34202
0.0075743
0.37222
0.71372
0.99597
1.1901
1.2793
1.2616
1.1503
0.97183
0.76042
0.55143
0.37458
0.24846
0.17756
0.15241
0.15261
0.15195
0.12437
0.049483
-0.083368
-0.27323
-0.50788
-0.76619
-1.0218
-1.2473
-1.4185
-1.5176
-1.5354
-1.4719
-1.3361
-1.1441
-0.91648
-0.67621
-0.44542
-0.24348
-0.085272
0.019673
0.067511
0.059959
0.0039116
-0.089103
-0.20364
-0.32137
-0.42246
-0.48752
-0.49987
-0.44795
-0.3275
-0.14288
0.092629
0.35807
0.62736
0.87296
1.0701
1.201
1.2575
1.2427
1.1704
1.0627
0.9454
0.84438
0.7806
0.76713
0.80754
0.89608
1.0195
1.1598
1.2978
1.4156
1.4993
1.5397
1.5328
1.4785
1.3807
1.2457
1.082
0.90051
0.71394
0.53648
0.38243
0.26411
0.18951
0.16002
0.1693
0.20359
0.24386
0.26931
0.2618
0.21002
0.11249
-0.021398
-0.17277
-0.31705
-0.42933
-0.49028
-0.49094
-0.43539
-0.34013
-0.23035
-0.13372
-0.073367
-0.06171
-0.096768
-0.16201
-0.22984
-0.26796
-0.24726
-0.14931
0.028133
0.26898
0.54057
0.79904
0.99723
1.0935
1.0596
0.88634
0.58536
0.1875
-0.26209
-0.71107
-1.1075
-1.4073
-1.5794
-1.6095
-1.5007
-1.2726
-0.95744
-0.59595
-0.23151
0.095252
0.35135
0.51512
0.57822
0.54562
0.43385
0.26767
0.07582
-0.11349
-0.27644
-0.39633
-0.46467
-0.48067
-0.4495
-0.37969
-0.28054
-0.16006
-0.023771
0.1253
0.28573
0.45628
0.63425
0.81438
0.98835
1.1452
1.2723
1.357
1.3881
1.3572
1.2597
1.0951
0.86786
0.58688
0.26581
-0.077296
-0.4206
-0.73973
-1.0096
-1.2071
-1.3138
-1.319
-1.222
-1.0333
-0.7742
-0.47445
-0.16857
0.10915
0.32976
0.47408
0.53552
0.52056
0.44702
0.34015
0.22761
0.13436
0.078425
0.068432
0.10318
0.17301
0.26243
0.35337
0.42819
0.47222
0.47544
0.43339
0.34747
0.22469
0.077039
-0.079704
-0.22758
-0.34871
-0.42791
-0.45549
-0.42948
-0.35675
-0.25235
-0.13699
-0.032774
0.041765
0.076196
0.071075
0.038215
-0.0018638
-0.024821
-0.0085656
0.060994
0.18595
0.35518
0.54628
0.73015
0.8773
0.96423
0.97853
0.92151
0.80786
0.66246
0.51548
0.39653
0.32953
0.32887
0.39753
0.52725
0.70035
0.89288
1.0784
1.2318
1.333
1.3694
1.3378
1.2441
1.1024
0.93207
0.75468
0.59004
0.45305
0.35139
0.28473
0.24555
0.22128
0.19739
0.16073
0.10256
0.02051
-0.080629
-0.18973
-0.29139
-0.36901
-0.40812
-0.39939
-0.3407
-0.23766
-0.10269
0.047298
0.19411
0.32154
0.41814
0.47885
0.50523
0.50433
0.48661
0.46346
0.445
0.43846
0.44737
0.47149
0.50719
0.54796
0.58516
0.60873
0.60824
0.57424
0.50002
0.38342
0.2284
0.045865
-0.14683
-0.32775
-0.47365
-0.56401
-0.58498
-0.53244
-0.4132
-0.24407
-0.04896
0.14542
0.31417
0.4382
0.50668
0.51773
0.4773
0.39679
0.29023
0.17158
0.052865
-0.056791
-0.15114
-0.22621
-0.2795
-0.30924
-0.31407
-0.29311
-0.24637
-0.17542
-0.083935
0.022077
0.13437
0.24309
0.33787
0.40912
0.44953
0.45544
0.42795
0.37349
0.30363
0.23394
0.18196
0.16432
0.19341
0.27428
0.40243
0.56311
0.73263
0.88145
0.97892
0.99856
0.92303
0.74786
0.48328
0.15361
-0.20547
-0.55173
-0.84228
-1.0398
-1.1184
-1.0673
-0.89305
-0.6184
-0.27919
0.081142
0.41793
0.69179
0.87395
0.94976
0.91975
0.79824
0.61005
0.38584
0.15718
-0.047891
-0.2082
-0.31134
-0.35415
-0.34206
-0.2875
-0.20784
-0.12284
-0.052048
-0.01199
-0.013684
-0.060579
-0.14744
-0.26054
-0.37938
-0.47994
-0.53918
-0.5399
-0.47501
-0.35021
-0.18403
-0.0049837
0.15376
0.26117
0.29499
0.24681
0.12419
-0.050567
-0.2446
-0.42087
-0.54519
-0.59252
-0.55132
-0.42514
-0.23142
0.002224
0.24333
0.46036
0.62784
0.73006
0.7626
0.73186
0.65275
0.54531
0.43103
0.3295
0.25599
0.22008
0.22552
0.27077
0.35026
0.45574
0.57766
0.70624
0.8323
0.94783
1.0462
1.1225
1.1734
1.197
1.1925
1.1602
1.1005
1.0142
0.90231
0.76627
0.60861
0.43326
0.24589
0.053877
-0.13407
-0.30848
-0.45981
-0.57927
-0.65945
-0.69497
-0.68289
-0.62308
-0.51839
-0.37466
-0.20067
-0.0077771
0.19061
0.37985
0.54523
0.6733
0.75334
0.77869
0.74769
0.66412
0.53707
0.38024
0.21085
0.048125
-0.088545
-0.1818
-0.21869
-0.19297
-0.10692
0.027873
0.19115
0.35633
0.49439
0.57876
0.59042
0.52217
0.38093
0.1874
-0.027204
-0.22686
-0.37789
-0.45584
-0.45054
-0.36791
-0.22814
-0.06064
0.10298
0.23605
0.32232
0.35848
0.35337
0.32416
0.29097
0.27125
0.27558
0.30565
0.35477
0.41043
0.45802
0.48465
0.48208
0.44831
0.38765
0.30966
0.22718
0.15412
0.10324
0.08423
0.10223
0.15698
0.24263
0.34834
0.45966
0.56062
0.63607
0.67419
0.66843
0.61867
0.53127
0.41784
0.29303
0.17172
0.066199
-0.015988
-0.072931
-0.10784
-0.12719
-0.13805
-0.14534
-0.14986
-0.14754
-0.13037
-0.088687
-0.014405
0.09577
0.23793
0.40016
0.56366
0.70578
0.80432
0.84219
0.81137
0.71511
0.56795
0.39335
0.21943
0.073845
-0.021231
-0.05297
-0.019873
0.06832
0.19266
0.3284
0.4492
0.53131
0.55718
0.51811
0.41543
0.26036
0.072393
-0.1235
-0.30047
-0.43382
-0.50482
-0.50369
-0.4313
-0.29907
-0.12707
0.059454
0.23444
0.37532
0.4665
0.50132
0.48216
0.41895
0.32663
0.22209
0.1214
0.037725
-0.019862
-0.046673
-0.042088
-0.0088555
0.047735
0.12068
0.20209
0.28403
0.35946
0.42317
0.47251
0.50792
0.53283
0.55304
0.57552
0.60689
0.65178
0.71157
0.78357
0.86108
0.93417
0.99113
1.0204
1.0123
0.96069
0.86375
0.72418
0.54882
0.34786
0.134
-0.078385
-0.27399
-0.43737
-0.55398
-0.61152
-0.60155
-0.52123
-0.3747
-0.17362
0.063392
0.3127
0.54876
0.74796
0.89234
0.97258
0.98934
0.95278
0.88021
0.79251
0.71002
0.64895
0.61881
0.62139
0.65124
0.69722
0.74472
0.77815
0.78338
0.74987
0.67251
0.55294
0.40012
0.23002
0.064107
-0.073356
-0.15911
-0.17522
-0.11327
0.022678
0.21507
0.43456
0.64431
0.80641
0.88902
0.87281
0.75517
0.55119
0.29126
0.015608
-0.23279
-0.41571
-0.506
-0.49171
-0.37739
-0.18257
0.062178
0.32069
0.55721
0.74191
0.85502
0.8891
0.84903
0.75017
0.61489
0.4685
0.33511
0.2343
0.17901
0.17475
0.22012
0.30815
0.42823
0.5679
0.71444
0.8558
0.9811
1.0806
1.1455
1.1678
1.1408
1.0597
0.92302
0.7339
0.50161
0.24186
-0.023918
-0.27069
-0.47302
-0.60898
-0.66388
-0.6331
-0.52333
-0.35185
-0.14391
0.071347
0.26561
0.41594
0.50826
0.53905
0.51516
0.45175
0.3689
0.28763
0.22599
0.19604
0.20201
0.23994
0.29862
0.36177
0.41101
0.42917
0.40358
0.32864
0.20734
0.051334
-0.12057
-0.28532
-0.41952
-0.50365
-0.52587
-0.48447
-0.38855
-0.25649
-0.11253
0.017915
0.1132
0.15953
0.15324
0.10091
0.017254
-0.078513
-0.16698
-0.23246
-0.26575
-0.26523
-0.23628
-0.18927
-0.13684
-0.090941
-0.060455
-0.049712
-0.058068
-0.080536
-0.10921
-0.13512
-0.15019
-0.14888
-0.12926
-0.093395
-0.046939
0.0018838
0.043789
0.070122
0.074466
0.053883
0.0095884
-0.053087
-0.12546
-0.19686
-0.25643
-0.29491
-0.30621
-0.28828
-0.2432
-0.17639
-0.095277
-0.007627
0.07998
0.16316
0.24007
0.311
0.37744
0.44092
0.50197
0.55936
0.61016
0.65022
0.67537
0.6827
0.67183
0.64574
0.61077
0.57594
0.5513
0.54594
0.56565
0.61102
0.67611
0.7484
0.8099
0.83975
0.81771
0.7282
0.56411
0.3295
0.040534
-0.2757
-0.58459
-0.8491
-1.0357
-1.12
-1.091
-0.95268
-0.72377
-0.4341
-0.11975
0.18279
0.44205
0.63573
0.75289
0.79404
0.7693
0.69524
0.59123
0.47594
0.36472
0.268
0.19096
0.13394
0.093449
0.063452
0.036615
0.0055489
-0.03604
-0.092274
-0.16418
-0.24907
-0.34032
-0.42783
-0.49909
-0.54079
-0.54091
-0.49075
-0.38676
-0.23164
-0.034592
0.18943
0.42138
0.64055
0.82721
0.96528
1.0443
1.0606
1.0173
0.92311
0.79041
0.633
0.46379
0.29335
0.1293
-0.023251
-0.16054
-0.27864
-0.37215
-0.43371
-0.45435
-0.42502
-0.33872
-0.19304
0.0078554
0.25199
0.51984
0.78609
1.0227
1.203
1.3059
1.3196
1.2439
1.0905
0.88186
0.64764
0.42049
0.23114
0.10394
0.053414
0.082492
0.18242
0.33441
0.51261
0.68786
0.83173
0.92029
0.93714
0.87545
0.73875
0.54034
0.30143
0.048168
-0.19201
-0.39417
-0.53928
-0.61653
-0.62439
-0.5702
-0.46837
-0.33776
-0.1985
-0.069176
0.035555
0.10625
0.13907
0.13522
0.099888
0.040894
-0.032686
-0.11166
-0.18764
-0.25364
-0.30451
-0.33701
-0.34972
-0.3427
-0.31697
-0.27398
-0.21526
-0.1423
-0.056869
0.038449
0.13959
0.24058
0.33352
0.40932
0.45889
0.47488
0.45335
0.3951
0.30619
0.19748
0.08319
-0.02131
-0.10199
-0.1484
-0.15513
-0.1223
-0.054925
0.038505
0.14784
0.26304
0.37553
0.47891
0.56898
0.6434
0.70098
0.74116
0.76362
0.76824
0.75523
0.7253
0.67974
0.62038
0.54928
0.46858
0.3804
0.28696
0.19094
0.095814
0.0060283
-0.073182
-0.13647
-0.17946
-0.19992
-0.19879
-0.18063
-0.15321
-0.12636
-0.1101
-0.1127
-0.1389
-0.18903
-0.25892
-0.34084
-0.42517
-0.50226
-0.56425
-0.60628
-0.62695
-0.628
-0.61321
-0.58692
-0.55234
-0.51025
-0.45825
-0.39107
-0.30181
-0.18402
-0.034182
0.14613
0.34895
0.55996
0.76012
0.92845
1.0455
1.0969
1.0758
0.98435
0.83336
0.64085
0.4294
0.2231
0.044576
-0.08757
-0.16052
-0.16827
-0.11182
0.0012165
0.15756
0.3396
0.52705
0.69888
0.83536
0.92014
0.94211
0.89672
0.78644
0.62024
0.41202
0.17834
-0.064128
-0.30069
-0.51984
-0.71336
-0.87522
-1.0001
-1.0819
-1.1129
-1.0848
-0.99011
-0.82538
-0.5941
-0.30891
0.0078887
0.32607
0.61138
0.83106
0.95972
0.98439
0.9074
0.74632
0.53098
0.29797
0.083819
-0.081625
-0.18039
-0.20897
-0.17781
-0.10811
-0.026428
0.041365
0.075565
0.066424
0.015528
-0.065343
-0.1574
-0.23927
-0.29164
-0.30114
-0.26276
-0.18048
-0.066056
0.063574
0.18964
0.295
0.367
0.39925
0.39216
0.35218
0.29008
0.21859
0.15001
0.094144
0.056775
0.039079
0.037812
0.046287
0.055983
0.058522
0.047708
0.021231
-0.018361
-0.063698
-0.10375
-0.12596
-0.11892
-0.07505
0.0073033
0.12294
0.26026
0.40316
0.53393
0.63672
0.70065
0.7221
0.70544
0.66213
0.60829
0.56124
0.53571
0.54048
0.5763
0.63542
0.70305
0.76029
0.78812
0.77144
0.70241
0.58246
0.42248
0.24134
0.062948
-0.087603
-0.18813
-0.22306
-0.18604
-0.081104
0.077905
0.2695
0.46803
0.64772
0.78671
0.87019
0.89226
0.85604
0.77226
0.65649
0.52581
0.3954
0.27597
0.17245
0.084284
0.0069461
-0.065503
-0.13778
-0.2113
-0.28313
-0.34641
-0.39192
-0.41039
-0.39502
-0.34344
-0.25872
-0.14903
-0.026273
0.096135
0.20575
0.29322
0.35367
0.38707
0.39752
0.39184
0.37775
0.36214
0.34986
0.34306
0.34136
0.34236
0.34251
0.33791
0.32493
0.30061
0.26279
0.21019
0.14248
0.060447
-0.033737
-0.1362
-0.24113
-0.34074
-0.42558
-0.48532
-0.50986
-0.49086
-0.42329
-0.30682
-0.14672
0.046057
0.25566
0.46309
0.64859
0.79447
0.88767
0.92183
0.89821
0.82539
0.71766
0.59246
0.4673
0.35688
0.27095
0.2133
0.18206
0.17112
0.17228
0.17771
0.18207
0.18396
0.18632
0.19573
0.22079
0.26987
0.34867
0.45818
0.59319
0.74205
0.8874
1.0083
1.0832
1.0936
1.0275
0.8827
0.66786
0.40259
0.11501
-0.16224
-0.39718
-0.56385
-0.64684
-0.64408
-0.56717
-0.43919
-0.29042
-0.15266
-0.053624
-0.012129
-0.035354
-0.11835
-0.24581
-0.39561
-0.54319
-0.66594
-0.74676
-0.77615
-0.75275
-0.68226
-0.57531
-0.44476
-0.30303
-0.16004
-0.0221
0.10816
0.23089
0.34748
0.45875
0.56344
0.65742
0.73377
0.78397
0.79965
0.77466
0.7068
0.59881
0.45835
0.29708
0.12912
-0.030796
-0.16897
-0.27401
-0.3376
-0.35478
-0.32388
-0.24634
-0.1264
0.029063
0.2106
0.40628
0.60195
0.78188
0.92996
1.0316
1.0757
1.0574
0.97892
0.85091
0.69122
0.52266
0.36955
0.2536
0.19001
0.18456
0.23228
0.31802
0.41885
0.50796
0.55932
0.55237
0.47595
0.33072
0.12959
-0.10381
-0.33866
-0.5417
-0.6824
-0.7378
-0.69591
-0.55733
-0.33476
-0.050607
0.26672
0.58711
0.8829
1.132
1.3196
1.439
1.4899
1.4775
1.4097
1.2955
1.1435
0.96114
0.75489
0.5308
0.29538
0.056324
-0.17721
-0.39494
-0.58643
-0.74244
-0.85627
-0.92474
-0.94854
-0.9318
-0.88106
-0.80383
-0.70724
-0.59692
-0.47657
-0.34817
-0.2129
-0.07231
0.070343
0.2093
0.33617
0.44077
0.5128
0.54398
0.53022
0.47313
0.38049
0.26535
0.14393
0.032725
-0.05464
-0.10992
-0.13167
-0.12508
-0.10032
-0.069703
-0.044365
-0.031301
-0.031399
-0.039002
-0.0431
-0.029869
0.014017
0.098062
0.22537
0.3914
0.58423
0.78634
0.97735
1.1371
1.2488
1.3006
1.2874
1.2105
1.0772
0.89921
0.69163
0.47134
0.25576
0.061903
-0.094585
-0.20019
-0.24435
-0.2203
-0.1259
0.035555
0.25487
0.51691
0.80123
1.0836
1.3381
1.5402
1.6697
1.7133
1.6669
1.5361
1.3353
1.0859
0.81293
0.54206
0.29606
0.092249
-0.059322
-0.15656
-0.20492
-0.21604
-0.20561
-0.19075
-0.1874
-0.20781
-0.2588
-0.34071
-0.44748
-0.56772
-0.68666
-0.78865
-0.85982
-0.89039
-0.87628
-0.81969
-0.7287
-0.6159
-0.49648
-0.38595
-0.29808
-0.24311
-0.22654
-0.24864
-0.30452
-0.38499
-0.4779
-0.57003
-0.64907
-0.70555
-0.7341
-0.73395
-0.70843
-0.66357
-0.60628
-0.54241
-0.47543
-0.40584
-0.33173
-0.25001
-0.15829
-0.05664
0.051196
0.15756
0.25177
0.32207
0.35819
0.35395
0.30927
0.23107
0.13278
0.032451
-0.050246
-0.097453
-0.09644
-0.042025
0.062359
0.20516
0.36862
0.5317
0.67345
0.77625
0.82847
0.82615
0.77354
0.68257
0.57107
0.46022
0.37129
0.32228
0.32489
0.38241
0.48901
0.63049
0.78654
0.93404
1.0509
1.1195
1.1297
1.0803
0.97855
0.83874
0.67922
0.51875
0.37306
0.25223
0.15942
0.091133
0.03877
-0.0088278
-0.062559
-0.13048
-0.21594
-0.31667
-0.42502
-0.52908
-0.61457
-0.66715
-0.67467
-0.62921
-0.5284
-0.37603
-0.18168
0.040356
0.27287
0.49789
0.69885
0.86251
0.98026
1.0487
1.0695
1.048
0.99231
0.91087
0.81131
0.69928
0.57821
0.44982
0.3152
0.17605
0.035935
-0.099179
-0.22095
-0.31951
-0.38497
-0.40909
-0.38697
-0.31811
-0.20677
-0.061457
0.10628
0.28337
0.45683
0.615
0.74841
0.85009
0.9155
0.94218
0.92944
0.87811
0.7905
0.6707
0.52499
0.36224
0.19412
0.034828
-0.099828
-0.19394
-0.23358
-0.20913
-0.1175
0.036244
0.23835
0.46709
0.69497
0.89213
1.0306
1.0888
1.0548
0.92903
0.7242
0.46363
0.17741
-0.10246
-0.34742
-0.53673
-0.6604
-0.7199
-0.72657
-0.69839
-0.65575
-0.61725
-0.5964
-0.5998
-0.62691
-0.67127
-0.7225
-0.76875
-0.79886
-0.80389
-0.77802
-0.71871
-0.62644
-0.50424
-0.35743
-0.19352
-0.022425
0.1434
0.2892
0.39887
0.45686
0.45082
0.37456
0.23059
0.031325
-0.20142
-0.43918
-0.65125
-0.81016
-0.89678
-0.904
-0.83787
-0.7159
-0.56289
-0.40527
-0.2653
-0.15653
-0.081664
-0.03304
0.0042987
0.047924
0.11295
0.20782
0.33208
0.47641
0.62508
0.75982
0.86416
0.92712
0.94524
0.92261
0.86904
0.79691
0.71763
0.63862
0.5615
0.48197
0.39126
0.27899
0.13664
-0.039035
-0.2435
-0.46347
-0.67777
-0.86001
-0.98267
-1.0219
-0.96187
-0.79857
-0.54101
-0.2107
0.16127
0.53884
0.88634
1.1736
1.3799
1.496
1.5239
1.4749
1.366
1.2164
1.0433
0.85997
0.67454
0.49041
0.30804
0.12714
-0.051182
-0.22322
-0.38252
-0.52087
-0.63012
-0.70415
-0.74035
-0.74021
-0.70866
-0.65263
-0.57909
-0.49323
-0.39751
-0.29166
-0.17376
-0.04207
0.10305
0.25773
0.41419
0.56157
0.68781
0.78213
0.83739
0.85156
0.82799
0.77424
0.69991
0.6141
0.52327
0.43015
0.33395
0.23174
0.12063
-0.00017355
-0.12784
-0.25547
-0.37276
-0.46774
-0.52897
-0.54783
-0.52036
-0.4482
-0.33853
-0.203
-0.055921
0.088003
0.21575
0.31766
0.38825
0.42628
0.434
0.41586
0.37713
0.32257
0.25562
0.17815
0.090857
-0.0056877
-0.10972
-0.21693
-0.3195
-0.40595
-0.4621
-0.47296
-0.42553
-0.31187
-0.13171
0.10586
0.38233
0.67153
0.94285
1.1657
1.3141
1.3706
1.3286
1.1934
0.98053
0.713
0.41777
0.12183
-0.15107
-0.38272
-0.56153
-0.68244
-0.74606
-0.75726
-0.72378
-0.6551
-0.56164
-0.45442
-0.34462
-0.24318
-0.16
-0.10294
-0.076679
-0.081874
-0.11487
-0.16808
-0.23097
-0.29149
-0.33757
-0.35858
-0.34649
-0.29675
-0.20891
-0.086983
0.060598
0.22131
0.37944
0.51748
0.61806
0.66629
0.65219
0.57286
0.434
0.25013
0.043393
-0.15919
-0.32965
-0.44353
-0.48395
-0.44457
-0.33076
-0.15874
0.04706
0.25794
0.44548
0.5859
0.66356
0.67303
0.61956
0.51779
0.38893
0.25695
0.1442
0.067314
0.034102
0.042037
0.078738
0.12441
0.15585
0.15127
0.09497
-0.018958
-0.18467
-0.38471
-0.59221
-0.77488
-0.89998
-0.93956
-0.87498
-0.70007
-0.42219
-0.061251
0.35316
0.78603
1.2016
1.5675
1.8587
2.0583
2.1593
2.1629
2.0784
1.9209
1.7105
1.4702
1.2242
0.99526
0.80263
0.6593
0.57046
0.53285
0.53543
0.56136
0.59095
0.60529
0.58961
0.536
0.44493
0.32507
0.19167
0.063601
-0.040299
-0.10484
-0.12144
-0.089737
-0.017725
0.079837
0.18428
0.27667
0.34144
0.36937
0.35917
0.31739
0.25662
0.19242
0.1396
0.10873
0.10362
0.12042
0.14857
0.17341
0.17985
0.15628
0.097782
0.0078771
-0.10168
-0.21308
-0.30624
-0.36324
-0.3726
-0.3321
-0.24955
-0.14124
-0.028269
0.068263
0.132
0.15487
0.13849
0.093078
0.034276
-0.021328
-0.060748
-0.078042
-0.075751
-0.063982
-0.057363
-0.070656
-0.11414
-0.18992
-0.29016
-0.39774
-0.48917
-0.53942
-0.52739
-0.44089
-0.28
-0.057904
0.20103
0.46571
0.70429
0.89039
1.0081
1.0549
1.041
0.9868
0.91737
0.85683
0.82298
0.82389
0.85672
0.90906
0.96201
0.99432
0.98666
0.92524
0.80431
0.62732
0.40663
0.16203
-0.081935
-0.29922
-0.46605
-0.56438
-0.58486
-0.52841
-0.40626
-0.23815
-0.049043
0.13519
0.29215
0.40649
0.47202
0.49185
0.47676
0.44212
0.40412
0.37614
0.366
0.37452
0.39568
0.41824
0.42844
0.41318
0.36321
0.27562
0.15523
0.014551
-0.12764
-0.24895
-0.32674
-0.34175
-0.2814
-0.14229
0.068336
0.3327
0.624
0.90961
1.1555
1.3311
1.4148
1.397
1.2822
1.088
0.8418
0.57535
0.3191
0.096884
-0.077521
-0.20131
-0.28111
-0.32963
-0.3614
-0.38881
-0.41931
-0.4543
-0.48973
-0.518
-0.53065
-0.52104
-0.48634
-0.42827
-0.35248
-0.26666
-0.17781
-0.089489
6.3319e-05
0.098391
0.21733
0.36976
0.56526
0.80571
1.0822
1.3742
1.652
1.8819
2.0331
2.085
2.0324
1.8882
1.6816
1.4529
1.2458
1.0984
1.0361
1.0661
1.1766
1.3389
1.513
1.6555
1.7274
1.701
1.5645
1.3238
1.001
0.63063
0.25401
-0.08741
-0.35827
-0.53447
-0.60642
-0.57996
-0.47495
-0.32181
-0.15647
-0.01478
0.072968
0.086456
0.018092
-0.12628
-0.32877
-0.56261
-0.79663
-1.0003
-1.1485
-1.2253
-1.2263
-1.1583
-1.0375
-0.88547
-0.72494
-0.57487
-0.44743
-0.34664
-0.26921
-0.20703
-0.15069
-0.0929
-0.030883
0.032725
0.090677
0.13319
0.15061
0.13579
0.085628
0.0013873
-0.11193
-0.24671
-0.3937
-0.54237
-0.68059
-0.79396
-0.86556
-0.8767
-0.80913
-0.64866
-0.38942
-0.037606
0.38651
0.84921
1.3071
1.7134
2.0258
2.2142
2.2662
2.1896
2.0106
1.7682
1.5062
1.2634
1.0669
0.92638
0.83393
0.7673
0.69658
0.59239
0.43392
0.21476
-0.054618
-0.3482
-0.62943
-0.85861
-1.0012
-1.0352
-0.9562
-0.779
-0.53504
-0.26684
-0.020199
0.16401
0.25674
0.24501
0.13301
-0.059875
-0.30321
-0.56079
-0.79597
-0.9763
-1.0769
-1.0826
-0.98914
-0.8027
-0.53965
-0.22479
0.11084
0.43296
0.70776
0.90608
1.0075
1.0035
0.89961
0.71508
0.48057
0.23368
0.013132
-0.14772
-0.22666
-0.21663
-0.12713
0.017594
0.18329
0.33263
0.43298
0.46321
0.41813
0.30939
0.16247
0.010356
-0.11455
-0.18871
-0.20381
-0.16962
-0.11263
-0.070581
-0.083763
-0.18519
-0.39152
-0.697
-1.0716
-1.4644
-1.8108
-2.0443
-2.1079
-1.966
-1.6124
-1.0731
-0.4042
0.3171
1.0045
1.5771
1.9732
2.1596
2.1361
1.9335
1.6057
1.2186
0.8372
0.51478
0.28551
0.16178
0.13617
0.18703
0.2858
0.40432
0.52041
0.6209
0.70173
0.76581
0.81932
0.86792
0.91365
0.95335
0.97888
0.97899
0.94213
0.85968
0.72866
0.55341
0.34584
0.12427
-0.088883
-0.27018
-0.39846
-0.45785
-0.44013
-0.34603
-0.18545
0.023545
0.25686
0.4874
0.68858
0.83792
0.92007
0.92877
0.86734
0.74755
0.58719
0.40666
0.22555
0.059884
-0.079427
-0.1867
-0.26038
-0.30126
-0.31062
-0.28888
-0.23511
-0.14752
-0.024648
0.13287
0.32066
0.5293
0.74377
0.94405
1.1068
1.2083
1.2283
1.1538
0.98327
0.72834
0.41425
0.077484
-0.23895
-0.49176
-0.64433
-0.67309
-0.57222
-0.3559
-0.057506
0.27431
0.58229
0.80917
0.90689
0.84485
0.61579
0.2379
-0.24715
-0.78045
-1.295
-1.7266
-2.0242
-2.1574
-2.1212
-1.9349
-1.6375
-1.2798
-0.91459
-0.58786
-0.33196
-0.16187
-0.075062
-0.054475
-0.073813
-0.10385
-0.11863
-0.10043
-0.042789
0.048749
0.15821
0.2626
0.33651
0.35712
0.30875
0.18621
-0.0035499
-0.24165
-0.49949
-0.74237
-0.93424
-1.0427
-1.0438
-0.92601
-0.69248
-0.36193
0.032875
0.44856
0.83647
1.1492
1.3473
1.4057
1.3173
1.0953
0.77054
0.38778
-0.0015503
-0.34687
-0.60575
-0.74957
-0.76672
-0.66318
-0.46046
-0.19167
0.10375
0.38565
0.61851
0.77571
0.84239
0.8165
0.70799
0.53632
0.32647
0.10421
-0.10881
-0.29917
-0.4642
-0.61212
-0.75964
-0.92707
-1.1319
-1.3819
-1.6702
-1.9724
-2.2479
-2.4462
-2.5153
-2.4125
-2.1148
-1.6261
-0.9789
-0.23149
0.54124
1.2599
1.854
2.2732
2.4947
2.5249
2.3956
2.1556
1.8608
1.5633
1.3038
1.1065
0.97843
0.91212
0.89015
0.891
0.89433
0.88491
0.85477
0.80337
0.73623
0.66257
0.59252
0.53463
0.49404
0.4716
0.464
0.46468
0.4654
0.4581
0.43654
0.39775
0.3427
0.27638
0.20696
0.14446
0.098883
0.078371
0.087656
0.12712
0.19264
0.27626
0.3674
0.45443
0.52631
0.57394
0.59124
0.57571
0.52871
0.45526
0.36354
0.264
0.16808
0.086785
0.029287
0.0019312
0.0078841
0.047533
0.11947
0.22168
0.35251
0.5109
0.69572
0.90428
1.1302
1.3613
1.5784
1.756
1.8637
1.8712
1.7537
1.4982
1.108
0.6063
0.035188
-0.54818
-1.0787
-1.4923
-1.7356
-1.7742
-1.5981
-1.2242
-0.6939
-0.067892
0.58207
1.1829
1.6699
1.9948
2.1313
2.0773
1.8534
1.4987
1.0637
0.60321
0.16865
-0.19833
-0.47005
-0.63473
-0.69585
-0.66921
-0.57844
-0.44999
-0.30848
-0.17347
-0.057953
0.031408
0.092834
0.12742
0.13731
0.12456
0.090817
0.037859
-0.031561
-0.11283
-0.19905
-0.28129
-0.34961
-0.39461
-0.40929
-0.39073
-0.34131
-0.2689
-0.18621
-0.10895
-0.053297
-0.032905
-0.055982
-0.12301
-0.22557
-0.34657
-0.4621
-0.54472
-0.56779
-0.51023
-0.36085
-0.1215
0.19183
0.55038
0.9163
1.2484
1.5088
1.6689
1.7144
1.6472
1.4848
1.2566
0.99965
0.75171
0.54632
0.40797
0.34921
0.3696
0.45664
0.58834
0.73704
0.87396
0.97379
1.0187
1.0009
0.92408
0.80197
0.65629
0.51249
0.39521
0.3236
0.30754
0.34537
0.42345
0.51779
0.59753
0.62974
0.58487
0.44205
0.19341
-0.15334
-0.57449
-1.0324
-1.4798
-1.8661
-2.1442
-2.2778
-2.2465
-2.0497
-1.7063
-1.2521
-0.73463
-0.20609
0.28427
0.69659
1.0052
1.2008
1.29
1.2928
1.237
1.1538
1.0717
1.0119
0.98611
0.99466
1.0277
1.0671
1.0901
1.073
0.99498
0.8422
0.6102
0.30582
-0.052591
-0.43643
-0.80985
-1.1341
-1.3728
-1.4973
-1.4914
-1.3539
-1.0997
-0.75754
-0.36622
0.031521
0.39507
0.69178
0.90124
1.0174
1.0482
1.0134
0.93981
0.85706
0.79204
0.76488
0.78598
0.85492
0.96103
1.0857
1.2059
1.2983
1.3436
1.3296
1.2531
1.1206
0.94672
0.75174
0.55829
0.38804
0.2588
0.18243
0.16377
0.20067
0.28499
0.40432
0.54407
0.68954
0.82768
0.94822
1.0442
1.1118
1.1501
1.1602
1.1444
1.1061
1.0485
0.97432
0.88549
0.7824
0.66404
0.52862
0.37476
0.2033
0.019194
-0.16715
-0.3396
-0.47781
-0.56027
-0.56874
-0.49301
-0.33469
-0.10907
0.15587
0.42337
0.65401
0.81291
0.87632
0.83621
0.70179
0.49767
0.25918
0.025874
-0.16542
-0.28659
-0.32235
-0.27184
-0.14785
0.026081
0.21987
0.40167
0.54246
0.61981
0.62054
0.54187
0.39124
0.1849
-0.0546
-0.30146
-0.53002
-0.7179
-0.84853
-0.9128
-0.9096
-0.84525
-0.73208
-0.5863
-0.42561
-0.26677
-0.12352
-0.0050102
0.085104
0.1487
0.19251
0.2267
0.26298
0.31255
0.384
0.48182
0.60535
0.74882
0.9021
1.0524
1.1864
1.2927
1.3634
1.3958
1.392
1.3582
1.3029
1.2354
1.1636
1.0929
1.0259
0.96246
0.90055
0.83732
0.77046
0.69936
0.62599
0.55522
0.4944
0.45216
0.43655
0.45284
0.50151
0.5769
0.66703
0.7548
0.82029
0.84391
0.80968
0.70811
0.53813
0.30783
0.033866
-0.26022
-0.54673
-0.79713
-0.98564
-1.0927
-1.1078
-1.0312
-0.87376
-0.65607
-0.40514
-0.15062
0.079443
0.26238
0.3835
0.43722
0.42662
0.3618
0.25757
0.131
-0.00074954
-0.12225
-0.22104
-0.28857
-0.32073
-0.31809
-0.28573
-0.23271
-0.17101
-0.114
-0.074598
-0.063182
-0.085671
-0.14207
-0.22584
-0.32427
-0.42013
-0.49422
-0.52882
-0.51111
-0.43624
-0.30909
-0.14438
0.035147
0.20211
0.32903
0.39303
0.37985
0.28654
0.12228
-0.092662
-0.32979
-0.5565
-0.74099
-0.85706
-0.88837
-0.83122
-0.69555
-0.50379
-0.28767
-0.083273
0.074801
0.15935
0.15538
0.062968
-0.10265
-0.31374
-0.5352
-0.73116
-0.87166
-0.93813
-0.9264
-0.84667
-0.72049
-0.5756
-0.43975
-0.33498
-0.27353
-0.25632
-0.27384
-0.30936
-0.34332
-0.35786
-0.34054
-0.28634
-0.19786
-0.083815
0.043447
0.17072
0.28616
0.38048
0.44709
0.48123
0.47884
0.43558
0.34653
0.20698
0.014156
-0.23054
-0.51923
-0.83603
-1.157
-1.4516
-1.6865
-1.8298
-1.8568
-1.7538
-1.522
-1.1775
-0.74961
-0.27689
0.19858
0.63714
1.0068
1.2868
1.4689
1.5569
1.5635
1.5074
1.4094
1.2895
1.1646
1.048
0.94891
0.87288
0.82229
0.79668
0.79284
0.80492
0.82463
0.84175
0.84516
0.82428
0.77077
0.68024
0.55342
0.39669
0.22154
0.043142
-0.12184
-0.25772
-0.35211
-0.39752
-0.39207
-0.3391
-0.24601
-0.12254
0.020978
0.17492
0.33116
0.48314
0.62543
0.75302
0.8608
0.94323
0.99464
1.0099
0.98533
0.91973
0.81479
0.6752
0.50807
0.32191
0.12568
-0.071955
-0.26286
-0.43909
-0.59235
-0.71356
-0.79287
-0.8205
-0.78825
-0.69132
-0.53005
-0.311
-0.047031
0.24366
0.53932
0.81682
1.0539
1.2311
1.333
1.3497
1.2772
1.1184
0.88325
0.58862
0.25791
-0.080783
-0.39708
-0.66165
-0.8498
-0.94478
-0.94023
-0.84113
-0.66302
-0.42952
-0.16861
0.091859
0.32823
0.5241
0.67157
0.77056
0.82659
0.84772
0.84155
0.81324
0.76482
0.69593
0.60555
0.49401
0.36476
0.22518
0.086352
-0.038387
-0.1356
-0.19422
-0.20774
-0.17564
-0.10369
-0.003344
0.10991
0.21868
0.30604
0.35789
0.36495
0.3241
0.23897
0.11957
-0.019096
-0.15918
-0.28265
-0.37402
-0.42251
-0.42356
-0.37924
-0.29768
-0.19171
-0.076867
0.030994
0.11808
0.17483
0.19746
0.18871
0.15743
0.11703
0.082969
0.069621
0.087105
0.13885
0.22047
0.32024
0.42136
0.50539
0.55624
0.56383
0.52664
0.45242
0.35716
0.26227
0.19081
0.16332
0.19424
0.28942
0.44518
0.64892
0.88119
1.1186
1.3371
1.5147
1.6339
1.6828
1.6547
1.5482
1.3659
1.1138
0.80187
0.4436
0.057097
-0.33504
-0.70646
-1.0291
-1.2763
-1.4266
-1.4674
-1.3979
-1.2299
-0.98711
-0.70219
-0.4122
-0.15333
0.044299
0.16093
0.18983
0.13792
0.024241
-0.12339
-0.27305
-0.39373
-0.46013
-0.45615
-0.37686
-0.2287
-0.027932
0.20228
0.43562
0.64671
0.81478
0.92655
0.97759
0.97225
0.92208
0.84312
0.75263
0.6658
0.59305
0.53856
0.5
0.46977
0.43726
0.39172
0.32503
0.23378
0.12032
-0.0075221
-0.13777
-0.25642
-0.34986
-0.40725
-0.4223
-0.39422
-0.32769
-0.23185
-0.11858
-0.00046026
0.11111
0.20736
0.28287
0.33561
0.36638
0.37793
0.3739
0.35791
0.3329
0.30078
0.26239
0.21778
0.16664
0.10879
0.044685
-0.02427
-0.095555
-0.16563
-0.2302
-0.28471
-0.3248
-0.34687
-0.34853
-0.3289
-0.28873
-0.23043
-0.15782
-0.075855
0.0098507
0.093448
0.16933
0.23256
0.27919
0.30654
0.31337
0.29988
0.26771
0.21971
0.15969
0.092039
0.021301
-0.048222
-0.11282
-0.1696
-0.21659
-0.25272
-0.27762
-0.29147
-0.29473
-0.28795
-0.27169
-0.24649
-0.21293
-0.17183
-0.12441
-0.072433
-0.018289
0.035065
0.084292
0.126
0.15711
0.1753
0.17928
0.16906
0.14591
0.11227
0.071392
0.026888
-0.017684
-0.059264
-0.095567
-0.12523
-0.14774
-0.16332
-0.1726
-0.17633
-0.17519
-0.16957
-0.15959
-0.14514
-0.12607
-0.10242
-0.074576
-0.043482
-0.010663
0.021801
0.051427
0.075566
0.091705
0.097775
0.092434
0.075268
0.046871
0.0088036
-0.036579
-0.086383
-0.13746
-0.18671
-0.23123
-0.26857
-0.29672
-0.31418
-0.32
-0.31378
-0.29572
-0.26661
-0.22788
-0.18151
-0.12997
-0.076072
-0.022761
0.027076
0.070826
0.10633
0.13204
0.14707
0.15124
0.14506
0.12961
0.1064
0.077215
0.043929
0.0083232
-0.028041
-0.063909
-0.098348
-0.1307
-0.16051
-0.18736
-0.21079
-0.23021
-0.24484
-0.25378
-0.25605
-0.25077
-0.23726
-0.21524
-0.18484
-0.14669
-0.10188
-0.051904
0.0013849
0.055846
0.10908
0.1585
0.20137
0.23496
0.25673
0.26453
0.25695
0.23349
0.19484
0.14291
0.080758
0.012421
-0.05752
-0.12439
-0.18393
-0.23276
-0.26868
-0.29085
-0.29969
-0.29665
-0.28387
-0.26372
-0.2384
-0.20964
-0.17855
-0.14561
-0.11085
-0.074087
-0.035273
0.0052307
0.046452
0.086736
0.12382
0.15505
0.17768
0.18929
0.18809
0.17323
0.14497
0.10469
0.054762
-0.0017062
-0.061186
-0.12006
-0.17494
-0.22287
-0.26148
-0.28908
-0.30467
-0.30789
-0.299
-0.27884
-0.24874
-0.21046
-0.16613
-0.11813
-0.068991
-0.021257
0.022645
0.060538
0.090599
0.11147
0.1223
0.12285
0.11342
0.09493
0.068789
0.036838
0.0012018
-0.035873
-0.072202
-0.10583
-0.13519
-0.15921
-0.17733
-0.18954
-0.19624
-0.19815
-0.19612
-0.19093
-0.18315
-0.173
-0.16032
-0.14462
-0.12522
-0.10142
-0.072826
-0.039509
-0.0022404
0.03745
0.077323
0.1146
0.14628
0.16943
0.18165
0.18128
0.16771
0.14142
0.10399
0.057909
0.0063599
-0.047102
-0.098871
-0.14561
-0.18451
-0.21351
-0.23145
-0.23802
-0.2338
-0.22008
-0.19868
-0.17178
-0.14164
-0.11047
-0.080273
-0.052675
-0.028918
-0.0098053
0.0042919
0.013399
0.017883
0.018372
0.015666
0.010628
0.0040784
-0.0032981
-0.011023
-0.018857
-0.026791
-0.034998
-0.04375
-0.053323
-0.063895
-0.075464
-0.087809
-0.10048
-0.11284
-0.12413
-0.13358
-0.14049
-0.1443
-0.14469
-0.14156
-0.13504
-0.12546
-0.1133
-0.099141
-0.083631
-0.067433
-0.05122
-0.035652
-0.021369
-0.0089778
0.00096099
0.0079554
0.011605
0.011632
0.0079077
0.00048742
-0.01037
-0.024184
-0.040256
-0.057683
-0.075399
-0.092237
-0.10702
-0.11863
-0.12615
-0.12895
-0.12674
-0.11965
-0.10824
-0.093453
-0.076562
-0.059037
-0.042417
-0.028139
-0.017381
-0.010923
-0.0090438
-0.011484
-0.017487
-0.025919
-0.035453
-0.044796
-0.052897
-0.059112
-0.063266
-0.065624
-0.066757
-0.067358
-0.068037
-0.069171
-0.070816
-0.072722
-0.074426
-0.0754
-0.075202
-0.0736
-0.070625
-0.06656
-0.061862
-0.057051
-0.052597
-0.048837
-0.045929
-0.043864
-0.042511
-0.041687
-0.04123
-0.041049
-0.041154
-0.041646
-0.042685
-0.044437
-0.047019
-0.050452
-0.054635
-0.059344
-0.064261
-0.069015
-0.073246
-0.076661
-0.079087
-0.080492
-0.080992
-0.080817
-0.080255
-0.079583
-0.078995
-0.078544
-0.078122
-0.077474
-0.076252
-0.074102
-0.070758
-0.066123
-0.060328
-0.053742
-0.046936
-0.040608
-0.035489
-0.032233
-0.031325
-0.033017
-0.037289
-0.043844
-0.052142
-0.061443
-0.070879
-0.079533
-0.086524
-0.091101
-0.092723
-0.091133
-0.086398
-0.078913
-0.069364
-0.058651
-0.047784
-0.037762
-0.029467
-0.023575
-0.020501
-0.02038
-0.02307
-0.028192
-0.035182
-0.043352
-0.051971
-0.060327
-0.067801
-0.073912
-0.078346
-0.080961
-0.081772
-0.08091
-0.078579
-0.075024
-0.070499
-0.06526
-0.059577
-0.053746
-0.048105
-0.043034
-0.038934
-0.036185
-0.035091
-0.035814
-0.038328
-0.042391
-0.047556
-0.05321
-0.058655
-0.063201
-0.066273
-0.067504
-0.066797
-0.06435
-0.060631
-0.056313
-0.052171
-0.048963
-0.04731
-0.047597
-0.049908
-0.053998
-0.059322
-0.065104
-0.070437
-0.074412
-0.076235
-0.075339
-0.07145
-0.064628
-0.05525
-0.043972
-0.031658
-0.019296
-0.0079132
0.0015073
0.0080964
0.011165
0.010259
0.0051987
-0.0038874
-0.016555
-0.032054
-0.04937
-0.067285
-0.084477
-0.099625
-0.11153
-0.11925
-0.12218
-0.12014
-0.11342
-0.10276
-0.089264
-0.074325
-0.059426
-0.045977
-0.035145
-0.027705
-0.023959
-0.023722
-0.026384
-0.031039
-0.036652
-0.042246
-0.047056
-0.050648
-0.052962
-0.054287
-0.055164
-0.056261
-0.058211
-0.061479
-0.066253
-0.072393
-0.079437
-0.086658
-0.093169
-0.098056
-0.10051
-0.099967
-0.096175
-0.089266
-0.079733
-0.068378
-0.05621
-0.044313
-0.033714
-0.025257
-0.019509
-0.016708
-0.016755
-0.019262
-0.023629
-0.029148
-0.035112
-0.040917
-0.046134
-0.050544
-0.054147
-0.057112
-0.059721
-0.062278
-0.06503
-0.068101
-0.071456
-0.074905
-0.078145
-0.080826
-0.082638
-0.083385
-0.083036
-0.081752
-0.079851
-0.077753
-0.07588
-0.074567
-0.073971
-0.074026
-0.074444
-0.074774
-0.074491
-0.073121
-0.070346
-0.066088
-0.060536
-0.054125
-0.047468
-0.041254
-0.036143
-0.032672
-0.031189
-0.031822
-0.034484
-0.038912
-0.04472
-0.051464
-0.05871
-0.066092
-0.073345
-0.080332
-0.087033
-0.09352
-0.09991
