0.050366
0.049208
0.047552
0.04511
0.041723
0.037397
0.032317
0.026844
0.021489
0.016862
0.013607
0.012311
0.013408
0.01709
0.023225
0.031322
0.04054
0.049761
0.057725
0.063202
0.065194
0.063106
0.056879
0.047036
0.034632
0.021123
0.0081549
-0.0026737
-0.010054
-0.013164
-0.01179
-0.0063623
0.0021217
0.01225
0.022417
0.031076
0.03697
0.03932
0.037936
0.033225
0.026119
0.017917
0.010076
0.0039867
0.00076069
0.0010642
0.005022
0.012202
0.021684
0.0322
0.042332
0.050715
0.056244
0.058226
0.056464
0.051276
0.043422
0.033989
0.024229
0.015388
0.0085498
0.0045058
0.003675
0.0060722
0.011328
0.018756
0.027452
0.036416
0.044688
0.051456
0.056159
0.058536
0.058638
0.056785
0.053494
0.049373
0.045013
0.040897
0.037336
0.034446
0.032176
0.030363
0.028809
0.027358
0.025956
0.024678
0.023718
0.023345
0.023833
0.025384
0.028062
0.031744
0.036109
0.040661
0.044787
0.047841
0.049249
0.04861
0.045786
0.040952
0.034603
0.027496
0.020539
0.01464
0.010544
0.0086917
0.0091387
0.011541
0.015227
0.019336
0.022995
0.025486
0.026391
0.025664
0.023624
0.020876
0.018179
0.016276
0.015743
0.016861
0.019565
0.023451
0.027856
0.031988
0.035077
0.036533
0.036056
0.033715
0.029944
0.025484
0.021264
0.018243
0.017239
0.018771
0.022945
0.029403
0.03736
0.045707
0.053191
0.05862
0.061071
0.060063
0.055644
0.048397
0.039352
0.029813
0.021153
0.014586
0.010982
0.010742
0.013752
0.019423
0.026803
0.034735
0.042037
0.047671
0.050882
0.051287
0.048906
0.044134
0.037666
0.03038
0.023207
0.016993
0.012381
0.0097267
0.009056
0.010076
0.012237
0.014838
0.017164
0.018632
0.018911
0.018007
0.016266
0.014316
0.012931
0.012862
0.014658
0.018528
0.024265
0.03126
0.038606
0.045262
0.05025
0.05284
0.052685
0.049871
0.044893
0.038548
0.031777
0.025498
0.020451
0.01709
0.015536
0.015598
0.016849
0.018733
0.020692
0.022282
0.023254
0.023583
0.023455
0.023195
0.023163
0.023649
0.024774
0.026444
0.028358
0.030075
0.031125
0.031136
0.029944
0.027655
0.024648
0.02151
0.018917
0.017493
0.01767
0.019587
0.023049
0.027556
0.032397
0.036786
0.040018
0.041604
0.041357
0.039423
0.036233
0.032405
0.028609
0.025443
0.023326
0.022446
0.022763
0.024055
0.025995
0.028233
0.030455
0.032429
0.034006
0.035107
0.035702
0.03578
0.035341
0.034388
0.032937
0.031022
0.028709
0.026098
0.023326
0.020568
0.018025
0.015922
0.014487
0.01393
0.014418
0.016039
0.018774
0.022473
0.026849
0.03149
0.035894
0.039531
0.041921
0.042717
0.04179
0.039278
0.035606
0.031445
0.027612
0.024928
0.024035
0.025208
0.028201
0.032156
0.0356
0.036563
0.032793
0.02206
0.0025012
-0.027039
-0.066735
-0.11562
-0.17156
-0.23145
-0.29149
-0.34762
-0.39605
-0.43373
-0.45877
-0.47065
-0.4703
-0.45991
-0.44251
-0.4215
-0.39997
-0.38022
-0.36327
-0.34873
-0.33481
-0.31881
-0.29765
-0.26877
-0.23087
-0.18462
-0.13306
-0.08144
-0.036732
-0.0064962
0.0025715
-0.013681
-0.055246
-0.11668
-0.18649
-0.24729
-0.27709
-0.25134
-0.146
0.059006
0.37619
0.80729
1.341
1.952
2.6021
3.2424
3.8184
4.2751
4.5636
4.6472
4.506
4.14
3.5696
2.8331
1.9825
1.0773
0.17818
-0.65928
-1.389
-1.9772
-2.4037
-2.661
-2.7529
-2.6928
-2.5012
-2.2039
-1.8303
-1.4111
-0.97609
-0.55257
-0.16282
0.17703
0.4575
0.67506
0.8304
0.92598
0.96361
0.94271
0.85992
0.71005
0.48843
0.19378
-0.16923
-0.58834
-1.0437
-1.5096
-1.9574
-2.3587
-2.6891
-2.93
-3.0699
-3.1035
-3.0311
-2.8561
-2.5842
-2.2218
-1.7771
-1.2606
-0.68657
-0.075185
0.54686
1.1461
1.6836
2.1175
2.4071
2.518
2.427
2.1281
1.6358
0.98721
0.241
-0.52798
-1.2371
-1.8077
-2.1774
-2.3119
-2.2124
-1.9167
-1.4939
-1.0321
-0.62124
-0.33565
-0.21815
-0.27067
-0.45225
-0.68534
-0.86887
-0.89577
-0.67204
-0.13392
0.73898
1.9168
3.3198
4.8251
6.281
7.5248
8.4041
8.7971
8.6296
7.887
6.6164
4.9222
2.9527
0.88124
-1.1149
-2.8751
-4.2725
-5.2251
-5.7007
-5.7148
-5.3241
-4.6159
-3.6959
-2.675
-1.6585
-0.73526
0.029618
0.59896
0.96451
1.144
1.1752
1.1067
0.98872
0.86356
0.75845
0.68166
0.62247
0.5549
0.44442
0.25628
-0.035963
-0.44352
-0.95794
-1.5501
-2.1728
-2.7663
-3.266
-3.6114
-3.7546
-3.6665
-3.3419
-2.8
-2.083
-1.2508
-0.3754
0.46775
1.207
1.7819
2.1491
2.287
2.1979
1.908
1.4649
0.93245
0.38313
-0.11123
-0.48926
-0.70893
-0.75379
-0.63529
-0.39025
-0.073719
0.25162
0.5275
0.71114
0.78336
0.75212
0.65132
0.53528
0.47026
0.52418
0.75615
1.2067
1.8894
2.7853
3.8401
4.9657
6.0465
6.9515
7.5491
7.7261
7.4054
6.5606
5.2245
3.4894
1.4985
-0.57029
-2.5253
-4.1849
-5.3991
-6.0669
-6.1467
-5.6594
-4.6828
-3.3399
-1.7819
-0.16957
1.3462
2.6402
3.6235
4.2491
4.5106
4.4353
4.075
3.4949
2.7631
1.9428
1.088
0.24183
-0.56246
-1.299
-1.9466
-2.4868
-2.9035
-3.1838
-3.3204
-3.3137
-3.1736
-2.9205
-2.5829
-2.1952
-1.7927
-1.4067
-1.0598
-0.76327
-0.51527
-0.30264
-0.10408
0.10484
0.34588
0.63274
0.96676
1.3348
1.7093
2.0514
2.3163
2.4596
2.4459
2.255
1.8875
1.3661
0.73377
0.048334
-0.62601
-1.2277
-1.706
-2.0269
-2.176
-2.1574
-1.9908
-1.7064
-1.3399
-0.92762
-0.50251
-0.091435
0.28722
0.62515
0.92511
1.2011
1.4769
1.7831
2.1518
2.6096
3.1702
3.8274
4.5503
5.2827
5.9466
6.451
6.7045
6.6293
6.1756
5.3323
4.1327
2.6537
1.0083
-0.66747
-2.2317
-3.5538
-4.5305
-5.0978
-5.2363
-4.9712
-4.3658
-3.5107
-2.5101
-1.4689
-0.48015
0.38296
1.0711
1.5589
1.8407
1.9259
1.8321
1.5809
1.195
0.69711
0.11119
-0.53605
-1.214
-1.8883
-2.5223
-3.0803
-3.5313
-3.853
-4.0346
-4.0777
-3.9956
-3.8107
-3.5505
-3.243
-2.9126
-2.5769
-2.2446
-1.9155
-1.5819
-1.2317
-0.85246
-0.43564
0.018724
0.49907
0.98109
1.4291
1.8
2.0499
2.1415
2.0517
1.777
1.3361
0.76855
0.13016
-0.51483
-1.1021
-1.5757
-1.894
-2.0342
-1.9929
-1.785
-1.4401
-0.99797
-0.50312
0.0014273
0.47971
0.90797
1.2783
1.5998
1.8973
2.206
2.5638
3.0013
3.5316
4.142
4.7891
5.4001
5.8799
6.1246
6.0389
5.5541
4.6455
3.3416
1.7272
-0.064457
-1.8681
-3.5086
-4.8257
-5.6973
-6.0557
-5.8961
-5.2738
-4.2933
-3.0893
-1.8058
-0.57522
0.49842
1.3487
1.9491
2.3082
2.4598
2.4508
2.3291
2.1347
1.8937
1.6175
1.3054
0.94898
0.53903
0.070603
-0.45251
-1.0159
-1.5946
-2.1562
-2.6644
-3.0837
-3.3846
-3.5465
-3.5603
-3.4287
-3.1651
-2.7904
-2.3304
-1.8119
-1.2599
-0.69622
-0.13892
0.39623
0.8938
1.3367
1.7048
1.9759
2.1271
2.1398
2.0035
1.7204
1.3081
0.79849
0.23563
-0.33067
-0.8514
-1.2851
-1.6027
-1.7906
-1.8497
-1.7932
-1.6421
-1.4204
-1.1498
-0.8459
-0.51525
-0.15397
0.25138
0.72113
1.2776
1.9387
2.7103
3.5793
4.5085
5.4347
6.272
6.9197
7.2753
7.2498
6.7839
5.8602
4.5114
2.82
0.91065
-1.0632
-2.9383
-4.5609
-5.8051
-6.5871
-6.8726
-6.6788
-6.0686
-5.1397
-4.01
-2.8012
-1.6243
-0.56669
0.31422
0.99285
1.4716
1.773
1.93
1.9763
1.9387
1.8331
1.6642
1.4287
1.1208
0.73855
0.28824
-0.21245
-0.73504
-1.2434
-1.6988
-2.066
-2.3187
-2.4429
-2.4381
-2.3163
-2.0979
-1.8075
-1.4692
-1.1026
-0.72108
-0.33104
0.066089
0.47135
0.88491
1.3029
1.7151
2.1034
2.4423
2.7006
2.8452
2.846
2.681
2.3423
1.8401
1.2044
0.48432
-0.25703
-0.94941
-1.5249
-1.9272
-2.1202
-2.0928
-1.8607
-1.4634
-0.95719
-0.4049
0.13534
0.62117
1.0339
1.3819
1.6985
2.0336
2.4415
2.9655
3.6243
4.4013
5.2406
6.0511
6.7188
7.1245
7.165
6.7732
5.9325
4.6836
3.1213
1.3822
-0.3741
-1.9867
-3.315
-4.2551
-4.7503
-4.7933
-4.4221
-3.7092
-2.7494
-1.646
-0.49922
0.60183
1.584
2.3912
2.9843
3.3389
3.4442
3.3021
2.9273
2.3469
1.6009
0.74019
-0.1758
-1.0839
-1.9227
-2.6392
-3.1937
-3.565
-3.7515
-3.771
-3.6568
-3.452
-3.2021
-2.9478
-2.7183
-2.5269
-2.37
-2.2283
-2.0717
-1.8662
-1.5812
-1.1966
-0.70895
-0.13356
0.49563
1.1298
1.712
2.1845
2.4981
2.6189
2.5333
2.2498
1.7979
1.2233
0.58186
-0.067993
-0.67206
-1.1858
-1.5778
-1.8307
-1.9407
-1.9147
-1.7683
-1.5216
-1.1975
-0.81871
-0.40697
0.018139
0.43923
0.84078
1.2085
1.5288
1.7882
1.9741
2.0751
2.0833
1.996
1.8181
1.563
1.2525
0.91591
0.58653
0.29816
0.080563
-0.044501
-0.066407
0.012848
0.17899
0.4077
0.66835
0.9287
1.1598
1.3405
1.4604
1.5215
1.537
1.529
1.5228
1.5411
1.5973
1.6895
1.7985
1.8874
1.9073
1.8052
1.5351
1.0688
0.40559
-0.4239
-1.3582
-2.3125
-3.1908
-3.9012
-4.3709
-4.5584
-4.4601
-4.1098
-3.5725
-2.9318
-2.2754
-1.6813
-1.2057
-0.87674
-0.69308
-0.62739
-0.6336
-0.65616
-0.63974
-0.53801
-0.32048
0.023302
0.48228
1.0252
1.6045
2.1617
2.6341
2.9626
3.0984
3.0097
2.6864
2.1432
1.4194
0.57668
-0.30768
-1.1489
-1.8653
-2.3885
-2.6726
-2.6984
-2.475
-2.0362
-1.433
-0.7253
0.027128
0.77171
1.4673
2.0854
2.6083
3.0257
3.3303
3.5148
3.57
3.4851
3.2507
2.8622
2.3246
1.6557
0.88815
0.068678
-0.74469
-1.488
-2.0982
-2.5211
-2.7188
-2.6759
-2.4033
-1.9378
-1.3386
-0.67932
-0.037301
0.51834
0.93732
1.1956
1.2976
1.2728
1.1669
1.03
0.90457
0.81446
0.75962
0.71579
0.64034
0.48255
0.19631
-0.24752
-0.85185
-1.5892
-2.4035
-3.2183
-3.9486
-4.5155
-4.8591
-4.949
-4.7879
-4.41
-3.873
-3.2467
-2.6001
-1.9905
-1.4554
-1.01
-0.64918
-0.35268
-0.092823
0.15786
0.42031
0.70501
1.0107
1.3255
1.6296
1.8992
2.1092
2.237
2.2641
2.1778
1.9734
1.6545
1.2349
0.73832
0.19812
-0.34517
-0.84744
-1.2659
-1.5646
-1.7186
-1.7177
-1.5668
-1.2847
-0.8996
-0.44459
0.048192
0.55202
1.0483
1.5271
1.9852
2.4217
2.8341
3.2131
3.5404
3.7883
3.9231
3.9107
3.7241
3.3512
2.8003
2.1037
1.3165
0.51148
-0.22964
-0.82725
-1.216
-1.3559
-1.2396
-0.8957
-0.38497
0.20864
0.79219
1.28
1.6092
1.7505
1.7124
1.5373
1.2904
1.0437
0.85859
0.77146
0.78458
0.86505
0.9516
0.96804
0.84041
0.5144
-0.030754
-0.77472
-1.6566
-2.5838
-3.447
-4.1397
-4.5765
-4.7085
-4.5317
-4.0861
-3.4471
-2.7104
-1.9731
-1.3167
-0.79312
-0.41875
-0.17532
-0.01835
0.10988
0.26537
0.4889
0.79661
1.1764
1.5909
1.985
2.298
2.475
2.4779
2.2917
1.9267
1.4161
0.81016
0.16796
-0.45109
-0.99485
-1.424
-1.715
-1.8605
-1.8671
-1.752
-1.5386
-1.2519
-0.91475
-0.54505
-0.15426
0.25272
0.67627
1.1197
1.5859
2.074
2.5755
3.0719
3.5332
3.9187
4.1798
4.2664
4.1334
3.7504
3.1093
2.2308
1.168
0.0041028
-1.1541
-2.1877
-2.9807
-3.4367
-3.4944
-3.1396
-2.4103
-1.3945
-0.21914
0.96773
2.0195
2.8138
3.2717
3.3693
3.1389
2.6607
2.0448
1.4096
0.8578
0.45828
0.23401
0.16029
0.17238
0.18098
0.092431
-0.17042
-0.65075
-1.3471
-2.2114
-3.1563
-4.0701
-4.8367
-5.3556
-5.56
-5.4278
-4.9842
-4.2964
-3.4609
-2.5861
-1.7749
-1.1095
-0.6409
-0.38526
-0.32547
-0.41807
-0.603
-0.81456
-0.99165
-1.0861
-1.0684
-0.92939
-0.68029
-0.34865
0.026752
0.40234
0.73617
0.99357
1.1512
1.1992
1.1416
0.99431
0.78237
0.53605
0.28673
0.063152
-0.11155
-0.22184
-0.26057
-0.22859
-0.13342
0.013044
0.19713
0.40629
0.63162
0.86971
1.1233
1.4002
1.7114
2.0666
2.4697
2.914
3.3787
3.8274
4.2101
4.4684
4.544
4.3885
3.9739
3.3005
2.4014
1.3418
0.21225
-0.88224
-1.8366
-2.561
-2.994
-3.112
-2.9318
-2.5076
-1.9202
-1.2635
-0.62731
-0.08291
0.32835
0.59958
0.75589
0.84532
0.92515
1.0464
1.2398
1.5061
1.8125
2.0973
2.2801
2.2776
2.0213
1.4731
0.63587
-0.44225
-1.6729
-2.9392
-4.1126
-5.0724
-5.7235
-6.0094
-5.9195
-5.4883
-4.7877
-3.914
-2.9727
-2.0624
-1.2624
-0.62373
-0.16615
0.1196
0.26534
0.31607
0.31984
0.31846
0.34079
0.39932
0.49033
0.59723
0.69592
0.76125
0.77289
0.71992
0.60315
0.43516
0.23818
0.040445
-0.12819
-0.24061
-0.27596
-0.22196
-0.075576
0.1578
0.46642
0.83489
1.247
1.6877
2.1442
2.605
3.059
3.4922
3.8865
4.218
4.458
4.5755
4.5414
4.3337
3.9425
3.3731
2.6483
1.8061
0.89718
-0.021416
-0.89185
-1.6616
-2.2885
-2.7433
-3.0118
-3.0934
-2.9997
-2.7513
-2.3748
-1.8993
-1.3553
-0.7727
-0.18162
0.3872
0.90113
1.325
1.6216
1.7534
1.6865
1.3961
0.87255
0.12727
-0.80377
-1.8596
-2.9579
-4.0037
-4.9002
-5.5623
-5.9289
-5.9719
-5.7007
-5.1601
-4.4225
-3.5759
-2.709
-1.8975
-1.194
-0.62221
-0.17816
0.16407
0.44222
0.69454
0.94953
1.2189
1.4952
1.7539
1.9599
2.0759
2.0714
1.9298
1.6527
1.2607
0.79053
0.28968
-0.19019
-0.6003
-0.90071
-1.0646
-1.0803
-0.95113
-0.6927
-0.32932
0.11098
0.60125
1.1194
1.6501
2.1849
2.7191
3.2481
3.7621
4.2421
4.6577
4.968
5.1258
5.0854
4.8114
4.2882
3.527
2.5688
1.483
0.3601
-0.69937
-1.5987
-2.2588
-2.6294
-2.6957
-2.4788
-2.0305
-1.4231
-0.7363
-0.04497
0.59116
1.1329
1.5618
1.8761
2.0837
2.1935
2.2093
2.1259
1.9302
1.6053
1.1378
0.52573
-0.21509
-1.0482
-1.9182
-2.7568
-3.4925
-4.0614
-4.4175
-4.5398
-4.4349
-4.1352
-3.6924
-3.1693
-2.6293
-2.1284
-1.7078
-1.3908
-1.1815
-1.0678
-1.0251
-1.0217
-1.0246
-1.0047
-0.94098
-0.82277
-0.65096
-0.43691
-0.20019
0.034791
0.24265
0.40086
0.49297
0.51089
0.45605
0.33934
0.17995
0.0033531
-0.16139
-0.28475
-0.33977
-0.30497
-0.16646
0.080594
0.43148
0.87228
1.3809
1.9285
2.4813
3.0024
3.4538
3.7985
4.0034
4.0418
3.8964
3.5626
3.05
2.384
1.6047
0.76466
-0.075336
-0.85218
-1.5069
-1.9912
-2.2733
-2.3418
-2.2069
-1.8987
-1.4627
-0.95246
-0.42163
0.08435
0.53413
0.91319
1.2225
1.4738
1.6814
1.8548
1.991
2.0719
2.0644
1.9268
1.6177
1.1079
0.39098
-0.50904
-1.5354
-2.6026
-3.6072
-4.4423
-5.0156
-5.2643
-5.1671
-4.7489
-4.0765
-3.2481
-2.3759
-1.5673
-0.90702
-0.44467
-0.18963
-0.11384
-0.16161
-0.26381
-0.35333
-0.37853
-0.31235
-0.15541
0.066704
0.31107
0.52784
0.67117
0.70839
0.62594
0.43113
0.1502
-0.17688
-0.5032
-0.78215
-0.97389
-1.0501
-0.99687
-0.81491
-0.51848
-0.13213
0.31351
0.78679
1.2601
1.7142
2.1412
2.5447
2.9377
3.3376
3.7589
4.2059
4.6667
5.1096
5.4845
5.7285
5.7754
5.5674
5.0654
4.2581
3.1649
1.8351
0.34195
-1.2255
-2.7719
-4.204
-5.4368
-6.398
-7.0303
-7.2937
-7.1674
-6.6523
-5.7732
-4.5814
-3.1532
-1.5875
0.0015704
1.4936
2.7742
3.7464
4.3413
4.5259
4.3062
3.7264
2.8628
1.8139
0.68869
-0.40746
-1.3846
-2.1778
-2.7524
-3.1042
-3.2551
-3.2449
-3.1218
-2.9321
-2.7132
-2.4887
-2.2678
-2.0483
-1.8206
-1.5738
-1.3006
-1.0003
-0.68046
-0.35578
-0.045674
0.2293
0.45109
0.60717
0.69244
0.70983
0.66957
0.5876
0.48327
0.37693
0.28752
0.23059
0.21672
0.25061
0.33079
0.44999
0.59625
0.75469
0.90991
1.0488
1.1634
1.2538
1.3295
1.41
1.5228
1.6993
1.969
2.3522
2.8525
3.4512
4.1043
4.7443
5.2864
5.6386
5.7154
5.4518
4.8155
3.8146
2.5005
0.96309
-0.67833
-2.2892
-3.7356
-4.8992
-5.6915
-6.0625
-6.0057
-5.5575
-4.7905
-3.8034
-2.707
-1.6097
-0.60359
0.2447
0.89908
1.3527
1.6218
1.7365
1.7304
1.6321
1.4599
1.221
0.9145
0.53743
0.091103
-0.41349
-0.9532
-1.4937
-1.994
-2.4131
-2.7173
-2.8867
-2.9184
-2.8267
-2.6394
-2.3912
-2.1165
-1.8424
-1.5845
-1.3458
-1.1187
-0.88949
-0.64487
-0.37698
-0.087428
0.21158
0.49892
0.74854
0.93475
1.0374
1.046
0.96119
0.79469
0.56626
0.30002
0.020352
-0.25118
-0.49729
-0.7047
-0.86262
-0.96093
-0.98914
-0.93698
-0.79681
-0.56727
-0.25714
0.11238
0.50811
0.88886
1.2128
1.4469
1.5761
1.6107
1.5881
1.5695
1.6289
1.839
2.2532
2.8892
3.7181
4.6603
5.5916
6.3585
6.8016
6.7823
6.209
5.057
3.3786
1.3004
-0.99083
-3.2739
-5.3237
-6.9427
-7.9876
-8.3878
-8.1509
-7.3572
-6.1431
-4.6774
-3.1347
-1.6711
-0.40552
0.59013
1.2917
1.7154
1.9047
1.9158
1.8033
1.6104
1.3639
1.0742
0.73931
0.35236
-0.091742
-0.59012
-1.1286
-1.6819
-2.2163
-2.6954
-3.0857
-3.3628
-3.5145
-3.542
-3.4583
-3.2844
-3.0449
-2.7633
-2.4591
-2.1451
-1.8282
-1.51
-1.1895
-0.86539
-0.53895
-0.21531
0.095733
0.38034
0.62219
0.80483
0.91408
0.94032
0.88008
0.73691
0.52167
0.25225
-0.047014
-0.34641
-0.61246
-0.81054
-0.90858
-0.88161
-0.71664
-0.41659
-0.0022486
0.48897
1.0078
1.5012
1.9218
2.2384
2.4429
2.5537
2.6136
2.6814
2.8196
3.0791
3.4851
4.0265
4.6521
5.2741
5.78
6.0501
5.9792
5.4963
4.5809
3.2711
1.6623
-0.10395
-1.8594
-3.4328
-4.6745
-5.4773
-5.7905
-5.6239
-5.0425
-4.1523
-3.082
-1.9622
-0.90765
-0.0049815
0.69339
1.1683
1.428
1.4994
1.4187
1.2235
0.9479
0.61984
0.26156
-0.10865
-0.47422
-0.81879
-1.1259
-1.3803
-1.5701
-1.6895
-1.7406
-1.7333
-1.6834
-1.6097
-1.5287
-1.4509
-1.3778
-1.3016
-1.2075
-1.0771
-0.89442
-0.65084
-0.34876
-0.0034204
0.35829
0.70136
0.98815
1.1846
1.2659
1.221
1.0545
0.78543
0.44485
0.070412
-0.29877
-0.62706
-0.88577
-1.0549
-1.1229
-1.0863
-0.94777
-0.71586
-0.40454
-0.033535
0.37168
0.78086
1.1615
1.4833
1.7235
1.8728
1.9401
1.9539
1.9601
2.0156
2.1781
2.4931
2.9816
3.6308
4.3891
5.1685
5.8546
6.3219
6.4534
6.1605
5.4002
4.1856
2.5885
0.73288
-1.2197
-3.0908
-4.7084
-5.9292
-6.6562
-6.8499
-6.5307
-5.7725
-4.6894
-3.418
-2.0976
-0.85308
0.21841
1.054
1.6256
1.9349
2.0048
1.8707
1.5721
1.147
0.62951
0.050059
-0.56275
-1.18
-1.7713
-2.3051
-2.7512
-3.0846
-3.2894
-3.3623
-3.3138
-3.167
-2.9533
-2.7076
-2.4618
-2.2398
-2.0542
-1.9056
-1.7843
-1.6737
-1.5549
-1.4111
-1.2312
-1.0119
-0.75881
-0.4852
-0.21033
0.043462
0.25376
0.40107
0.47132
0.45766
0.36157
0.19317
-0.029083
-0.27931
-0.52578
-0.73332
-0.86672
-0.89507
-0.79668
-0.56372
-0.20545
0.25103
0.76351
1.2808
1.7515
2.1345
2.4077
2.5743
2.6636
2.7261
2.8236
3.0147
3.3402
3.8097
4.3946
5.0279
5.6121
6.0349
6.1884
5.9898
5.3982
4.425
3.1351
1.6385
0.075056
-1.4071
-2.6728
-3.6186
-4.1852
-4.3626
-4.1861
-3.7261
-3.0739
-2.3252
-1.5664
-0.8645
-0.26182
0.22296
0.58988
0.84988
1.0166
1.0997
1.1016
1.0172
0.83812
0.55709
0.17417
-0.29928
-0.8391
-1.4099
-1.9696
-2.4758
-2.8924
-3.1953
-3.3758
-3.4405
-3.4092
-3.3098
-3.1726
-3.0246
-2.8851
-2.7625
-2.6542
-2.5474
-2.4223
-2.2565
-2.0298
-1.729
-1.3518
-0.90858
-0.42307
0.070417
0.53109
0.91736
1.1928
1.3311
1.3203
1.1639
0.88078
0.50383
0.076402
-0.35126
-0.72668
-1.0004
-1.1317
-1.0942
-0.88119
-0.50784
-0.011498
0.55262
1.1193
1.6244
2.0164
2.2676
2.381
2.3917
2.3612
2.3662
2.4818
2.7638
3.2328
3.8644
4.5865
5.2877
5.8333
6.0882
5.9418
5.3304
4.2523
2.7739
1.0219
-0.83338
-2.6034
-4.1103
-5.2125
-5.8251
-5.9283
-5.5655
-4.8308
-3.8492
-2.7546
-1.6685
-0.68565
0.13405
0.76479
1.208
1.4814
1.608
1.6067
1.4874
1.2516
0.89603
0.41967
-0.16905
-0.84724
-1.5759
-2.3025
-2.9677
-3.5139
-3.8953
-4.0851
-4.0801
-3.9002
-3.5842
-3.182
-2.7458
-2.3216
-1.9433
-1.6296
-1.3842
-1.1986
-1.0567
-0.94017
-0.83227
-0.7216
-0.60344
-0.47977
-0.35808
-0.24934
-0.16578
-0.1187
-0.11657
-0.16362
-0.2589
-0.39572
-0.56169
-0.73904
-0.90545
-1.0355
-1.103
-1.0837
-0.95967
-0.72276
-0.37802
0.0548
0.54234
1.0416
1.5065
1.896
2.1824
2.3569
2.4334
2.4459
2.4431
2.4785
2.599
2.8334
3.184
3.622
4.0891
4.504
4.7741
4.8101
4.5401
3.9232
2.9572
1.6822
0.17705
-1.4492
-3.0701
-4.5565
-5.7918
-6.6844
-7.1772
-7.2518
-6.9276
-6.2571
-5.3163
-4.1948
-2.9843
-1.7698
-0.62299
0.40149
1.266
1.9484
2.4384
2.7348
2.8425
2.7706
2.5323
2.145
1.6309
1.018
0.33976
-0.36562
-1.0567
-1.6917
-2.2317
-2.6441
-2.9064
-3.0086
-2.9544
-2.7615
-2.4595
-2.0868
-1.6866
-1.3012
-0.96741
-0.71132
-0.54517
-0.4659
-0.45602
-0.48692
-0.52391
-0.53253
-0.4847
-0.36408
-0.16926
0.085511
0.37256
0.65549
0.89563
1.0589
1.1219
1.0755
0.92636
0.69457
0.41026
0.10844
-0.17569
-0.41053
-0.57046
-0.63699
-0.59916
-0.45372
-0.2055
0.13212
0.53711
0.9797
1.4248
1.8363
2.1827
2.4437
2.6149
2.7118
2.7686
2.8341
2.9627
3.2035
3.5881
4.1199
4.7675
5.4635
6.111
6.5946
6.7979
6.6214
6.0003
4.9169
3.4075
1.5606
-0.49144
-2.5874
-4.5563
-6.237
-7.4972
-8.2479
-8.4529
-8.1301
-7.3472
-6.21
-4.8471
-3.3915
-1.9652
-0.66543
0.44166
1.3221
1.9692
2.3954
2.6223
2.6729
2.5663
2.3165
1.9347
1.434
0.83455
0.167
-0.52666
-1.1959
-1.7876
-2.2544
-2.5633
-2.7018
-2.6809
-2.5334
-2.3074
-2.0563
-1.8283
-1.6561
-1.5508
-1.5008
-1.4744
-1.4283
-1.3174
-1.1055
-0.77451
-0.32893
0.203
0.77352
1.3231
1.7903
2.1218
2.2803
2.2504
2.0392
1.6744
1.1994
0.66702
0.13254
-0.35151
-0.73981
-0.99712
-1.1
-1.0382
-0.8153
-0.44973
0.025897
0.56661
1.1195
1.6304
2.0528
2.3565
2.5352
2.6103
2.6284
2.6546
2.7587
2.9992
3.4076
3.976
4.6508
5.3365
5.907
6.2256
6.1687
5.6498
4.6387
3.1724
1.3551
-0.65306
-2.6576
-4.4568
-5.871
-6.7683
-7.0829
-6.8227
-6.065
-4.9413
-3.6147
-2.253
-1.0035
0.025951
0.77749
1.2437
1.4589
1.4846
1.3923
1.2471
1.0961
0.9621
0.84374
0.72124
0.56552
0.34861
0.052981
-0.32236
-0.75999
-1.2268
-1.6802
-2.0761
-2.3773
-2.5588
-2.611
-2.539
-2.3589
-2.0939
-1.7687
-1.4068
-1.0284
-0.65037
-0.28748
0.045851
0.33435
0.56169
0.71162
0.77037
0.72968
0.58974
0.36105
0.064535
-0.27048
-0.6101
-0.92076
-1.1742
-1.3508
-1.4418
-1.4479
-1.377
-1.2409
-1.0518
-0.82056
-0.55612
-0.26648
0.040128
0.35455
0.6673
0.97065
1.2616
1.5447
1.8334
2.1482
2.5127
2.9455
3.4518
4.0154
4.5935
5.1171
5.497
5.6361
5.4447
4.8581
3.8515
2.4494
0.7286
-1.1873
-3.1408
-4.9583
-6.472
-7.5404
-8.0665
-8.0104
-7.3932
-6.294
-4.8376
-3.1766
-1.4703
0.13618
1.529
2.636
3.4292
3.9197
4.1462
4.1613
4.0174
3.7562
3.4034
2.9685
2.4499
1.8427
1.1475
0.37733
-0.43885
-1.2572
-2.0239
-2.6839
-3.1895
-3.5088
-3.6302
-3.5632
-3.3352
-2.9849
-2.5549
-2.0847
-1.6065
-1.1428
-0.7072
-0.30746
0.051502
0.36437
0.62358
0.81908
0.93972
0.97574
0.92167
0.77896
0.55761
0.27629
-0.039157
-0.35854
-0.65108
-0.88923
-1.0517
-1.1254
-1.1056
-0.99558
-0.80459
-0.54662
-0.23879
0.099778
0.44912
0.79004
1.1063
1.3876
1.6319
1.8482
2.0557
2.282
2.5575
2.9076
3.3443
3.8591
4.4181
4.9627
5.4147
5.6862
5.6931
5.3682
4.6741
3.6116
2.2234
0.59245
-1.1649
-2.9103
-4.4978
-5.7901
-6.6741
-7.0752
-6.9665
-6.3727
-5.3666
-4.0594
-2.5854
-1.0845
0.31547
1.5126
2.4393
3.0645
3.3894
3.4396
3.2554
2.8825
2.3656
1.7451
1.0561
0.33006
-0.40287
-1.1123
-1.767
-2.3364
-2.7932
-3.1166
-3.2956
-3.3308
-3.2348
-3.0302
-2.7463
-2.4152
-2.0676
-1.7292
-1.4185
-1.1459
-0.91392
-0.71881
-0.55273
-0.40636
-0.27148
-0.14303
-0.020412
0.092411
0.18789
0.25684
0.29089
0.28467
0.23736
0.15298
0.039719
-0.091527
-0.22867
-0.35953
-0.47234
-0.55571
-0.5985
-0.59008
-0.52101
-0.38435
-0.17679
0.10062
0.4428
0.8421
1.2903
1.781
2.3102
2.8763
3.4769
4.1045
4.7413
5.3547
5.8953
6.2988
6.4919
6.4017
5.9674
5.1525
3.9547
2.4125
0.60619
-1.346
-3.2973
-5.0866
-6.5555
-7.5674
-8.0249
-7.884
-7.1614
-5.9346
-4.3327
-2.5198
-0.67398
1.0354
2.4683
3.5277
4.1668
4.3872
4.2309
3.7683
3.0841
2.265
1.3897
0.52273
-0.28811
-1.0118
-1.6314
-2.1409
-2.5412
-2.8364
-3.0316
-3.1306
-3.1369
-3.0541
-2.8886
-2.6517
-2.3605
-2.0376
-1.7089
-1.3994
-1.1295
-0.91102
-0.74573
-0.62531
-0.5341
-0.45343
-0.3666
-0.2635
-0.14346
-0.015804
0.10245
0.19111
0.23277
0.21879
0.15399
0.058702
-0.032462
-0.075216
-0.023057
0.16372
0.50914
1.0146
1.6555
2.3827
3.1285
3.8172
4.3777
4.7559
4.9246
4.8886
4.6831
4.3664
4.0073
3.6705
3.4033
3.2257
3.1264
3.0663
2.9865
2.8222
2.5163
2.032
1.3614
0.52799
-0.4159
-1.3969
-2.331
-3.1354
-3.7388
-4.0898
-4.1621
-3.9558
-3.4965
-2.8309
-2.0212
-1.1383
-0.25454
0.56338
1.2602
1.7968
2.153
2.328
2.3386
2.2157
1.9978
1.7254
1.4333
1.1461
0.87512
0.61808
0.36241
0.090339
-0.2148
-0.56255
-0.95092
-1.3647
-1.7767
-2.1516
-2.4526
-2.6472
-2.7142
-2.6473
-2.456
-2.1641
-1.805
-1.416
-1.0329
-0.68432
-0.38946
-0.15681
0.01474
0.13336
0.21104
0.26021
0.29107
0.30988
0.31864
0.31594
0.29905
0.2664
0.22012
0.16781
0.12295
0.10366
0.12981
0.21898
0.38214
0.6201
0.92161
1.2639
1.6157
1.9422
2.212
2.4026
2.5061
2.5309
2.5008
2.4503
2.4173
2.4344
2.5203
2.6735
2.8695
3.0618
3.1883
3.1804
2.9745
2.5247
1.8127
0.85421
-0.29859
-1.5609
-2.8234
-3.9652
-4.868
-5.4318
-5.5881
-5.3099
-4.6164
-3.5707
-2.2728
-0.84587
0.57899
1.8794
2.9554
3.7386
4.1963
4.3297
4.1683
3.7624
3.174
2.4695
1.7131
0.96112
0.25915
-0.36122
-0.88342
-1.3059
-1.6403
-1.9077
-2.1336
-2.342
-2.5491
-2.7597
-2.9657
-3.1473
-3.2784
-3.3326
-3.2904
-3.1436
-2.898
-2.5718
-2.1919
-1.7883
-1.3889
-1.0151
-0.6798
-0.38803
-0.13876
0.071798
0.24709
0.38799
0.49207
0.55463
0.57093
0.5393
0.46391
0.35659
0.23691
0.13022
0.06389
0.062528
0.1431
0.31118
0.55933
0.868
1.209
1.5508
1.8643
2.1284
2.3327
2.4788
2.5771
2.6428
2.6896
2.7243
2.7429
2.7296
2.6583
2.4975
2.2169
1.7948
1.2248
0.52057
-0.28235
-1.1286
-1.9479
-2.6636
-3.2023
-3.5042
-3.5326
-3.2798
-2.7698
-2.0557
-1.2128
-0.32757
0.5142
1.2395
1.7969
2.1615
2.3348
2.3405
2.2176
2.0115
1.7666
1.5192
1.2942
1.1023
0.94176
0.79982
0.6569
0.49075
0.28091
0.012635
-0.32
-0.71234
-1.1489
-1.6047
-2.0479
-2.4437
-2.7588
-2.9659
-3.0477
-2.9992
-2.8282
-2.5535
-2.2022
-1.8047
-1.3907
-0.98562
-0.60821
-0.27009
0.023691
0.27302
0.48056
0.64967
0.78263
0.87948
0.93768
0.95264
0.91921
0.8339
0.69749
0.51761
0.31039
0.10077
-0.07929
-0.19449
-0.21153
-0.10522
0.13591
0.50575
0.97941
1.5155
2.0617
2.5627
2.9693
3.2466
3.3803
3.3779
3.2668
3.0869
2.8809
2.6842
2.5149
2.3692
2.221
2.0269
1.7363
1.3047
0.70604
-0.057016
-0.94829
-1.8999
-2.8209
-3.6099
-4.1717
-4.4322
-4.3504
-3.9253
-3.1954
-2.2332
-1.1338
-0.00071706
1.0678
1.9912
2.7138
3.2078
3.4712
3.5221
3.3911
3.1148
2.7296
2.2689
1.7611
1.2301
0.69599
0.17523
-0.31925
-0.77866
-1.1988
-1.5801
-1.9261
-2.2419
-2.5309
-2.7924
-3.0202
-3.2022
-3.3228
-3.3659
-3.3191
-3.1769
-2.9425
-2.6273
-2.2486
-1.8264
-1.3794
-0.92272
-0.46734
-0.020824
0.41042
0.81848
1.1918
1.5144
1.766
1.925
1.9709
1.8889
1.6735
1.3318
0.88523
0.36976
-0.16594
-0.66471
-1.0668
-1.317
-1.3725
-1.2093
-0.82743
-0.25234
0.46657
1.2617
2.056
2.7736
3.3508
3.7454
3.9418
3.9526
3.8139
3.577
3.2969
3.0209
2.7786
2.5763
2.3962
2.2018
1.9456
1.5812
1.0738
0.40938
-0.39997
-1.3153
-2.2745
-3.1996
-4.0061
-4.6145
-4.9597
-4.9994
-4.7204
-4.14
-3.305
-2.2869
-1.1737
-0.060232
0.96275
1.8188
2.4537
2.8407
2.9816
2.9038
2.6551
2.2957
1.8891
1.4941
1.1567
0.90503
0.7462
0.66641
0.63392
0.60491
0.53157
0.37104
0.094023
-0.30865
-0.82285
-1.4121
-2.0226
-2.5919
-3.0588
-3.3736
-3.5062
-3.4497
-3.2204
-2.8528
-2.392
-1.8844
-1.3705
-0.87945
-0.42764
-0.020358
0.34417
0.66982
0.95832
1.2066
1.4066
1.5464
1.6137
1.5988
1.4979
1.3154
1.0646
0.76806
0.45636
0.16587
-0.064278
-0.19632
-0.19873
-0.0513
0.25042
0.69232
1.2416
1.8495
2.4579
3.007
3.4448
3.7355
3.8644
3.8399
3.69
3.4554
3.1802
2.9012
2.6399
2.3979
2.157
1.884
1.5402
1.0923
0.52254
-0.16308
-0.93216
-1.728
-2.4771
-3.0999
-3.5234
-3.6931
-3.5817
-3.1941
-2.5665
-1.7616
-0.85892
0.056351
0.90478
1.622
2.1645
2.5117
2.6634
2.6359
2.4554
2.1533
1.7618
1.3116
0.83062
0.34443
-0.12426
-0.5557
-0.93384
-1.2474
-1.4905
-1.6637
-1.7727
-1.8284
-1.8444
-1.8354
-1.8156
-1.7966
-1.7868
-1.79
-1.8054
-1.8269
-1.8431
-1.8382
-1.7932
-1.6884
-1.5064
-1.2366
-0.87815
-0.44297
0.043338
0.54291
1.0094
1.3939
1.6521
1.7515
1.6776
1.4376
1.061
0.59672
0.10675
-0.34187
-0.68648
-0.87747
-0.88512
-0.70323
-0.34921
0.13946
0.71168
1.3109
1.8835
2.3859
2.7887
3.078
3.2529
3.321
3.2924
3.1744
2.969
2.672
2.2768
1.7785
1.1805
0.49865
-0.23638
-0.97969
-1.6761
-2.2666
-2.6957
-2.9191
-2.9102
-2.6639
-2.1983
-1.5531
-0.78528
0.037519
0.84424
1.5683
2.1542
2.5626
2.7727
2.7824
2.6072
2.2762
1.829
1.3107
0.76799
0.24463
-0.22255
-0.60687
-0.89418
-1.0836
-1.1866
-1.2244
-1.2237
-1.2118
-1.2122
-1.2406
-1.303
-1.3956
-1.506
-1.6165
-1.7066
-1.7563
-1.748
-1.6683
-1.5085
-1.2654
-0.94182
-0.5471
-0.097163
0.38553
0.87286
1.3328
1.7317
2.0376
2.2231
2.2685
2.1644
1.9134
1.5307
1.0438
0.49147
-0.078882
-0.61472
-1.0628
-1.3747
-1.5116
-1.4504
-1.1864
-0.73582
-0.13414
0.56712
1.3067
2.0211
2.6523
3.155
3.5008
3.6803
3.701
3.5832
3.3534
3.0377
2.6566
2.2219
1.7374
1.2018
0.61404
-0.021225
-0.68908
-1.3621
-2.0012
-2.5587
-2.9847
-3.2337
-3.2714
-3.081
-2.6668
-2.0556
-1.2953
-0.45064
0.40303
1.1879
1.8325
2.2792
2.4916
2.4578
2.1921
1.7327
1.1368
0.47329
-0.18568
-0.77378
-1.2381
-1.5448
-1.6824
-1.6614
-1.5118
-1.2776
-1.0099
-0.75968
-0.57101
-0.47491
-0.48584
-0.60012
-0.79679
-1.0406
-1.2869
-1.4871
-1.5959
-1.5766
-1.4076
-1.0856
-0.62768
-0.070721
0.5321
1.1169
1.6165
1.9694
2.128
2.0661
1.7838
1.3093
0.69708
0.021904
-0.62971
-1.1707
-1.5254
-1.6401
-1.4918
-1.0913
-0.48301
0.262
1.0565
1.8103
2.4446
2.9028
3.1588
3.2187
3.1162
2.904
2.6415
2.3819
2.1615
1.9941
1.8697
1.7597
1.6258
1.4313
1.1516
0.78188
0.3401
-0.13489
-0.5899
-0.96705
-1.2144
-1.2953
-1.1952
-0.92352
-0.51237
-0.010514
0.52418
1.033
1.4632
1.7732
1.9346
1.9322
1.7633
1.4363
0.96994
0.39259
-0.25799
-0.93626
-1.5919
-2.1748
-2.641
-2.9599
-3.119
-3.1273
-3.0141
-2.8244
-2.6103
-2.4222
-2.2986
-2.2595
-2.3025
-2.404
-2.5238
-2.613
-2.6227
-2.513
-2.2597
-1.8584
-1.3256
-0.69686
-0.021693
0.64248
1.2376
1.7121
2.0266
2.1577
2.1002
1.8662
1.4823
0.98667
0.42377
-0.1592
-0.71604
-1.2044
-1.5879
-1.8383
-1.9374
-1.8788
-1.6694
-1.3303
-0.89489
-0.40631
0.088087
0.54341
0.92435
1.2115
1.4052
1.5262
1.6117
1.7087
1.8635
2.1114
2.4666
2.9165
3.4199
3.9118
4.3123
4.54
4.5263
4.2287
3.6397
2.7902
1.7468
0.60265
-0.53552
-1.5627
-2.3899
-2.955
-3.2296
-3.2198
-2.9618
-2.5146
-1.9494
-1.3397
-0.75262
-0.24262
0.1519
0.40889
0.52083
0.49161
0.33317
0.062702
-0.29917
-0.72918
-1.2016
-1.6884
-2.1602
-2.588
-2.9458
-3.2134
-3.3792
-3.4413
-3.408
-3.2954
-3.1247
-2.918
-2.6952
-2.4706
-2.2514
-2.037
-1.82
-1.5879
-1.3259
-1.0201
-0.66126
-0.24815
0.21035
0.69426
1.1736
1.6117
1.9702
2.2148
2.3211
2.2787
2.0938
1.7881
1.3955
0.95682
0.51402
0.10398
-0.24572
-0.51922
-0.71249
-0.83132
-0.88766
-0.89505
-0.86399
-0.79802
-0.69131
-0.52831
-0.28582
0.062633
0.54056
1.1612
1.9204
2.7913
3.7214
4.6347
5.4372
6.0278
6.3112
6.2127
5.6913
4.7488
3.4337
1.8382
0.088845
-1.6673
-3.2801
-4.6137
-5.5623
-6.0614
-6.0942
-5.6911
-4.9238
-3.8941
-2.7201
-1.521
-0.40284
0.55188
1.2913
1.7956
2.0736
2.1563
2.0871
1.9123
1.6731
1.4005
1.1135
0.82155
0.52802
0.2353
-0.051855
-0.3253
-0.57517
-0.7936
-0.97901
-1.1391
-1.2912
-1.459
-1.6662
-1.929
-2.2486
-2.6065
-2.9645
-3.2693
-3.4608
-3.4841
-3.2998
-2.893
-2.2781
-1.4984
-0.62146
0.26862
1.0816
1.7319
2.1484
2.2831
2.1171
1.6637
0.96757
0.101
-0.84407
-1.7664
-2.5673
-3.1631
-3.4944
-3.5339
-3.2879
-2.7947
-2.1172
-1.3326
-0.51996
0.25216
0.93624
1.5121
1.9878
2.3954
2.7812
3.1926
3.6646
4.2077
4.8012
5.3924
5.9029
6.2409
6.3184
6.0674
5.4559
4.4961
3.2475
1.8107
0.3154
-1.0967
-2.2909
-3.1568
-3.6232
-3.6666
-3.3133
-2.6346
-1.7358
-0.74134
0.22327
1.048
1.6517
1.9908
2.0603
1.89
1.5349
1.064
0.54776
0.048359
-0.38823
-0.736
-0.9896
-1.1619
-1.2796
-1.3768
-1.489
-1.6458
-1.866
-2.1533
-2.4944
-2.8601
-3.2087
-3.492
-3.6628
-3.6823
-3.5264
-3.1894
-2.6852
-2.0451
-1.3135
-0.54241
0.21434
0.90614
1.4896
1.9309
2.2071
2.3064
2.2281
1.9821
1.5887
1.0774
0.48607
-0.14131
-0.7578
-1.317
-1.7769
-2.1039
-2.2756
-2.2827
-2.1294
-1.8318
-1.4149
-0.90917
-0.34516
0.25034
0.85778
1.4662
2.0723
2.6771
3.2809
3.8777
4.45
4.9661
5.3801
5.6365
5.6771
5.4503
4.9219
4.0835
2.9586
1.6045
0.10926
-1.4159
-2.8479
-4.065
-4.9611
-5.4576
-5.5137
-5.131
-4.3538
-3.2642
-1.9727
-0.60532
0.71022
1.8586
2.7483
3.3191
3.5457
3.4359
3.0253
2.3699
1.5364
0.59458
-0.38975
-1.3593
-2.2674
-3.0777
-3.7637
-4.3066
-4.6938
-4.9181
-4.9777
-4.8766
-4.6253
-4.2423
-3.7536
-3.1921
-2.5954
-2.0016
-1.4457
-0.95493
-0.54565
-0.22227
0.022136
0.20288
0.33944
0.45059
0.55003
0.64337
0.727
0.7891
0.81236
0.7779
0.6696
0.47809
0.20383
-0.14115
-0.53295
-0.93728
-1.3125
-1.6143
-1.8012
-1.8412
-1.7168
-1.4295
-1.0006
-0.46865
0.11593
0.70031
1.2391
1.7038
2.0888
2.4135
2.717
3.049
3.4557
3.9654
4.576
5.2476
5.9038
6.4391
6.7358
6.6842
6.2039
5.2624
3.8868
2.1658
0.24138
-1.7077
-3.4899
-4.9274
-5.8802
-6.266
-6.0707
-5.35
-4.2201
-2.841
-1.393
-0.051031
1.0388
1.7784
2.1286
2.1098
1.7939
1.2882
0.71386
0.18484
-0.21126
-0.42561
-0.45299
-0.3286
-0.11815
0.096297
0.23198
0.21997
0.016418
-0.39073
-0.98015
-1.7003
-2.4769
-3.223
-3.8515
-4.2868
-4.4762
-4.3968
-4.0592
-3.5057
-2.8024
-2.029
-1.266
-0.58203
-0.024557
0.38557
0.65479
0.81285
0.90523
0.98324
1.0934
1.2679
1.5175
1.8281
2.1623
2.4646
2.6709
2.7199
2.5643
2.1809
1.576
0.78778
-0.11777
-1.0538
-1.9231
-2.6305
-3.0941
-3.2566
-3.0922
-2.6115
-1.8603
-0.91531
0.12599
1.1578
2.0806
2.8156
3.3162
3.5745
3.622
3.5227
3.3608
3.2238
3.1846
3.2861
3.531
3.8788
4.2523
4.5504
4.6679
4.5148
4.036
3.2224
2.1165
0.80661
-0.58527
-1.9219
-3.0707
-3.9229
-4.4066
-4.4952
-4.207
-3.5995
-2.7582
-1.7829
-0.77406
0.17963
1.0097
1.6721
2.1475
2.4374
2.5583
2.5352
2.3956
2.1651
1.8655
1.5134
1.1216
0.69913
0.25265
-0.21302
-0.69396
-1.1858
-1.6821
-2.1719
-2.6376
-3.0543
-3.3906
-3.6114
-3.6835
-3.5821
-3.2966
-2.8348
-2.2233
-1.5046
-0.73039
0.04601
0.77745
1.4287
1.9792
2.422
2.7602
3.0007
3.1482
3.2003
3.1453
2.964
2.6352
2.1434
1.4875
0.68751
-0.21225
-1.1448
-2.0274
-2.7725
-3.3004
-3.5518
-3.4978
-3.1448
-2.5349
-1.7397
-0.85061
0.034985
0.82809
1.4617
1.9008
2.1479
2.2414
2.2478
2.2487
2.3233
2.5317
2.9
3.4118
4.0075
4.5927
5.0532
5.2758
5.1695
4.6838
3.8203
2.6351
1.2321
-0.25186
-1.6672
-2.8731
-3.7568
-4.2477
-4.325
-4.0166
-3.3923
-2.5512
-1.6059
-0.66742
0.16911
0.83397
1.2881
1.5229
1.5563
1.4246
1.1744
0.85283
0.50092
0.14768
-0.1923
-0.51882
-0.84325
-1.1837
-1.5584
-1.9795
-2.4467
-2.9436
-3.4378
-3.8833
-4.2275
-4.4193
-4.418
-4.2007
-3.7661
-3.1351
-2.3469
-1.4536
-0.51274
0.4193
1.2924
2.0656
2.7082
3.1991
3.5251
3.6796
3.6617
3.4762
3.1342
2.6546
2.0646
1.3999
0.70376
0.024033
-0.59038
-1.0944
-1.4518
-1.6392
-1.649
-1.4902
-1.1867
-0.77273
-0.2874
0.23236
0.75773
1.2722
1.7724
2.2659
2.7654
3.281
3.8131
4.346
4.846
5.2634
5.5389
5.6132
5.4375
4.9838
4.2515
3.2696
2.0955
0.80799
-0.50094
-1.737
-2.8134
-3.6599
-4.2292
-4.5
-4.4778
-4.1919
-3.69
-3.032
-2.2821
-1.5027
-0.74847
-0.063948
0.51826
0.97683
1.3005
1.4862
1.5378
1.464
1.2776
0.99331
0.62726
0.19527
-0.28752
-0.80663
-1.3474
-1.8939
-2.4276
-2.9264
-3.3653
-3.7178
-3.9588
-4.0687
-4.0366
-3.8633
-3.5615
-3.154
-2.6699
-2.1393
-1.588
-1.0342
-0.48695
0.05242
0.58657
1.117
1.6386
2.1361
2.5822
2.9396
3.1662
3.2221
3.0785
2.7257
2.1785
1.4783
0.69006
-0.10462
-0.81873
-1.3723
-1.7047
-1.784
-1.6112
-1.2194
-0.66623
-0.022266
0.64262
1.2722
1.8334
2.3194
2.747
3.1476
3.5545
3.9899
4.4536
4.9177
5.3279
5.6111
5.6891
5.4937
4.9815
4.1446
3.0146
1.6593
0.17447
-1.3304
-2.7464
-3.979
-4.9573
-5.6396
-6.0125
-6.0873
-5.8933
-5.4708
-4.8651
-4.1229
-3.291
-2.4162
-1.5467
-0.73188
-0.021554
0.53782
0.90768
1.0627
0.99536
0.71809
0.26279
-0.32312
-0.98303
-1.6586
-2.2965
-2.8535
-3.2982
-3.6105
-3.7792
-3.7996
-3.6714
-3.3994
-2.9947
-2.4772
-1.8762
-1.2303
-0.58287
0.023377
0.5535
0.98621
1.3172
1.5589
1.7362
1.8788
2.0132
2.1532
2.295
2.4158
2.4769
2.432
2.2386
1.8701
1.3256
0.63572
-0.13777
-0.90897
-1.5806
-2.0604
-2.2773
-2.1954
-1.8217
-1.2056
-0.43128
0.39675
1.1723
1.8066
2.2434
2.4693
2.5141
2.4435
2.344
2.3032
2.3894
2.6345
3.0246
3.4994
3.9613
4.2933
4.3816
4.1388
3.5224
2.5461
1.2807
-0.15599
-1.6162
-2.9455
-4.0052
-4.6924
-4.9528
-4.7849
-4.237
-3.3961
-2.3735
-1.2882
-0.25154
0.64519
1.338
1.793
2.0051
1.9922
1.789
1.4392
0.98912
0.48204
-0.04487
-0.56255
-1.0504
-1.4955
-1.8915
-2.2365
-2.5314
-2.7775
-2.9755
-3.1237
-3.2179
-3.2513
-3.2163
-3.1056
-2.9143
-2.6418
-2.2927
-1.8767
-1.4088
-0.90695
-0.39168
0.11599
0.59527
1.0263
1.3903
1.6696
1.8478
1.9102
1.8446
1.6434
1.3057
0.83976
0.2657
-0.38382
-1.0639
-1.7201
-2.2933
-2.7267
-2.9731
-3.0021
-2.8053
-2.3989
-1.8219
-1.1313
-0.39348
0.32548
0.9701
1.5041
1.9156
2.2183
2.447
2.6494
2.874
3.1574
3.5127
3.9223
4.3355
4.6751
4.8486
4.766
4.3589
3.5976
2.5027
1.1481
-0.34601
-1.8293
-3.1436
-4.1478
-4.7398
-4.8719
-4.5572
-3.8653
-2.9091
-1.8249
-0.75089
0.19341
0.92237
1.3921
1.6006
1.5806
1.3879
1.0876
0.74139
0.3981
0.088505
-0.17505
-0.39564
-0.5866
-0.76591
-0.95134
-1.1569
-1.3909
-1.6545
-1.942
-2.2402
-2.5293
-2.784
-2.9756
-3.0751
-3.0578
-2.9069
-2.6175
-2.1981
-1.6701
-1.0654
-0.42254
0.2188
0.82187
1.3566
1.8012
2.1429
2.3762
2.5014
2.5223
2.4445
2.2748
2.0214
1.6951
1.3105
0.88707
0.44927
0.025721
-0.35285
-0.6564
-0.85888
-0.94143
-0.89492
-0.72137
-0.43389
-0.05522
0.38514
0.85448
1.3207
1.7557
2.1373
2.451
2.6888
2.8487
2.933
2.947
2.898
2.7951
2.6489
2.4707
2.2716
2.0607
1.8419
1.6123
1.3603
1.0675
0.71136
0.27151
-0.2628
-0.88581
-1.5704
-2.2674
-2.9095
-3.4209
-3.7293
-3.7793
-3.5446
-3.0347
-2.2966
-1.4096
-0.47586
0.39388
1.0945
1.5405
1.6766
1.4853
0.98923
0.24848
-0.64625
-1.5851
-2.4531
-3.1461
-3.5846
-3.7256
-3.568
-3.1523
-2.5533
-1.8671
-1.1955
-0.62949
-0.23537
-0.045843
-0.056813
-0.23016
-0.50135
-0.79042
-1.0145
-1.1004
-0.99538
-0.67523
-0.14901
0.54096
1.3232
2.1057
2.7876
3.2733
3.4867
3.3839
2.9621
2.2621
1.3654
0.3827
-0.56214
-1.3517
-1.8939
-2.1363
-2.0735
-1.7445
-1.2229
-0.60091
0.029001
0.59015
1.0332
1.3407
1.5253
1.6214
1.6738
1.7253
1.8058
1.9259
2.0753
2.2265
2.343
2.3894
2.3407
2.1894
1.9477
1.6453
1.3224
1.0202
0.77163
0.59315
0.48122
0.41309
0.35243
0.25853
0.09713
-0.14948
-0.47538
-0.84888
-1.216
-1.5097
-1.6627
-1.6222
-1.3629
-0.89612
-0.27257
0.42219
1.0787
1.5801
1.8208
1.7259
1.2657
0.46494
-0.59766
-1.7985
-2.9872
-4.0101
-4.7357
-5.077
-5.006
-4.5581
-3.8246
-2.9341
-2.0287
-1.2367
-0.65056
-0.31234
-0.21016
-0.28534
-0.4479
-0.59685
-0.64062
-0.51391
-0.18822
0.32514
0.97892
1.6992
2.3977
2.984
3.3778
3.5174
3.3669
2.9192
2.198
1.2563
0.17199
-0.95861
-2.0312
-2.9455
-3.6178
-3.992
-4.047
-3.7982
-3.2933
-2.6034
-1.8099
-0.99221
-0.21562
0.47574
1.0618
1.5443
1.9406
2.2749
2.569
2.8349
3.0694
3.2543
3.3591
3.3481
3.1891
2.8621
2.3663
1.7236
0.97879
0.19508
-0.55336
-1.1912
-1.6523
-1.8896
-1.8827
-1.6411
-1.2043
-0.6367
-0.018326
0.56655
1.0421
1.3519
1.4665
1.3861
1.1376
0.7682
0.33461
-0.10733
-0.51247
-0.85299
-1.121
-1.3266
-1.4927
-1.6471
-1.814
-2.0082
-2.2304
-2.4675
-2.6959
-2.8867
-3.0126
-3.0535
-3.0008
-2.8583
-2.6402
-2.3678
-2.0643
-1.7495
-1.4372
-1.1328
-0.83449
-0.53468
-0.22362
0.10725
0.46214
0.83846
1.2255
1.6043
1.9486
2.2269
2.4062
2.4552
2.3496
2.0769
1.6399
1.0596
0.37545
-0.35712
-1.0725
-1.7024
-2.1854
-2.4747
-2.5454
-2.3969
-2.0517
-1.551
-0.9473
-0.29564
0.35368
0.96119
1.5014
1.9629
2.3463
2.6599
2.9148
3.1204
3.2814
3.3959
3.4563
3.4515
3.3703
3.2049
2.9538
2.6225
2.2232
1.7725
1.2876
0.78377
0.27125
-0.24468
-0.76188
-1.2771
-1.7807
-2.2516
-2.6543
-2.9393
-3.0491
-2.9277
-2.5338
-1.8545
-0.91589
0.21199
1.4187
2.5656
3.5048
4.1029
4.2641
3.9478
3.1782
2.0427
0.67864
-0.74776
-2.0678
-3.1363
-3.8529
-4.1748
-4.1183
-3.7514
-3.1776
-2.5156
-1.879
-1.3591
-1.0135
-0.8621
-0.88909
-1.0504
-1.2837
-1.5204
-1.6959
-1.7591
-1.6789
-1.4482
-1.0837
-0.62346
-0.12093
0.3628
0.76788
1.0442
1.158
1.0966
0.86901
0.50418
0.046716
-0.44935
-0.92743
-1.335
-1.6293
-1.7808
-1.7755
-1.6139
-1.3091
-0.88317
-0.36396
0.21878
0.8357
1.4593
2.0645
2.628
3.128
3.5439
3.8562
4.0477
4.1057
4.0239
3.8051
3.4628
3.0218
2.5164
1.9878
1.4781
1.0249
0.65422
0.37614
0.18184
0.044655
-0.075093
-0.22211
-0.43613
-0.7419
-1.1415
-1.6105
-2.0999
-2.543
-2.8672
-3.0076
-2.9203
-2.5931
-2.0501
-1.3505
-0.58114
0.15608
0.75872
1.1391
1.2368
1.0277
0.52702
-0.21302
-1.1104
-2.0647
-2.9714
-3.7353
-4.2826
-4.5701
-4.5879
-4.3591
-3.9334
-3.3783
-2.7684
-2.1756
-1.6599
-1.2643
-1.0119
-0.9056
-0.93073
-1.0579
-1.2474
-1.4536
-1.6295
-1.732
-1.7268
-1.5921
-1.3228
-0.93181
-0.44957
0.079159
0.60071
1.0598
1.4072
1.6074
1.6436
1.5209
1.2654
0.9213
0.54431
0.19435
-0.072574
-0.21175
-0.19528
-0.015148
0.31666
0.77073
1.3051
1.8712
2.4206
2.9102
3.3063
3.5859
3.7371
3.757
3.6493
3.4227
3.0887
2.6625
2.1626
1.6125
1.0406
0.47948
-0.036259
-0.47413
-0.80811
-1.023
-1.1175
-1.1048
-1.0105
-0.86828
-0.71265
-0.57231
-0.46373
-0.38758
-0.3287
-0.25992
-0.1492
0.031369
0.29662
0.64139
1.0375
1.4355
1.7706
1.9731
1.9795
1.7436
1.2464
0.50084
-0.4471
-1.5226
-2.6305
-3.6675
-4.5356
-5.1557
-5.4786
-5.4916
-5.2195
-4.7201
-4.074
-3.3713
-2.6974
-2.1212
-1.6859
-1.4064
-1.2696
-1.2412
-1.2731
-1.3139
-1.317
-1.2486
-1.0916
-0.8475
-0.53399
-0.18132
0.17353
0.49289
0.74386
0.90244
0.956
0.90405
0.75766
0.53784
0.27332
-0.0021107
-0.25244
-0.44241
-0.54047
-0.52172
-0.37044
-0.082155
0.33525
0.86154
1.4654
2.1072
2.7424
3.3261
3.8178
4.1847
4.4054
4.4715
4.3871
4.1676
3.8367
3.4223
2.9524
2.452
1.94
1.4283
0.92202
0.42066
-0.079326
-0.58156
-1.0863
-1.5873
-2.0693
-2.5072
-2.8669
-3.1087
-3.1932
-3.089
-2.7804
-2.2739
-1.6024
-0.82413
-0.017514
0.72845
1.3261
1.7015
1.8046
1.6157
1.1479
0.44369
-0.43027
-1.3922
-2.3544
-3.2325
-3.9541
-4.4649
-4.7339
-4.7548
-4.5465
-4.1496
-3.6206
-3.025
-2.4284
-1.8884
-1.4482
-1.1323
-0.94541
-0.87403
-0.89066
-0.95912
-1.0406
-1.0994
-1.1074
-1.0471
-0.91324
-0.71179
-0.4582
-0.17412
0.11634
0.39017
0.62839
0.81785
0.95167
1.0286
1.0517
1.0261
0.95782
0.8528
0.71694
0.55707
0.38237
0.20578
0.044684
-0.079452
-0.14281
-0.12207
0.0020471
0.24111
0.59603
1.0554
1.5952
2.1808
2.7701
3.3172
3.7782
4.1145
4.2979
4.3128
4.1576
3.8458
3.4037
2.8682
2.2829
1.6924
1.1372
0.64739
0.23844
-0.091206
-0.35961
-0.59739
-0.84087
-1.1234
-1.4662
-1.8717
-2.3191
-2.7651
-3.1495
-3.4046
-3.4673
-3.2914
-2.8588
-2.1857
-1.3246
-0.35871
0.60759
1.463
2.1046
2.4517
2.4566
2.1107
1.4443
0.52277
-0.5626
-1.7061
-2.8
-3.7475
-4.4723
-4.9268
-5.0953
-4.9934
-4.6643
-4.1702
-3.5834
-2.9756
-2.4088
-1.9293
-1.5634
-1.3179
-1.1827
-1.1354
-1.1471
-1.1879
-1.231
-1.256
-1.2501
-1.2072
-1.127
-1.0126
-0.86821
-0.69789
-0.50482
-0.29166
-0.061765
0.1791
0.42134
0.6507
0.84882
0.99513
1.0702
1.0596
0.95858
0.77442
0.52845
0.25479
-0.003
-0.19741
-0.28364
-0.22645
-0.0059175
0.37872
0.9078
1.5428
2.2306
2.9095
3.5164
3.9946
4.3
4.4063
4.3074
4.018
3.5707
3.0115
2.3937
1.7711
1.1907
0.68732
0.28021
-0.028561
-0.25254
-0.41729
-0.55522
-0.6998
-0.88006
-1.116
-1.4157
-1.7734
-2.1699
-2.574
-2.9448
-3.2358
-3.3997
-3.3938
-3.1867
-2.7637
-2.1322
-1.3247
-0.39852
0.56751
1.4801
2.2417
2.7618
2.9687
2.8199
2.3089
1.4686
0.36902
-0.88846
-2.1824
-3.3854
-4.3792
-5.0704
-5.4022
-5.3619
-4.9817
-4.333
-3.5148
-2.6378
-1.8077
-1.1104
-0.60182
-0.3037
-0.20538
-0.27074
-0.448
-0.68008
-0.91375
-1.1062
-1.2283
-1.2655
-1.2156
-1.0864
-0.89205
-0.6505
-0.38133
-0.10437
0.16121
0.39762
0.58925
0.72377
0.79333
0.7958
0.73571
0.62459
0.4805
0.3265
0.18826
0.090839
0.055129
0.094552
0.21258
0.40173
0.6444
0.91568
1.1878
1.4358
1.6424
1.8029
1.9269
2.037
2.1656
2.3475
2.6124
2.9771
3.4391
3.9737
4.5353
5.0622
5.4851
5.738
5.7679
5.5438
5.0612
4.3423
3.432
2.3898
1.2811
0.16782
-0.89777
-1.8767
-2.7429
-3.4804
-4.0788
-4.5287
-4.8186
-4.9341
-4.8602
-4.5847
-4.1047
-3.4321
-2.5987
-1.6578
-0.68292
0.23716
1.0077
1.5389
1.7588
1.624
1.1289
0.30921
-0.75886
-1.9665
-3.1848
-4.2811
-5.1366
-5.6627
-5.8131
-5.5896
-5.0408
-4.2538
-3.3394
-2.4148
-1.585
-0.92909
-0.49007
-0.27315
-0.24995
-0.36792
-0.56252
-0.7696
-0.93566
-1.0246
-1.0205
-0.92604
-0.7587
-0.54464
-0.31271
-0.08912
0.10604
0.26048
0.36946
0.43437
0.46059
0.45545
0.42666
0.38155
0.32702
0.27003
0.21815
0.17976
0.16372
0.17832
0.22975
0.32062
0.44882
0.60748
0.78599
0.97232
1.1561
1.3316
1.5007
1.6734
1.8673
2.1041
2.4044
2.7821
3.2376
3.7542
4.296
4.8106
5.2348
5.504
5.5625
5.3737
4.927
4.2407
3.3594
2.3465
1.2742
0.21168
-0.78418
-1.6747
-2.4406
-3.0788
-3.596
-4.0016
-4.3011
-4.4922
-4.5638
-4.4984
-4.2763
-3.8817
-3.3082
-2.5649
-1.6796
-0.70074
0.30367
1.2502
2.0472
2.6052
2.8485
2.7271
2.2269
1.3766
0.24834
-1.0476
-2.3745
-3.5869
-4.5501
-5.1601
-5.3594
-5.1458
-4.5727
-3.7399
-2.7771
-1.8213
-0.99517
-0.3878
-0.042702
0.045171
-0.076237
-0.32875
-0.62064
-0.86396
-0.98939
-0.95634
-0.75709
-0.41498
0.022546
0.49414
0.93606
1.2929
1.5256
1.6161
1.5674
1.4004
1.1482
0.84868
0.5385
0.24814
-0.00061404
-0.19481
-0.32872
-0.40142
-0.41434
-0.36981
-0.27068
-0.12104
0.072469
0.29964
0.54655
0.79681
1.0342
1.246
1.4269
1.5816
1.725
1.881
2.0769
2.3373
2.6757
3.0887
3.5512
4.0171
4.4243
4.7034
4.7904
4.6382
4.2272
3.57
2.711
1.7192
0.67687
-0.33484
-1.2488
-2.022
-2.6392
-3.1116
-3.4688
-3.7476
-3.9804
-4.1843
-4.3553
-4.4672
-4.4771
-4.3349
-3.9961
-3.4351
-2.6557
-1.6968
-0.63249
0.43566
1.3907
2.1168
2.5168
2.5273
2.1309
1.3605
0.29775
-0.93637
-2.1969
-3.3343
-4.2154
-4.7418
-4.8642
-4.5888
-3.9756
-3.1284
-2.1777
-1.2592
-0.49271
0.036049
0.28705
0.26864
0.031822
-0.34248
-0.76004
-1.1306
-1.3823
-1.4717
-1.387
-1.1463
-0.79034
-0.37327
0.047996
0.42284
0.71359
0.89885
0.97357
0.94656
0.83629
0.66623
0.46067
0.24172
0.027782
-0.16648
-0.32926
-0.45034
-0.52015
-0.52963
-0.47108
-0.33984
-0.13634
0.13219
0.45101
0.79854
1.1486
1.4742
1.7513
1.9638
2.1059
2.1841
2.2162
2.2278
2.2479
2.3023
2.4084
2.5703
2.7765
3.0006
3.2041
3.342
3.3697
3.2503
2.9596
2.4907
1.8544
1.0777
0.20001
-0.73139
-1.6666
-2.5571
-3.3588
-4.0342
-4.5524
-4.8896
-5.0289
-4.9595
-4.6775
-4.1866
-3.5
-2.6427
-1.6536
-0.58729
0.48661
1.4859
2.3217
2.9067
3.1662
3.0488
2.5364
1.6514
0.45822
-0.94064
-2.4144
-3.8192
-5.0161
-5.8899
-6.3646
-6.4142
-6.0656
-5.3936
-4.5083
-3.5366
-2.6019
-1.8059
-1.2136
-0.84782
-0.6896
-0.68677
-0.76698
-0.85298
-0.87719
-0.79319
-0.58236
-0.25523
0.1525
0.58792
0.99131
1.307
1.4928
1.5263
1.4077
1.1581
0.81497
0.42495
0.036034
-0.3095
-0.58033
-0.75873
-0.84056
-0.83299
-0.7508
-0.61222
-0.43514
-0.23444
-0.020651
0.2001
0.42505
0.65321
0.88366
1.1141
1.3404
1.5561
1.7542
1.9281
2.0734
2.1894
2.2799
2.3525
2.4178
2.4857
2.563
2.6495
2.7361
2.8036
2.8248
2.7678
2.6015
2.3007
1.8512
1.2522
0.51801
-0.3229
-1.2297
-2.152
-3.0324
-3.8111
-4.429
-4.8329
-4.9805
-4.8449
-4.4188
-3.7172
-2.7786
-1.6642
-0.45431
0.75583
1.8632
2.7655
3.3701
3.6051
3.4289
2.8377
1.8712
0.61142
-0.82284
-2.2883
-3.634
-4.7214
-5.4433
-5.74
-5.6076
-5.0991
-4.3145
-3.384
-2.4459
-1.6237
-1.0066
-0.63755
-0.51035
-0.57616
-0.75684
-0.96229
-1.108
-1.1297
-0.99245
-0.69369
-0.26033
0.25895
0.80399
1.3139
1.7362
2.0338
2.1873
2.1954
2.0713
1.8388
1.527
1.1662
0.78435
0.40582
0.050231
-0.26733
-0.53594
-0.74854
-0.90189
-0.99665
-1.0373
-1.032
-0.99111
-0.92632
-0.84835
-0.76533
-0.68143
-0.5963
-0.50545
-0.40156
-0.27647
-0.12351
0.0604
0.27311
0.50663
0.74752
0.97835
1.18
1.3342
1.4264
1.4477
1.3959
1.2761
1.0996
0.88203
0.64132
0.39543
0.1602
-0.052001
-0.23303
-0.3789
-0.48914
-0.56574
-0.61203
-0.63159
-0.62757
-0.60231
-0.55743
-0.49417
-0.41394
-0.31883
-0.21208
-0.098174
0.017285
0.12798
0.22752
0.31019
0.37156
0.40906
0.42215
0.4123
0.38269
0.33762
0.28199
0.22066
0.15804
0.09775
0.042549
-0.0056417
-0.045594
-0.076596
-0.098303
-0.11065
-0.11383
-0.10835
-0.095058
-0.075219
-0.050473
-0.022735
0.0059744
0.03376
0.059077
0.080911
0.098868
0.11313
0.12432
0.13321
0.14048
0.14641
0.15077
0.15272
0.15106
0.14443
0.13174
0.11249
0.087101
0.056973
0.024431
-0.0075801
-0.035924
-0.057775
-0.071091
-0.074944
-0.069682
-0.05685
-0.038931
-0.01892
0.00014582
0.015649
0.025742
0.029539
0.027134
0.019459
0.0080239
-0.0053818
-0.018974
-0.031182
-0.040765
-0.04683
-0.048792
-0.046314
-0.039261
-0.027705
-0.011962
0.0073312
0.029162
0.052117
0.074435
0.094134
0.10921
0.11789
0.11885
0.11143
0.095754
0.072777
0.04419
0.01227
-0.020359
-0.050981
-0.077055
-0.096439
-0.10756
-0.10954
-0.10221
-0.086122
-0.062424
-0.032761
0.00092345
0.036584
0.072265
0.10626
0.13724
0.16426
0.18673
0.20436
0.21699
0.22447
0.22661
0.22312
0.21364
0.19786
0.17566
0.14724
0.11326
0.074878
0.033724
-0.0081784
-0.04859
-0.085243
-0.11604
-0.13922
-0.15348
-0.15808
-0.1528
-0.13799
-0.11448
-0.08354
-0.046805
-0.0062039
0.03612
0.077895
0.11683
0.15075
0.17769
0.19608
0.20486
0.20356
0.19236
0.17213
0.14434
0.11098
0.07444
0.037289
0.0021121
-0.02872
-0.053256
-0.070138
-0.078719
-0.079117
-0.072164
-0.059287
-0.042305
-0.0232
-0.0038734
0.01405
0.029366
0.041348
0.049739
0.054678
0.056592
0.056082
0.053815
0.05045
0.046585
0.042733
0.039306
0.036605
0.034802
0.03392
0.03382
0.034197
0.034611
0.034538
0.033455
0.030936
0.026746
0.020913
0.013759
0.0058873
-0.0018791
-0.0085989
-0.01334
-0.015313
-0.013997
-0.0092329
-0.0012689
0.0092452
0.021324
0.033766
0.045313
0.054824
0.061448
0.06475
0.06478
0.062069
0.057532
0.052315
0.047591
0.044346
0.0432
0.044293
0.047255
0.051281
0.055276
0.058061
0.058589
0.056132
0.050411
0.041645
0.030517
0.018078
0.0055983
-0.0055971
-0.014292
-0.019516
-0.020648
-0.017475
-0.0102
0.00059239
0.014012
0.028968
0.044287
0.058831
0.071595
0.081775
0.088797
0.092317
0.092194
0.088465
0.08133
0.07115
0.058473
0.04406
0.028898
0.014174
0.0011874
-0.0087758
-0.014622
-0.015625
-0.011566
-0.0028131
0.0096961
0.024561
0.040101
0.054575
0.066416
0.07442
0.07788
0.076647
0.071102
0.062088
0.050773
0.038511
0.026684
0.016556
0.0091501
0.0051432
0.0048044
0.0079681
0.014058
0.02216
0.031143
0.039817
0.047094
0.05215
0.054528
0.054192
0.0515
0.04711
0.041845
0.036533
0.03187
0.02832
0.026082
0.025107
0.025176
0.025998
0.027306
0.02893
0.030819
0.03302
0.035614
0.038631
0.041975
0.045382
0.048424
0.050577
0.051326
0.050297
0.047368
0.042732
0.036892
0.030581
0.024639
0.019854
0.01683
0.015884
0.017014
0.019916
0.024061
0.028798
0.033461
0.037472
0.040418
0.042091
0.042497
0.041836
0.04045
0.038755
0.037171
0.036038
0.035561
0.035772
0.036523
0.037526
0.038419
0.038848
0.038555
0.03744
0.035589
0.033254
0.030801
0.028622
0.027052
0.026301
0.026416
0.027283
0.028669
0.030281
0.031835
0.03311
0.033983
0.034434
0.034524
0.03437
0.034101
0.033839
0.033678
0.033689
0.033918
0.034401
0.035158
0.036189
0.037468
0.038928
0.040462
0.041928
0.043167
0.04403
0.044399
0.044213
0.043482
0.042284
0.040761
0.0391
0.037504
0.036168
0.035243
0.034813
0.03488
0.035355
0.036068
0.036803
0.037329
0.037459
0.037089
0.036236
0.035041
0.033753
0.032676
0.032112
0.032289
0.03331
0.035125
0.037532
0.04022
0.042819
0.044972
0.046401
0.046944
0.046583
0.045422
0.043659
0.041533
0.039273
0.037067
0.035036
0.033251
0.03175
0.030568
0.029764
0.029421
0.029638
0.030486
0.031975
0.034009
0.036377
0.038763
0.040792
0.042098
0.042394
0.041545
0.039607
0.036829
0.033622
0.030483
0.027906
0.026286
0.025842
0.026574
0.028271
0.03056
0.032984
0.035108
0.0366
0.037295
0.037216
0.036552
0.035608
0.03472
0.034187
0.034197
0.034791
0.035848
0.037103
0.038197
0.038741
0.038389
0.036917
0.03427
0.030605
0.026283
0.02183
0.017872
0.015032
0.013831
0.014594
0.01738
0.021962
0.027846
0.034341
0.040655
0.046017
0.049779
0.051507
0.05103
0.048446
0.044097
0.038517
0.032357
0.026314
0.021054
0.017149
0.015017
0.014876
0.016712
0.020269
0.025062
0.030431
0.035616
0.039868
0.042562
0.043306
0.042008
0.038908
0.034534
0.029623
0.024992
0.021396
0.0194
0.019289
0.021025
0.024267
0.028439
0.032834
0.036739
0.039543
0.040831
0.040435
0.03844
0.035153
0.031047
0.026678
0.022609
0.019341
0.017253
0.016574
0.017367
0.019538
0.022854
0.026974
0.031492
0.035974
0.040001
0.043208
0.045324
0.046192
0.045792
0.044239
0.04178
0.038761
0.035597
0.03272
0.03053
0.029346
0.029361
0.030618
0.032995
0.03622
0.039895
0.043549
0.046687
0.048861
0.049727
0.049095
0.046957
0.043498
0.039078
0.034191
0.029415
0.025344
0.022524
0.021395
0.022242
0.025166
0.030078
0.036704
0.044622
0.053309
0.062199
