0.004461
-0.003411
-0.010446
-0.015929
-0.019357
-0.020511
-0.019492
-0.016693
-0.01273
-0.0083305
-0.0042152
-0.00097708
0.0010064
0.0016214
0.0010162
-0.00044977
-0.0022926
-0.0040107
-0.005189
-0.0055784
-0.0051367
-0.004021
-0.0025376
-0.0010591
6.8885e-05
0.0006117
0.00049919
-0.00016173
-0.0011186
-0.0020404
-0.0026035
-0.0025764
-0.0018818
-0.00062303
0.00093217
0.0024067
0.0033948
0.003551
0.0026676
0.0007251
-0.0020949
-0.0054345
-0.0088176
-0.011729
-0.013703
-0.0144
-0.013669
-0.011572
-0.0083849
-0.0045495
-0.00061239
0.0028609
0.0053711
0.0065603
0.0062624
0.0045235
0.0015873
-0.0021496
-0.0062043
-0.010083
-0.013353
-0.015696
-0.016944
-0.017078
-0.016223
-0.014605
-0.012519
-0.010285
-0.0082078
-0.0065424
-0.0054717
-0.0050872
-0.0053831
-0.0062594
-0.0075357
-0.008973
-0.010303
-0.011259
-0.011613
-0.011197
-0.0099335
-0.0078439
-0.0050503
-0.0017649
0.0017332
0.0051307
0.0081168
0.01042
0.011841
0.012271
0.011705
0.010233
0.0080276
0.0053163
0.002354
-0.00060565
-0.0033326
-0.0056363
-0.0073741
-0.0084539
-0.0088355
-0.0085312
-0.0076073
-0.0061838
-0.0044303
-0.0025534
-0.00077536
0.00069499
0.0016944
0.0021326
0.0020084
0.0014075
0.00048206
-0.00058561
-0.0016252
-0.0025177
-0.0032204
-0.0037725
-0.004278
-0.0048718
-0.0056758
-0.0067583
-0.0081053
-0.009613
-0.011103
-0.012357
-0.01316
-0.013345
-0.012827
-0.011613
-0.009804
-0.0075709
-0.0051236
-0.0026777
-0.0004248
0.0014882
0.0029696
0.0039818
0.0045321
0.004658
0.00441
0.0038361
0.002972
0.0018374
0.00044149
-0.0012044
-0.0030707
-0.0050945
-0.0071706
-0.0091534
-0.010871
-0.012149
-0.012841
-0.012854
-0.012166
-0.010833
-0.0089804
-0.0067891
-0.0044708
-0.002248
-0.00033408
0.0010841
0.0018616
0.001911
0.0012147
-0.00016517
-0.0020879
-0.0043462
-0.0066916
-0.008872
-0.010672
-0.011949
-0.012659
-0.012861
-0.012698
-0.012368
-0.012076
-0.011994
-0.012224
-0.012785
-0.013611
-0.014574
-0.015517
-0.01628
-0.016732
-0.016783
-0.016382
-0.015514
-0.014184
-0.012415
-0.01025
-0.0077607
-0.0050641
-0.0023316
0.00021245
0.0023084
0.0036978
0.004173
0.0036314
0.0021204
-0.00014049
-0.0027706
-0.0052779
-0.0071401
-0.0079056
-0.0072914
-0.0052582
-0.0020423
0.0018658
0.0057938
0.0090018
0.010817
0.010761
0.0086529
0.0046562
-0.00073085
-0.0067466
-0.012487
-0.017053
-0.019705
-0.019989
-0.017818
-0.013489
-0.0076422
-0.0011536
0.0050036
0.0099173
0.012883
0.013515
0.011801
0.0080989
0.0030665
-0.0024509
-0.0075644
-0.011485
-0.013643
-0.013771
-0.011929
-0.0084782
-0.0040165
0.00072843
0.005016
0.0082107
0.0098817
0.0098706
0.0083138
0.0056147
0.0023684
-0.00075153
-0.0031225
-0.0042958
-0.0040853
-0.0026035
-0.00023475
0.0024514
0.0048278
0.0063522
0.0066921
0.0058025
0.0039397
0.0016045
-0.00057283
-0.0019805
-0.0021739
-0.00099099
0.0013909
0.0044721
0.007519
0.0097092
0.010307
0.0088384
0.0052284
-0.00012006
-0.0063342
-0.012172
-0.016207
-0.017083
-0.013787
-0.0059105
0.0061783
0.02128
0.037472
0.052383
0.063598
0.069143
0.067944
0.060167
0.047341
0.032203
0.01825
0.0090605
0.0074883
0.014897
0.030604
0.051708
0.073402
0.089793
0.095153
0.085392
0.059465
0.020374
-0.024528
-0.064182
-0.085416
-0.075351
-0.02423
0.071867
0.20904
0.37487
0.54935
0.70761
0.82399
0.87687
0.85324
0.75181
0.58387
0.37128
0.14196
-0.076165
-0.26115
-0.4013
-0.49659
-0.55699
-0.59833
-0.63725
-0.68669
-0.75314
-0.83606
-0.92926
-1.0233
-1.1079
-1.1738
-1.2134
-1.2203
-1.1879
-1.1089
-0.97369
-0.771
-0.48817
-0.11279
0.36535
0.95172
1.6443
2.4305
3.2849
4.1672
5.0229
5.7855
6.3824
6.7427
6.8067
6.5354
5.9191
4.9817
3.7827
2.4134
0.99008
-0.35718
-1.4982
-2.318
-2.7317
-2.6983
-2.2297
-1.3934
-0.30736
0.87391
1.9812
2.8563
3.3784
3.4852
3.1846
2.5538
1.7254
0.86284
0.12871
-0.34654
-0.48995
-0.29988
0.15448
0.74771
1.3239
1.7283
1.8379
1.5859
0.97447
0.074049
-0.99028
-2.0623
-2.9834
-3.6196
-3.8842
-3.7494
-3.2478
-2.4639
-1.5172
-0.54126
0.33707
1.0166
1.4347
1.5726
1.4543
1.1376
0.701
0.2279
-0.20883
-0.55905
-0.80256
-0.94993
-1.037
-1.114
-1.2317
-1.4275
-1.7138
-2.0723
-2.4546
-2.7895
-2.9959
-2.9981
-2.7413
-2.2024
-1.396
-0.3717
0.79339
2.0081
3.1813
4.2354
5.1155
5.7931
6.2655
6.5493
6.6721
6.663
6.5451
6.331
6.0231
5.6178
5.1121
4.5108
3.8324
3.111
2.3942
1.7372
1.1942
0.80913
0.60864
0.59745
0.75839
1.0558
1.4415
1.8623
2.2661
2.6071
2.8491
2.9662
2.9436
2.7775
2.4754
2.0569
1.5537
1.009
0.4739
0.0016826
-0.36
-0.57809
-0.64161
-0.5657
-0.39039
-0.17382
0.019236
0.13096
0.12298
-0.015436
-0.26541
-0.58339
-0.91149
-1.1907
-1.3734
-1.4328
-1.3666
-1.195
-0.95387
-0.68534
-0.42871
-0.21335
-0.055349
0.041686
0.082746
0.075754
0.02608
-0.067026
-0.21085
-0.41621
-0.69163
-1.0364
-1.4342
-1.85
-2.2306
-2.5098
-2.6175
-2.4917
-2.0899
-1.3994
-0.44325
0.71871
1.9951
3.2732
4.4333
5.3646
5.9818
6.2378
6.1313
5.7074
5.0504
4.2688
3.4768
2.7737
2.2279
1.8672
1.6782
1.6143
1.611
1.6036
1.5439
1.4124
1.2227
1.0186
0.86312
0.8224
0.94747
1.2583
1.7335
2.3088
2.8854
3.3468
3.5815
3.5059
3.0841
2.3386
1.3504
0.24796
-0.81405
-1.6811
-2.2266
-2.3746
-2.115
-1.5062
-0.66657
0.24579
1.06
1.6223
1.8235
1.6188
1.0364
0.1735
-0.82014
-1.7677
-2.4955
-2.8622
-2.7819
-2.2378
-1.2845
-0.038155
1.3412
2.674
3.7876
4.5412
4.8453
4.6733
4.0643
3.1148
1.9637
0.77054
-0.30787
-1.1402
-1.6384
-1.7686
-1.5541
-1.0695
-0.42825
0.23511
0.78486
1.1031
1.1057
0.7538
0.058703
-0.91852
-2.0738
-3.2717
-4.3618
-5.1967
-5.6515
-5.6412
-5.1331
-4.1533
-2.7855
-1.1609
0.558
2.1987
3.6015
4.6404
5.2394
5.3801
5.1013
4.4888
3.6576
2.731
1.8191
1.0018
0.31978
-0.22562
-0.66334
-1.0374
-1.3895
-1.7429
-2.0934
-2.4067
-2.6261
-2.6861
-2.5301
-2.1271
-1.4844
-0.65142
0.28492
1.214
2.0206
2.6062
2.9071
2.9054
2.6316
2.1565
1.5757
0.98936
0.48232
0.10859
-0.11642
-0.21472
-0.23631
-0.24431
-0.29835
-0.44019
-0.68478
-1.0184
-1.4035
-1.7889
-2.1216
-2.3583
-2.4733
-2.4618
-2.339
-2.1351
-1.8891
-1.6413
-1.427
-1.2713
-1.1854
-1.1655
-1.1931
-1.2382
-1.2644
-1.235
-1.1212
-0.90849
-0.60252
-0.23123
0.15695
0.49946
0.7296
0.78867
0.63807
0.26892
-0.29264
-0.986
-1.7227
-2.3982
-2.9085
-3.1662
-3.1171
-2.7506
-2.1034
-1.2549
-0.315
0.5949
1.362
1.9007
2.1655
2.1559
1.913
1.5087
1.0314
0.56994
0.19991
-0.026619
-0.086034
0.01645
0.25049
0.5671
0.90672
1.2079
1.416
1.4909
1.4133
1.1888
0.8476
0.44112
0.033608
-0.30873
-0.52983
-0.59436
-0.49434
-0.25026
0.09372
0.47963
0.84818
1.1511
1.3603
1.4718
1.503
1.4848
1.4503
1.423
1.4089
1.393
1.344
1.223
0.99654
0.64802
0.18605
-0.35411
-0.91579
-1.4316
-1.837
-2.0831
-2.1463
-2.0321
-1.7738
-1.426
-1.0548
-0.72622
-0.49504
-0.39578
-0.43677
-0.59861
-0.83738
-1.092
-1.2949
-1.3845
-1.3172
-1.0776
-0.6831
-0.1842
0.34284
0.80808
1.1238
1.2207
1.0621
0.65247
0.03947
-0.69122
-1.4273
-2.0458
-2.4309
-2.4913
-2.1748
-1.4777
-0.44807
0.81777
2.1857
3.4999
4.602
5.3528
5.6499
5.4432
4.7412
3.611
2.1689
0.56554
-1.0341
-2.4723
-3.6183
-4.384
-4.7332
-4.6832
-4.2979
-3.6741
-2.924
-2.1553
-1.4543
-0.87437
-0.43149
-0.10854
0.13402
0.34317
0.55819
0.799
1.0611
1.3184
1.5324
1.6662
1.698
1.6306
1.4939
1.3392
1.226
1.2052
1.3026
1.5082
1.7734
2.019
2.1517
2.0863
1.7688
1.1939
0.41369
-0.46631
-1.3034
-1.9431
-2.2494
-2.1327
-1.5701
-0.61376
0.61528
1.9457
3.1843
4.1487
4.6986
4.7588
4.3319
3.4955
2.3872
1.1793
0.047527
-0.85826
-1.4385
-1.6572
-1.5441
-1.1848
-0.70189
-0.23133
0.10214
0.20646
0.037284
-0.39506
-1.0274
-1.7538
-2.4417
-2.9531
-3.1658
-2.9942
-2.4049
-1.4246
-0.14055
1.3094
2.7553
4.0195
4.9453
5.4224
5.4072
4.9319
4.1
3.0692
2.024
1.1419
0.56209
0.36045
0.5372
1.0192
1.6762
2.3483
2.8781
3.1427
3.0772
2.6875
2.0473
1.2821
0.54172
-0.030938
-0.33017
-0.30903
0.011433
0.54729
1.1697
1.7317
2.0983
2.1732
1.9178
1.3576
0.57721
-0.29705
-1.1207
-1.7579
-2.1052
-2.1086
-1.7714
-1.1512
-0.34734
0.51792
1.3216
1.961
2.3705
2.5298
2.4647
2.2377
1.9338
1.6408
1.4314
1.3489
1.3994
1.5523
1.7493
1.9186
1.992
1.9213
1.6896
1.3159
0.85181
0.37092
-0.047275
-0.33528
-0.45384
-0.40269
-0.22287
0.010514
0.20397
0.26669
0.13229
-0.224
-0.77659
-1.4518
-2.1404
-2.7188
-3.072
-3.1168
-2.8157
-2.1835
-1.2814
-0.20337
0.94271
2.0543
3.0492
3.8736
4.5028
4.9359
5.1869
5.2761
5.2232
5.0441
4.7508
4.3541
3.8664
3.3046
2.6905
2.0506
1.4139
0.80969
0.26503
-0.19681
-0.55767
-0.8054
-0.93484
-0.94874
-0.85856
-0.68441
-0.45371
-0.19823
0.04991
0.2626
0.41925
0.50876
0.52959
0.48851
0.39857
0.27732
0.14551
0.026446
-0.05477
-0.072453
-0.0027784
0.17257
0.46199
0.85978
1.3435
1.874
2.3992
2.8608
3.2039
3.3871
3.3911
3.2231
2.9163
2.5239
2.1083
1.7282
1.4262
1.2203
1.1011
1.0359
0.97892
0.8851
0.72462
0.49341
0.21711
-0.053319
-0.25393
-0.32527
-0.23062
0.029684
0.4123
0.83519
1.192
1.3735
1.2915
0.89986
0.20804
-0.7157
-1.7527
-2.7522
-3.5568
-4.0297
-4.0794
-3.6759
-2.8566
-1.7192
-0.40418
0.92969
2.1319
3.0828
3.7093
3.9897
3.9502
3.6527
3.1793
2.6165
2.0407
1.5088
1.0532
0.68048
0.37508
0.10497
-0.16974
-0.48685
-0.87204
-1.3304
-1.8412
-2.3586
-2.8162
-3.1393
-3.2583
-3.1247
-2.7234
-2.0796
-1.2578
-0.35314
0.52446
1.2687
1.7955
2.0569
2.0484
1.8084
1.4093
0.94372
0.50704
0.18033
0.016356
0.031064
0.20193
0.47338
0.76834
1.0037
1.1074
1.0329
0.76966
0.34646
-0.17338
-0.70342
-1.1505
-1.4329
-1.4965
-1.326
-0.9492
-0.43374
0.12369
0.61306
0.92979
0.99349
0.7636
0.24942
-0.48766
-1.3407
-2.1722
-2.836
-3.2023
-3.1834
-2.7525
-1.9546
-0.90337
0.23362
1.2618
1.9927
2.2773
2.0338
1.265
0.060153
-1.4162
-2.9493
-4.3076
-5.2786
-5.7028
-5.4983
-4.673
-3.3228
-1.6152
0.23727
2.0093
3.4953
4.5371
5.0424
4.9932
4.4427
3.5028
2.325
1.0758
-0.086977
-1.0367
-1.6936
-2.0326
-2.0822
-1.913
-1.6206
-1.3034
-1.0421
-0.88382
-0.83388
-0.85803
-0.89339
-0.86611
-0.71135
-0.39092
0.095578
0.70876
1.3769
2.0104
2.5206
2.8375
2.9228
2.7771
2.4377
1.9706
1.4572
0.97844
0.60103
0.36611
0.28407
0.33497
0.47475
0.6456
0.78843
0.8551
0.81781
0.67413
0.44654
0.17682
-0.083368
-0.28374
-0.38621
-0.37304
-0.25107
-0.05123
0.17654
0.37206
0.47602
0.44165
0.24503
-0.10793
-0.5793
-1.1026
-1.5922
-1.9575
-2.1196
-2.0276
-1.6718
-1.0896
-0.36254
0.39464
1.0527
1.4901
1.6151
1.383
0.80617
-0.045839
-1.0557
-2.076
-2.9517
-3.545
-3.7567
-3.5415
-2.914
-1.9445
-0.74528
0.54886
1.8024
2.8984
3.753
4.3214
4.5975
4.6075
4.3999
4.0345
3.5724
3.0679
2.5627
2.0826
1.6372
1.2215
0.82034
0.41492
-0.010393
-0.46116
-0.92803
-1.3852
-1.7924
-2.1018
-2.2662
-2.25
-2.0379
-1.6407
-1.0959
-0.46305
0.18544
0.77552
1.2432
1.5439
1.6579
1.5918
1.3759
1.0577
0.6941
0.34221
0.050754
-0.14676
-0.2363
-0.22434
-0.13568
-0.0082128
0.11426
0.19013
0.18764
0.090748
-0.097667
-0.35594
-0.64699
-0.92435
-1.14
-1.2525
-1.2345
-1.0776
-0.79548
-0.42254
-0.010321
0.37942
0.68357
0.84774
0.83604
0.63911
0.2787
-0.19268
-0.69781
-1.1464
-1.4508
-1.5436
-1.3931
-1.0126
-0.4624
0.15869
0.73025
1.1324
1.2689
1.0871
0.58924
-0.16529
-1.0687
-1.982
-2.758
-3.2661
-3.4139
-3.1628
-2.5331
-1.6001
-0.47918
0.69404
1.7873
2.6926
3.3415
3.7121
3.827
3.7432
3.5362
3.2827
3.0445
2.8577
2.7288
2.6381
2.5481
2.4155
2.204
1.8927
1.4824
0.99544
0.47235
-0.034821
-0.47095
-0.78645
-0.94512
-0.93004
-0.74692
-0.42398
-0.0083237
0.44103
0.86235
1.201
1.4179
1.4949
1.4366
1.2677
1.0274
0.76227
0.51759
0.33075
0.2257
0.21029
0.27643
0.40283
0.55986
0.71553
0.84144
0.91763
0.93528
0.89678
0.81324
0.70015
0.57228
0.43926
0.30316
0.1586
-0.0043479
-0.19527
-0.41784
-0.66503
-0.91675
-1.1408
-1.2979
-1.3492
-1.2665
-1.0406
-0.68729
-0.24836
0.21391
0.62717
0.92272
1.0495
0.98488
0.74015
0.35922
-0.08883
-0.52161
-0.85743
-1.0285
-0.99122
-0.73135
-0.26426
0.37012
1.1157
1.9103
2.695
3.4211
4.0544
4.575
4.9754
5.2557
5.4192
5.4685
5.4029
5.218
4.9078
4.4673
3.896
3.2021
2.404
1.5326
0.6305
-0.24926
-1.0469
-1.7011
-2.1567
-2.3724
-2.3297
-2.0385
-1.5393
-0.90025
-0.20795
0.44583
0.97911
1.3334
1.4827
1.4366
1.236
0.94399
0.63231
0.36792
0.20085
0.15614
0.23079
0.39626
0.60545
0.80304
0.93687
0.96834
0.87994
0.67835
0.39286
0.069317
-0.23903
-0.48187
-0.62131
-0.63857
-0.5367
-0.33889
-0.082849
0.18739
0.43068
0.61688
0.73227
0.7809
0.78154
0.76088
0.74446
0.74795
0.77124
0.79737
0.79705
0.7377
0.59479
0.36212
0.058045
-0.27427
-0.57313
-0.76984
-0.80313
-0.63328
-0.2529
0.30816
0.9851
1.6875
2.3145
2.7719
2.9896
2.9345
2.6167
2.0887
1.4359
0.76217
0.1717
-0.24907
-0.4459
-0.40545
-0.15659
0.2356
0.68178
1.0842
1.354
1.426
1.2713
0.90204
0.37116
-0.23587
-0.81478
-1.2602
-1.4846
-1.4344
-1.1011
-0.52315
0.21961
1.0207
1.766
2.3538
2.7116
2.8075
2.6522
2.2935
1.8047
1.2687
0.7619
0.34115
0.035813
-0.15361
-0.25074
-0.29383
-0.32398
-0.37399
-0.46006
-0.57845
-0.70731
-0.8134
-0.86183
-0.82651
-0.69889
-0.49287
-0.24453
-0.0067319
0.1607
0.20311
0.083091
-0.20993
-0.65496
-1.2007
-1.7732
-2.2881
-2.6663
-2.8484
-2.806
-2.5466
-2.1111
-1.5657
-0.9878
-0.45217
-0.01786
0.28024
0.43475
0.46378
0.40479
0.30591
0.21652
0.17884
0.22161
0.35664
0.5782
0.86504
1.1843
1.4967
1.7626
1.9478
2.0288
1.9967
1.8592
1.6394
1.3724
1.099
0.8575
0.67528
0.56266
0.50975
0.48827
0.45829
0.37855
0.21826
-0.032656
-0.35771
-0.71422
-1.0405
-1.2684
-1.3393
-1.2177
-0.90163
-0.42494
0.14844
0.73665
1.256
1.6369
1.8367
1.8462
1.6892
1.4163
1.0937
0.78946
0.56137
0.44682
0.45752
0.57934
0.77691
1.0019
1.203
1.3362
1.3719
1.3004
1.131
0.88966
0.61238
0.33823
0.10252
-0.068308
-0.15949
-0.16829
-0.10227
0.024006
0.19284
0.38734
0.59441
0.80646
1.0213
1.2398
1.4627
1.6853
1.8938
2.0612
2.1483
2.1062
1.8845
1.4413
0.75624
-0.158
-1.2473
-2.4139
-3.5226
-4.416
-4.9369
-4.9552
-4.3943
-3.2515
-1.6062
0.38444
2.5053
4.5146
6.1809
7.3202
7.8255
7.6822
6.9679
5.8352
4.4814
3.1115
1.9018
0.97106
0.36526
0.058028
-0.034237
-0.026405
-0.034289
-0.1468
-0.4067
-0.80367
-1.2805
-1.7502
-2.119
-2.3099
-2.2808
-2.0341
-1.6153
-1.1022
-0.58767
-0.16007
0.11396
0.2016
0.10815
-0.12678
-0.43979
-0.75839
-1.0165
-1.1676
-1.1923
-1.1002
-0.92476
-0.71358
-0.51653
-0.37379
-0.30707
-0.31553
-0.37706
-0.45459
-0.50559
-0.49271
-0.39303
-0.20392
0.055441
0.34708
0.62102
0.82432
0.91094
0.85055
0.63505
0.28163
-0.16841
-0.65492
-1.108
-1.4596
-1.6554
-1.6661
-1.4932
-1.171
-0.76124
-0.3422
0.00534
0.21359
0.24099
0.080942
-0.23563
-0.64442
-1.0579
-1.3801
-1.5233
-1.4245
-1.0585
-0.44513
0.35108
1.2287
2.065
2.7363
3.1399
3.2132
2.946
2.3838
1.6195
0.77747
-0.0091447
-0.62216
-0.97864
-1.0443
-0.83775
-0.42467
0.095704
0.61005
1.012
1.2211
1.196
0.94026
0.49884
-0.052291
-0.62235
-1.1237
-1.4882
-1.6785
-1.6926
-1.56
-1.3327
-1.0704
-0.82713
-0.63945
-0.52014
-0.45814
-0.42414
-0.38008
-0.29041
-0.1323
0.097412
0.37993
0.67748
0.94073
1.1192
1.1722
1.0785
0.84207
0.49267
0.082053
-0.32499
-0.66182
-0.87162
-0.91713
-0.78679
-0.49631
-0.085896
0.38601
0.85129
1.2416
1.4977
1.5771
1.46
1.1527
0.68673
0.11593
-0.49059
-1.0577
-1.5149
-1.8069
-1.9017
-1.7961
-1.5157
-1.1101
-0.6454
-0.19275
0.18178
0.4265
0.51044
0.42632
0.19063
-0.15897
-0.56818
-0.97205
-1.3022
-1.4945
-1.4974
-1.2796
-0.83533
-0.18858
0.60776
1.476
2.3222
3.0479
3.5637
3.803
3.7324
3.3587
2.7293
1.9254
1.0507
0.21453
-0.48566
-0.97953
-1.2345
-1.2587
-1.0969
-0.81849
-0.50273
-0.22214
-0.029261
0.05125
0.023627
-0.08459
-0.23281
-0.37936
-0.49198
-0.55436
-0.56747
-0.54607
-0.51188
-0.48569
-0.48061
-0.49813
-0.52786
-0.55074
-0.54493
-0.49264
-0.38616
-0.23135
-0.047615
0.13581
0.28637
0.37588
0.38743
0.31976
0.18803
0.020733
-0.14642
-0.27811
-0.34682
-0.33836
-0.25447
-0.11222
0.059408
0.22487
0.34815
0.3988
0.35684
0.21624
-0.013571
-0.30821
-0.63097
-0.93738
-1.1814
-1.3223
-1.3317
-1.1994
-0.93574
-0.57222
-0.15713
0.25096
0.59182
0.81257
0.87585
0.76589
0.49199
0.088723
-0.38695
-0.86187
-1.2556
-1.4916
-1.5093
-1.2756
-0.79425
-0.10989
0.69397
1.5045
2.196
2.6507
2.7802
2.5434
1.9567
1.0928
0.069818
-0.96973
-1.8838
-2.5559
-2.9143
-2.9426
-2.6784
-2.2026
-1.6206
-1.0407
-0.55326
-0.21657
-0.049736
-0.034817
-0.12607
-0.26361
-0.38801
-0.45267
-0.43166
-0.32197
-0.14081
0.080814
0.30622
0.50125
0.64091
0.71355
0.722
0.68159
0.61557
0.54884
0.50149
0.48365
0.49298
0.51559
0.53022
0.51468
0.45299
0.34128
0.19063
0.026231
-0.11746
-0.20426
-0.20482
-0.10415
0.093663
0.36463
0.66801
0.95266
1.1655
1.2601
1.2049
0.98887
0.62424
0.14587
-0.39287
-0.92729
-1.3908
-1.7249
-1.8885
-1.865
-1.6647
-1.3236
-0.89755
-0.45277
-0.055983
0.23554
0.38143
0.36251
0.18188
-0.13679
-0.55275
-1.0129
-1.457
-1.8232
-2.0543
-2.1036
-1.9409
-1.5587
-0.9749
-0.23488
0.59165
1.4169
2.1453
2.6864
2.9685
2.9514
2.6341
2.0575
1.2992
0.46081
-0.34848
-1.0314
-1.5189
-1.7805
-1.8268
-1.7027
-1.4751
-1.2158
-0.98589
-0.82338
-0.73786
-0.71232
-0.7115
-0.69421
-0.62623
-0.49037
-0.29124
-0.053761
0.1838
0.38019
0.50197
0.53214
0.4743
0.35151
0.20023
0.060769
-0.033438
-0.064944
-0.037669
0.02297
0.075371
0.07144
-0.031465
-0.25908
-0.61194
-1.0624
-1.5577
-2.0285
-2.4019
-2.6148
-2.626
-2.425
-2.0334
-1.5027
-0.90493
-0.32109
0.1718
0.51287
0.66658
0.62763
0.42094
0.096929
-0.27733
-0.62935
-0.89334
-1.021
-0.9892
-0.80339
-0.49609
-0.12094
0.25644
0.5691
0.75924
0.78697
0.63662
0.3198
-0.12478
-0.63492
-1.1318
-1.5297
-1.7482
-1.7248
-1.4277
-0.86436
-0.085803
0.81633
1.7203
2.4913
3.0034
3.162
2.9228
2.3032
1.3829
0.29285
-0.80693
-1.7552
-2.4188
-2.7171
-2.6351
-2.2242
-1.5895
-0.86683
-0.19569
0.30747
0.56904
0.56844
0.33717
-0.052154
-0.50376
-0.9196
-1.2187
-1.3514
-1.3057
-1.1057
-0.80244
-0.46049
-0.14292
0.10195
0.24927
0.30041
0.27938
0.22426
0.17573
0.16566
0.20848
0.29743
0.40655
0.49789
0.532
0.47927
0.32896
0.093818
-0.19099
-0.47442
-0.69996
-0.81738
-0.79332
-0.61838
-0.30949
0.092536
0.52945
0.93474
1.2438
1.4039
1.3818
1.1693
0.78495
0.27191
-0.30737
-0.87978
-1.372
-1.7211
-1.8848
-1.8473
-1.6229
-1.2539
-0.8048
-0.35349
0.019593
0.24203
0.25912
0.041526
-0.40967
-1.0608
-1.8468
-2.6758
-3.4377
-4.0162
-4.303
-4.214
-3.7032
-2.7745
-1.4857
0.053354
1.6924
3.2589
4.5816
5.5156
5.9651
5.8982
5.3522
4.4272
3.2681
2.0399
0.90023
-0.025195
-0.65955
-0.98115
-1.019
-0.83959
-0.52831
-0.17062
0.16364
0.4295
0.60865
0.70461
0.73366
0.71442
0.65942
0.57068
0.44009
0.25402
0.00050836
-0.32334
-0.70578
-1.1183
-1.518
-1.8532
-2.0733
-2.1385
-2.029
-1.7514
-1.3397
-0.85253
-0.3642
0.046631
0.31053
0.38006
0.23952
-0.090368
-0.55411
-1.0696
-1.5419
-1.8801
-2.0145
-1.9105
-1.5757
-1.0601
-0.44734
0.1603
0.66063
0.97053
1.0416
0.86911
0.49354
-0.0072007
-0.53191
-0.97498
-1.2463
-1.2882
-1.0876
-0.67868
-0.13864
0.42504
0.89246
1.1516
1.1177
0.74908
0.057147
-0.89166
-1.9814
-3.06
-3.959
-4.5167
-4.6022
-4.1374
-3.1115
-1.588
0.29881
2.3579
4.3635
6.0837
7.3099
7.8854
7.7274
6.8403
5.3175
3.3308
1.1085
-1.0951
-3.0353
-4.511
-5.3932
-5.6416
-5.306
-4.5141
-3.4456
-2.2995
-1.2594
-0.46378
0.013159
0.16835
0.06275
-0.19701
-0.48436
-0.68053
-0.69875
-0.50062
-0.10169
0.43407
1.0094
1.5148
1.8518
1.9529
1.796
1.4086
0.86338
0.26372
-0.27583
-0.65183
-0.79164
-0.66704
-0.29919
0.24596
0.87046
1.463
1.9192
2.1603
2.1463
1.8814
1.4111
0.81252
0.17877
-0.3977
-0.84045
-1.0998
-1.1578
-1.0267
-0.74381
-0.36198
0.059143
0.46184
0.79688
1.0279
1.134
1.1097
0.96462
0.72109
0.41087
0.071275
-0.25947
-0.54705
-0.76538
-0.89991
-0.94918
-0.92452
-0.84793
-0.74861
-0.65885
-0.60981
-0.62759
-0.72983
-0.92285
-1.1995
-1.5377
-1.901
-2.2394
-2.4943
-2.6034
-2.5091
-2.1668
-1.5536
-0.67541
0.42828
1.6837
2.9867
4.2114
5.2246
5.9028
6.151
5.9205
5.2201
4.12
2.7448
1.2561
-0.1723
-1.3819
-2.2554
-2.7339
-2.8229
-2.5864
-2.1296
-1.5755
-1.0397
-0.6103
-0.33418
-0.21458
-0.21745
-0.28518
-0.3536
-0.36813
-0.29572
-0.13044
0.10764
0.37902
0.63493
0.82847
0.92451
0.9067
0.78043
0.5715
0.321
0.077265
-0.1134
-0.21555
-0.21136
-0.10384
0.083999
0.31395
0.54041
0.71958
0.81821
0.82009
0.72887
0.56674
0.36909
0.17651
0.025682
-0.058768
-0.069765
-0.019551
0.062763
0.13748
0.16333
0.10766
-0.044471
-0.2841
-0.57699
-0.86784
-1.0898
-1.178
-1.0839
-0.78849
-0.31014
0.29435
0.93622
1.508
1.901
2.0245
1.8219
1.2834
0.45024
-0.58771
-1.7027
-2.746
-3.569
-4.0461
-4.0951
-3.6921
-2.8784
-1.7564
-0.47513
0.7923
1.877
2.6421
3.0045
2.9477
2.521
1.8273
1.0015
0.18391
-0.50463
-0.98291
-1.2197
-1.234
-1.0853
-0.85661
-0.63454
-0.48976
-0.46308
-0.55927
-0.74967
-0.98262
-1.1987
-1.3469
-1.3977
-1.3494
-1.227
-1.0737
-0.93728
-0.85609
-0.84752
-0.90241
-0.98659
-1.049
-1.0343
-0.89729
-0.6148
-0.19393
0.32665
0.88199
1.392
1.776
1.9689
1.9333
1.6682
1.2097
0.62505
-3.6569e-05
-0.5763
-1.0268
-1.2992
-1.373
-1.2602
-1.0006
-0.65308
-0.28516
0.037407
0.2593
0.34214
0.26844
0.043203
-0.30693
-0.73675
-1.1878
-1.5958
-1.8998
-2.0517
-2.0252
-1.8225
-1.477
-1.0507
-0.62701
-0.29842
-0.15204
-0.25404
-0.6361
-1.286
-2.1442
-3.1073
-4.0389
-4.7866
-5.2031
-5.1689
-4.613
-3.5294
-1.9842
-0.1143
1.8855
3.7848
5.3477
6.3658
6.6907
6.2591
5.1068
3.3671
1.2547
-0.96574
-3.0188
-4.661
-5.7172
-6.1056
-5.8453
-5.0463
-3.8845
-2.5659
-1.2902
-0.21787
0.55102
0.98408
1.1106
1.0044
0.76104
0.47511
0.22157
0.045412
-0.040235
-0.048629
-0.0090816
0.044924
0.086159
0.10036
0.088102
0.061883
0.03976
0.037516
0.061766
0.10604
0.15104
0.16914
0.13196
0.018921
-0.17552
-0.43815
-0.73787
-1.0312
-1.271
-1.4162
-1.4406
-1.3376
-1.1222
-0.82751
-0.49938
-0.18813
0.059741
0.20935
0.24362
0.16681
0.0047653
-0.19839
-0.38714
-0.50427
-0.50217
-0.35384
-0.061752
0.3379
0.77691
1.1636
1.3974
1.3875
1.0723
0.43601
-0.48121
-1.5822
-2.7215
-3.724
-4.4095
-4.6223
-4.2575
-3.283
-1.7504
0.20576
2.3821
4.5314
6.3959
7.7431
8.3985
8.2714
7.368
5.7913
3.7267
1.4157
-0.87825
-2.9072
-4.4725
-5.4503
-5.8042
-5.5836
-4.9084
-3.9438
-2.8697
-1.8522
-1.0202
-0.45259
-0.1753
-0.16823
-0.3785
-0.73624
-1.1692
-1.6135
-2.0185
-2.3482
-2.578
-2.6919
-2.6797
-2.5371
-2.2671
-1.8826
-1.4086
-0.88241
-0.35099
0.13371
0.52211
0.77478
0.86952
0.80608
0.60755
0.31771
-0.0053907
-0.29864
-0.50434
-0.57998
-0.50553
-0.28659
0.046862
0.446
0.85152
1.2033
1.4494
1.5534
1.4994
1.2939
0.96498
0.55955
0.13747
-0.23583
-0.4983
-0.60105
-0.51752
-0.25079
0.16264
0.65422
1.1304
1.4855
1.6187
1.4531
0.95269
0.13469
-0.92587
-2.1012
-3.2254
-4.1166
-4.6041
-4.556
-3.903
-2.6531
-0.89639
1.2041
3.4317
5.5453
7.3124
8.5417
9.1098
8.9781
8.1962
6.8919
5.249
3.4772
1.7782
0.3165
-0.80209
-1.5393
-1.9198
-2.0151
-1.9206
-1.731
-1.5193
-1.3255
-1.1547
-0.98598
-0.78752
-0.53397
-0.22047
0.13044
0.47107
0.73924
0.87422
0.83363
0.60641
0.21848
-0.27064
-0.77932
-1.2206
-1.5205
-1.6328
-1.5484
-1.2964
-0.9374
-0.55112
-0.22035
-0.015018
0.020832
-0.12325
-0.42294
-0.82453
-1.2558
-1.6399
-1.9106
-2.024
-1.9668
-1.758
-1.4442
-1.0897
-0.76277
-0.52198
-0.40365
-0.41472
-0.53168
-0.70621
-0.87639
-0.98117
-0.97476
-0.83744
-0.58039
-0.24313
0.11537
0.42986
0.64257
0.71476
0.63342
0.41259
0.089772
-0.28104
-0.63775
-0.91846
-1.0685
-1.0461
-0.8259
-0.4019
0.21125
0.9779
1.8426
2.7328
3.5648
4.2507
4.7086
4.8729
4.7049
4.1997
3.3905
2.3463
1.1647
-0.040849
-1.156
-2.0822
-2.75
-3.1277
-3.2232
-3.0785
-2.7586
-2.338
-1.886
-1.4566
-1.0824
-0.77443
-0.52693
-0.32486
-0.15215
0.0016868
0.13815
0.24977
0.32328
0.34458
0.30409
0.20108
0.045906
-0.14032
-0.32864
-0.48703
-0.58613
-0.60466
-0.53352
-0.37775
-0.15602
0.10227
0.36177
0.58706
0.74862
0.82789
0.82047
0.73686
0.60031
0.44218
0.29533
0.18689
0.13196
0.12961
0.16255
0.20066
0.20805
0.15215
0.012806
-0.21083
-0.49763
-0.8071
-1.087
-1.2847
-1.3597
-1.2935
-1.0954
-0.80174
-0.46785
-0.15678
0.074346
0.18595
0.16329
0.018115
-0.21491
-0.48576
-0.73841
-0.91981
-0.98724
-0.91282
-0.68547
-0.31087
0.18992
0.78219
1.4195
2.0459
2.5991
3.0159
3.2383
3.2228
2.9484
2.4241
1.6914
0.82162
-0.09216
-0.94921
-1.6573
-2.1487
-2.3921
-2.3983
-2.2173
-1.9275
-1.6192
-1.3753
-1.254
-1.2767
-1.4251
-1.6462
-1.8662
-2.0082
-2.0109
-1.8425
-1.5081
-1.048
-0.52849
-0.02733
0.38272
0.64794
0.74299
0.67395
0.47489
0.1994
-0.090784
-0.33759
-0.49654
-0.54321
-0.47533
-0.31074
-0.081978
0.17128
0.41024
0.60416
0.73521
0.80061
0.81153
0.78921
0.75921
0.74463
0.7599
0.80623
0.86998
0.92438
0.93477
0.86646
0.69393
0.40936
0.028429
-0.40845
-0.84055
-1.1969
-1.4108
-1.4357
-1.259
-0.91045
-0.46159
-0.015667
0.31062
0.41034
0.20956
-0.31426
-1.1228
-2.1187
-3.1585
-4.075
-4.7055
-4.9205
-4.6475
-3.8868
-2.7141
-1.2698
0.2628
1.6874
2.8269
3.5519
3.8004
3.5841
2.9831
2.1278
1.1738
0.27373
-0.44799
-0.91361
-1.1009
-1.0415
-0.8102
-0.50718
-0.23692
-0.087822
-0.11565
-0.33379
-0.71176
-1.1821
-1.6541
-2.0322
-2.2351
-2.212
-1.9526
-1.4896
-0.89216
-0.25252
0.33148
0.77425
1.0172
1.0379
0.85173
0.50699
0.075054
-0.36276
-0.72845
-0.9587
-1.013
-0.87781
-0.56678
-0.11746
0.41464
0.96391
1.4636
1.8547
2.0938
2.1592
2.054
1.8047
1.4576
1.0699
0.7001
0.39727
0.19234
0.092815
0.082306
0.12521
0.17568
0.18915
0.13389
3.9259e-05
-0.19634
-0.41536
-0.60188
-0.69876
-0.66236
-0.47633
-0.16029
0.22921
0.60632
0.8709
0.92803
0.70785
0.18179
-0.62813
-1.6489
-2.7655
-3.837
-4.7189
-5.286
-5.4535
-5.1919
-4.5331
-3.567
-2.4287
-1.2777
-0.27393
0.44749
0.79709
0.74501
0.3252
-0.37074
-1.2094
-2.0383
-2.712
-3.1166
-3.1889
-2.9259
-2.384
-1.667
-0.90592
-0.2344
0.23584
0.43495
0.34671
0.010008
-0.48984
-1.0383
-1.5139
-1.8108
-1.8582
-1.6321
-1.1575
-0.50204
0.23846
0.9581
1.5596
1.9698
2.15
2.0993
1.8515
1.4661
1.016
0.57412
0.20129
-0.062798
-0.20357
-0.23078
-0.17326
-0.070767
0.035392
0.11099
0.13524
0.10384
0.028447
-0.067185
-0.15341
-0.20204
-0.19346
-0.12207
0.00093815
0.1483
0.28088
0.35493
0.33119
0.18424
-0.089812
-0.46907
-0.90635
-1.3351
-1.6802
-1.8721
-1.8622
-1.635
-1.2155
-0.66813
-0.087641
0.41728
0.74407
0.81627
0.59901
0.10734
-0.59439
-1.4015
-2.1847
-2.8094
-3.1559
-3.1378
-2.714
-1.8965
-0.74987
0.61579
2.0572
3.4151
4.5336
5.2802
5.5633
5.3459
4.6514
3.5623
2.2102
0.75794
-0.62235
-1.7733
-2.5742
-2.9575
-2.9177
-2.51
-1.8412
-1.0517
-0.29303
0.29627
0.61253
0.60308
0.27419
-0.31066
-1.0418
-1.7819
-2.3892
-2.7411
-2.7546
-2.4002
-1.7057
-0.75132
0.34461
1.445
2.4159
3.1467
3.5656
3.6476
3.4153
2.9321
2.2894
1.5908
0.93483
0.40117
0.039979
-0.13239
-0.13183
0.00033457
0.20775
0.43102
0.61897
0.73726
0.77296
0.73465
0.6481
0.54882
0.47295
0.44831
0.48752
0.58447
0.71495
0.84157
0.92209
0.91964
0.81282
0.60321
0.3184
0.009036
-0.26015
-0.42394
-0.4323
-0.26452
0.061678
0.48878
0.92692
1.2691
1.4113
1.2737
0.81868
0.062068
-0.92469
-2.0216
-3.0762
-3.9251
-4.4196
-4.4496
-3.9626
-2.9762
-1.5787
0.078844
1.8012
3.3752
4.5991
5.3125
5.4211
4.9124
3.8592
2.4098
0.76542
-0.85149
-2.2329
-3.2184
-3.7194
-3.7305
-3.3258
-2.6402
-1.8413
-1.096
-0.53961
-0.25198
-0.24668
-0.47333
-0.83269
-1.2009
-1.4571
-1.5095
-1.3132
-0.87855
-0.2665
0.42515
1.0826
1.5988
1.8936
1.9278
1.7082
1.2844
0.73738
0.16391
-0.34142
-0.70194
-0.87066
-0.83589
-0.62064
-0.27622
0.12827
0.51858
0.8278
1.0068
1.0309
0.9025
0.6486
0.31504
-0.042331
-0.36767
-0.61469
-0.7543
-0.77932
-0.70529
-0.56749
-0.41469
-0.30041
-0.27356
-0.36979
-0.60543
-0.97505
-1.4532
-1.9999
-2.5675
-3.1094
-3.5852
-3.9642
-4.2254
-4.3548
-4.3417
-4.1764
-3.8484
-3.3486
-2.6729
-1.8279
-0.83641
0.25801
1.3895
2.4724
3.4088
4.0999
4.4608
4.4366
4.015
3.2341
2.1816
0.98471
-0.20775
-1.2491
-2.0191
-2.4443
-2.5097
-2.2597
-1.7882
-1.2187
-0.68013
-0.28152
-0.09211
-0.12932
-0.35769
-0.69824
-1.0465
-1.2951
-1.3564
-1.1809
-0.76647
-0.15877
0.55879
1.2817
1.9048
2.3412
2.5373
2.4806
2.1989
1.7531
1.2238
0.69631
0.24532
-0.076558
-0.24555
-0.26765
-0.17411
-0.012807
0.16258
0.30347
0.37521
0.36247
0.2704
0.12158
-0.050197
-0.20808
-0.32043
-0.36762
-0.34613
-0.26926
-0.16439
-0.067484
-0.015653
-0.039316
-0.15519
-0.36154
-0.63672
-0.94174
-1.2268
-1.441
-1.5435
-1.5132
-1.3556
-1.1025
-0.80619
-0.52675
-0.31718
-0.20873
-0.20095
-0.25936
-0.32167
-0.31149
-0.15663
0.19247
0.74827
1.4794
2.3134
3.1482
3.8706
4.3775
4.5957
4.4961
4.0992
3.4716
2.7128
1.9364
1.249
0.73021
0.42013
0.31376
0.36521
0.49952
0.62971
0.67556
0.58059
0.32373
-0.076179
-0.56413
-1.06
-1.4746
-1.7275
-1.763
-1.5611
-1.1407
-0.55653
0.11189
0.7743
1.3454
1.7587
1.9758
1.9904
1.8265
1.5306
1.1615
0.77851
0.43104
0.15127
-0.048572
-0.17463
-0.24609
-0.28795
-0.32355
-0.36884
-0.42943
-0.50087
-0.57168
-0.62792
-0.65786
-0.65532
-0.62077
-0.56007
-0.48147
-0.39204
-0.29471
-0.18724
-0.063471
0.083363
0.25598
0.44862
0.64408
0.81357
0.9198
0.92332
0.79122
0.50656
0.076645
-0.46227
-1.0454
-1.5857
-1.9863
-2.1559
-2.0257
-1.564
-0.78515
0.24909
1.4358
2.6446
3.7366
4.5834
5.086
5.1876
4.8802
4.2042
3.2414
2.103
0.91366
-0.20375
-1.144
-1.8313
-2.2272
-2.3327
-2.185
-1.8486
-1.4031
-0.92885
-0.49319
-0.14034
0.1142
0.28316
0.40111
0.51362
0.66428
0.8823
1.1736
1.5176
1.87
2.1718
2.3619
2.3906
2.2318
1.8902
1.4026
0.83286
0.26159
-0.22827
-0.56626
-0.70737
-0.6405
-0.39086
-0.015722
0.40574
0.78686
1.0494
1.1386
1.0335
0.75207
0.34846
-0.096715
-0.49133
-0.74951
-0.80857
-0.6417
-0.26395
0.26993
0.87507
1.4518
1.9036
2.1538
2.1588
1.9152
1.4594
0.86104
0.21086
-0.39423
-0.86736
-1.146
-1.2025
-1.0487
-0.73434
-0.33827
0.044718
0.3203
0.41096
0.26956
-0.11179
-0.69921
-1.4209
-2.1766
-2.852
-3.3349
-3.5316
-3.3813
-2.866
-2.0145
-0.89963
0.37036
1.6666
2.8569
3.8238
4.4807
4.7825
4.7305
4.3697
3.7786
3.0551
2.2982
1.5912
0.98863
0.51031
0.14273
-0.1514
-0.41879
-0.69946
-1.0129
-1.3501
-1.6731
-1.9225
-2.0321
-1.9458
-1.6342
-1.106
-0.41152
0.36341
1.1117
1.7247
2.1137
2.2277
2.0643
1.6709
1.1362
0.573
0.096483
-0.19786
-0.252
-0.055618
0.35318
0.89641
1.4722
1.9746
2.314
2.4332
2.3172
1.9943
1.5293
1.0095
0.52758
0.16394
-0.027383
-0.027426
0.14604
0.44361
0.79487
1.1222
1.3554
1.4442
1.3669
1.1339
0.78497
0.38159
-0.0044993
-0.30506
-0.46869
-0.4715
-0.32295
-0.065408
0.23282
0.49
0.62667
0.58179
0.32593
-0.13062
-0.73665
-1.4058
-2.0286
-2.4882
-2.6782
-2.5198
-1.9744
-1.0523
0.18559
1.6336
3.1525
4.5863
5.7829
6.6135
6.991
6.8816
6.3097
5.3548
4.1397
2.8141
1.5335
0.43886
-0.36186
-0.80667
-0.88583
-0.64025
-0.15259
0.46782
1.1036
1.6485
2.0238
2.1893
2.1463
1.9329
1.6124
1.2581
0.93734
0.69866
0.56494
0.53266
0.57733
0.66286
0.7522
0.81646
0.84059
0.82444
0.7793
0.72129
0.66352
0.60931
0.54855
0.45841
0.30851
0.069602
-0.2762
-0.72628
-1.2521
-1.7991
-2.2935
-2.6537
-2.8058
-2.6986
-2.3158
-1.6822
-0.86186
0.050679
0.94514
1.7139
2.2698
2.561
2.5778
2.3526
1.9507
1.4559
0.95337
0.51299
0.17793
-0.040871
-0.16307
-0.2312
-0.29893
-0.41776
-0.62496
-0.93456
-1.3332
-1.7808
-2.2169
-2.5696
-2.7676
-2.7519
-2.485
-1.9566
-1.1847
-0.21141
0.90357
2.0922
3.2865
4.4249
5.4561
6.3389
7.0411
7.5364
7.8024
7.8209
7.5792
7.0742
6.3159
5.3311
4.164
2.8758
1.5415
0.24555
-0.92364
-1.8809
-2.5523
-2.884
-2.8508
-2.4631
-1.7696
-0.85506
0.16859
1.1758
2.0448
2.6761
3.0077
3.0248
2.7618
2.2955
1.7305
1.179
0.73972
0.4792
0.41968
0.53581
0.7609
1.0012
1.1552
1.1343
0.87985
0.37452
-0.35463
-1.2411
-2.1904
-3.0952
-3.8513
-4.3725
-4.6012
-4.5148
-4.1276
-3.4877
-2.6693
-1.7632
-0.86397
-0.058321
0.58504
1.0224
1.2377
1.2409
1.063
0.74872
0.34869
-0.087316
-0.51543
-0.9004
-1.2162
-1.4452
-1.5763
-1.604
-1.5271
-1.3489
-1.0783
-0.73009
-0.32592
0.10658
0.53574
0.92905
1.2571
1.4978
1.6398
1.6846
1.6474
1.5552
1.4432
1.3496
1.3093
1.347
1.472
1.6752
1.9285
2.1889
2.4047
2.5253
2.5109
2.3417
2.023
1.5874
1.0905
0.60315
0.19856
-0.061032
-0.13754
-0.026217
0.24112
0.60024
0.9657
1.2472
1.3679
1.2806
0.97833
0.49712
-0.090731
-0.69055
-1.204
-1.5485
-1.6734
-1.57
-1.273
-0.85388
-0.40803
-0.037113
0.16883
0.14707
-0.12735
-0.6377
-1.3288
-2.1165
-2.9012
-3.5839
-4.0812
-4.3374
-4.3328
-4.0845
-3.6425
-3.0793
-2.4763
-1.9086
-1.4318
-1.0738
-0.83228
-0.67956
-0.57265
-0.46672
-0.32826
-0.1448
0.071234
0.28541
0.45009
0.51696
0.45003
0.23629
-0.10855
-0.54036
-0.99271
-1.3877
-1.6489
-1.7149
-1.5496
-1.1482
-0.53844
0.22469
1.0681
1.9127
2.6852
3.3283
3.8067
4.1091
4.2457
4.2421
4.1327
3.9532
3.735
3.502
3.2695
3.0463
2.8363
2.6415
2.4624
2.2975
2.141
1.9801
1.7944
1.5579
1.2454
0.84034
0.34496
-0.2133
-0.77985
-1.2783
-1.6231
-1.7372
-1.5711
-1.1188
-0.42555
0.41401
1.27
1.9994
2.4738
2.6048
2.3635
1.7881
0.979
0.080291
-0.74646
-1.3527
-1.6306
-1.5333
-1.0833
-0.36859
0.47346
1.2806
1.8944
2.1874
2.0846
1.5753
0.71369
-0.39173
-1.5965
-2.7434
-3.6859
-4.3085
-4.54
-4.3609
-3.8024
-2.9398
-1.881
-0.75145
0.32243
1.2292
1.8859
2.2481
2.3127
2.1161
1.7255
1.2267
0.70952
0.25405
-0.080436
-0.26216
-0.28868
-0.18434
0.0055806
0.22255
0.40329
0.48832
0.43038
0.20222
-0.19655
-0.73492
-1.3495
-1.9489
-2.4232
-2.6601
-2.5638
-2.074
-1.182
0.062032
1.5506
3.1321
4.6323
5.8814
6.741
7.1264
7.0185
6.4652
5.5706
4.475
3.3302
2.2744
1.412
0.80107
0.44944
0.32095
0.3485
0.45178
0.55616
0.60882
0.58914
0.51111
0.41741
0.36653
0.41579
0.60425
0.93965
1.3923
1.8979
2.3681
2.7083
2.8368
2.7038
2.3044
1.6831
0.92882
0.16031
-0.49495
-0.92489
-1.0551
-0.86447
-0.39188
0.2694
0.98715
1.6139
2.0143
2.0905
1.8011
1.1701
0.28276
-0.72977
-1.7141
-2.5227
-3.0404
-3.2039
-3.0125
-2.5255
-1.85
-1.1194
-0.46785
-0.0058534
0.19947
0.13466
-0.16012
-0.60137
-1.0803
-1.4851
-1.7226
-1.7357
-1.5131
-1.0906
-0.54329
0.028815
0.5183
0.82883
0.89099
0.67358
0.18914
-0.50675
-1.3222
-2.1407
-2.8375
-3.297
-3.4312
-3.1941
-2.5909
-1.6792
-0.56158
0.6306
1.7576
2.6937
3.3462
3.6675
3.6583
3.3612
2.8478
2.2009
1.4989
0.80237
0.14812
-0.44986
-0.99369
-1.491
-1.9439
-2.3396
-2.6472
-2.8199
-2.8037
-2.5508
-2.0347
-1.2632
-0.28566
0.80793
1.897
2.8485
3.5395
3.8805
3.8328
3.4185
2.717
1.8516
0.96581
0.1964
-0.35252
-0.62797
-0.63547
-0.43377
-0.11831
0.20259
0.43347
0.51338
0.42888
0.2155
-0.052182
-0.27934
-0.37386
-0.26833
0.063913
0.60186
1.2801
2.0011
2.6542
3.136
3.3697
3.3183
2.9903
2.4367
1.7409
1.0036
0.32562
-0.209
-0.54541
-0.66576
-0.59046
-0.37318
-0.090854
0.16987
0.32724
0.31823
0.10951
-0.29573
-0.85596
-1.4948
-2.11
-2.586
-2.8106
-2.6922
-2.1762
-1.2581
0.010116
1.5211
3.1224
4.6348
5.8779
6.6971
6.9889
6.7189
5.929
4.732
3.2932
1.8042
0.45119
-0.61449
-1.2982
-1.573
-1.4773
-1.1009
-0.56151
0.02192
0.5534
0.9771
1.2832
1.5019
1.6876
1.8974
2.1702
2.512
2.8905
3.2418
3.4855
3.5462
3.3736
2.9584
2.3368
1.5854
0.80552
0.10172
-0.44076
-0.77356
-0.89407
-0.84348
-0.69449
-0.53177
-0.42984
-0.43363
-0.54629
-0.72721
-0.90079
-0.97422
-0.86018
-0.49954
0.12131
0.9624
1.9335
2.9083
3.7469
4.3213
4.54
4.365
3.8192
2.9824
1.9772
0.94743
0.0342
-0.64708
-1.024
-1.0768
-0.83939
-0.39199
0.15332
0.67078
1.0407
1.1674
0.994
0.51123
-0.23941
-1.1688
-2.1498
-3.0311
-3.6568
-3.8866
-3.617
-2.7999
-1.4559
0.32029
2.3638
4.4539
6.3389
7.7678
8.5257
8.4678
7.5445
5.8142
3.4394
0.66607
-2.2101
-4.8863
-7.0955
-8.6428
-9.4291
-9.4567
-8.8183
-7.6707
-6.2013
-4.5931
-2.9974
-1.518
-0.2093
0.91386
1.8592
2.6386
3.2544
3.6933
3.9297
3.9365
3.6994
3.2311
2.5792
1.8262
1.0802
0.45753
0.061042
-0.04123
0.16727
0.64399
1.2908
1.969
2.5229
2.8094
2.7252
2.2291
1.3527
0.19763
-1.0809
-2.3008
-3.2847
-3.892
-4.0426
-3.7305
-3.0228
-2.0461
-0.96227
0.061299
0.88072
1.3989
1.5789
1.4444
1.0698
0.56084
0.031365
-0.41922
-0.72321
-0.85378
-0.82511
-0.68443
-0.49851
-0.33773
-0.26105
-0.30429
-0.47343
-0.7434
-1.0623
-1.3602
-1.561
-1.5958
-1.4162
-1.0042
-0.3782
0.40755
1.2698
2.1088
2.824
3.3309
3.5746
3.539
3.2486
2.764
2.1703
1.5622
1.0269
0.62905
0.39971
0.33235
0.38585
0.49458
0.58379
0.58718
0.46339
0.20775
-0.14352
-0.51833
-0.82241
-0.95934
-0.85272
-0.46565
0.1871
1.037
1.9709
2.8494
3.5314
3.9003
3.886
3.4799
2.7386
1.7762
0.7453
-0.18807
-0.87355
-1.2023
-1.1257
-0.66345
0.099982
1.0306
1.9677
2.7513
3.2486
3.3751
3.1072
2.4845
1.6009
0.58715
-0.41137
-1.2594
-1.853
-2.135
-2.1009
-1.7962
-1.3035
-0.72456
-0.15927
0.31297
0.64621
0.83237
0.8968
0.88656
0.85468
0.84452
0.87805
0.95073
1.0338
1.0832
1.052
0.90431
0.6261
0.23142
-0.2373
-0.71532
-1.1264
-1.3968
-1.469
-1.314
-0.93759
-0.38094
0.28608
0.97728
1.6058
2.1003
2.4168
2.5461
2.512
2.3639
2.1635
1.9698
1.8258
1.7496
1.7321
1.7412
1.7305
1.6511
1.4627
1.1422
0.68932
0.12738
-0.49907
-1.1295
-1.6946
-2.125
-2.3604
-2.3585
-2.1025
-1.6055
-0.91245
-0.096214
0.7497
1.5227
2.1252
2.4791
2.5387
2.2999
1.8031
1.1292
0.38855
-0.29636
-0.81037
-1.0654
-1.0161
-0.66773
-0.076232
0.66156
1.4246
2.0884
2.5467
2.728
2.6073
2.2067
1.5897
0.8464
0.076646
-0.62875
-1.2028
-1.6113
-1.8548
-1.9625
-1.9802
-1.9556
-1.9235
-1.8955
-1.8573
-1.7731
-1.5982
-1.2949
-0.84871
-0.27999
0.35268
0.95852
1.4296
1.6617
1.5773
1.144
0.3869
-0.61074
-1.7169
-2.7699
-3.6042
-4.0772
-4.0935
-3.6216
-2.6996
-1.4299
0.037984
1.5308
2.8786
3.9394
4.6173
4.8721
4.7198
4.2243
3.484
2.6143
1.7304
0.93092
0.28565
-0.17241
-0.44836
-0.5807
-0.63068
-0.66767
-0.75313
-0.92633
-1.1948
-1.5314
-1.8796
-2.165
-2.3115
-2.2584
-1.9745
-1.466
-0.77749
0.015997
0.82147
1.544
2.1024
2.4414
2.5391
2.4091
2.0958
1.6663
1.1982
0.76753
0.43637
0.24444
0.20416
0.30065
0.49648
0.74006
0.97632
1.1577
1.2534
1.2552
1.1786
1.0593
0.9444
0.88202
0.90938
1.0432
1.2743
1.5673
1.8664
2.1062
2.2247
2.1764
1.9426
1.5365
1.001
0.40147
-0.18628
-0.68995
-1.0532
-1.2443
-1.2586
-1.1159
-0.8524
-0.51114
-0.13235
0.25268
0.62367
0.9696
1.2843
1.5621
1.7948
1.9718
2.0831
2.1234
2.0969
2.0184
1.9128
1.8092
1.7346
1.7058
1.7235
1.7714
1.8184
1.8265
1.7608
1.5993
1.3396
0.99995
0.61478
0.22506
-0.13292
-0.43708
-0.68432
-0.88888
-1.0749
-1.2654
-1.471
-1.6828
-1.8703
-1.9873
-1.9827
-1.8143
-1.4613
-0.93265
-0.26824
0.46655
1.192
1.8279
2.3079
2.5905
2.6657
2.5559
2.3104
1.9962
1.6839
1.4348
1.2883
1.2548
1.3143
1.4207
1.5132
1.5303
1.4245
1.1748
0.79289
0.32294
-0.16631
-0.59474
-0.88675
-0.98679
-0.87119
-0.55429
-0.087519
0.4483
0.95651
1.3416
1.5272
1.4711
1.175
0.68673
0.09267
-0.49672
-0.96776
-1.2261
-1.2168
-0.93742
-0.44148
0.16915
0.76171
1.1966
1.3538
1.156
0.58517
-0.31148
-1.4264
-2.6075
-3.6821
-4.4847
-4.8833
-4.8009
-4.2258
-3.2107
-1.8604
-0.31069
1.2953
2.8292
4.1921
5.3213
6.188
6.7885
7.1334
7.238
7.1163
6.7792
6.2365
5.501
4.5931
3.5434
2.3942
1.1985
0.017748
-1.0811
-2.0302
-2.7655
-3.2329
-3.3944
-3.2342
-2.7641
-2.0252
-1.0868
-0.040335
1.0106
1.9624
2.7253
3.2342
3.4574
3.4006
3.1047
2.6394
2.0916
1.5517
1.0989
0.78832
0.64293
0.6511
0.77093
0.94041
1.0917
1.1661
1.1278
0.97107
0.7216
0.43017
0.16038
-0.02656
-0.086609
-0.0039945
0.20384
0.48848
0.77958
0.99887
1.0765
0.9662
0.65672
0.17646
-0.40926
-1.0085
-1.5189
-1.8468
-1.9261
-1.7328
-1.2924
-0.67816
0.0007914
0.61783
1.0518
1.2092
1.0419
0.55627
-0.18667
-1.081
-1.9929
-2.7812
-3.3196
-3.5154
-3.3221
-2.745
-1.8382
-0.69544
0.56472
1.8155
2.9381
3.8348
4.4389
4.719
4.6797
4.3573
3.8129
3.123
2.3683
1.6227
0.94345
0.36466
-0.10483
-0.47801
-0.7813
-1.0427
-1.2795
-1.4882
-1.6412
-1.6897
-1.5758
-1.2482
-0.68062
0.11406
1.0773
2.1089
3.0805
3.8578
4.3246
4.4051
4.0789
3.3854
2.4183
1.3091
0.20578
-0.75054
-1.4462
-1.8095
-1.8173
-1.4942
-0.90477
-0.14114
0.69105
1.4873
2.157
2.6337
2.8808
2.8942
2.6993
2.3455
1.896
1.4175
0.96846
0.5907
0.30367
0.10424
-0.029024
-0.12756
-0.22259
-0.33534
-0.47025
-0.61288
-0.73358
-0.79617
-0.76989
-0.64159
-0.4247
-0.16199
0.079422
0.2207
0.18903
-0.063551
-0.54485
-1.2149
-1.9889
-2.7496
-3.3693
-3.7341
-3.7677
-3.4477
-2.8108
-1.9457
-0.9752
-0.030393
0.77488
1.365
1.7134
1.8411
1.8048
1.6781
1.5306
1.4115
1.3406
1.308
1.281
1.2165
1.073
0.82144
0.45172
-0.024932
-0.5771
-1.1571
-1.7066
-2.1635
-2.4694
-2.5773
-2.4586
-2.1087
-1.5499
-0.83094
-0.022622
0.79102
1.5237
2.0987
2.46
2.579
2.4582
2.1288
1.6456
1.0779
0.4995
-0.021033
-0.42946
-0.69177
-0.79715
-0.7574
-0.60303
-0.37684
-0.12594
0.1064
0.28769
0.40077
0.44528
0.43576
0.39677
0.35601
0.3368
0.35122
0.39559
0.44924
0.47725
0.43711
0.28829
0.003148
-0.42308
-0.96564
-1.569
-2.1521
-2.6205
-2.8827
-2.869
-2.5483
-1.9393
-1.1124
-0.18217
0.70952
1.4168
1.8148
1.8227
1.4188
0.64675
-0.38969
-1.5416
-2.6375
-3.5103
-4.0231
-4.0904
-3.6909
-2.8691
-1.7265
-0.40334
0.94471
2.1705
3.1557
3.8235
4.1438
4.1289
3.8242
3.2949
2.6133
1.8481
1.0578
0.2876
-0.43019
-1.0742
-1.6313
-2.0937
-2.456
-2.7137
-2.8609
-2.8907
-2.7956
-2.57
-2.2139
-1.7361
-1.1572
-0.51043
0.16061
0.8058
1.3748
1.8235
2.1195
2.2459
2.2032
2.0087
1.6946
1.3043
0.88786
0.49611
0.17419
-0.044375
-0.14243
-0.12167
-0.0021786
0.18132
0.38579
0.56791
0.69235
0.73848
0.7044
0.60694
0.47778
0.35601
0.27865
0.27108
0.33948
0.46734
0.61701
0.73676
0.77211
0.67924
0.43769
0.059004
-0.41113
-0.89871
-1.3147
-1.5735
-1.6125
-1.4081
-0.98504
-0.41515
0.19354
0.71558
1.031
1.0479
0.72023
0.057967
-0.872
-1.9546
-3.0433
-3.9822
-4.6306
-4.8845
-4.6936
-4.0681
-3.0763
-1.8325
-0.47746
0.84292
1.999
2.8929
3.4678
3.709
3.6387
3.3061
2.7761
2.1181
1.3971
0.66766
-0.028997
-0.66521
-1.2253
-1.7023
-2.0941
-2.3994
-2.6143
-2.7302
-2.7346
-2.6129
-2.3538
-1.9545
-1.4252
-0.7915
-0.094409
0.61386
1.2757
1.8351
2.2448
2.472
2.5021
2.3414
2.0166
1.5729
1.0686
0.56931
0.13879
-0.16915
-0.31847
-0.29627
-0.11488
0.18996
0.56449
0.94534
1.2695
1.4845
1.5565
1.4759
1.2586
0.94284
0.58248
0.23712
-0.038812
-0.20628
-0.24932
-0.17881
-0.03137
0.13659
0.25907
0.27335
0.13349
-0.17803
-0.64301
-1.2065
-1.783
-2.2701
-2.5668
-2.5945
-2.3155
-1.7457
-0.95739
-0.071372
0.76126
1.3846
1.6658
1.5206
0.93086
-0.048418
-1.2946
-2.6345
-3.8703
-4.8103
-5.2992
-5.2423
-4.6201
-3.4911
-1.9823
-0.26967
1.4468
2.9706
4.1331
4.8134
4.9508
4.549
3.6731
2.439
0.9965
-0.49002
-1.8637
-2.9948
-3.7951
-4.2268
-4.3022
-4.0759
-3.632
-3.0664
-2.4706
-1.9172
-1.451
-1.0855
-0.80732
-0.58413
-0.37653
-0.14964
0.11757
0.42718
0.76205
1.09
1.3709
1.5655
1.6438
1.5915
1.4141
1.1368
0.80129
0.45905
0.16258
-0.043811
-0.13213
-0.095936
0.048216
0.26358
0.49974
0.7017
0.81985
0.81896
0.68464
0.42608
0.074721
-0.32078
-0.70235
-1.0117
-1.1992
-1.2317
-1.0974
-0.80843
-0.39994
0.073886
0.54632
0.94698
1.2121
1.2949
1.1746
0.86263
0.40308
-0.13163
-0.6517
-1.0654
-1.2967
-1.3012
-1.0775
-0.66992
-0.16289
0.33328
0.70215
0.84255
0.68767
0.21824
-0.53256
-1.4834
-2.5175
-3.5016
-4.3077
-4.834
-5.0198
-4.8524
-4.364
-3.62
-2.7008
-1.6838
-0.62873
0.42836
1.4723
2.4979
3.4954
4.4369
5.2695
5.9173
6.2936
6.3199
5.9471
5.1727
4.049
2.6792
1.2014
-0.23387
-1.4896
-2.4635
-3.1015
-3.4001
-3.399
-3.1668
-2.7838
-2.3258
-1.8534
-1.4061
-1.0033
-0.64886
-0.33737
-0.060453
0.18887
0.41362
0.61205
0.77815
0.90302
0.97693
0.99197
0.94483
0.83922
0.68715
0.50848
0.32843
0.17353
0.06665
0.022315
0.043381
0.1199
0.23057
0.34654
0.43703
0.47558
0.44585
0.34567
0.18846
0.0015259
-0.17853
-0.31271
-0.36747
-0.3221
-0.17437
0.0569
0.33289
0.59966
0.79651
0.86657
0.76813
0.48458
0.030953
-0.54484
-1.167
-1.7427
-2.1784
-2.3966
-2.3523
-2.0431
-1.5121
-0.84084
-0.13511
0.49481
0.95451
1.1826
1.1615
0.91894
0.52261
0.066468
-0.34616
-0.62076
-0.68746
-0.51185
-0.098888
0.51066
1.2504
2.0427
2.8147
3.5106
4.1001
4.5787
4.9612
5.271
5.5275
5.7358
5.8821
5.935
5.8543
5.6016
5.1533
4.5082
3.6908
2.7483
1.7422
0.73858
-0.20105
-1.0261
-1.6991
-2.1948
-2.498
-2.6009
-2.5032
-2.2137
-1.7529
-1.156
-0.47238
0.23665
0.90501
1.4702
1.8821
2.11
2.1465
2.0071
1.7275
1.3571
0.95208
0.56794
0.25231
0.039481
-0.053287
-0.027163
0.099246
0.29316
0.51271
0.71329
0.85413
0.9045
0.84837
0.68707
0.43932
0.13862
-0.17178
-0.44567
-0.64139
-0.72887
-0.6952
-0.54766
-0.31378
-0.0383
0.22297
0.41144
0.47545
0.3797
0.11314
-0.3066
-0.83322
-1.3971
-1.9154
-2.3058
-2.5011
-2.4622
-2.1864
-1.7082
-1.0937
-0.42779
0.20193
0.72088
1.0801
1.2624
1.2821
1.1776
1.0006
0.80363
0.62891
0.5018
0.42897
0.4023
0.4068
0.43028
0.47217
0.54844
0.69103
0.94126
1.3382
1.9049
2.635
3.4853
4.3753
5.196
5.8271
6.1598
6.1188
5.6794
4.8751
3.7923
2.555
1.3005
0.1558
-0.78416
-1.4678
-1.8886
-2.0766
-2.0842
-1.9693
-1.7819
-1.5553
-1.3049
-1.0328
-0.73557
-0.41234
-0.070816
0.27124
0.58828
0.85207
1.0376
1.1284
1.1191
1.0168
0.83987
0.6149
0.37372
0.14951
-0.026937
-0.13071
-0.14574
-0.066992
0.09848
0.33178
0.60391
0.87883
1.1178
1.2844
1.3496
1.2962
1.1224
0.8429
0.48794
0.10014
-0.27091
-0.57527
-0.76986
-0.82519
-0.7306
-0.49711
-0.15717
0.2391
0.63095
0.95641
1.1628
1.2162
1.1084
0.85858
0.51028
0.12287
-0.24033
-0.52462
-0.69421
-0.73759
-0.66701
-0.51237
-0.31161
-0.10061
0.094824
0.26277
0.40445
0.52965
0.6502
0.77376
0.89984
1.0194
1.1181
1.1823
1.2063
1.1973
1.1778
1.1829
1.2527
1.4216
1.7076
2.1024
2.5677
3.0379
3.4295
3.6564
3.648
3.3658
2.8137
2.041
1.1345
0.20258
-0.6457
-1.3214
-1.7718
-1.9877
-2.001
-1.8725
-1.6747
-1.4738
-1.3146
-1.2128
-1.156
-1.1111
-1.0377
-0.90165
-0.68491
-0.39114
-0.044106
0.31867
0.65508
0.92762
1.1104
1.1931
1.1807
1.0916
0.9524
0.79307
0.64131
0.51832
0.4356
0.39371
0.38274
0.38472
0.37739
0.3389
0.25247
0.11035
-0.083831
-0.31463
-0.55657
-0.7778
-0.94516
-1.0298
-1.0127
-0.88831
-0.66765
-0.37769
-0.059233
0.23801
0.46222
0.56749
0.52214
0.31576
-0.036362
-0.49268
-0.98964
-1.4506
-1.7982
-1.9689
-1.9252
-1.6645
-1.2212
-0.66108
-0.069964
0.46209
0.85675
1.0606
1.0529
0.84711
0.48658
0.035558
-0.43178
-0.84278
-1.1364
-1.2706
-1.2267
-1.0102
-0.64799
-0.18425
0.3267
0.82722
1.2633
1.5906
1.7785
1.813
1.6965
1.4466
1.0928
0.67273
0.22753
-0.20182
-0.57838
-0.87259
-1.0654
-1.1509
-1.1384
-1.0519
-0.92823
-0.81111
-0.74323
-0.7569
-0.86558
-1.0584
-1.2998
-1.5343
-1.6971
-1.727
-1.5797
-1.238
-0.71606
-0.058224
0.6686
1.3861
2.0169
2.4965
2.7813
2.8543
2.7259
2.4314
2.0254
1.5733
1.1418
0.78898
0.55535
0.45799
0.4881
0.61304
0.78261
0.93855
1.0257
1.0029
0.85096
0.5771
0.21393
-0.18641
-0.56187
-0.85221
-1.0104
-1.0116
-0.85842
-0.58105
-0.233
0.1173
0.3977
0.54453
0.51407
0.29135
-0.10522
-0.62479
-1.1908
-1.7127
-2.1016
-2.2863
-2.2274
-1.9258
-1.4233
-0.79629
-0.14099
0.4439
0.87564
1.1022
1.1108
0.92935
0.6197
0.26597
-0.041295
-0.22143
-0.21798
-0.0085611
0.39126
0.93079
1.533
2.1076
2.5662
2.8363
2.8726
2.6636
2.2324
1.6328
0.94027
0.24052
-0.38333
-0.86263
-1.1523
-1.236
-1.1263
-0.86127
-0.49747
-0.10136
0.25951
0.52485
0.64891
0.60629
0.39573
0.041557
-0.40828
-0.88756
-1.3207
-1.6341
-1.7683
-1.6884
-1.3911
-0.90571
-0.28964
0.38126
1.0253
1.568
1.9523
2.1462
2.1445
1.968
1.6581
1.2701
0.86492
0.50061
0.22445
0.066586
0.035834
0.1186
0.28116
0.47523
0.64633
0.74343
0.72847
0.58371
0.31556
-0.046238
-0.45393
-0.85072
-1.1814
-1.4023
-1.4888
-1.4383
-1.2689
-1.0144
-0.71668
-0.41774
-0.15305
0.053249
0.1901
0.25881
0.27034
0.2415
0.19094
0.13577
0.089149
0.059031
0.048075
0.054394
0.072871
0.096692
0.11881
0.13311
0.13522
0.12289
0.096086
0.056723
0.0083482
-0.044366
-0.096165
-0.14179
-0.17655
-0.19681
-0.20045
-0.18707
-0.15808
-0.1165
-0.066645
-0.013536
0.037704
0.082478
0.11724
0.13983
0.14962
0.14742
0.13518
0.11559
0.091638
0.066203
0.041711
0.019938
0.0019314
-0.011953
-0.021919
-0.028548
-0.032598
-0.034825
-0.035826
-0.035951
-0.035264
-0.033566
-0.030476
-0.025544
-0.018391
-0.0088382
0.0029919
0.016629
0.031272
0.045864
0.059234
0.070248
0.07797
0.081787
0.081473
0.07719
0.069419
0.058849
0.04624
0.032305
0.017634
0.0026745
-0.012231
-0.026752
-0.040474
-0.052799
-0.062916
-0.069819
-0.072416
-0.069694
-0.060926
-0.045871
-0.024928
0.00079217
0.02952
0.058989
0.086696
0.11022
0.12755
0.13732
0.13898
0.1328
0.11974
0.10125
0.079024
0.054716
0.029798
0.0054631
-0.017371
-0.038002
-0.055857
-0.070429
-0.081249
-0.0879
-0.090073
-0.087634
-0.080688
-0.069618
-0.055087
-0.038009
-0.019478
-0.00068462
0.017177
0.033
0.045842
0.054993
0.060018
0.060802
0.057574
0.050926
0.041797
0.031436
0.021298
0.012894
0.0075872
0.0063612
0.0096097
0.016988
0.027377
0.038996
0.049653
0.057114
0.059522
0.055777
0.045798
0.0306
0.012168
-0.006858
-0.023618
-0.035497
-0.04054
-0.037737
-0.027133
-0.0097682
0.012526
0.037431
0.062471
0.08531
0.10398
0.11703
0.12356
0.1232
0.1161
0.10281
0.084269
0.061677
0.036456
0.010152
-0.015675
-0.039562
-0.060244
-0.076738
-0.088381
-0.094839
-0.096066
-0.092268
-0.083848
-0.071382
-0.055609
-0.037429
-0.017906
0.0017635
0.020305
0.036467
0.04915
0.057539
0.061216
0.060222
0.055041
0.04652
0.035706
0.023659
0.011267
-0.00088513
-0.012569
-0.023858
-0.034993
-0.046206
-0.057544
-0.068753
-0.079245
-0.08817
-0.094548
-0.09746
-0.096217
-0.090498
-0.080414
-0.066494
-0.049615
-0.030881
-0.011494
0.0073787
0.024699
0.039621
0.051521
0.059992
0.064817
0.065942
0.063442
0.057507
0.048437
0.036651
0.022706
0.007304
-0.0087135
-0.024403
-0.038783
-0.050921
-0.060038
-0.065606
-0.067423
-0.065638
-0.060736
-0.053463
-0.0447
-0.03533
-0.026096
-0.017493
-0.0097198
-0.0026856
0.0039189
0.010508
0.017469
0.025041
0.033224
0.04174
0.050051
0.057418
0.063018
0.066056
0.065896
0.06216
0.054786
0.04405
0.03054
0.01509
-0.0013046
-0.017586
-0.032727
-0.045815
-0.056112
-0.063105
-0.066523
-0.066346
-0.062795
-0.056299
-0.047463
-0.03701
-0.025727
-0.014396
-0.0037252
0.005708
0.013509
0.019492
0.023678
0.026263
0.027558
0.027912
0.02763
0.026908
0.025791
0.024179
0.021867
0.018616
0.014241
0.0086837
0.0020567
-0.0053547
-0.01313
-0.020781
-0.027831
-0.03388
-0.038658
-0.042028
-0.04398
-0.044589
-0.043971
-0.042248
-0.039528
-0.0359
-0.031457
-0.02632
-0.02067
-0.014759
-0.0089106
-0.003491
0.0011326
0.0046455
0.0068359
0.0076314
0.0071125
0.0054986
0.0031083
0.00030213
-0.0025816
-0.0052843
-0.007666
-0.0097188
-0.01155
-0.013343
-0.015291
-0.017538
-0.020113
-0.022897
-0.025613
-0.027857
-0.029154
-0.029042
-0.027161
-0.023331
-0.017613
-0.010321
-0.0020108
0.0065859
0.01465
0.021383
0.026109
0.028368
0.027965
0.024991
0.019809
0.013
0.0053049
-0.0024571
-0.0094665
-0.014983
-0.018418
-0.0194
-0.017819
-0.013852
-0.0079528
-0.00080775
0.006752
0.013867
0.01978
0.02396
0.026186
0.026574
0.025543
0.02371
0.021757
0.020275
0.01965
0.019983
0.021087
0.022546
0.023821
0.024382
0.023831
0.021993
0.018961
0.015083
0.010888
0.0069905
0.0039683
0.0022525
0.0020484
0.003302
0.0057157
0.0088112
0.012022
0.014794
0.016682
0.017409
0.0169
0.015272
0.012802
0.0098721
0.0069132
0.004347
0.0025367
0.0017436
0.002093
0.0035488
0.0059038
0.0087893
0.011711
0.01411
0.015453
0.015325
0.013526
0.010136
0.0055471
0.00042645
-0.0043633
-0.0078972
-0.0093446
-0.0081218
-0.0040145
0.002759
0.011556
0.021391
0.031081
0.039424
0.045377
0.048211
0.0476
0.043647
0.036837
0.027941
0.01788
0.0076024
-0.002032
-0.010329
-0.016797
-0.021155
-0.02332
-0.023372
-0.021533
-0.018133
-0.013582
-0.0083373
-0.0028743
0.002353
0.0069446
0.010587
0.013077
0.014341
0.014436
0.01354
0.011934
0.0099632
0.0079959
0.0063723
0.0053585
0.0051084
0.0056405
0.0068357
0.0084546
0.010173
0.011629
0.012476
0.012437
0.011343
0.0091682
0.0060414
0.0022373
-0.0018563
-0.0057918
-0.0091302
-0.011512
-0.012719
-0.012711
-0.011637
-0.0098055
-0.0076342
-0.0055763
-0.0040438
-0.0033396
-0.0036124
-0.0048396
-0.0068418
-0.0093235
-0.011932
-0.014321
-0.016207
-0.017408
-0.017863
-0.017616
-0.016798
-0.015587
-0.014166
-0.012696
-0.011287
-0.0099947
-0.0088135
-0.0076952
-0.0065646
-0.0053428
-0.0039686
-0.0024142
-0.00069332
0.0011404
0.003003
0.0047946
0.0064131
0.0077645
0.0087655
0.0093416
0.0094209
0.0089306
0.0077988
0.0059632
0.0033874
8.1367e-05
-0.003878
-0.0083291
-0.013016
-0.01759
-0.021627
-0.02466
-0.026229
-0.025948
-0.023569
-0.019052
-0.012605
-0.0046998
0.0039547
0.012489
0.019985
0.025609
0.028748
0.029123
0.02684
0.022389
0.016566
0.010355
0.004756
0.00063348
-0.0014266
-0.0012011
0.0011463
0.0051076
0.0099281
0.014741
0.018717
0.021194
0.021778
0.020395
0.017278
0.012916
0.0079598
0.0031084
-0.0010027
-0.0038961
-0.0053178
-0.0052636
-0.0039652
-0.0018396
0.00059061
0.0027916
0.0043118
0.0048589
0.0043458
0.0028991
0.00082962
-0.0014302
-0.0034071
-0.0046729
-0.0049199
-0.0040144
-0.0020191
0.00081515
0.0040888
0.0073157
0.01
0.011715
0.012171
0.011263
0.0090873
0.0059258
0.0022031
-0.0015802
-0.0049243
-0.0074028
-0.008721
-0.0087478
-0.0075191
-0.0052129
-0.0021046
0.0014865
0.0052484
0.0089142
