0.0017703
-0.0081737
-0.01693
-0.023598
-0.02747
-0.028205
-0.025986
-0.02131
-0.014903
-0.0077862
-0.00095244
0.0048433
0.0090169
0.011246
0.011572
0.010364
0.0081389
0.0054998
0.00303
0.0011681
0.0001259
-8.8425e-05
0.00042454
0.0013927
0.0023949
0.0031285
0.0033333
0.0029361
0.0021311
0.0011507
0.00025159
-0.0002971
-0.00036572
0.00011966
0.0011413
0.0024556
0.0036889
0.0045373
0.0047949
0.0043092
0.0030713
0.0012524
-0.00081223
-0.002766
-0.0042975
-0.0050763
-0.0048852
-0.0037154
-0.0017366
0.00076411
0.003382
0.0056267
0.0070962
0.0075123
0.0066843
0.0046196
0.0015626
-0.0022171
-0.006349
-0.010366
-0.013901
-0.016726
-0.018661
-0.019644
-0.01967
-0.018875
-0.017469
-0.015654
-0.013622
-0.011598
-0.0097729
-0.0082619
-0.0072051
-0.0066786
-0.0066322
-0.0069714
-0.0075796
-0.0082692
-0.0088245
-0.0090236
-0.0086756
-0.0076824
-0.0059958
-0.0036944
-0.00097695
0.0019259
0.0047422
0.0072165
0.0091279
0.010329
0.010772
0.010473
0.009554
0.0081432
0.0063437
0.0043396
0.0022671
0.00017249
-0.0018684
-0.0037524
-0.0054398
-0.0068312
-0.0078693
-0.0085761
-0.0088896
-0.0088169
-0.0084227
-0.0077329
-0.0067282
-0.0055954
-0.0044434
-0.0032296
-0.0020968
-0.0011005
-0.00032065
0.00014908
0.00024261
-0.00015464
-0.001085
-0.0025509
-0.0045211
-0.0067713
-0.0090999
-0.011369
-0.013244
-0.014476
-0.014961
-0.014579
-0.013379
-0.011537
-0.009178
-0.0064606
-0.0036507
-0.00098829
0.0013908
0.0033226
0.0046938
0.0054453
0.0055153
0.0049241
0.0037126
0.0019315
-0.00028492
-0.0026905
-0.0050615
-0.0072274
-0.008965
-0.010092
-0.010479
-0.010094
-0.0090577
-0.0074704
-0.0054189
-0.0031286
-0.00087648
0.0013044
0.0033176
0.0048482
0.0058626
0.0065112
0.0068359
0.0067192
0.0060979
0.0049599
0.003373
0.001343
-0.0011146
-0.0037349
-0.0062542
-0.0085534
-0.010469
-0.011735
-0.012253
-0.01215
-0.011536
-0.010584
-0.0095405
-0.0086391
-0.0081108
-0.0079378
-0.0080308
-0.0085247
-0.0092642
-0.0099437
-0.010392
-0.010527
-0.010237
-0.0094408
-0.0080724
-0.0061173
-0.0037656
-0.0011554
0.0015818
0.0042277
0.0065293
0.008231
0.0091026
0.0089671
0.0077487
0.0055373
0.0025645
-0.00086274
-0.0043713
-0.0075031
-0.0097828
-0.0109
-0.010765
-0.0094319
-0.0071454
-0.0043475
-0.0015414
0.00080925
0.0023338
0.0027757
0.0020901
0.00044318
-0.0018157
-0.0042489
-0.006424
-0.0079049
-0.0084071
-0.0078439
-0.0062808
-0.0039937
-0.0013694
0.0012095
0.0033739
0.0048571
0.0054331
0.0050469
0.0040246
0.0025904
0.00092622
-0.00059762
-0.0017532
-0.0024199
-0.002563
-0.002266
-0.0016815
-0.0010291
-0.00053937
-0.00040258
-0.00073176
-0.0015497
-0.0027619
-0.004164
-0.0054763
-0.0063774
-0.0065822
-0.0058986
-0.0043289
-0.0019919
0.0008072
0.0035944
0.0059781
0.0075898
0.0082228
0.0078766
0.0068025
0.0054137
0.0041265
0.0034474
0.0038008
0.0052656
0.0076946
0.010603
0.013295
0.01519
0.015604
0.013957
0.010164
0.0045655
-0.0021069
-0.0087494
-0.01397
-0.01637
-0.014806
-0.008648
0.0020848
0.016551
0.032985
0.049038
0.062351
0.070539
0.071619
0.065169
0.052603
0.036435
0.019916
0.0071435
0.0017836
0.0064561
0.022093
0.046754
0.075551
0.10151
0.11766
0.11765
0.096875
0.054848
-0.0027639
-0.065079
-0.11818
-0.14532
-0.13096
-0.064659
0.057419
0.22772
0.42662
0.62656
0.79468
0.90028
0.91918
0.83713
0.65682
0.40558
0.12222
-0.1557
-0.37749
-0.49888
-0.50257
-0.39891
-0.2131
0.023389
0.27785
0.50471
0.62873
0.62637
0.52782
0.35202
0.12374
-0.11412
-0.3213
-0.46927
-0.53676
-0.51466
-0.41265
-0.25597
-0.070935
0.11558
0.26996
0.36799
0.39981
0.36085
0.28767
0.21848
0.16441
0.13823
0.14507
0.19075
0.26551
0.33826
0.37608
0.34433
0.2123
-0.026021
-0.35506
-0.73912
-1.1213
-1.4305
-1.5936
-1.5691
-1.3258
-0.84708
-0.1983
0.51002
1.1595
1.6349
1.856
1.7763
1.3877
0.75081
-0.036431
-0.85986
-1.5669
-2.0332
-2.1832
-1.977
-1.4546
-0.74459
-0.0028642
0.64103
1.0797
1.2164
0.98362
0.42579
-0.33164
-1.1547
-1.9289
-2.548
-2.8903
-2.9189
-2.6586
-2.1512
-1.471
-0.75294
-0.13612
0.31151
0.54889
0.58335
0.45489
0.18402
-0.18743
-0.57975
-0.94318
-1.2442
-1.4341
-1.5258
-1.5174
-1.3953
-1.1967
-0.95488
-0.69588
-0.44356
-0.21999
-0.047747
0.076556
0.17053
0.23878
0.28312
0.32582
0.38346
0.45234
0.51254
0.53912
0.51844
0.45231
0.34505
0.19574
0.025289
-0.1402
-0.27479
-0.33751
-0.32057
-0.24394
-0.11757
0.039357
0.20481
0.36707
0.49569
0.57628
0.62018
0.62883
0.61905
0.60842
0.61531
0.64906
0.70828
0.79944
0.90909
1.005
1.0454
0.98692
0.80001
0.47143
0.031179
-0.47031
-0.97114
-1.3887
-1.6324
-1.6218
-1.3142
-0.68617
0.26028
1.4601
2.8015
4.1419
5.3328
6.2529
6.8099
6.9509
6.6768
6.0523
5.177
4.1444
3.0727
2.1124
1.3803
0.90071
0.6131
0.45285
0.41129
0.44782
0.48603
0.468
0.3673
0.18161
-0.091293
-0.40315
-0.72459
-1.0637
-1.36
-1.5382
-1.6045
-1.5971
-1.5282
-1.4071
-1.2529
-1.0763
-0.89683
-0.72798
-0.56784
-0.41272
-0.25667
-0.10295
0.023596
0.086982
0.087753
0.053921
-0.0071462
-0.087389
-0.16923
-0.23826
-0.28055
-0.28508
-0.24649
-0.16373
-0.049572
0.069003
0.17957
0.26456
0.30993
0.31443
0.29751
0.28538
0.31014
0.41086
0.58957
0.86233
1.2166
1.5691
1.8405
1.9519
1.8216
1.3989
0.67773
-0.29371
-1.4104
-2.5413
-3.5293
-4.1831
-4.3654
-3.9991
-3.0582
-1.616
0.169
2.0819
3.8772
5.3122
6.1981
6.4293
5.9811
4.9333
3.4596
1.7685
0.10502
-1.2886
-2.2742
-2.7895
-2.808
-2.3973
-1.6947
-0.83805
0.037814
0.77683
1.2499
1.4206
1.3249
1.0031
0.51778
-0.021002
-0.51914
-0.92813
-1.1997
-1.2909
-1.2171
-1.0333
-0.77854
-0.50207
-0.26023
-0.082375
0.0091995
0.0054677
-0.073688
-0.19736
-0.33003
-0.44376
-0.51531
-0.5167
-0.42533
-0.24167
0.018076
0.33782
0.6987
1.0685
1.4052
1.6619
1.8029
1.8281
1.75
1.5748
1.3261
1.0598
0.80985
0.59865
0.45874
0.4
0.39697
0.40393
0.38519
0.30523
0.13465
-0.1258
-0.46399
-0.8434
-1.1993
-1.4654
-1.584
-1.5165
-1.2588
-0.8547
-0.37203
0.10675
0.49037
0.70016
0.68237
0.43092
-0.016563
-0.60643
-1.2591
-1.8693
-2.3496
-2.6331
-2.6868
-2.5285
-2.2145
-1.834
-1.4823
-1.2467
-1.1866
-1.3199
-1.6337
-2.0538
-2.4639
-2.7812
-2.9506
-2.8992
-2.6063
-2.0997
-1.4159
-0.65357
0.050191
0.619
1.0063
1.18
1.1376
0.90583
0.55331
0.15491
-0.22468
-0.52923
-0.70773
-0.74147
-0.66756
-0.51922
-0.33396
-0.15636
-0.028918
0.02485
0.0066832
-0.064237
-0.15566
-0.23403
-0.26927
-0.2237
-0.075092
0.15994
0.49868
0.89569
1.1659
1.2734
1.3034
1.2547
1.1013
0.8415
0.50303
0.12806
-0.2401
-0.56144
-0.79457
-0.90882
-0.88515
-0.73267
-0.494
-0.20489
0.097772
0.35942
0.53576
0.59716
0.53523
0.36518
0.11412
-0.16719
-0.40934
-0.5557
-0.56537
-0.43052
-0.20075
0.063381
0.28906
0.388
0.30737
0.032789
-0.40448
-0.91224
-1.3371
-1.6092
-1.7272
-1.5354
-0.95904
-0.081744
0.95404
1.9751
2.7972
3.2571
3.2597
2.7904
1.9109
0.74871
-0.5143
-1.6862
-2.6184
-3.1921
-3.3544
-3.1151
-2.5252
-1.7194
-0.86956
-0.12256
0.43073
0.74493
0.793
0.60186
0.25717
-0.14744
-0.52892
-0.81442
-0.92601
-0.84209
-0.61303
-0.26382
0.14782
0.53578
0.80896
0.97043
1.0332
0.92554
0.68419
0.39779
0.13622
-0.056668
-0.137
-0.07199
0.13432
0.44334
0.79068
1.1064
1.3342
1.423
1.3496
1.1328
0.811
0.42935
0.049376
-0.2735
-0.47666
-0.52568
-0.43448
-0.23493
0.009001
0.24323
0.41219
0.45288
0.34506
0.098272
-0.26088
-0.66757
-1.0486
-1.3372
-1.4712
-1.4271
-1.2028
-0.83955
-0.43795
-0.08799
0.13251
0.15701
-0.014961
-0.32936
-0.6803
-0.86262
-0.79039
-0.49017
0.20095
1.3415
2.7979
4.3661
5.8046
6.8586
7.3201
7.052
6.0216
4.3355
2.1953
-0.13564
-2.3463
-4.1626
-5.3766
-5.8703
-5.6536
-4.8246
-3.5334
-2.0124
-0.54318
0.66559
1.4778
1.831
1.7621
1.3487
0.69993
-0.023911
-0.67847
-1.1796
-1.4564
-1.4843
-1.2998
-0.95145
-0.51974
-0.092783
0.2661
0.50922
0.61786
0.58356
0.43646
0.23396
0.031029
-0.12177
-0.18737
-0.12906
0.064924
0.36974
0.73452
1.0919
1.3803
1.557
1.5957
1.4846
1.2471
0.92882
0.57654
0.24903
0.017494
-0.077615
-0.029659
0.13795
0.37703
0.63162
0.82427
0.88743
0.79474
0.5509
0.19698
-0.18503
-0.50675
-0.67064
-0.61348
-0.33126
0.13925
0.70224
1.2285
1.5822
1.6409
1.3273
0.63364
-0.37855
-1.5904
-2.8195
-3.8533
-4.4859
-4.5576
-3.9913
-2.8059
-1.1116
0.90137
2.9825
4.8716
6.3332
7.1876
7.3415
6.8024
5.6826
4.1658
2.4722
0.81956
-0.57512
-1.5235
-1.947
-1.8903
-1.4393
-0.71652
0.11078
0.87334
1.4337
1.7133
1.681
1.3649
0.84946
0.24761
-0.30709
-0.70677
-0.90286
-0.88461
-0.68137
-0.34048
0.077574
0.49517
0.82602
1.0197
1.0811
1.0173
0.84045
0.59592
0.34008
0.12894
0.010389
0.01315
0.14216
0.38573
0.71837
1.0893
1.4437
1.7349
1.9251
1.9802
1.8761
1.6423
1.3247
0.94803
0.55115
0.18307
-0.13409
-0.38886
-0.5737
-0.69005
-0.74468
-0.75486
-0.72761
-0.66186
-0.55952
-0.41279
-0.2186
-0.018313
0.15179
0.28557
0.35336
0.33201
0.20317
-0.041211
-0.38506
-0.79457
-1.2193
-1.5999
-1.8706
-1.9801
-1.9083
-1.6523
-1.213
-0.60277
0.15425
1.0264
1.975
2.9532
3.9028
4.7609
5.4618
5.9444
6.187
6.1656
5.8321
5.2492
4.5286
3.7438
2.9734
2.2639
1.6374
1.131
0.73587
0.41503
0.14103
-0.10427
-0.32324
-0.50529
-0.62094
-0.62453
-0.47733
-0.16769
0.2629
0.76404
1.2907
1.765
2.112
2.2885
2.2715
2.0738
1.7341
1.3074
0.86273
0.47413
0.19397
0.050981
0.050478
0.16891
0.3554
0.55221
0.7
0.7625
0.7327
0.59964
0.37659
0.10849
-0.14342
-0.34534
-0.46003
-0.47441
-0.42224
-0.33538
-0.25995
-0.25174
-0.35059
-0.5884
-0.97497
-1.4836
-2.0554
-2.6098
-3.0701
-3.3531
-3.3737
-3.1016
-2.5967
-1.919
-1.1386
-0.38664
0.22312
0.58863
0.62954
0.33571
-0.23275
-0.97677
-1.7541
-2.3969
-2.7688
-2.7864
-2.4264
-1.7238
-0.75876
0.34688
1.4492
2.4131
3.1419
3.5826
3.7248
3.6071
3.3083
2.918
2.5329
2.2297
2.0424
1.9563
1.9371
1.952
1.9366
1.823
1.5824
1.1916
0.64256
-0.035638
-0.78564
-1.5311
-2.1985
-2.7088
-2.9964
-3.0306
-2.7776
-2.2632
-1.6036
-0.88323
-0.16216
0.46429
0.92201
1.1836
1.2436
1.1252
0.88444
0.5804
0.26075
-0.018664
-0.21173
-0.29365
-0.25421
-0.10133
0.13461
0.42304
0.70149
0.92699
1.0841
1.1489
1.1125
0.9835
0.78133
0.54503
0.3371
0.1791
0.053412
-0.045262
-0.11108
-0.14992
-0.18124
-0.23375
-0.32727
-0.45992
-0.61829
-0.78112
-0.91586
-0.98
-0.93683
-0.77596
-0.52927
-0.22447
0.10924
0.41835
0.67954
0.86535
0.9444
0.92707
0.85439
0.7622
0.69467
0.68523
0.76294
0.95039
1.2139
1.5039
1.7984
2.0843
2.3443
2.5632
2.7271
2.8257
2.8505
2.7997
2.6706
2.4763
2.2343
1.9411
1.6135
1.2696
0.91687
0.5796
0.27296
-0.017629
-0.28979
-0.54426
-0.79525
-1.0346
-1.2511
-1.4345
-1.5606
-1.6038
-1.5522
-1.3833
-1.1147
-0.81142
-0.51544
-0.25195
-0.051896
0.057791
0.085246
0.054481
-0.0077198
-0.056678
-0.064907
-0.0224
0.079911
0.23612
0.42171
0.59529
0.71613
0.77278
0.73515
0.58329
0.33558
0.04026
-0.24761
-0.49273
-0.65968
-0.71343
-0.61768
-0.37975
-0.072745
0.25592
0.5461
0.73217
0.78427
0.68714
0.42767
0.01143
-0.51542
-1.0905
-1.6388
-2.0794
-2.347
-2.3857
-2.1718
-1.7673
-1.2394
-0.63408
-0.041921
0.43707
0.71379
0.72806
0.46923
-0.022008
-0.66427
-1.3519
-1.9672
-2.3985
-2.5739
-2.4708
-2.1027
-1.5198
-0.80498
-0.055908
0.62908
1.1705
1.5165
1.6399
1.5501
1.2838
0.89007
0.43353
-0.019154
-0.41393
-0.70636
-0.85458
-0.85309
-0.71757
-0.46937
-0.14887
0.19213
0.49716
0.70595
0.76942
0.66073
0.38095
-0.042091
-0.54958
-1.052
-1.464
-1.7119
-1.7196
-1.4262
-0.86746
-0.14645
0.65818
1.4535
2.1321
2.6059
2.8247
2.7818
2.5043
2.0638
1.5459
1.0309
0.60193
0.319
0.19928
0.23274
0.38175
0.58212
0.77229
0.90316
0.93583
0.84921
0.6642
0.4231
0.17103
-0.04583
-0.17489
-0.19942
-0.13099
-0.010229
0.086225
0.12184
0.082673
-0.051167
-0.2713
-0.55894
-0.86383
-1.1283
-1.305
-1.3429
-1.2099
-0.8956
-0.44247
0.068145
0.57576
1.0188
1.3245
1.4376
1.3351
1.0171
0.53322
-0.04396
-0.62432
-1.1111
-1.4327
-1.5429
-1.4234
-1.0847
-0.55964
0.099576
0.8366
1.6001
2.3448
3.0311
3.6269
4.1067
4.4505
4.6304
4.625
4.4319
4.0333
3.4301
2.6557
1.7602
0.8051
-0.13642
-0.98742
-1.6817
-2.1643
-2.3994
-2.3861
-2.1405
-1.6545
-1.0009
-0.3194
0.33767
0.92208
1.3596
1.6092
1.6751
1.5739
1.33
0.99245
0.61514
0.24438
-0.073085
-0.2965
-0.39887
-0.36744
-0.20752
0.066076
0.42712
0.83697
1.2476
1.6126
1.8936
2.0589
2.1001
2.0125
1.786
1.4691
1.1079
0.67685
0.17542
-0.32987
-0.7944
-1.2133
-1.5722
-1.8556
-2.0456
-2.1306
-2.1024
-1.953
-1.6834
-1.3071
-0.88982
-0.49378
-0.12654
0.17116
0.36641
0.47102
0.46977
0.41294
0.36743
0.38226
0.5159
0.80442
1.2498
1.8233
2.4682
3.1098
3.6699
4.0726
4.2611
4.2038
3.8872
3.3253
2.5685
1.6841
0.74404
-0.16352
-0.94596
-1.5516
-1.9488
-2.1213
-2.0779
-1.8581
-1.5199
-1.1293
-0.74448
-0.4084
-0.14085
0.061842
0.21194
0.38267
0.62034
0.88384
1.189
1.5384
1.8809
2.1826
2.4022
2.5023
2.4745
2.3277
2.0752
1.7352
1.344
0.9407
0.54703
0.17875
-0.14847
-0.44053
-0.70583
-0.93938
-1.1288
-1.2561
-1.3048
-1.2453
-1.0567
-0.71245
-0.21232
0.35786
0.91771
1.3986
1.729
1.8784
1.8162
1.5323
1.058
0.45695
-0.19041
-0.80729
-1.3065
-1.6093
-1.6844
-1.5423
-1.2285
-0.79956
-0.31598
0.14156
0.52058
0.78787
0.95498
1.0375
1.0468
1.0315
1.0336
1.0693
1.1307
1.1902
1.2121
1.1641
1.0295
0.81508
0.55972
0.32842
0.19517
0.22667
0.47396
0.96449
1.683
2.5709
3.5281
4.4247
5.1243
5.5095
5.4959
5.0436
4.1719
2.9559
1.5173
0.0087189
-1.4142
-2.6078
-3.4562
-3.8774
-3.8726
-3.5327
-2.9352
-2.174
-1.3775
-0.64242
-0.04372
0.36329
0.57366
0.62699
0.57066
0.44321
0.29858
0.18989
0.15005
0.18712
0.2985
0.4647
0.63759
0.78369
0.87591
0.89193
0.83365
0.72967
0.60923
0.50899
0.48525
0.56923
0.73394
0.94327
1.1802
1.4106
1.5553
1.5693
1.4253
1.1051
0.63842
0.073542
-0.518
-1.0555
-1.442
-1.6103
-1.5638
-1.3011
-0.85532
-0.32601
0.20924
0.67889
1.0016
1.1351
1.0873
0.89486
0.61832
0.31871
0.057707
-0.069871
-0.031639
0.15685
0.48541
0.93497
1.4734
2.0665
2.6758
3.2637
3.8031
4.2734
4.6521
4.9034
5.0003
4.9323
4.6988
4.3097
3.7886
3.1817
2.5536
1.9706
1.4871
1.1388
0.94811
0.91576
0.99852
1.136
1.2939
1.4176
1.4461
1.3551
1.1463
0.83812
0.45947
0.048332
-0.35187
-0.69299
-0.93044
-1.0321
-0.98329
-0.79396
-0.47755
-0.05178
0.45311
0.981
1.451
1.7959
1.9755
1.968
1.7772
1.4269
0.95047
0.41698
-0.094246
-0.53971
-0.8905
-1.0943
-1.1254
-1.0537
-0.94083
-0.82497
-0.75816
-0.79036
-0.93141
-1.1597
-1.435
-1.6861
-1.8305
-1.8258
-1.6342
-1.2361
-0.68699
-0.07543
0.49928
0.93658
1.1582
1.1158
0.80678
0.26665
-0.43086
-1.1754
-1.8468
-2.3347
-2.558
-2.4754
-2.0896
-1.4576
-0.6753
0.13768
0.85144
1.3784
1.6677
1.6987
1.5036
1.1505
0.72602
0.3244
0.020195
-0.14227
-0.15579
-0.047663
0.12998
0.31505
0.43961
0.4503
0.32236
0.062136
-0.29539
-0.69165
-1.0624
-1.3476
-1.4902
-1.4837
-1.336
-1.0674
-0.74028
-0.40752
-0.12741
0.057941
0.14349
0.14802
0.13512
0.17183
0.23667
0.3413
0.5568
0.88295
1.2757
1.6573
1.942
2.0679
1.9949
1.7072
1.2382
0.66598
0.066609
-0.47232
-0.86584
-1.0433
-0.9809
-0.70253
-0.25424
0.27393
0.77117
1.1633
1.3884
1.3851
1.1398
0.68162
0.074767
-0.58525
-1.2082
-1.698
-1.9817
-2.0403
-1.8631
-1.4605
-0.92957
-0.37524
0.13268
0.53046
0.7664
0.84343
0.80071
0.68801
0.57824
0.54167
0.64524
0.93083
1.3722
1.9329
2.5541
3.1352
3.5835
3.8246
3.793
3.4556
2.8306
1.9873
1.0275
0.074434
-0.78982
-1.4742
-1.8823
-1.9983
-1.845
-1.4739
-0.97594
-0.446
0.029494
0.36532
0.50351
0.43096
0.17543
-0.21574
-0.68731
-1.1469
-1.5039
-1.7206
-1.7754
-1.6487
-1.3687
-1.0053
-0.62654
-0.26952
0.011179
0.18138
0.23864
0.19208
0.084697
-0.042877
-0.15132
-0.19179
-0.13459
0.019822
0.25923
0.57967
0.9451
1.3152
1.5924
1.6559
1.5758
1.4285
1.1885
0.85587
0.47403
0.091019
-0.24563
-0.49242
-0.64144
-0.68056
-0.60293
-0.44824
-0.26196
-0.091116
0.021445
0.054355
-0.0052542
-0.14869
-0.3347
-0.51221
-0.64489
-0.68432
-0.582
-0.35365
-0.048914
0.27364
0.54535
0.70466
0.71296
0.55724
0.23896
-0.19526
-0.66058
-1.0861
-1.4
-1.5406
-1.4771
-1.2113
-0.77497
-0.22181
0.3792
0.95532
1.4529
1.8445
2.1181
2.2621
2.2891
2.243
2.1563
2.0258
1.853
1.6405
1.3924
1.1119
0.79729
0.45387
0.087698
-0.2831
-0.62416
-0.90933
-1.1222
-1.2407
-1.2409
-1.1072
-0.8635
-0.55017
-0.18504
0.19375
0.53255
0.79223
0.95372
1.0081
0.96161
0.83725
0.67605
0.51498
0.38057
0.30162
0.29668
0.3627
0.47794
0.60424
0.69287
0.71998
0.65695
0.4746
0.17906
-0.17781
-0.52985
-0.8427
-1.0944
-1.2445
-1.2535
-1.1451
-0.95133
-0.68921
-0.40912
-0.17634
-0.041749
-0.037015
-0.16262
-0.40694
-0.73405
-1.0806
-1.38
-1.5749
-1.6285
-1.5183
-1.2476
-0.86656
-0.45449
-0.085138
0.18145
0.30103
0.26314
0.077594
-0.20279
-0.48794
-0.7057
-0.79015
-0.69161
-0.40498
0.031922
0.54525
1.0323
1.3828
1.5007
1.3229
0.84367
0.11289
-0.76807
-1.6832
-2.4663
-2.9756
-3.164
-3.0124
-2.5503
-1.8445
-1.0095
-0.19024
0.49118
0.9498
1.1298
1.0206
0.66724
0.15342
-0.42573
-0.97931
-1.4281
-1.6978
-1.7569
-1.6312
-1.3566
-0.99865
-0.63624
-0.33177
-0.12907
-0.051248
-0.09635
-0.23976
-0.43801
-0.63761
-0.78999
-0.85444
-0.8011
-0.62302
-0.33127
0.049105
0.48254
0.93939
1.3705
1.7027
1.8998
1.9576
1.8679
1.6463
1.3431
1.0175
0.71815
0.46373
0.27047
0.15041
0.093002
0.075741
0.064484
0.02294
-0.083357
-0.26712
-0.51435
-0.79859
-1.0698
-1.2651
-1.3235
-1.2196
-0.95222
-0.53346
-0.042984
0.42473
0.78551
0.94539
0.85455
0.51002
-0.045234
-0.70701
-1.3543
-1.8808
-2.1831
-2.1834
-1.8755
-1.3236
-0.656
-0.039367
0.35281
0.36816
-0.093427
-1.0432
-2.3991
-3.9868
-5.6084
-7.035
-8.0223
-8.4335
-8.2112
-7.3761
-6.0447
-4.4026
-2.6641
-1.0447
0.2814
1.1924
1.6417
1.6568
1.3167
0.74771
0.082397
-0.54185
-1.0036
-1.2703
-1.3168
-1.1322
-0.78576
-0.3487
0.1089
0.5152
0.82181
0.99251
1.0172
0.91225
0.7055
0.44088
0.17143
-0.065481
-0.23725
-0.31108
-0.2671
-0.097696
0.18095
0.53231
0.90265
1.242
1.5146
1.691
1.7643
1.7287
1.6073
1.4476
1.253
1.0285
0.80944
0.61461
0.44388
0.27129
0.071291
-0.1737
-0.46872
-0.80722
-1.1648
-1.4896
-1.7198
-1.8243
-1.7707
-1.5213
-1.0955
-0.56896
-0.022349
0.46971
0.81139
0.93349
0.83003
0.52062
0.057008
-0.4703
-0.95979
-1.3134
-1.4445
-1.3034
-0.89199
-0.25813
0.51424
1.3066
1.9882
2.4772
2.6997
2.5945
2.2304
1.7105
1.081
0.42294
-0.14006
-0.52662
-0.70945
-0.70982
-0.56015
-0.32428
-0.072083
0.13192
0.23182
0.20591
0.060638
-0.183
-0.4894
-0.81309
-1.086
-1.268
-1.3659
-1.3798
-1.3207
-1.2277
-1.1348
-1.054
-1.007
-0.98785
-0.97651
-0.95949
-0.91485
-0.83226
-0.70537
-0.54051
-0.36726
-0.2216
-0.11542
-0.05524
-0.069068
-0.14959
-0.27743
-0.43348
-0.58475
-0.68697
-0.69285
-0.61273
-0.45151
-0.21452
0.066202
0.36848
0.67661
0.96027
1.1837
1.3173
1.3396
1.2479
1.0395
0.73063
0.36039
-0.020266
-0.34846
-0.58002
-0.66147
-0.56563
-0.30373
0.083666
0.51846
0.9182
1.1863
1.2315
1.004
0.50242
-0.24636
-1.1746
-2.1632
-3.0856
-3.8182
-4.2505
-4.3104
-3.981
-3.3045
-2.3739
-1.3206
-0.29837
0.54376
1.0953
1.2927
1.1253
0.64916
-0.024484
-0.73763
-1.3511
-1.7916
-1.98
-1.8659
-1.5054
-0.99524
-0.44657
0.036254
0.3723
0.51728
0.46455
0.24078
-0.096934
-0.4579
-0.75046
-0.93464
-0.98121
-0.87114
-0.63836
-0.34874
-0.044367
0.22956
0.41455
0.48868
0.45681
0.34074
0.18601
0.048479
-0.03089
-0.024602
0.093501
0.33627
0.68263
1.0842
1.4692
1.76
1.9129
1.9029
1.7195
1.3884
0.96736
0.51512
0.082801
-0.27377
-0.49633
-0.54466
-0.42115
-0.15652
0.20205
0.58499
0.92795
1.175
1.2706
1.1796
0.89676
0.44856
-0.1079
-0.69719
-1.2332
-1.6243
-1.7931
-1.6875
-1.2975
-0.67954
0.084366
0.90059
1.6301
2.1309
2.3081
2.1059
1.5164
0.5904
-0.56174
-1.77
-2.848
-3.6217
-3.9272
-3.6595
-2.8017
-1.4259
0.31242
2.1939
3.9666
5.3913
6.2769
6.4962
6.0175
4.9117
3.3373
1.5235
-0.28429
-1.8895
-3.1026
-3.7907
-3.9213
-3.5273
-2.7322
-1.696
-0.57297
0.46897
1.2905
1.8121
2.0007
1.8714
1.4868
0.93044
0.30208
-0.29636
-0.79628
-1.165
-1.3875
-1.4602
-1.3951
-1.2552
-1.0903
-0.92783
-0.79915
-0.72193
-0.686
-0.66334
-0.63153
-0.57427
-0.47404
-0.31558
-0.093566
0.19484
0.52962
0.87268
1.1906
1.4155
1.4942
1.4128
1.1613
0.78204
0.34004
-0.12744
-0.57914
-0.96075
-1.2125
-1.2904
-1.1831
-0.90577
-0.50311
-0.033457
0.4346
0.84884
1.1644
1.3343
1.3405
1.2014
0.95627
0.66137
0.39214
0.20331
0.12235
0.17057
0.35452
0.62062
0.88289
1.0704
1.117
0.95814
0.58408
0.04354
-0.61344
-1.3118
-1.9358
-2.3777
-2.5562
-2.4158
-1.9399
-1.1613
-0.15364
0.9804
2.1106
3.1028
3.8552
4.3304
4.4746
4.261
3.809
3.1984
2.4886
1.7911
1.1776
0.68701
0.34097
0.12048
-0.0069952
-0.082564
-0.15547
-0.2593
-0.39866
-0.56078
-0.71688
-0.83538
-0.88663
-0.81261
-0.62636
-0.37064
-0.042392
0.31347
0.62809
0.85228
0.95949
0.9478
0.82971
0.64191
0.4355
0.25954
0.16003
0.15859
0.24686
0.39504
0.56458
0.72468
0.91079
1.019
0.83802
0.51145
0.20055
-0.11141
-0.42465
-0.70242
-0.90725
-1.0073
-0.98354
-0.84762
-0.64531
-0.42306
-0.22042
-0.07836
-0.025047
-0.093659
-0.28649
-0.56549
-0.88107
-1.1651
-1.347
-1.3661
-1.2022
-0.87071
-0.40092
0.13598
0.61501
0.91966
0.98342
0.76395
0.33881
-0.21023
-0.91203
-1.574
-1.9253
-1.8306
-1.2499
-0.20863
1.1976
2.8006
4.3809
5.7085
6.5881
6.8889
6.5525
5.6151
4.2082
2.5441
0.84685
-0.70809
-1.9356
-2.6868
-2.919
-2.6708
-2.0609
-1.2397
-0.36248
0.41249
0.9611
1.2067
1.1364
0.78094
0.21058
-0.47144
-1.1599
-1.7393
-2.1252
-2.2881
-2.2261
-1.99
-1.6102
-1.0972
-0.57635
-0.14781
0.17215
0.38763
0.49907
0.51902
0.48392
0.44375
0.45438
0.54586
0.70741
0.89398
1.0599
1.1729
1.1977
1.1247
0.9697
0.72099
0.37858
-0.023252
-0.44549
-0.83496
-1.1439
-1.3559
-1.465
-1.4601
-1.3464
-1.1549
-0.9271
-0.6933
-0.4879
-0.33403
-0.23566
-0.19103
-0.17678
-0.15061
-0.093833
0.0034725
0.16064
0.34287
0.48556
0.5488
0.497
0.30835
-0.006008
-0.38316
-0.72541
-0.93871
-0.93418
-0.58302
0.091064
0.96393
2.0386
3.2195
4.3203
5.168
5.6236
5.5989
5.0644
4.0684
2.7347
1.2398
-0.22556
-1.52
-2.5165
-3.1056
-3.2618
-3.0459
-2.5524
-1.8817
-1.1497
-0.47165
0.065457
0.41235
0.56751
0.5601
0.43748
0.26957
0.096535
-0.01953
-0.042088
-0.011045
0.046798
0.10326
0.11807
0.053112
-0.10998
-0.3587
-0.65363
-0.90475
-1.0187
-1.0532
-0.97466
-0.67536
-0.15323
0.51567
1.2342
1.8904
2.3629
2.579
2.515
2.1928
1.6839
1.08
0.47244
-0.049285
-0.40816
-0.55072
-0.4691
-0.21566
0.13476
0.50537
0.80487
0.95714
0.90988
0.63855
0.18037
-0.39695
-1.0143
-1.5772
-1.9974
-2.2027
-2.1706
-1.9106
-1.4433
-0.86905
-0.30047
0.1821
0.51009
0.69314
0.73229
0.56478
0.28685
0.077782
0.040758
0.21342
0.59498
1.1441
1.7818
2.402
2.896
3.178
3.2009
2.9645
2.5111
1.9262
1.3317
0.84755
0.56088
0.48656
0.61409
0.9262
1.3438
1.7647
2.1071
2.3097
2.337
2.1818
1.8681
1.4404
0.96155
0.49287
0.099768
-0.18969
-0.36454
-0.3834
-0.26708
-0.086568
0.13602
0.36223
0.54409
0.63083
0.65326
0.61692
0.48053
0.29821
0.13081
0.010417
-0.035306
0.028452
0.20333
0.45648
0.74219
0.99782
1.169
1.2322
1.1632
0.97723
0.71612
0.41213
0.11171
-0.14455
-0.3313
-0.4154
-0.38705
-0.29096
-0.17467
-0.068681
-0.01313
-0.036784
-0.14972
-0.32963
-0.51809
-0.66049
-0.69321
-0.57439
-0.29566
0.14328
0.68259
1.2253
1.6752
1.9405
1.9505
1.6867
1.1887
0.51703
-0.23676
-0.94608
-1.4907
-1.7712
-1.7464
-1.4385
-0.9121
-0.25678
0.4205
1.0141
1.4454
1.6736
1.69
1.512
1.1823
0.7699
0.33707
-0.073115
-0.42808
-0.69127
-0.8243
-0.86278
-0.86639
-0.85853
-0.85091
-0.8606
-0.89586
-0.95333
-1.023
-1.0759
-1.0913
-1.0662
-0.99286
-0.8769
-0.7435
-0.61618
-0.51801
-0.46421
-0.46256
-0.50705
-0.57646
-0.63357
-0.65969
-0.66044
-0.59932
-0.45378
-0.24241
0.020242
0.32427
0.63987
0.92895
1.1615
1.3169
1.3888
1.3771
1.2842
1.122
0.93393
0.76167
0.61231
0.48971
0.39259
0.33236
0.31547
0.31219
0.26399
0.14796
-0.049788
-0.3178
-0.62023
-0.9148
-1.1473
-1.2645
-1.215
-0.97878
-0.60652
-0.14902
0.35295
0.81368
1.1363
1.2537
1.1297
0.76947
0.24294
-0.37651
-1.0136
-1.5772
-1.9871
-2.1859
-2.1436
-1.8652
-1.3809
-0.73502
0.028041
0.86612
1.7433
2.6332
3.5068
4.3364
5.0838
5.7058
6.1631
6.421
6.4503
6.2287
5.7748
5.1206
4.2866
3.3204
2.2948
1.2732
0.31462
-0.53336
-1.2288
-1.7328
-2.0263
-2.1039
-1.9728
-1.6652
-1.2257
-0.70885
-0.18209
0.29083
0.6485
0.8511
0.88418
0.7598
0.52792
0.24094
-0.06186
-0.32427
-0.48468
-0.51837
-0.41853
-0.18731
0.14365
0.52009
0.88746
1.1913
1.3797
1.41
1.2624
0.94867
0.50307
-0.027341
-0.58517
-1.0986
-1.5154
-1.7929
-1.8702
-1.744
-1.4992
-1.1963
-0.89951
-0.69266
-0.64295
-0.77445
-1.0621
-1.4546
-1.8617
-2.1737
-2.2986
-2.1824
-1.8046
-1.1898
-0.42672
0.36677
1.0482
1.4769
1.5513
1.2276
0.53206
-0.45808
-1.6208
-2.7968
-3.8243
-4.5571
-4.894
-4.7974
-4.2901
-3.4437
-2.3664
-1.1924
-0.054371
0.94658
1.7446
2.3176
2.6691
2.8123
2.8875
2.9804
3.0432
3.0795
3.0941
3.0657
2.9457
2.7062
2.3382
1.8468
1.26
0.61719
-0.026587
-0.60049
-1.0547
-1.3705
-1.5474
-1.5969
-1.5657
-1.517
-1.4858
-1.4959
-1.5561
-1.6558
-1.7533
-1.7716
-1.6611
-1.4097
-1.0151
-0.48238
0.14093
0.76987
1.2941
1.6441
1.8393
1.8199
1.5361
1.0492
0.4483
-0.17028
-0.71149
-1.0948
-1.2515
-1.1261
-0.74272
-0.18578
0.45884
1.0816
1.5694
1.8376
1.8251
1.5034
0.91078
0.13797
-0.71006
-1.5144
-2.1417
-2.489
-2.5082
-2.2148
-1.653
-0.89864
-0.073301
0.68765
1.2616
1.5635
1.5519
1.2446
0.70598
0.026791
-0.68098
-1.2959
-1.7098
-1.8525
-1.6967
-1.2554
-0.57662
0.26241
1.1741
2.0678
2.8272
3.3649
3.6706
3.7484
3.59
3.23
2.7663
2.2695
1.7635
1.2999
0.92884
0.67091
0.50568
0.39696
0.31516
0.22896
0.11065
-0.057765
-0.26759
-0.4886
-0.67885
-0.78557
-0.77195
-0.61335
-0.2952
0.15333
0.67889
1.2172
1.6943
2.0466
2.2206
2.1999
2.0099
1.6846
1.2773
0.86738
0.52167
0.26587
0.11561
0.075882
0.10698
0.12476
0.11301
0.09307
-0.0022431
-0.20625
-0.49685
-0.83553
-1.1934
-1.5127
-1.7198
-1.801
-1.77
-1.6351
-1.4274
-1.1878
-0.94987
-0.77764
-0.71876
-0.76686
-0.91478
-1.1437
-1.4012
-1.6139
-1.7109
-1.6476
-1.4135
-1.0078
-0.45579
0.15822
0.72645
1.1578
1.366
1.2949
0.94016
0.34695
-0.40535
-1.2094
-1.9464
-2.503
-2.7866
-2.7511
-2.3971
-1.7645
-0.92494
0.029953
0.99506
1.863
2.544
2.9868
3.146
2.9764
2.5189
1.8544
1.0359
0.12017
-0.79358
-1.6128
-2.2515
-2.6719
-2.8817
-2.8921
-2.7329
-2.461
-2.1449
-1.8507
-1.6165
-1.4595
-1.3843
-1.3819
-1.4233
-1.4727
-1.5267
-1.5816
-1.6415
-1.71
-1.7888
-1.8894
-2.0006
-2.0863
-2.1238
-2.0989
-1.9852
-1.7522
-1.3827
-0.88563
-0.28119
0.39371
1.0881
1.7284
2.2314
2.5433
2.6303
2.4656
2.0421
1.4196
0.68772
-0.074048
-0.76786
-1.2801
-1.5061
-1.3923
-0.96124
-0.28517
0.54509
1.401
2.1495
2.6811
2.8803
2.6922
2.1444
1.3017
0.26847
-0.79621
-1.7248
-2.3813
-2.6794
-2.5903
-2.1287
-1.3647
-0.44112
0.46941
1.2226
1.7094
1.8537
1.6369
1.1102
0.36741
-0.46946
-1.2686
-1.9144
-2.3076
-2.3914
-2.1764
-1.7038
-1.0245
-0.20835
0.67437
1.5619
2.4046
3.1765
3.8786
4.496
5.0046
5.3816
5.6113
5.6837
5.5982
5.3287
4.8638
4.2312
3.4591
2.6284
1.7989
0.99059
0.26988
-0.26017
-0.56365
-0.64724
-0.51985
-0.21364
0.23081
0.74264
1.2365
1.6302
1.8596
1.8854
1.6843
1.2685
0.69707
0.043045
-0.62306
-1.2067
-1.6078
-1.7782
-1.7014
-1.3761
-0.84138
-0.17898
0.51447
1.1426
1.6068
1.8346
1.7941
1.4701
0.8914
0.14594
-0.67682
-1.5073
-2.2446
-2.7678
-3.057
-3.1099
-2.9521
-2.6723
-2.3439
-2.0346
-1.8046
-1.677
-1.6466
-1.6703
-1.6782
-1.618
-1.4692
-1.212
-0.83313
-0.39198
0.030318
0.36313
0.53538
0.50547
0.25507
-0.19058
-0.77371
-1.4227
-2.0573
-2.599
-2.9852
-3.1856
-3.193
-3.0042
-2.6208
-2.0559
-1.3243
-0.44316
0.56309
1.6531
2.7562
3.7674
4.5726
5.1601
5.505
5.5037
5.1162
4.3807
3.4172
2.3472
1.2551
0.23278
-0.64993
-1.374
-1.9604
-2.4421
-2.8448
-3.196
-3.5129
-3.7752
-3.9496
-4.0231
-3.986
-3.8244
-3.5288
-3.1144
-2.6245
-2.0972
-1.547
-0.9913
-0.44825
0.07039
0.56866
1.0346
1.4372
1.7443
1.9153
1.9107
1.7145
1.3175
0.72906
0.023982
-0.71694
-1.4196
-1.997
-2.3564
-2.431
-2.2511
-1.8569
-1.3247
-0.78845
-0.34501
-0.041881
0.072969
-0.0063826
-0.22301
-0.49485
-0.73047
-0.85623
-0.84114
-0.68375
-0.404
-0.066767
0.23122
0.41608
0.44946
0.31464
0.041397
-0.29387
-0.59707
-0.77118
-0.72926
-0.40899
0.20424
1.065
2.0843
3.1503
4.148
4.9653
5.5127
5.7359
5.6187
5.183
4.4803
3.5589
2.5544
1.6136
0.76775
0.057169
-0.4969
-0.87157
-1.0576
-1.0987
-1.0486
-0.95737
-0.87373
-0.8315
-0.84725
-0.91331
-1.0084
-1.1059
-1.1781
-1.1859
-1.1132
-0.97495
-0.78169
-0.56685
-0.36711
-0.19766
-0.066248
0.024825
0.080871
0.12774
0.19401
0.29191
0.42822
0.59455
0.76393
0.89417
0.94462
0.91383
0.80943
0.62711
0.39202
0.16889
0.017164
-0.0455
0.0030809
0.20334
0.53835
0.91945
1.2575
1.4779
1.5242
1.3609
0.97701
0.41145
-0.26069
-0.94473
-1.5279
-1.9194
-2.0857
-2.0163
-1.7203
-1.2695
-0.76876
-0.3211
-0.01372
0.09384
-0.010942
-0.29242
-0.68607
-1.0999
-1.4361
-1.6068
-1.5485
-1.245
-0.72129
-0.033529
0.73503
1.4901
2.1403
2.6054
2.8298
2.7715
2.448
1.9579
1.35
0.64091
-0.053356
-0.6486
-1.1329
-1.4546
-1.5991
-1.5676
-1.3857
-1.1253
-0.83625
-0.54652
-0.28803
-0.086377
0.050345
0.13147
0.17591
0.20453
0.23056
0.2528
0.27117
0.28323
0.285
0.2661
0.21433
0.14607
0.086012
0.042986
0.032074
0.069162
0.15888
0.28965
0.43818
0.5783
0.67774
0.70548
0.64755
0.49465
0.26264
-0.011248
-0.28815
-0.52992
-0.70933
-0.784
-0.74002
-0.6018
-0.41816
-0.23684
-0.079006
0.03462
0.090572
0.10275
0.099821
0.12425
0.21415
0.4002
0.66584
0.97994
1.3123
1.5827
1.6959
1.59
1.241
0.65804
-0.11122
-0.98125
-1.8481
-2.589
-3.0738
-3.2113
-2.9677
-2.3547
-1.4284
-0.29129
0.92535
2.0897
3.0872
3.8231
4.2413
4.3374
4.1448
3.7207
3.1792
2.6149
2.0733
1.6145
1.3
1.1394
1.097
1.1309
1.2015
1.2732
1.2918
1.2257
1.0703
0.82653
0.51955
0.18893
-0.12708
-0.39798
-0.59886
-0.72008
-0.76037
-0.73286
-0.66388
-0.58188
-0.50371
-0.42992
-0.35922
-0.28719
-0.21069
-0.11732
0.0012472
0.13924
0.2798
0.40833
0.5108
0.5649
0.55784
0.48499
0.35342
0.15222
-0.12482
-0.41056
-0.63544
-0.78102
-0.8423
-0.80931
-0.67499
-0.44616
-0.14954
0.17195
0.46497
0.67446
0.75257
0.6758
0.42722
0.0184
-0.49162
-1.0206
-1.4805
-1.7971
-1.8955
-1.729
-1.3122
-0.70221
0.0073258
0.69835
1.2375
1.5055
1.4301
0.98397
0.19966
-0.83312
-1.9786
-3.0717
-3.9429
-4.449
-4.5
-4.0705
-3.2058
-2.017
-0.65831
0.68679
1.8487
2.7111
3.1937
3.2746
2.9902
2.4196
1.7007
0.95267
0.28874
-0.19219
-0.45998
-0.5166
-0.39355
-0.15523
0.13004
0.38664
0.56056
0.62604
0.56952
0.41328
0.19596
-0.028435
-0.2064
-0.32413
-0.36356
-0.3222
-0.21891
-0.11291
0.0031759
0.14574
0.22198
0.21549
0.16375
0.092483
0.012156
-0.044457
-0.034299
0.0458
0.17519
0.3338
0.49387
0.62603
0.69646
0.67722
0.56293
0.3645
0.097125
-0.22608
-0.55904
-0.84074
-1.0471
-1.1532
-1.1273
-0.96681
-0.69072
-0.3334
0.060793
0.44047
0.75441
0.96181
1.0363
0.96448
0.76477
0.50222
0.2359
0.03821
-0.016788
0.075174
0.30431
0.64882
1.0409
1.3794
1.5793
1.5818
1.344
0.84797
0.12936
-0.72148
-1.6119
-2.4345
-3.0792
-3.4705
-3.5697
-3.3746
-2.9345
-2.3348
-1.6485
-0.9833
-0.43351
-0.0054142
0.27759
0.40115
0.40367
0.33141
0.24319
0.18902
0.19288
0.24544
0.28923
0.31326
0.34706
0.38927
0.40581
0.38399
0.34138
0.27263
0.1796
0.059954
-0.076132
-0.20801
-0.32186
-0.39584
-0.41793
-0.38666
-0.30497
-0.18252
-0.030754
0.14773
0.34382
0.54136
0.73108
0.90842
1.0717
1.2126
1.3074
1.3242
1.2464
1.0781
0.8379
0.54986
0.26115
0.025031
-0.13138
-0.18505
-0.12962
0.030971
0.26927
0.52649
0.71645
0.77406
0.66913
0.38603
-0.059022
-0.61746
-1.1941
-1.6889
-2.0357
-2.1568
-2.0246
-1.6759
-1.1789
-0.63596
-0.16027
0.15219
0.24294
0.107
-0.2232
-0.67846
-1.1329
-1.4359
-1.4842
-1.2037
-0.56971
0.36282
1.4713
2.5872
3.5248
4.1178
4.2723
3.9376
3.1273
1.9909
0.70211
-0.57876
-1.6809
-2.4567
-2.815
-2.7321
-2.2533
-1.4906
-0.60098
0.2675
1.0198
1.5647
1.8451
1.8666
1.6536
1.2701
0.79891
0.3129
-0.12888
-0.46116
-0.65202
-0.70326
-0.63025
-0.46269
-0.24454
-0.024686
0.16871
0.32487
0.44093
0.51161
0.54876
0.58359
0.63906
0.71347
0.78206
0.82083
0.81834
0.77169
0.67607
0.52899
0.34802
0.16401
-0.0050719
-0.15024
-0.25914
-0.30528
-0.27296
-0.19785
-0.11683
-0.042545
0.0046069
0.010789
-0.019945
-0.067657
-0.098192
-0.077983
0.029118
0.25946
0.61069
1.0414
1.4982
1.8959
2.1268
2.0968
1.7526
1.0969
0.17
-0.94276
-2.0953
-3.1264
-3.8718
-4.198
-4.0382
-3.3975
-2.3679
-1.1204
0.12664
1.1461
1.7545
1.8409
1.3691
0.405
-0.89016
-2.2865
-3.5497
-4.4888
-4.9682
-4.8984
-4.2842
-3.2775
-2.0847
-0.88581
0.16915
0.96607
1.4065
1.4673
1.2189
0.75482
0.18031
-0.36709
-0.76657
-0.99395
-1.0364
-0.89095
-0.62696
-0.32558
-0.043874
0.17108
0.2865
0.29479
0.2198
0.093503
-0.053803
-0.17628
-0.23294
-0.21907
-0.13313
0.020648
0.2283
0.46399
0.68404
0.84343
0.92352
0.92751
0.84471
0.68155
0.47809
0.26287
0.064355
-0.091019
-0.18054
-0.17479
-0.075654
0.10843
0.36166
0.62828
0.85171
0.98967
0.994
0.82795
0.48881
-0.00059854
-0.60215
-1.2584
-1.8732
-2.3452
-2.6158
-2.6301
-2.3561
-1.8475
-1.1776
-0.44192
0.22806
0.72114
0.96108
0.91174
0.58275
0.035972
-0.61184
-1.2464
-1.7442
-1.9753
-1.8765
-1.4313
-0.68007
0.27165
1.2765
2.1739
2.8209
3.1153
2.9857
2.4177
1.4969
0.34947
-0.87732
-2.0144
-2.9281
-3.5237
-3.7328
-3.5467
-3.0282
-2.2684
-1.3554
-0.40811
0.41326
0.99715
1.3515
1.5002
1.4703
1.2976
1.0293
0.74266
0.47987
0.26909
0.11357
-0.026751
-0.14403
-0.24847
-0.37458
-0.52319
-0.68743
-0.84748
-0.97425
-1.0418
-1.0258
-0.92199
-0.73728
-0.48857
-0.19498
0.10975
0.38691
0.61558
0.80704
0.93028
0.88849
0.71214
0.49235
0.25176
-0.015371
-0.31205
-0.61867
-0.89919
-1.1239
-1.2638
-1.286
-1.1925
-0.98868
-0.67098
-0.27841
0.12568
0.4866
0.74397
0.84415
0.75254
0.47076
0.047358
-0.42995
-0.86693
-1.1688
-1.2349
-1.0256
-0.5586
0.086572
0.7911
1.4117
1.7836
1.7722
1.2939
0.32726
-1.0495
-2.6783
-4.353
-5.8101
-6.7944
-7.1036
-6.6311
-5.3861
-3.4948
-1.1974
1.2065
3.4218
5.1714
6.245
6.5521
6.1337
5.1378
3.7807
2.2879
0.86222
-0.25658
-0.92247
-1.1943
-1.1919
-0.97106
-0.63133
-0.33543
-0.18124
-0.19815
-0.38268
-0.68496
-1.011
-1.2735
-1.4264
-1.414
-1.2088
-0.84385
-0.38274
0.10199
0.53976
0.87411
1.0675
1.1096
1.0218
0.85132
0.64757
0.45985
0.33366
0.29343
0.35149
0.50054
0.7145
0.94712
1.1445
1.2692
1.3086
1.2611
1.1111
0.90781
0.70109
0.48567
0.30048
0.16752
0.066381
-0.0045588
-0.070236
-0.18293
-0.36478
-0.62107
-0.94409
-1.3026
-1.6514
-1.9163
-2.0284
-1.9468
-1.6482
-1.142
-0.49818
0.19037
0.80936
1.2391
1.3913
1.2198
0.7414
0.019245
-0.83533
-1.6792
-2.3639
-2.7498
-2.7384
-2.2963
-1.467
-0.36558
0.84046
1.9704
2.8532
3.3601
3.4181
3.05
2.3496
1.4399
0.45734
-0.44703
-1.142
-1.5531
-1.6452
-1.4308
-1.0073
-0.48658
0.070172
0.5813
0.95268
1.1507
1.1824
1.056
0.80063
0.47053
0.13204
-0.18262
-0.43163
-0.57107
-0.61106
-0.55685
-0.42666
-0.2477
-0.054924
0.11947
0.25554
0.34452
0.38669
0.39383
0.37687
0.35608
0.35708
0.38772
0.43107
0.46427
0.47843
0.47089
0.43427
0.36092
0.25889
0.14869
0.047044
-0.03841
-0.092164
-0.087827
-0.023682
0.094005
0.24277
0.38463
0.48107
0.50341
0.43922
0.29837
0.11175
-0.079946
-0.21915
-0.251
-0.12971
0.16627
0.61312
1.1475
1.6778
2.1073
2.3425
2.3115
1.9672
1.3079
0.39106
-0.71442
-1.8927
-2.9956
-3.8925
-4.4719
-4.6623
-4.4504
-3.8704
-3.009
-1.9952
-0.95167
0.013139
0.80195
1.3492
1.6347
1.6977
1.5945
1.378
1.1137
0.87895
0.71446
0.62135
0.58093
0.57094
0.5812
0.57978
0.53091
0.4463
0.34071
0.22232
0.11103
0.056918
0.080553
0.15444
0.29666
0.49325
0.6686
0.81987
0.97492
1.0484
1.0003
0.85778
0.64963
0.41537
0.19871
0.045175
-0.0052254
0.07149
0.27247
0.56727
0.9002
1.2091
1.4579
1.6076
1.6148
1.4809
1.2351
0.92024
0.5823
0.25572
-0.024815
-0.21949
-0.32053
-0.37257
-0.42615
-0.51874
-0.68813
-0.94919
-1.2863
-1.6627
-2.015
-2.2859
-2.3934
-2.2768
-1.9557
-1.4609
-0.85814
-0.25451
0.23434
0.51368
0.5263
0.26507
-0.228
-0.85143
-1.4519
-1.8582
-1.9131
-1.4984
-0.56299
0.85746
2.633
4.5504
6.3466
7.7689
8.6128
8.7259
8.0509
6.6748
4.7722
2.5905
0.41351
-1.5142
-2.9981
-3.9126
-4.2028
-3.8834
-3.1127
-2.1085
-1.0478
-0.095433
0.62358
1.0559
1.1868
1.0447
0.72334
0.30429
-0.15833
-0.57239
-0.87692
-1.0658
-1.1507
-1.155
-1.0825
-0.94544
-0.77151
-0.57169
-0.35199
-0.1275
0.10357
0.33906
0.56624
0.77148
0.94255
1.073
1.1445
1.1503
1.0691
0.88237
0.65146
0.41126
0.15456
-0.1064
-0.32106
-0.45371
-0.50344
-0.45372
-0.29108
-0.056749
0.20469
0.45992
0.64919
0.73375
0.68445
0.4821
0.15883
-0.23764
-0.6328
-0.94385
-1.1007
-1.056
-0.82537
-0.42758
0.082179
0.58068
0.96111
1.1457
1.0828
0.76562
0.23879
-0.41096
-1.0683
-1.5986
-1.8748
-1.8102
-1.3753
-0.60132
0.42615
1.5721
2.6731
3.5738
4.1659
4.3843
4.2054
3.6771
2.9253
2.0688
1.2153
0.48781
-0.010924
-0.25304
-0.27444
-0.14332
0.059092
0.29193
0.49327
0.59079
0.57432
0.46894
0.31196
0.14518
0.026524
0.010204
0.086747
0.25184
0.49384
0.76317
1.0153
1.2029
1.2899
1.268
1.1469
0.95037
0.70744
0.46784
0.27725
0.17108
0.16636
0.25111
0.41017
0.64802
0.89222
0.9862
0.93766
0.83141
0.67029
0.43256
0.12938
-0.19254
-0.47306
-0.66354
-0.73969
-0.7133
-0.60647
-0.43662
-0.26465
-0.16084
-0.17036
-0.32862
-0.64
-1.0786
-1.5885
-2.0854
-2.4713
-2.6581
-2.5755
-2.202
-1.5829
-0.78675
0.063116
0.81462
1.3337
1.5111
1.2949
0.70535
-0.16831
-1.1787
-2.1397
-2.8639
-3.1788
-2.9578
-2.1614
-0.84891
0.84344
2.7091
4.4999
5.9961
7.0215
7.4581
7.2798
6.5434
5.3813
3.9743
2.5151
1.168
0.069554
-0.66522
-1.034
-1.1549
-1.1227
-0.96995
-0.78948
-0.6866
-0.67592
-0.74365
-0.85671
-0.96029
-0.99743
-0.91341
-0.70003
-0.39104
-0.029399
0.33051
0.63958
0.8564
0.96184
0.9394
0.7936
0.57436
0.34261
0.13597
-0.024724
-0.11679
-0.12477
-0.049751
0.088982
0.25723
0.42095
0.54842
0.6233
0.63382
0.56532
0.44154
0.29007
0.13667
0.022913
-0.026893
-0.020615
0.020636
0.076164
0.11309
0.09255
-0.023874
-0.25984
-0.615
-1.064
-1.5488
-2.0057
-2.3636
-2.5434
-2.4947
-2.2235
-1.78
-1.219
-0.6146
-0.064865
0.33291
0.49278
0.3762
0.013996
-0.52225
-1.1331
-1.6914
-2.063
-2.1399
-1.8696
-1.264
-0.3744
0.71176
1.8634
2.9264
3.7596
4.2481
4.2998
3.8773
3.0238
1.8376
0.42588
-1.0585
-2.4425
-3.5504
-4.2401
-4.4565
-4.225
-3.6221
-2.7385
-1.716
-0.72088
0.11392
0.70799
1.0217
1.0673
0.90964
0.62758
0.31323
0.063489
-0.079716
-0.11687
-0.05758
0.071697
0.22677
0.35798
0.42571
0.4262
0.37996
0.3002
0.1995
0.10411
0.04282
0.030465
0.067124
0.1305
0.19938
0.24822
0.2497
0.19032
0.071509
-0.084616
-0.25806
-0.42155
-0.53436
-0.55748
-0.49536
-0.36475
-0.18056
0.02331
0.19857
0.30077
0.28926
0.142
-0.13053
-0.50497
-0.91755
-1.2912
-1.5654
-1.6697
-1.5555
-1.2656
-0.86264
-0.40456
0.0048186
0.28743
0.36015
0.16182
-0.29216
-0.93107
-1.6467
-2.3203
-2.8255
-3.044
-2.9271
-2.4858
-1.7623
-0.84095
0.17415
1.1911
2.1218
2.8989
3.4835
3.8695
4.0812
4.1607
4.1589
4.1302
4.0752
3.9698
3.833
3.6672
3.4451
3.1421
2.749
2.27
1.7208
1.1167
0.49382
-0.10128
-0.62786
-1.0437
-1.3104
-1.4066
-1.3158
-1.0458
-0.66765
-0.23934
0.20043
0.598
0.90832
1.1037
1.1799
1.1518
1.0408
0.87626
0.69007
0.5136
0.36784
0.26502
0.20982
0.19103
0.18894
0.18009
0.14609
0.078981
-0.022149
-0.13927
-0.27
-0.40015
-0.51682
-0.5959
-0.63724
-0.65003
-0.65238
-0.68994
-0.77557
-0.90914
-1.1086
-1.3766
-1.6898
-2.0145
-2.3012
-2.5006
-2.547
-2.3866
-2.0338
-1.5406
-0.96232
-0.37902
0.10357
0.41144
0.47379
0.23729
-0.28635
-1.0125
-1.8139
-2.5432
-3.0412
-3.1811
-2.8837
-2.1406
-1.0062
0.40573
1.9338
3.4038
4.6436
5.5093
5.902
5.794
5.2337
4.3051
3.1382
1.9164
0.78543
-0.14105
-0.76452
-1.0589
-1.0594
-0.84169
-0.50854
-0.16184
0.10339
0.21586
0.15013
-0.076692
-0.41875
-0.80238
-1.1395
-1.3541
-1.3786
-1.1969
-0.87875
-0.48366
-0.062595
0.30292
0.54811
0.63438
0.55308
0.34183
0.054612
-0.24925
-0.50873
-0.67543
-0.71236
-0.6078
-0.3716
-0.03537
0.34709
0.70653
0.97949
1.1237
1.1074
0.93039
0.62304
0.23379
-0.18566
-0.55286
-0.76998
-0.81537
-0.72025
-0.48797
-0.13389
0.26953
0.65002
0.93898
1.0804
1.0595
0.8859
0.61204
0.32382
0.09453
0.0038262
0.078182
0.28811
0.62363
1.0174
1.3682
1.5779
1.5488
1.2322
0.64919
-0.12808
-0.99118
-1.8055
-2.4425
-2.7912
-2.7827
-2.4014
-1.6738
-0.66663
0.5338
1.8428
3.1627
4.3993
5.4693
6.2991
6.8472
7.0967
7.0411
6.6888
6.0716
5.2626
4.3327
3.3487
2.3808
1.4978
0.74216
0.13405
-0.32218
-0.64442
-0.85685
-0.98582
-1.0541
-1.0691
-1.0271
-0.9072
-0.69504
-0.41303
-0.08003
0.27946
0.62561
0.91959
1.1342
1.2463
1.2548
1.1739
1.0196
0.82074
0.61285
0.42477
0.27755
0.18724
0.15221
0.15608
0.17288
0.16662
0.13312
0.073084
-0.015452
-0.12445
-0.24332
-0.34358
-0.39013
-0.38092
-0.3486
-0.32274
-0.32679
-0.37714
-0.50783
-0.7248
-1.0222
-1.3929
-1.791
-2.1526
-2.4066
-2.4892
-2.3427
-1.95
-1.3663
-0.66733
0.046781
0.64996
1.0447
1.1294
0.83771
0.17766
-0.7703
-1.8668
-2.9446
-3.8299
-4.3797
-4.502
-4.1706
-3.4315
-2.3784
-1.1456
0.1195
1.2889
2.2729
3.0329
3.5776
3.9566
4.2585
4.5627
4.9144
5.3434
5.8245
6.2932
6.6535
6.7971
6.6329
6.106
5.2124
3.9946
2.5429
0.9859
-0.53406
-1.8747
-2.9144
-3.5655
-3.7889
-3.5782
-2.977
-2.1224
-1.1456
-0.16037
0.71386
1.3866
1.8077
1.9632
1.8896
1.6465
1.2982
0.92404
0.59132
0.34909
0.22525
0.22255
0.32136
0.4833
0.65551
0.78114
0.82557
0.77642
0.6342
0.42266
0.17843
-0.06452
-0.25937
-0.3624
-0.37073
-0.27591
-0.10964
0.046623
0.15088
0.13519
-0.040113
-0.33294
-0.71625
-1.1441
-1.5538
-1.8639
-1.9781
-1.8528
-1.5134
-0.98833
-0.31017
0.40957
1.0494
1.5397
1.8027
1.7697
1.4467
0.90021
0.21841
-0.49538
-1.1396
-1.6345
-1.9232
-1.9897
-1.8521
-1.5402
-1.0994
-0.58205
-0.035477
0.50486
1.015
1.4816
1.9034
2.2815
2.6152
2.9016
3.1334
3.3047
3.4106
3.4288
3.338
3.117
2.751
2.2413
1.6054
0.87658
0.10601
-0.64096
-1.2888
-1.7615
-2.0113
-1.994
-1.6988
-1.2043
-0.59315
0.042226
0.59222
0.98046
1.1587
1.1124
0.87424
0.50113
0.068249
-0.34693
-0.67722
-0.86844
-0.88827
-0.73609
-0.45013
-0.083983
0.29614
0.61468
0.82595
0.89249
0.79642
0.55792
0.21161
-0.1805
-0.52745
-0.78421
-0.93889
-1.0207
-1.0519
-0.9963
-0.88
-0.775
-0.7294
-0.78695
-0.94937
-1.1857
-1.4521
-1.6804
-1.7938
-1.7363
-1.5024
-1.1086
-0.57731
-0.0035455
0.50266
0.86261
0.9724
0.75783
0.23128
-0.55365
-1.5113
-2.5178
-3.4515
-4.2037
-4.696
-4.8802
-4.7341
-4.2776
-3.5573
-2.6376
-1.5877
-0.47226
0.64364
1.7
2.6599
3.4993
4.1935
4.7261
5.0865
5.267
5.2838
5.1575
4.8937
4.5072
4.0273
3.4755
2.8669
2.2144
1.5256
0.80842
0.073249
-0.6605
-1.3595
-1.9755
-2.4553
-2.7405
-2.7852
-2.5453
-2.0121
-1.263
-0.37829
0.54137
1.3855
2.0551
2.4669
2.5913
2.4269
2.0181
1.4424
0.796
0.18395
-0.31765
-0.65083
-0.77508
-0.71116
-0.5094
-0.22972
0.05286
0.28708
0.38969
0.29512
0.017841
-0.3962
-0.89331
-1.4217
-1.9022
-2.2828
-2.5567
-2.7013
-2.6918
-2.533
-2.2586
-1.9432
-1.6675
-1.4741
-1.3826
-1.3741
-1.4181
-1.4548
-1.3994
-1.212
-0.89231
-0.45224
0.067789
0.58748
1.0162
1.2605
1.2423
0.9363
0.37551
-0.36416
-1.1665
-1.8962
-2.4343
-2.6896
-2.6076
-2.1858
-1.4759
-0.56314
0.43797
1.4027
2.2258
2.8354
3.1994
3.3307
3.2847
3.1384
2.9728
2.8546
2.8319
2.9018
3.0291
3.1772
3.2827
3.2831
3.1339
2.8218
2.3617
1.7791
1.1169
0.43262
-0.2197
-0.79694
-1.2623
-1.5975
-1.7975
-1.8559
-1.7807
-1.5595
-1.2228
-0.87088
-0.54112
-0.25351
-0.052569
0.030372
-0.0022237
-0.11692
-0.28751
-0.48559
-0.65992
-0.76455
-0.77375
-0.67197
-0.4672
-0.19441
0.1138
0.41253
0.64322
0.76933
0.76717
0.62197
0.35368
0.0049354
-0.37414
-0.7202
-0.98909
-1.1426
-1.1352
-0.95933
-0.646
-0.25802
0.13553
0.47522
0.71758
0.83397
0.7941
0.57961
0.21004
-0.28118
-0.82808
-1.3502
-1.781
-2.0494
-2.0962
-1.8975
-1.51
-1.0194
-0.48849
-0.0060623
0.32862
0.42513
0.22027
-0.28551
-1.0268
-1.9036
-2.7859
-3.5239
-3.9907
-4.0983
-3.8064
-3.1344
-2.145
-0.93924
0.35162
1.5945
2.6737
3.5006
4.023
4.229
4.1422
3.8089
3.2925
2.6646
1.9839
1.2998
0.66927
0.12748
-0.30841
-0.61399
-0.77927
-0.81117
-0.73225
-0.5818
-0.41521
-0.29607
-0.27919
-0.39975
-0.66669
-1.0615
-1.5372
-2.008
-2.3856
-2.5747
-2.5234
-2.2462
-1.7706
-1.1481
-0.46946
0.17267
0.71256
1.0908
1.2732
1.2627
1.0982
0.83215
0.53186
0.26159
0.071319
-0.0081104
0.026926
0.15945
0.34649
0.54271
0.71668
0.83152
0.86156
0.80323
0.67979
0.51516
0.32957
0.1628
0.050509
0.012688
0.041833
0.078475
0.070226
-0.001517
-0.13067
-0.31141
-0.56645
-0.90519
-1.294
-1.6946
-2.0476
-2.2862
-2.3761
-2.2857
-1.9848
-1.492
-0.89929
-0.31069
0.22159
0.63516
0.85595
0.85709
0.64364
0.25812
-0.20778
-0.65432
-0.98234
-1.0993
-0.97261
-0.62276
-0.10919
0.48066
1.0482
1.4946
1.7486
1.7835
1.6141
1.2985
0.93086
0.6165
0.45155
0.50612
0.81153
1.3519
2.0592
2.8323
3.5678
4.149
4.472
4.4863
4.1861
3.5996
2.7879
1.8303
0.80892
-0.19753
-1.1231
-1.9108
-2.52
-2.9286
-3.1198
-3.0907
-2.8478
-2.3717
-1.7144
-0.99965
-0.28207
0.38294
0.91894
1.2804
1.4399
1.4048
1.2009
0.87154
0.4886
0.11173
-0.19776
-0.38558
-0.42983
-0.33209
-0.11505
0.1769
0.48723
0.76273
0.95878
1.0404
0.99442
0.82642
0.56582
0.2483
-0.079621
-0.37159
-0.57685
-0.64266
-0.57137
-0.41904
-0.21567
0.021506
0.26247
0.46927
0.58616
0.56648
0.3807
0.04581
-0.38516
-0.85419
-1.2802
-1.5723
-1.6502
-1.4772
-1.0903
-0.54556
0.085309
0.69889
1.1971
1.4695
1.4139
0.9933
0.24803
-0.72987
-1.8085
-2.8323
-3.6538
-4.1502
-4.2335
-3.8764
-3.1149
-2.0319
-0.75161
0.57844
1.8152
2.8337
3.5549
3.9536
4.0412
3.8646
3.5055
3.0605
2.615
2.2258
1.9365
1.7693
1.7153
1.7489
1.8377
1.9456
2.0334
2.0674
2.0176
1.8656
1.6041
1.2329
0.77325
0.26293
-0.24822
-0.70029
-1.0281
-1.1481
-1.0333
-0.75764
-0.35557
0.14885
0.67976
1.1612
1.526
1.7276
1.7583
1.635
1.3882
1.0633
0.72383
0.42387
0.19731
0.08085
0.091697
0.20267
0.35932
0.51624
0.64156
0.69728
0.65839
0.52365
0.30968
0.036423
-0.25964
-0.52763
-0.73231
-0.84128
-0.84213
-0.77535
-0.66877
-0.52918
-0.38572
-0.25638
-0.1727
-0.17757
-0.29319
-0.51919
-0.8232
-1.165
-1.5127
-1.811
-1.988
-1.9948
-1.8453
-1.5616
-1.147
-0.65418
-0.15944
0.27243
0.57526
0.69184
0.6054
0.33129
-0.094136
-0.61054
-1.142
-1.6131
-1.9575
-2.1183
-2.0563
-1.7611
-1.2478
-0.55669
0.24422
1.0732
1.8567
2.529
3.0307
3.3323
3.4343
3.3565
3.1364
2.818
2.4442
2.057
1.6896
1.3643
1.0905
0.86255
0.66338
0.46972
0.25183
-0.010338
-0.32334
-0.68707
-1.0826
-1.4638
-1.7773
-1.9836
-2.0373
-1.8617
-1.4744
-1.0042
-0.49541
0.030788
0.50961
0.88655
1.1153
1.1736
1.0768
0.86413
0.58248
0.26846
-0.033735
-0.27295
-0.41525
-0.43716
-0.33443
-0.13373
0.12762
0.40861
0.66085
0.84073
0.92244
0.88757
0.71703
0.42244
0.032772
-0.42128
-0.90483
-1.3615
-1.7242
-1.9742
-2.1131
-2.1115
-1.9432
-1.6519
-1.3075
-0.97457
-0.71224
-0.56723
-0.57299
-0.71758
-0.95393
-1.2109
-1.3941
-1.4235
-1.2824
-0.98283
-0.52714
0.021835
0.56672
1.0128
1.2493
1.2029
0.87415
0.30122
-0.44493
-1.2537
-2.0042
-2.5948
-2.9507
-3.0331
-2.8435
-2.4197
-1.8282
-1.1547
-0.48107
0.12779
0.62112
0.97493
1.1979
1.3177
1.372
1.4048
1.4507
1.5216
1.6144
1.7206
1.8194
1.8799
1.874
1.7739
1.5578
1.222
0.77302
0.2261
-0.38565
-1.0197
-1.6137
-2.0975
-2.4241
-2.5499
-2.4519
-2.0797
-1.4629
-0.78665
-0.12601
0.48026
0.94867
1.2339
1.3089
1.1701
0.86703
0.47063
0.062089
-0.29339
-0.55332
-0.67725
-0.63815
-0.44284
-0.12953
0.24417
0.61505
0.91398
1.0784
1.0776
0.90268
0.56919
0.11732
-0.39974
-0.91208
-1.3482
-1.6461
-1.7431
-1.6201
-1.3399
-0.94633
-0.4856
-0.032297
0.35189
0.60573
0.67431
0.53714
0.21724
-0.22659
-0.7201
-1.1768
-1.5086
-1.6349
-1.5226
-1.2147
-0.78444
-0.29913
0.15403
0.49563
0.66575
0.60559
0.30836
-0.16506
-0.73215
-1.2947
-1.7494
-2.0239
-2.0693
-1.876
-1.4753
-0.91849
-0.27441
0.38093
0.98567
1.4994
1.8977
2.1798
2.3621
2.4804
2.5753
2.6748
2.7921
2.9296
3.0828
3.1996
3.2171
3.1202
2.9001
2.549
2.0873
1.5539
1.0052
0.50311
0.087157
-0.21633
-0.3917
-0.4435
-0.38993
-0.25945
-0.086672
0.096342
0.26177
0.39123
0.47542
0.51374
0.51096
0.47401
0.41277
0.33492
0.24936
0.16116
0.071496
-0.011657
-0.085966
-0.15138
-0.2034
-0.23843
-0.25415
-0.24985
-0.22593
-0.18642
-0.13372
-0.073265
-0.013589
0.039789
0.081728
0.10958
0.12355
0.12478
0.11509
0.096533
0.07314
0.048813
0.025842
0.0062033
-0.0091554
-0.019826
-0.026629
-0.029922
-0.030562
-0.029998
-0.028947
-0.027868
-0.027396
-0.027196
-0.026369
-0.024157
-0.020811
-0.016605
-0.010416
-0.0017124
0.0074371
0.015909
0.023897
0.030456
0.034764
0.036424
0.035869
0.033662
0.029985
0.025764
0.021113
0.015865
0.0096778
0.0021737
-0.0067483
-0.017445
-0.029562
-0.042538
-0.054983
-0.065043
-0.071004
-0.071134
-0.06426
-0.049972
-0.028918
-0.0028792
0.02579
0.054493
0.079987
0.099428
0.11108
0.11443
0.10922
0.096397
0.078961
0.058921
0.037436
0.016087
-0.0038443
-0.019629
-0.031095
-0.040982
-0.049847
-0.056492
-0.060429
-0.062577
-0.063447
-0.062592
-0.05983
-0.055139
-0.048044
-0.038854
-0.028033
-0.016131
-0.0032108
0.010285
0.021737
0.030037
0.035597
0.038005
0.037086
0.033271
0.027297
0.020649
0.014991
0.011855
0.011917
0.01539
0.022629
0.032572
0.043077
0.052577
0.058738
0.059785
0.055101
0.04394
0.028085
0.010338
-0.0085683
-0.026516
-0.039462
-0.045815
-0.04496
-0.03507
-0.016413
0.0063079
0.02856
0.050851
0.073168
0.091885
0.10439
0.11075
0.1107
0.10454
0.093234
0.077567
0.058611
0.037267
0.01507
-0.006525
-0.026827
-0.044698
-0.059381
-0.071296
-0.07997
-0.084633
-0.085157
-0.081782
-0.074574
-0.063663
-0.049933
-0.034198
-0.017058
-0.00035022
0.014667
0.026974
0.035428
0.039871
0.039413
0.034705
0.027181
0.016991
0.0058751
-0.0047025
-0.014711
-0.022196
-0.027111
-0.030904
-0.034032
-0.037064
-0.040638
-0.04534
-0.051135
-0.057156
-0.063104
-0.068758
-0.07261
-0.073293
-0.070535
-0.064078
-0.053866
-0.040387
-0.024351
-0.0064411
0.011631
0.02754
0.040822
0.051017
0.056976
0.058334
0.055288
0.048149
0.037358
0.023889
0.0090228
-0.0067015
-0.022393
-0.036615
-0.048881
-0.058478
-0.064716
-0.067889
-0.06805
-0.065475
-0.060756
-0.054517
-0.047561
-0.04029
-0.032737
-0.025546
-0.019311
-0.012153
-0.0041543
0.0029177
0.010329
0.018303
0.025674
0.032166
0.037614
0.041802
0.044035
0.044048
0.041842
0.037182
0.030183
0.021106
0.010355
-0.0015803
-0.014294
-0.027134
-0.039558
-0.050923
-0.060497
-0.067598
-0.071799
-0.073003
-0.071111
-0.066174
-0.058488
-0.048665
-0.037456
-0.025591
-0.013617
-0.0024076
0.0073193
0.015621
0.02227
0.026992
0.029955
0.031387
0.031387
0.030123
0.027687
0.023937
0.019109
0.013491
0.0068519
-0.00046721
-0.0081111
-0.015557
-0.022187
-0.028324
-0.033849
-0.038314
-0.041634
-0.04406
-0.045853
-0.047062
-0.047598
-0.047272
-0.045895
-0.04337
-0.039634
-0.034638
-0.028683
-0.022056
-0.015213
-0.009134
-0.0045142
-0.0012998
0.00027666
0.00018012
-0.0010993
-0.0030498
-0.0050903
-0.0066379
-0.0074234
-0.0076078
-0.0073044
-0.0070062
-0.0075544
-0.0096782
-0.013978
-0.020483
-0.02875
-0.037781
-0.046114
-0.052102
-0.054108
-0.050808
-0.041593
-0.026992
-0.0087069
0.010687
0.028066
0.03986
0.042387
0.033088
0.011687
-0.02081
-0.062165
-0.108
-0.15288
-0.19138
-0.21855
-0.23086
-0.22692
-0.20738
-0.17488
-0.13372
-0.088616
-0.04452
-0.0057906
0.024572
0.044846
0.054901
0.056051
0.050673
0.041407
0.03087
0.021249
0.014229
0.01067
0.0105
0.012982
0.016921
0.020977
0.024025
0.025277
0.024344
0.021308
0.016716
0.011284
0.0056981
0.00072969
-0.0030347
-0.0053964
-0.0064114
-0.0063748
-0.0056625
-0.0047149
-0.0039863
-0.0036754
-0.0038973
-0.004683
-0.0057904
-0.0070211
-0.0082184
-0.0091851
-0.0097309
-0.0097247
-0.0091336
-0.0079579
-0.006274
-0.0042407
-0.0020575
2.689e-07
0.0015956
0.0024195
0.0023111
0.0011821
-0.00096921
-0.0038606
-0.0070286
-0.0099163
-0.011888
-0.012368
-0.010962
-0.0075396
-0.0022925
0.0042662
0.011383
0.018167
0.023745
0.027382
0.028599
0.027355
0.023918
0.018795
0.012577
0.0060557
8.5765e-05
-0.0049232
-0.0089706
-0.01204
-0.014129
-0.015486
-0.01633
-0.01679
-0.01691
-0.016685
-0.01608
-0.014983
-0.013354
-0.011367
-0.0091499
-0.0068692
-0.0048138
-0.0032064
-0.0022263
-0.0018847
-0.0020363
-0.0024905
-0.0029714
-0.0031998
-0.002974
-0.002115
-0.00063688
0.0012552
0.0032788
0.005156
0.0064898
0.0068965
0.0063741
0.0049257
0.0024737
-0.00073
-0.0043109
-0.0079195
-0.011165
-0.013733
-0.015357
-0.015895
-0.015364
-0.013901
-0.011846
-0.0095696
-0.0074233
-0.0057767
-0.0049408
-0.0051466
-0.0063511
-0.008403
-0.01105
-0.013944
-0.016801
-0.019215
-0.020954
-0.02203
-0.022405
-0.021944
-0.020882
-0.019608
-0.018118
-0.016779
-0.015646
-0.014351
-0.012977
-0.011663
-0.010322
-0.0088984
-0.0075045
-0.0062002
-0.0051225
-0.0042887
-0.0035857
-0.0030685
-0.0026798
-0.0022025
-0.0015766
-0.00086872
-9.0723e-05
0.00060828
0.00099216
0.00082535
-0.00023694
-0.0023643
-0.0055424
-0.0097797
-0.014792
-0.019951
-0.024694
-0.028529
-0.030763
-0.030851
-0.028629
-0.02402
-0.01731
-0.0091661
-0.00050305
0.0078011
0.015028
0.020403
0.023108
0.023061
0.020941
0.017242
0.012499
0.007614
0.0033424
0.00022307
-0.0014174
-0.0015737
-0.00050213
0.0013573
0.0034729
0.0052142
0.0060189
0.0055891
0.0038134
0.00080925
-0.0031035
-0.0074794
-0.011756
-0.015402
-0.018017
-0.019361
-0.019369
-0.018192
-0.016232
-0.013955
-0.011772
-0.010227
-0.0097607
-0.010473
-0.012228
-0.014725
-0.017517
-0.020061
-0.021848
-0.022449
-0.021594
-0.019261
-0.015651
-0.011183
-0.0064111
-0.0019454
0.0015801
0.0036707
0.0040729
0.0027354
-0.00012557
-0.0040365
-0.0083215
-0.012267
-0.01512
-0.016197
-0.015079
-0.011589
-0.005758
0.0022106
0.011785
0.022297
0.033202
