-0.070313
-0.07245
-0.07427
-0.075311
-0.075167
-0.073529
-0.070222
-0.065238
-0.05875
-0.051112
-0.042838
-0.034554
-0.026938
-0.020642
-0.016213
-0.014025
-0.014237
-0.016767
-0.021315
-0.027406
-0.034458
-0.041865
-0.049071
-0.05563
-0.061235
-0.065717
-0.069016
-0.071137
-0.072108
-0.071949
-0.070672
-0.0683
-0.064903
-0.060634
-0.055751
-0.050613
-0.045649
-0.0413
-0.037958
-0.035901
-0.035249
-0.035945
-0.037768
-0.04037
-0.043336
-0.046248
-0.048752
-0.050614
-0.05174
-0.052186
-0.052126
-0.051812
-0.051509
-0.051449
-0.051781
-0.052553
-0.053712
-0.055123
-0.056601
-0.057955
-0.059015
-0.059664
-0.059848
-0.059578
-0.058917
-0.057966
-0.056841
-0.05566
-0.054522
-0.053501
-0.052649
-0.051991
-0.051537
-0.051282
-0.051207
-0.051281
-0.05145
-0.051635
-0.051731
-0.051609
-0.051131
-0.050172
-0.04864
-0.046515
-0.043863
-0.040859
-0.03778
-0.034986
-0.032876
-0.031834
-0.03216
-0.034016
-0.037378
-0.042027
-0.04757
-0.053488
-0.059215
-0.064222
-0.068085
-0.070535
-0.071476
-0.070958
-0.069137
-0.066208
-0.062361
-0.057746
-0.052477
-0.046658
-0.040435
-0.034038
-0.027819
-0.022245
-0.017868
-0.015244
-0.014853
-0.016996
-0.021722
-0.028789
-0.037661
-0.047563
-0.057567
-0.066708
-0.074108
-0.079086
-0.081248
-0.080527
-0.07719
-0.071794
-0.065099
-0.057965
-0.051229
-0.045599
-0.041563
-0.039352
-0.038931
-0.04004
-0.042266
-0.045125
-0.048139
-0.050909
-0.053147
-0.054696
-0.055514
-0.055656
-0.055237
-0.054401
-0.053299
-0.052071
-0.050846
-0.049744
-0.048881
-0.048373
-0.048329
-0.048841
-0.049957
-0.051657
-0.053839
-0.056308
-0.0588
-0.061014
-0.062663
-0.063537
-0.063548
-0.062761
-0.061392
-0.059768
-0.058269
-0.057238
-0.056901
-0.057304
-0.058282
-0.05948
-0.060414
-0.060575
-0.05954
-0.057079
-0.053231
-0.04832
-0.042922
-0.037773
-0.033643
-0.031196
-0.030874
-0.032808
-0.036793
-0.042325
-0.048676
-0.055017
-0.06054
-0.064572
-0.066657
-0.066605
-0.064489
-0.060616
-0.055473
-0.049655
-0.043795
-0.038498
-0.034282
-0.031537
-0.030492
-0.031198
-0.033536
-0.037226
-0.041858
-0.046936
-0.051932
-0.056338
-0.059733
-0.061831
-0.062524
-0.061892
-0.06019
-0.057809
-0.0552
-0.052799
-0.050938
-0.049788
-0.049323
-0.049329
-0.049453
-0.049282
-0.048438
-0.046664
-0.043894
-0.040277
-0.036158
-0.032022
-0.028409
-0.025824
-0.024651
-0.025098
-0.027177
-0.030712
-0.035382
-0.040777
-0.046454
-0.051991
-0.057024
-0.061273
-0.06455
-0.066763
-0.067901
-0.068029
-0.067259
-0.065733
-0.063601
-0.060994
-0.058026
-0.054787
-0.051364
-0.047856
-0.044393
-0.041153
-0.038354
-0.036241
-0.035055
-0.034987
-0.036142
-0.038499
-0.041897
-0.046035
-0.050502
-0.054827
-0.058539
-0.061243
-0.062675
-0.06275
-0.061581
-0.059465
-0.056843
-0.054225
-0.052105
-0.050859
-0.05066
-0.051415
-0.052744
-0.054014
-0.054432
-0.053179
-0.049587
-0.043313
-0.034483
-0.02377
-0.01238
-0.0019187
0.0058535
0.0093412
0.0074673
-2.0165e-05
-0.01236
-0.027773
-0.043665
-0.057039
-0.065031
-0.065489
-0.057457
-0.041452
-0.019442
0.0054906
0.029764
0.050058
0.064061
0.071003
0.071819
0.068839
0.065014
0.06282
0.063071
0.063954
0.060625
0.045608
0.010118
-0.053765
-0.1504
-0.27786
-0.42582
-0.57475
-0.69694
-0.75964
-0.73015
-0.58228
-0.30307
0.10152
0.60347
1.153
1.6833
2.1184
2.3849
2.4236
2.2005
1.7141
0.99842
0.11979
-0.83086
-1.7501
-2.5357
-3.1009
-3.385
-3.3612
-3.0389
-2.4607
-1.6953
-0.82747
0.053672
0.86555
1.5412
2.0352
2.3269
2.4193
2.3365
2.1182
1.8132
1.4723
1.1409
0.85382
0.63126
0.47767
0.38341
0.32871
0.28918
0.24193
0.17103
0.071315
-0.050136
-0.17524
-0.27861
-0.33317
-0.31651
-0.21691
-0.037647
0.20135
0.46534
0.70989
0.88879
0.96303
0.90911
0.7245
0.42912
0.062116
-0.32511
-0.67823
-0.94944
-1.1051
-1.13
-1.0277
-0.81742
-0.52822
-0.19253
0.15964
0.50463
0.82663
1.1169
1.3718
1.5899
1.7694
1.9069
1.9964
2.0305
2.0011
1.9024
1.7331
1.4993
1.2156
0.90592
0.6022
0.34111
0.15953
0.088736
0.14837
0.34099
0.64866
1.0323
1.4346
1.7869
2.0189
2.0695
1.8981
1.4924
0.87264
0.089759
-0.7806
-1.6481
-2.4193
-3.0083
-3.346
-3.3866
-3.1108
-2.5277
-1.6739
-0.61115
0.57806
1.7971
2.9438
3.9214
4.6494
5.0742
5.1762
4.972
4.5106
3.8643
3.1156
2.3431
1.6101
0.95845
0.40789
-0.038617
-0.38641
-0.64022
-0.79784
-0.8484
-0.77586
-0.56685
-0.22012
0.24523
0.78583
1.3365
1.8189
2.1554
2.2837
2.1702
1.8169
1.2614
0.56909
-0.17976
-0.90522
-1.5413
-2.0449
-2.3992
-2.6098
-2.6973
-2.6867
-2.5976
-2.4378
-2.2012
-1.8718
-1.4316
-0.87124
-0.19958
0.55002
1.3197
2.0336
2.6101
2.9775
3.0881
2.9297
2.5298
1.952
1.2863
0.6344
0.093459
-0.25984
-0.38123
-0.26584
0.051058
0.49927
0.98445
1.4027
1.6569
1.6733
1.414
0.8855
0.13988
-0.73108
-1.6085
-2.3637
-2.8789
-3.0656
-2.8808
-2.3357
-1.4964
-0.47559
0.58411
1.5323
2.2353
2.5983
2.5817
2.2067
1.5507
0.73222
-0.11222
-0.85336
-1.3926
-1.6781
-1.7113
-1.5423
-1.2553
-0.94867
-0.71208
-0.60715
-0.65465
-0.83133
-1.0768
-1.3086
-1.4428
-1.4138
-1.191
-0.78594
-0.25057
0.33408
0.87554
1.2895
1.5172
1.5359
1.3625
1.0477
0.66489
0.29448
0.007922
-0.14611
-0.15112
-0.026103
0.17774
0.38649
0.51775
0.49728
0.27509
-0.16223
-0.78534
-1.524
-2.277
-2.9284
-3.3678
-3.5105
-3.3136
-2.7843
-1.9799
-0.99764
0.041355
1.0119
1.804
2.3382
2.5743
2.5139
2.1966
1.6915
1.0855
0.47203
-0.06138
-0.44249
-0.62199
-0.57828
-0.31917
0.11933
0.67729
1.2776
1.8353
2.2677
2.5049
2.4995
2.2338
1.7225
1.0123
0.17686
-0.6926
-1.4984
-2.1493
-2.5723
-2.7228
-2.5905
-2.2003
-1.6083
-0.89286
-0.14207
0.55987
1.145
1.5704
1.8214
1.9102
1.8685
1.7389
1.5645
1.3807
1.2101
1.0597
0.92273
0.78214
0.61677
0.40803
0.14657
-0.16261
-0.49756
-0.82055
-1.0833
-1.2355
-1.2361
-1.0631
-0.72135
-0.24491
0.30732
0.86129
1.3414
1.6844
1.8512
1.8326
1.6492
1.3453
0.97882
0.60902
0.28613
0.043492
-0.10578
-0.16766
-0.16234
-0.11687
-0.05734
-0.0019888
0.042963
0.084129
0.13819
0.2263
0.36695
0.56919
0.82772
1.1213
1.4146
1.664
1.8247
1.8594
1.7449
1.4779
1.0766
0.57965
0.041866
-0.47237
-0.89748
-1.1756
-1.2647
-1.1457
-0.82621
-0.34131
0.24917
0.86765
1.4287
1.8509
2.0692
2.0456
1.7759
1.2917
0.65645
-0.04316
-0.71061
-1.2539
-1.5993
-1.7024
-1.5533
-1.1773
-0.62896
0.017487
0.68041
1.2833
1.7655
2.0886
2.2391
2.226
2.0756
1.8239
1.5106
1.1737
0.84733
0.56053
0.33755
0.19746
0.15283
0.2076
0.35465
0.57453
0.83642
1.1018
1.3307
1.4888
1.5546
1.5235
1.4086
1.2381
1.0496
0.88228
0.77041
0.73688
0.78977
0.92099
1.1073
1.3137
1.4983
1.6189
1.6399
1.5389
1.3122
0.97837
0.57756
0.1684
-0.17952
-0.39581
-0.42113
-0.21869
0.21658
0.85346
1.6256
2.4395
3.1876
3.7655
4.0893
4.1102
3.8227
3.2657
2.5163
1.6761
0.85612
0.15934
-0.33322
-0.57281
-0.54785
-0.28368
0.16245
0.70976
1.2647
1.7324
2.0289
2.0908
1.8841
1.409
0.70186
-0.16825
-1.1062
-2.0017
-2.7424
-3.2283
-3.3847
-3.1726
-2.5947
-1.696
-0.55881
0.70683
1.9766
3.127
4.0501
4.6661
4.9326
4.8475
4.448
3.8034
3.0048
2.1532
1.3471
0.67125
0.18844
-0.066975
-0.091954
0.085292
0.40887
0.80236
1.1792
1.4556
1.5638
1.4635
1.1498
0.65461
0.041107
-0.60698
-1.2005
-1.6607
-1.932
-1.9903
-1.8442
-1.5297
-1.1012
-0.61943
-0.14049
0.29169
0.64908
0.91871
1.0988
1.1932
1.2066
1.141
0.99588
0.77048
0.46806
0.10069
-0.30741
-0.71952
-1.0898
-1.37
-1.5187
-1.5106
-1.343
-1.0387
-0.64287
-0.21596
0.17786
0.48267
0.66152
0.7035
0.62594
0.47123
0.29898
0.17493
0.15825
0.28966
0.58214
1.0162
1.5404
2.0777
2.5371
2.8281
2.8766
2.6397
2.1159
1.3493
0.42629
-0.53475
-1.4007
-2.0443
-2.366
-2.3111
-1.8822
-1.1399
-0.19488
0.81026
1.725
2.417
2.7946
2.8222
2.5245
1.9796
1.3022
0.62149
0.057067
-0.3012
-0.40675
-0.26124
0.089236
0.56494
1.0681
1.5002
1.779
1.8512
1.7008
1.3505
0.85696
0.2995
-0.23401
-0.6631
-0.92842
-1.001
-0.88507
-0.61475
-0.24506
0.15976
0.53831
0.84183
1.0402
1.1232
1.0987
0.98674
0.81388
0.60699
0.38897
0.17643
-0.020316
-0.19552
-0.34537
-0.46543
-0.54908
-0.58766
-0.57228
-0.49682
-0.3612
-0.17346
0.049973
0.28657
0.51181
0.70411
0.84889
0.94054
0.98164
0.97976
0.94323
0.87733
0.78244
0.65476
0.48948
0.28518
0.048014
-0.20612
-0.45229
-0.66054
-0.80213
-0.85668
-0.81808
-0.69748
-0.5225
-0.33245
-0.17063
-0.075269
-0.07115
-0.16371
-0.33694
-0.55563
-0.77172
-0.93349
-0.99581
-0.92955
-0.72799
-0.40899
-0.012414
0.40701
0.78986
1.0834
1.2519
1.2835
1.1923
1.0155
0.80514
0.61789
0.50311
0.49309
0.59653
0.7967
1.0543
1.3147
1.5179
1.6096
1.5514
1.329
0.95505
0.46845
-0.072302
-0.599
-1.0459
-1.3609
-1.5146
-1.5032
-1.3468
-1.0828
-0.75613
-0.40993
-0.077459
0.22173
0.48173
0.70665
0.90495
1.0836
1.2437
1.3788
1.4762
1.5208
1.4998
1.4079
1.2494
1.0397
0.80207
0.56405
0.35209
0.18686
0.080156
0.033897
0.041284
0.089323
0.16179
0.24175
0.31318
0.36177
0.37545
0.34523
0.26662
0.14148
-0.020438
-0.20115
-0.37614
-0.51829
-0.60377
-0.61831
-0.56241
-0.45363
-0.32482
-0.21797
-0.17481
-0.22575
-0.38005
-0.61955
-0.89791
-1.1463
-1.2849
-1.2382
-0.95142
-0.40439
0.38005
1.3353
2.3585
3.3254
4.1098
4.6035
4.7346
4.4785
3.8624
2.9609
1.8844
0.76348
-0.26972
-1.0988
-1.6376
-1.8402
-1.7052
-1.274
-0.62433
0.14069
0.90663
1.5628
2.0168
2.2067
2.1096
1.7444
1.1691
0.47248
-0.23971
-0.86094
-1.3007
-1.4986
-1.4333
-1.1242
-0.62674
-0.02101
0.60263
1.1586
1.5791
1.8226
1.8776
1.7613
1.5134
1.1879
0.84339
0.53408
0.3022
0.17359
0.1561
0.24084
0.40586
0.621
0.85323
1.0714
1.2497
1.3701
1.423
1.4073
1.3287
1.1986
1.032
0.84511
0.65329
0.46951
0.303
0.15882
0.038118
-0.060935
-0.14191
-0.20885
-0.26554
-0.31548
-0.36272
-0.41321
-0.47587
-0.56273
-0.68708
-0.85985
-1.0844
-1.3514
-1.6349
-1.8922
-2.0678
-2.1013
-1.9388
-1.5443
-0.9099
-0.061298
0.94248
2.0151
3.0541
3.9549
4.6252
4.9976
5.0382
4.7502
4.1729
3.3753
2.4479
1.491
0.60387
-0.126
-0.63163
-0.87328
-0.8423
-0.56221
-0.086453
0.50719
1.1254
1.6709
2.0556
2.2138
2.1129
1.7601
1.2024
0.51994
-0.18681
-0.81405
-1.2723
-1.5012
-1.4786
-1.2218
-0.78213
-0.23372
0.34056
0.86292
1.272
1.5299
1.6252
1.5709
1.3993
1.1549
0.88654
0.63955
0.44968
0.33898
0.314
0.36668
0.47721
0.61857
0.76185
0.8814
0.95916
0.98719
0.9682
0.91384
0.8411
0.76768
0.70711
0.66502
0.63729
0.61062
0.56563
0.48175
0.34296
0.14276
-0.11267
-0.40429
-0.70313
-0.97586
-1.1917
-1.3292
-1.3808
-1.3553
-1.2758
-1.1756
-1.0913
-1.0552
-1.0883
-1.1946
-1.3579
-1.5426
-1.6969
-1.7604
-1.6738
-1.3904
-0.88626
-0.16927
0.71762
1.6983
2.6718
3.5264
4.1565
4.4806
4.4553
4.0849
3.4217
2.5597
1.6204
0.73485
0.023812
-0.41988
-0.54476
-0.34772
0.12614
0.79073
1.5319
2.2249
2.7528
3.025
2.9913
2.6504
2.0506
1.2822
0.4626
-0.28386
-0.84722
-1.1506
-1.1625
-0.90047
-0.42546
0.17075
0.78308
1.3113
1.6756
1.8279
1.756
1.4824
1.0573
0.54896
0.031329
-0.42691
-0.77188
-0.97078
-1.0145
-0.91651
-0.70847
-0.43371
-0.13947
0.13061
0.34258
0.47609
0.52576
0.50005
0.41822
0.30613
0.1917
0.10066
0.0531
0.061147
0.12768
0.24621
0.40172
0.57236
0.73196
0.85298
0.90988
0.8822
0.75723
0.53159
0.21163
-0.18727
-0.64248
-1.1263
-1.6085
-2.058
-2.4456
-2.7444
-2.931
-2.986
-2.8939
-2.6438
-2.2303
-1.6557
-0.93269
-0.087992
0.83599
1.7811
2.6766
3.4465
4.0187
4.336
4.366
4.1081
3.5953
2.8915
2.0831
1.2674
0.5393
-0.021007
-0.35808
-0.44693
-0.29429
0.064466
0.57179
1.1568
1.7446
2.266
2.6649
2.9042
2.969
2.8667
2.6239
2.2815
1.8867
1.4852
1.114
0.79624
0.53937
0.337
0.17331
0.029251
-0.11127
-0.25663
-0.40527
-0.54629
-0.66267
-0.73617
-0.7525
-0.70583
-0.60115
-0.4543
-0.28946
-0.13476
-0.016838
0.044376
0.039744
-0.026988
-0.13946
-0.27129
-0.39064
-0.46586
-0.47142
-0.39301
-0.2309
-0.00094304
0.26727
0.53469
0.75907
0.90192
0.93486
0.84415
0.63227
0.31657
-0.074783
-0.50829
-0.95085
-1.3743
-1.7582
-2.0897
-2.3625
-2.5727
-2.7154
-2.7805
-2.7514
-2.6046
-2.3131
-1.8525
-1.209
-0.38686
0.58521
1.6521
2.7355
3.7417
4.5743
5.1485
5.4041
5.3153
4.8952
4.1942
3.2927
2.2907
1.2956
0.41038
-0.27625
-0.69764
-0.81432
-0.61702
-0.12762
0.602
1.4938
2.4504
3.3647
4.1326
4.6655
4.9031
4.8218
4.4386
3.8085
3.0162
2.1633
1.353
0.67602
0.198
-0.047933
-0.063614
0.11696
0.43505
0.81772
1.1897
1.4847
1.6542
1.673
1.5399
1.2755
0.91593
0.50643
0.093998
-0.27839
-0.57597
-0.77467
-0.8621
-0.83782
-0.71284
-0.50894
-0.25728
0.0036951
0.23149
0.38375
0.42334
0.32333
0.071348
-0.3279
-0.8524
-1.4651
-2.1184
-2.76
-3.3386
-3.8098
-4.1393
-4.3058
-4.3013
-4.1314
-3.8139
-3.3772
-2.8575
-2.2956
-1.7322
-1.2032
-0.73573
-0.34454
-0.031553
0.21296
0.40655
0.56946
0.71912
0.86596
1.0114
1.1486
1.2658
1.3514
1.3989
1.4108
1.4002
1.3892
1.4052
1.4743
1.615
1.8328
2.1166
2.439
2.7599
3.0333
3.2156
3.2742
3.1938
2.9806
2.6603
2.2745
1.8719
1.4994
1.194
0.97646
0.8494
0.79877
0.7987
0.81819
0.82804
0.80667
0.7437
0.64084
0.51022
0.37074
0.24349
0.14714
0.094364
0.089903
0.1304
0.20592
0.30266
0.40602
0.5034
0.58618
0.65051
0.69694
0.72922
0.7526
0.77206
0.79092
0.81006
0.82781
0.84056
0.84382
0.83356
0.80724
0.76439
0.70617
0.63408
0.54801
0.44415
0.31362
0.14254
-0.085816
-0.38697
-0.76956
-1.2295
-1.7454
-2.2765
-2.7649
-3.1412
-3.3354
-3.2877
-2.9618
-2.354
-1.4987
-0.46716
0.63997
1.7063
2.6167
3.2747
3.6175
3.6256
3.3241
2.7777
2.0793
1.3344
0.64583
0.099759
-0.24349
-0.35434
-0.23403
0.088857
0.5642
1.1274
1.7067
2.231
2.637
2.8764
2.9215
2.7697
2.4439
1.9897
1.4684
0.94733
0.48849
0.13863
-0.07777
-0.1609
-0.13322
-0.032926
0.095101
0.20884
0.27708
0.28436
0.23202
0.13565
0.019695
-0.089165
-0.16828
-0.2035
-0.19105
-0.13652
-0.051755
0.049336
0.15487
0.25772
0.35631
0.45328
0.55263
0.65606
0.75982
0.85304
0.91825
0.93448
0.88229
0.74984
0.53857
0.26685
-0.029588
-0.30119
-0.49195
-0.54952
-0.43631
-0.13929
0.32367
0.90275
1.5213
2.0864
2.5042
2.6966
2.6165
2.2589
1.6657
0.92166
0.14313
-0.53973
-1.0043
-1.157
-0.95049
-0.39455
0.44295
1.4448
2.462
3.3382
3.9348
4.1553
3.9609
3.3772
2.49
1.4298
0.3506
-0.59631
-1.2859
-1.6386
-1.6304
-1.2929
-0.7041
0.028868
0.79083
1.4789
2.0185
2.3718
2.5382
2.5474
2.4469
2.2895
2.1213
1.9738
1.8621
1.7854
1.7323
1.6862
1.6311
1.555
1.4522
1.3232
1.1732
1.0104
0.84325
0.67957
0.52565
0.38645
0.26613
0.16858
0.097411
0.055486
0.043787
0.060148
0.098167
0.14675
0.19059
0.21182
0.19259
0.11847
-0.018021
-0.21442
-0.45657
-0.71875
-0.96592
-1.1579
-1.2548
-1.2231
-1.0415
-0.70449
-0.22559
0.36288
1.0115
1.6581
2.2334
2.669
2.9055
2.9015
2.6413
2.1404
1.4472
0.64012
-0.18092
-0.90754
-1.4392
-1.6999
-1.6517
-1.3025
-0.70593
0.047467
0.84587
1.5754
2.1393
2.4726
2.5504
2.388
2.034
1.5584
1.0385
0.54571
0.13508
-0.16065
-0.33213
-0.39033
-0.3604
-0.27422
-0.16313
-0.052352
0.042317
0.11525
0.16968
0.21495
0.26315
0.32564
0.41006
0.51797
0.64359
0.77372
0.88932
0.9684
0.99017
0.93959
0.81133
0.61245
0.36278
0.092859
-0.16041
-0.35974
-0.47397
-0.48386
-0.38607
-0.1944
0.061945
0.34279
0.60343
0.80177
0.90502
0.89469
0.76919
0.54373
0.24778
-0.079355
-0.39406
-0.65422
-0.82464
-0.88139
-0.81477
-0.63049
-0.34911
-0.0037001
0.36409
0.70901
0.988
1.1659
1.2204
1.1457
0.95382
0.6732
0.34498
0.016882
-0.26408
-0.45912
-0.5441
-0.51369
-0.38256
-0.18303
0.04056
0.24011
0.37329
0.41258
0.35197
0.20952
0.02507
-0.14691
-0.24811
-0.22848
-0.057189
0.27003
0.72876
1.2693
1.8247
2.3221
2.6938
2.8883
2.8763
2.6547
2.2454
1.6912
1.0497
0.38549
-0.23771
-0.76367
-1.1493
-1.3686
-1.4139
-1.2961
-1.0424
-0.69191
-0.29054
0.11521
0.48451
0.78742
1.0081
1.1455
1.2116
1.2272
1.217
1.2045
1.2079
1.237
1.292
1.3646
1.4391
1.4963
1.517
1.4853
1.3921
1.2363
1.0255
0.77493
0.50535
0.24023
0.0029621
-0.18594
-0.31117
-0.36439
-0.34526
-0.26161
-0.12866
0.032877
0.19948
0.34814
0.45965
0.52129
0.52839
0.48445
0.39989
0.28999
0.1725
0.065592
-0.013464
-0.049241
-0.028908
0.056586
0.21069
0.42898
0.69711
0.99003
1.2733
1.5069
1.6519
1.6775
1.5687
1.3315
0.99409
0.60448
0.22337
-0.085818
-0.26811
-0.28727
-0.13305
0.17591
0.59448
1.0581
1.4933
1.8304
2.0143
2.0136
1.8247
1.4715
1.0006
0.47372
-0.041802
-0.48263
-0.79772
-0.95448
-0.94219
-0.77236
-0.47615
-0.099336
0.3045
0.68173
0.9863
1.1862
1.2678
1.237
1.1178
0.94669
0.76542
0.61304
0.51843
0.49542
0.54143
0.63942
0.76284
0.88182
0.96953
1.0069
0.98545
0.90695
0.78158
0.62404
0.44944
0.26965
0.091147
-0.085216
-0.2626
-0.44512
-0.63428
-0.82601
-1.0092
-1.1662
-1.276
-1.318
-1.2777
-1.1501
-0.94266
-0.67509
-0.37683
-0.08243
0.17406
0.3646
0.47142
0.48921
0.42513
0.29677
0.12889
-0.050296
-0.21252
-0.33214
-0.38813
-0.36554
-0.25691
-0.063695
0.20245
0.51882
0.85202
1.1601
1.3965
1.5166
1.4842
1.2798
0.90622
0.39208
-0.20888
-0.82309
-1.3667
-1.7582
-1.9323
-1.8519
-1.5163
-0.96262
-0.26092
0.49719
1.2138
1.8007
2.1933
2.359
2.3005
2.0517
1.6702
1.2256
0.78786
0.41704
0.15532
0.02315
0.018891
0.12191
0.29803
0.50628
0.70601
0.86317
0.95509
0.97305
0.92255
0.82114
0.6946
0.57195
0.48056
0.44179
0.46791
0.56046
0.70991
0.89676
1.0937
1.2687
1.3892
1.4261
1.3586
1.1771
0.88617
0.50492
0.065223
-0.39162
-0.82005
-1.1762
-1.4238
-1.539
-1.514
-1.3577
-1.0944
-0.76049
-0.39908
-0.053841
0.23699
0.44563
0.558
0.57474
0.50992
0.38782
0.23843
0.092693
-0.021778
-0.083797
-0.080253
-0.006438
0.13458
0.33306
0.57374
0.83689
1.0992
1.3348
1.5165
1.6181
1.6168
1.4964
1.2512
0.88834
0.43023
-0.085439
-0.60764
-1.0766
-1.4306
-1.615
-1.5906
-1.3422
-0.88277
-0.25421
0.47729
1.23
1.9186
2.4658
2.8137
2.9308
2.8147
2.4905
2.006
1.4236
0.81089
0.23281
-0.25637
-0.61792
-0.83124
-0.89384
-0.81918
-0.63277
-0.36741
-0.058266
0.26157
0.5643
0.82927
1.0433
1.2
1.2986
1.3426
1.3388
1.2964
1.2262
1.1398
1.0479
0.95887
0.87824
0.80753
0.7448
0.68559
0.62447
0.55665
0.47938
0.39262
0.29912
0.20378
0.1127
0.032182
-0.032048
-0.075388
-0.09471
-0.088789
-0.058977
-0.010131
0.048442
0.10248
0.13324
0.11929
0.039767
-0.1213
-0.37036
-0.7005
-1.0893
-1.4992
-1.881
-2.1794
-2.3407
-2.321
-2.0934
-1.6547
-1.0276
-0.26094
0.57399
1.3909
2.0986
2.6126
2.8669
2.8246
2.4844
1.8827
1.0902
0.2032
-0.66903
-1.4191
-1.9565
-2.2201
-2.1858
-1.8689
-1.3199
-0.61547
0.15461
0.90075
1.5457
2.033
2.3316
2.4355
2.3604
2.1388
1.8127
1.4287
1.0318
0.66149
0.34924
0.11641
-0.026172
-0.077808
-0.046644
0.052469
0.20075
0.37857
0.56833
0.75659
0.93484
1.0989
1.2468
1.3768
1.4846
1.5628
1.6004
1.5853
1.5063
1.3564
1.1353
0.85134
0.5214
0.16972
-0.17524
-0.48487
-0.7348
-0.90851
-0.99945
-1.0111
-0.95454
-0.84536
-0.69907
-0.52799
-0.33965
-0.13737
0.077078
0.2998
0.52136
0.72494
0.88697
0.98055
0.98091
0.8716
0.65001
0.33046
-0.055687
-0.46324
-0.83891
-1.1284
-1.2836
-1.2687
-1.0647
-0.67181
-0.10985
0.58234
1.3495
2.1237
2.8297
3.3915
3.7407
3.8242
3.6125
3.1053
2.3343
1.3626
0.27927
-0.80843
-1.7866
-2.5475
-3.0021
-3.092
-2.798
-2.1443
-1.1975
-0.060148
1.1416
2.2739
3.2126
3.8597
4.1559
4.0875
3.6858
3.0209
2.1904
1.3042
0.47003
-0.22091
-0.70396
-0.94702
-0.95144
-0.74819
-0.39028
0.057095
0.52704
0.96037
1.3126
1.5573
1.6868
1.7086
1.6412
1.5082
1.3338
1.1394
0.94207
0.75397
0.58325
0.43458
0.30981
0.20837
0.12786
0.064742
0.015222
-0.024033
-0.055517
-0.081056
-0.10246
-0.12228
-0.14436
-0.17366
-0.21533
-0.27334
-0.34886
-0.4392
-0.53749
-0.6334
-0.71469
-0.76935
-0.78782
-0.76501
-0.70153
-0.60409
-0.48481
-0.35964
-0.24593
-0.15972
-0.11317
-0.11252
-0.15701
-0.23906
-0.34538
-0.4589
-0.56104
-0.63362
-0.66033
-0.62753
-0.52468
-0.34476
-0.085081
0.2514
0.65435
1.1044
1.5724
2.0197
2.401
2.6687
2.7788
2.6986
2.413
1.9302
1.2836
0.52994
-0.25647
-0.99405
-1.6058
-2.0311
-2.2356
-2.2156
-1.9979
-1.6337
-1.1883
-0.72959
-0.31608
0.011287
0.2336
0.3537
0.39181
0.37856
0.34715
0.32609
0.33411
0.37757
0.45069
0.53801
0.6184
0.66964
0.6728
0.61579
0.49569
0.31968
0.10452
-0.12547
-0.34172
-0.51584
-0.62425
-0.65236
-0.59715
-0.46747
-0.282
-0.065167
0.15774
0.36537
0.54377
0.68779
0.80036
0.88977
0.96578
1.0355
1.1
1.1532
1.1821
1.1704
1.1031
0.97185
0.77882
0.53895
0.27855
0.03103
-0.16963
-0.29613
-0.33409
-0.28568
-0.16972
-0.018251
0.12987
0.23676
0.27314
0.22417
0.092441
-0.10228
-0.32639
-0.53793
-0.69307
-0.7525
-0.68685
-0.48057
-0.13434
0.33401
0.88985
1.4836
2.0541
2.5347
2.8604
2.9781
2.8554
2.4896
1.912
1.1871
0.40612
-0.32613
-0.90733
-1.2553
-1.3226
-1.1049
-0.64141
-0.0064783
0.70482
1.3946
1.9793
2.4015
2.6365
2.6901
2.5917
2.3837
2.1106
1.8101
1.5084
1.2192
0.94626
0.68805
0.44284
0.21248
0.0040165
-0.17125
-0.30077
-0.37485
-0.39049
-0.35378
-0.28015
-0.19229
-0.11624
-0.076459
-0.090993
-0.16759
-0.30157
-0.47575
-0.66271
-0.82891
-0.94035
-0.96882
-0.89773
-0.72634
-0.47164
-0.16695
0.14259
0.40726
0.58147
0.63236
0.54649
0.33337
0.024765
-0.33005
-0.6724
-0.94417
-1.0979
-1.1054
-0.96276
-0.69229
-0.33917
0.035131
0.36256
0.57954
0.63778
0.51321
0.2114
-0.23126
-0.7512
-1.2657
-1.6846
-1.9231
-1.9159
-1.6275
-1.0605
-0.2578
0.70097
1.7081
2.6418
3.3831
3.8333
3.9296
3.6559
3.0468
2.1837
1.1838
0.18262
-0.68606
-1.3111
-1.6207
-1.5936
-1.2614
-0.70254
-0.02834
0.63608
1.1726
1.489
1.5314
1.2905
0.79839
0.1197
-0.6611
-1.4532
-2.1714
-2.7438
-3.1176
-3.2605
-3.161
-2.8282
-2.2895
-1.5897
-0.78761
0.048539
0.84692
1.5397
2.0711
2.4041
2.5253
2.4462
2.2005
1.8384
1.4184
0.99858
0.62848
0.34354
0.16193
0.084345
0.096311
0.1721
0.27963
0.38536
0.45878
0.47587
0.42157
0.29096
0.089458
-0.16809
-0.45917
-0.7561
-1.0291
-1.2496
-1.3939
-1.4455
-1.3981
-1.2557
-1.0327
-0.75228
-0.44352
-0.13809
0.13331
0.34453
0.47694
0.52183
0.48171
0.37057
0.21277
0.040628
-0.10921
-0.20039
-0.20192
-0.093242
0.13157
0.46102
0.86565
1.3001
1.7081
2.0293
2.2089
2.206
2.0022
1.6058
1.0529
0.40346
-0.26763
-0.88141
-1.3674
-1.6743
-1.7777
-1.6823
-1.4192
-1.0395
-0.60436
-0.17461
0.19778
0.47565
0.63904
0.68434
0.62138
0.46974
0.25521
0.0070322
-0.24426
-0.46865
-0.63851
-0.73074
-0.72902
-0.62582
-0.42372
-0.13559
0.21665
0.6045
0.99651
1.362
1.6747
1.915
2.071
2.1383
2.1185
2.0176
1.8445
1.6106
1.3298
1.0196
0.70095
0.39838
0.13782
-0.056787
-0.16794
-0.18896
-0.12701
-0.0036336
0.14783
0.28784
0.37823
0.39013
0.31051
0.14557
-0.079881
-0.32711
-0.55133
-0.71096
-0.77633
-0.73585
-0.59841
-0.39139
-0.15487
0.066835
0.23458
0.3228
0.32528
0.25705
0.15199
0.056505
0.020308
0.086138
0.28016
0.60496
1.0364
1.5254
2.0043
2.397
2.6316
2.6538
2.4373
1.9911
1.3607
0.62299
-0.12499
-0.78139
-1.2571
-1.4917
-1.4646
-1.1993
-0.7587
-0.23263
0.27957
0.68862
0.93199
0.9844
0.85986
0.60533
0.28795
-0.020585
-0.25871
-0.38556
-0.38582
-0.26862
-0.061669
0.19736
0.47019
0.72616
0.94783
1.1332
1.2942
1.4516
1.6281
1.8396
2.0882
2.3587
2.6186
2.8236
2.9267
2.8885
2.6864
2.3208
1.8157
1.2151
0.57516
-0.044944
-0.59219
-1.0267
-1.326
-1.4853
-1.5158
-1.44
-1.2865
-1.0849
-0.86171
-0.63751
-0.4263
-0.23614
-0.071142
0.066099
0.17222
0.24172
0.26691
0.23948
0.15336
0.0082916
-0.18676
-0.41131
-0.63308
-0.81015
-0.8957
-0.84475
-0.62198
-0.20934
0.38807
1.1391
1.9874
2.8569
3.6603
4.3106
4.7327
4.8737
4.7098
4.2493
3.531
2.6182
1.5914
0.53915
-0.45075
-1.2989
-1.9407
-2.3315
-2.4505
-2.3024
-1.9177
-1.3505
-0.67271
0.034112
0.68905
1.2231
1.5887
1.7664
1.766
1.6227
1.3881
1.1188
0.86469
0.65926
0.51507
0.42424
0.36423
0.30698
0.22917
0.12078
-0.01014
-0.13797
-0.22527
-0.23261
-0.13002
0.092858
0.42075
0.81294
1.2101
1.5462
1.7631
1.8237
1.7211
1.4799
1.1521
0.80516
0.50816
0.31717
0.26395
0.34987
0.5463
0.80108
1.0494
1.2268
1.2818
1.1853
0.93568
0.55808
0.099765
-0.37869
-0.81369
-1.1489
-1.3438
-1.3796
-1.2611
-1.0154
-0.68704
-0.33029
-0.000274
0.25627
0.40894
0.44906
0.39141
0.272
0.14183
0.0576
0.070746
0.21677
0.50686
0.92358
1.4217
1.9345
2.3844
2.6959
2.8092
2.6908
2.34
1.7894
1.1002
0.35279
-0.3654
-0.97296
-1.406
-1.6269
-1.6291
-1.437
-1.1017
-0.69289
-0.28694
0.045032
0.24894
0.29633
0.18836
-0.045572
-0.35432
-0.67518
-0.94569
-1.1149
-1.1519
-1.051
-0.83189
-0.53553
-0.21653
0.067138
0.26514
0.34478
0.29818
0.145
-0.069864
-0.28399
-0.42919
-0.4454
-0.29397
0.032811
0.50816
1.0746
1.6544
2.1641
2.531
2.7053
2.6686
2.435
2.0455
1.5592
1.0416
0.55395
0.14478
-0.15491
-0.33292
-0.39409
-0.35672
-0.24803
-0.099566
0.056976
0.1935
0.28867
0.33034
0.3171
0.25836
0.17265
0.084154
0.017857
-0.00583
0.024295
0.10751
0.23125
0.37418
0.51187
0.62371
0.69945
0.74348
0.77554
0.82703
0.9335
1.1247
1.4148
1.7947
2.2293
2.6603
3.0149
3.2181
3.2073
2.9451
2.4288
1.6937
0.8102
-0.12602
-1.0076
-1.7318
-2.2163
-2.4115
-2.3069
-1.9318
-1.3487
-0.64195
0.096126
0.77971
1.3413
1.7396
1.9616
2.0209
1.9508
1.7958
1.6016
1.4074
1.2392
1.1077
1.0091
0.92911
0.84984
0.75635
0.643
0.51727
0.40011
0.32251
0.31889
0.41844
0.63662
0.96874
1.3877
1.8469
2.2876
2.6497
2.883
2.956
2.8613
2.6148
2.2516
1.8174
1.3608
0.92459
0.54147
0.23127
0.0017368
-0.14906
-0.22937
-0.25064
-0.22509
-0.16433
-0.078716
0.022788
0.13265
0.24479
0.35449
0.45803
0.55187
0.6315
0.6902
0.71835
0.70375
0.63346
0.49708
0.29107
0.023305
-0.28354
-0.59077
-0.84574
-0.98746
-0.95539
-0.70027
-0.19512
0.55572
1.5117
2.5968
3.7064
4.72
5.5177
5.9975
6.0911
5.7753
5.0759
4.0654
2.8539
1.5739
0.36297
-0.65511
-1.3868
-1.781
-1.8351
-1.5935
-1.1388
-0.5771
-0.020201
0.43262
0.70946
0.77534
0.63496
0.32887
-0.07593
-0.49906
-0.86116
-1.0974
-1.1679
-1.064
-0.80861
-0.45128
-0.058782
0.29759
0.55538
0.6727
0.63607
0.46282
0.19739
-0.097767
-0.35495
-0.515
-0.53926
-0.41701
-0.16682
0.16824
0.53038
0.85906
1.1026
1.2269
1.2193
1.0884
0.86001
0.57032
0.2594
-0.0352
-0.28286
-0.46255
-0.56378
-0.58621
-0.53858
-0.43694
-0.30251
-0.15899
-0.029388
0.067226
0.11863
0.12127
0.080422
0.0086326
-0.077392
-0.16064
-0.22742
-0.26991
-0.28677
-0.28188
-0.26124
-0.229
-0.18365
-0.11551
-0.0064734
0.16749
0.4313
0.80406
1.2921
1.8832
2.5446
3.2238
3.8543
4.3644
4.6876
4.7729
4.593
4.1486
3.4694
2.6105
1.6461
0.66109
-0.25832
-1.0335
-1.6016
-1.9219
-1.9804
-1.7913
-1.3958
-0.85733
-0.25374
0.33291
0.82754
1.1722
1.3338
1.307
1.114
0.79803
0.41622
0.029346
-0.3072
-0.5511
-0.67806
-0.68367
-0.58202
-0.40162
-0.17912
0.047799
0.24746
0.39968
0.49888
0.55403
0.58551
0.61928
0.67977
0.78287
0.93086
1.1108
1.2967
1.4558
1.5563
1.576
1.5078
1.3619
1.1631
0.94489
0.74085
0.57711
0.46667
0.4074
0.38411
0.37375
0.35246
0.3025
0.21719
0.10272
-0.023694
-0.13861
-0.21875
-0.24721
-0.21776
-0.13631
-0.019291
0.11033
0.22805
0.31261
0.34937
0.33194
0.2622
0.14943
0.0092442
-0.13725
-0.26389
-0.34017
-0.33287
-0.20917
0.05839
0.48579
1.0714
1.7918
2.6002
3.4301
4.2025
4.836
5.2591
5.4197
5.2921
4.8796
4.2123
3.3418
2.3337
1.2601
0.19281
-0.80199
-1.6681
-2.3619
-2.8552
-3.1359
-3.209
-3.0953
-2.8288
-2.4526
-2.0131
-1.5546
-1.1137
-0.71532
-0.37174
-0.083176
0.15872
0.36602
0.54927
0.71312
0.85406
0.96078
1.0173
1.0081
0.92379
0.7663
0.55113
0.30686
0.070953
-0.1169
-0.2227
-0.22523
-0.12074
0.076082
0.33482
0.61513
0.874
1.0729
1.1835
1.1908
1.094
0.90571
0.64846
0.35186
0.048672
-0.22863
-0.45095
-0.59526
-0.64686
-0.60103
-0.46392
-0.2524
0.0072905
0.28218
0.53621
0.73445
0.8475
0.85545
0.75101
0.54162
0.25013
-0.086022
-0.41754
-0.68779
-0.83912
-0.82049
-0.59562
-0.15025
0.50261
1.3211
2.237
3.1636
4.0059
4.6744
5.0972
5.23
5.0615
4.6129
3.9332
3.0905
2.162
1.2242
0.34536
-0.42014
-1.0347
-1.4782
-1.7474
-1.8538
-1.8213
-1.6823
-1.4739
-1.2334
-0.99355
-0.7789
-0.60243
-0.4647
-0.35489
-0.25423
-0.14132
0.0017262
0.18341
0.39886
0.62881
0.84214
1.0018
1.0731
1.0322
0.87389
0.6145
0.2915
-0.042593
-0.32973
-0.51772
-0.57066
-0.47617
-0.24755
0.079262
0.45318
0.81785
1.1217
1.3257
1.4087
1.3682
1.2189
0.98848
0.71259
0.42954
0.1755
-0.019388
-0.13397
-0.15799
-0.092852
0.048824
0.24501
0.46743
0.68577
0.87227
1.0058
1.0745
1.0764
1.018
0.91109
0.76934
0.60508
0.42799
0.24555
0.065209
-0.10262
-0.2419
-0.32971
-0.33734
-0.23396
0.0073819
0.4026
0.94948
1.6226
2.3715
3.1237
3.7924
4.2877
4.5307
4.467
4.0777
3.385
2.4518
1.3746
0.27058
-0.73872
-1.5452
-2.0696
-2.2729
-2.1612
-1.7836
-1.2233
-0.58301
0.031661
0.52962
0.84813
0.96127
0.88164
0.65489
0.34856
0.03735
-0.21211
-0.35396
-0.37092
-0.27574
-0.10631
0.084295
0.24053
0.31709
0.28884
0.15594
-0.056676
-0.30522
-0.53681
-0.70076
-0.759
-0.69339
-0.50868
-0.23094
0.097889
0.428
0.71039
0.90487
0.986
0.94629
0.79644
0.56284
0.28288
-0.00098381
-0.24757
-0.42274
-0.5038
-0.48213
-0.36351
-0.16646
0.081119
0.34639
0.59615
0.80097
0.93823
0.99392
0.96336
0.85098
0.66964
0.43963
0.18739
-0.056068
-0.2572
-0.38266
-0.40279
-0.29555
-0.050653
0.32691
0.81491
1.3741
1.951
2.4836
2.9087
3.1702
3.2267
3.0572
2.6642
2.0731
1.3295
0.49314
-0.36852
-1.1881
-1.9053
-2.4723
-2.8583
-3.0513
-3.0577
-2.9001
-2.6135
-2.2399
-1.8225
-1.4009
-1.0067
-0.66026
-0.37058
-0.13579
0.053759
0.21168
0.35115
0.48114
0.60384
0.71403
0.80051
0.84922
0.84746
0.78823
0.67347
0.51555
0.33631
0.16395
0.028025
-0.046081
-0.042306
0.042547
0.19756
0.399
0.61389
0.80529
0.93816
0.98501
0.93027
0.77267
0.52544
0.21411
-0.12744
-0.46203
-0.75433
-0.97532
-1.1051
-1.134
-1.0621
-0.89726
-0.65298
-0.34652
0.0026311
0.37352
0.74412
1.0918
1.3941
1.6303
1.7826
1.8383
1.7908
1.6407
1.3959
1.0716
0.69063
0.28227
-0.11789
-0.46967
-0.7307
-0.86022
-0.82408
-0.60085
-0.18789
0.39358
1.0959
1.8459
2.5509
3.1081
3.4186
3.4026
3.0139
2.2509
1.1622
-0.15536
-1.5665
-2.9141
-4.0404
-4.8099
-5.1297
-4.9643
-4.3416
-3.3491
-2.1202
-0.81382
0.41028
1.4157
2.1081
2.4469
2.4463
2.1689
1.7109
1.1837
0.69535
0.33333
0.15336
0.17398
0.37825
0.72115
1.1411
1.5732
1.9604
2.263
2.4613
2.5556
2.5607
2.5001
2.3992
2.2809
2.163
2.0587
1.977
1.9242
1.9036
1.9151
1.9532
2.0056
2.053
2.0706
2.0313
1.9111
1.6942
1.3783
0.97733
0.52218
0.057569
-0.36356
-0.68794
-0.87082
-0.88414
-0.72255
-0.40597
0.022022
0.49991
0.95716
1.3249
1.5466
1.587
1.4379
1.1205
0.68371
0.19808
-0.25262
-0.5827
-0.71678
-0.60156
-0.21563
0.4245
1.2633
2.2109
3.1531
3.966
4.533
4.7619
4.5983
4.0352
3.115
1.925
0.58611
-0.76247
-1.9814
-2.9491
-3.576
-3.8155
-3.6669
-3.1737
-2.4149
-1.4925
-0.51641
0.41081
1.207
1.8195
2.2288
2.4463
2.5074
2.4613
2.3594
2.2461
2.1521
2.0914
2.0625
2.051
2.035
1.989
1.8887
1.7147
1.4556
1.1119
0.69758
0.24159
-0.21366
-0.61645
-0.91277
-1.0553
-1.0127
-0.77685
-0.36666
0.17333
0.77913
1.377
1.8949
2.2724
2.468
2.4626
2.2586
1.8765
1.3509
0.72586
0.052502
-0.61301
-1.2106
-1.6782
-1.9561
-1.9929
-1.7543
-1.2322
-0.45163
0.5256
1.6042
2.6652
3.5815
4.2381
4.5505
4.4806
4.0447
3.3122
2.3958
1.4348
0.57398
-0.058455
-0.36965
-0.31599
0.090496
0.78388
1.6539
2.5621
3.3618
3.9196
4.1338
3.9486
3.3602
2.4149
1.2007
-0.16785
-1.5661
-2.8763
-4.001
-4.872
-5.4532
-5.7386
-5.7469
-5.5132
-5.0824
-4.5024
-3.8206
-3.0814
-2.3257
-1.59
-0.90585
-0.299
0.21189
0.61593
0.90982
1.0968
1.1848
1.1852
1.1111
0.97804
0.80454
0.61326
0.43142
0.2895
0.21788
0.24179
0.37562
0.61824
0.95091
1.3388
1.7361
2.0939
2.3686
2.5291
2.5613
2.4685
2.2686
1.9893
1.6613
1.3141
0.97214
0.65424
0.37483
0.14656
-0.017055
-0.10021
-0.085461
0.043178
0.29524
0.66806
1.1419
1.6779
2.2194
2.6985
3.0451
3.1993
3.1222
2.8052
2.275
1.5924
0.84714
0.14659
-0.39775
-0.68607
-0.64537
-0.24232
0.50834
1.5413
2.7451
3.9737
5.0643
5.8592
6.2285
6.0907
5.4265
4.2846
2.7777
1.068
-0.65311
-2.191
-3.3738
-4.0758
-4.2337
-3.8546
-3.0147
-1.8474
-0.5235
0.77343
1.874
2.6471
3.018
2.9764
2.5745
1.9143
1.128
0.35483
-0.28179
-0.69132
-0.8267
-0.6864
-0.30912
0.23715
0.869
1.5019
2.0622
2.4961
2.7733
2.8871
2.8502
2.6893
2.4381
2.1313
1.801
1.473
1.167
0.89559
0.66518
0.47653
0.32545
0.20376
0.10066
0.0045504
-0.094839
-0.20414
-0.32439
-0.44967
-0.56696
-0.65723
-0.69807
-0.66747
-0.54835
-0.33294
-0.026015
0.35384
0.77554
1.1993
1.582
1.8836
2.072
2.1271
2.0421
1.8232
1.4889
1.0676
0.59672
0.12067
-0.31048
-0.64384
-0.82793
-0.81863
-0.58653
-0.1246
0.54554
1.3704
2.2664
3.127
3.8356
4.2822
4.381
4.0859
3.4012
2.3832
1.135
-0.2085
-1.4992
-2.5979
-3.3939
-3.8196
-3.8585
-3.5438
-2.9502
-2.1792
-1.342
-0.54086
0.14488
0.66882
1.0202
1.2198
1.3104
1.3439
1.368
1.4164
1.5023
1.6187
1.7429
1.8439
1.8915
1.864
1.7535
1.5677
1.3286
1.0683
0.82335
0.62815
0.50917
0.48041
0.54086
0.67425
0.85122
1.0338
1.1817
1.2592
1.2423
1.1231
0.91249
0.63794
0.33889
0.05931
-0.16045
-0.29116
-0.32008
-0.25361
-0.11666
0.050895
0.20027
0.28166
0.25291
0.087835
-0.21704
-0.63869
-1.1277
-1.6128
-2.0105
-2.2373
-2.2242
-1.9302
-1.3522
-0.52943
0.46031
1.5103
2.5007
3.3164
3.8643
4.0853
3.961
3.5128
2.7959
1.8895
0.88631
-0.11732
-1.0282
-1.7613
-2.2431
-2.4149
-2.2372
-1.6951
-0.80548
0.37816
1.7626
3.2181
4.5882
5.7067
6.4193
6.6082
6.2128
5.2449
3.7922
2.0096
0.099383
-1.7174
-3.2335
-4.2859
-4.779
-4.6962
-4.0993
-3.1147
-1.9105
-0.66832
0.44477
1.2993
1.8184
1.9824
1.824
1.4162
0.85522
0.24296
-0.32931
-0.7927
-1.1073
-1.2634
-1.2769
-1.1821
-1.0209
-0.83294
-0.64718
-0.47694
-0.31963
-0.16071
0.018964
0.23447
0.48923
0.77081
1.0514
1.2935
1.4581
1.5152
1.4512
1.2723
1.003
0.67927
0.33936
0.014083
-0.27983
-0.54205
-0.78569
-1.0299
-1.2899
-1.5676
-1.8445
-2.0811
-2.2208
-2.2015
-1.9692
-1.4933
-0.77805
0.13134
1.1517
2.1725
3.0725
3.7391
4.0867
4.0697
3.6882
2.9872
2.0487
0.98039
-0.097463
-1.0649
-1.8138
-2.257
-2.3363
-2.028
-1.3469
-0.34848
0.87314
2.1907
3.4546
4.5092
5.2125
5.4575
5.1913
4.4282
3.2531
1.8128
0.29699
-1.0908
-2.165
-2.7884
-2.8947
-2.499
-1.693
-0.62713
0.51735
1.5611
2.3572
2.8133
2.9028
2.6623
2.178
1.5649
0.94223
0.41187
0.042212
-0.13955
-0.14657
-0.02388
0.16508
0.35407
0.48856
0.53644
0.49313
0.38025
0.23855
0.11662
0.058322
0.091697
0.22209
0.43105
0.68111
0.92498
1.1166
1.2209
1.2209
1.1183
0.93121
0.6871
0.41529
0.14019
-0.12277
-0.36772
-0.5958
-0.81048
-1.0125
-1.1957
-1.3455
-1.4406
-1.4563
-1.3716
-1.1751
-0.87089
-0.48107
-0.045339
0.38341
0.74633
0.98771
1.0643
0.9535
0.65879
0.21209
-0.32794
-0.8815
-1.3567
-1.6615
-1.7164
-1.468
-0.89887
-0.035153
1.0524
2.2528
3.4263
4.4204
5.09
5.3179
5.0327
4.2219
2.9369
1.2897
-0.55851
-2.416
-4.0837
-5.3792
-6.1602
-6.3418
-5.9076
-4.9109
-3.4669
-1.7369
0.09421
1.8424
3.3483
4.496
5.2235
5.5246
5.4415
5.0519
4.451
3.7355
2.9893
2.2754
1.6328
1.0795
0.61897
0.24788
-0.036614
-0.23213
-0.32997
-0.31781
-0.18511
0.070204
0.43604
0.88332
1.3673
1.8333
2.2255
2.4971
2.6188
2.5845
2.4112
2.135
1.8022
1.4598
1.1456
0.88078
0.6674
0.48955
0.3194
0.12594
-0.11519
-0.41302
-0.75585
-1.1105
-1.4267
-1.6463
-1.7151
-1.5957
-1.2775
-0.78221
-0.16316
0.50209
1.1242
1.6177
1.9159
1.9842
1.8265
1.4866
1.042
0.59171
0.24026
0.08007
0.1746
0.54547
1.1656
1.96
2.8142
3.5904
4.1482
4.3667
4.1658
3.521
2.4703
1.1116
-0.40934
-1.9184
-3.2369
-4.2069
-4.713
-4.6979
-4.1706
-3.2043
-1.9248
-0.49244
0.92125
2.1581
3.0947
3.6572
3.8286
3.646
3.1898
2.5675
1.8948
1.2775
0.79708
0.50149
0.40215
0.47689
0.67781
0.9424
1.2059
1.413
1.5263
1.531
1.4338
1.2583
1.0368
0.80142
0.57669
0.37577
0.20043
0.044633
-0.099785
-0.23763
-0.36687
-0.47841
-0.55915
-0.59728
-0.58817
-0.53881
-0.46935
-0.41091
-0.39974
-0.46895
-0.63958
-0.91304
-1.267
-1.6562
-2.0183
-2.2846
-2.3932
-2.3029
-2.0032
-1.5199
-0.91268
-0.26664
0.32213
0.76323
0.98801
0.96192
0.69112
0.22219
-0.36458
-0.96721
-1.4773
-1.7962
-1.85
-1.6011
-1.0548
-0.26087
0.69106
1.682
2.5785
3.2507
3.5913
3.5335
3.0634
2.2258
1.1211
-0.10719
-1.2926
-2.2702
-2.9023
-3.0998
-2.8361
-2.1512
-1.1445
0.041863
1.246
2.3122
3.114
3.5718
3.6607
3.4095
2.891
2.2056
1.4638
0.76882
0.20237
-0.1836
-0.37035
-0.37033
-0.2209
0.024648
0.30752
0.57367
0.78232
0.91151
0.95991
0.9445
0.89474
0.84453
0.8237
0.85109
0.93054
1.0507
1.1885
1.3148
1.4013
1.4265
1.3791
1.2597
1.0792
0.85511
0.60769
0.35566
0.11341
-0.10996
-0.30953
-0.4819
-0.62182
-0.71926
-0.75831
-0.71846
-0.57855
-0.32264
0.053583
0.53761
1.0977
1.6841
2.2349
2.6838
2.971
3.0522
2.9065
2.5414
1.9928
1.3225
0.61204
-0.046854
-0.56225
-0.85372
-0.86347
-0.56602
0.024751
0.85274
1.8223
2.8071
3.6653
4.2597
4.4794
4.261
3.6027
2.5697
1.2874
-0.07569
-1.3346
-2.3183
-2.8975
-3.0064
-2.6516
-1.9089
-0.90759
0.19405
1.2365
2.0851
2.6491
2.8911
2.826
2.5111
2.0307
1.4784
0.94144
0.48888
0.16487
-0.012757
-0.0499
0.02916
0.18849
0.38749
0.58737
0.75649
0.8741
0.93216
0.93481
0.89566
0.83317
0.76524
0.70421
0.65367
0.60805
0.55515
0.48089
0.37497
0.23546
0.071123
-0.099626
-0.25276
-0.36479
-0.41928
-0.41203
-0.35348
-0.26746
-0.18658
-0.145
-0.17034
-0.27645
-0.45903
-0.69502
-0.9463
-1.1668
-1.3119
-1.3471
-1.2553
-1.0402
-0.72531
-0.34929
0.041278
0.40019
0.68892
0.88189
0.96879
0.95428
0.85528
0.69698
0.50808
0.31619
0.14369
0.004508
-0.098026
-0.17186
-0.23525
-0.31386
-0.43609
-0.62687
-0.90084
-1.2559
-1.6686
-2.0921
-2.4586
-2.6857
-2.6872
-2.3866
-1.7326
-0.71229
0.6388
2.2334
3.9379
5.5857
6.9993
8.015
8.5089
8.4177
7.7496
6.585
5.0638
3.3651
1.6797
0.18405
-0.9834
-1.7373
-2.0523
-1.9601
-1.5403
-0.90427
-0.17757
0.51866
1.0838
1.4497
1.5876
1.508
1.2556
0.89826
0.5139
0.17633
-0.05677
-0.15195
-0.10287
0.071864
0.33506
0.63968
0.93808
1.19
1.3679
1.4596
1.4671
1.4038
1.2897
1.1462
0.99133
0.83692
0.68678
0.53715
0.37867
0.1996
-0.0105
-0.25716
-0.53822
-0.8424
-1.1495
-1.4325
-1.6606
-1.8041
-1.839
-1.7509
-1.5387
-1.2154
-0.80771
-0.35316
0.10404
0.51816
0.84744
1.0589
1.1322
1.0618
0.85765
0.54333
0.15341
-0.27123
-0.68839
-1.0597
-1.3549
-1.5541
-1.6486
-1.639
-1.5315
-1.3337
-1.0513
-0.68583
-0.23582
0.29968
0.91571
1.5957
2.3072
3.0017
3.6175
4.0886
4.3544
4.3722
4.1265
3.6345
2.9455
2.1357
1.2962
0.52026
-0.11086
-0.53953
-0.73934
-0.71772
-0.5133
-0.18849
0.18144
0.52105
0.76728
0.87984
0.84746
0.68901
0.44897
0.18814
-0.028781
-0.1462
-0.12863
0.03265
0.31849
0.68634
1.0791
1.4362
1.7049
1.8489
1.8538
1.7282
1.5003
1.2119
0.91024
0.63944
0.43332
0.31046
0.2724
0.30515
0.38365
0.47811
0.56094
0.61266
0.62571
0.60514
0.56638
0.53058
0.51866
0.54562
0.61631
0.72362
0.8494
0.96792
1.0511
1.0743
1.0217
0.89013
0.69067
0.44744
0.19412
-0.031694
-0.19504
-0.27002
-0.24483
-0.12454
0.069154
0.30124
0.52937
0.71177
0.81568
0.82484
0.74422
0.60087
0.44008
0.31701
0.28542
0.38547
0.63338
1.0156
1.4892
1.9883
2.4366
2.7621
2.9111
2.859
2.6146
2.2179
1.7315
1.2278
0.77596
0.42928
0.21719
0.14212
0.18171
0.29541
0.43392
0.54962
0.606
0.58449
0.48757
0.33768
0.17214
0.035175
-0.031579
0.0020238
0.14803
0.39764
0.72299
1.083
1.4323
1.7303
1.9492
2.0788
2.1264
2.1135
2.0689
2.0211
1.9912
1.9885
2.0085
2.0352
2.0456
2.0154
1.9257
1.7673
1.5439
1.272
0.97874
0.6971
0.46036
0.29602
0.22075
0.23705
0.33218
0.47976
0.64346
0.78261
0.85857
0.84111
0.71385
0.47773
0.15195
-0.22795
-0.61485
-0.95724
-1.2077
-1.3315
-1.314
-1.1649
-0.91853
-0.6295
-0.36381
-0.18698
-0.15107
-0.28327
-0.57846
-0.99761
-1.4728
-1.9179
-2.2439
-2.3745
-2.2605
-1.889
-1.2872
-0.51786
0.32977
1.1537
1.8546
2.3495
2.5836
2.5368
2.226
1.7021
1.0438
0.34695
-0.28768
-0.76815
-1.0243
-1.0187
-0.75296
-0.26846
0.35912
1.0318
1.6452
2.1066
2.3511
2.3526
2.1277
1.7319
1.2468
0.7637
0.36509
0.10887
0.018462
0.080768
0.25188
0.4689
0.6649
0.78361
0.79078
0.67998
0.47216
0.20945
-0.055104
-0.26947
-0.39376
-0.4082
-0.3165
-0.14411
0.06804
0.27277
0.4266
0.49834
0.47448
0.36057
0.17877
-0.037521
-0.25054
-0.425
-0.53379
-0.5616
-0.50639
-0.3786
-0.19879
0.0060656
0.20682
0.37654
0.49448
0.54907
0.53951
0.47556
0.37533
0.26129
0.15508
0.072179
0.017558
-0.016343
-0.048578
-0.10534
-0.21289
-0.38909
-0.63543
-0.93162
-1.2344
-1.4816
-1.6018
-1.5272
-1.2092
-0.63119
0.18209
1.163
2.2075
3.1888
3.9771
4.4602
4.5619
4.2555
3.5684
2.5782
1.4019
0.17916
-0.94749
-1.8511
-2.4365
-2.652
-2.4948
-2.0101
-1.2846
-0.43322
0.41656
1.1436
1.6509
1.8794
1.8163
1.4956
0.99038
0.39877
-0.17422
-0.635
-0.91665
-0.98809
-0.85578
-0.55834
-0.15567
0.28457
0.70001
1.0438
1.2902
1.4349
1.4913
1.4835
1.4391
1.3813
1.3247
1.2734
1.2216
1.1572
1.0665
0.93911
0.7715
0.56949
0.34806
0.12943
-0.060535
-0.19679
-0.25954
-0.23807
-0.13304
0.04288
0.26641
0.50688
0.73084
0.90736
1.0132
1.0366
0.97947
0.85679
0.69319
0.51774
0.35742
0.23101
0.14484
0.091475
0.051824
0.00039671
-0.087526
-0.2284
-0.42442
-0.66052
-0.90527
-1.1159
-1.2461
-1.2563
-1.1224
-0.84299
-0.44208
0.033084
0.51893
0.94612
1.2519
1.3913
1.346
1.1273
0.77425
0.34629
-0.087161
-0.45876
-0.71425
-0.8209
-0.77201
-0.58731
-0.30909
0.0050498
0.29177
0.49244
0.56272
0.47978
0.24599
-0.11157
-0.5457
-0.9969
-1.4032
-1.7104
-1.8801
-1.8956
-1.7632
-1.5095
-1.1758
-0.80976
-0.45721
-0.15449
0.076229
0.22882
0.31187
0.34481
0.35247
0.35905
0.38281
0.43234
0.5049
0.58723
0.65853
0.69493
0.67482
0.58385
0.41878
0.18942
-0.08169
-0.36196
-0.61327
-0.79772
-0.88363
-0.85088
-0.69482
-0.42797
-0.079169
0.30981
0.68996
1.0123
1.2355
1.3331
1.298
1.1441
0.90392
0.6226
0.34909
0.12656
-0.016184
-0.070199
-0.047579
0.022073
0.099092
0.14346
0.12462
0.02925
-0.13472
-0.33865
-0.5382
-0.68172
-0.72051
-0.61882
-0.36203
0.038529
0.54479
1.0954
1.6133
2.0155
2.2261
2.1876
1.872
1.2882
0.48387
-0.45741
-1.4259
-2.2998
-2.9627
-3.3211
-3.32
-2.9522
-2.2609
-1.3336
-0.28905
0.74202
1.6374
2.3027
2.6844
2.776
2.615
2.272
1.8351
1.3932
1.0196
0.76255
0.63995
0.6417
0.73634
0.88082
1.0307
1.1489
1.2113
1.2091
1.1479
1.0438
0.91867
0.79468
0.69012
0.61623
0.57597
0.56454
0.57127
0.58242
0.58432
0.56631
0.523
0.45547
0.37121
0.28276
0.20528
0.15341
0.13814
0.16415
0.2285
0.32073
0.4246
0.5212
0.59262
0.62574
0.61517
0.56478
0.48756
0.40355
0.33626
0.30788
0.33427
0.4205
0.55801
0.72443
0.88643
1.0057
1.0474
0.98834
0.82507
0.57714
0.28621
0.0095237
-0.1909
-0.26149
-0.16983
0.086214
0.47518
0.93565
1.3865
1.7418
1.927
1.8933
1.6278
1.1559
0.53776
-0.14188
-0.78787
-1.3098
-1.6362
-1.7244
-1.5666
-1.189
-0.64721
-0.016505
0.61966
1.1818
1.6054
1.8485
1.8958
1.7587
1.4708
1.0817
0.6486
0.2274
-0.13448
-0.40391
-0.5649
-0.61856
-0.58029
-0.47497
-0.33123
-0.17614
-0.031251
0.089356
0.17901
0.23691
0.26585
0.27006
0.25365
0.22
0.17197
0.11257
0.045698
-0.023392
-0.088239
-0.1419
-0.17818
-0.193
-0.18564
-0.15945
-0.12184
-0.083305
-0.0558
-0.050433
-0.07506
-0.13217
-0.21752
-0.3199
-0.42219
-0.50363
-0.54316
-0.52303
-0.43234
-0.26956
-0.043497
0.22762
0.5191
0.80416
1.059
1.2671
1.4223
1.5284
1.5967
1.6412
1.6727
1.6934
1.6948
1.658
1.5579
1.3698
1.0781
0.68259
0.20388
-0.31644
-0.81942
-1.2367
-1.501
-1.5575
-1.3739
-0.94711
-0.30619
0.4904
1.3615
2.2134
2.952
3.4947
3.7801
3.7749
3.4772
2.9148
2.1414
1.2287
0.25859
-0.68597
-1.5289
-2.2077
-2.6779
-2.9157
-2.9187
-2.7047
-2.3088
-1.7795
-1.1738
-0.55097
0.032639
0.52981
0.90689
1.1471
1.2514
1.238
1.1379
0.9904
0.83628
0.71136
0.6412
0.63775
0.69836
0.80731
0.93915
1.0632
1.1484
1.168
1.1028
0.94417
0.69512
0.37038
-0.0047429
-0.39687
-0.76807
-1.0802
-1.3
-1.4033
-1.3789
-1.2305
-0.97595
-0.64545
-0.27648
0.091593
0.42339
0.6924
0.88415
0.99713
1.0414
1.0354
1.0013
0.9611
0.93185
0.92376
0.93911
0.97323
1.0168
1.0591
1.0913
1.1087
1.1128
1.1098
1.109
1.1189
1.1432
1.1774
1.208
1.2128
1.1657
1.042
0.82584
0.51641
0.1319
-0.2898
-0.69476
-1.0202
-1.2048
-1.1987
-0.97432
-0.53171
0.098585
0.85859
1.6701
2.4454
3.0987
3.5585
3.7756
3.7296
3.4295
2.9115
2.2337
1.468
0.69153
-0.021523
-0.60786
-1.0212
-1.2368
-1.2536
-1.0938
-0.8004
-0.43127
-0.051312
0.27665
0.5012
0.59005
0.53495
0.35248
0.080692
-0.22801
-0.51639
-0.73245
-0.83824
-0.81563
-0.66835
-0.41995
-0.10864
0.21985
0.51988
0.75254
0.89046
0.92033
0.84316
0.67259
0.43199
0.15069
-0.13997
-0.4103
-0.63543
-0.79759
-0.88739
-0.90408
-0.85471
-0.7525
-0.61457
-0.45943
-0.30443
-0.16362
-0.04615
0.044634
0.11111
0.1605
0.20325
0.25081
0.31333
0.39749
0.50506
0.63223
0.77019
0.90664
1.0283
1.1235
1.1854
1.2134
1.2139
1.1993
1.1848
1.1846
1.2077
1.2544
1.3146
1.3688
1.3912
1.355
1.2386
1.0317
0.73955
0.38491
0.0068314
-0.34362
-0.61029
-0.74049
-0.69399
-0.45089
-0.017197
0.57322
1.2609
1.9671
2.604
3.087
3.3467
3.34
3.0569
2.5223
1.7932
0.95013
0.085341
-0.7101
-1.359
-1.8078
-2.0324
-2.0392
-1.8617
-1.5527
-1.1755
-0.79339
-0.46067
-0.21629
-0.080324
-0.053929
-0.12212
-0.2584
-0.43024
-0.60443
-0.75161
-0.84962
-0.88545
-0.85598
-0.76746
-0.63389
-0.47471
-0.31189
-0.16706
-0.058757
-0.0002508
0.0020069
-0.050825
-0.14999
-0.28001
-0.42035
-0.54789
-0.64007
-0.67816
-0.65055
-0.55521
-0.40081
-0.20623
0.0018381
0.19276
0.33684
0.41016
0.39872
0.30095
0.12837
-0.095922
-0.34056
-0.5706
-0.75285
-0.86117
-0.8807
-0.81061
-0.66451
-0.46858
-0.25744
-0.068372
0.065274
0.12019
0.087643
-0.024625
-0.19376
-0.38637
-0.56546
-0.69862
-0.76532
-0.76199
-0.70319
-0.61866
-0.54656
-0.52434
-0.57934
-0.72126
-0.93835
-1.1983
-1.4534
-1.6499
-1.7375
-1.6798
-1.4609
-1.0882
-0.59162
-0.017869
0.57703
1.1363
1.61
1.9606
2.165
2.2151
2.1153
1.8791
1.5263
1.0806
0.56801
0.016858
-0.54214
-1.0757
-1.5488
-1.9262
-2.1761
-2.2742
-2.208
-1.9811
-1.6144
-1.1456
-0.62499
-0.10956
0.34567
0.69581
0.91308
0.99092
0.94432
0.80624
0.62078
0.43466
0.28871
0.21121
0.21439
0.2944
0.43444
0.60977
0.79345
0.96129
1.0952
1.1844
1.2255
1.2199
1.1726
1.0897
0.97708
0.84029
0.68467
0.51611
0.34173
0.17015
0.011236
-0.12471
-0.22806
-0.29105
-0.30872
-0.27939
-0.20476
-0.089636
0.058578
0.23039
0.41471
0.59938
0.7717
0.91923
1.0308
1.098
1.116
1.0853
1.0117
0.90594
0.78221
0.65523
0.53704
0.43369
0.34303
0.25418
0.14931
0.0075859
-0.18937
-0.4516
-0.77593
-1.1432
-1.5189
-1.8564
-2.1035
-2.2106
-2.1387
-1.8671
-1.3978
-0.75807
0.0017337
0.81276
1.5958
2.2712
2.7691
3.0391
3.0573
2.8292
2.3889
1.7941
1.1176
0.43754
-0.17346
-0.65701
-0.9753
-1.1138
-1.0805
-0.90133
-0.61433
-0.26234
0.11332
0.47741
0.80297
1.0712
1.2696
1.3901
1.4275
1.3792
1.2466
1.0371
0.76577
0.4556
0.13615
-0.15987
-0.40117
-0.56268
-0.62949
-0.59901
-0.48114
-0.2963
-0.071994
0.16146
0.37513
0.54499
0.65434
0.695
0.66739
0.57963
0.44605
0.2851
0.11698
-0.038708
-0.16534
-0.25103
-0.28977
-0.2817
-0.23268
-0.15303
-0.056018
0.044022
0.1335
0.20131
0.2403
0.24828
0.22847
0.18925
0.14297
0.10414
0.087022
0.10297
0.15823
0.25238
0.37795
0.52114
0.66361
0.78489
0.86494
0.88654
0.83708
0.70986
0.50477
0.22865
-0.10463
-0.47427
-0.85306
-1.2085
-1.5045
-1.7044
-1.7744
-1.6878
-1.4299
-1.0024
-0.42633
0.25677
0.98647
1.6889
2.2856
2.7041
2.89
2.8164
2.4899
1.9506
1.267
0.52492
-0.18563
-0.7843
-1.2118
-1.4373
-1.4602
-1.3067
-1.0235
-0.66739
-0.29638
0.0392
0.30223
0.4716
0.54203
0.52161
0.42806
0.28475
0.11711
-0.050025
-0.19429
-0.29715
-0.34508
-0.33058
-0.25311
-0.11932
0.057584
0.25954
0.46614
0.6576
0.81738
0.9342
1.0028
1.0238
1.0021
0.9455
0.86247
0.76106
0.64794
0.52841
0.40674
0.28678
0.17242
0.067827
-0.022712
-0.095126
-0.14609
-0.17357
-0.17722
-0.15858
-0.12088
-0.068628
-0.0068745
0.059466
0.12619
0.19011
0.24905
0.30161
0.34682
0.3838
0.41143
0.42835
0.43295
0.42367
0.39928
0.35925
0.304
0.23512
0.15542
0.068869
-0.019693
-0.10485
-0.18104
-0.24305
-0.28639
-0.30777
-0.30531
-0.27885
-0.22996
-0.1619
-0.079419
0.011585
0.10456
0.19282
0.27013
0.33122
0.37222
0.39091
0.38685
0.36134
0.31719
0.25835
0.18952
0.11563
0.041383
-0.029118
-0.092676
-0.14711
-0.19123
-0.22468
-0.24772
-0.2609
-0.26485
-0.26004
-0.24679
-0.22521
-0.19541
-0.15772
-0.11291
-0.062403
-0.0084243
0.046071
0.097566
0.14232
0.17679
0.19813
0.20454
0.19561
0.1724
0.13731
0.09379
0.045896
-0.0022745
-0.047072
-0.085707
-0.11648
-0.13882
-0.1531
-0.16038
-0.16196
-0.15909
-0.15265
-0.14301
-0.13009
-0.11348
-0.09273
-0.067644
-0.038553
-0.0065046
0.026681
0.0585
0.086001
0.10614
0.11618
0.11412
0.099012
0.071139
0.032051
-0.015616
-0.068451
-0.12266
-0.17448
-0.22051
-0.25797
-0.28482
-0.29982
-0.3025
-0.29307
-0.27231
-0.24154
-0.20245
-0.15704
-0.10753
-0.056245
-0.0055352
0.042325
0.085225
0.1213
0.14903
0.16728
0.17544
0.1734
0.16161
0.14103
0.11306
0.079415
0.041954
0.0025347
-0.037133
-0.075587
-0.11165
-0.14442
-0.17321
-0.19748
-0.21671
-0.2304
-0.23802
-0.23902
-0.23293
-0.21943
-0.19844
-0.17016
-0.1351
-0.094083
-0.048201
0.001179
0.052405
0.10351
0.15218
0.19579
0.23149
0.25638
0.26784
0.26386
0.2434
0.20667
0.15533
0.092464
0.022333
-0.050014
-0.11931
-0.18067
-0.23017
-0.26526
-0.28499
-0.28996
-0.28206
-0.26406
-0.23905
-0.2099
-0.17889
-0.1474
-0.11591
-0.084162
-0.051463
-0.017103
0.019251
0.057239
0.095637
0.13237
0.1647
0.18957
0.20402
0.20565
0.19301
0.16591
0.12546
0.074036
0.015019
-0.047573
-0.10951
-0.16675
-0.21582
-0.25405
-0.2797
-0.29203
-0.29122
-0.27819
-0.25447
-0.22199
-0.18293
-0.13953
-0.094025
-0.048526
-0.0050026
0.034769
0.069216
0.096994
0.11701
0.12845
0.13086
0.12419
0.10882
0.08566
0.05606
0.021806
-0.015019
-0.05219
-0.087529
-0.1191
-0.14539
-0.1654
-0.17876
-0.18565
-0.18673
-0.18299
-0.17549
-0.16516
-0.15266
-0.13817
-0.12148
-0.10198
-0.07895
-0.051729
-0.020057
0.01571
0.054439
0.094191
0.13234
0.16584
0.19154
0.20661
0.20891
0.19731
0.17184
0.13379
0.085554
0.030442
-0.027651
-0.08462
-0.13654
-0.18002
-0.2125
-0.23243
-0.23934
-0.23383
-0.2174
-0.19226
-0.16106
-0.12659
-0.091548
-0.058324
-0.028828
-0.0044072
0.014194
0.026805
0.033761
0.035793
0.033892
0.029168
0.0227
0.015405
0.0079506
0.00069505
-0.0063084
-0.013264
-0.020542
-0.028566
-0.03769
-0.048091
-0.059703
-0.072186
-0.084959
-0.097265
-0.10827
-0.1172
-0.1234
-0.12644
-0.12617
-0.12267
-0.11625
-0.10734
-0.096472
-0.084147
-0.070829
-0.056919
-0.042768
-0.028719
-0.015155
-0.0025371
0.0085732
0.017529
0.023642
0.026262
0.024871
0.019178
0.009209
-0.0046436
-0.021604
-0.040552
-0.060101
-0.078725
-0.09491
-0.10731
-0.1149
-0.11709
-0.11378
-0.10541
-0.092895
-0.077512
-0.060783
-0.044297
-0.029527
-0.017668
-0.009497
-0.0052929
-0.0048138
-0.0073526
-0.011865
-0.017155
-0.022103
-0.02587
-0.028067
-0.028825
-0.028744
-0.028738
-0.029797
-0.032713
-0.037854
-0.045021
-0.053446
-0.061925
-0.069063
-0.073564
-0.074508
-0.071545
-0.064965
-0.055635
-0.044822
-0.033955
-0.024366
-0.017079
-0.012667
-0.011216
-0.012369
-0.015446
-0.019604
-0.02401
-0.027977
-0.031069
-0.033136
-0.034302
-0.034895
-0.035359
-0.036145
-0.037624
-0.040018
-0.043369
-0.047543
-0.052268
-0.057189
-0.061934
-0.066177
-0.06967
-0.072264
-0.073892
-0.074539
-0.074207
-0.072887
-0.070551
-0.067166
-0.062731
-0.057311
-0.051078
-0.04432
-0.03743
-0.030875
-0.025143
-0.020693
-0.017904
-0.017042
-0.018235
-0.021467
-0.026576
-0.03326
-0.04108
-0.049474
-0.057778
-0.065262
-0.071187
-0.074882
-0.07583
-0.073749
-0.068649
-0.060857
-0.05099
-0.039898
-0.028563
-0.017999
-0.0091379
-0.0027417
0.00067038
0.00086387
-0.0020963
-0.0078602
-0.015834
-0.025247
-0.035227
-0.044896
-0.053452
-0.060241
-0.064806
-0.066917
-0.066565
-0.063949
-0.059437
-0.053525
-0.046792
-0.039847
-0.033289
-0.027659
-0.023401
-0.020826
-0.020081
-0.021135
-0.023773
-0.027617
-0.032159
-0.03682
-0.041018
-0.044237
-0.046099
-0.046409
-0.045192
-0.042691
-0.039336
-0.035686
-0.032355
-0.029922
-0.028848
-0.029412
-0.031665
-0.03542
-0.04027
-0.045636
-0.050835
-0.055163
-0.057975
-0.058764
-0.05721
-0.053215
-0.046907
-0.038621
-0.028864
-0.018272
-0.0075655
0.0024955
0.011146
0.017655
0.021362
0.021724
0.018369
0.011155
0.00022048
-0.013975
-0.030642
-0.04869
-0.066793
-0.0835
-0.097378
-0.10717
-0.11193
-0.11121
-0.10508
-0.094198
-0.079723
-0.063221
-0.046455
-0.031159
-0.018815
-0.01045
-0.0065095
-0.0068228
-0.010661
-0.01689
-0.024176
-0.031227
-0.037009
-0.040906
-0.042802
-0.043064
-0.042441
-0.041892
-0.042384
-0.044691
-0.049233
-0.055977
-0.064418
-0.073642
-0.082457
-0.089579
-0.093826
-0.094318
-0.090618
-0.08282
-0.071549
-0.057885
-0.043209
-0.029009
-0.016673
-0.0072943
-0.0015311
0.00046469
-0.00096235
-0.0050584
-0.010807
-0.017111
-0.02297
-0.027642
-0.030735
-0.032252
-0.032545
-0.032228
-0.032027
-0.03263
-0.03454
-0.037974
-0.042814
-0.048632
-0.054775
-0.060485
-0.06505
-0.067932
-0.068875
-0.067941
-0.065503
-0.062162
-0.058634
-0.055602
-0.053584
-0.052832
-0.053288
-0.054601
-0.05621
-0.057462
-0.057751
-0.056642
-0.053951
-0.049779
-0.044492
-0.038648
-0.032906
-0.027923
-0.024267
-0.022354
-0.022418
-0.024512
-0.028533
-0.03426
-0.041406
-0.049655
-0.058704
-0.068286
-0.078179
-0.088201
-0.098197
