0.045704
0.043395
0.040913
0.038133
0.034991
0.031503
0.027775
0.024016
0.020529
0.017696
0.015941
0.015678
0.017237
0.020788
0.026265
0.033322
0.041315
0.049354
0.056393
0.061372
0.063381
0.061821
0.056528
0.047836
0.036569
0.023943
0.011415
0.0004731
-0.0075783
-0.01181
-0.011809
-0.0077394
-0.00031396
0.0093148
0.019732
0.029476
0.037248
0.042105
0.043574
0.041711
0.03706
0.030556
0.023366
0.016705
0.011661
0.0090362
0.009245
0.012272
0.017691
0.024745
0.032467
0.039824
0.045862
0.049832
0.051275
0.050064
0.046407
0.040797
0.033947
0.026698
0.019922
0.014429
0.010876
0.0096998
0.011066
0.014845
0.020626
0.027762
0.03544
0.042787
0.048979
0.05335
0.055473
0.055215
0.052741
0.048474
0.043019
0.037062
0.031268
0.026192
0.022215
0.019527
0.018136
0.01791
0.018634
0.020067
0.021991
0.024232
0.026677
0.029253
0.031911
0.034593
0.037208
0.039613
0.04161
0.042954
0.043386
0.042684
0.04071
0.037476
0.033167
0.028156
0.022955
0.018149
0.014292
0.011804
0.010895
0.011524
0.013419
0.01614
0.019177
0.022057
0.024435
0.026149
0.027225
0.027839
0.028244
0.02868
0.029301
0.030115
0.030981
0.031634
0.03175
0.031034
0.029301
0.026546
0.022982
0.01903
0.015274
0.012376
0.010965
0.011525
0.014296
0.019202
0.025837
0.033494
0.041252
0.04811
0.053131
0.0556
0.055139
0.051783
0.045982
0.038539
0.030487
0.022932
0.016884
0.013104
0.012007
0.013617
0.017588
0.023284
0.02989
0.036537
0.042416
0.046871
0.049454
0.049949
0.048375
0.044951
0.040064
0.034216
0.027976
0.021921
0.016583
0.012389
0.0096193
0.0083653
0.008521
0.009797
0.01177
0.013958
0.015914
0.017315
0.018027
0.018132
0.017911
0.017775
0.018168
0.019463
0.021863
0.025345
0.029648
0.034307
0.038736
0.04233
0.044574
0.045133
0.043909
0.041056
0.036955
0.032149
0.02726
0.022897
0.019563
0.017593
0.017112
0.018023
0.02004
0.022737
0.025626
0.028241
0.030207
0.031296
0.031444
0.030739
0.029377
0.02761
0.025685
0.023806
0.022113
0.020685
0.019563
0.018778
0.018373
0.018417
0.018999
0.020206
0.022086
0.024619
0.027693
0.031092
0.034521
0.037637
0.040098
0.04162
0.042022
0.041257
0.039415
0.036716
0.033478
0.030073
0.02689
0.024288
0.022564
0.021922
0.022451
0.024109
0.026719
0.029975
0.033476
0.036765
0.039396
0.041002
0.041357
0.040417
0.038327
0.035394
0.03203
0.028672
0.02571
0.023428
0.021972
0.021355
0.021489
0.02223
0.023427
0.02496
0.026756
0.028774
0.030983
0.033322
0.035673
0.037844
0.039588
0.040642
0.040792
0.039943
0.038173
0.035755
0.033133
0.030835
0.029347
0.028945
0.029546
0.030585
0.030972
0.029156
0.02328
0.01144
-0.0080089
-0.036127
-0.073129
-0.11821
-0.16954
-0.22439
-0.27943
-0.33115
-0.37634
-0.41249
-0.43818
-0.45322
-0.45858
-0.45614
-0.44827
-0.43723
-0.42469
-0.41134
-0.39665
-0.37903
-0.3562
-0.3259
-0.28662
-0.23845
-0.18362
-0.12669
-0.074289
-0.034146
-0.013764
-0.018705
-0.050867
-0.10708
-0.17835
-0.25008
-0.30332
-0.3171
-0.27145
-0.15081
0.05284
0.33768
0.69103
1.0901
1.504
1.898
2.2377
2.494
2.6469
2.6883
2.6228
2.466
2.2417
1.9777
1.7009
1.4335
1.1904
0.97773
0.79351
0.62976
0.47542
0.31967
0.15482
-0.021753
-0.20692
-0.39234
-0.56609
-0.71478
-0.82579
-0.88902
-0.89797
-0.85018
-0.74701
-0.59336
-0.39746
-0.17095
0.070775
0.30823
0.51803
0.674
0.74935
0.71999
0.56842
0.28744
-0.11706
-0.62506
-1.2036
-1.8098
-2.396
-2.9151
-3.3259
-3.5979
-3.7132
-3.6679
-3.4705
-3.1399
-2.7017
-2.1858
-1.6226
-1.0415
-0.46904
0.071926
0.56267
0.98904
1.3416
1.6159
1.8116
1.9322
1.9833
1.9712
1.9014
1.7775
1.6014
1.3733
1.094
0.76548
0.39345
-0.012157
-0.43657
-0.86061
-1.2616
-1.6149
-1.895
-2.0778
-2.1421
-2.0717
-1.8581
-1.5025
-1.0182
-0.43094
0.2212
0.89123
1.5279
2.0818
2.5122
2.7922
2.9122
2.8808
2.7227
2.4735
2.1743
1.8641
1.5745
1.3255
1.1235
0.96268
0.82772
0.69897
0.55774
0.39123
0.19588
-0.021353
-0.24418
-0.45019
-0.61533
-0.71869
-0.74657
-0.69488
-0.56971
-0.386
-0.16491
0.069389
0.29273
0.48318
0.62224
0.6953
0.69143
0.60322
0.42682
0.16251
-0.18444
-0.60282
-1.0749
-1.5768
-2.0791
-2.5497
-2.9564
-3.2699
-3.4672
-3.5333
-3.463
-3.2603
-2.9376
-2.514
-2.0132
-1.4614
-0.88581
-0.31311
0.23135
0.72445
1.146
1.4796
1.7131
1.8397
1.8577
1.7712
1.5896
1.327
1.0012
0.63327
0.24636
-0.13526
-0.4868
-0.78384
-1.0032
-1.1245
-1.1317
-1.0156
-0.77607
-0.4239
0.018643
0.51905
1.0379
1.5338
1.969
2.3154
2.5574
2.694
2.7366
2.7054
2.624
2.5137
2.3891
2.2554
2.1086
1.9375
1.7276
1.4661
1.1465
0.772
0.35748
-0.071082
-0.47913
-0.8278
-1.0793
-1.2027
-1.1785
-1.0023
-0.68618
-0.25809
0.24091
0.7608
1.2476
1.6489
1.9186
2.0217
1.9374
1.6613
1.2061
0.60088
-0.11147
-0.87778
-1.6394
-2.3377
-2.9196
-3.3435
-3.5832
-3.6312
-3.4996
-3.2181
-2.8297
-2.3844
-1.9315
-1.5128
-1.1567
-0.87499
-0.66286
-0.50143
-0.36274
-0.21583
-0.032918
0.20533
0.50609
0.8627
1.255
1.6518
2.0149
2.3039
2.4826
2.524
2.415
2.1589
1.7754
1.298
0.76868
0.23166
-0.27267
-0.71265
-1.0677
-1.3277
-1.4908
-1.5593
-1.5364
-1.4239
-1.2219
-0.93073
-0.55314
-0.097588
0.41976
0.97442
1.5349
2.0657
2.5314
2.9012
3.1527
3.275
3.2694
3.1494
2.9379
2.6638
2.3581
2.0489
1.7585
1.5002
1.2778
1.0859
0.91212
0.74034
0.5547
0.34336
0.10172
-0.16555
-0.4441
-0.71122
-0.9387
-1.0968
-1.159
-1.1062
-0.9306
-0.63811
-0.24934
0.20128
0.66806
1.0982
1.4374
1.6358
1.6545
1.471
1.0828
0.50904
-0.21098
-1.0214
-1.8562
-2.6464
-3.3286
-3.8514
-4.182
-4.3083
-4.2401
-4.0063
-3.6494
-3.2193
-2.7651
-2.3283
-1.937
-1.6032
-1.3228
-1.0785
-0.84492
-0.59515
-0.30747
0.029271
0.41209
0.8231
1.2316
1.5988
1.8841
2.0523
2.0798
1.9587
1.6982
1.3228
0.86834
0.3766
-0.11048
-0.55501
-0.9258
-1.1992
-1.3589
-1.3944
-1.3013
-1.0807
-0.74012
-0.29474
0.23255
0.81148
1.4063
1.9789
2.4926
2.916
3.2264
3.4117
3.4706
3.4115
3.25
3.0055
2.698
2.345
1.9604
1.5541
1.133
0.7029
0.27066
-0.15402
-0.55797
-0.92494
-1.2372
-1.478
-1.6333
-1.6946
-1.6593
-1.5306
-1.3173
-1.0316
-0.68808
-0.30275
0.10755
0.52471
0.9288
1.2977
1.6075
1.8333
1.9521
1.9447
1.799
1.5117
1.0898
0.55031
-0.080187
-0.7676
-1.4722
-2.1512
-2.7616
-3.2634
-3.6231
-3.8166
-3.8325
-3.6728
-3.3535
-2.9022
-2.3552
-1.752
-1.1315
-0.52664
0.037726
0.54627
0.99217
1.3746
1.6952
1.9552
2.1525
2.2814
2.3332
2.2989
2.1722
1.9519
1.644
1.2618
0.82502
0.35814
-0.11167
-0.55601
-0.94624
-1.2544
-1.454
-1.5223
-1.4427
-1.2079
-0.82354
-0.30972
0.29865
0.95449
1.6036
2.1916
2.6709
3.0081
3.1879
3.2144
3.1092
2.9065
2.6454
2.3629
2.0872
1.8337
1.6033
1.3843
1.1573
0.90061
0.5971
0.23968
-0.16509
-0.59606
-1.0197
-1.3949
-1.6796
-1.8379
-1.8468
-1.7
-1.4094
-1.0031
-0.52139
-0.010127
0.48515
0.92472
1.2782
1.5259
1.6583
1.6739
1.577
1.3754
1.0784
0.69695
0.24382
-0.26539
-0.81106
-1.369
-1.9104
-2.404
-2.8174
-3.1213
-3.292
-3.3151
-3.1867
-2.9145
-2.5165
-2.019
-1.4531
-0.85146
-0.24441
0.34237
0.88957
1.3845
1.8202
2.1929
2.5001
2.7375
2.897
2.9663
2.9304
2.7739
2.4861
2.0649
1.5218
0.88376
0.19302
-0.49584
-1.1216
-1.6236
-1.9499
-2.0641
-1.951
-1.6188
-1.0986
-0.44052
0.29314
1.0357
1.7249
2.3101
2.7582
3.0551
3.206
3.2306
3.1582
3.0207
2.8467
2.6568
2.4616
2.2621
2.0518
1.8215
1.5626
1.2714
0.95104
0.61137
0.26784
-0.061346
-0.35814
-0.60729
-0.79787
-0.92357
-0.98187
-0.97243
-0.89568
-0.75204
-0.54237
-0.26984
0.057328
0.42308
0.80167
1.1579
1.4496
1.6331
1.6698
1.5329
1.2134
0.72323
0.094825
-0.6223
-1.3679
-2.0793
-2.699
-3.1827
-3.5041
-3.6571
-3.6553
-3.5281
-3.3143
-3.055
-2.7858
-2.5307
-2.2982
-2.0808
-1.8579
-1.6014
-1.2833
-0.88331
-0.39502
0.17037
0.78368
1.4009
1.9693
2.435
2.7512
2.8852
2.8232
2.572
2.1576
1.6213
1.0135
0.38775
-0.20577
-0.72457
-1.1368
-1.4223
-1.572
-1.5869
-1.4764
-1.2568
-0.94953
-0.58011
-0.17604
0.23505
0.62775
0.98098
1.2799
1.5167
1.6912
1.8092
1.8814
1.9206
1.94
1.9506
1.9601
1.9714
1.9826
1.9872
1.9752
1.9347
1.854
1.7236
1.5382
1.2991
1.0142
0.69883
0.37443
0.066671
-0.19722
-0.39155
-0.49521
-0.49433
-0.38443
-0.17187
0.1255
0.47839
0.84737
1.1853
1.4415
1.567
1.5214
1.2791
0.83532
0.20942
-0.55551
-1.3966
-2.2389
-3.0058
-3.6298
-4.0622
-4.2794
-4.2849
-4.1067
-3.791
-3.393
-2.9677
-2.5613
-2.2053
-1.9136
-1.6825
-1.4942
-1.3213
-1.1328
-0.90096
-0.60632
-0.24192
0.18456
0.6511
1.124
1.5622
1.9233
2.1695
2.2728
2.2194
2.0105
1.6633
1.2076
0.68348
0.13614
-0.38778
-0.84449
-1.1965
-1.4156
-1.4849
-1.4002
-1.1702
-0.81572
-0.3674
0.13726
0.65814
1.1568
1.6009
1.9669
2.2428
2.4274
2.5294
2.564
2.5489
2.5001
2.4288
2.3386
2.2253
2.0783
1.8827
1.6241
1.2923
0.88577
0.41456
-0.098773
-0.62035
-1.1086
-1.5196
-1.8138
-1.962
-1.9502
-1.7816
-1.4763
-1.0675
-0.59628
-0.10601
0.36314
0.77771
1.1125
1.35
1.4788
1.4914
1.3833
1.1525
0.80113
0.33793
-0.21982
-0.84496
-1.5012
-2.1459
-2.7352
-3.2295
-3.5993
-3.8291
-3.9186
-3.8814
-3.7409
-3.5248
-3.2591
-2.9639
-2.6506
-2.3214
-1.9724
-1.5964
-1.1876
-0.74576
-0.27806
0.19974
0.66489
1.0907
1.4506
1.7221
1.8903
1.9496
1.9039
1.765
1.5501
1.2787
0.97059
0.64343
0.31253
-0.0090446
-0.30936
-0.57638
-0.79705
-0.95717
-1.0423
-1.0399
-0.94164
-0.74625
-0.46123
-0.10326
0.30306
0.72823
1.1421
1.5181
1.8378
2.0926
2.2842
2.4229
2.5234
2.6004
2.664
2.7157
2.7473
2.7412
2.674
2.5206
2.261
1.8857
1.4005
0.82813
0.20785
-0.40925
-0.96691
-1.412
-1.7027
-1.8144
-1.7432
-1.5053
-1.1335
-0.67072
-0.16378
0.34331
0.81343
1.2181
1.5368
1.7551
1.8616
1.8467
1.7023
1.4236
1.0124
0.48019
-0.14894
-0.83809
-1.5398
-2.2011
-2.7701
-3.2041
-3.4753
-3.5754
-3.5157
-3.3247
-3.0417
-2.7091
-2.3644
-2.034
-1.7291
-1.4457
-1.1673
-0.87125
-0.53583
-0.14753
0.29334
0.77015
1.2511
1.694
2.0533
2.2885
2.3718
2.2924
2.0586
1.6955
1.2408
0.73746
0.22835
-0.24973
-0.66898
-1.0114
-1.2678
-1.4348
-1.5127
-1.5027
-1.4058
-1.2233
-0.95816
-0.61669
-0.21039
0.24318
0.72088
1.1958
1.6401
2.0287
2.3422
2.5695
2.708
2.7628
2.7443
2.6641
2.5324
2.3546
2.1308
1.8564
1.525
1.1323
0.6801
0.18019
-0.34436
-0.85996
-1.3261
-1.7013
-1.9495
-2.0465
-1.985
-1.7752
-1.4437
-1.0287
-0.57317
-0.11841
0.30201
0.66536
0.96024
1.1841
1.339
1.427
1.4458
1.3876
1.2399
0.98897
0.62512
0.1482
-0.4283
-1.0756
-1.7514
-2.4046
-2.9825
-3.4385
-3.7391
-3.8683
-3.8294
-3.6429
-3.3427
-2.9701
-2.568
-2.1757
-1.8243
-1.5346
-1.3164
-1.1682
-1.079
-1.0305
-0.99983
-0.96317
-0.89884
-0.7906
-0.63001
-0.41776
-0.16366
0.11477
0.39487
0.65205
0.86324
1.0099
1.0803
1.0704
0.9845
0.83382
0.63537
0.41001
0.18054
-0.030064
-0.20031
-0.31164
-0.34967
-0.30535
-0.17586
0.03487
0.31601
0.65051
1.0164
1.3889
1.743
2.0565
2.3123
2.5003
2.6186
2.6722
2.6722
2.6327
2.5673
2.4865
2.3947
2.2887
2.1579
1.9862
1.7548
1.4477
1.0559
0.58189
0.04187
-0.53408
-1.1048
-1.6229
-2.0414
-2.32
-2.4308
-2.3616
-2.1165
-1.7149
-1.1873
-0.57109
0.093205
0.76536
1.4066
1.9794
2.4476
2.7753
2.9291
2.8809
2.6128
2.1228
1.4291
0.57219
-0.38702
-1.3728
-2.3033
-3.1013
-3.7039
-4.0709
-4.1887
-4.0708
-3.7542
-3.2924
-2.7475
-2.1812
-1.6466
-1.1833
-0.81304
-0.54017
-0.35344
-0.23061
-0.14413
-0.067072
0.021575
0.13323
0.26809
0.41575
0.55775
0.67164
0.73564
0.73326
0.65689
0.51007
0.30791
0.075729
-0.15386
-0.34509
-0.46384
-0.48245
-0.38394
-0.16497
0.16288
0.57404
1.0319
1.4935
1.9157
2.2608
2.5025
2.6291
2.6452
2.5697
2.4325
2.2685
2.1107
1.9839
1.8992
1.8515
1.8197
1.7708
1.6661
1.4696
1.1571
0.72306
0.18431
-0.41994
-1.0328
-1.5879
-2.0196
-2.2733
-2.3142
-2.1327
-1.7454
-1.193
-0.53398
0.16239
0.82447
1.3854
1.7889
1.9937
1.9757
1.7292
1.2676
0.62213
-0.16011
-1.0192
-1.8874
-2.6957
-3.381
-3.8928
-4.1996
-4.2921
-4.1836
-3.9071
-3.5096
-3.044
-2.5612
-2.1022
-1.6926
-1.3405
-1.0373
-0.76222
-0.48851
-0.19164
0.14384
0.51906
0.91874
1.3128
1.661
1.9203
2.0526
2.0318
1.8493
1.5156
1.0599
0.52603
-0.032538
-0.55933
-1.001
-1.3129
-1.4634
-1.4368
-1.2343
-0.87394
-0.38807
0.18001
0.78099
1.3651
1.8878
2.3145
2.6239
2.8095
2.8791
2.8515
2.7527
2.6104
2.4493
2.2865
2.1292
1.9735
1.8063
1.6087
1.3611
1.049
0.66789
0.22697
-0.25027
-0.72777
-1.1615
-1.5055
-1.7192
-1.7728
-1.6523
-1.3611
-0.9197
-0.36342
0.2618
0.90359
1.5075
2.0207
2.3952
2.591
2.5787
2.3427
1.8838
1.2216
0.39445
-0.5418
-1.5185
-2.4607
-3.2954
-3.9601
-4.41
-4.6227
-4.6004
-4.3681
-3.969
-3.4587
-2.8973
-2.342
-1.8413
-1.4296
-1.1251
-0.92859
-0.826
-0.79137
-0.79195
-0.79382
-0.76728
-0.69143
-0.55723
-0.36848
-0.14075
0.10154
0.32941
0.51428
0.63273
0.67038
0.62447
0.50473
0.33254
0.13839
-0.041917
-0.17209
-0.22035
-0.16412
0.0064824
0.28684
0.65808
1.0894
1.5423
1.9757
2.3516
2.6401
2.823
2.8955
2.8659
2.7529
2.5813
2.3771
2.1623
1.9507
1.7454
1.5389
1.3158
1.0573
0.74673
0.37562
-0.052273
-0.51882
-0.99238
-1.4313
-1.7899
-2.0248
-2.102
-2.0018
-1.7226
-1.2813
-0.71215
-0.063283
0.60792
1.24
1.7728
2.1524
2.3366
2.2984
2.03
1.5449
0.87786
0.082847
-0.77238
-1.6136
-2.3693
-2.9796
-3.404
-3.6255
-3.6519
-3.5122
-3.2506
-2.9175
-2.5615
-2.2215
-1.9219
-1.6707
-1.4612
-1.2757
-1.092
-0.88935
-0.65449
-0.3851
-0.091321
0.20572
0.47762
0.69394
0.8279
0.86127
0.78762
0.61344
0.35712
0.04629
-0.28573
-0.60361
-0.87332
-1.0645
-1.1526
-1.1198
-0.95642
-0.66239
-0.2479
0.26579
0.84669
1.454
2.0414
2.5622
2.9744
3.247
3.3632
3.3233
3.144
2.8551
2.4956
2.1068
1.7269
1.3855
1.1001
0.87443
0.69856
0.55165
0.40582
0.23162
0.0039966
-0.29192
-0.65616
-1.0713
-1.503
-1.9029
-2.2158
-2.3875
-2.3742
-2.151
-1.7176
-1.1006
-0.35182
0.45748
1.2453
1.929
2.4363
2.7132
2.7315
2.4905
2.0165
1.3582
0.57982
-0.24784
-1.0557
-1.7842
-2.389
-2.8437
-3.1404
-3.2874
-3.3052
-3.2211
-3.0644
-2.8616
-2.6326
-2.3902
-2.1394
-1.88
-1.6092
-1.3251
-1.0286
-0.72539
-0.4256
-0.14236
0.11031
0.32007
0.47833
0.58161
0.63172
0.63515
0.60166
0.54264
0.46955
0.39278
0.32103
0.26139
0.21968
0.2012
0.21123
0.25521
0.33849
0.46539
0.63805
0.85506
1.1105
1.3938
1.6898
1.9805
2.2468
2.471
2.6384
2.7393
2.7698
2.7311
2.6286
2.4698
2.263
2.0146
1.7287
1.4073
1.0505
0.65937
0.23756
-0.20596
-0.65571
-1.0896
-1.4803
-1.7987
-2.0175
-2.1157
-2.0822
-1.918
-1.636
-1.2601
-0.8206
-0.35101
0.1167
0.55499
0.94239
1.2634
1.5073
1.6662
1.7339
1.705
1.5761
1.3474
1.0246
0.62079
0.15644
-0.34153
-0.84245
-1.3154
-1.7332
-2.075
-2.3286
-2.4908
-2.5658
-2.5631
-2.4948
-2.3721
-2.2038
-1.9949
-1.7468
-1.4596
-1.134
-0.77443
-0.39104
-0.00079207
0.37335
0.70482
0.96717
1.1383
1.2041
1.1614
1.0183
0.79286
0.51032
0.19873
-0.11503
-0.40859
-0.66565
-0.87589
-1.0333
-1.1336
-1.1723
-1.1433
-1.0396
-0.85515
-0.58804
-0.24344
0.1644
0.61204
1.069
1.5017
1.8787
2.1758
2.38
2.4908
2.5197
2.4871
2.4167
2.3307
2.2441
2.1617
2.0767
1.9724
1.8256
1.6127
1.3154
0.92626
0.45294
-0.081061
-0.63809
-1.1711
-1.6305
-1.9718
-2.1623
-2.1869
-2.0492
-1.7708
-1.3866
-0.93882
-0.4692
-0.01349
0.4028
0.76541
1.0696
1.3164
1.508
1.6436
1.7174
1.7182
1.6318
1.4446
1.1482
0.74286
0.23999
-0.33742
-0.9566
-1.5785
-2.1623
-2.6705
-3.0727
-3.3494
-3.493
-3.5076
-3.4073
-3.2126
-2.9471
-2.6337
-2.2921
-1.9369
-1.5775
-1.2195
-0.86598
-0.51981
-0.18522
0.13108
0.41987
0.67005
0.87008
1.0096
1.0808
1.0798
1.0068
0.86653
0.66736
0.42169
0.14577
-0.14002
-0.41102
-0.63888
-0.79332
-0.84524
-0.77098
-0.557
-0.20387
0.27149
0.83624
1.4448
2.0446
2.5834
3.0162
3.3119
3.4565
3.4539
3.3237
3.096
2.8059
2.4869
2.166
1.8598
1.5736
1.3023
1.0334
0.75136
0.44215
0.098021
-0.27938
-0.67765
-1.0744
-1.4402
-1.7431
-1.9534
-2.049
-2.0182
-1.8619
-1.5931
-1.2347
-0.81653
-0.37146
0.067904
0.47195
0.81592
1.0808
1.2538
1.3279
1.302
1.1801
0.97145
0.68928
0.35066
-0.024695
-0.41554
-0.80048
-1.1594
-1.4749
-1.7334
-1.9263
-2.0501
-2.106
-2.0991
-2.0364
-1.925
-1.7705
-1.5755
-1.3403
-1.0639
-0.74653
-0.39219
-0.011184
0.37883
0.75331
1.0831
1.3381
1.4921
1.5269
1.4362
1.2274
0.92101
0.54824
0.14673
-0.2445
-0.58997
-0.86147
-1.0402
-1.117
-1.0913
-0.96875
-0.75949
-0.47623
-0.13342
0.25297
0.66526
1.0841
1.4889
1.8592
2.1764
2.4264
2.6011
2.7
2.7297
2.7029
2.6356
2.5442
2.4419
2.3363
2.2281
2.1111
1.9732
1.7995
1.5754
1.2901
0.93995
0.5309
0.079283
-0.38878
-0.83992
-1.2375
-1.5465
-1.7385
-1.7957
-1.7138
-1.5018
-1.1807
-0.77987
-0.33282
0.12681
0.56822
0.96502
1.2954
1.5411
1.6871
1.7203
1.6311
1.4141
1.0708
0.61161
0.056964
-0.56274
-1.209
-1.8385
-2.4082
-2.8796
-3.2242
-3.4262
-3.4846
-3.4125
-3.2347
-2.9833
-2.6928
-2.3943
-2.1118
-1.8594
-1.6408
-1.4507
-1.2781
-1.1101
-0.93488
-0.74529
-0.53996
-0.32373
-0.10679
0.097134
0.27293
0.4063
0.48561
0.50329
0.45668
0.34847
0.18708
-0.013123
-0.23168
-0.44241
-0.61459
-0.71553
-0.71447
-0.5874
-0.32213
0.07773
0.59084
1.1792
1.7921
2.3728
2.8667
3.2292
3.4324
3.4685
3.3509
3.1101
2.7888
2.4335
2.0877
1.7846
1.5431
1.3661
1.2415
1.1467
1.0533
0.93383
0.76728
0.54342
0.26509
-0.052117
-0.38242
-0.69424
-0.95537
-1.1381
-1.2231
-1.2018
-1.0766
-0.85945
-0.56917
-0.22859
0.13813
0.50726
0.85632
1.1641
1.4104
1.5762
1.6443
1.6009
1.4374
1.1527
0.75487
0.26132
-0.3014
-0.89967
-1.4957
-2.0515
-2.5324
-2.9113
-3.1716
-3.3087
-3.3303
-3.2541
-3.1054
-2.9118
-2.6989
-2.4858
-2.2826
-2.0886
-1.8944
-1.6837
-1.4384
-1.1435
-0.79107
-0.38459
0.060198
0.51594
0.94696
1.3143
1.5814
1.72
1.7142
1.563
1.2809
0.8965
0.44981
-0.011656
-0.43715
-0.77756
-0.99031
-1.0442
-0.92368
-0.63118
-0.18818
0.36689
0.98311
1.6037
2.1737
2.6477
2.9955
3.2053
3.2841
3.2534
3.144
2.988
2.8128
2.635
2.4586
2.2751
2.0672
1.8145
1.4992
1.1126
0.65897
0.1574
-0.35983
-0.85135
-1.2732
-1.5858
-1.761
-1.7863
-1.6661
-1.4207
-1.081
-0.68277
-0.2604
0.15782
0.55203
0.91029
1.2257
1.4923
1.7013
1.8384
1.8845
1.8175
1.6179
1.2739
0.78651
0.17271
-0.53405
-1.2866
-2.029
-2.7036
-3.2586
-3.6541
-3.8675
-3.8955
-3.7537
-3.4733
-3.0955
-2.6659
-2.2271
-1.8144
-1.4521
-1.1525
-0.91675
-0.73721
-0.60058
-0.49106
-0.39319
-0.29409
-0.18506
-0.06265
0.070794
0.20718
0.3334
0.43289
0.48807
0.48339
0.40876
0.26263
0.054225
-0.1957
-0.45598
-0.68814
-0.8513
-0.90824
-0.83151
-0.60867
-0.24536
0.23443
0.79116
1.3752
1.9341
2.4201
2.7968
3.0436
3.1572
3.1503
3.047
2.8782
2.6747
2.4623
2.2581
2.0682
1.8887
1.7076
1.5083
1.2738
0.99105
0.65468
0.26893
-0.15152
-0.58282
-0.99485
-1.3554
-1.6348
-1.8104
-1.8698
-1.8123
-1.6483
-1.397
-1.0831
-0.73236
-0.36868
-0.011852
0.32301
0.62468
0.88417
1.0929
1.2414
1.319
1.3147
1.219
1.0257
0.73468
0.3529
-0.10448
-0.61456
-1.1479
-1.6707
-2.1476
-2.5448
-2.8335
-2.9933
-3.0146
-2.9001
-2.6657
-2.338
-1.9523
-1.5475
-1.1616
-0.8267
-0.56504
-0.38627
-0.28686
-0.25134
-0.25518
-0.26914
-0.26414
-0.21623
-0.11077
0.054876
0.27056
0.51486
0.7586
0.96993
1.1199
1.1875
1.1628
1.0483
0.85743
0.61177
0.33724
0.060549
-0.19339
-0.40281
-0.54934
-0.61772
-0.59568
-0.47443
-0.24992
0.075386
0.49082
0.97667
1.5047
2.0402
2.5457
2.9858
3.331
3.5625
3.6737
3.6712
3.5725
3.4029
3.1903
2.9605
2.7324
2.5146
2.3046
2.0898
1.8503
1.5646
1.2146
0.79112
0.29768
-0.24783
-0.81432
-1.3612
-1.8439
-2.221
-2.46
-2.5423
-2.4656
-2.2431
-1.9003
-1.4702
-0.98753
-0.48425
0.013878
0.48782
0.92382
1.3104
1.6354
1.8829
2.0338
2.067
1.9635
1.7113
1.3107
0.77718
0.1421
-0.54926
-1.243
-1.8837
-2.4222
-2.8229
-3.0684
-3.1615
-3.1234
-2.9886
-2.7975
-2.5877
-2.3872
-2.2081
-2.0462
-1.8821
-1.6876
-1.4333
-1.0969
-0.67037
-0.16351
0.39544
0.9635
1.4896
1.923
2.2212
2.3567
2.3208
2.1235
1.7914
1.3626
0.88094
0.39118
-0.065482
-0.45356
-0.74419
-0.91523
-0.95123
-0.844
-0.59393
-0.21161
0.28091
0.85028
1.4539
2.0445
2.5756
3.0084
3.3172
3.4929
3.5431
3.4889
3.3596
3.1851
2.9895
2.7855
2.5726
2.3379
2.0602
1.7172
1.292
0.78048
0.19539
-0.4324
-1.0567
-1.6221
-2.0729
-2.3625
-2.4616
-2.3634
-2.0851
-1.665
-1.1555
-0.61451
-0.096419
0.35592
0.71571
0.97333
1.1338
1.212
1.2262
1.1929
1.1226
1.0189
0.87894
0.69675
0.46657
0.1865
-0.13921
-0.49934
-0.87669
-1.2504
-1.5989
-1.9032
-2.1492
-2.3284
-2.4382
-2.4799
-2.4573
-2.3741
-2.2336
-2.0379
-1.7896
-1.4934
-1.158
-0.7972
-0.43032
-0.080744
0.22635
0.46727
0.62324
0.68338
0.6466
0.52188
0.3269
0.084975
-0.17873
-0.44121
-0.68456
-0.89732
-1.0738
-1.2116
-1.3084
-1.3589
-1.3532
-1.2773
-1.116
-0.85719
-0.49677
-0.042827
0.48277
1.0455
1.6024
2.1083
2.5233
2.819
2.983
3.0196
2.9482
2.7974
2.5986
2.3788
2.1549
1.931
1.6989
1.4412
1.1379
0.77313
0.34143
-0.14802
-0.67036
-1.1875
-1.6537
-2.0228
-2.2564
-2.33
-2.2367
-1.9883
-1.6117
-1.1442
-0.62668
-0.097279
0.41289
0.88194
1.2965
1.6492
1.9348
2.1467
2.2753
2.3073
2.2281
2.025
1.6911
1.229
0.65302
-0.010373
-0.7238
-1.4424
-2.1185
-2.7066
-3.1684
-3.477
-3.619
-3.5947
-3.4171
-3.1087
-2.6978
-2.2152
-1.6907
-1.1519
-0.62297
-0.12516
0.32318
0.70597
1.0095
1.2231
1.3398
1.3578
1.2813
1.1209
0.89345
0.62031
0.32577
0.034224
-0.23238
-0.4565
-0.62594
-0.73355
-0.77582
-0.75105
-0.6578
-0.49441
-0.25978
0.044452
0.41138
0.82658
1.2673
1.7037
2.1024
2.4312
2.6647
2.7894
2.8059
2.7288
2.5843
2.4039
2.2187
2.0521
1.9156
1.8061
1.7071
1.5924
1.4326
1.2024
0.88699
0.48763
0.023182
-0.47119
-0.94888
-1.359
-1.6547
-1.8007
-1.7792
-1.5918
-1.2594
-0.81713
-0.30946
0.217
0.71902
1.1609
1.5162
1.7682
1.908
1.9334
1.8472
1.6565
1.3727
1.0115
0.59281
0.14011
-0.32114
-0.76554
-1.1701
-1.5166
-1.7924
-1.992
-2.1154
-2.1677
-2.1572
-2.0933
-1.9856
-1.8429
-1.6732
-1.4837
-1.2813
-1.0726
-0.86371
-0.65997
-0.46536
-0.2823
-0.11186
0.045583
0.18946
0.31809
0.42822
0.51504
0.57282
0.59593
0.57983
0.5219
0.42196
0.28268
0.11005
-0.0858
-0.28987
-0.48173
-0.63604
-0.7244
-0.71884
-0.5965
-0.34462
0.035321
0.52537
1.0917
1.6881
2.2621
2.7624
3.1464
3.3863
3.4725
3.4137
3.2338
2.9662
2.6465
2.3057
1.9647
1.6316
1.3021
0.96293
0.59796
0.19436
-0.25122
-0.72876
-1.2139
-1.6701
-2.0535
-2.3201
-2.432
-2.3643
-2.109
-1.6767
-1.096
-0.41048
0.32557
1.0519
1.7076
2.2361
2.5899
2.7344
2.6518
2.343
1.8284
1.1466
0.35177
-0.49212
-1.3169
-2.0576
-2.6585
-3.0795
-3.2997
-3.3187
-3.1567
-2.8503
-2.448
-2.003
-1.5673
-1.1848
-0.88682
-0.68925
-0.59189
-0.57985
-0.62668
-0.69892
-0.76139
-0.78258
-0.73966
-0.62221
-0.43423
-0.19391
0.069088
0.31843
0.51761
0.63692
0.65983
0.58751
0.44049
0.25708
0.088282
-0.0098652
0.014356
0.19898
0.5606
1.0896
1.75
2.4829
3.2153
3.8708
4.3815
4.6989
4.8008
4.6943
4.4128
4.0095
3.5468
3.0856
2.6754
2.3471
2.1096
1.9505
1.84
1.7382
1.6022
1.395
1.092
0.68531
0.18622
-0.37589
-0.95707
-1.5046
-1.9639
-2.2863
-2.436
-2.3946
-2.1646
-1.7689
-1.2477
-0.6536
-0.044065
0.52547
1.0085
1.3724
1.6009
1.6936
1.6634
1.5317
1.3233
1.0611
0.7633
0.44163
0.1026
-0.24984
-0.61078
-0.97134
-1.317
-1.6282
-1.8827
-2.0601
-2.1455
-2.134
-2.0318
-1.8556
-1.6303
-1.3836
-1.1421
-0.92631
-0.74842
-0.61117
-0.50906
-0.43087
-0.36286
-0.29207
-0.20899
-0.10929
0.0055827
0.12879
0.24941
0.35435
0.43062
0.4678
0.46037
0.40958
0.3246
0.22253
0.12706
0.065792
0.066413
0.15233
0.3384
0.62761
1.0094
1.4597
1.9441
2.4212
2.849
3.1902
3.4177
3.5182
3.4931
3.3581
3.1393
2.8684
2.5778
2.2941
2.0348
1.8046
1.5957
1.3884
1.1558
0.86825
0.50032
0.03685
-0.52165
-1.1558
-1.8273
-2.4817
-3.0547
-3.4807
-3.7018
-3.6766
-3.3868
-2.8404
-2.072
-1.1385
-0.11366
0.92037
1.8811
2.6937
3.2976
3.6512
3.7352
3.5533
3.1312
2.5136
1.7585
0.93171
0.098832
-0.68089
-1.3602
-1.9072
-2.3062
-2.5565
-2.6695
-2.6647
-2.5664
-2.4004
-2.192
-1.9643
-1.7378
-1.5291
-1.3505
-1.2088
-1.1049
-1.0333
-0.98291
-0.93848
-0.88289
-0.80007
-0.67805
-0.51163
-0.30407
-0.067575
0.17787
0.40705
0.59325
0.71273
0.74909
0.697
0.56443
0.37295
0.15576
-0.046442
-0.19119
-0.2407
-0.16792
0.038776
0.37341
0.81291
1.3205
1.8511
2.3585
2.8019
3.1512
3.3906
3.5183
3.5445
3.4864
3.3624
3.1872
2.9679
2.7022
2.3803
1.9882
1.5132
0.94969
0.30486
-0.39853
-1.1214
-1.8114
-2.4087
-2.8546
-3.1003
-3.1156
-2.8942
-2.4564
-1.8459
-1.1243
-0.36172
0.37322
1.0223
1.5445
1.9186
2.1428
2.2312
2.2073
2.0986
1.9302
1.7214
1.4833
1.2194
0.92737
0.60229
0.24066
-0.15613
-0.57932
-1.0118
-1.4292
-1.8029
-2.1045
-2.3106
-2.4074
-2.3935
-2.2803
-2.0899
-1.851
-1.5937
-1.344
-1.1198
-0.92884
-0.76885
-0.62992
-0.49818
-0.35992
-0.20521
-0.030287
0.16155
0.36048
0.55186
0.71852
0.84325
0.91117
0.91183
0.84095
0.70188
0.50654
0.27561
0.037709
-0.17276
-0.31918
-0.36736
-0.2907
-0.075104
0.27758
0.74817
1.3015
1.8905
2.4629
2.9683
3.3659
3.6304
3.7545
3.7485
3.6366
3.4504
3.2214
2.9749
2.7245
2.4711
2.2037
1.9039
1.5515
1.1316
0.63966
0.085849
-0.50428
-1.0917
-1.6289
-2.0661
-2.3592
-2.4761
-2.4015
-2.1391
-1.7108
-1.1532
-0.51215
0.16318
0.82562
1.4341
1.9559
2.3671
2.6515
2.7998
2.8084
2.6788
2.418
2.0389
1.5603
1.0068
0.40702
-0.20862
-0.81041
-1.372
-1.8722
-2.2956
-2.6325
-2.8777
-3.0303
-3.0925
-3.0698
-2.9712
-2.8091
-2.599
-2.3577
-2.1015
-1.8429
-1.5891
-1.3404
-1.0907
-0.82956
-0.54595
-0.23178
0.11427
0.48442
0.86128
1.2191
1.5272
1.7534
1.8696
1.8552
1.7011
1.4116
1.0058
0.51658
-0.010952
-0.52346
-0.96413
-1.2787
-1.4217
-1.363
-1.092
-0.62111
0.01482
0.76132
1.5505
2.3096
2.9701
3.4768
3.7954
3.9155
3.8517
3.6388
3.3256
2.9657
2.6087
2.2919
2.0348
1.837
1.6786
1.5256
1.3362
1.0702
0.69767
0.20658
-0.39201
-1.063
-1.7503
-2.3842
-2.8912
-3.2058
-3.2808
-3.0953
-2.6591
-2.0117
-1.2167
-0.35391
0.4926
1.245
1.8418
2.2445
2.4406
2.4435
2.2875
2.0215
1.7002
1.3761
1.0912
0.87138
0.72399
0.63747
0.58502
0.53071
0.43725
0.27415
0.024523
-0.31069
-0.71219
-1.1455
-1.5672
-1.9333
-2.2069
-2.365
-2.4009
-2.3244
-2.1578
-1.9292
-1.6666
-1.3919
-1.1177
-0.84683
-0.57527
-0.29604
-0.0040166
0.30012
0.60796
0.9036
1.166
1.3729
1.5042
1.5464
1.494
1.351
1.1301
0.85235
0.54536
0.24162
-0.023414
-0.21406
-0.29778
-0.24922
-0.05442
0.28569
0.75339
1.3146
1.9223
2.5218
3.0586
3.4856
3.7696
3.8959
3.8686
3.7089
3.4501
3.1311
2.7896
2.4558
2.1485
1.8729
1.6219
1.3787
1.1221
0.83176
0.49405
0.1063
-0.32071
-0.76278
-1.1849
-1.5461
-1.806
-1.931
-1.9003
-1.7093
-1.3707
-0.91211
-0.37281
0.20192
0.76585
1.2763
1.6973
2.0015
2.1705
2.1957
2.0772
1.8239
1.4524
0.9865
0.45505
-0.10949
-0.67361
-1.205
-1.675
-2.0601
-2.3439
-2.5183
-2.5838
-2.5502
-2.4354
-2.264
-2.0644
-1.8646
-1.6883
-1.5507
-1.4556
-1.3945
-1.3478
-1.2884
-1.1869
-1.018
-0.76618
-0.43032
-0.025878
0.41593
0.85175
1.2322
1.5096
1.6453
1.6171
1.4229
1.0831
0.63787
0.14327
-0.3362
-0.73565
-0.99808
-1.0816
-0.96482
-0.64925
-0.15926
0.46133
1.1548
1.857
2.5052
3.0456
3.4395
3.6662
3.7238
3.627
3.4023
3.0828
2.7016
2.287
1.8592
1.4295
1.0015
0.57464
0.14865
-0.27164
-0.67322
-1.0338
-1.3235
-1.5092
-1.561
-1.4583
-1.1958
-0.78639
-0.26081
0.33536
0.94781
1.5206
2.0033
2.3567
2.5565
2.5939
2.4755
2.2194
1.8527
1.4066
0.91356
0.40409
-0.095373
-0.56351
-0.9844
-1.3471
-1.6451
-1.8751
-2.0371
-2.1337
-2.1705
-2.156
-2.1012
-2.0184
-1.9196
-1.8136
-1.7041
-1.5881
-1.4555
-1.2916
-1.0795
-0.80563
-0.46318
-0.056326
0.39835
0.87248
1.3288
1.726
2.0243
2.1914
2.2068
2.0651
1.777
1.3677
0.87454
0.34279
-0.17892
-0.64303
-1.0071
-1.2371
-1.31
-1.2152
-0.95546
-0.54645
-0.015731
0.59957
1.2559
1.9074
2.5098
3.0249
3.4236
3.6884
3.8133
3.8028
3.6697
3.4309
3.1049
2.7087
2.2566
1.76
1.2287
0.67274
0.10472
-0.45853
-0.99507
-1.4783
-1.8788
-2.1671
-2.3174
-2.3118
-2.1432
-1.8184
-1.359
-0.80055
-0.19009
0.41827
0.96897
1.4111
1.7043
1.8228
1.7586
1.5213
1.1365
0.64209
0.083394
-0.49172
-1.0377
-1.5149
-1.893
-2.1522
-2.2843
-2.2932
-2.1942
-2.0121
-1.7791
-1.5307
-1.3012
-1.1183
-0.99868
-0.94438
-0.94211
-0.96473
-0.97592
-0.93672
-0.81325
-0.584
-0.24532
0.18587
0.67303
1.1644
1.6001
1.9217
2.0811
2.0489
1.8199
1.4153
0.88084
0.28169
-0.30559
-0.80288
-1.1407
-1.2673
-1.1558
-0.80804
-0.25426
0.4508
1.2353
2.0203
2.7302
3.3025
3.6953
3.8911
3.8962
3.7375
3.4557
3.0974
2.7081
2.3252
1.9742
1.6671
1.4032
1.1724
0.95892
0.74687
0.52416
0.28608
0.036957
-0.21006
-0.4351
-0.61489
-0.7269
-0.75324
-0.68382
-0.5183
-0.2667
0.051159
0.40701
0.76623
1.0904
1.3401
1.4787
1.4761
1.3128
0.98359
0.49992
-0.10956
-0.80105
-1.5202
-2.2088
-2.8124
-3.2878
-3.6086
-3.7683
-3.78
-3.6725
-3.4843
-3.2563
-3.024
-2.8117
-2.6289
-2.4693
-2.3137
-2.1346
-1.9031
-1.595
-1.1975
-0.7127
-0.15927
0.42922
1.0085
1.5295
1.946
2.2208
2.3313
2.2724
2.0567
1.7113
1.2742
0.78796
0.29502
-0.16656
-0.56546
-0.87788
-1.0872
-1.1832
-1.1616
-1.0241
-0.77883
-0.44098
-0.032829
0.4173
0.87727
1.3144
1.6995
2.0101
2.2333
2.3668
2.4179
2.4008
2.3333
2.2323
2.1108
1.9753
1.8252
1.6538
1.4512
1.2074
0.91623
0.57857
0.20431
-0.18737
-0.56966
-0.91134
-1.1812
-1.3528
-1.4088
-1.3437
-1.165
-0.89223
-0.55451
-0.18655
0.17544
0.49764
0.75158
0.91593
0.97729
0.92993
0.77513
0.52024
0.17788
-0.23471
-0.69609
-1.1811
-1.6614
-2.107
-2.4881
-2.7784
-2.9582
-3.018
-2.9608
-2.803
-2.5724
-2.3043
-2.0353
-1.7969
-1.6087
-1.4752
-1.3839
-1.3084
-1.2137
-1.0637
-0.82891
-0.49365
-0.060287
0.44936
0.9963
1.5297
1.9944
2.3398
2.5277
2.5388
2.3753
2.0607
1.635
1.1484
0.65275
0.19427
-0.19191
-0.48444
-0.67538
-0.76752
-0.77059
-0.69739
-0.56092
-0.37286
-0.14341
0.11796
0.4015
0.6965
0.9912
1.2735
1.5319
1.757
1.9419
2.0822
2.1753
2.2194
2.2118
2.1486
2.0249
1.836
1.5796
1.2577
0.87918
0.46074
0.026429
-0.39405
-0.7687
-1.0675
-1.2666
-1.3522
-1.3225
-1.1873
-0.96686
-0.68713
-0.37582
-0.057762
0.24818
0.53043
0.78397
1.0079
1.2023
1.3645
1.4877
1.5596
1.5647
1.4864
1.3113
1.0327
0.65327
0.18631
-0.34501
-0.91004
-1.4741
-2.0028
-2.4654
-2.8381
-3.1057
-3.262
-3.3088
-3.254
-3.1093
-2.8878
-2.6019
-2.2624
-1.8783
-1.4572
-1.0068
-0.53646
-0.058227
0.41219
0.85544
1.2494
1.5708
1.7977
1.9126
1.9048
1.7739
1.5302
1.1957
0.80146
0.38519
-0.013382
-0.35667
-0.6131
-0.75992
-0.78468
-0.68564
-0.47121
-0.15876
0.22704
0.65643
1.0971
1.5174
1.889
2.1901
2.4073
2.536
2.58
2.5495
2.459
2.3236
2.1572
1.97
1.768
1.5531
1.3236
1.0766
0.80942
0.52203
0.21861
-0.091165
-0.39191
-0.66327
-0.88183
-1.024
-1.0696
-1.0053
-0.82778
-0.54579
-0.18018
0.2373
0.66698
1.0653
1.3894
1.6019
1.6751
1.594
1.3582
0.98234
0.49451
-0.066403
-0.65507
-1.2246
-1.732
-2.1428
-2.4349
-2.6008
-2.6478
-2.5955
-2.4715
-2.3062
-2.1259
-1.9483
-1.7792
-1.612
-1.4303
-1.2133
-0.94152
-0.60305
-0.19766
0.26139
0.74852
1.2294
1.6663
2.0234
2.2723
2.3952
2.3867
2.2536
2.0127
1.688
1.3067
0.89654
0.48306
0.088956
-0.26565
-0.56218
-0.78267
-0.90974
-0.92791
-0.82624
-0.60166
-0.26188
0.17295
0.67091
1.1912
1.6892
2.1224
2.4563
2.669
2.7537
2.7182
2.583
2.376
2.1277
1.8654
1.6091
1.3692
1.146
0.93203
0.71561
0.48538
0.2347
-0.035205
-0.31386
-0.58234
-0.816
-0.98856
-1.0767
-1.0643
-0.94517
-0.72433
-0.41769
-0.050147
0.34706
0.73925
1.091
1.3687
1.5423
1.5877
1.4881
1.2361
0.83549
0.30223
-0.33515
-1.0366
-1.7529
-2.4305
-3.0163
-3.4642
-3.7409
-3.8303
-3.7353
-3.4772
-3.092
-2.6251
-2.1242
-1.6332
-1.1866
-0.80672
-0.50226
-0.26985
-0.096654
0.035745
0.14732
0.25579
0.37371
0.50659
0.65235
0.80195
0.94091
1.0515
1.1148
1.1134
1.0333
0.86576
0.60996
0.27446
-0.12107
-0.54548
-0.9575
-1.3091
-1.5512
-1.6406
-1.5473
-1.2605
-0.79224
-0.17719
0.5311
1.2674
1.9643
2.5613
3.0138
3.2979
3.4125
3.3767
3.2242
2.9962
2.733
2.4671
2.2183
1.9921
1.7808
1.5671
1.3301
1.051
0.71856
0.33367
-0.08961
-0.52479
-0.93643
-1.2855
-1.5359
-1.6604
-1.6459
-1.496
-1.231
-0.88484
-0.49978
-0.11949
0.21751
0.48326
0.66342
0.75743
0.77606
0.73698
0.65947
0.55937
0.44552
0.31818
0.16982
-0.012045
-0.24069
-0.52563
-0.86865
-1.2613
-1.6845
-2.1098
-2.503
-2.8285
-3.0547
-3.1582
-3.1271
-2.9624
-2.6777
-2.2969
-1.85
-1.3699
-0.88759
-0.42925
-0.014189
0.34626
0.64857
0.89609
1.0975
1.265
1.4117
1.5497
1.6876
1.8282
1.9684
2.098
2.2019
2.2615
2.258
2.1751
2.0015
1.7328
1.373
0.93494
0.44102
-0.077034
-0.57884
-1.0174
-1.3433
-1.5099
-1.4815
-1.2397
-0.78971
-0.16223
0.58807
1.3893
2.162
2.8315
3.3386
3.648
3.7522
3.6703
3.442
3.1181
2.7505
2.3828
2.044
1.7461
1.4855
1.2475
1.0135
0.76676
0.49816
0.2089
-0.089408
-0.37708
-0.63056
-0.82713
-0.94928
-0.98761
-0.94186
-0.82003
-0.63579
-0.40525
-0.14382
0.13592
0.42467
0.71526
1.0002
1.2691
1.5063
1.6909
1.798
1.8018
1.6806
1.4206
1.0204
0.49187
-0.13942
-0.83692
-1.5569
-2.253
-2.8814
-3.4044
-3.794
-4.0337
-4.1188
-4.0556
-3.8591
-3.5503
-3.1528
-2.6896
-2.1809
-1.6431
-1.0892
-0.53001
0.023788
0.55998
1.064
1.5195
1.9095
2.219
2.4369
2.5573
2.5798
2.5088
2.3519
2.1179
1.8159
1.4543
1.0415
0.58757
0.10592
-0.38411
-0.85599
-1.2762
-1.6065
-1.8085
-1.8501
-1.7118
-1.3924
-0.91251
-0.31319
0.34802
1.0053
1.5944
2.0624
2.3757
2.5243
2.5213
2.3985
2.1985
1.9659
1.7382
1.5402
1.3806
1.2536
1.1428
1.0275
0.88881
0.71547
0.50682
0.27326
0.034149
-0.18619
-0.3633
-0.47715
-0.51562
-0.47609
-0.36532
-0.19758
0.0081662
0.23127
0.45197
0.65295
0.81971
0.94005
1.0032
0.99882
0.91726
0.75003
0.49166
0.14183
-0.29265
-0.79652
-1.346
-1.9104
-2.4547
-2.9436
-3.346
-3.6382
-3.8073
-3.8517
-3.7803
-3.6093
-3.3589
-3.0481
-2.6914
-2.297
-1.8665
-1.3971
-0.8853
-0.33071
0.26013
0.87185
1.4801
2.0533
2.5565
2.9552
3.2204
3.3322
3.2822
3.0744
2.7247
2.259
1.7102
1.1162
0.51684
-0.04765
-0.53859
-0.92082
-1.1651
-1.2512
-1.1705
-0.92864
-0.54649
-0.058589
0.49006
1.0494
1.5708
2.0132
2.3478
2.5614
2.6556
2.6451
2.5528
2.4048
2.2251
2.0313
1.8323
1.6282
1.4115
1.1712
0.89602
0.57942
0.22245
-0.16418
-0.56006
-0.93693
-1.2621
-1.5027
-1.6307
-1.6266
-1.4822
-1.2023
-0.80412
-0.31556
0.22744
0.78392
1.311
1.7668
2.1131
2.3174
2.3556
2.214
1.8907
1.3972
0.7585
0.012307
-0.79298
-1.602
-2.3572
-3.0048
-3.5003
-3.8145
-3.937
-3.8777
-3.6652
-3.3423
-2.959
-2.5642
-2.198
-1.8856
-1.6336
-1.431
-1.2521
-1.0632
-0.82972
-0.52431
-0.133
0.34064
0.87425
1.4285
1.9518
2.3872
2.6803
2.7875
2.6829
2.3627
1.8476
1.1814
0.42686
-0.34099
-1.0426
-1.603
-1.9605
-2.0741
-1.9292
-1.5398
-0.94754
-0.21644
0.57552
1.3472
2.0253
2.5547
2.9046
3.0706
3.0727
2.9484
2.7441
2.5051
2.2674
2.0527
1.8659
1.6973
1.5272
1.3321
1.0919
0.79471
0.44099
0.04422
-0.37064
-0.77092
-1.1213
-1.3892
-1.5493
-1.5874
-1.5008
-1.2988
-1.0004
-0.63114
-0.22115
0.19781
0.59375
0.93548
1.1935
1.3413
1.357
1.2257
0.94257
0.51518
-0.035376
-0.67475
-1.3579
-2.0334
-2.6494
-3.1597
-3.5289
-3.7369
-3.7798
-3.6696
-3.4304
-3.094
-2.6946
-2.2634
-1.8255
-1.3978
-0.98931
-0.60215
-0.23433
0.11808
0.45881
0.78998
1.1112
1.4188
1.7056
1.9602
2.1668
2.3059
2.3553
2.2934
2.1026
1.774
1.312
0.7371
0.087134
-0.58421
-1.2121
-1.7276
-2.067
-2.1815
-2.0451
-1.6609
-1.0621
-0.30897
0.51902
1.3344
2.0542
2.6122
2.9676
3.1098
3.057
2.8508
2.5461
2.2004
1.8625
1.565
1.3207
1.1229
0.95094
0.7772
0.57582
0.33001
0.036875
-0.29118
-0.62857
-0.94141
-1.194
-1.3556
-1.4055
-1.3364
-1.1551
-0.87989
-0.53748
-0.15836
0.22712
0.59176
0.91301
1.1734
1.3598
1.4626
1.4752
1.3932
1.2149
0.94174
0.57883
0.13602
-0.37185
-0.92489
-1.4987
-2.0655
-2.5961
-3.0624
-3.4396
-3.7089
-3.859
-3.8865
-3.7957
-3.5966
-3.3031
-2.9307
-2.4952
-2.0118
-1.4959
-0.9635
-0.43219
0.078785
0.54917
0.95933
1.2925
1.5367
1.6869
1.745
1.7194
1.6228
1.4698
1.2739
1.0451
0.78933
0.50903
0.20533
-0.11836
-0.45277
-0.78018
-1.0738
-1.3001
-1.4229
-1.4102
-1.2408
-0.90961
-0.43067
0.16313
0.82389
1.4951
2.1195
2.6469
3.0403
3.2794
3.3614
3.2982
3.1121
2.8303
2.4797
2.0829
1.657
1.2135
0.76107
0.30858
-0.13217
-0.54467
-0.90805
-1.1993
-1.3969
-1.485
-1.4571
-1.3174
-1.0809
-0.77116
-0.41619
-0.044468
0.3187
0.6532
0.94443
1.182
1.3577
1.4635
1.4904
1.4291
1.2714
1.0133
0.65723
0.2145
-0.29407
-0.8393
-1.3862
-1.8981
-2.3408
-2.6869
-2.9193
-3.0323
-3.0325
-2.9362
-2.7665
-2.5487
-2.3054
-2.0529
-1.7982
-1.5389
-1.2646
-0.96111
-0.61525
-0.21981
0.22267
0.69813
1.1817
1.6407
2.0392
2.3431
2.5249
2.5678
2.467
2.2309
1.8792
1.441
0.95145
0.44846
-0.030236
-0.44986
-0.78045
-0.99831
-1.0872
-1.0391
-0.8557
-0.54852
-0.13909
0.34229
0.85922
1.373
1.8475
2.2531
2.5708
2.7933
2.9244
2.9763
2.965
2.9061
2.8107
2.683
2.5203
2.3149
2.0576
1.7418
1.3676
0.94428
0.49119
0.036589
-0.38591
-0.74206
-1.0023
-1.1464
-1.1666
-1.0681
-0.86805
-0.59171
-0.26828
0.07337
0.40782
0.71459
0.97791
1.1853
1.3255
1.3872
1.3586
1.2288
0.99003
0.64104
0.18989
-0.34431
-0.93165
-1.5338
-2.1083
-2.6139
-3.0161
-3.2914
-3.43
-3.436
-3.3253
-3.1228
-2.8575
-2.5588
-2.2526
-1.9585
-1.6884
-1.4455
-1.225
-1.0157
-0.80243
-0.56872
-0.30088
0.0087844
0.35918
0.73883
1.126
1.4905
1.7974
2.0113
2.1016
2.0475
1.8411
1.4907
1.0206
0.47004
-0.11038
-0.66392
-1.1341
-1.4718
-1.6414
-1.6261
-1.4303
-1.0788
-0.61329
-0.085816
0.449
0.94223
1.3575
1.6751
1.8933
2.0258
2.0968
2.1344
2.1638
2.2019
2.254
2.313
2.3619
2.3776
2.3362
2.218
2.0125
1.7205
1.3547
0.93879
0.50367
0.083321
-0.28989
-0.58916
-0.79594
-0.90082
-0.90289
-0.80784
-0.62577
-0.3694
-0.05332
0.30539
0.68566
1.0607
1.397
1.6551
1.7927
1.7702
1.5576
1.1417
0.53174
-0.23799
-1.1102
-2.011
-2.8596
-3.5804
-4.1143
-4.4273
-4.5145
-4.3991
-4.1256
-3.7501
-3.3291
-2.9088
-2.5169
-2.1597
-1.8233
-1.4798
-1.0961
-0.64412
-0.11045
0.49803
1.1522
1.8038
2.3928
2.8573
3.1438
3.2166
3.0632
2.6964
2.1515
1.4813
0.74762
0.013886
-0.66248
-1.2352
-1.6722
-1.956
-2.0827
-2.0593
-1.9012
-1.6293
-1.2678
-0.84257
-0.38002
0.094135
0.55591
0.98431
1.3627
1.6799
1.9312
2.1181
2.2475
2.3296
2.3751
2.3929
2.3871
2.3564
2.2935
2.1872
2.0247
1.7957
1.4955
1.1283
0.70853
0.26096
-0.18193
-0.58364
-0.90886
-1.1288
-1.2256
-1.1954
-1.0486
-0.80824
-0.50605
-0.17765
0.14228
0.42396
0.64484
0.79024
0.85248
0.82919
0.72147
0.53252
0.26726
-0.067238
-0.46061
-0.89804
-1.3597
-1.8212
-2.2555
-2.6358
-2.9389
-3.1484
-3.2565
-3.2648
-3.1828
-3.0256
-2.8102
-2.5525
-2.2646
-1.9533
-1.6208
-1.2661
-0.88747
-0.48526
-0.064155
0.36556
0.78814
1.1837
1.5308
1.809
2.0016
2.0983
2.0955
1.9971
1.8132
1.559
1.2526
0.91353
0.56153
0.21564
-0.10597
-0.38585
-0.60724
-0.75435
-0.81325
-0.77323
-0.62873
-0.38114
-0.040203
0.37549
0.83927
1.3186
1.7781
2.1842
2.5088
2.733
2.8494
2.8627
2.7878
2.6475
2.4677
2.2731
2.0832
1.9089
1.7514
1.6026
1.4472
1.2666
1.043
0.76406
0.42653
0.038602
-0.37969
-0.79788
-1.1782
-1.4797
-1.6633
-1.6967
-1.5587
-1.2428
-0.75957
-0.13801
0.57553
1.3199
2.0237
2.6127
3.017
3.1805
3.0686
2.6741
2.0196
1.1563
0.1587
-0.88501
-1.8834
-2.7532
-3.4295
-3.8724
-4.0699
-4.0374
-3.8127
-3.4493
-3.0074
-2.5461
-2.1154
-1.7512
-1.4723
-1.2792
-1.1569
-1.0785
-1.0109
-0.92131
-0.78317
-0.58162
-0.31652
-0.0029467
0.33105
0.64911
0.91286
1.0884
1.1522
1.0944
0.92047
0.65016
0.31422
-0.049511
-0.4007
-0.70076
-0.91648
-1.0228
-1.005
-0.85956
-0.59448
-0.22878
0.20942
0.68569
1.163
1.6063
1.9862
2.2831
2.4891
2.6082
2.6544
2.6479
2.6111
2.5628
2.5151
2.4704
2.4215
2.353
2.2455
2.0794
1.8398
1.5204
1.1258
0.67211
0.18597
-0.29854
-0.74376
-1.113
-1.3752
-1.508
-1.5011
-1.3564
-1.0879
-0.71971
-0.28368
0.18351
0.64305
1.0563
1.3868
1.6024
1.6771
1.5934
1.345
0.93865
0.39514
-0.25101
-0.9542
-1.6621
-2.3218
-2.8856
-3.3175
-3.5965
-3.7184
-3.6945
-3.5482
-3.3104
-3.0149
-2.6939
-2.3751
-2.0808
-1.827
-1.6243
-1.4775
-1.3863
-1.3446
-1.3401
-1.3544
-1.364
-1.3426
-1.2646
-1.1095
-0.86639
-0.53767
-0.14057
0.29367
0.72335
1.1022
1.3866
1.5427
1.5526
1.4183
1.1625
0.82597
0.46276
0.13262
-0.10743
-0.21137
-0.15103
0.079517
0.46285
0.9605
1.5185
2.075
2.5697
2.952
3.1881
3.2647
3.1901
2.991
2.7072
2.3842
2.0651
1.7843
1.5614
1.3996
1.2855
1.193
1.0885
0.93813
0.7147
0.40378
0.0078863
-0.45222
-0.93914
-1.4033
-1.7896
-2.0457
-2.1297
-2.0172
-1.7058
-1.2167
-0.59252
0.10708
0.81248
1.4519
1.9591
2.2802
2.3788
2.2392
1.8679
1.2928
0.56052
-0.26784
-1.1232
-1.9357
-2.6423
-3.1937
-3.5595
-3.7313
-3.7218
-3.5617
-3.2943
-2.9681
-2.6299
-2.3185
-2.0603
-1.8676
-1.7382
-1.6582
-1.6055
-1.5542
-1.4787
-1.3582
-1.1793
-0.93845
-0.64227
-0.3068
0.04459
0.38424
0.68392
0.91852
1.0692
1.1254
1.0867
0.96172
0.76847
0.53201
0.28264
0.053183
-0.12401
-0.22036
-0.21436
-0.09453
0.13844
0.47088
0.87696
1.3214
1.7638
2.1641
2.488
2.7122
2.8271
2.838
2.7625
2.6271
2.4611
2.2906
2.1335
1.9958
1.8707
1.7399
1.5783
1.3596
1.0631
0.68001
0.21776
-0.29833
-0.82688
-1.3155
-1.7085
-1.9554
-2.0197
-1.8853
-1.5594
-1.0725
-0.47422
0.17353
0.8042
1.3546
1.7717
2.0167
2.0684
1.9228
1.5922
1.1031
0.4934
-0.19099
-0.89964
-1.5814
-2.1886
-2.6811
-3.0302
-3.2218
-3.2578
-3.1555
-2.9451
-2.6654
-2.3581
-2.0617
-1.8068
-1.6122
-1.4836
-1.4147
-1.3892
-1.385
-1.3784
-1.3476
-1.2764
-1.1556
-0.98405
-0.76795
-0.51929
-0.25384
0.011369
0.26035
0.48006
0.66161
0.80061
0.89661
0.95193
0.97021
0.95492
0.90857
0.83253
0.72792
0.59712
0.44568
0.28394
0.12772
-0.0022647
-0.082635
-0.090757
-0.0089374
0.17156
0.44755
0.80282
1.2092
1.6301
2.0254
2.3576
2.5971
2.7269
2.7443
2.6606
2.4982
2.2864
2.0551
1.83
1.6281
1.455
1.3049
1.1627
1.0075
0.81821
0.57827
0.28053
-0.070116
-0.45612
-0.84902
-1.2131
-1.5106
-1.7067
-1.7746
-1.699
-1.4776
-1.1216
-0.65424
-0.10894
0.47324
1.0463
1.562
1.9732
2.2367
2.3179
2.1945
1.8606
1.3295
0.63455
-0.17245
-1.0262
-1.8552
-2.5906
-3.1758
-3.5734
-3.77
-3.7766
-3.6253
-3.3622
-3.0394
-2.7059
-2.4008
-2.1491
-1.9602
-1.83
-1.7445
-1.6847
-1.6316
-1.5702
-1.4915
-1.3933
-1.2793
-1.1568
-1.0344
-0.91918
-0.81444
-0.71876
-0.62598
-0.52646
-0.40942
-0.26594
-0.092023
0.10894
0.32513
0.53694
0.71973
0.84813
0.9014
0.86867
0.75293
0.5727
0.36087
0.16046
0.018023
-0.02419
0.064112
0.29522
0.66026
1.1295
1.6561
2.1834
2.6526
3.0128
3.2279
3.2817
3.1803
2.9494
2.6294
2.268
1.9114
1.5962
1.3434
1.1557
1.0174
0.89903
0.76387
0.57604
0.30852
-0.050535
-0.49428
-0.99711
-1.5179
-2.0061
-2.4094
-2.6819
-2.7912
-2.7225
-2.4805
-2.0877
-1.5796
-0.99894
-0.38947
0.2086
0.76136
1.2414
1.6266
1.8979
2.0381
2.0324
1.8703
1.5491
1.0786
0.48292
-0.19853
-0.91401
-1.6054
-2.2162
-2.6998
-3.027
-3.1893
-3.1993
-3.0867
-2.8913
-2.6554
-2.4159
-2.1993
-2.0196
-1.879
-1.7706
-1.6833
-1.6052
-1.5275
-1.4451
-1.3573
-1.2656
-1.1721
-1.0773
-0.97898
-0.87226
-0.7504
-0.60697
-0.43817
-0.2448
-0.033456
0.18356
0.38964
0.56627
0.69607
0.76588
0.76928
0.70824
0.59354
0.44389
0.28403
0.1417
0.044264
0.015102
0.070353
0.21649
0.44904
0.75275
1.1032
1.4698
1.8196
2.1216
2.3509
2.4914
2.5382
2.4972
2.3844
2.2224
2.0374
1.855
1.6958
1.5724
1.4871
1.4311
1.3852
1.323
1.215
1.0335
0.75812
0.38035
-0.093367
-0.64061
-1.2243
-1.7962
-2.3026
-2.6906
-2.9153
-2.946
-2.7709
-2.3984
-1.8569
-1.1909
-0.45581
0.28809
0.98153
1.571
2.0119
2.2711
2.3279
2.1751
1.82
1.2851
0.608
-0.16061
-0.96019
-1.7265
-2.3992
-2.9293
-3.2865
-3.4623
-3.4709
-3.3446
-3.1275
-2.8668
-2.6047
-2.3719
-2.1845
-2.0442
-1.9406
-1.8567
-1.7732
-1.6741
-1.5492
-1.3959
-1.2187
-1.0275
-0.83477
-0.65314
-0.49248
-0.35843
-0.25172
-0.16855
-0.10194
-0.043609
0.013934
0.075575
0.14242
0.21145
0.27616
0.32799
0.35837
0.36106
0.33422
0.28192
0.21465
0.14868
0.10421
0.10258
0.16291
0.29866
0.51479
0.80585
1.1556
1.5382
1.921
2.2687
2.548
2.7327
2.8077
2.7715
2.6368
2.4284
2.1792
1.9245
1.6954
1.5132
1.3845
1.2999
1.2351
1.1551
1.0212
0.79844
0.46401
0.012803
-0.539
-1.1543
-1.7788
-2.3486
-2.7989
-3.0739
-3.1361
-2.9712
-2.591
-2.0301
-1.341
-0.5847
0.17716
0.8896
1.5085
2.0018
2.3478
2.5327
2.5481
2.3901
2.0608
1.5708
0.9423
0.21105
-0.57401
-1.3546
-2.0699
-2.6647
-3.0983
-3.3505
-3.425
-3.3474
-3.1599
-2.9132
-2.657
-2.4316
-2.2621
-2.1559
-2.1031
-2.0808
-2.0579
-2.002
-1.8848
-1.6874
-1.403
-1.0386
-0.61393
-0.15902
0.28988
0.69532
1.0238
1.2507
1.3629
1.361
1.2581
1.0766
0.84459
0.59074
0.34007
0.11113
-0.085105
-0.24443
-0.36716
-0.45515
-0.50899
-0.5261
-0.5003
-0.42289
-0.28511
-0.081176
0.18875
0.51642
0.88484
1.2693
1.6403
1.9671
2.2225
2.3868
2.451
2.4177
2.3004
2.121
1.9058
1.6808
1.4673
1.2784
1.1174
0.97774
0.84452
0.69807
0.51781
0.2864
-0.0065943
-0.36217
-0.77054
-1.2114
-1.6555
-2.0676
-2.4104
-2.6489
-2.755
-2.7112
-2.513
-2.1687
-1.6991
-1.1338
-0.50863
0.13782
0.76628
1.3382
1.8166
2.1669
2.3591
2.3704
2.1894
1.8196
1.283
0.62
-0.11281
-0.8489
-1.5203
-2.0678
-2.4496
-2.6481
-2.6721
-2.5539
-2.3427
-2.0945
-1.8618
-1.6842
-1.583
-1.5589
-1.5947
-1.6603
-1.7202
-1.7405
-1.6948
-1.5687
-1.3608
-1.0825
-0.75488
-0.40485
-0.061062
0.25043
0.50923
0.70256
0.82565
0.8809
0.87605
0.82188
0.72997
0.61092
0.47345
0.32431
0.16906
0.013369
-0.13556
-0.2679
-0.37092
-0.42966
-0.42879
-0.35512
-0.20054
0.035396
0.34388
0.70664
1.0974
1.4846
1.8359
2.1222
2.3221
2.4253
2.4333
2.36
2.2283
2.0666
1.9035
1.763
1.66
1.597
1.5634
1.5368
1.4867
1.3797
1.1856
0.88431
0.47015
-0.045111
-0.63239
-1.2484
-1.841
-2.3565
-2.7472
-2.9773
-3.0278
-2.8976
-2.6018
-2.168
-1.6308
-1.0269
-0.39065
0.24703
0.85865
1.4179
1.8975
2.2676
2.4968
2.5557
2.4217
2.0862
1.5589
0.87125
0.075003
-0.76344
-1.5717
-2.2821
-2.8419
-3.2208
-3.4138
-3.4405
-3.3385
-3.1554
-2.9393
-2.7302
-2.5543
-2.4217
-2.3267
-2.2516
-2.1712
-2.0584
-1.8897
-1.6492
-1.3319
-0.94466
-0.50646
-0.04617
0.4006
0.79588
1.1043
1.2981
1.3608
1.2903
1.0989
0.81221
0.46512
0.097337
-0.25213
-0.5499
-0.77194
-0.9055
-0.94911
-0.91086
-0.80541
-0.6505
-0.46367
-0.25967
-0.048981
0.16251
0.37279
0.58231
0.79224
1.0028
1.2123
1.416
1.6074
1.7782
1.9205
2.0279
2.0968
2.1268
2.1209
2.0838
2.0204
1.9335
1.8222
1.6805
1.4985
1.2635
0.96386
0.59237
0.14977
-0.35299
-0.89421
-1.4428
-1.9616
-2.4113
-2.7555
-2.9647
-3.0196
-2.9127
-2.6486
-2.2421
-1.7167
-1.1024
-0.43323
0.25304
0.9161
1.5134
2.0017
2.3391
2.4896
2.4284
2.147
1.6583
0.99779
0.22245
-0.59572
-1.3789
-2.0551
-2.5689
-2.89
-3.0174
-2.9773
-2.8172
-2.595
-2.368
-2.1819
-2.0637
-2.0181
-2.0291
-2.0647
-2.0848
-2.049
-1.9243
-1.691
-1.3459
-0.90211
-0.38744
0.1602
0.69811
1.1845
1.5835
1.8692
2.0279
2.0581
1.9696
1.7809
1.5164
1.2026
0.86595
0.53004
0.2145
-0.066006
-0.30199
-0.489
-0.62703
-0.71988
-0.77418
-0.79832
-0.80132
-0.79152
-0.77541
-0.75664
-0.73537
-0.70826
-0.66891
-0.60907
-0.52018
-0.39523
-0.23052
-0.027132
0.20838
0.46401
0.72323
0.96681
1.175
1.3302
1.419
1.4341
1.3752
1.2485
1.0664
0.84479
0.60174
0.35484
0.11952
-0.092253
-0.27259
-0.41754
-0.5265
-0.60118
-0.6446
-0.6601
-0.65075
-0.61904
-0.567
-0.49648
-0.40966
-0.30941
-0.1996
-0.085153
0.028232
0.13449
0.22781
0.30324
0.35723
0.38798
0.39556
0.38179
0.34986
0.30386
0.24828
0.18753
0.12555
0.065644
0.010404
-0.038253
-0.078957
-0.11077
-0.13309
-0.14563
-0.14844
-0.14199
-0.12719
-0.10545
-0.078591
-0.048732
-0.018066
0.011385
0.038013
0.060802
0.079406
0.094092
0.10557
0.11472
0.12227
0.12856
0.13332
0.13569
0.13436
0.1279
0.1151
0.095438
0.069313
0.038223
0.0046593
-0.02819
-0.056906
-0.078386
-0.090362
-0.091796
-0.083067
-0.065929
-0.043231
-0.018474
0.004734
0.023211
0.03464
0.037853
0.03291
0.020993
0.0041428
-0.015103
-0.034095
-0.050414
-0.062136
-0.067986
-0.06738
-0.060385
-0.047626
-0.030152
-0.0093109
0.013374
0.036306
0.05791
0.076702
0.091366
0.10082
0.10425
0.10122
0.091645
0.075859
0.054606
0.029025
0.00059511
-0.028935
-0.057651
-0.083594
-0.1049
-0.11995
-0.12748
-0.12674
-0.11754
-0.1003
-0.076004
-0.046062
-0.012191
0.023787
0.060113
0.09522
0.1278
0.15679
0.18135
0.20076
0.21432
0.22139
0.22132
0.2136
0.19796
0.1745
0.14382
0.10708
0.065978
0.022643
-0.020552
-0.061194
-0.097043
-0.12622
-0.1473
-0.15941
-0.16217
-0.15568
-0.14042
-0.11723
-0.087218
-0.05178
-0.012548
0.02861
0.069632
0.10833
0.1425
0.17007
0.18929
0.19888
0.19818
0.18727
0.16696
0.13881
0.10496
0.067984
0.030641
-0.0043588
-0.034613
-0.058252
-0.074099
-0.081759
-0.081616
-0.074727
-0.062647
-0.047201
-0.030238
-0.013414
0.0019681
0.01504
0.025368
0.032887
0.037787
0.040403
0.041111
0.040268
0.038201
0.035215
0.031629
0.027796
0.024098
0.020914
0.018555
0.017187
0.016776
0.017056
0.017555
0.017668
0.016769
0.014345
0.010122
0.0041544
-0.0031404
-0.011006
-0.018439
-0.024326
-0.027614
-0.027482
-0.02349
-0.015679
-0.0045959
0.008747
0.023002
0.03667
0.048318
0.056801
0.061438
0.062125
0.059347
0.054096
0.047687
0.041532
0.036873
0.03456
0.03489
0.037556
0.041705
0.046096
0.049335
0.050126
0.047509
0.041032
0.030837
0.017656
0.002712
-0.012445
-0.026142
-0.036801
-0.043139
-0.044325
-0.040082
-0.030712
-0.017055
-0.00037339
0.017803
0.035865
0.052306
0.065871
0.075661
0.081171
0.082275
0.079165
0.072278
0.062221
0.049714
0.035577
0.020713
0.0061131
-0.007167
-0.018064
-0.025601
-0.02901
-0.027862
-0.022161
-0.012397
0.00048373
0.015178
0.030185
0.043991
0.055261
0.062992
0.066608
0.065998
0.061494
0.053798
0.043887
0.0329
0.022019
0.012365
0.0048895
0.00029052
-0.0010621
0.00083134
0.0055939
0.012511
0.020617
0.028823
0.03607
0.041477
0.044465
0.044829
0.042742
0.038693
0.033379
0.027572
0.021984
0.017172
0.013488
0.011079
0.0099308
0.0099401
0.010979
0.012948
0.015786
0.019456
0.023895
0.028956
0.034366
0.039708
0.044452
0.048023
0.049908
0.049757
0.047472
0.043245
0.037541
0.031021
0.024425
0.018457
0.013672
0.01041
0.008778
0.0086673
0.0098101
0.011845
0.014382
0.017062
0.019591
0.021766
0.023488
0.024755
0.025653
0.026325
0.026939
0.027636
0.028488
0.029462
0.030412
0.031098
0.031237
0.030575
0.028961
0.026406
0.023103
0.019407
0.015775
0.012672
0.010482
0.0094333
0.0095527
0.010674
0.01248
0.014574
0.016564
0.018134
0.019092
0.019394
0.019134
0.018512
0.017788
0.017242
0.017126
0.017633
0.018877
0.020872
0.023529
0.026663
0.030009
0.033249
0.036059
0.03815
0.039319
0.039478
0.038669
0.037057
0.034896
0.032486
0.030116
0.028025
0.026363
0.025183
0.024438
0.024004
0.02371
0.023371
0.022822
0.021953
0.020736
0.019233
0.017606
0.016095
0.014991
0.014585
0.015114
0.016707
0.019347
0.022852
0.026892
0.031023
0.034761
0.037649
0.039335
0.039631
0.03854
0.036252
0.033112
0.029551
0.026015
0.02289
0.020448
0.01882
0.018002
0.017885
0.018312
0.019128
0.020219
0.021528
0.02305
0.024795
0.026749
0.028839
0.030911
0.032744
0.034079
0.03467
0.034342
0.033039
0.030848
0.027998
0.024822
0.021708
0.019024
0.017058
0.015969
0.015775
0.016358
0.017508
0.018975
0.020526
0.021989
0.023284
0.024416
0.025457
0.026509
0.027656
0.028926
0.030262
0.031511
0.032443
0.032776
0.032235
0.030607
0.027798
0.023878
0.019106
0.01392
0.0088958
0.0046737
0.0018666
0.00095874
0.0022166
0.0056288
0.010888
0.017422
0.024467
0.031176
0.036741
0.040503
0.042044
0.041231
0.038221
0.033431
0.027469
0.021055
0.014932
0.0097876
0.0061837
0.0045011
0.0049024
0.0073119
0.011418
0.016701
0.022484
0.028016
0.032566
0.035527
0.036511
0.03541
0.032418
0.028004
0.022842
0.017699
0.013318
0.010303
0.00903
0.0096021
0.011849
0.01537
0.01961
0.023948
0.027794
0.030657
0.032205
0.032284
0.030918
0.028288
0.024702
0.020559
0.016307
0.012408
0.0092996
0.0073563
0.0068502
0.0079192
0.010543
0.014536
0.019556
0.025138
0.030742
0.035816
0.039857
0.04248
0.043458
0.042753
0.040527
0.037116
0.032999
0.028732
0.024887
0.021972
0.020372
0.020291
0.021723
0.024441
0.028022
0.031891
0.035396
0.037889
0.038829
0.03786
0.034888
0.030113
0.024035
0.017411
0.011175
0.0063318
0.0038311
0.0044402
0.0086371
0.016536
0.027859
0.041964
0.057922
0.074633
