0.009506
-0.0011606
-0.010675
-0.018079
-0.022697
-0.02423
-0.022789
-0.018863
-0.013232
-0.0068307
-0.00060745
0.0046234
0.0082908
0.010132
0.010201
0.0088275
0.0065233
0.0038732
0.0014173
-0.00044546
-0.001516
-0.0018064
-0.0015046
-0.00090411
-0.00031569
1.5931e-05
-2.7445e-05
-0.00041353
-0.00097552
-0.0014622
-0.001609
-0.0012117
-0.00018581
0.0014023
0.0033402
0.0053072
0.0069388
0.007901
0.0079612
0.0070389
0.0052265
0.002778
6.5589e-05
-0.0024846
-0.0044678
-0.0055721
-0.0056337
-0.0046655
-0.002855
-0.00053176
0.0018893
0.0039774
0.0053561
0.0057613
0.0050769
0.003344
0.00074205
-0.0024495
-0.0059022
-0.0092899
-0.01233
-0.01481
-0.016597
-0.017629
-0.01791
-0.017488
-0.016446
-0.014898
-0.012984
-0.010867
-0.008723
-0.0067364
-0.0050762
-0.0038775
-0.0032199
-0.0031104
-0.0034739
-0.0041559
-0.0049376
-0.0055646
-0.0057833
-0.0053835
-0.0042357
-0.0023201
0.00026164
0.0032943
0.0064757
0.0094583
0.011898
0.013504
0.014074
0.01352
0.011877
0.0092874
0.0059833
0.002253
-0.0015914
-0.0052452
-0.0084388
-0.010958
-0.012658
-0.013471
-0.013405
-0.012536
-0.010997
-0.0089572
-0.0066072
-0.0041341
-0.0017051
0.0005456
0.0025229
0.0041684
0.0054503
0.0063484
0.0068398
0.0068894
0.00645
0.0054723
0.0039245
0.0018148
-0.00078737
-0.0037397
-0.0068285
-0.0097865
-0.012324
-0.014168
-0.015103
-0.015003
-0.013853
-0.011749
-0.0088863
-0.0055347
-0.0020042
0.0013892
0.0043558
0.006657
0.0081234
0.0086658
0.0082781
0.0070344
0.0050801
0.0026159
-0.00012295
-0.0028915
-0.0054617
-0.0076462
-0.0093158
-0.010408
-0.010924
-0.010918
-0.010476
-0.0096969
-0.0086732
-0.0074777
-0.0061577
-0.0047388
-0.0032351
-0.0016658
-7.1804e-05
0.0014699
0.0028412
0.0038904
0.0044517
0.004377
0.0035708
0.0020211
-0.00018259
-0.0028516
-0.0057204
-0.0084874
-0.010865
-0.012627
-0.013647
-0.013915
-0.013532
-0.012685
-0.011606
-0.010529
-0.0096518
-0.0091065
-0.0089475
-0.0091554
-0.0096518
-0.01032
-0.011023
-0.011625
-0.011994
-0.012011
-0.011578
-0.010623
-0.0091205
-0.0071033
-0.0046814
-0.0020462
0.00053751
0.0027593
0.0043073
0.0049245
0.0044661
0.0029459
0.00055755
-0.0023369
-0.0052551
-0.0076721
-0.0091154
-0.0092578
-0.0079889
-0.0054489
-0.0020163
0.0017503
0.0052075
0.0077409
0.0088779
0.0083775
0.006279
0.0029007
-0.0012121
-0.005381
-0.0089121
-0.011217
-0.011911
-0.010879
-0.0082902
-0.0045596
-0.0002758
0.0039046
0.0073687
0.0096476
0.010488
0.0098849
0.0080694
0.0054568
0.0025647
-8.1352e-05
-0.0020391
-0.0030203
-0.002931
-0.0018774
-0.00013783
0.0018909
0.0037651
0.0050713
0.0054989
0.0048966
0.0033028
0.00094456
-0.0017989
-0.0044627
-0.0065831
-0.0077887
-0.0078777
-0.0068622
-0.0049702
-0.002601
-0.00024094
0.0016424
0.0027058
0.0028108
0.0020612
0.0007844
-0.0005388
-0.0013846
-0.0013131
-8.3817e-05
0.0022656
0.0053975
0.0087176
0.011479
0.012931
0.012483
0.0098659
0.005238
-0.00076432
-0.0070697
-0.012304
-0.015005
-0.013895
-0.008162
0.0022897
0.016692
0.033407
0.050102
0.064091
0.072824
0.074424
0.06818
0.054876
0.03685
0.017725
0.0018112
-0.0067486
-0.004937
0.008259
0.031267
0.059829
0.087506
0.10678
0.11064
0.094407
0.057418
0.0041457
-0.055569
-0.10745
-0.13494
-0.12225
-0.057957
0.061613
0.23002
0.42995
0.63469
0.81176
0.9284
0.9581
0.88667
0.71663
0.4685
0.1783
-0.10853
-0.34573
-0.49548
-0.53601
-0.46585
-0.30372
-0.0843
0.149
0.35255
0.49046
0.54058
0.4976
0.37307
0.19246
-0.0099806
-0.19753
-0.33747
-0.40655
-0.39462
-0.30578
-0.1571
0.025002
0.20993
0.36862
0.47887
0.52916
0.52026
0.4644
0.382
0.2967
0.22972
0.1946
0.19361
0.21658
0.24263
0.24462
0.19556
0.075745
-0.12077
-0.38204
-0.67757
-0.96186
-1.1819
-1.288
-1.2447
-1.0411
-0.69595
-0.25694
0.20738
0.62092
0.91641
1.0508
1.0158
0.84092
0.58809
0.3384
0.17448
0.16168
0.33245
0.6771
1.1431
1.6433
2.0714
2.3226
2.3141
2.0032
1.3975
0.55615
-0.41893
-1.4002
-2.2566
-2.8764
-3.1855
-3.1586
-2.8201
-2.2373
-1.5052
-0.72979
-0.010788
0.57143
0.96405
1.1445
1.1186
0.91537
0.57998
0.16662
-0.26872
-0.67437
-1.0079
-1.2395
-1.3542
-1.3516
-1.2447
-1.0565
-0.81633
-0.55504
-0.30067
-0.074916
0.1092
0.24802
0.34625
0.41427
0.46446
0.50718
0.5475
0.58362
0.60748
0.60748
0.5726
0.4966
0.38123
0.23719
0.082682
-0.060147
-0.16986
-0.23017
-0.23305
-0.17974
-0.079673
0.052236
0.1989
0.34425
0.47545
0.58398
0.66559
0.71949
0.74718
0.75134
0.73502
0.70121
0.65279
0.59274
0.52433
0.4513
0.37788
0.30864
0.24834
0.20172
0.17333
0.16745
0.1881
0.2389
0.32291
0.44194
0.59561
0.77995
0.98616
1.1999
1.4019
1.5695
1.6804
1.7164
1.6678
1.5361
1.3346
1.087
0.82333
0.57489
0.36877
0.22351
0.1465
0.13327
0.16903
0.23165
0.29593
0.33812
0.34002
0.29183
0.19333
0.053044
-0.11427
-0.29105
-0.46061
-0.60995
-0.7313
-0.82206
-0.88356
-0.91919
-0.9325
-0.92584
-0.89969
-0.8529
-0.78351
-0.69008
-0.57331
-0.43744
-0.29106
-0.14687
-0.020239
0.073503
0.12239
0.121
0.072553
-0.010773
-0.1096
-0.20086
-0.2623
-0.27695
-0.23643
-0.14253
-0.0067035
0.15237
0.31252
0.45252
0.55633
0.61658
0.63641
0.62924
0.61621
0.6213
0.66494
0.75758
0.89464
1.0548
1.2026
1.2949
1.2903
1.16
0.89576
0.51479
0.0592
-0.40987
-0.82218
-1.1106
-1.2231
-1.1331
-0.84533
-0.39701
0.14607
0.6987
1.1691
1.4739
1.5526
1.3798
0.97154
0.38443
-0.2922
-0.95134
-1.4869
-1.8129
-1.8783
-1.6755
-1.2398
-0.64177
0.027002
0.66994
1.2008
1.5556
1.6993
1.6281
1.3666
0.96217
0.47671
-0.022239
-0.47048
-0.81532
-1.022
-1.0776
-0.99203
-0.79547
-0.53259
-0.25457
-0.010136
0.16247
0.24126
0.22284
0.12126
-0.035955
-0.2135
-0.37437
-0.48514
-0.52002
-0.46325
-0.31039
-0.068498
0.24444
0.60088
0.96621
1.3023
1.5726
1.7468
1.807
1.7505
1.5913
1.3582
1.0899
0.82741
0.60618
0.4489
0.36086
0.32909
0.32553
0.31376
0.25794
0.13196
-0.073169
-0.34567
-0.65416
-0.95362
-1.1951
-1.3369
-1.3548
-1.248
-1.0397
-0.77256
-0.49782
-0.2638
-0.10438
-0.031481
-0.033071
-0.077237
-0.12114
-0.12272
-0.052269
0.098729
0.3136
0.55226
0.75847
0.87126
0.83814
0.62753
0.23761
-0.30026
-0.92469
-1.5536
-2.0977
-2.4768
-2.6329
-2.5414
-2.214
-1.6965
-1.0603
-0.38966
0.23108
0.73021
1.0578
1.1909
1.1344
0.91864
0.59245
0.21566
-0.15039
-0.45177
-0.64969
-0.7257
-0.68368
-0.54793
-0.35767
-0.15882
0.0055018
0.10362
0.12141
0.064507
-0.043596
-0.16718
-0.26617
-0.30456
-0.25778
-0.11755
0.10637
0.38779
0.68841
0.96419
1.1724
1.2787
1.2622
1.1189
0.86237
0.52132
0.1356
-0.24963
-0.58989
-0.84693
-0.99325
-1.0151
-0.91393
-0.70664
-0.42382
-0.1067
0.19784
0.44374
0.59302
0.62289
0.5309
0.33673
0.079507
-0.18944
-0.4172
-0.56098
-0.59798
-0.53065
-0.38565
-0.20649
-0.041639
0.068903
0.10482
0.071506
-0.00098459
-0.065808
-0.072285
0.019379
0.22531
0.53047
0.88865
1.2302
1.4766
1.5575
1.4283
1.0819
0.55333
-0.085354
-0.73804
-1.303
-1.6922
-1.8483
-1.7536
-1.4324
-0.94505
-0.37577
0.18222
0.64212
0.93689
1.0287
0.91343
0.62016
0.20563
-0.25523
-0.68131
-0.99838
-1.1512
-1.1124
-0.88751
-0.51362
-0.0528
0.41905
0.82597
1.1055
1.2194
1.1601
0.95045
0.63932
0.29183
-0.022302
-0.24107
-0.32083
-0.24383
-0.021227
0.30873
0.68741
1.0462
1.3191
1.4545
1.4254
1.2339
0.9109
0.51009
0.097564
-0.26055
-0.51026
-0.61932
-0.58253
-0.42216
-0.18343
0.073905
0.28646
0.39874
0.37352
0.19917
-0.10722
-0.50195
-0.92176
-1.2951
-1.5557
-1.6557
-1.5758
-1.3297
-0.9619
-0.53823
-0.13157
0.1943
0.39896
0.47425
0.44549
0.36488
0.2982
0.30813
0.43781
0.69849
1.0641
1.4743
1.8458
2.0891
2.1286
1.9204
1.4649
0.80994
0.044626
-0.71627
-1.3538
-1.7675
-1.8948
-1.7225
-1.2885
-0.67359
0.014258
0.65991
1.1611
1.445
1.4784
1.2708
0.86959
0.34958
-0.20184
-0.70013
-1.0776
-1.2929
-1.3356
-1.224
-0.99899
-0.71366
-0.42317
-0.17498
-0.0022118
0.07987
0.073957
-0.0017496
-0.11776
-0.23842
-0.32736
-0.35263
-0.29149
-0.13413
0.11387
0.43104
0.78191
1.1214
1.4016
1.5794
1.6252
1.5285
1.3021
0.98059
0.61596
0.26845
-0.0042782
-0.15828
-0.17238
-0.053118
0.16567
0.42904
0.67193
0.83283
0.86738
0.75873
0.52199
0.20157
-0.13832
-0.42804
-0.60828
-0.64359
-0.53032
-0.29728
0.00081948
0.29548
0.51902
0.6184
0.56548
0.36186
0.038121
-0.35213
-0.74152
-1.0599
-1.2451
-1.2526
-1.0616
-0.67914
-0.1397
0.4989
1.1628
1.7724
2.2537
2.55
2.6306
2.4966
2.1804
1.741
1.254
0.79818
0.44271
0.23457
0.19082
0.29603
0.50591
0.75652
0.97736
1.106
1.101
0.95085
0.67607
0.32499
-0.037046
-0.34202
-0.53403
-0.58096
-0.48055
-0.2594
0.034173
0.3415
0.60612
0.78462
0.85377
0.8129
0.68186
0.49562
0.29702
0.12914
0.028503
0.019989
0.11383
0.30483
0.57366
0.88991
1.2165
1.5149
1.7504
1.8973
1.942
1.885
1.7401
1.5307
1.2855
1.0321
0.79253
0.57916
0.39441
0.23245
0.083268
-0.062291
-0.20805
-0.3498
-0.47532
-0.56721
-0.60785
-0.58494
-0.49609
-0.35087
-0.16962
0.020583
0.19159
0.31978
0.39013
0.39792
0.34821
0.25375
0.13255
0.0058156
-0.10344
-0.1712
-0.1735
-0.088189
0.10206
0.40591
0.81921
1.322
1.8777
2.4355
2.9364
3.3218
3.5435
3.5729
3.4072
3.0709
2.6123
2.095
1.5857
1.1426
0.80425
0.58409
0.46963
0.42803
0.4161
0.39239
0.32841
0.21618
0.069878
-0.07874
-0.18993
-0.2279
-0.17165
-0.021619
0.19961
0.45261
0.69064
0.87067
0.96312
0.95777
0.86517
0.71329
0.54086
0.38887
0.29197
0.27162
0.33188
0.45866
0.62255
0.78456
0.90392
0.94636
0.89134
0.73682
0.50047
0.21696
-0.068315
-0.30781
-0.46136
-0.50457
-0.43466
-0.27243
-0.059939
0.1459
0.28289
0.29486
0.14291
-0.18554
-0.67159
-1.265
-1.8902
-2.4577
-2.8788
-3.0823
-3.0277
-2.7151
-2.1856
-1.5157
-0.80286
-0.14768
0.36437
0.67799
0.77642
0.682
0.4493
0.15287
-0.12784
-0.32323
-0.38561
-0.29679
-0.070336
0.25167
0.60649
0.92209
1.1302
1.1791
1.0433
0.73
0.27841
-0.24584
-0.76195
-1.1882
-1.4568
-1.526
-1.3883
-1.0717
-0.63593
-0.1626
0.25783
0.54078
0.6216
0.467
0.081959
-0.4891
-1.1674
-1.851
-2.4303
-2.8066
-2.9089
-2.7079
-2.2217
-1.5138
-0.6824
0.15766
0.89466
1.4392
1.7379
1.7794
1.5926
1.2378
0.79362
0.34272
-0.041284
-0.30372
-0.4146
-0.37017
-0.19056
0.085483
0.40792
0.72361
0.98432
1.1536
1.2115
1.1563
1.004
0.78397
0.53311
0.28901
0.082923
-0.065726
-0.15253
-0.18826
-0.19593
-0.20494
-0.24349
-0.33071
-0.47018
-0.64679
-0.82795
-0.96953
-1.0255
-0.95957
-0.75517
-0.42237
0.0017516
0.45902
0.88141
1.205
1.3829
1.3952
1.2514
0.98831
0.6617
0.33485
0.066833
-0.097757
-0.13581
-0.048514
0.14012
0.38847
0.64529
0.85903
0.9871
1.0033
0.90239
0.70052
0.43195
0.14226
-0.12053
-0.31498
-0.41389
-0.40907
-0.31261
-0.15451
0.022598
0.17098
0.24613
0.21483
0.061635
-0.20727
-0.56356
-0.96012
-1.338
-1.6359
-1.8016
-1.8014
-1.6274
-1.2996
-0.86259
-0.37648
0.094428
0.49417
0.78501
0.95287
1.0074
0.97675
0.89953
0.81469
0.75289
0.73038
0.74659
0.78562
0.82115
0.82344
0.76708
0.63774
0.43663
0.18163
-0.095159
-0.35305
-0.5504
-0.65272
-0.63964
-0.50923
-0.27895
0.016743
0.3316
0.61438
0.81623
0.89747
0.83326
0.61735
0.26381
-0.19368
-0.70517
-1.2102
-1.6459
-1.9555
-2.0983
-2.0559
-1.8366
-1.4744
-1.0231
-0.5473
-0.11011
0.23721
0.46338
0.5604
0.5421
0.43877
0.28959
0.13465
0.0082009
-0.066112
-0.077616
-0.028822
0.066156
0.18451
0.29857
0.38001
0.40423
0.35419
0.22333
0.017242
-0.24643
-0.53976
-0.82791
-1.0737
-1.2429
-1.3088
-1.2571
-1.0879
-0.81707
-0.47521
-0.10441
0.24624
0.5269
0.69395
0.7171
0.58544
0.31138
-0.068925
-0.49916
-0.91087
-1.2347
-1.4133
-1.4125
-1.2295
-0.89367
-0.46166
-0.006039
0.39916
0.69298
0.83877
0.83002
0.68986
0.46481
0.21467
0.0005836
-0.12631
-0.1338
-0.01382
0.21665
0.51904
0.84027
1.1222
1.3121
1.3719
1.2854
1.061
0.73075
0.34402
-0.041097
-0.36862
-0.59477
-0.69551
-0.67009
-0.54004
-0.34404
-0.12999
0.054144
0.16897
0.19044
0.11388
-0.045216
-0.25364
-0.4659
-0.63188
-0.70579
-0.65501
-0.4672
-0.15411
0.24907
0.68909
1.1039
1.4343
1.6343
1.6802
1.5736
1.3405
1.0259
0.68465
0.37226
0.13517
0.0039055
-0.010861
0.081387
0.25415
0.46975
0.68676
0.8675
0.98435
1.0236
0.986
0.88481
0.74062
0.57556
0.40763
0.24675
0.09352
-0.059143
-0.22193
-0.40369
-0.6061
-0.81998
-1.0244
-1.1892
-1.2808
-1.2695
-1.138
-0.88674
-0.5366
-0.12647
0.29328
0.67014
0.95915
1.1308
1.1753
1.1027
0.93947
0.72236
0.49187
0.28592
0.13507
0.059641
0.068647
0.16035
0.32391
0.54176
0.79221
1.0522
1.2995
1.5152
1.6848
1.7997
1.8569
1.8582
1.8092
1.7159
1.5831
1.412
1.1989
0.93691
0.61826
0.23902
-0.19572
-0.66735
-1.1416
-1.5702
-1.8967
-2.0665
-2.0382
-1.795
-1.3518
-0.75613
-0.082256
0.5811
1.1469
1.5455
1.7378
1.7204
1.5256
1.2124
0.85472
0.52625
0.28683
0.17226
0.18921
0.31596
0.50857
0.7109
0.86657
0.93035
0.877
0.70588
0.44057
0.12384
-0.19109
-0.45092
-0.61245
-0.65046
-0.56181
-0.36533
-0.097417
0.19549
0.46612
0.67545
0.79978
0.83439
0.79294
0.7027
0.59687
0.50583
0.44978
0.43461
0.45221
0.48478
0.51158
0.51598
0.49064
0.43937
0.37553
0.3175
0.28282
0.28244
0.31667
0.37367
0.43098
0.45974
0.43101
0.32271
0.12596
-0.15077
-0.48072
-0.82159
-1.1218
-1.3294
-1.4013
-1.3121
-1.0599
-0.66816
-0.18375
0.32955
0.79991
1.158
1.3479
1.3358
1.1169
0.71782
0.19478
-0.37353
-0.89716
-1.2891
-1.4803
-1.4326
-1.1464
-0.66171
-0.05148
0.59181
1.173
1.6115
1.8549
1.8864
1.7254
1.4205
1.0381
0.64783
0.30897
0.060176
-0.085849
-0.14174
-0.13939
-0.12016
-0.12349
-0.17679
-0.2885
-0.44614
-0.61945
-0.76807
-0.85181
-0.84141
-0.72713
-0.52336
-0.268
-0.016571
0.16796
0.22769
0.12219
-0.1617
-0.60482
-1.1568
-1.7434
-2.279
-2.6819
-2.8889
-2.8673
-2.6198
-2.183
-1.6196
-1.0053
-0.41547
0.087734
0.46373
0.69726
0.7971
0.7909
0.71743
0.61817
0.52945
0.47665
0.47119
0.51038
0.5802
0.66001
0.72827
0.76797
0.7708
0.73905
0.68498
0.62783
0.58904
0.5868
0.63102
0.71982
0.83822
0.95952
1.0492
1.0707
0.99303
0.7977
0.485
0.077189
-0.3822
-0.8337
-1.2114
-1.4554
-1.5236
-1.402
-1.1088
-0.69146
-0.21813
0.2361
0.6041
0.83936
0.92382
0.86943
0.71347
0.50943
0.31548
0.18314
0.14813
0.22487
0.40512
0.66079
0.9498
1.2241
1.4381
1.5562
1.5584
1.4421
1.2222
0.92729
0.59454
0.26417
-0.025894
-0.24402
-0.36756
-0.38418
-0.29216
-0.099959
0.17479
0.50681
0.8653
1.2166
1.5272
1.7674
1.9141
1.9532
1.8814
1.7058
1.4432
1.1178
0.75828
0.39507
0.057288
-0.22917
-0.44289
-0.56763
-0.59259
-0.51304
-0.33132
-0.058302
0.28527
0.66828
1.0505
1.3859
1.629
1.7416
1.701
1.5059
1.1794
0.76688
0.32941
-0.06675
-0.36291
-0.51978
-0.52594
-0.40075
-0.19095
0.038716
0.21887
0.29028
0.21687
-0.005819
-0.34867
-0.75419
-1.1481
-1.4546
-1.6127
-1.5888
-1.3838
-1.0325
-0.59519
-0.14515
0.24665
0.52475
0.65819
0.64378
0.50339
0.27674
0.011655
-0.24606
-0.46094
-0.61314
-0.69984
-0.73306
-0.73455
-0.729
-0.73712
-0.77002
-0.82599
-0.89055
-0.93966
-0.94541
-0.88317
-0.73822
-0.51071
-0.21749
0.10938
0.42725
0.68961
0.85374
0.88793
0.77724
0.52685
0.16246
-0.27241
-0.72215
-1.1271
-1.433
-1.6001
-1.6105
-1.4716
-1.2153
-0.89173
-0.55942
-0.27359
-0.074883
0.018708
0.01509
-0.054106
-0.14067
-0.19046
-0.15541
-0.0046121
0.26774
0.63917
1.0614
1.4682
1.7877
1.9564
1.9324
1.7052
1.2995
0.77156
0.19994
-0.32895
-0.73654
-0.96603
-0.99182
-0.82294
-0.50009
-0.087705
0.33741
0.69858
0.93104
0.99148
0.86416
0.56313
0.13004
-0.37209
-0.86861
-1.2852
-1.5599
-1.6539
-1.5579
-1.2934
-0.90769
-0.46411
-0.02932
0.33972
0.60587
0.75713
0.80622
0.78491
0.73479
0.69655
0.70028
0.75863
0.86421
0.99165
1.1037
1.1598
1.1262
0.98397
0.73462
0.40136
0.02579
-0.33924
-0.63918
-0.82773
-0.87513
-0.77328
-0.53693
-0.20115
0.18413
0.56141
0.8735
1.0712
1.1199
1.0041
0.73039
0.32708
-0.15872
-0.667
-1.1331
-1.4971
-1.7136
-1.759
-1.6355
-1.371
-1.0135
-0.62254
-0.25845
0.028036
0.20373
0.25738
0.19998
0.06145
-0.11539
-0.28236
-0.39383
-0.41395
-0.32241
-0.11792
0.18108
0.53877
0.90728
1.2343
1.4719
1.5848
1.5567
1.3933
1.1211
0.783
0.43069
0.1159
-0.11785
-0.24184
-0.24622
-0.14103
0.045724
0.27267
0.49178
0.65629
0.72895
0.68902
0.53687
0.29473
0.0032463
-0.28616
-0.52173
-0.66231
-0.68632
-0.5963
-0.41776
-0.19269
0.03065
0.20883
0.3125
0.33154
0.27521
0.16773
0.04086
-0.074464
-0.15539
-0.19171
-0.18695
-0.15606
-0.12046
-0.1018
-0.11592
-0.16839
-0.25271
-0.35154
-0.4406
-0.49435
-0.49216
-0.42341
-0.29053
-0.10922
0.093949
0.2861
0.43361
0.50781
0.48969
0.37324
0.16673
-0.10784
-0.41735
-0.72173
-0.97942
-1.1535
-1.2178
-1.1614
-0.99156
-0.73326
-0.42533
-0.11394
0.15568
0.34746
0.44083
0.43406
0.34379
0.20105
0.044704
-0.086311
-0.16048
-0.15954
-0.081673
0.05827
0.23161
0.40109
0.52782
0.57857
0.53247
0.38569
0.15315
-0.1331
-0.42913
-0.68671
-0.86229
-0.92519
-0.8636
-0.68711
-0.42527
-0.12282
0.16777
0.39478
0.51568
0.50416
0.35475
0.084375
-0.26958
-0.65472
-1.012
-1.2857
-1.4334
-1.4338
-1.2904
-1.0308
-0.70028
-0.35275
-0.039598
0.19988
0.345
0.3959
0.37131
0.30284
0.22711
0.17759
0.17756
0.23548
0.34351
0.47947
0.6117
0.70622
0.73455
0.68071
0.54592
0.34966
0.12687
-0.078526
-0.22231
-0.26916
-0.20034
-0.01823
0.25312
0.57151
0.88326
1.132
1.2675
1.2546
1.0788
0.74943
0.29977
-0.21773
-0.73863
-1.1965
-1.5336
-1.7104
-1.7127
-1.5533
-1.27
-0.91812
-0.55987
-0.25334
-0.04249
0.049374
0.021925
-0.10411
-0.29218
-0.49697
-0.67201
-0.77643
-0.78031
-0.66822
-0.44092
-0.11523
0.27786
0.69689
1.0952
1.4273
1.6558
1.7572
1.7259
1.5756
1.3363
1.0494
0.75975
0.5073
0.32017
0.20973
0.16924
0.17604
0.1969
0.19552
0.14083
0.014509
-0.18387
-0.43531
-0.70413
-0.94467
-1.1111
-1.1681
-1.0999
-0.91559
-0.64834
-0.34936
-0.076709
0.11764
0.19947
0.15981
0.016454
-0.19074
-0.40946
-0.58713
-0.68285
-0.67659
-0.57376
-0.4044
-0.21729
-0.070006
-0.017039
-0.098151
-0.32925
-0.69761
-1.1625
-1.6615
-2.1204
-2.4668
-2.6425
-2.6142
-2.3792
-1.966
-1.4294
-0.8411
-0.27828
0.18887
0.5075
0.64945
0.61435
0.42829
0.13827
-0.19628
-0.51371
-0.76015
-0.89779
-0.9099
-0.80183
-0.59807
-0.33616
-0.059085
0.19233
0.38536
0.49904
0.52534
0.46834
0.3423
0.16907
-0.02441
-0.20873
-0.35463
-0.43595
-0.43273
-0.33423
-0.14116
0.1334
0.46511
0.82143
1.1663
1.466
1.6937
1.834
1.8841
1.8532
1.7587
1.6221
1.4637
1.2977
1.1297
0.95606
0.76603
0.54594
0.28485
-0.019981
-0.35908
-0.70956
-1.0375
-1.3036
-1.4715
-1.5155
-1.4278
-1.2208
-0.92538
-0.58477
-0.2455
0.051907
0.28048
0.43081
0.51079
0.54146
0.55025
0.56313
0.59766
0.65825
0.73475
0.80467
0.8386
0.80778
0.69213
0.48698
0.20664
-0.11613
-0.43502
-0.69851
-0.8599
-0.8868
-0.76796
-0.51601
-0.16565
0.23214
0.61844
0.93572
1.1364
1.1895
1.0846
0.83245
0.46326
0.021704
-0.43952
-0.86735
-1.2159
-1.4531
-1.5646
-1.5547
-1.4444
-1.2655
-1.0541
-0.84254
-0.6547
-0.50268
-0.38745
-0.30198
-0.23597
-0.18045
-0.13111
-0.08942
-0.061467
-0.055305
-0.07765
-0.13107
-0.21242
-0.31284
-0.41911
-0.51608
-0.5893
-0.62745
-0.62394
-0.57761
-0.4922
-0.3751
-0.23566
-0.083502
0.072441
0.22417
0.36404
0.4839
0.5745
0.62599
0.6296
0.58033
0.48009
0.33983
0.17977
0.026953
-0.089886
-0.14701
-0.13222
-0.049301
0.081348
0.22624
0.34597
0.40411
0.37576
0.25339
0.049024
-0.20789
-0.47598
-0.70976
-0.86797
-0.92116
-0.85726
-0.68423
-0.42963
-0.13692
0.14102
0.3504
0.44585
0.3991
0.2054
-0.1138
-0.5129
-0.92893
-1.2924
-1.54
-1.6271
-1.5367
-1.2833
-0.91073
-0.48384
-0.076377
0.24285
0.42265
0.43852
0.29664
0.031975
-0.29889
-0.62883
-0.89309
-1.0415
-1.0475
-0.91265
-0.66534
-0.35398
-0.036906
0.22934
0.40076
0.45364
0.38807
0.22696
0.01122
-0.20786
-0.3776
-0.45276
-0.40318
-0.21901
0.087072
0.48096
0.91173
1.3192
1.6432
1.8337
1.8598
1.7147
1.4182
1.0132
0.55858
0.11942
-0.24392
-0.48533
-0.57967
-0.52565
-0.34486
-0.077431
0.22455
0.50486
0.71116
0.80236
0.75475
0.5662
0.25763
-0.12859
-0.53388
-0.89201
-1.1399
-1.2288
-1.1345
-0.86229
-0.44783
0.048695
0.55308
0.99041
1.2984
1.4385
1.4019
1.2105
0.91258
0.57368
0.26531
0.052635
-0.016433
0.080563
0.33659
0.71583
1.1591
1.5934
1.9438
2.1463
2.1591
1.9696
1.5977
1.0917
0.52063
-0.038411
-0.51293
-0.84677
-1.0079
-0.99132
-0.81678
-0.52312
-0.16026
0.21887
0.56545
0.83991
1.0151
1.0775
1.0271
0.87605
0.64623
0.36627
0.067771
-0.21869
-0.46759
-0.66173
-0.79411
-0.86808
-0.89541
-0.89301
-0.87873
-0.86744
-0.86815
-0.88247
-0.9048
-0.92361
-0.92367
-0.88862
-0.80365
-0.65804
-0.44761
-0.17667
0.14058
0.47993
0.80866
1.0889
1.283
1.3596
1.2997
1.1021
0.78445
0.38283
-0.053521
-0.4695
-0.81278
-1.042
-1.1329
-1.0816
-0.90406
-0.63262
-0.31045
0.015563
0.30174
0.51388
0.6319
0.6524
0.58872
0.46842
0.32825
0.20725
0.13903
0.1446
0.22755
0.3727
0.54889
0.71554
0.83142
0.86362
0.7946
0.62586
0.37751
0.084394
-0.21029
-0.46233
-0.63357
-0.69755
-0.64327
-0.47663
-0.2196
0.092931
0.41805
0.71114
0.93267
1.0544
1.0641
0.96752
0.7873
0.55893
0.32395
0.12208
-0.016401
-0.076411
-0.060775
0.010598
0.10501
0.18395
0.21156
0.16291
0.030573
-0.17221
-0.41256
-0.64346
-0.81295
-0.87518
-0.8011
-0.58613
-0.25285
0.15222
0.56728
0.92738
1.1774
1.2829
1.2363
1.0572
0.7882
0.4848
0.2048
-0.0029742
-0.10734
-0.099788
0.0049526
0.17266
0.35682
0.50805
0.58386
0.55722
0.42205
0.19472
-0.089
-0.38082
-0.62945
-0.79064
-0.83581
-0.75752
-0.57095
-0.31121
-0.027223
0.22657
0.3995
0.45351
0.37016
0.15492
-0.16234
-0.53108
-0.88787
-1.1674
-1.3147
-1.297
-1.111
-0.7849
-0.3742
0.049845
0.41493
0.66329
0.7643
0.72102
0.56921
0.369
0.19122
0.10122
0.14401
0.33358
0.64882
1.0369
1.4237
1.7282
1.8799
1.8335
1.5786
1.1431
0.58806
-0.0039199
-0.54453
-0.95617
-1.1856
-1.2119
-1.0484
-0.73753
-0.34166
0.068119
0.42351
0.66854
0.76616
0.70167
0.48292
0.13792
-0.28992
-0.74795
-1.1815
-1.5411
-1.7893
-1.905
-1.8865
-1.7501
-1.5269
-1.2562
-0.97817
-0.7269
-0.5246
-0.37866
-0.28175
-0.21471
-0.15173
-0.066874
0.059476
0.23527
0.45385
0.69407
0.92372
1.1056
1.2054
1.1988
1.0776
0.852
0.54936
0.20985
-0.12063
-0.39817
-0.58782
-0.66876
-0.63674
-0.50397
-0.29676
-0.051352
0.1912
0.39082
0.51425
0.54038
0.46447
0.30021
0.078871
-0.1551
-0.35185
-0.4661
-0.46748
-0.34851
-0.128
0.15159
0.43254
0.65446
0.76777
0.74514
0.58781
0.3255
0.0098298
-0.29699
-0.53567
-0.66261
-0.65906
-0.53491
-0.32646
-0.08847
0.11755
0.23653
0.23167
0.092359
-0.16356
-0.49354
-0.83941
-1.1394
-1.3404
-1.4081
-1.3323
-1.1275
-0.82852
-0.4832
-0.14346
0.14354
0.34267
0.43578
0.42373
0.32533
0.17352
0.0092852
-0.12582
-0.19741
-0.18509
-0.086898
0.079397
0.27906
0.46693
0.59678
0.63178
0.55374
0.36897
0.10933
-0.1723
-0.41127
-0.54375
-0.52001
-0.31594
0.059822
0.56481
1.1284
1.6637
2.0829
2.3143
2.3166
2.0871
1.6629
1.1143
0.53116
0.0054951
-0.38535
-0.5927
-0.60436
-0.44513
-0.17067
0.14395
0.41836
0.58116
0.58205
0.40004
0.046879
-0.43469
-0.97746
-1.5002
-1.9204
-2.1682
-2.1979
-1.9962
-1.5851
-1.0177
-0.36902
0.27764
0.84554
1.2771
1.5424
1.6408
1.5979
1.4563
1.2649
1.0679
0.89629
0.76364
0.66633
0.58806
0.50717
0.40476
0.27166
0.11234
-0.054946
-0.20207
-0.29777
-0.31555
-0.24072
-0.074776
0.16403
0.44378
0.7248
0.96684
1.1358
1.2092
1.1785
1.0502
0.84395
0.58941
0.3221
0.078537
-0.10864
-0.21522
-0.22912
-0.15269
-0.0030204
0.19009
0.3886
0.5527
0.64812
0.65301
0.56279
0.3918
0.17126
-0.056203
-0.24443
-0.35257
-0.35314
-0.23787
-0.020065
0.26696
0.57544
0.85166
1.0461
1.1232
1.0686
0.89266
0.62873
0.32701
0.044446
-0.16687
-0.27052
-0.25343
-0.12874
0.066872
0.28098
0.4566
0.5447
0.51534
0.36515
0.11944
-0.17175
-0.44334
-0.62873
-0.6747
-0.55427
-0.27438
0.1238
0.57239
0.99087
1.3032
1.4544
1.4216
1.2185
0.89089
0.50579
0.13672
-0.15171
-0.31614
-0.34186
-0.244
-0.06308
0.14393
0.31506
0.39512
0.3459
0.15315
-0.1708
-0.58908
-1.0465
-1.4793
-1.8262
-2.0393
-2.0929
-1.988
-1.7522
-1.4345
-1.096
-0.79833
-0.59138
-0.50374
-0.53689
-0.66514
-0.84123
-1.0068
-1.1053
-1.095
-0.9579
-0.704
-0.36825
-0.0022243
0.33759
0.60193
0.75816
0.79532
0.72417
0.57305
0.38131
0.19186
0.044432
-0.029786
-0.011773
0.10331
0.30567
0.57195
0.86796
1.1531
1.3864
1.5329
1.5702
1.4932
1.3151
1.0664
0.78827
0.52484
0.31402
0.17959
0.12649
0.14035
0.19137
0.24174
0.25481
0.20394
0.079182
-0.1098
-0.33503
-0.55557
-0.72583
-0.80524
-0.76729
-0.60602
-0.33852
-0.0025173
0.35049
0.66521
0.89351
1.0036
0.98557
0.85221
0.63501
0.37692
0.1238
-0.083623
-0.21577
-0.25739
-0.20808
-0.080474
0.10287
0.31347
0.52105
0.69748
0.82019
0.87496
0.85769
0.7751
0.64383
0.488
0.33528
0.2117
0.13627
0.11628
0.1447
0.20035
0.25158
0.26274
0.20252
0.052271
-0.18767
-0.49544
-0.82993
-1.1379
-1.3647
-1.466
-1.4179
-1.223
-0.91003
-0.52824
-0.13684
0.20691
0.45854
0.59354
0.61
0.52658
0.37726
0.20412
0.050036
-0.047957
-0.063703
0.014697
0.18328
0.42239
0.69869
0.96899
1.1859
1.3048
1.2911
1.1272
0.81733
0.38876
-0.11032
-0.6175
-1.0659
-1.3959
-1.5659
-1.561
-1.3965
-1.1165
-0.78623
-0.48009
-0.26794
-0.20104
-0.3013
-0.55582
-0.91811
-1.3162
-1.6665
-1.8906
-1.9315
-1.7661
-1.4106
-0.91657
-0.36088
0.17107
0.60238
0.87919
0.97926
0.91315
0.71877
0.45112
0.17025
-0.069959
-0.23015
-0.28994
-0.24848
-0.12163
0.063085
0.2726
0.47452
0.64232
0.75906
0.81899
0.82726
0.79777
0.74959
0.70271
0.67357
0.67133
0.69536
0.73456
0.76889
0.77295
0.72121
0.59402
0.38319
0.095899
-0.24419
-0.59947
-0.92435
-1.1741
-1.3144
-1.3294
-1.2264
-1.0345
-0.79808
-0.56628
-0.38095
-0.26647
-0.22412
-0.23236
-0.25288
-0.24068
-0.15573
0.02657
0.30826
0.66663
1.0571
1.421
1.6958
1.8273
1.7803
1.546
1.1456
0.62716
0.05895
-0.48234
-0.92429
-1.211
-1.3121
-1.2279
-0.98822
-0.64724
-0.27442
0.056773
0.28043
0.34853
0.23865
-0.041971
-0.45662
-0.94392
-1.4268
-1.8248
-2.0671
-2.1057
-1.9245
-1.5429
-1.0127
-0.40937
0.18174
0.68086
1.0271
1.1874
1.1601
0.97151
0.66951
0.31353
-0.034953
-0.32066
-0.50055
-0.54748
-0.45182
-0.22144
0.11965
0.53391
0.97418
1.3889
1.7285
1.9516
2.0316
1.9613
1.754
1.4424
1.0729
0.69825
0.36748
0.11765
-0.032789
-0.086565
-0.065833
-0.0062713
0.051676
0.072533
0.034323
-0.066105
-0.21229
-0.37228
-0.50669
-0.57888
-0.56454
-0.45816
-0.27467
-0.045771
0.18792
0.38665
0.52073
0.57675
0.55968
0.49045
0.40015
0.32214
0.28397
0.30075
0.37112
0.47687
0.58607
0.65938
0.65848
0.55486
0.3373
0.016238
-0.37608
-0.79003
-1.1668
-1.4489
-1.5903
-1.5654
-1.3732
-1.0384
-0.60708
-0.14067
0.29345
0.63136
0.82172
0.83354
0.66147
0.32786
-0.11911
-0.61141
-1.071
-1.4225
-1.6061
-1.5888
-1.3716
-0.98965
-0.50593
0.00061492
0.45055
0.77892
0.94671
0.94635
0.80054
0.55523
0.26871
-0.00040912
-0.20388
-0.31138
-0.31396
-0.2233
-0.067419
0.11588
0.28672
0.41036
0.46305
0.43546
0.33353
0.17669
-0.0060896
-0.18153
-0.31799
-0.39106
-0.38803
-0.3108
-0.17634
-0.014924
0.13423
0.22925
0.23305
0.12091
-0.11332
-0.45354
-0.86142
-1.2807
-1.6453
-1.8908
-1.9667
-1.8472
-1.5379
-1.0766
-0.52763
0.029397
0.51403
0.85924
1.0229
0.99444
0.79534
0.47486
0.10129
-0.24912
-0.50404
-0.60616
-0.52211
-0.24817
0.18821
0.73138
1.305
1.8234
2.2046
2.3845
2.328
2.0357
1.5455
0.92642
0.26787
-0.33551
-0.79956
-1.0643
-1.103
-0.9258
-0.57657
-0.12556
0.3421
0.73927
0.98979
1.0396
0.86533
0.47814
-0.076406
-0.72414
-1.3725
-1.9246
-2.294
-2.4201
-2.2778
-1.883
-1.2891
-0.57834
0.15361
0.81385
1.3275
1.6484
1.7634
1.6912
1.4746
1.1714
0.8433
0.54571
0.32077
0.19257
0.16592
0.22801
0.35244
0.50496
0.64991
0.75655
0.80417
0.78541
0.70711
0.58871
0.45834
0.34728
0.28365
0.28656
0.36157
0.49865
0.67293
0.8486
0.98536
1.0465
1.0071
0.86055
0.62215
0.32766
0.027719
-0.22185
-0.37157
-0.38922
-0.26751
-0.026552
0.28959
0.62132
0.90515
1.0856
1.1255
1.0118
0.75828
0.40235
-0.00030128
-0.38445
-0.6851
-0.84753
-0.83642
-0.64272
-0.28707
0.1811
0.68931
1.1522
1.4854
1.6196
1.5147
1.1685
0.61934
-0.058834
-0.76862
-1.4067
-1.8829
-2.1372
-2.1508
-1.9488
-1.594
-1.1736
-0.78124
-0.49767
-0.37521
-0.42795
-0.63017
-0.92307
-1.2283
-1.4656
-1.5698
-1.5054
-1.2729
-0.90762
-0.47145
-0.038545
0.32022
0.55111
0.6268
0.54966
0.34903
0.073862
-0.21734
-0.46719
-0.6289
-0.67316
-0.59174
-0.39771
-0.12233
0.19055
0.49184
0.73503
0.88353
0.91634
0.83118
0.64471
0.38955
0.10878
-0.1515
-0.35036
-0.45956
-0.46927
-0.39079
-0.25569
-0.11125
-0.012501
-0.01231
-0.15079
-0.44626
-0.88959
-1.4435
-2.0472
-2.6266
-3.107
-3.4265
-3.5472
-3.4607
-3.1886
-2.776
-2.281
-1.7622
-1.2675
-0.82553
-0.44345
-0.10949
0.1989
0.50431
0.81865
1.1354
1.4271
1.6495
1.7509
1.6855
1.4268
0.97843
0.37776
-0.3072
-0.98892
-1.5764
-1.9926
-2.19
-2.1596
-1.932
-1.5709
-1.1591
-0.78195
-0.50967
-0.38407
-0.41107
-0.56108
-0.7768
-0.98677
-1.1216
-1.1294
-0.98655
-0.70193
-0.31381
0.11973
0.53389
0.87061
1.0894
1.1733
1.1299
0.98726
0.7864
0.57291
0.38818
0.26244
0.21033
0.22948
0.30215
0.39958
0.48817
0.53648
0.52176
0.43481
0.28225
0.085695
-0.12199
-0.30287
-0.42141
-0.45178
-0.38377
-0.22608
-0.0061934
0.2331
0.44033
0.56395
0.56172
0.40928
0.10639
-0.32057
-0.82058
-1.3247
-1.7571
-2.0477
-2.1456
-2.029
-1.71
-1.2326
-0.66423
-0.082821
0.43835
0.84377
1.1046
1.2212
1.2195
1.1422
1.0369
0.94411
0.88838
0.87353
0.88393
0.89091
0.86275
0.77559
0.62245
0.41776
0.19586
0.0037772
-0.1104
-0.1104
0.017321
0.25751
0.56671
0.88035
1.1251
1.2337
1.1588
0.88429
0.4295
-0.15216
-0.78205
-1.3701
-1.8309
-2.0999
-2.1441
-1.968
-1.6108
-1.1374
-0.6248
-0.1475
0.23592
0.49112
0.6109
0.61244
0.5302
0.40645
0.2816
0.18614
0.13571
0.12968
0.15332
0.18283
0.19187
0.15832
0.069716
-0.073611
-0.25846
-0.46149
-0.65417
-0.80868
-0.9034
-0.92676
-0.87877
-0.76996
-0.61834
-0.44523
-0.27105
-0.11204
0.021586
0.12586
0.20192
0.25405
0.28747
0.3064
0.31276
0.30586
0.28289
0.24025
0.1754
0.088591
-0.015846
-0.12911
-0.23846
-0.32849
-0.38309
-0.38756
-0.331
-0.20865
-0.023989
0.2099
0.47012
0.72546
0.93988
1.0776
1.1093
1.0181
0.80414
0.4862
0.10012
-0.30644
-0.68192
-0.97984
-1.1669
-1.2283
-1.1698
-1.0147
-0.79835
-0.55972
-0.33338
-0.14262
0.0042288
0.11379
0.20396
0.29736
0.41372
0.56295
0.74078
0.9283
1.0954
1.2072
1.2327
1.1518
0.96092
0.67502
0.32621
-0.041061
-0.37669
-0.63276
-0.77117
-0.76994
-0.62739
-0.36349
-0.017875
0.35523
0.6949
0.94306
1.0543
1.0041
0.79442
0.45447
0.036768
-0.39107
-0.75776
-1.0006
-1.0765
-0.96941
-0.6929
-0.28798
0.18402
0.65165
1.045
1.3071
1.4024
1.3227
1.0869
0.73743
0.33196
-0.067473
-0.40557
-0.64329
-0.76361
-0.77239
-0.69436
-0.56538
-0.42302
-0.29792
-0.20789
-0.15584
-0.13184
-0.11807
-0.09531
-0.049067
0.026067
0.12475
0.23199
0.32655
0.38568
0.3902
0.32895
0.20179
0.020745
-0.19102
-0.40225
-0.57831
-0.68678
-0.70306
-0.61508
-0.42632
-0.15658
0.15956
0.47675
0.74482
0.91615
0.95355
0.8375
0.57135
0.18316
-0.27674
-0.74264
-1.1441
-1.4186
-1.5235
-1.4448
-1.2004
-0.83662
-0.41926
-0.020138
0.29705
0.48882
0.53943
0.46261
0.29752
0.10005
-0.068389
-0.15264
-0.11389
0.063403
0.36872
0.76719
1.2054
1.6202
1.9496
2.1427
2.1692
2.0238
1.7278
1.3245
0.8722
0.43388
0.066808
-0.18629
-0.30314
-0.28417
-0.15102
0.058074
0.29528
0.51121
0.66302
0.72126
0.67462
0.53164
0.31917
0.077531
-0.14692
-0.3106
-0.38128
-0.34467
-0.20733
0.0046064
0.25085
0.48531
0.66542
0.76057
0.75779
0.66376
0.50287
0.31187
0.13227
0.0020497
-0.051817
-0.018563
0.094361
0.2628
0.45054
0.61619
0.72081
0.73495
0.64377
0.44937
0.17022
-0.16192
-0.50688
-0.82173
-1.0664
-1.2085
-1.2275
-1.1171
-0.88685
-0.56145
-0.17872
0.21506
0.57143
0.84728
1.0123
1.0548
0.98402
0.82837
0.62959
0.43356
0.28026
0.19526
0.18505
0.23731
0.3259
0.41912
0.48872
0.51711
0.50101
0.45059
0.38473
0.32387
0.2827
0.26457
0.25931
0.24504
0.19359
0.078251
-0.11786
-0.39503
-0.73351
-1.0946
-1.4264
-1.6736
-1.7886
-1.742
-1.5296
-1.1743
-0.72196
-0.23268
0.23026
0.61166
0.87315
0.99786
0.99071
0.87467
0.68422
0.45779
0.23062
0.029501
-0.12982
-0.24249
-0.31219
-0.34734
-0.35734
-0.34953
-0.32768
-0.29194
-0.23985
-0.16781
-0.072468
0.048258
0.19454
0.36404
0.55122
0.7465
0.93568
1.1002
1.2186
1.2702
1.2392
1.1198
0.92011
0.66356
0.38661
0.13332
-0.053042
-0.13931
-0.1107
0.024121
0.23254
0.46259
0.65206
0.74059
0.68234
0.4567
0.074592
-0.4214
-0.96344
-1.4706
-1.8643
-2.0841
-2.0994
-1.9157
-1.5721
-1.1323
-0.67026
-0.25426
0.06686
0.27225
0.37085
0.39636
0.39683
0.42144
0.50737
0.66967
0.89611
1.1482
1.3683
1.4911
1.4583
1.232
0.80505
0.20626
-0.5023
-1.2342
-1.8932
-2.3891
-2.6539
-2.6527
-2.3885
-1.9003
-1.2557
-0.5388
0.16307
0.7717
1.2277
1.4962
1.5686
1.46
1.2046
0.84878
0.44384
0.039346
-0.32236
-0.60988
-0.80462
-0.90085
-0.90423
-0.82918
-0.6956
-0.52525
-0.33838
-0.15101
0.026594
0.19004
0.33944
0.47685
0.60337
0.71662
0.80951
0.87092
0.88813
0.85045
0.75307
0.59982
0.40406
0.18728
-0.02443
-0.20499
-0.33305
-0.39571
-0.39036
-0.32462
-0.21427
-0.079929
0.057008
0.17843
0.27288
0.33755
0.37853
0.40892
0.44501
0.50126
0.58526
0.69401
0.81293
0.91806
0.98128
0.97728
0.89052
0.72034
0.48273
0.20827
-0.063405
-0.29151
-0.4425
-0.4972
-0.45524
-0.33576
-0.17422
-0.015966
0.092312
0.11181
0.019671
-0.18558
-0.48244
-0.82916
-1.1705
-1.4477
-1.609
-1.6197
-1.4693
-1.1735
-0.77251
-0.32421
0.10545
0.45338
0.66986
0.72677
0.6223
0.3812
0.050407
-0.30908
-0.63309
-0.86567
-0.96916
-0.93061
-0.76334
-0.50324
-0.20056
0.090768
0.324
0.46803
0.51189
0.4646
0.35107
0.20531
0.062907
-0.045541
-0.098962
-0.087809
-0.013815
0.11183
0.27108
0.44192
0.60108
0.72664
0.80055
0.81096
0.75409
0.63539
0.46944
0.27846
0.089425
-0.069723
-0.17441
-0.20743
-0.16225
-0.044936
0.12538
0.31783
0.49297
0.60768
0.62157
0.50403
0.24109
-0.15945
-0.66569
-1.2234
-1.762
-2.2049
-2.4817
-2.5417
-2.3643
-1.9654
-1.3964
-0.73742
-0.083702
0.47088
0.8506
1.0115
0.94955
0.70085
0.33539
-0.055966
-0.378
-0.54858
-0.51401
-0.25967
0.18584
0.75408
1.3472
1.8541
2.1699
2.2154
1.9527
1.3946
0.60443
-0.31305
-1.229
-2.0126
-2.5534
-2.7797
-2.6695
-2.2514
-1.5973
-0.80699
0.0093164
0.7495
1.3339
1.7146
1.8782
1.8432
1.6528
1.3644
1.0391
0.73099
0.47963
0.30505
0.20712
0.16867
0.16188
0.15652
0.12815
0.064347
-0.032519
-0.1466
-0.25336
-0.32645
-0.34469
-0.29736
-0.18659
-0.026562
0.1599
0.34614
0.50658
0.62055
0.67445
0.66237
0.5854
0.45033
0.26827
0.053331
-0.1783
-0.40919
-0.62127
-0.79658
-0.91812
-0.97117
-0.94499
-0.83503
-0.64535
-0.39054
-0.096372
0.20157
0.46191
0.64383
0.71502
0.65946
0.48302
0.21509
-0.094961
-0.38643
-0.59961
-0.68898
-0.63426
-0.44625
-0.16587
0.14388
0.4112
0.57125
0.58068
0.428
0.13729
-0.23536
-0.61199
-0.90763
-1.0469
-0.97939
-0.69069
-0.20723
0.40647
1.0577
1.6412
2.0577
2.2324
2.1292
1.7583
1.1752
0.47067
-0.24592
-0.86674
-1.3054
-1.512
-1.4809
-1.2497
-0.88971
-0.49101
-0.14449
0.075392
0.12382
-0.0072428
-0.28921
-0.66393
-1.0561
-1.3887
-1.598
-1.6457
-1.5253
-1.2621
-0.90611
-0.52086
-0.16973
0.096514
0.24871
0.283
0.2192
0.094552
-0.045071
-0.15465
-0.19821
-0.15443
-0.019234
0.19473
0.46109
0.74463
1.0071
1.2136
1.3377
1.3659
1.2997
1.1545
0.95632
0.73664
0.5253
0.34438
0.20349
0.097971
0.010299
-0.085196
-0.21542
-0.40066
-0.64765
-0.9451
-1.2631
-1.5567
-1.7741
-1.8666
-1.7998
-1.563
-1.1738
-0.6772
-0.13923
0.36523
0.76637
1.013
1.0828
0.98619
0.76411
0.47955
0.20464
0.0061225
-0.06784
0.0029027
0.20679
0.50319
0.83085
1.1204
1.3086
1.3511
1.2314
0.96441
0.59283
0.17872
-0.20897
-0.50751
-0.67154
-0.68009
-0.53854
-0.27566
0.062994
0.42369
0.75344
1.0078
1.1565
1.1866
1.1025
0.92415
0.6826
0.41468
0.15713
-0.058798
-0.21141
-0.29076
-0.29866
-0.2468
-0.15344
-0.039678
0.074222
0.17177
0.24222
0.28152
0.29223
0.28254
0.26435
0.25073
0.25293
0.2776
0.32479
0.38737
0.45207
0.50237
0.52233
0.50078
0.43468
0.33068
0.20456
0.078245
-0.024615
-0.08388
-0.08755
-0.034834
0.063073
0.18479
0.30289
0.38973
0.42389
0.39588
0.31177
0.19352
0.075391
-0.0031864
-0.0072243
0.084103
0.27007
0.52569
0.8049
1.0494
1.2013
1.2165
1.0755
0.78934
0.39763
-0.038456
-0.4489
-0.769
-0.9523
-0.97948
-0.86141
-0.63607
-0.36005
-0.096713
0.096716
0.18037
0.13922
-0.014612
-0.24496
-0.49953
-0.72079
-0.85769
-0.87572
-0.76328
-0.53333
-0.22004
0.12834
0.45883
0.72331
0.88647
0.93101
0.85951
0.69286
0.46594
0.22122
0.0015319
-0.15701
-0.23081
-0.21224
-0.11039
0.051242
0.23953
0.41804
0.5536
0.62206
0.6121
0.52692
0.38357
0.21038
0.042691
-0.082492
-0.13244
-0.08451
0.069023
0.31817
0.63524
0.97809
1.2965
1.5406
1.6701
1.6618
1.5146
1.2495
0.90561
0.53191
0.17719
-0.11996
-0.33861
-0.47893
-0.56079
-0.61784
-0.68847
-0.80555
-0.98734
-1.2314
-1.5136
-1.7913
-2.0126
-2.1271
-2.0981
-1.9119
-1.5825
-1.1509
-0.67781
-0.23184
0.12412
0.34606
0.41812
0.35646
0.20663
0.035082
-0.083769
-0.082408
0.085485
0.434
0.93932
1.5407
2.1482
2.6574
2.9666
2.9965
2.7065
2.1051
1.2518
0.24919
-0.77295
-1.6797
-2.354
-2.7163
-2.7373
-2.4408
-1.8975
-1.2103
-0.49473
0.14088
0.61322
0.87531
0.92044
0.77847
0.50559
0.17036
-0.16097
-0.43665
-0.6267
-0.72442
-0.74226
-0.70416
-0.63659
-0.5608
-0.48817
-0.41928
-0.34627
-0.25737
-0.14186
0.0057878
0.18354
0.38155
0.5835
0.76924
0.9178
1.0104
1.0331
0.97887
0.84888
0.65314
0.41004
0.14503
-0.11175
-0.32866
-0.47647
-0.5327
-0.48578
-0.33851
-0.1098
0.166
0.44272
0.669
0.7971
0.79249
0.64212
0.35941
-0.015839
-0.4232
-0.79236
-1.0568
-1.1675
-1.1036
-0.87704
-0.53036
-0.12827
0.25557
0.5533
0.71601
0.72278
0.58415
0.33953
0.049525
-0.21531
-0.38708
-0.41252
-0.26244
0.062951
0.53339
1.093
1.6691
2.184
2.5675
2.7694
2.767
2.5688
2.2122
1.7557
1.2675
0.81303
0.44372
0.18908
0.053829
0.020166
0.054403
0.11635
0.16928
0.18837
0.16573
0.11108
0.048104
0.0072713
0.017055
0.095563
0.24475
0.44868
0.67624
0.8878
1.0439
1.1138
1.0824
0.95299
0.74684
0.4986
0.24996
0.042119
-0.091183
-0.12914
-0.067148
0.082521
0.2926
0.52508
0.73729
0.88887
0.94866
0.90018
0.7447
0.50117
0.20308
-0.10744
-0.38683
-0.59778
-0.71574
-0.73352
-0.66302
-0.5339
-0.38911
-0.27773
-0.24601
-0.32809
-0.53794
-0.86442
-1.2706
-1.6982
-2.0771
-2.3374
-2.4232
-2.3046
-1.984
-1.4977
-0.9097
-0.30034
0.24839
0.66758
0.91337
0.97384
0.86984
0.64981
0.3801
0.13262
-0.027706
-0.053869
0.0759
0.35516
0.75108
1.2106
1.6701
2.0663
2.3475
2.4817
2.4622
2.3063
2.051
1.7436
1.4308
1.1491
0.91707
0.73306
0.57745
0.41955
0.22716
-0.023125
-0.3375
-0.70015
-1.0737
-1.4047
-1.6342
-1.71
-1.5993
-1.2978
-0.83375
-0.26507
0.33014
0.86737
1.2712
1.4891
1.5002
1.3179
0.98556
0.56761
0.13673
-0.23861
-0.50494
-0.63089
-0.61008
-0.4598
-0.21617
0.073048
0.35681
0.58905
0.73563
0.77909
0.7205
0.57819
0.38358
0.17479
-0.010946
-0.14472
-0.21183
-0.21511
-0.17483
-0.125
-0.10662
-0.15881
-0.30967
-0.56842
-0.92097
-1.3299
-1.7398
-2.0863
-2.309
-2.3632
-2.2303
-1.9222
-1.4797
-0.96437
-0.44717
0.0055434
0.34333
0.53912
0.59122
0.52046
0.36378
0.16626
-0.026539
-0.17484
-0.24887
-0.23126
-0.11772
0.083313
0.35207
0.65973
0.97152
1.2508
1.4635
1.5834
1.5957
1.5003
1.3122
1.0603
0.78219
0.51892
0.30752
0.1746
0.13148
0.17201
0.27379
0.40274
0.52023
0.59153
0.59359
0.52043
0.38454
0.21375
0.044203
-0.088849
-0.16002
-0.16002
-0.097449
0.0042502
0.11369
0.20016
0.24157
0.22956
0.17072
0.083911
-0.0053168
-0.071477
-0.095499
-0.069198
0.0029188
0.10472
0.21196
0.29741
0.33659
0.3129
0.22134
0.069987
-0.12083
-0.32175
-0.49929
-0.62172
-0.66503
-0.61799
-0.4854
-0.28901
-0.06533
0.13938
0.27683
0.30584
0.20147
-0.037861
-0.38701
-0.79597
-1.1973
-1.5182
-1.6948
-1.6865
-1.4851
-1.1184
-0.64495
-0.14218
0.30961
0.64398
0.82153
0.83679
0.71774
0.51847
0.3072
0.15226
0.10872
0.20818
0.45294
0.81543
1.2427
1.6654
2.0095
2.2093
2.2198
2.0253
1.6436
1.1237
0.53812
-0.02963
-0.49948
-0.80855
-0.92144
-0.83546
-0.58
-0.21064
0.20075
0.57806
0.85328
0.97724
0.92728
0.71063
0.3631
-0.057057
-0.47924
-0.83288
-1.06
-1.1257
-1.0237
-0.77641
-0.42939
-0.041014
0.32954
0.6334
0.83992
0.93993
0.94411
0.87765
0.77269
0.66043
0.56463
0.49751
0.45873
0.43716
0.41497
0.37291
0.29586
0.17714
0.021078
-0.15708
-0.33371
-0.48139
-0.57467
-0.59584
-0.53947
-0.41494
-0.24626
-0.069204
0.073986
0.14145
0.099289
-0.071442
-0.36937
-0.77038
-1.2288
-1.6827
-2.063
-2.305
-2.3602
-2.2075
-1.8582
-1.3568
-0.77385
-0.19333
0.30308
0.6517
0.81867
0.80555
0.6474
0.40442
0.14919
-0.047556
-0.12961
-0.064535
0.15183
0.49572
0.92013
1.3628
1.756
2.0376
2.1608
2.1021
1.8652
1.4816
1.005
0.50297
0.044966
-0.30934
-0.52046
-0.57556
-0.49018
-0.30489
-0.077606
0.12716
0.25015
0.24846
0.1039
-0.17281
-0.54308
-0.9466
-1.312
-1.5701
-1.6675
-1.5776
-1.3063
-0.89195
-0.39791
0.099733
0.52679
0.82483
0.96121
0.93344
0.76747
0.51085
0.22272
-0.037194
-0.21855
-0.28793
-0.23316
-0.064175
0.18934
0.48299
0.76473
0.98313
1.0956
1.0754
0.91704
0.63781
0.27615
-0.11362
-0.46974
-0.73314
-0.85775
-0.81927
-0.62047
-0.29196
0.11224
0.52399
0.8735
1.1031
1.1787
1.0979
0.88991
0.61015
0.32761
0.10952
0.0061799
0.040093
0.20191
0.45408
0.74086
1.0018
1.185
1.2569
1.2071
1.0474
0.80711
0.52601
0.24711
0.010979
-0.14822
-0.20506
-0.14424
0.03834
0.33458
0.7235
1.1716
1.6347
2.0623
2.404
2.6167
2.672
2.5623
2.3023
1.9277
1.4888
1.0415
0.63693
0.3125
0.085442
-0.048757
-0.11341
-0.14355
-0.17651
-0.24231
-0.35604
-0.51415
-0.69544
-0.86645
-0.99001
-1.0345
-0.98165
-0.83072
-0.59835
-0.31431
-0.014692
0.26555
0.49884
0.66875
0.77089
0.81129
0.80302
0.76214
0.70382
0.63938
0.57467
0.51009
0.44193
0.36476
0.27432
0.17005
0.056689
-0.055626
-0.15282
-0.21984
-0.24445
-0.2211
-0.15391
-0.05803
0.041304
0.11192
0.11996
0.036358
-0.15642
-0.45865
-0.8499
-1.2891
-1.7184
-2.0716
-2.2851
-2.3106
-2.1257
-1.7414
-1.2026
-0.5822
0.031656
0.55165
0.90771
1.0597
1.0035
0.76992
0.41622
0.013512
-0.3672
-0.66732
-0.84904
-0.89875
-0.8257
-0.65702
-0.43049
-0.18682
0.03731
0.2145
0.32965
0.38074
0.37748
0.33828
0.28608
0.24365
0.22884
0.25068
0.30665
0.38179
0.45004
0.47786
0.43001
0.27679
0.0015809
-0.3928
-0.88048
-1.4131
-1.9249
-2.3429
-2.5987
-2.6427
-2.4543
-2.0482
-1.4738
-0.80666
-0.13611
0.45148
0.88775
1.1337
1.1846
1.0685
0.83841
0.56037
0.30067
0.11386
0.034037
0.070514
0.20814
0.41193
0.63481
0.82712
0.94603
0.96348
0.87115
0.68179
0.42653
0.14883
-0.10401
-0.29018
-0.38181
-0.37088
-0.27151
-0.11792
0.041611
0.15401
0.17219
0.065449
-0.17245
-0.51948
-0.92684
-1.3261
-1.641
-1.8023
-1.7621
-1.5056
-1.0559
-0.47163
0.16305
0.75439
1.2169
1.4892
1.5443
1.3927
1.0774
0.66388
0.22676
-0.16342
-0.45072
-0.60062
-0.60246
-0.46822
-0.22826
0.074592
0.39193
0.67666
0.88928
1.003
1.0074
0.90935
0.73236
0.51267
0.29345
0.11723
0.018076
0.014544
0.10513
0.26717
0.46
0.63195
0.73051
0.71347
0.559
0.27216
-0.11397
-0.54327
-0.94714
-1.2584
-1.4254
-1.4229
-1.257
-0.96251
-0.59498
-0.21745
0.11264
0.3542
0.4886
0.52022
0.47228
0.37958
0.28009
0.20715
0.18372
0.21905
0.30821
0.43384
0.56985
0.68625
0.75437
0.75184
0.66653
0.49897
0.26286
-0.016502
-0.3058
-0.56886
-0.77271
-0.89375
-0.92274
-0.8678
-0.75417
-0.62043
-0.51129
-0.46812
-0.51893
-0.67033
-0.90365
-1.1766
-1.431
-1.6048
-1.6465
-1.5274
-1.2496
-0.84635
-0.37596
0.090905
0.48578
0.75579
0.87279
0.83627
0.6706
0.41776
0.12818
-0.14818
-0.36882
-0.50312
-0.53414
-0.45858
-0.28536
-0.033704
0.26925
0.59107
0.89701
1.1534
1.3312
1.41
1.3806
1.2474
1.0285
0.75369
0.46074
0.18952
-0.024413
-0.15612
-0.19624
-0.15356
-0.054548
0.060374
0.14353
0.14871
0.040623
-0.19678
-0.5547
-0.99818
-1.4698
-1.8984
-2.2113
-2.3478
-2.2717
-1.9796
-1.5018
-0.89851
-0.24794
0.36723
0.87454
1.2232
1.3907
1.3838
1.2338
0.98863
0.70268
0.42726
0.20256
0.052458
-0.017291
-0.017836
0.026616
0.084377
0.12259
0.11328
0.0383
-0.10758
-0.3157
-0.56486
-0.82469
-1.0607
-1.2401
-1.338
-1.3422
-1.2568
-1.1023
-0.91337
-0.73282
-0.60365
-0.55981
-0.61794
-0.77195
-0.99206
-1.2291
-1.4239
-1.5191
-1.4726
-1.2672
-0.91582
-0.45949
0.040766
0.51616
0.90369
1.1576
1.2565
1.2051
1.0306
0.77671
0.49438
0.23381
0.037029
-0.067354
-0.067263
0.032076
0.2095
0.43122
0.6558
0.84022
0.94633
0.94684
0.82991
0.60144
0.28478
-0.082447
-0.45362
-0.77986
-1.017
-1.1315
-1.1053
-0.93791
-0.64674
-0.26537
0.16008
0.57597
0.92747
1.1656
1.2545
1.1773
0.94052
0.57474
0.13121
-0.3255
-0.72821
-1.019
-1.1601
-1.1404
-0.97678
-0.70971
-0.39352
-0.084778
0.16908
0.33812
0.41382
0.40821
0.34889
0.27157
0.21169
0.19686
0.2414
0.34379
0.48718
0.64289
0.77603
0.85234
0.84497
0.74002
0.53974
0.26285
-0.058188
-0.38251
-0.66763
-0.87656
-0.98371
-0.97865
-0.86709
-0.66933
-0.41657
-0.14621
0.10308
0.29576
0.40308
0.40583
0.29649
0.080566
-0.22291
-0.58221
-0.95559
-1.2959
-1.5569
-1.7008
-1.7048
-1.5664
-1.3039
-0.95411
-0.5654
-0.1887
0.13144
0.3639
0.49457
0.52611
0.47473
0.36524
0.22588
0.084025
-0.036824
-0.11878
-0.15044
-0.12723
-0.051485
0.067724
0.21527
0.37123
0.51298
0.61799
0.66709
0.64781
0.55723
0.40359
0.20633
-0.0059768
-0.1995
-0.34052
-0.40142
-0.36626
-0.23505
-0.025635
0.22709
0.47521
0.66453
0.7435
0.67287
0.43443
0.037167
-0.48098
-1.0567
-1.6101
-2.0578
-2.3279
-2.3736
-2.1825
-1.7794
-1.222
-0.58907
0.033635
0.56931
0.96246
1.1863
1.244
1.1645
0.99416
0.78656
0.59265
0.45234
0.38917
0.40816
0.49699
0.62974
0.77272
0.89106
0.95518
0.94608
0.85864
0.7025
0.50036
0.28401
0.088884
-0.052219
-0.11499
-0.088254
0.023335
0.19911
0.40471
0.59672
0.72907
0.76044
0.66161
0.4218
0.052816
-0.41008
-0.91112
-1.381
-1.7474
-1.9472
-1.9382
-1.7089
-1.2818
-0.71136
-0.074953
0.54088
1.0556
1.4086
1.5678
1.5336
1.335
1.0226
0.65792
0.30329
0.012361
-0.17625
-0.24256
-0.18593
-0.023315
0.2143
0.48682
0.75054
0.96383
1.0924
1.1137
1.0198
0.819
0.53461
0.20254
-0.13355
-0.42837
-0.64168
-0.74461
-0.72469
-0.58874
-0.36313
-0.091091
0.17274
0.37009
0.44827
0.36957
0.11924
-0.28935
-0.81402
-1.3881
-1.9296
-2.3543
-2.5905
-2.5922
-2.3482
-1.8851
-1.2628
-0.56405
0.121
0.7098
1.141
1.3827
1.4349
1.3263
1.1059
0.83317
0.5669
0.35567
0.23123
0.20517
0.26931
0.39922
0.56011
0.71384
0.82596
0.8714
0.83815
0.72844
0.55728
0.34909
0.13308
-0.061725
-0.21084
-0.29758
-0.31487
-0.26568
-0.1623
-0.02483
0.12102
0.24653
0.32319
0.3265
0.23999
0.059307
-0.20493
-0.52614
-0.86371
-1.1681
-1.3889
-1.4837
-1.4275
-1.2185
-0.87982
-0.4559
-0.0044573
0.41434
0.74859
0.96299
1.0431
0.99523
0.84273
0.62019
0.36713
0.12241
-0.080032
-0.21401
-0.26268
-0.21933
-0.087431
0.11973
0.38009
0.66451
0.93931
1.1695
1.3228
1.3738
1.308
1.1247
0.83862
0.47955
0.089259
-0.28313
-0.58756
-0.78023
-0.83056
-0.72689
-0.47983
-0.12244
0.29322
0.70322
1.0416
1.2513
1.2952
1.1633
0.87561
0.47977
0.042093
-0.36485
-0.67626
-0.84736
-0.86094
-0.72879
-0.48692
-0.18618
0.11911
0.38185
0.56987
0.66968
0.68606
0.63825
0.55419
0.46396
0.39378
0.36148
0.37393
0.42661
0.50517
0.58852
0.65288
0.67606
0.6413
0.54021
0.37423
0.15461
-0.099112
-0.36173
-0.60578
-0.80513
-0.93836
-0.99161
-0.96054
-0.85143
-0.68119
-0.47617
-0.26972
-0.098349
0.003373
0.008708
-0.095479
-0.3043
-0.59312
-0.91952
-1.2293
-1.4659
-1.5811
-1.5454
-1.3543
-1.0302
-0.61757
-0.17394
0.24161
0.57964
0.80844
0.91765
0.91726
0.83284
0.69882
0.5513
0.42174
0.33244
0.29402
0.30489
0.35257
0.41637
0.47128
0.49233
0.45905
0.35928
0.19188
-0.032335
-0.29141
-0.55499
-0.78856
-0.95856
-1.0378
-1.0099
-0.87308
-0.64136
-0.344
-0.02267
0.27352
0.49459
0.59729
0.5526
0.35203
0.011372
-0.42927
-0.90976
-1.3585
-1.7043
-1.8889
-1.8786
-1.6714
-1.2979
-0.81565
-0.29806
0.17997
0.55585
0.78971
0.86951
0.81006
0.64731
0.4294
0.20694
0.024347
-0.086599
-0.11021
-0.047504
0.085663
0.26234
0.44931
0.61243
0.72165
0.75527
0.70298
0.56712
0.36228
0.1131
-0.14926
-0.39163
-0.58335
-0.70054
-0.72925
-0.6674
-0.52521
-0.32436
-0.095814
0.12335
0.29425
0.38118
0.35722
0.20947
-0.05668
-0.4156
-0.82275
-1.2198
-1.5432
-1.7352
-1.755
-1.5871
-1.2456
-0.77248
-0.22949
0.31271
0.78735
1.1425
1.3483
1.3995
1.3138
1.1263
0.88277
0.6322
0.41972
0.28095
0.2376
0.29486
0.44061
0.64691
0.87362
1.0742
1.2031
1.2233
1.1138
0.874
0.52555
0.10991
-0.3177
-0.69719
-0.97375
-1.1074
-1.0804
-0.90076
-0.60174
-0.23753
0.1249
0.416
0.57477
0.55915
0.35403
-0.024574
-0.53016
-1.0917
-1.6242
-2.0427
-2.2769
-2.2837
-2.0558
-1.6227
-1.0454
-0.40498
0.21179
0.72774
1.0871
1.263
1.2589
1.1048
0.85045
0.55482
0.2766
0.064948
-0.047221
-0.047124
0.05726
0.23959
0.46012
0.6724
0.83075
0.89741
0.84852
0.67789
0.39824
0.039557
-0.35513
-0.73603
-1.0539
-1.2676
-1.3501
-1.2927
-1.1068
-0.82251
-0.48495
-0.14803
0.13306
0.31009
0.34971
0.23976
-0.0072722
-0.35455
-0.7456
-1.113
-1.3898
-1.5219
-1.4785
-1.2582
-0.8894
-0.42494
0.068542
0.52304
0.88118
1.105
1.1803
1.1162
0.94125
0.69672
0.4297
0.18601
0.0042623
-0.088866
-0.081836
0.020211
0.19588
0.41011
0.61902
0.77647
0.84175
0.787
0.60298
0.30193
-0.083499
-0.50515
-0.90751
-1.2374
-1.4532
-1.5314
-1.4701
-1.2873
-1.0166
-0.69983
-0.38003
-0.09426
0.13099
0.28212
0.35825
0.36894
0.3308
0.26352
0.18629
0.115
0.060549
0.028289
0.018402
0.027007
0.047616
0.072659
0.094837
0.10814
0.10852
0.094146
0.065441
0.024831
-0.023654
-0.074916
-0.12341
-0.16377
-0.19148
-0.20337
-0.19801
-0.17589
-0.13935
-0.092247
-0.039503
0.013553
0.061834
0.10109
0.12835
0.1422
0.14274
0.13148
0.11095
0.084313
0.054878
0.025724
-0.00062492
-0.022409
-0.038705
-0.049383
-0.054971
-0.056444
-0.054985
-0.051743
-0.047641
-0.043243
-0.038708
-0.033836
-0.028192
-0.02128
-0.012723
-0.0024252
0.0093395
0.021914
0.034337
0.045496
0.054311
0.059924
0.061843
0.060014
0.054804
0.046903
0.037166
0.026441
0.015414
0.0045138
-0.0061018
-0.016479
-0.026732
-0.036885
-0.046715
-0.055663
-0.062818
-0.067006
-0.066976
-0.061632
-0.050298
-0.032933
-0.010268
0.016197
0.044323
0.07159
0.095435
0.11361
0.1245
0.12729
0.12206
0.10967
0.091525
0.069362
0.044932
0.019812
-0.0047091
-0.027656
-0.048314
-0.06614
-0.080691
-0.091564
-0.098399
-0.10091
-0.098931
-0.092508
-0.081921
-0.067726
-0.050737
-0.031984
-0.01265
0.0060247
0.022834
0.036701
0.046768
0.052476
0.053629
0.050439
0.043547
0.034006
0.023207
0.012758
0.0042981
-0.00073604
-0.0013468
0.0028098
0.011292
0.022859
0.035609
0.047251
0.055493
0.05846
0.05507
0.045284
0.030169
0.011751
-0.0073024
-0.024123
-0.036103
-0.041301
-0.038715
-0.028393
-0.011369
0.010542
0.035034
0.05964
0.082018
0.10019
0.11268
0.11857
0.11752
0.10968
0.095682
0.076525
0.053507
0.028127
0.0019779
-0.02338
-0.046532
-0.066318
-0.081886
-0.092723
-0.098623
-0.099638
-0.096012
-0.088136
-0.076521
-0.061799
-0.044749
-0.026309
-0.0075785
0.010235
0.025902
0.038305
0.046582
0.050261
0.049348
0.044334
0.036122
0.025869
0.014776
0.0038709
-0.0061744
-0.015131
-0.023194
-0.030858
-0.038718
-0.047243
-0.056596
-0.066519
-0.07634
-0.085064
-0.091548
-0.094706
-0.093703
-0.088092
-0.077897
-0.0636
-0.046085
-0.026521
-0.0062335
0.013433
0.031228
0.046094
0.05722
0.064083
0.066445
0.064345
0.058071
0.048126
0.035198
0.020117
0.0038234
-0.012684
-0.028407
-0.042411
-0.053904
-0.062306
-0.067308
-0.0689
-0.067368
-0.06325
-0.057247
-0.05011
-0.042522
-0.034986
-0.027762
-0.020846
-0.014019
-0.0069363
0.00074907
0.009261
0.018603
0.028507
0.038439
0.047654
0.055304
0.060557
0.06272
0.061338
0.056262
0.047665
0.036015
0.022023
0.0065589
-0.0094341
-0.025019
-0.03933
-0.051622
-0.061305
-0.067959
-0.071347
-0.071419
-0.06831
-0.062329
-0.053946
-0.043765
-0.032486
-0.020853
-0.0096001
0.00061543
0.0092696
0.01602
0.020729
0.023464
0.024463
0.024074
0.022684
0.020639
0.018186
0.015442
0.012399
0.0089636
0.0050141
0.00046601
-0.004682
-0.010327
-0.016273
-0.022257
-0.028001
-0.033248
-0.037789
-0.041478
-0.04422
-0.04596
-0.046663
-0.0463
-0.044853
-0.042322
-0.038748
-0.034236
-0.028968
-0.023212
-0.017305
-0.011625
-0.0065478
-0.0024035
0.00057091
0.0022607
0.0026869
0.0019984
0.000444
-0.0016714
-0.0040383
-0.0063931
-0.0085574
-0.010461
-0.012141
-0.013721
-0.015366
-0.017233
-0.019409
-0.021874
-0.024466
-0.026893
-0.028759
-0.02963
-0.029101
-0.026886
-0.022881
-0.017216
-0.010257
-0.0025856
0.0050697
0.011923
0.017233
0.020399
0.021037
0.019032
0.014554
0.0080498
0.00019831
-0.008149
-0.016054
-0.022592
-0.026958
-0.028571
-0.02716
-0.022819
-0.016012
-0.0075305
0.0016153
0.010337
0.017637
0.02277
0.02536
0.02545
0.023476
0.020163
0.016366
0.012895
0.010362
0.0090779
0.0090178
0.0098644
0.011107
0.012172
0.012556
0.011931
0.010206
0.0075286
0.0042465
0.00082633
-0.002242
-0.0045372
-0.0057784
-0.005864
-0.0048757
-0.0030495
-0.00072551
0.001713
0.003898
0.0055246
0.0063838
0.0063803
0.005536
0.0039837
0.0019499
-0.00027111
-0.0023547
-0.0039913
-0.0049377
-0.0050644
-0.0043898
-0.0030889
-0.0014729
6.4395e-05
0.0011236
0.0013877
0.00070341
-0.00086354
-0.0030127
-0.0052418
-0.0069256
-0.0074289
-0.0062343
-0.0030582
0.0020669
0.0087653
0.016354
0.023939
0.030553
0.035315
0.037571
0.037
0.033653
0.027929
0.020487
0.012126
0.0036462
-0.0042614
-0.011096
-0.016573
-0.020606
-0.023257
-0.024666
-0.025001
-0.024406
-0.022994
-0.020846
-0.018037
-0.014659
-0.010845
-0.0067785
-0.0026951
0.0011404
0.0044615
0.0070375
0.0087083
0.0094121
0.009197
0.0082167
0.0067072
0.0049503
0.0032289
0.001783
0.00077293
0.00025691
0.00018533
0.00041264
0.00072457
0.00087656
0.000638
-0.00016451
-0.0016119
-0.0036723
-0.0062004
-0.0089586
-0.011656
-0.013998
-0.015739
-0.016727
-0.016926
-0.016422
-0.015406
-0.014137
-0.012891
-0.011921
-0.011412
-0.011461
-0.01207
-0.013162
-0.014607
-0.016254
-0.017959
-0.019605
-0.021105
-0.022401
-0.023449
-0.024208
-0.024631
-0.024668
-0.024274
-0.023418
-0.022097
-0.020343
-0.018226
-0.015849
-0.013339
-0.010832
-0.0084582
-0.0063243
-0.0045036
-0.00303
-0.0018994
-0.00108
-0.00052833
-0.00020842
-0.00010881
-0.0002541
-0.00070746
-0.0015628
-0.0029274
-0.0048969
-0.0075256
-0.010797
-0.014596
-0.018695
-0.022748
-0.026314
-0.028898
-0.030012
-0.029256
-0.026401
-0.021454
-0.014703
-0.0067106
0.0017402
0.0097442
0.016408
0.020993
0.023043
0.022461
0.019541
0.014911
0.0094356
0.0040628
-0.00033296
-0.0030964
-0.0038929
-0.0027505
-3.6289e-05
0.0036259
0.0074779
0.010767
0.012877
0.013422
0.012301
0.0096916
0.0059969
0.0017642
-0.0024191
-0.0060234
-0.0086589
-0.010128
-0.010444
-0.009816
-0.0085983
-0.0072209
-0.0061046
-0.0055815
-0.0058321
-0.0068523
-0.0084576
-0.010322
-0.012042
-0.013223
-0.013549
-0.012853
-0.011143
-0.0086091
-0.0055871
-0.0025034
0.00019871
0.0021349
0.0030442
0.0028319
0.0015828
-0.00045667
-0.0029244
-0.0054069
-0.0075112
-0.0089302
-0.0094906
-0.0091736
-0.0081049
-0.0065174
-0.0046942
-0.0029052
-0.0013534
-0.00014188
0.0007313
