-0.066046
-0.071882
-0.076896
-0.080294
-0.081433
-0.07992
-0.075715
-0.069082
-0.060528
-0.05081
-0.040752
-0.031139
-0.022764
-0.016256
-0.012004
-0.010169
-0.010726
-0.013468
-0.018049
-0.024026
-0.030936
-0.03833
-0.045784
-0.052929
-0.059514
-0.065335
-0.070186
-0.073931
-0.076438
-0.077583
-0.077292
-0.075532
-0.072379
-0.068052
-0.062878
-0.057294
-0.051785
-0.046827
-0.042856
-0.040205
-0.039037
-0.039332
-0.04088
-0.043411
-0.046627
-0.050129
-0.053548
-0.056612
-0.059135
-0.061025
-0.062288
-0.063011
-0.063283
-0.063213
-0.062964
-0.062627
-0.062241
-0.061848
-0.061432
-0.060939
-0.060321
-0.059507
-0.058453
-0.057155
-0.055655
-0.054002
-0.052266
-0.050564
-0.049056
-0.047887
-0.047143
-0.046899
-0.047209
-0.048058
-0.049366
-0.051013
-0.052821
-0.054569
-0.05601
-0.056859
-0.056863
-0.055817
-0.053626
-0.050356
-0.046218
-0.041589
-0.036994
-0.033037
-0.030325
-0.029369
-0.030489
-0.033773
-0.039038
-0.045787
-0.053342
-0.060946
-0.0678
-0.073215
-0.076714
-0.078042
-0.077192
-0.074343
-0.06983
-0.064084
-0.057524
-0.05056
-0.043551
-0.036807
-0.030606
-0.025255
-0.021049
-0.018268
-0.017211
-0.018105
-0.021096
-0.026143
-0.033031
-0.041414
-0.050744
-0.060301
-0.069318
-0.077046
-0.082826
-0.086182
-0.086841
-0.084788
-0.080321
-0.073939
-0.066358
-0.058375
-0.050766
-0.044278
-0.039448
-0.03653
-0.035557
-0.036341
-0.038456
-0.041375
-0.044571
-0.047559
-0.049986
-0.051638
-0.052469
-0.052633
-0.052343
-0.05181
-0.051263
-0.050889
-0.050806
-0.051045
-0.051565
-0.052285
-0.053082
-0.053841
-0.054507
-0.054973
-0.055155
-0.055055
-0.054651
-0.053929
-0.052918
-0.051731
-0.05052
-0.049477
-0.048839
-0.048839
-0.049653
-0.051352
-0.053881
-0.057073
-0.060585
-0.063904
-0.066527
-0.068006
-0.067984
-0.066299
-0.063045
-0.058556
-0.053388
-0.04826
-0.043883
-0.040936
-0.039875
-0.040879
-0.043885
-0.04854
-0.054271
-0.060364
-0.066064
-0.070708
-0.073794
-0.074987
-0.074166
-0.071433
-0.067074
-0.061524
-0.055318
-0.049045
-0.043286
-0.038568
-0.035326
-0.033871
-0.034345
-0.03669
-0.040675
-0.045867
-0.051708
-0.057601
-0.062882
-0.066986
-0.069544
-0.070375
-0.069532
-0.067299
-0.064134
-0.060592
-0.057207
-0.054372
-0.052347
-0.051179
-0.050665
-0.050478
-0.050264
-0.049677
-0.048454
-0.046547
-0.04411
-0.041421
-0.038918
-0.03708
-0.036251
-0.036711
-0.038598
-0.041833
-0.04618
-0.051271
-0.056653
-0.061852
-0.066421
-0.070011
-0.072405
-0.073525
-0.073444
-0.072371
-0.070585
-0.068401
-0.066099
-0.06386
-0.06176
-0.059773
-0.057803
-0.055688
-0.0533
-0.050616
-0.047699
-0.044752
-0.042078
-0.040044
-0.038996
-0.0392
-0.040822
-0.043797
-0.047819
-0.052457
-0.05714
-0.061254
-0.064279
-0.065736
-0.065442
-0.063587
-0.060533
-0.056867
-0.053349
-0.050714
-0.049475
-0.049851
-0.051659
-0.054257
-0.056646
-0.057669
-0.056157
-0.051193
-0.042509
-0.030529
-0.016345
-0.0019592
0.010074
0.017372
0.01798
0.010663
-0.0045276
-0.025965
-0.050533
-0.074045
-0.091915
-0.099884
-0.094552
-0.07446
-0.040588
0.0038057
0.052894
0.099936
0.13799
0.16005
0.16162
0.14086
0.099091
0.041084
-0.026089
-0.093711
-0.15372
-0.19936
-0.22708
-0.23675
-0.23075
-0.21834
-0.20894
-0.21018
-0.23033
-0.27369
-0.33963
-0.42275
-0.50837
-0.57805
-0.62355
-0.65265
-0.64929
-0.59161
-0.49079
-0.37038
-0.24276
-0.10964
0.019941
0.13396
0.23119
0.31571
0.39316
0.47063
0.55626
0.65555
0.76497
0.87279
0.9714
1.0488
1.0906
1.101
1.0939
1.0707
1.0185
0.92823
0.79862
0.63185
0.43326
0.21305
-0.01408
-0.2289
-0.41266
-0.54694
-0.61566
-0.60898
-0.52515
-0.37546
-0.16704
0.078601
0.30737
0.48998
0.62603
0.70533
0.72392
0.67781
0.56491
0.39965
0.19872
-0.021291
-0.2394
-0.44506
-0.6337
-0.80278
-0.94861
-1.0698
-1.1494
-1.1971
-1.2347
-1.2767
-1.3362
-1.3987
-1.4505
-1.5022
-1.5365
-1.5394
-1.5133
-1.4578
-1.3665
-1.2299
-1.064
-0.90497
-0.74541
-0.56877
-0.38932
-0.21727
-0.042792
0.12935
0.28977
0.43675
0.57021
0.68143
0.75213
0.76259
0.72442
0.63547
0.468
0.24156
-0.00951
-0.2796
-0.55257
-0.77497
-0.89264
-0.88828
-0.78598
-0.62915
-0.42493
-0.17616
0.09357
0.35141
0.57098
0.74102
0.85944
0.92273
0.93021
0.89468
0.82524
0.7392
0.66413
0.60785
0.57274
0.55309
0.53661
0.50913
0.45428
0.3694
0.24838
0.098537
-0.061084
-0.2043
-0.30295
-0.33555
-0.28662
-0.15368
0.058002
0.33127
0.60273
0.80625
0.93991
0.98245
0.90121
0.71336
0.43693
0.10282
-0.22467
-0.50604
-0.7246
-0.87957
-0.97056
-1.0026
-1.0042
-1.0151
-1.0569
-1.1231
-1.2032
-1.2806
-1.3395
-1.3711
-1.373
-1.3332
-1.2323
-1.0959
-0.95335
-0.83656
-0.75802
-0.7064
-0.6881
-0.68845
-0.68232
-0.66589
-0.63731
-0.58775
-0.51373
-0.42202
-0.32094
-0.22789
-0.1482
-0.070507
-0.031768
-0.051146
-0.09766
-0.16934
-0.28093
-0.41009
-0.50358
-0.54263
-0.54129
-0.51204
-0.45301
-0.35828
-0.23321
-0.090396
0.060699
0.21336
0.35961
0.49107
0.60158
0.68602
0.74926
0.80739
0.86367
0.90765
0.91974
0.87768
0.77328
0.60396
0.37421
0.10246
-0.19454
-0.48622
-0.72763
-0.88563
-0.93649
-0.86617
-0.67427
-0.37629
-0.015804
0.35014
0.67753
0.91737
1.0287
0.98339
0.77509
0.41129
-0.077794
-0.63287
-1.1983
-1.7088
-2.1136
-2.3661
-2.4301
-2.3117
-2.0453
-1.6796
-1.2732
-0.88479
-0.57439
-0.39527
-0.37312
-0.50435
-0.76802
-1.1122
-1.4711
-1.7966
-2.0429
-2.1764
-2.1732
-2.0266
-1.7656
-1.44
-1.0767
-0.7084
-0.38047
-0.10863
0.10222
0.23444
0.28954
0.29195
0.24923
0.17263
0.083197
-0.0068751
-0.089482
-0.15506
-0.18089
-0.16721
-0.14343
-0.13298
-0.12399
-0.11064
-0.11422
-0.15145
-0.21509
-0.26485
-0.27292
-0.2451
-0.1928
-0.11404
0.0014461
0.1526
0.32555
0.5029
0.6691
0.81134
0.9176
0.97641
0.97581
0.91742
0.81969
0.69917
0.56718
0.43934
0.31843
0.19635
0.074312
-0.040226
-0.14107
-0.22109
-0.27055
-0.28
-0.24186
-0.15124
-0.0077262
0.18233
0.4091
0.65885
0.90619
1.1312
1.3268
1.4884
1.6152
1.687
1.6928
1.635
1.5017
1.2839
0.98206
0.59871
0.15269
-0.32471
-0.8039
-1.2447
-1.5991
-1.8337
-1.9255
-1.8588
-1.6416
-1.3129
-0.90265
-0.43343
0.044784
0.47941
0.8356
1.0884
1.2329
1.2677
1.2051
1.0755
0.90524
0.7248
0.56239
0.43703
0.34748
0.28912
0.254
0.22328
0.17947
0.10865
0.003271
-0.14247
-0.32
-0.50624
-0.69045
-0.86307
-1.0057
-1.1015
-1.1368
-1.1113
-1.0335
-0.89251
-0.67976
-0.4065
-0.10826
0.15906
0.39514
0.60876
0.78785
0.89835
0.9311
0.89318
0.79892
0.67538
0.55834
0.46813
0.41585
0.40309
0.42006
0.45225
0.48317
0.49404
0.4654
0.38443
0.24589
0.055616
-0.16938
-0.39964
-0.60882
-0.76675
-0.83931
-0.80773
-0.67041
-0.4365
-0.13171
0.19246
0.47502
0.67001
0.7552
0.70942
0.51379
0.20606
-0.15983
-0.57876
-0.94069
-1.1582
-1.2387
-1.2062
-1.0682
-0.8432
-0.5643
-0.27442
-0.016673
0.18066
0.31006
0.37605
0.38645
0.36356
0.33859
0.31637
0.30443
0.31729
0.36654
0.44
0.52558
0.61753
0.69863
0.75153
0.77557
0.76523
0.71159
0.62103
0.50813
0.38318
0.25195
0.13013
0.029981
-0.05378
-0.11266
-0.13383
-0.11978
-0.092196
-0.081244
-0.10282
-0.13389
-0.14642
-0.14289
-0.14431
-0.15727
-0.16287
-0.14457
-0.095944
-0.013498
0.10823
0.27458
0.48001
0.70476
0.9283
1.1276
1.2817
1.3859
1.4328
1.4108
1.3123
1.1244
0.84971
0.50687
0.11934
-0.28377
-0.67338
-1.0156
-1.2773
-1.4333
-1.4635
-1.3594
-1.1268
-0.78251
-0.36022
0.091903
0.52188
0.87191
1.0855
1.1272
0.97455
0.63804
0.16424
-0.39519
-0.98337
-1.5648
-2.0345
-2.3136
-2.4174
-2.3728
-2.1939
-1.9139
-1.57
-1.1989
-0.83941
-0.51699
-0.24949
-0.037466
0.12472
0.24582
0.34728
0.44292
0.53587
0.62236
0.70036
0.78147
0.85666
0.90178
0.91682
0.8996
0.84071
0.74404
0.62965
0.50031
0.3556
0.21408
0.093559
0.0040209
-0.036036
-0.011695
0.061824
0.14821
0.22325
0.28482
0.32512
0.33018
0.27576
0.18325
0.1035
0.062801
0.058788
0.081356
0.13329
0.22165
0.34166
0.47459
0.60329
0.71439
0.79972
0.85836
0.89238
0.90262
0.89907
0.90265
0.92204
0.97093
1.0462
1.1053
1.1177
1.0666
0.94273
0.74568
0.48753
0.19552
-0.092493
-0.33389
-0.49142
-0.53732
-0.45761
-0.25962
0.033179
0.37752
0.71603
0.9996
1.1872
1.2477
1.1703
0.95245
0.61077
0.17802
-0.29845
-0.76291
-1.1751
-1.4964
-1.6975
-1.7687
-1.7191
-1.5805
-1.3913
-1.1947
-1.0347
-0.93903
-0.92479
-0.98398
-1.0957
-1.2205
-1.3028
-1.3121
-1.2266
-1.0509
-0.81211
-0.54201
-0.27965
-0.066296
0.06658
0.10311
0.046
-0.087672
-0.26426
-0.43858
-0.57477
-0.64755
-0.64404
-0.56766
-0.43909
-0.29436
-0.16948
-0.090649
-0.0709
-0.10863
-0.19104
-0.31212
-0.44604
-0.53317
-0.56198
-0.55242
-0.49913
-0.39632
-0.2545
-0.088808
0.081639
0.23947
0.37747
0.49979
0.59468
0.64881
0.66337
0.63918
0.57809
0.4462
0.22407
-0.034287
-0.30569
-0.59122
-0.87166
-1.1151
-1.291
-1.3744
-1.3485
-1.2085
-0.95726
-0.60412
-0.17238
0.30832
0.79736
1.2388
1.5947
1.8185
1.8485
1.6738
1.2955
0.7115
-0.051173
-0.93683
-1.83
-2.6071
-3.1779
-3.4982
-3.5289
-3.2476
-2.6863
-1.9215
-1.0405
-0.12587
0.72327
1.4153
1.8978
2.1528
2.1911
2.0477
1.7656
1.4021
1.0244
0.69895
0.43152
0.2078
0.033
-0.10052
-0.22037
-0.35036
-0.50952
-0.70761
-0.94031
-1.186
-1.4132
-1.5866
-1.6693
-1.6311
-1.4553
-1.1423
-0.71772
-0.23273
0.26431
0.72542
1.0846
1.2954
1.3369
1.2058
0.91813
0.49315
-0.02951
-0.58716
-1.0971
-1.5027
-1.7785
-1.901
-1.8688
-1.7079
-1.4421
-1.1168
-0.77278
-0.42662
-0.12508
0.096074
0.21605
0.23797
0.19486
0.117
0.014146
-0.1065
-0.24193
-0.39285
-0.5613
-0.75052
-0.95826
-1.1724
-1.3686
-1.5131
-1.5675
-1.494
-1.2622
-0.86837
-0.33535
0.30167
0.96852
1.5719
2.0456
2.3079
2.2847
1.9501
1.3047
0.40438
-0.61211
-1.6015
-2.4631
-3.0949
-3.404
-3.334
-2.8753
-2.0956
-1.0982
-0.006723
1.0408
1.9114
2.5086
2.7995
2.802
2.5588
2.1371
1.6268
1.1177
0.67858
0.35278
0.14992
0.055309
0.035574
0.04742
0.051318
0.016437
-0.074264
-0.21962
-0.4032
-0.60095
-0.78147
-0.91814
-0.98931
-0.97884
-0.88426
-0.71908
-0.51171
-0.28118
-0.040226
0.18308
0.35109
0.44829
0.47172
0.41861
0.31268
0.16975
-0.00012005
-0.15915
-0.26882
-0.31337
-0.2779
-0.15776
0.027646
0.26919
0.52904
0.77822
1.0065
1.1833
1.2838
1.2997
1.2343
1.1096
0.94584
0.73636
0.48128
0.18904
-0.12409
-0.43815
-0.73326
-0.98972
-1.1809
-1.2793
-1.2664
-1.1357
-0.89174
-0.55225
-0.15786
0.23984
0.60229
0.88139
1.0415
1.0871
1.0256
0.87764
0.69839
0.53006
0.39751
0.3717
0.50539
0.79644
1.1498
1.4402
1.6637
1.8533
1.9614
1.943
1.7969
1.5534
1.257
0.95756
0.70975
0.55143
0.49656
0.54294
0.66851
0.83856
1.0126
1.1421
1.1894
1.1338
0.97469
0.73327
0.43969
0.13496
-0.1342
-0.33398
-0.4412
-0.44645
-0.35973
-0.20647
-0.019973
0.16157
0.29119
0.32594
0.25279
0.089079
-0.14734
-0.44965
-0.78167
-1.0905
-1.3435
-1.5031
-1.5595
-1.5222
-1.3857
-1.1554
-0.86252
-0.54663
-0.2537
-0.010138
0.16922
0.26266
0.25391
0.1633
0.027779
-0.12272
-0.2551
-0.32779
-0.29958
-0.17292
0.013239
0.21981
0.40598
0.5391
0.58818
0.53256
0.37671
0.14738
-0.11128
-0.34551
-0.49731
-0.51998
-0.38699
-0.09602
0.32415
0.82898
1.3459
1.773
2.0533
2.1375
1.9813
1.585
0.96047
0.1708
-0.66689
-1.4324
-2.0323
-2.4141
-2.5461
-2.3939
-1.9744
-1.3504
-0.59809
0.18292
0.8888
1.4218
1.7212
1.7674
1.5567
1.1202
0.52879
-0.14105
-0.81411
-1.4197
-1.9009
-2.2148
-2.3387
-2.2716
-2.0409
-1.696
-1.2956
-0.90005
-0.56381
-0.32611
-0.20656
-0.20445
-0.29699
-0.44542
-0.6038
-0.71854
-0.74135
-0.63991
-0.40334
-0.049919
0.38654
0.86858
1.3523
1.7785
2.0728
2.1934
2.1301
1.8847
1.4861
0.97219
0.39024
-0.19268
-0.71663
-1.1462
-1.4505
-1.621
-1.6683
-1.6002
-1.4328
-1.1967
-0.9285
-0.64445
-0.36028
-0.10009
0.12316
0.30392
0.4148
0.42414
0.32982
0.13703
-0.14544
-0.48121
-0.81991
-1.1096
-1.2954
-1.331
-1.1901
-0.86773
-0.38601
0.20541
0.83689
1.4363
1.9284
2.2413
2.3321
2.2082
1.8909
1.4235
0.887
0.34514
-0.11719
-0.41936
-0.53896
-0.47032
-0.21868
0.16349
0.60664
1.0572
1.4534
1.7378
1.8787
1.8715
1.7323
1.4921
1.1985
0.89908
0.61486
0.35792
0.14135
-0.037219
-0.18808
-0.32802
-0.47246
-0.6271
-0.7869
-0.93653
-1.051
-1.1058
-1.0826
-0.97316
-0.78283
-0.53732
-0.28719
-0.079815
0.062159
0.11819
0.062313
-0.11099
-0.36705
-0.66043
-0.94747
-1.1823
-1.3348
-1.3849
-1.3212
-1.1511
-0.90535
-0.62122
-0.33344
-0.069095
0.14689
0.29706
0.37643
0.38842
0.34186
0.24676
0.11444
-0.046435
-0.2499
-0.46604
-0.64523
-0.81043
-0.99396
-1.1748
-1.3088
-1.3739
-1.3562
-1.2448
-1.0422
-0.76298
-0.43335
-0.094023
0.21016
0.4348
0.54139
0.49752
0.28072
-0.069345
-0.50232
-0.97439
-1.3991
-1.7305
-1.9072
-1.8762
-1.6331
-1.1768
-0.54801
0.20043
1.0074
1.8006
2.5262
3.1356
3.5811
3.825
3.8481
3.6586
3.2667
2.6972
1.9931
1.2032
0.39526
-0.35616
-0.98922
-1.4655
-1.7672
-1.8982
-1.8782
-1.7406
-1.5281
-1.2807
-1.0331
-0.80967
-0.6198
-0.46653
-0.35299
-0.27899
-0.22276
-0.1557
-0.059244
0.060272
0.17132
0.27079
0.35602
0.4006
0.37417
0.2577
0.056817
-0.21068
-0.53506
-0.8912
-1.2329
-1.5344
-1.7727
-1.9138
-1.9349
-1.844
-1.6641
-1.3916
-1.0411
-0.65643
-0.29657
-0.020438
0.14146
0.17427
0.075857
-0.13003
-0.39296
-0.65319
-0.84532
-0.90637
-0.7935
-0.48946
-0.0065342
0.60132
1.247
1.8364
2.2722
2.4509
2.3004
1.8149
1.0253
0.0019383
-1.138
-2.2574
-3.222
-3.9237
-4.2703
-4.2206
-3.8117
-3.1295
-2.2712
-1.333
-0.42318
0.36171
0.96568
1.3606
1.5526
1.5814
1.497
1.3441
1.1637
0.98715
0.83381
0.71672
0.63391
0.57301
0.51598
0.45042
0.37137
0.28233
0.19273
0.11572
0.069486
0.067256
0.11889
0.22954
0.38461
0.55118
0.71462
0.85734
0.9464
0.96996
0.90958
0.75285
0.51819
0.24269
-0.053293
-0.36164
-0.65474
-0.90414
-1.092
-1.2105
-1.2461
-1.1904
-1.0567
-0.84419
-0.57013
-0.26821
0.030771
0.29983
0.49122
0.55578
0.49742
0.31704
0.020834
-0.35545
-0.76572
-1.1445
-1.42
-1.5467
-1.5075
-1.3067
-0.977
-0.57191
-0.15711
0.20934
0.48247
0.62557
0.64656
0.55683
0.37591
0.18146
0.02385
-0.080684
-0.11078
-0.07055
0.035165
0.20247
0.43065
0.73958
1.066
1.3151
1.5059
1.6989
1.8912
2.0632
2.1878
2.2322
2.1858
2.059
1.8555
1.5841
1.2643
0.92181
0.5836
0.27594
0.017732
-0.18056
-0.31195
-0.37803
-0.38517
-0.33938
-0.24657
-0.11545
0.04377
0.21947
0.3994
0.573
0.70887
0.77086
0.7632
0.68093
0.50371
0.23545
-0.10634
-0.49548
-0.89103
-1.2417
-1.4974
-1.614
-1.5748
-1.3914
-1.0859
-0.69116
-0.23748
0.23342
0.66744
1.0221
1.2736
1.4137
1.4494
1.4071
1.3226
1.2364
1.1871
1.1888
1.241
1.3371
1.4396
1.4878
1.4452
1.2951
1.0345
0.67759
0.26314
-0.15886
-0.53666
-0.8176
-0.96151
-0.95859
-0.81443
-0.55717
-0.24441
0.066937
0.33825
0.54265
0.65101
0.65484
0.57992
0.45581
0.32156
0.2144
0.15599
0.1634
0.23621
0.35759
0.51014
0.6638
0.77225
0.81601
0.79338
0.69063
0.51717
0.29909
0.071771
-0.12301
-0.25766
-0.32645
-0.33466
-0.29218
-0.21442
-0.12206
-0.036957
0.020839
0.035739
0.00075958
-0.08785
-0.22876
-0.41609
-0.6405
-0.88435
-1.128
-1.3541
-1.5429
-1.6697
-1.7118
-1.6631
-1.5269
-1.3155
-1.0463
-0.73972
-0.4173
-0.12914
0.087376
0.30572
0.52829
0.66627
0.70091
0.65139
0.54183
0.39139
0.22361
0.067238
-0.054067
-0.1107
-0.077038
0.063381
0.31895
0.67668
1.1051
1.5408
1.9226
2.1997
2.3292
2.2862
2.0667
1.6941
1.21
0.66748
0.12277
-0.37808
-0.79805
-1.1174
-1.3346
-1.46
-1.5049
-1.4808
-1.4194
-1.3482
-1.268
-1.1554
-1.0009
-0.83237
-0.64715
-0.44672
-0.2526
-0.069031
0.097542
0.24588
0.36789
0.45797
0.50426
0.50707
0.48146
0.42603
0.34124
0.24137
0.14174
0.051665
-0.023673
-0.070796
-0.069241
-0.013822
0.078071
0.16892
0.22976
0.25046
0.22017
0.13301
-0.0071726
-0.17922
-0.35744
-0.51683
-0.62772
-0.66471
-0.61392
-0.47748
-0.26134
0.014785
0.31348
0.59075
0.81532
0.95695
0.98614
0.8915
0.66731
0.32778
-0.088763
-0.54396
-0.99632
-1.4062
-1.7105
-1.8592
-1.8638
-1.7478
-1.532
-1.2392
-0.88573
-0.49525
-0.091312
0.31687
0.68006
0.97287
1.208
1.3996
1.5558
1.6736
1.729
1.7047
1.5935
1.3923
1.104
0.74521
0.33961
-0.084226
-0.49807
-0.87641
-1.1859
-1.4046
-1.5231
-1.5336
-1.4327
-1.2257
-0.92451
-0.54182
-0.11019
0.32541
0.73273
1.0784
1.3355
1.4862
1.5177
1.4291
1.2419
0.99505
0.73262
0.49947
0.33191
0.25773
0.29055
0.42497
0.63298
0.87027
1.091
1.248
1.2926
1.1984
0.96675
0.60293
0.1798
-0.23069
-0.61614
-0.94737
-1.1852
-1.3071
-1.313
-1.2202
-1.0552
-0.85445
-0.65331
-0.47628
-0.34206
-0.26485
-0.24234
-0.25842
-0.29739
-0.34943
-0.40852
-0.4641
-0.50694
-0.53828
-0.57073
-0.61376
-0.66155
-0.70235
-0.73533
-0.76148
-0.76002
-0.70954
-0.61672
-0.50136
-0.38234
-0.27783
-0.18584
-0.0883
0.018938
0.12746
0.24936
0.41115
0.57671
0.70409
0.8084
0.87515
0.86686
0.75164
0.51025
0.15014
-0.29838
-0.79211
-1.2749
-1.6861
-1.9736
-2.0989
-2.0461
-1.8244
-1.4635
-1.0095
-0.51732
-0.037806
0.39067
0.73575
0.97252
1.1103
1.1818
1.2041
1.1862
1.1492
1.1124
1.0842
1.0636
1.046
1.0344
1.0331
1.0451
1.0766
1.1348
1.2187
1.3183
1.4157
1.4849
1.4964
1.4241
1.2485
0.94072
0.54108
0.13481
-0.25699
-0.62467
-0.93442
-1.1461
-1.2405
-1.2243
-1.1252
-0.97443
-0.80133
-0.63775
-0.51109
-0.43655
-0.41642
-0.44402
-0.5077
-0.58939
-0.67088
-0.74079
-0.78758
-0.79917
-0.78058
-0.74776
-0.71738
-0.7138
-0.74504
-0.80631
-0.90386
-1.0267
-1.1352
-1.1968
-1.2017
-1.1603
-1.0723
-0.92256
-0.70841
-0.43763
-0.12283
0.22219
0.58734
0.95512
1.2988
1.5921
1.8144
1.9492
1.9861
1.9278
1.7612
1.4812
1.1038
0.66048
0.19098
-0.26167
-0.65781
-0.96649
-1.1601
-1.2268
-1.175
-1.0226
-0.79088
-0.51013
-0.21204
0.085187
0.35073
0.56994
0.73637
0.83316
0.87212
0.85696
0.77844
0.6463
0.46972
0.26098
0.045272
-0.15016
-0.29859
-0.37766
-0.37598
-0.29598
-0.16256
-0.01952
0.080015
0.083361
-0.044151
-0.31084
-0.73427
-1.2798
-1.8322
-2.3103
-2.6652
-2.8481
-2.8181
-2.5729
-2.1484
-1.6022
-1.001
-0.41732
0.081363
0.45302
0.67093
0.73511
0.66289
0.49057
0.26235
0.018447
-0.20696
-0.38136
-0.47796
-0.50227
-0.46567
-0.38831
-0.29309
-0.19361
-0.10685
-0.055372
-0.038192
-0.030925
-0.023043
-0.025122
-0.040568
-0.058823
-0.055757
-0.0038527
0.11493
0.30527
0.57053
0.90591
1.2869
1.6756
2.03
2.3162
2.501
2.5517
2.4554
2.201
1.7981
1.2795
0.70084
0.12108
-0.40709
-0.84136
-1.1534
-1.3327
-1.3904
-1.3487
-1.2346
-1.0839
-0.91653
-0.73496
-0.55524
-0.38534
-0.20934
-0.015474
0.19029
0.39937
0.60081
0.76692
0.86706
0.87935
0.79413
0.6139
0.35095
0.031178
-0.30721
-0.62478
-0.89
-1.0829
-1.1938
-1.2154
-1.1675
-1.1123
-1.0677
-1.0245
-0.98441
-0.95482
-0.94876
-0.95579
-0.95297
-0.93
-0.87671
-0.79422
-0.68142
-0.54423
-0.40518
-0.28589
-0.20634
-0.19118
-0.25989
-0.42081
-0.66404
-0.97728
-1.341
-1.7018
-2.0056
-2.2216
-2.3253
-2.3076
-2.1706
-1.9204
-1.5851
-1.214
-0.84547
-0.48333
-0.14221
0.13503
0.33136
0.45727
0.54094
0.61903
0.71425
0.85032
1.0502
1.315
1.6365
1.9633
2.2416
2.4561
2.5735
2.5419
2.3347
1.955
1.4323
0.81919
0.18191
-0.4101
-0.8957
-1.2245
-1.3758
-1.3533
-1.1863
-0.9187
-0.5968
-0.26935
0.02897
0.2817
0.47149
0.5959
0.68363
0.74867
0.79906
0.85373
0.91171
0.95637
0.96697
0.92655
0.83591
0.69988
0.52827
0.34403
0.18152
0.07571
0.050832
0.11121
0.2452
0.42797
0.62129
0.7764
0.85093
0.81317
0.64913
0.37341
0.025013
-0.33346
-0.65533
-0.90871
-1.0479
-1.0588
-0.9462
-0.73995
-0.4872
-0.23952
-0.047292
0.047405
0.014283
-0.15064
-0.42439
-0.76844
-1.141
-1.4777
-1.7226
-1.8516
-1.8466
-1.7213
-1.5167
-1.2643
-0.99841
-0.76264
-0.57763
-0.43014
-0.30643
-0.21247
-0.14823
-0.10291
-0.056235
0.011788
0.095252
0.17889
0.25692
0.32044
0.35869
0.36631
0.34476
0.31019
0.29661
0.33278
0.43401
0.60586
0.82705
1.0556
1.2528
1.3842
1.4167
1.3374
1.1529
0.8794
0.54972
0.20719
-0.10059
-0.33262
-0.46739
-0.49469
-0.41387
-0.24024
-0.0013298
0.2706
0.53558
0.76888
0.94499
1.0286
1.0266
0.93106
0.72412
0.41506
0.017755
-0.43983
-0.9296
-1.4152
-1.8499
-2.1937
-2.4156
-2.4945
-2.4288
-2.2377
-1.9547
-1.6208
-1.2847
-0.99959
-0.80924
-0.73583
-0.7865
-0.9565
-1.21
-1.4935
-1.7629
-1.9879
-2.1445
-2.2119
-2.1773
-2.0349
-1.8025
-1.5112
-1.1895
-0.87464
-0.59363
-0.36861
-0.2171
-0.14392
-0.1457
-0.21029
-0.31732
-0.44833
-0.58389
-0.69415
-0.75098
-0.7545
-0.72397
-0.66733
-0.59886
-0.53209
-0.47306
-0.43029
-0.39981
-0.35949
-0.29178
-0.20791
-0.11996
-0.025258
0.082732
0.20569
0.32853
0.44218
0.55326
0.66866
0.78349
0.88764
0.97778
1.0666
1.1644
1.2597
1.3343
1.3675
1.3186
1.1582
0.88142
0.49859
0.038149
-0.45273
-0.91196
-1.2778
-1.5066
-1.5715
-1.4652
-1.2103
-0.8497
-0.433
-0.016868
0.35111
0.64375
0.85043
0.94402
0.93196
0.85467
0.72989
0.56627
0.36949
0.14216
-0.11859
-0.40741
-0.71195
-1.011
-1.2686
-1.4422
-1.4905
-1.3775
-1.0867
-0.62862
-0.043764
0.60689
1.2483
1.8183
2.2287
2.386
2.3156
2.0703
1.6788
1.18
0.64359
0.15184
-0.24225
-0.50549
-0.62797
-0.61933
-0.51588
-0.36804
-0.21858
-0.10623
-0.058582
-0.088531
-0.18793
-0.32485
-0.47381
-0.60459
-0.67176
-0.65368
-0.55941
-0.40762
-0.22183
-0.03732
0.12138
0.23444
0.27323
0.24147
0.1647
0.058687
-0.072549
-0.22232
-0.37042
-0.47699
-0.51629
-0.45119
-0.2793
-0.016568
0.31023
0.67677
1.0545
1.3974
1.6428
1.735
1.6406
1.3534
0.8969
0.31706
-0.31555
-0.91517
-1.3979
-1.7074
-1.8152
-1.7113
-1.422
-1.0003
-0.50937
-0.010015
0.44019
0.80205
1.0641
1.2111
1.2406
1.1866
1.0804
0.93265
0.71563
0.4818
0.33613
0.26295
0.1986
0.16152
0.18498
0.28241
0.44926
0.67089
0.91996
1.1586
1.335
1.3911
1.2816
0.98417
0.50122
-0.12689
-0.83325
-1.5462
-2.1923
-2.7141
-3.058
-3.1826
-3.0814
-2.7776
-2.317
-1.7631
-1.185
-0.64826
-0.20741
0.099025
0.24863
0.23972
0.090683
-0.16598
-0.4962
-0.86759
-1.2286
-1.5274
-1.7444
-1.8793
-1.9317
-1.9103
-1.8053
-1.5934
-1.2938
-0.95586
-0.61187
-0.27315
0.050274
0.34052
0.58849
0.79757
0.97256
1.1185
1.243
1.3506
1.4546
1.5721
1.7215
1.9032
2.0884
2.228
2.2725
2.1849
1.9413
1.5408
1.0054
0.37306
-0.30186
-0.95247
-1.5123
-1.9237
-2.1479
-2.167
-1.981
-1.6073
-1.0882
-0.48161
0.15409
0.75188
1.2475
1.5964
1.7752
1.7878
1.6492
1.398
1.0779
0.73344
0.43578
0.21592
0.11316
0.14111
0.2646
0.44232
0.63831
0.81115
0.91406
0.90894
0.77899
0.51714
0.13797
-0.305
-0.75099
-1.1434
-1.4434
-1.6314
-1.6985
-1.6499
-1.5084
-1.3025
-1.066
-0.83462
-0.635
-0.48354
-0.38412
-0.3224
-0.28252
-0.24463
-0.19318
-0.11296
-0.0036396
0.11497
0.22507
0.31157
0.35511
0.32694
0.19282
-0.045717
-0.35376
-0.72344
-1.0956
-1.3238
-1.3781
-1.2964
-1.0606
-0.66562
-0.13485
0.48954
1.1506
1.7808
2.313
2.6844
2.8582
2.8452
2.6747
2.3802
2.0021
1.5715
1.1145
0.65917
0.22997
-0.15417
-0.48048
-0.74206
-0.93704
-1.0689
-1.1387
-1.1537
-1.1247
-1.0625
-0.9749
-0.86601
-0.74148
-0.59445
-0.42391
-0.23892
-0.032163
0.19209
0.4203
0.62423
0.81141
1.0271
1.2609
1.4574
1.601
1.6948
1.7333
1.6972
1.5714
1.3433
1.0103
0.59174
0.11697
-0.37774
-0.84044
-1.221
-1.4854
-1.6097
-1.5821
-1.4289
-1.2137
-1.0092
-0.87261
-0.82905
-0.89004
-1.0444
-1.2606
-1.4943
-1.6945
-1.8213
-1.8444
-1.7496
-1.5414
-1.2473
-0.90461
-0.54104
-0.20597
0.051626
0.20528
0.25201
0.19674
0.052402
-0.20143
-0.55133
-0.90501
-1.1835
-1.3663
-1.453
-1.4308
-1.2793
-1.0029
-0.63205
-0.19763
0.272
0.74289
1.1788
1.5467
1.8176
1.9785
2.0447
2.0247
1.9101
1.6999
1.3939
0.98698
0.48873
-0.072257
-0.65478
-1.2094
-1.68
-2.0132
-2.164
-2.0984
-1.8094
-1.3162
-0.67419
0.043858
0.78143
1.4607
1.997
2.3296
2.4223
2.2754
1.9166
1.3998
0.7927
0.17541
-0.36826
-0.76959
-0.97161
-0.95184
-0.71174
-0.2765
0.28986
0.90253
1.4672
1.8889
2.087
2.0142
1.6621
1.0626
0.2991
-0.533
-1.3471
-2.0598
-2.5771
-2.842
-2.8506
-2.6306
-2.2372
-1.7422
-1.2247
-0.76785
-0.43354
-0.25933
-0.26176
-0.42089
-0.68859
-1.0047
-1.3049
-1.5208
-1.5917
-1.4874
-1.2137
-0.79209
-0.26971
0.28315
0.77746
1.1245
1.3321
1.4361
1.4055
1.2293
0.95772
0.64724
0.3632
0.16277
0.075356
0.11455
0.27175
0.51129
0.80754
1.1373
1.4397
1.6595
1.7784
1.7893
1.7023
1.5172
1.2179
0.82536
0.37967
-0.067199
-0.46221
-0.77368
-0.97693
-1.0546
-1.0081
-0.85528
-0.6262
-0.35458
-0.082166
0.16277
0.3742
0.5344
0.62159
0.62332
0.52987
0.34546
0.082096
-0.27491
-0.71878
-1.1994
-1.664
-2.0507
-2.2813
-2.2757
-1.9696
-1.3359
-0.3996
0.76295
2.0415
3.2753
4.2854
4.9191
5.0565
4.642
3.7077
2.3575
0.75352
-0.90034
-2.4088
-3.6008
-4.3588
-4.6398
-4.4633
-3.9104
-3.1031
-2.1752
-1.2601
-0.46579
0.14087
0.53147
0.71532
0.73168
0.63257
0.47835
0.33139
0.22877
0.18819
0.21469
0.29883
0.41215
0.49015
0.48973
0.4278
0.33675
0.22739
0.089757
-0.083118
-0.26781
-0.40017
-0.4425
-0.38447
-0.21809
0.047342
0.39169
0.78298
1.1722
1.5095
1.7436
1.8435
1.7841
1.5366
1.1005
0.48293
-0.26232
-1.0474
-1.8114
-2.4918
-3.0144
-3.3228
-3.3911
-3.2185
-2.8283
-2.2706
-1.6073
-0.90062
-0.21175
0.40975
0.93728
1.3447
1.6129
1.7441
1.7325
1.5822
1.3175
0.95572
0.51718
0.051654
-0.37585
-0.71073
-0.89564
-0.88171
-0.63623
-0.15426
0.52022
1.2983
2.0568
2.6637
2.9922
2.9398
2.456
1.5379
0.25958
-1.2966
-2.9735
-4.5258
-5.7575
-6.5394
-6.7954
-6.5126
-5.7401
-4.5872
-3.2144
-1.7906
-0.46509
0.62988
1.4015
1.8217
1.9026
1.7002
1.3045
0.81653
0.34956
0.00030896
-0.16966
-0.12826
0.12946
0.56955
1.0796
1.5486
1.9586
2.2894
2.4698
2.4477
2.2317
1.8615
1.4404
1.0812
0.82657
0.69092
0.69367
0.85898
1.1803
1.6043
2.0474
2.4212
2.6462
2.6652
2.4515
2.0056
1.3613
0.58987
-0.21426
-0.95428
-1.5489
-1.9386
-2.0923
-2.0106
-1.7233
-1.2848
-0.75813
-0.20479
0.31258
0.74561
1.0815
1.3051
1.4048
1.3919
1.2744
1.0764
0.83921
0.57959
0.3264
0.12379
0.011791
0.02602
0.18486
0.48806
0.92322
1.4478
1.9837
2.4575
2.7695
2.7841
2.4515
1.7935
0.85437
-0.3093
-1.5921
-2.8423
-3.9191
-4.6834
-5.0365
-4.9406
-4.4269
-3.5839
-2.5232
-1.3788
-0.29825
0.59977
1.2328
1.551
1.5537
1.2802
0.79565
0.1902
-0.43914
-1.0087
-1.4473
-1.698
-1.7379
-1.5732
-1.24
-0.78249
-0.26729
0.20463
0.57249
0.83277
0.97898
0.98009
0.83628
0.57879
0.24606
-0.092716
-0.37415
-0.55087
-0.5757
-0.46168
-0.24179
0.072799
0.45534
0.85308
1.1972
1.4196
1.4756
1.3464
1.0313
0.55306
-0.037685
-0.67023
-1.2678
-1.7609
-2.0982
-2.246
-2.1936
-1.956
-1.566
-1.0687
-0.51557
0.038787
0.54369
0.97388
1.3023
1.4964
1.5577
1.4853
1.2811
0.96997
0.57862
0.11934
-0.36711
-0.81532
-1.1697
-1.3842
-1.4181
-1.2468
-0.86862
-0.31608
0.34537
1.0159
1.5727
1.9165
1.9769
1.7134
1.1205
0.2278
-0.88644
-2.1004
-3.253
-4.2118
-4.8782
-5.1873
-5.1171
-4.6911
-3.9758
-3.0677
-2.0772
-1.1127
-0.26722
0.38529
0.80384
0.9832
0.94746
0.73942
0.4142
0.03899
-0.31117
-0.57387
-0.71285
-0.70835
-0.55029
-0.26748
0.070421
0.39478
0.67982
0.92682
1.1152
1.198
1.1459
0.98969
0.78137
0.54635
0.32512
0.16186
0.073661
0.064374
0.13715
0.3019
0.55209
0.85765
1.1884
1.5106
1.7793
1.9398
1.9508
1.7931
1.4593
0.9626
0.34168
-0.34208
-1.0128
-1.5956
-2.0307
-2.2784
-2.3199
-2.1621
-1.8402
-1.4003
-0.88934
-0.3571
0.14429
0.58397
0.95268
1.2262
1.3864
1.4347
1.3719
1.2008
0.93278
0.57989
0.16441
-0.26649
-0.65406
-0.95528
-1.113
-1.072
-0.79799
-0.27686
0.46935
1.3586
2.2825
3.1132
3.7226
4.0128
3.9053
3.386
2.5019
1.3436
0.061066
-1.1836
-2.2476
-3.0007
-3.3404
-3.2498
-2.791
-2.0706
-1.2103
-0.33222
0.44624
1.0251
1.3612
1.4542
1.3336
1.0593
0.68918
0.29294
-0.049632
-0.27992
-0.37456
-0.33624
-0.17042
0.091936
0.37115
0.59697
0.75689
0.86324
0.90275
0.83448
0.64497
0.38078
0.11789
-0.092971
-0.23516
-0.29047
-0.23712
-0.083844
0.14134
0.41098
0.68465
0.91758
1.0755
1.1204
1.0272
0.79502
0.444
0.0017464
-0.49524
-0.98236
-1.3937
-1.6754
-1.791
-1.7258
-1.4864
-1.1067
-0.63662
-0.12816
0.36213
0.77847
1.0937
1.2833
1.3323
1.2529
1.0628
0.80432
0.51085
0.21351
-0.054618
-0.2535
-0.34225
-0.30717
-0.1478
0.11828
0.46022
0.83959
1.1939
1.4416
1.516
1.3679
0.97287
0.33958
-0.48794
-1.4322
-2.3888
-3.2671
-3.9526
-4.3335
-4.3506
-4.0019
-3.3431
-2.4628
-1.4721
-0.49295
0.36212
1.0011
1.3669
1.447
1.27
0.89762
0.41275
-0.10026
-0.54848
-0.84419
-0.95039
-0.87549
-0.64252
-0.30464
0.088711
0.50259
0.88209
1.1757
1.3297
1.3191
1.194
1.03
0.86493
0.72692
0.65825
0.68052
0.77903
0.93492
1.1146
1.2539
1.3045
1.2317
1.0073
0.61592
0.072873
-0.56166
-1.2307
-1.8727
-2.4059
-2.7649
-2.9053
-2.8028
-2.4706
-1.9515
-1.3055
-0.60458
0.080876
0.68723
1.1755
1.5374
1.7659
1.8721
1.8945
1.865
1.8087
1.7531
1.717
1.6995
1.6916
1.7012
1.7378
1.8056
1.909
2.0537
2.2413
2.4508
2.6436
2.7781
2.8022
2.6647
2.3365
1.8102
1.1175
0.3006
-0.5708
-1.3812
-2.0444
-2.5023
-2.7089
-2.6593
-2.392
-1.9676
-1.4598
-0.94559
-0.48743
-0.13019
0.10503
0.21773
0.22862
0.1709
0.076917
-0.024838
-0.10952
-0.15849
-0.15967
-0.11443
-0.042431
0.016932
0.056972
0.13433
0.2512
0.33285
0.37355
0.39264
0.4076
0.43597
0.50334
0.61435
0.75136
0.9019
1.0531
1.187
1.2727
1.2819
1.2031
1.0343
0.7735
0.42638
0.019803
-0.40028
-0.78795
-1.1123
-1.3398
-1.4438
-1.4187
-1.2731
-1.028
-0.71835
-0.37772
-0.037338
0.27547
0.55024
0.77534
0.945
1.0629
1.1345
1.1587
1.1432
1.0946
1.0076
0.89935
0.78166
0.66373
0.56336
0.49675
0.47294
0.48524
0.51155
0.52667
0.50104
0.4006
0.20395
-0.083913
-0.46634
-0.9265
-1.4051
-1.8312
-2.1411
-2.3041
-2.3113
-2.1602
-1.863
-1.4591
-1.0092
-0.57051
-0.19187
0.090604
0.25792
0.31011
0.27024
0.17388
0.05756
-0.043878
-0.10332
-0.10483
-0.043581
0.071584
0.19755
0.29286
0.36618
0.43458
0.4777
0.47854
0.42745
0.32366
0.21035
0.12473
0.059785
0.0021606
-0.041812
-0.068508
-0.086052
-0.096814
-0.11015
-0.13852
-0.17306
-0.19983
-0.21707
-0.2293
-0.23361
-0.22437
-0.20242
-0.16721
-0.11947
-0.056329
0.023465
0.11876
0.22763
0.34647
0.47116
0.59264
0.70657
0.81203
0.88961
0.92744
0.94116
0.93706
0.91884
0.89711
0.88063
0.87739
0.88855
0.9154
0.96528
1.0259
1.073
1.0873
1.0508
0.94853
0.77148
0.51495
0.18994
-0.17626
-0.55191
-0.90146
-1.186
-1.3701
-1.4411
-1.3778
-1.1773
-0.87807
-0.52226
-0.1508
0.2026
0.50305
0.72361
0.85263
0.892
0.8474
0.74017
0.59597
0.43477
0.27568
0.13402
0.017545
-0.07146
-0.13155
-0.16372
-0.17666
-0.18092
-0.19411
-0.22957
-0.27725
-0.3293
-0.39327
-0.46414
-0.50779
-0.4902
-0.4063
-0.27275
-0.10504
0.097373
0.32741
0.56278
0.7781
0.96991
1.1287
1.1997
1.1819
1.1121
1.0075
0.88158
0.7419
0.59685
0.45568
0.3246
0.2054
0.095339
-0.0081303
-0.10602
-0.19449
-0.26752
-0.3171
-0.33158
-0.30142
-0.22049
-0.085272
0.10475
0.34415
0.61596
0.89357
1.1586
1.3947
1.5704
1.6681
1.6711
1.5594
1.3398
1.026
0.63792
0.21369
-0.20026
-0.55167
-0.79415
-0.9003
-0.86217
-0.69093
-0.41906
-0.09539
0.21504
0.44053
0.53957
0.50026
0.32189
0.031891
-0.32515
-0.70198
-1.0418
-1.2951
-1.433
-1.449
-1.3535
-1.173
-0.93684
-0.68414
-0.44795
-0.24582
-0.098753
-0.010848
0.022961
0.013375
-0.023102
-0.081699
-0.14993
-0.20109
-0.22654
-0.22012
-0.20173
-0.2057
-0.20927
-0.18646
-0.14329
-0.094852
-0.045141
0.0071955
0.061971
0.11588
0.16434
0.20276
0.2276
0.23681
0.22488
0.18383
0.11586
0.034565
-0.04367
-0.10686
-0.14433
-0.1535
-0.14074
-0.10867
-0.055656
0.017454
0.1066
0.207
0.31389
0.42221
0.52544
0.61419
0.67828
0.71341
0.7202
0.69676
0.6515
0.60346
0.5659
0.54329
0.53645
0.55196
0.58275
0.60397
0.60664
0.57848
0.49466
0.32691
0.071544
-0.25172
-0.62734
-1.029
-1.4204
-1.7544
-1.9951
-2.1264
-2.1328
-2.0123
-1.7793
-1.4784
-1.1736
-0.88982
-0.65351
-0.49725
-0.44019
-0.47459
-0.5664
-0.69022
-0.82324
-0.93111
-0.98207
-0.96122
-0.84883
-0.63326
-0.33437
0.006234
0.36274
0.70511
0.98872
1.1869
1.2931
1.2917
1.1689
0.94565
0.66964
0.36845
0.065895
-0.20198
-0.38627
-0.4538
-0.41423
-0.29569
-0.12035
0.095955
0.33404
0.56873
0.77615
0.9417
1.0563
1.1136
1.1052
1.0219
0.86389
0.64781
0.40502
0.16316
-0.059359
-0.25599
-0.42703
-0.57033
-0.68897
-0.78504
-0.85518
-0.89693
-0.9056
-0.87454
-0.79539
-0.66024
-0.46681
-0.21593
0.078285
0.38272
0.66971
0.92547
1.1364
1.2756
1.3195
1.2702
1.1246
0.89251
0.59246
0.23869
-0.1514
-0.55498
-0.94627
-1.2978
-1.5876
-1.7995
-1.9204
-1.9472
-1.8801
-1.7382
-1.5592
-1.3407
-1.0884
-0.83487
-0.60975
-0.40956
-0.22295
-0.054948
0.086332
0.20319
0.29515
0.35925
0.4047
0.43422
0.44697
0.44639
0.43095
0.4024
0.35888
0.29328
0.22212
0.16114
0.079251
-0.022648
-0.11403
-0.19293
-0.27642
-0.34902
-0.36679
-0.31452
-0.21748
-0.09636
0.04801
0.20902
0.37272
0.51951
0.63209
0.70804
0.75155
0.76192
0.74014
0.69605
0.64553
0.61383
0.61652
0.65597
0.73094
0.82135
0.89229
0.91805
0.88585
0.78944
0.63012
0.42078
0.18692
-0.039839
-0.22426
-0.33167
-0.33869
-0.23342
-0.018621
0.28551
0.6358
0.9838
1.2855
1.5058
1.6106
1.5813
1.4211
1.1271
0.73803
0.30011
-0.16127
-0.60483
-0.97663
-1.2538
-1.4305
-1.5073
-1.4926
-1.4026
-1.253
-1.0593
-0.83536
-0.59178
-0.33664
-0.097248
0.11554
0.31556
0.49678
0.6445
0.73929
0.77481
0.76139
0.70886
0.63253
0.55513
0.48551
0.42564
0.39054
0.38296
0.39176
0.40889
0.42683
0.42026
0.38109
0.32561
0.24676
0.14607
0.0065127
-0.18392
-0.364
-0.51751
-0.66706
-0.79243
-0.85031
-0.82609
-0.73528
-0.59812
-0.42867
-0.23598
-0.026242
0.18729
0.38941
0.5687
0.72164
0.83927
0.90836
0.92287
0.8858
0.8116
0.72238
0.63282
0.55613
0.49762
0.45293
0.4198
0.39553
0.37681
0.35711
0.32967
0.29098
0.241
0.18502
0.13288
0.09532
0.083134
0.10698
0.17677
0.29491
0.45806
0.65684
0.86868
1.0593
1.1939
1.2584
1.2436
1.1296
0.91893
0.6294
0.2914
-0.059596
-0.37808
-0.61783
-0.7647
-0.81454
-0.75804
-0.61492
-0.43066
-0.25392
-0.12956
-0.087343
-0.13425
-0.26629
-0.47244
-0.71838
-0.95885
-1.1573
-1.2871
-1.3376
-1.32
-1.2531
-1.1432
-0.99697
-0.83004
-0.67204
-0.52833
-0.38568
-0.24887
-0.11543
0.023178
0.16389
0.29069
0.38585
0.44682
0.46029
0.4153
0.3122
0.15618
-0.025297
-0.19735
-0.34908
-0.47015
-0.57131
-0.65018
-0.67064
-0.63758
-0.57633
-0.4796
-0.32291
-0.11291
0.11657
0.33626
0.52987
0.68324
0.77787
0.81984
0.81789
0.76567
0.65313
0.49272
0.32087
0.18005
0.098264
0.092747
0.1616
0.28739
0.44835
0.61773
0.76435
0.85575
0.86606
0.78069
0.59824
0.33187
0.0077908
-0.338
-0.66448
-0.93329
-1.1087
-1.1637
-1.078
-0.8484
-0.49571
-0.054864
0.44837
0.97533
1.4646
1.8787
2.1795
2.3153
2.2634
2.0191
1.5999
1.0299
0.36934
-0.31241
-0.95448
-1.4913
-1.8702
-2.0577
-2.0413
-1.8372
-1.4868
-1.0508
-0.59364
-0.1735
0.15982
0.38169
0.49014
0.47889
0.36305
0.21955
0.088809
-0.025757
-0.10689
-0.12602
-0.071856
0.033742
0.16754
0.30314
0.4047
0.44602
0.41468
0.30806
0.13108
-0.079922
-0.27773
-0.43095
-0.5071
-0.52067
-0.49953
-0.4156
-0.271
-0.11379
0.018905
0.12507
0.21571
0.29107
0.33889
0.3578
0.36971
0.39663
0.45287
0.53968
0.65647
0.79949
0.95366
1.093
1.1989
1.2368
1.2042
1.1442
1.0453
0.89467
0.71002
0.51199
0.31728
0.14489
0.0087267
-0.077105
-0.10213
-0.061422
0.043016
0.20439
0.41327
0.6568
0.91854
1.1804
1.4203
1.6116
1.7386
1.8047
1.7948
1.6997
1.5141
1.2295
0.85958
0.42099
-0.084761
-0.64135
-1.1944
-1.6966
-2.1282
-2.4591
-2.6602
-2.719
-2.6342
-2.4165
-2.0951
-1.7049
-1.2741
-0.8472
-0.46607
-0.15083
0.08644
0.24364
0.32373
0.33059
0.27816
0.17889
0.052381
-0.083272
-0.22454
-0.36298
-0.48934
-0.60576
-0.71239
-0.80461
-0.87816
-0.93791
-0.96131
-0.93908
-0.89497
-0.83404
-0.75783
-0.67236
-0.59693
-0.53366
-0.46176
-0.36516
-0.25872
-0.16071
-0.070559
0.020142
0.10955
0.18638
0.2408
0.2701
0.27171
0.2435
0.18681
0.10851
0.02221
-0.044378
-0.059364
-0.008438
0.12113
0.31825
0.54662
0.78142
0.99639
1.1645
1.265
1.2811
1.2047
1.0487
0.8354
0.59273
0.35488
0.15834
0.035202
0.0094384
0.087308
0.25878
0.51997
0.8462
1.1971
1.531
1.8017
1.9656
1.988
1.8605
1.5911
1.2054
0.73149
0.21744
-0.26462
-0.66936
-0.96614
-1.126
-1.1479
-1.0524
-0.8729
-0.66089
-0.46402
-0.3235
-0.27248
-0.28924
-0.35909
-0.47718
-0.61061
-0.72486
-0.7811
-0.75546
-0.64157
-0.43692
-0.15931
0.15527
0.48013
0.78424
1.034
1.2063
1.2972
1.3045
1.221
1.0742
0.90732
0.73628
0.5506
0.33937
0.11697
-0.09215
-0.26687
-0.38924
-0.46337
-0.50931
-0.52652
-0.50597
-0.44518
-0.35003
-0.22511
-0.071708
0.10664
0.30052
0.49488
0.66762
0.80187
0.89327
0.94678
0.96088
0.93402
0.8623
0.74077
0.57794
0.38837
0.18978
9.1194e-06
-0.16396
-0.28683
-0.35867
-0.37356
-0.33145
-0.23995
-0.10507
0.064549
0.24904
0.41798
0.55947
0.65986
0.71881
0.73451
0.69588
0.61405
0.49611
0.35009
0.19312
0.037672
-0.10911
-0.23979
-0.35433
-0.45596
-0.54898
-0.64069
-0.7398
-0.85215
-0.97656
-1.1153
-1.2774
-1.4555
-1.6324
-1.788
-1.9011
-1.958
-1.9472
-1.8691
-1.6977
-1.4085
-1.0353
-0.62275
-0.20041
0.19376
0.52196
0.75746
0.86959
0.84313
0.69463
0.44927
0.14124
-0.17161
-0.42729
-0.60371
-0.69338
-0.6993
-0.63613
-0.50571
-0.34308
-0.19549
-0.073837
0.036801
0.15031
0.26541
0.37433
0.47901
0.59034
0.71409
0.84771
0.98907
1.1281
1.2158
1.2444
1.2317
1.1896
1.1341
1.0702
0.99198
0.90147
0.80328
0.69813
0.57802
0.43482
0.26406
0.064649
-0.15787
-0.39222
-0.61943
-0.81757
-0.96127
-1.0297
-1.0058
-0.87658
-0.64218
-0.31489
0.08412
0.51931
0.96609
1.4041
1.8006
2.1308
2.373
2.514
2.5429
2.461
2.272
1.9792
1.6053
1.1795
0.71541
0.22438
-0.2724
-0.74943
-1.185
-1.5642
-1.8728
-2.0977
-2.2318
-2.2809
-2.2345
-2.088
-1.8673
-1.599
-1.3045
-0.99565
-0.68562
-0.38788
-0.10588
0.15768
0.38769
0.57801
0.72733
0.82994
0.88303
0.88962
0.85899
0.79407
0.71127
0.63628
0.57549
0.51605
0.4472
0.37113
0.29162
0.19672
0.069127
-0.080979
-0.22097
-0.33278
-0.42243
-0.49532
-0.54872
-0.56608
-0.54498
-0.47412
-0.35645
-0.21691
-0.087255
0.030416
0.14517
0.25456
0.35421
0.43287
0.4738
0.47245
0.43144
0.3517
0.23675
0.092805
-0.071319
-0.23968
-0.39528
-0.52061
-0.5969
-0.60724
-0.53982
-0.39038
-0.16152
0.13356
0.47344
0.82697
1.1518
1.4141
1.5946
1.6708
1.6441
1.5176
1.2915
0.9943
0.65017
0.28856
-0.065666
-0.39194
-0.67113
-0.88701
-1.0233
-1.0776
-1.049
-0.93518
-0.744
-0.49224
-0.19888
0.11398
0.42072
0.7003
0.93083
1.0852
1.1569
1.1422
1.0394
0.86642
0.65394
0.42614
0.20934
0.035044
-0.083373
-0.14057
-0.13465
-0.078529
0.011467
0.11608
0.21042
0.26867
0.26516
0.19516
0.074328
-0.082972
-0.26334
-0.46514
-0.65438
-0.76085
-0.76284
-0.68546
-0.55098
-0.37428
-0.16434
0.067041
0.29518
0.48952
0.63329
0.71997
0.73452
0.68818
0.62786
0.5417
0.42599
0.30041
0.18412
0.087494
0.0032934
-0.082084
-0.17804
-0.29048
-0.42142
-0.56681
-0.72304
-0.87923
-1.0122
-1.1007
-1.1237
-1.0639
-0.90647
-0.64775
-0.299
0.1167
0.56414
1.0105
1.4287
1.7721
1.9869
2.052
1.9531
1.6765
1.2585
0.75901
0.22162
-0.31454
-0.81834
-1.2444
-1.5248
-1.6333
-1.5836
-1.3722
-1.0046
-0.52382
0.025645
0.61275
1.2006
1.7302
2.155
2.4754
2.677
2.7395
2.6599
2.4381
2.1036
1.6898
1.232
0.7583
0.30045
-0.11472
-0.46466
-0.72839
-0.89386
-0.95556
-0.91357
-0.77724
-0.56186
-0.29327
-0.0087217
0.25805
0.48667
0.64371
0.69188
0.61943
0.43428
0.18695
-0.063514
-0.30876
-0.55254
-0.76347
-0.88623
-0.90699
-0.83669
-0.70611
-0.54257
-0.3868
-0.27067
-0.2017
-0.18678
-0.21305
-0.26387
-0.31795
-0.33921
-0.31365
-0.26052
-0.20356
-0.16066
-0.14895
-0.18599
-0.28169
-0.42838
-0.60758
-0.77591
-0.89173
-0.9147
-0.81553
-0.58342
-0.23086
0.19094
0.62805
1.0165
1.2741
1.3635
1.2426
0.88613
0.34336
-0.32409
-1.0303
-1.6695
-2.1235
-2.3149
-2.235
-1.8988
-1.3534
-0.66584
0.075564
0.75112
1.2484
1.511
1.5187
1.3
0.91643
0.44424
-0.030347
-0.42436
-0.68517
-0.78452
-0.72134
-0.53237
-0.27166
0.0036719
0.24243
0.41126
0.49685
0.50542
0.46083
0.39281
0.33174
0.30268
0.31251
0.3525
0.40209
0.43515
0.41868
0.32269
0.14203
-0.11204
-0.4191
-0.7406
-1.0349
-1.2463
-1.3245
-1.2626
-1.0652
-0.72716
-0.27171
0.24722
0.77202
1.2449
1.6112
1.8413
1.9119
1.8254
1.611
1.306
0.98062
0.66492
0.38706
0.19111
0.088325
0.049196
0.048274
0.066465
0.079625
0.070078
0.032679
-0.03556
-0.12948
-0.23166
-0.32851
-0.40676
-0.45575
-0.47032
-0.45418
-0.41281
-0.35201
-0.26782
-0.13738
0.048277
0.2724
0.50517
0.74368
0.98784
1.1924
1.3217
1.3728
1.3149
1.1185
0.80319
0.40863
-0.0063914
-0.37157
-0.63
-0.72707
-0.62849
-0.3381
0.1158
0.67475
1.2836
1.8766
2.3716
2.6978
2.8215
2.7491
2.4977
2.1016
1.6159
1.1026
0.62128
0.22075
-0.066792
-0.22837
-0.27327
-0.22862
-0.13084
-0.022775
0.053116
0.066063
0.0007187
-0.14768
-0.37518
-0.65246
-0.92965
-1.1577
-1.3168
-1.4157
-1.438
-1.3577
-1.2022
-1.0137
-0.81623
-0.63138
-0.47195
-0.34632
-0.25457
-0.18993
-0.14335
-0.10972
-0.080038
-0.041282
0.00023043
0.034107
0.063998
0.091373
0.075908
0.033966
0.024802
0.012499
-0.038293
-0.12375
-0.23002
-0.34393
-0.45274
-0.54549
-0.59201
-0.56917
-0.46057
-0.25033
0.060242
0.45263
0.88996
1.3274
1.7244
2.0399
2.2484
2.3252
2.243
2.0092
1.6561
1.2125
0.69937
0.1536
-0.38449
-0.92507
-1.4548
-1.9247
-2.3134
-2.6006
-2.7525
-2.7439
-2.5574
-2.1864
-1.6549
-1.0119
-0.31749
0.35124
0.91884
1.3394
1.575
1.6046
1.4286
1.0928
0.65973
0.19092
-0.2538
-0.62292
-0.8825
-1.0147
-1.0158
-0.8993
-0.68652
-0.40218
-0.075125
0.26374
0.58583
0.8564
1.0398
1.1224
1.104
0.98867
0.78971
0.51988
0.21686
-0.059373
-0.27463
-0.41356
-0.45926
-0.4078
-0.28489
-0.12811
0.026899
0.13379
0.16392
0.11024
-0.015719
-0.16129
-0.27036
-0.30106
-0.22744
-0.047572
0.24383
0.61626
0.98569
1.2463
1.3138
1.1503
0.74547
0.12049
-0.65351
-1.4724
-2.2197
-2.778
-3.0531
-2.9891
-2.5764
-1.8627
-0.94056
0.077416
1.0528
1.8595
2.4134
2.6447
2.5141
2.0446
1.3327
0.48231
-0.40808
-1.211
-1.8318
-2.2314
-2.3783
-2.2643
-1.9348
-1.4404
-0.83025
-0.17999
0.44563
0.99737
1.4298
1.721
1.861
1.8414
1.6761
1.3993
1.0332
0.60047
0.11971
-0.36594
-0.80546
-1.1604
-1.4053
-1.5213
-1.4987
-1.3405
-1.0654
-0.70124
-0.28402
0.14501
0.54449
0.8806
1.129
1.2693
1.2862
1.1943
1.0315
0.82678
0.59888
0.36459
0.14916
-0.010376
-0.11718
-0.19664
-0.25053
-0.27876
-0.28474
-0.26694
-0.21762
-0.12246
0.033014
0.25338
0.53057
0.85543
1.2023
1.5182
1.7473
1.8337
1.7148
1.3521
0.75009
-0.060402
-0.98561
-1.9215
-2.7728
-3.4404
-3.8286
-3.8699
-3.551
-2.9167
-2.0462
-1.0494
-0.054521
0.81776
1.4738
1.853
1.9327
1.7236
1.2794
0.67793
-0.017575
-0.72493
-1.3809
-1.9713
-2.4568
-2.7765
-2.9321
-2.9613
-2.8747
-2.6604
-2.3254
-1.888
-1.369
-0.79619
-0.19355
0.40525
0.95556
1.4231
1.7807
2.0038
2.0876
2.0539
1.9327
1.7232
1.4185
1.0451
0.65196
0.26519
-0.099291
-0.42231
-0.68292
-0.86057
-0.93694
-0.89914
-0.74143
-0.46713
-0.093843
0.34794
0.81466
1.2416
1.5593
1.7301
1.728
1.539
1.1823
0.68109
0.086863
-0.51436
-1.0506
-1.4692
-1.7292
-1.8108
-1.7216
-1.4896
-1.1536
-0.76517
-0.37224
-0.0079263
0.307
0.57455
0.79949
0.9893
1.1598
1.3055
1.3726
1.3685
1.3429
1.2224
0.91382
0.40769
-0.25767
-1.0332
-1.8557
-2.6429
-3.3037
-3.7559
-3.9264
-3.7705
-3.2867
-2.5123
-1.5198
-0.41589
0.67871
1.6515
2.4058
2.861
2.9638
2.7338
2.2145
1.4773
0.6605
-0.11648
-0.7783
-1.263
-1.5162
-1.5115
-1.2562
-0.79062
-0.17575
0.52344
1.2302
1.8646
2.3597
2.6732
2.778
2.6568
2.3223
1.8189
1.2056
0.53373
-0.1608
-0.81879
-1.3833
-1.8178
-2.0941
-2.206
-2.1642
-1.9921
-1.719
-1.3783
-1.0039
-0.62513
-0.26596
0.05626
0.33169
0.5583
0.73653
0.87142
0.97042
1.0324
1.045
1.0086
0.94223
0.86636
0.76776
0.64041
0.50675
0.37203
0.24801
0.13709
0.039679
-0.037117
-0.094843
-0.1291
-0.1141
-0.043086
0.082934
0.27429
0.53447
0.87156
1.2563
1.6233
1.9105
2.0745
2.0755
1.8859
1.5128
0.96378
0.25693
-0.53155
-1.2911
-1.9179
-2.3261
-2.4584
-2.3011
-1.8755
-1.2398
-0.48173
0.30306
1.0189
1.5867
1.9556
2.0984
2.0124
1.7271
1.2852
0.72112
0.073399
-0.60603
-1.262
-1.8692
-2.3836
-2.7332
-2.8868
-2.8335
-2.5613
-2.0796
-1.4181
-0.63468
0.18262
0.9267
1.5036
1.8396
1.8806
1.6245
1.1144
0.43356
-0.29282
-0.92863
-1.3491
-1.4532
-1.2072
-0.6412
0.1736
1.1223
2.0635
2.8507
3.3591
3.5092
3.2789
2.7066
1.883
0.93484
0.0036125
-0.7781
-1.3042
-1.5112
-1.3878
-0.96907
-0.32798
0.4183
1.1456
1.7771
2.2443
2.4825
2.4698
2.2352
1.8554
1.3916
0.89927
0.45196
0.10517
-0.1157
-0.20411
-0.181
-0.092693
0.027069
0.14171
0.21314
0.23868
0.22999
0.19748
0.17156
0.1941
0.29064
0.47236
0.70816
0.95315
1.1859
1.3515
1.3854
1.2251
0.8299
0.19287
-0.63654
-1.5797
-2.5428
-3.4315
-4.1529
-4.6301
-4.8096
-4.6695
-4.2219
-3.5076
-2.6011
-1.6005
-0.59273
0.31259
1.0009
1.4255
1.5417
1.3296
0.85024
0.14883
-0.68405
-1.4774
-2.0888
-2.4264
-2.4295
-2.0709
-1.3771
-0.42792
0.64879
1.7005
2.5854
3.1796
3.4043
3.2387
2.7143
1.907
0.9228
-0.098336
-1.0079
-1.6862
-2.0505
-2.0681
-1.7576
-1.1782
-0.42104
0.40212
1.1727
1.7865
2.1726
2.3019
2.1831
1.8628
1.4154
0.9233
0.46672
0.11569
-0.07864
-0.09653
0.054615
0.34885
0.7397
1.1609
1.5528
1.8729
2.0848
2.1593
2.0844
1.8718
1.5449
1.1396
0.70426
0.28641
-0.064606
-0.31539
-0.45114
-0.4718
-0.39974
-0.26507
-0.1108
0.026239
0.13287
0.19563
0.21457
0.2174
0.24326
0.31207
0.4416
0.66032
0.98785
1.4192
1.9033
2.3566
2.7042
2.8902
2.8718
2.6219
2.1689
1.5654
0.87576
0.1844
-0.42088
-0.86673
-1.1037
-1.123
-0.95344
-0.64427
-0.27599
0.058624
0.28538
0.36639
0.25394
-0.057652
-0.51308
-1.0689
-1.6602
-2.1827
-2.5499
-2.7116
-2.6498
-2.3711
-1.9037
-1.2964
-0.62128
0.038922
0.611
1.0321
1.2675
1.3055
1.148
0.82155
0.37844
-0.1198
-0.60636
-1.0218
-1.3283
-1.5057
-1.5395
-1.4311
-1.2021
-0.88573
-0.5265
-0.17037
0.14405
0.38584
0.54105
0.61325
0.61779
0.57795
0.52209
0.48055
0.47528
0.51715
0.60371
0.72235
0.84336
0.92626
0.95486
0.92946
0.85083
0.71707
0.53507
0.34776
0.18099
0.046293
-0.034372
-0.065064
-0.049244
0.0029011
0.05908
0.088977
0.075896
0.018915
-0.072215
-0.16434
-0.20685
-0.1602
0.0090182
0.32428
0.77592
1.3082
1.8411
2.272
2.5297
2.5579
2.28
1.6447
0.67711
-0.52414
-1.8375
-3.1086
-4.1786
-4.9199
-5.2489
-5.131
-4.5954
-3.7199
-2.6094
-1.3986
-0.22633
0.80381
1.6237
2.1416
2.315
2.1784
1.7489
1.0697
0.2069
-0.79331
-1.8241
-2.7477
-3.4559
-3.8723
-3.9497
-3.6653
-3.0304
-2.1144
-1.0355
0.080309
1.0992
1.9009
2.4021
2.5588
2.3765
1.9049
1.2276
0.45961
-0.27614
-0.87854
-1.2752
-1.4328
-1.364
-1.1101
-0.72699
-0.29165
0.11005
0.41001
0.56251
0.55031
0.38456
0.10697
-0.2284
-0.56322
-0.84254
-1.0248
-1.0868
-1.0287
-0.87078
-0.64296
-0.38883
-0.15965
0.022037
0.14958
0.21139
0.21267
0.15525
0.048288
-0.076839
-0.20082
-0.32449
-0.44673
-0.55702
-0.66028
-0.77263
-0.88734
-0.98939
-1.0825
-1.1774
-1.2583
-1.2923
-1.2621
-1.1482
-0.92841
-0.59863
-0.18484
0.29205
0.80109
1.2875
1.7022
1.9776
2.0367
1.8278
1.3525
0.63818
-0.26143
-1.254
-2.242
-3.1316
-3.8312
-4.2677
-4.4021
-4.2266
-3.7564
-3.0542
-2.2087
-1.282
-0.35602
0.42888
1.0085
1.3627
1.4452
1.2629
0.82658
0.19463
-0.5145
-1.2054
-1.805
-2.2498
-2.4834
-2.4699
-2.1962
-1.6883
-1.0121
-0.23284
0.58381
1.3742
2.0792
2.6457
3.0267
3.185
3.1098
2.8161
2.3316
1.6973
0.97445
0.23376
-0.45527
-1.0325
-1.4529
-1.6912
-1.744
-1.6284
-1.3767
-1.0312
-0.63609
-0.23298
0.14481
0.47623
0.74673
0.95105
1.0924
1.175
1.2076
1.1867
1.0968
0.946
0.7486
0.51551
0.25987
-0.026986
-0.33808
-0.64702
-0.92471
-1.1487
-1.3182
-1.4261
-1.4608
-1.4248
-1.3176
-1.1441
-0.93369
-0.71116
-0.49099
-0.28486
-0.095961
0.095853
0.30811
0.53411
0.79546
1.1071
1.4447
1.7815
2.079
2.2774
2.293
2.0916
1.668
1.0466
0.29596
-0.51104
-1.2841
-1.9236
-2.3584
-2.5402
-2.4414
-2.0846
-1.5153
-0.8058
-0.045421
0.69701
1.3377
1.78
2.0068
1.9952
1.7236
1.2281
0.53617
-0.28526
-1.114
-1.8356
-2.3621
-2.6282
-2.5982
-2.2728
-1.6907
-0.92674
-0.087792
0.71418
1.3806
1.8335
2.0388
1.9928
1.7137
1.2619
0.72022
0.16738
-0.32251
-0.69423
-0.92262
-1.0042
-0.94871
-0.78959
-0.57758
-0.36261
-0.18896
-0.086427
-0.070425
-0.14048
-0.2787
-0.45709
-0.64016
-0.79462
-0.89355
-0.90805
-0.82988
-0.66318
-0.41715
-0.12543
0.15859
0.40414
0.59343
0.70754
0.73009
0.65026
0.48842
0.28928
0.091051
-0.057922
-0.13105
-0.13016
-0.052756
0.1017
0.31255
0.54267
0.75627
0.92842
1.0393
1.0803
1.0643
1.0136
0.95679
0.9129
0.87892
0.84718
0.81755
0.78309
0.70678
0.54117
0.2559
-0.14934
-0.65094
-1.2132
-1.7699
-2.2499
-2.5999
-2.7771
-2.7553
-2.539
-2.1572
-1.6497
-1.0698
-0.49398
0.0084461
0.40199
0.64923
0.72036
0.62908
0.37374
-0.024709
-0.50792
-1.0567
-1.6121
-2.0713
-2.3709
-2.4815
-2.3852
-2.0811
-1.5927
-0.9563
-0.24367
0.46507
1.1245
1.6652
2.0346
2.2262
2.2453
2.1135
1.859
1.5136
1.1122
0.68575
0.26372
-0.11497
-0.41178
-0.61159
-0.71926
-0.73682
-0.67297
-0.54626
-0.37944
-0.19723
-0.024348
0.12156
0.23178
0.30215
0.33413
0.33478
0.31485
0.28671
0.26073
0.24277
0.2353
0.23681
0.24198
0.24325
0.23227
0.20241
0.15019
0.075511
-0.016939
-0.11866
-0.22016
-0.30921
-0.37475
-0.40899
-0.40736
-0.37038
-0.3022
-0.20977
-0.10235
0.0097144
0.11634
0.20899
0.28151
0.33082
0.3558
0.35702
0.33691
0.29923
0.24816
0.18762
0.12153
0.053323
-0.014022
-0.078255
-0.13758
-0.19031
-0.23483
-0.27005
-0.29504
-0.30893
-0.31114
-0.3014
-0.27984
-0.24695
-0.20379
-0.15246
-0.095528
-0.035757
0.023148
0.076993
0.1221
0.1555
0.17469
0.17835
0.16673
0.14151
0.1055
0.062274
0.015852
-0.029967
-0.07193
-0.10782
-0.13643
-0.15739
-0.17104
-0.17827
-0.18025
-0.17783
-0.17158
-0.16177
-0.14843
-0.13137
-0.1105
-0.086194
-0.059199
-0.030685
-0.002392
0.023802
0.045864
0.061645
0.069481
0.06811
0.057018
0.036538
0.0074623
-0.028897
-0.070591
-0.11536
-0.16072
-0.20405
-0.2431
-0.2757
-0.2996
-0.31269
-0.31363
-0.30191
-0.27763
-0.24188
-0.1965
-0.14397
-0.087739
-0.03146
0.021705
0.068591
0.10656
0.13385
0.14943
0.15325
0.14612
0.12937
0.10498
0.075092
0.041642
0.0066263
-0.028351
-0.062273
-0.094548
-0.12493
-0.15341
-0.18005
-0.20471
-0.22696
-0.24599
-0.26037
-0.26857
-0.26874
-0.25929
-0.23943
-0.2089
-0.16816
-0.11863
-0.062401
-0.0022692
0.058687
0.11685
0.16835
0.21052
0.24124
0.2581
0.25959
0.24533
0.21592
0.1728
0.11837
0.055953
-0.010453
-0.076491
-0.13784
-0.19101
-0.23353
-0.26368
-0.28094
-0.2861
-0.28102
-0.26775
-0.24842
-0.22498
-0.19872
-0.17023
-0.13964
-0.10675
-0.071085
-0.032529
0.0083129
0.04997
0.090319
0.12664
0.15586
0.17528
0.18229
0.17524
0.15393
0.11925
0.073569
0.020232
-0.037363
-0.095536
-0.1506
-0.19945
-0.23976
-0.2701
-0.28969
-0.29837
-0.2964
-0.2845
-0.26352
-0.23438
-0.19848
-0.15743
-0.11304
-0.067217
-0.022097
0.019941
0.056708
0.086166
0.10684
0.11781
0.11854
0.10931
0.091022
0.065088
0.03336
-0.0020035
-0.038732
-0.074724
-0.10798
-0.13686
-0.1605
-0.17848
-0.19074
-0.19771
-0.20016
-0.19896
-0.19489
-0.18848
-0.17992
-0.16894
-0.15494
-0.13712
-0.11471
-0.08707
-0.054323
-0.017485
0.022147
0.062249
0.0998
0.13169
0.15476
0.16647
0.1653
0.15093
0.12411
0.08668
0.04149
-0.0080893
-0.058435
-0.10603
-0.14796
-0.18189
-0.20634
-0.22064
-0.22479
-0.21952
-0.20604
-0.18597
-0.16105
-0.13309
-0.1039
-0.075175
-0.048438
-0.024922
-0.0055661
0.0090126
0.018598
0.023336
0.023722
0.020522
0.014624
0.006924
-0.0017815
-0.010874
-0.020077
-0.029457
-0.039137
-0.049388
-0.060571
-0.07287
-0.086125
-0.099888
-0.11346
-0.12615
-0.13709
-0.14532
-0.15017
-0.1513
-0.14864
-0.14239
-0.13299
-0.12105
-0.10721
-0.092062
-0.076245
-0.060294
-0.044686
-0.02982
-0.016224
-0.0045076
0.0048601
0.011396
0.014577
0.014062
0.0096852
0.0013973
-0.010589
-0.025775
-0.043409
-0.062492
-0.081818
-0.10001
-0.11569
-0.1275
-0.13431
-0.13534
-0.13027
-0.11936
-0.10344
-0.083967
-0.062875
-0.042333
-0.02452
-0.01145
-0.0046159
-0.0045359
-0.010667
-0.021674
-0.035339
-0.048759
-0.058973
-0.063495
-0.06086
-0.050892
-0.034813
-0.015213
0.0044073
0.020357
0.029419
0.029412
0.019686
0.0012668
-0.023382
-0.050854
-0.07744
-0.099823
-0.11554
-0.1234
-0.12338
-0.11647
-0.10467
-0.090353
-0.075527
-0.061987
-0.051096
-0.043498
-0.039263
-0.038072
-0.039377
-0.042494
-0.046773
-0.051751
-0.057096
-0.062548
-0.067996
-0.073346
-0.078445
-0.083166
-0.087293
-0.090711
-0.093344
-0.095051
-0.09585
-0.095935
-0.095428
-0.09435
-0.092832
-0.090901
-0.088504
-0.085548
-0.0819
-0.077444
-0.0722
-0.066293
-0.059944
-0.053545
-0.047585
-0.042552
-0.038943
-0.037196
-0.03751
-0.039924
-0.044445
-0.050864
-0.058738
-0.067546
-0.076617
-0.085155
-0.092328
-0.097335
-0.099492
-0.09836
-0.093806
-0.08603
-0.075652
-0.063631
-0.051175
-0.039514
-0.029811
-0.023089
-0.019975
-0.020701
-0.025002
-0.032274
-0.041642
-0.052024
-0.06233
-0.071507
-0.07884
-0.083917
-0.086532
-0.086788
-0.085062
-0.081838
-0.077539
-0.072565
-0.067225
-0.061697
-0.056122
-0.050698
-0.045654
-0.041297
-0.038027
-0.036179
-0.036084
-0.037946
-0.041724
-0.047085
-0.053422
-0.059995
-0.06601
-0.070679
-0.073348
-0.073722
-0.071844
-0.067969
-0.062611
-0.056657
-0.051041
-0.046593
-0.044009
-0.043701
-0.045766
-0.049942
-0.055648
-0.062079
-0.068272
-0.073235
-0.076095
-0.076183
-0.073065
-0.066696
-0.057356
-0.045575
-0.032204
-0.018292
-0.0049946
0.0064909
0.015105
0.019959
0.020288
0.015747
0.0065165
-0.0068816
-0.023591
-0.042422
-0.061967
-0.080637
-0.096861
-0.1094
-0.11736
-0.1202
-0.11793
-0.1111
-0.10063
-0.087814
-0.07414
-0.061041
-0.049815
-0.041416
-0.036265
-0.034375
-0.035381
-0.038479
-0.042671
-0.046991
-0.05061
-0.053028
-0.054085
-0.053971
-0.053236
-0.052627
-0.052882
-0.054569
-0.058197
-0.063867
-0.071246
-0.079793
-0.088588
-0.096618
-0.10283
-0.10623
-0.10611
-0.10211
-0.094365
-0.083371
-0.069996
-0.055361
-0.040838
-0.027824
-0.017454
-0.010573
-0.0075854
-0.0084379
-0.012647
-0.019365
-0.027576
-0.036205
-0.044366
-0.051362
-0.056802
-0.060679
-0.063228
-0.064919
-0.06629
-0.06775
-0.069645
-0.072094
-0.074916
-0.077853
-0.080571
-0.082727
-0.084045
-0.084364
-0.083809
-0.082719
-0.081463
-0.080378
-0.079809
-0.079987
-0.080802
-0.081918
-0.082873
-0.083176
-0.082356
-0.080077
-0.076206
-0.070892
-0.064471
-0.057471
-0.050528
-0.044153
-0.038921
-0.035327
-0.033592
-0.033766
-0.035814
-0.039522
-0.044535
-0.05048
-0.056976
-0.063694
-0.070351
-0.07676
-0.082936
-0.088969
