0.0051639
0.0040231
0.0029635
0.0020191
0.0011755
0.00039231
-0.00035578
-0.0010445
-0.0015935
-0.0018947
-0.001861
-0.0014733
-0.00080141
9.1291e-06
0.00077843
0.0013444
0.0016049
0.0015352
0.0011792
0.00062103
-4.7628e-05
-0.00075088
-0.001434
-0.0020521
-0.0025515
-0.0028571
-0.0028762
-0.0025237
-0.0017584
-0.00061761
0.00076766
0.0021873
0.0033951
0.0041684
0.0043646
0.0039583
0.0030461
0.0018188
0.00051216
-0.00064922
-0.0014981
-0.0019502
-0.0020064
-0.0017374
-0.0012583
-0.0007004
-0.00018718
0.00018377
0.0003514
0.00029465
2.9786e-05
-0.00039651
-0.00091648
-0.0014519
-0.0019251
-0.0022706
-0.0024459
-0.0024389
-0.0022694
-0.0019832
-0.0016372
-0.0012818
-0.00094597
-0.0006333
-0.00033099
-2.8575e-05
0.00026327
0.00050442
0.00063341
0.00059016
0.00034363
-8.7808e-05
-0.0006337
-0.0011896
-0.0016502
-0.0019452
-0.0020618
-0.0020442
-0.0019681
-0.0019018
-0.0018718
-0.00185
-0.0017691
-0.0015604
-0.0011951
-0.00071032
-0.00020576
0.00018943
0.00036617
0.00028091
-2.3025e-05
-0.00042843
-0.00078802
-0.00098254
-0.00096956
-0.00080183
-0.0006054
-0.00052404
-0.00065237
-0.0009865
-0.0014149
-0.0017564
-0.001831
-0.0015372
-0.00090318
-9.229e-05
0.00064257
0.0010397
0.00091651
0.00023291
-0.00089101
-0.0022097
-0.0034267
-0.0042837
-0.0046346
-0.0044806
-0.0039563
-0.0032745
-0.0026492
-0.0022256
-0.0020399
-0.0020216
-0.002034
-0.0019353
-0.001635
-0.0011264
-0.00048534
0.00015996
0.00067333
0.0009519
0.00095154
0.00069168
0.00024233
-0.00029983
-0.00083884
-0.0013032
-0.0016603
-0.0019171
-0.002107
-0.0022682
-0.0024207
-0.0025524
-0.0026205
-0.0025662
-0.0023399
-0.0019254
-0.001356
-0.00071512
-0.00011869
0.00031553
0.00050373
0.00042376
0.00012383
-0.00029248
-0.00070068
-0.00099568
-0.0011217
-0.0010798
-0.00091238
-0.00067515
-0.00041181
-0.00014449
0.0001182
0.00036358
0.00056125
0.00066403
0.00062509
0.00042239
7.6006e-05
-0.00035289
-0.00078264
-0.0011413
-0.0013911
-0.0015339
-0.0015973
-0.0016069
-0.0015619
-0.0014259
-0.0011397
-0.00065305
3.7853e-05
0.00086165
0.0016662
0.0022429
0.0023769
0.0019123
0.00081131
-0.00081072
-0.0026897
-0.0044611
-0.0057422
-0.0062295
-0.0057837
-0.0044766
-0.0025832
-0.00051657
0.0012782
0.0024424
0.0027977
0.0023879
0.0014534
0.00035131
-0.00055467
-0.00099569
-0.00086239
-0.00021772
0.0007385
0.0017368
0.0025154
0.002887
0.002781
0.0022544
0.0014703
0.00065213
2.2816e-05
-0.00025717
-0.00013734
0.00030317
0.00087298
0.0013224
0.0014218
0.0010425
0.00021096
-0.00088371
-0.0019393
-0.0026334
-0.0027313
-0.0021705
-0.0010922
0.00019729
0.001322
0.001959
0.0019455
0.0013334
0.00037225
-0.00057573
-0.0011584
-0.0011546
-0.00055208
0.00044574
0.0014869
0.0021916
0.0022857
0.0017007
0.00060436
-0.00065147
-0.0016499
-0.0020545
-0.0017299
-0.00079278
0.00042617
0.0014997
0.0020575
0.0019201
0.0011632
8.7167e-05
-0.00089522
-0.0014124
-0.0012686
-0.00051153
0.00059232
0.0016589
0.0023246
0.0023673
0.0017692
0.00070447
-0.00053397
-0.0016379
-0.0023765
-0.0026488
-0.0024853
-0.0020062
-0.0013615
-0.00067941
-4.534e-05
0.00048458
0.00084769
0.00094003
0.0006046
-0.00034766
-0.0020928
-0.0047456
-0.0083305
-0.012779
-0.017948
-0.023628
-0.029537
-0.035278
-0.040304
-0.043911
-0.045317
-0.043826
-0.039067
-0.031204
-0.021057
-0.010017
0.00025777
0.0082986
0.013309
0.015483
0.016003
0.01666
0.019155
0.024326
0.031623
0.039183
0.044646
0.046561
0.04584
0.046511
0.055157
0.078838
0.12202
0.18361
0.2554
0.32298
0.36914
0.37897
0.34482
0.26936
0.1654
0.052477
-0.048616
-0.12144
-0.15775
-0.15844
-0.13168
-0.089173
-0.042325
0.00044726
0.034415
0.057494
0.068411
0.065289
0.045559
0.0073436
-0.048389
-0.1161
-0.1855
-0.24339
-0.27704
-0.27791
-0.24422
-0.18138
-0.10014
-0.013317
0.067546
0.13445
0.18339
0.21337
0.22457
0.21695
0.18976
0.14236
0.075584
-0.0068643
-0.097977
-0.18826
-0.26763
-0.32767
-0.36329
-0.37318
-0.35886
-0.32313
-0.26872
-0.19806
-0.11431
-0.022953
0.067212
0.14478
0.1984
0.22061
0.21141
0.1797
0.14155
0.11563
0.117
0.1517
0.21388
0.28683
0.34762
0.37388
0.3506
0.27458
0.15535
0.012027
-0.13238
-0.25752
-0.35069
-0.40906
-0.43843
-0.44961
-0.45357
-0.45718
-0.46086
-0.45869
-0.44079
-0.39716
-0.32165
-0.2148
-0.084752
0.05405
0.18401
0.28843
0.35533
0.37985
0.36469
0.31864
0.25389
0.18324
0.11799
0.066847
0.03558
0.026786
0.039488
0.068648
0.10516
0.1369
0.15108
0.13745
0.091521
0.016723
-0.07536
-0.16709
-0.23888
-0.2743
-0.26472
-0.21191
-0.12749
-0.029296
0.064311
0.14002
0.19296
0.22668
0.24968
0.27028
0.29179
0.31032
0.3158
0.29604
0.24182
0.15126
0.031664
-0.10174
-0.22944
-0.33247
-0.39672
-0.41555
-0.39018
-0.3282
-0.24091
-0.14072
-0.039197
0.053832
0.13056
0.1853
0.21492
0.21955
0.20324
0.17398
0.1425
0.12018
0.11619
0.13504
0.17504
0.22831
0.28235
0.3228
0.33673
0.31545
0.25607
0.16148
0.038995
-0.10158
-0.24938
-0.39278
-0.51894
-0.61358
-0.66203
-0.65229
-0.57918
-0.44805
-0.27589
-0.088899
0.083442
0.21579
0.29331
0.31473
0.2909
0.23978
0.1799
0.12483
0.080717
0.047205
0.020681
-0.0020463
-0.021574
-0.036062
-0.043297
-0.043248
-0.039556
-0.038951
-0.048663
-0.072869
-0.10977
-0.15072
-0.18214
-0.18965
-0.16305
-0.10014
-0.0078371
0.099956
0.20669
0.29802
0.36507
0.40504
0.41931
0.41036
0.37931
0.32525
0.24673
0.14432
0.022901
-0.10761
-0.23362
-0.34073
-0.41686
-0.4547
-0.45259
-0.41395
-0.34584
-0.25734
-0.15827
-0.058375
0.033248
0.1088
0.16268
0.19243
0.19943
0.18899
0.16945
0.15074
0.14236
0.15157
0.18167
0.23097
0.29229
0.35363
0.40001
0.41677
0.39363
0.32831
0.22835
0.10972
-0.0076891
-0.10639
-0.1773
-0.22265
-0.25467
-0.28989
-0.34136
-0.41172
-0.4901
-0.55446
-0.57876
-0.54245
-0.43864
-0.27784
-0.085871
0.10325
0.25687
0.35239
0.38225
0.35418
0.287
0.2039
0.12546
0.064714
0.025238
0.0024924
-0.012491
-0.028643
-0.05119
-0.079952
-0.10995
-0.13388
-0.14527
-0.14129
-0.12407
-0.10041
-0.07997
-0.072616
-0.085505
-0.12065
-0.17352
-0.2331
-0.28375
-0.30862
-0.29405
-0.23357
-0.13039
0.0026596
0.1459
0.27724
0.37713
0.43241
0.43817
0.39753
0.31972
0.21736
0.10367
-0.0097814
-0.11442
-0.20505
-0.27931
-0.33656
-0.37646
-0.39778
-0.39815
-0.37474
-0.32594
-0.25344
-0.16359
-0.067344
0.021655
0.090403
0.13026
0.13969
0.12504
0.098762
0.075837
0.069337
0.086622
0.12726
0.18316
0.24084
0.28494
0.30236
0.2856
0.23485
0.15784
0.067488
-0.022067
-0.099894
-0.16151
-0.20964
-0.25192
-0.29654
-0.34731
-0.40045
-0.44463
-0.46438
-0.44567
-0.38146
-0.27493
-0.13922
0.0061563
0.1407
0.24808
0.31923
0.35289
0.35362
0.32882
0.2858
0.23019
0.1658
0.095762
0.023901
-0.044327
-0.10207
-0.14253
-0.16123
-0.15811
-0.13868
-0.11334
-0.094853
-0.094479
-0.118
-0.16295
-0.21816
-0.26622
-0.28821
-0.26947
-0.20445
-0.098836
0.031762
0.1664
0.28486
0.37298
0.42553
0.44563
0.44144
0.42172
0.3921
0.35358
0.30342
0.23772
0.15446
0.055479
-0.053163
-0.16245
-0.2625
-0.34461
-0.40248
-0.43242
-0.43298
-0.40444
-0.34889
-0.27078
-0.17757
-0.079733
0.010621
0.082354
0.12861
0.14954
0.15315
0.15344
0.16613
0.20294
0.26647
0.34774
0.42747
0.48144
0.48819
0.43661
0.33046
0.18791
0.035834
-0.099087
-0.1992
-0.26119
-0.29571
-0.32151
-0.35632
-0.40834
-0.4716
-0.5273
-0.55055
-0.51986
-0.42584
-0.2756
-0.091725
0.094038
0.24958
0.35095
0.38777
0.36433
0.29643
0.20556
0.1125
0.032327
-0.027852
-0.068218
-0.093424
-0.10906
-0.11892
-0.12408
-0.12383
-0.11779
-0.10805
-0.099984
-0.10134
-0.11944
-0.15766
-0.21237
-0.272
-0.31902
-0.33458
-0.30454
-0.22456
-0.10239
0.043851
0.19079
0.31651
0.40618
0.45486
0.46654
0.45046
0.41639
0.37107
0.31689
0.25292
0.1773
0.089745
-0.0070826
-0.10758
-0.20439
-0.29001
-0.35807
-0.40397
-0.42481
-0.41906
-0.3865
-0.32863
-0.24933
-0.15558
-0.057231
0.034182
0.10778
0.15616
0.17775
0.1779
0.16786
0.1618
0.17244
0.20654
0.26182
0.32657
0.38259
0.4107
0.39715
0.33862
0.24346
0.1287
0.013613
-0.087379
-0.16942
-0.23733
-0.30106
-0.36843
-0.43871
-0.50023
-0.53346
-0.51863
-0.44465
-0.31535
-0.15013
0.021254
0.16769
0.26587
0.30608
0.29308
0.24223
0.17311
0.10317
0.04366
-0.0014909
-0.033989
-0.058157
-0.077961
-0.09522
-0.10937
-0.11847
-0.12087
-0.11658
-0.10817
-0.10063
-0.10033
-0.11322
-0.14262
-0.18713
-0.23955
-0.28739
-0.31528
-0.30897
-0.25959
-0.16692
-0.040272
0.10331
0.24303
0.35906
0.43664
0.46837
0.45438
0.40085
0.3176
0.2155
0.10445
-0.0077094
-0.11529
-0.21406
-0.30017
-0.36928
-0.41638
-0.43646
-0.42584
-0.38382
-0.31372
-0.22315
-0.12287
-0.024749
0.060716
0.12652
0.17017
0.19342
0.20091
0.19839
0.19125
0.18396
0.18021
0.18352
0.19732
0.22416
0.26403
0.31268
0.36083
0.3953
0.40198
0.36978
0.29406
0.17824
0.03307
-0.12594
-0.28163
-0.41769
-0.52016
-0.57823
-0.58507
-0.53896
-0.44451
-0.3131
-0.16175
-0.010243
0.12282
0.22388
0.28687
0.31339
0.31084
0.2891
0.2572
0.221
0.18257
0.14131
0.095963
0.046748
-0.0034646
-0.049339
-0.084616
-0.10443
-0.10752
-0.097466
-0.082445
-0.073311
-0.080571
-0.11102
-0.16502
-0.2354
-0.3083
-0.36608
-0.39155
-0.37233
-0.3044
-0.19355
-0.054553
0.091964
0.22401
0.32284
0.3765
0.3813
0.34116
0.26517
0.16457
0.050117
-0.069196
-0.18587
-0.2927
-0.38161
-0.44367
-0.47055
-0.45719
-0.40428
-0.31932
-0.21557
-0.10882
-0.013294
0.061888
0.11428
0.1472
0.16702
0.17974
0.18868
0.19399
0.19409
0.18811
0.17808
0.16966
0.17101
0.19006
0.23119
0.29248
0.36463
0.43213
0.47653
0.48107
0.43529
0.33835
0.19972
0.037289
-0.12675
-0.27076
-0.37776
-0.43792
-0.44889
-0.41471
-0.34378
-0.24685
-0.13539
-0.020417
0.088145
0.18181
0.25385
0.29954
0.31653
0.30503
0.26774
0.20938
0.13599
0.054173
-0.029348
-0.10785
-0.1746
-0.22311
-0.24813
-0.24722
-0.22256
-0.1819
-0.138
-0.10595
-0.099048
-0.12423
-0.17887
-0.25026
-0.31838
-0.36127
-0.36152
-0.31156
-0.21588
-0.08953
0.046753
0.17268
0.27373
0.34377
0.38434
0.40143
0.40137
0.38762
0.35972
0.31438
0.24801
0.15933
0.05115
-0.069252
-0.19104
-0.30156
-0.38842
-0.44163
-0.45534
-0.42897
-0.3674
-0.28018
-0.17962
-0.078441
0.012595
0.086321
0.13958
0.17253
0.18726
0.18666
0.17409
0.15383
0.13182
0.1158
0.11397
0.1325
0.17258
0.22847
0.28766
0.33372
0.35093
0.32909
0.26684
0.17188
0.058309
-0.057909
-0.16352
-0.25071
-0.31725
-0.36438
-0.39375
-0.40515
-0.39598
-0.3626
-0.3028
-0.21796
-0.11403
-0.00078083
0.11007
0.20721
0.28173
0.32816
0.3447
0.33267
0.29567
0.2386
0.16695
0.086427
0.0029278
-0.077277
-0.14748
-0.201
-0.23237
-0.23906
-0.22316
-0.19217
-0.15811
-0.13474
-0.13348
-0.15919
-0.20752
-0.26493
-0.31194
-0.32867
-0.30101
-0.22517
-0.10914
0.029633
0.16924
0.28932
0.3759
0.42359
0.43492
0.41756
0.38077
0.33238
0.27711
0.21631
0.14883
0.072526
-0.013922
-0.10928
-0.20849
-0.30243
-0.37894
-0.42535
-0.43186
-0.39472
-0.31813
-0.21397
-0.099273
0.0078361
0.092416
0.14587
0.16712
0.16167
0.13939
0.11183
0.089982
0.082669
0.095385
0.12935
0.18081
0.24107
0.29771
0.3371
0.34792
0.32437
0.26807
0.18759
0.095745
0.0055302
-0.073728
-0.13848
-0.19049
-0.23415
-0.27278
-0.30581
-0.32795
-0.3309
-0.30665
-0.25096
-0.16548
-0.057924
0.059652
0.17355
0.2711
0.34253
0.38191
0.38716
0.3596
0.30326
0.2242
0.12991
0.028916
-0.06967
-0.15663
-0.22355
-0.2641
-0.27578
-0.26135
-0.22941
-0.19333
-0.16825
-0.1667
-0.19412
-0.24593
-0.30754
-0.35795
-0.37595
-0.34689
-0.26762
-0.14767
-0.0061448
0.13438
0.25457
0.3432
0.39844
0.42566
0.43308
0.42741
0.41126
0.3832
0.33971
0.278
0.19795
0.10278
-0.0017363
-0.10843
-0.20979
-0.29832
-0.36678
-0.40862
-0.41904
-0.39653
-0.34404
-0.26917
-0.18293
-0.097194
-0.021833
0.037417
0.0795
0.10682
0.12299
0.13063
0.13048
0.122
0.10513
0.082112
0.058248
0.041039
0.037898
0.053361
0.086923
0.13245
0.1795
0.21607
0.23206
0.22209
0.18696
0.13321
0.070934
0.0108
-0.038898
-0.074009
-0.09466
-0.10389
-0.10552
-0.10208
-0.093795
-0.078648
-0.053601
-0.016219
0.033814
0.093799
0.15799
0.2184
0.26635
0.29423
0.29715
0.2739
0.22692
0.16146
0.0842
0.0018856
-0.079387
-0.15434
-0.21828
-0.26697
-0.29709
-0.30719
-0.29907
-0.27865
-0.25568
-0.24195
-0.24799
-0.27925
-0.33289
-0.39676
-0.45126
-0.47405
-0.44659
-0.36034
-0.2206
-0.046287
0.1348
0.29381
0.40922
0.47275
0.49063
0.47968
0.45985
0.44618
0.44319
0.4439
0.43335
0.39522
0.31858
0.20242
0.056579
-0.10088
-0.24839
-0.36606
-0.43974
-0.46326
-0.43856
-0.37428
-0.28339
-0.18056
-0.079808
0.0072421
0.072401
0.11134
0.12368
0.11282
0.085663
0.051798
0.022014
0.0060276
0.0099029
0.033974
0.072205
0.11351
0.14489
0.15538
0.13952
0.099099
0.042485
-0.018173
-0.070744
-0.10656
-0.12224
-0.11952
-0.10326
-0.078785
-0.049628
-0.016543
0.021916
0.067586
0.12046
0.177
0.22973
0.26858
0.28346
0.26737
0.2187
0.14203
0.047059
-0.053804
-0.1482
-0.22618
-0.28148
-0.31198
-0.31937
-0.30858
-0.28712
-0.26413
-0.24905
-0.24976
-0.27053
-0.31025
-0.36171
-0.41246
-0.44728
-0.45183
-0.4166
-0.33975
-0.22803
-0.095172
0.04182
0.16734
0.27108
0.34966
0.40546
0.44313
0.46549
0.47087
0.45305
0.40402
0.31818
0.19629
0.047385
-0.11207
-0.26149
-0.38074
-0.45467
-0.47614
-0.44711
-0.37748
-0.28252
-0.17938
-0.083836
-0.0076896
0.042561
0.065887
0.065927
0.049633
0.02574
0.0032613
-0.0099678
-0.0086329
0.0089552
0.040291
0.078954
0.11591
0.14165
0.14881
0.13426
0.10023
0.053767
0.0046383
-0.037531
-0.065996
-0.078398
-0.076562
-0.064782
-0.047431
-0.026957
-0.0031057
0.026396
0.064065
0.11061
0.1635
0.21673
0.26188
0.29018
0.29462
0.27162
0.22161
0.14864
0.059441
-0.037679
-0.13372
-0.21976
-0.28788
-0.33232
-0.35086
-0.34599
-0.32524
-0.3001
-0.28348
-0.28608
-0.31266
-0.35954
-0.4144
-0.45874
-0.4727
-0.44091
-0.35732
-0.22761
-0.067939
0.099532
0.25276
0.37535
0.45944
0.50507
0.51695
0.50029
0.45801
0.39035
0.29691
0.17978
0.045926
-0.09234
-0.21941
-0.32006
-0.38339
-0.40555
-0.3902
-0.34674
-0.28703
-0.22211
-0.15985
-0.10444
-0.057259
-0.018623
0.01075
0.029324
0.035534
0.029337
0.013599
-0.0055852
-0.020056
-0.022011
-0.0068399
0.024753
0.066245
0.10681
0.13447
0.13993
0.11971
0.077423
0.02274
-0.031691
-0.074132
-0.097003
-0.098326
-0.080997
-0.050453
-0.011937
0.031388
0.078735
0.13043
0.18583
0.2416
0.29111
0.32552
0.33601
0.31642
0.26522
0.18621
0.087675
-0.01943
-0.12366
-0.21492
-0.28571
-0.33174
-0.35216
-0.34961
-0.33015
-0.30263
-0.27757
-0.2651
-0.27257
-0.30209
-0.34923
-0.40315
-0.44878
-0.4704
-0.45579
-0.39975
-0.30561
-0.18433
-0.051139
0.078908
0.19489
0.29188
0.37
0.43118
0.4754
0.4984
0.49216
0.4481
0.36174
0.23635
0.08425
-0.075193
-0.22004
-0.33106
-0.39618
-0.41256
-0.38615
-0.32912
-0.25629
-0.18169
-0.11608
-0.065757
-0.032616
-0.015049
-0.0092533
-0.010462
-0.013813
-0.014832
-0.0097436
0.00407
0.02735
0.058184
0.091645
0.12036
0.13621
0.13271
0.10749
0.063549
0.0088922
-0.045763
-0.090322
-0.11848
-0.12939
-0.12712
-0.11806
-0.10759
-0.097217
-0.083802
-0.060977
-0.022383
0.034746
0.10715
0.18531
0.25559
0.30402
0.32028
0.30056
0.24828
0.17274
0.086082
7.4939e-05
-0.076376
-0.13818
-0.18355
-0.21278
-0.22705
-0.22802
-0.21837
-0.20258
-0.18746
-0.18144
-0.19268
-0.22622
-0.28132
-0.34996
-0.41755
-0.46595
-0.47804
-0.44247
-0.35707
-0.22947
-0.075063
0.087077
0.23853
0.36459
0.45537
0.50514
0.51126
0.4737
0.39563
0.28453
0.15254
0.01528
-0.11093
-0.21258
-0.28179
-0.31719
-0.32285
-0.30567
-0.27261
-0.22896
-0.17815
-0.12294
-0.066929
-0.015544
0.024405
0.04637
0.046287
0.024397
-0.014161
-0.060222
-0.10263
-0.13078
-0.13692
-0.11788
-0.07594
-0.018667
0.042278
0.093593
0.12369
0.12618
0.1022
0.060483
0.014687
-0.02115
-0.037413
-0.031913
-0.0098899
0.01893
0.044886
0.06256
0.072903
0.082545
0.10075
0.13525
0.18864
0.25643
0.32756
0.38706
0.42008
0.41616
0.37223
0.29369
0.193
0.086446
-0.010026
-0.084638
-0.13216
-0.15441
-0.15901
-0.15706
-0.16037
-0.17888
-0.2185
-0.27939
-0.35496
-0.43199
-0.49249
-0.51732
-0.49133
-0.40855
-0.27566
-0.11196
0.054811
0.1961
0.29131
0.33445
0.33611
0.31951
0.31168
0.33302
0.389
0.46732
0.54181
0.58163
0.56231
0.47462
0.32803
0.14768
-0.033713
-0.18578
-0.28871
-0.33712
-0.33863
-0.30855
-0.26302
-0.21348
-0.1645
-0.11515
-0.062895
-0.0076537
0.045902
0.08902
0.11214
0.10928
0.081423
0.037486
-0.0078978
-0.038875
-0.043616
-0.018428
0.0307
0.089646
0.14032
0.16609
0.15683
0.11175
0.039303
-0.045878
-0.12786
-0.19421
-0.23903
-0.26329
-0.27244
-0.27273
-0.26768
-0.25622
-0.23314
-0.19154
-0.12632
-0.037196
0.069813
0.18305
0.28781
0.37004
0.41981
0.43352
0.41407
0.36913
0.30827
0.24012
0.17063
0.10283
0.037905
-0.023157
-0.078365
-0.12456
-0.1584
-0.17797
-0.18431
-0.18185
-0.17774
-0.17978
-0.19386
-0.22157
-0.25897
-0.29695
-0.32333
-0.32619
-0.29738
-0.23511
-0.14456
-0.036291
0.07694
0.18378
0.27672
0.35258
0.41098
0.45188
0.47357
0.47226
0.44342
0.38433
0.29636
0.18598
0.063982
-0.056901
-0.16486
-0.25141
-0.31247
-0.34794
-0.36024
-0.35244
-0.32701
-0.28565
-0.2302
-0.16396
-0.092718
-0.024588
0.0315
0.06813
0.081668
0.073483
0.0496
0.018972
-0.0089121
-0.026191
-0.027965
-0.012727
0.017821
0.05921
0.10479
0.14658
0.17654
0.1882
0.17816
0.14694
0.098772
0.040477
-0.020179
-0.075844
-0.12029
-0.14843
-0.15614
-0.14023
-0.099056
-0.033471
0.052161
0.14953
0.24696
0.33111
0.3895
0.41339
0.39983
0.35248
0.28055
0.19617
0.11112
0.033903
-0.03169
-0.086156
-0.13231
-0.17277
-0.20818
-0.23692
-0.2565
-0.26582
-0.26704
-0.2659
-0.27006
-0.28588
-0.31493
-0.35184
-0.38469
-0.39804
-0.37777
-0.31608
-0.21446
-0.083679
0.05949
0.19741
0.31642
0.40938
0.4751
0.51533
0.53119
0.52121
0.48196
0.41096
0.31009
0.18756
0.057032
-0.065706
-0.16724
-0.24007
-0.28378
-0.30331
-0.30553
-0.29561
-0.27509
-0.24238
-0.19532
-0.13439
-0.064753
0.0039099
0.059965
0.09362
0.10034
0.082433
0.048257
0.0094669
-0.02239
-0.03871
-0.035308
-0.012536
0.025432
0.071571
0.11698
0.15205
0.16796
0.15867
0.12263
0.063749
-0.0093258
-0.085285
-0.15306
-0.20435
-0.23481
-0.24373
-0.23259
-0.20349
-0.15817
-0.098033
-0.02501
0.057484
0.14394
0.22699
0.29842
0.3507
0.37858
0.38016
0.35721
0.3145
0.25851
0.19578
0.13161
0.069535
0.011483
-0.041327
-0.087528
-0.12523
-0.15239
-0.16785
-0.17242
-0.16952
-0.1649
-0.16535
-0.17682
-0.20249
-0.24131
-0.28761
-0.3318
-0.36224
-0.36767
-0.33983
-0.27549
-0.17735
-0.053746
0.082745
0.21733
0.3351
0.42294
0.47109
0.47451
0.43364
0.35461
0.24828
0.12821
0.0080399
-0.1012
-0.1927
-0.26413
-0.31639
-0.35154
-0.37073
-0.37311
-0.35624
-0.3179
-0.25842
-0.18259
-0.09992
-0.022852
0.036468
0.069802
0.075309
0.057938
0.027592
-0.0041388
-0.027337
-0.035992
-0.028535
-0.0069399
0.02478
0.061802
0.099051
0.13123
0.1529
0.15901
0.14596
0.11281
0.062001
-0.00084541
-0.067883
-0.13049
-0.18061
-0.2116
-0.2186
-0.19862
-0.15075
-0.076627
0.018872
0.12719
0.23641
0.33275
0.40307
0.43774
0.43303
0.39196
0.32344
0.23967
0.15296
0.072832
0.004527
-0.050927
-0.09525
-0.13093
-0.15966
-0.18181
-0.1971
-0.2059
-0.21033
-0.21458
-0.22392
-0.24294
-0.27346
-0.31311
-0.35513
-0.38952
-0.40526
-0.39288
-0.34668
-0.26596
-0.15491
-0.021664
0.12319
0.26789
0.40023
0.50799
0.57954
0.60533
0.58014
0.50541
0.39053
0.25182
0.10913
-0.019101
-0.12055
-0.19147
-0.23596
-0.26236
-0.27838
-0.28717
-0.28613
-0.26888
-0.22957
-0.16733
-0.088764
-0.007167
0.061396
0.10358
0.11349
0.094779
0.059122
0.021972
-0.0028244
-0.0074208
0.0080519
0.036287
0.065733
0.084427
0.083494
0.059435
0.014782
-0.042881
-0.1032
-0.156
-0.19406
-0.21479
-0.22035
-0.2161
-0.20802
-0.19993
-0.19167
-0.1788
-0.15411
-0.11042
-0.043756
0.044118
0.14493
0.24521
0.32947
0.38431
0.40203
0.38262
0.33332
0.266
0.19337
0.12535
0.067019
0.018618
-0.022636
-0.059941
-0.094832
-0.12656
-0.15308
-0.17308
-0.18762
-0.20049
-0.21683
-0.24034
-0.27058
-0.30163
-0.323
-0.32259
-0.29086
-0.22424
-0.12673
-0.0087345
0.11605
0.23462
0.33767
0.42064
0.48258
0.52387
0.54395
0.54051
0.51027
0.45113
0.36429
0.25539
0.13395
0.011401
-0.10157
-0.19724
-0.27177
-0.32469
-0.3572
-0.37035
-0.36396
-0.33691
-0.28864
-0.22125
-0.14085
-0.057496
0.016798
0.071179
0.099112
0.1003
0.080598
0.050055
0.019865
-0.00054669
-0.0053923
0.0069711
0.034596
0.072926
0.11569
0.15557
0.18493
0.1968
0.18623
0.15159
0.095364
0.023833
-0.054161
-0.12902
-0.19202
-0.23632
-0.25724
-0.25209
-0.22005
-0.16225
-0.082114
0.014342
0.1187
0.22087
0.31045
0.37839
0.41845
0.42816
0.40905
0.36593
0.30572
0.236
0.16371
0.09439
0.031867
-0.021449
-0.064167
-0.095607
-0.11585
-0.12613
-0.12931
-0.13009
-0.13459
-0.14912
-0.17841
-0.22354
-0.28056
-0.34006
-0.38865
-0.41183
-0.39799
-0.34208
-0.24765
-0.1264
0.0049434
0.1293
0.2338
0.31257
0.36663
0.40136
0.42265
0.43366
0.43332
0.41723
0.38025
0.31949
0.2363
0.13663
0.029668
-0.074544
-0.16737
-0.24301
-0.29868
-0.33376
-0.34848
-0.34298
-0.31713
-0.27141
-0.20828
-0.13336
-0.055605
0.013974
0.064768
0.089526
0.08663
0.060806
0.0219
-0.017853
-0.047076
-0.057896
-0.047235
-0.016675
0.028626
0.081287
0.13287
0.1748
0.19933
0.2007
0.17649
0.12863
0.06347
-0.0094682
-0.07976
-0.13877
-0.18173
-0.20851
-0.22283
-0.23024
-0.23558
-0.24075
-0.24351
-0.23783
-0.21562
-0.16962
-0.096353
0.0016279
0.11523
0.2303
0.3307
0.40223
0.43594
0.42997
0.3893
0.32376
0.24497
0.1635
0.086956
0.019494
-0.037428
-0.08377
-0.11975
-0.14543
-0.16105
-0.16795
-0.16932
-0.17033
-0.17725
-0.19578
-0.22891
-0.27513
-0.32767
-0.3753
-0.40459
-0.40345
-0.36467
-0.28862
-0.18383
-0.065029
0.050918
0.15005
0.22539
0.27855
0.31804
0.35477
0.39671
0.44458
0.49067
0.52111
0.52079
0.47891
0.39302
0.27005
0.12438
-0.026204
-0.16487
-0.2789
-0.36086
-0.4081
-0.4212
-0.40256
-0.35582
-0.28617
-0.20106
-0.11044
-0.025874
0.041498
0.083619
0.097664
0.086783
0.059026
0.024876
-0.0056278
-0.025093
-0.029703
-0.018969
0.0050711
0.038504
0.075796
0.10995
0.13313
0.13819
0.12073
0.080911
0.02402
-0.040878
-0.10369
-0.15635
-0.19478
-0.21877
-0.23011
-0.22985
-0.21637
-0.18527
-0.13156
-0.052947
0.047015
0.1578
0.2635
0.34682
0.39404
0.39898
0.36453
0.30113
0.22295
0.14344
0.071844
0.011851
-0.03743
-0.079138
-0.11625
-0.15024
-0.18126
-0.20928
-0.23524
-0.26113
-0.28887
-0.31824
-0.34531
-0.36232
-0.35963
-0.32911
-0.26768
-0.17931
-0.074332
0.033844
0.13341
0.21819
0.28925
0.35307
0.41726
0.48536
0.55346
0.60999
0.63906
0.62619
0.56379
0.45457
0.31133
0.15339
0.0012922
-0.12844
-0.22654
-0.29149
-0.3275
-0.34115
-0.33819
-0.3217
-0.29227
-0.24968
-0.19516
-0.13293
-0.070197
-0.015574
0.023566
0.043592
0.046034
0.037344
0.027011
0.024597
0.036571
0.063895
0.10118
0.13782
0.16098
0.15944
0.12721
0.065466
-0.017736
-0.10994
-0.1978
-0.2705
-0.32172
-0.35008
-0.35784
-0.34904
-0.32737
-0.29492
-0.25179
-0.19673
-0.12844
-0.047034
0.044777
0.14137
0.23472
0.31564
0.37536
0.40703
0.40681
0.3744
0.31326
0.23033
0.13543
0.040103
-0.044162
-0.10816
-0.14711
-0.1621
-0.16
-0.15174
-0.14933
-0.16219
-0.19419
-0.24208
-0.29595
-0.34166
-0.36458
-0.35373
-0.30508
-0.22282
-0.11817
-0.0059255
0.10007
0.19094
0.26457
0.32463
0.37715
0.4263
0.47124
0.5054
0.51858
0.50086
0.44667
0.35727
0.24088
0.11033
-0.020376
-0.13951
-0.23955
-0.31734
-0.37269
-0.40632
-0.41811
-0.4067
-0.37052
-0.30978
-0.22869
-0.13643
-0.046316
0.02704
0.071705
0.082218
0.061755
0.02176
-0.021018
-0.04923
-0.049966
-0.01861
0.039626
0.11097
0.17686
0.21919
0.22549
0.19247
0.1267
0.042175
-0.044338
-0.11844
-0.17194
-0.204
-0.21949
-0.22552
-0.22751
-0.22656
-0.21888
-0.19744
-0.15499
-0.087406
0.003909
0.11128
0.22196
0.32077
0.3935
0.43005
0.42639
0.38522
0.31482
0.22696
0.13422
0.047526
-0.025481
-0.081117
-0.11942
-0.14333
-0.15774
-0.16848
-0.18135
-0.20106
-0.23005
-0.26731
-0.30773
-0.34255
-0.361
-0.35315
-0.31312
-0.24151
-0.14585
-0.038816
0.065663
0.15675
0.22989
0.28743
0.33623
0.38336
0.43161
0.47704
0.50937
0.51543
0.48395
0.4099
0.29672
0.15571
0.003145
-0.14359
-0.26958
-0.36457
-0.42356
-0.44621
-0.43569
-0.39752
-0.33889
-0.26812
-0.19407
-0.12533
-0.068953
-0.029265
-0.0070479
0.00056897
-0.00060268
-0.0031329
0.00036458
0.015509
0.044622
0.085695
0.13223
0.1743
0.20078
0.20242
0.17469
0.11945
0.044684
-0.037644
-0.11488
-0.177
-0.21871
-0.23994
-0.24464
-0.23842
-0.22612
-0.20983
-0.18823
-0.15716
-0.1115
-0.047471
0.035073
0.13136
0.23177
0.32343
0.3929
0.42922
0.42645
0.38506
0.31174
0.21775
0.1165
0.020897
-0.058905
-0.11697
-0.15219
-0.1681
-0.17195
-0.17306
-0.18073
-0.20181
-0.23857
-0.28747
-0.33926
-0.38085
-0.39855
-0.38181
-0.32663
-0.23704
-0.12428
-0.0035875
0.11044
0.20808
0.28676
0.35038
0.40584
0.45826
0.50689
0.54369
0.55523
0.52748
0.45169
0.32903
0.1721
0.0027477
-0.15326
-0.27269
-0.34036
-0.35198
-0.31381
-0.23978
-0.14728
-0.053144
0.029179
0.091037
0.12868
0.14263
0.13662
0.1164
0.088452
0.058793
0.032102
0.011365
-0.001895
-0.0070361
-0.0037951
0.0077611
0.026762
0.050839
0.075722
0.095575
0.10414
0.096424
0.070275
0.027454
-0.026254
-0.081855
-0.12873
-0.15666
-0.15791
-0.12889
-0.070933
0.0098031
0.10349
0.19826
0.28212
0.34464
0.37831
0.37943
0.34841
0.28944
0.20974
0.1183
0.024557
-0.062853
-0.13707
-0.19347
-0.22983
-0.24616
-0.24458
-0.22933
-0.20682
-0.18537
-0.17447
-0.1831
-0.21745
-0.27835
-0.3595
-0.44716
-0.52212
-0.56374
-0.55523
-0.48846
-0.36688
-0.20512
-0.02534
0.14847
0.29637
0.40643
0.47552
0.50725
0.50818
0.48429
0.43903
0.37339
0.28749
0.18259
0.062616
-0.065301
-0.19116
-0.30315
-0.38918
-0.4388
-0.44519
-0.40702
-0.32947
-0.22397
-0.10645
0.005693
0.097041
0.15728
0.18294
0.17744
0.14944
0.11011
0.070105
0.037241
0.015421
0.0049993
0.0042177
0.010942
0.023855
0.042562
0.066597
0.093923
0.11982
0.13697
0.13705
0.11345
0.064241
-0.0060251
-0.086302
-0.16135
-0.21561
-0.23744
-0.22216
-0.17278
-0.098382
-0.010766
0.078897
0.16223
0.23394
0.29059
0.32909
0.3459
0.33763
0.30255
0.24218
0.16192
0.070226
-0.023317
-0.11009
-0.1839
-0.24123
-0.28072
-0.30231
-0.3071
-0.29779
-0.27954
-0.26032
-0.24994
-0.25766
-0.28879
-0.34157
-0.40584
-0.46425
-0.49632
-0.48429
-0.41873
-0.30203
-0.14811
0.021562
0.18446
0.32344
0.43069
0.50766
0.56129
0.59836
0.62066
0.62327
0.59661
0.53127
0.42338
0.27803
0.10949
-0.061878
-0.21469
-0.33156
-0.40248
-0.42581
-0.40694
-0.35564
-0.28328
-0.20071
-0.1172
-0.040192
0.024658
0.073377
0.10379
0.11571
0.11102
0.09336
0.067454
0.03816
0.0095344
-0.015698
-0.03609
-0.050894
-0.059298
-0.059944
-0.051086
-0.03144
-0.0014462
0.035663
0.073615
0.10409
0.11889
0.11271
0.085446
0.043042
-0.0037705
-0.042518
-0.062708
-0.058714
-0.030691
0.016658
0.07653
0.14227
0.20828
0.2694
0.31963
0.35141
0.3565
0.32836
0.26505
0.17132
0.058541
-0.057554
-0.16079
-0.23863
-0.2851
-0.30174
-0.29657
-0.28159
-0.26959
-0.27083
-0.2903
-0.3259
-0.36827
-0.40257
-0.41226
-0.38395
-0.31187
-0.20021
-0.062323
0.083388
0.21922
0.33346
0.42302
0.49226
0.54871
0.59769
0.63835
0.66297
0.65973
0.61775
0.53197
0.40594
0.25149
0.085654
-0.073658
-0.21156
-0.31838
-0.38993
-0.4262
-0.42965
-0.40378
-0.35278
-0.28177
-0.19743
-0.10816
-0.023507
0.047249
0.096795
0.1213
0.1212
0.10099
0.068172
0.031462
-0.0010125
-0.023256
-0.032246
-0.027986
-0.012876
0.0092652
0.034189
0.057918
0.077057
0.088798
0.09083
0.081392
0.059648
0.026331
-0.015622
-0.060909
-0.10254
-0.13339
-0.14805
-0.14427
-0.12319
-0.088235
-0.043292
0.0089225
0.067262
0.13111
0.19844
0.26412
0.31953
0.35411
0.35819
0.32619
0.25884
0.16355
0.05288
-0.058268
-0.15591
-0.22961
-0.27414
-0.28996
-0.28275
-0.26225
-0.24036
-0.22865
-0.23545
-0.26297
-0.30557
-0.35004
-0.37851
-0.37352
-0.32381
-0.2287
-0.099164
0.04535
0.18321
0.29779
0.3825
0.44146
0.48561
0.52594
0.56702
0.60376
0.62282
0.60792
0.54688
0.43704
0.28724
0.11565
-0.055422
-0.20543
-0.32013
-0.3934
-0.42641
-0.42482
-0.39579
-0.3458
-0.28009
-0.20339
-0.12108
-0.039898
0.032368
0.088297
0.12266
0.13393
0.12478
0.10131
0.07131
0.042131
0.01904
0.0045645
-0.0010104
0.0015871
0.011852
0.030026
0.056559
0.090715
0.12903
0.16456
0.18754
0.1878
0.15808
0.097356
0.012545
-0.08223
-0.16898
-0.2308
-0.25661
-0.24392
-0.1985
-0.13126
-0.053788
0.025452
0.10251
0.17668
0.24739
0.3112
0.36058
0.38528
0.3757
0.32687
0.24106
0.12805
0.0029065
-0.11773
-0.21939
-0.2923
-0.33238
-0.3408
-0.32308
-0.2881
-0.2473
-0.21356
-0.19937
-0.21404
-0.2605
-0.33274
-0.41513
-0.48467
-0.51629
-0.48991
-0.39727
-0.24603
-0.059061
0.13137
0.29299
0.40349
0.45724
0.46623
0.45467
0.44905
0.46747
0.5124
0.56947
0.61284
0.61495
0.55674
0.43474
0.26247
0.066159
-0.12316
-0.27825
-0.38191
-0.42936
-0.42668
-0.38651
-0.32318
-0.24883
-0.17179
-0.096914
-0.027178
0.034575
0.084792
0.11954
0.13581
0.13306
0.11423
0.085644
0.055681
0.032632
0.022426
0.027047
0.044159
0.068073
0.091712
0.10893
0.11642
0.11458
0.107
0.098642
0.093288
0.091176
0.087799
0.074646
0.041976
-0.017123
-0.10281
-0.20629
-0.31036
-0.39292
-0.43244
-0.41383
-0.33296
-0.19858
-0.031031
0.14188
0.29082
0.39134
0.42907
0.40251
0.32255
0.20894
0.084741
-0.029543
-0.12026
-0.18221
-0.21739
-0.23182
-0.23211
-0.22317
-0.20797
-0.18891
-0.16985
-0.1573
-0.15981
-0.18539
-0.23785
-0.31345
-0.39947
-0.47576
-0.51903
-0.50897
-0.43412
-0.2957
-0.10795
0.10492
0.31443
0.49382
0.6229
0.69048
0.69426
0.63927
0.5356
0.39642
0.23637
0.070252
-0.088042
-0.22655
-0.33593
-0.40987
-0.4451
-0.44142
-0.40163
-0.33156
-0.24
-0.13801
-0.037727
0.049614
0.11565
0.15636
0.17245
0.16849
0.15119
0.12752
0.10335
0.08297
0.069572
0.06594
0.074877
0.098731
0.138
0.18956
0.24539
0.2929
0.31718
0.30492
0.24894
0.15139
0.024529
-0.11178
-0.23506
-0.32614
-0.3738
-0.37668
-0.34181
-0.28064
-0.20434
-0.12035
-0.031476
0.06224
0.15995
0.25664
0.34176
0.40075
0.41914
0.38767
0.30643
0.18631
0.047136
-0.087084
-0.19412
-0.25902
-0.27747
-0.25645
-0.212
-0.16496
-0.13577
-0.13937
-0.18139
-0.25641
-0.34874
-0.43564
-0.49252
-0.49887
-0.44346
-0.32719
-0.1628
0.028589
0.22282
0.39805
0.53825
0.63408
0.68147
0.67953
0.62915
0.53326
0.39821
0.23507
0.059626
-0.10948
-0.25411
-0.3602
-0.42029
-0.4342
-0.40783
-0.35081
-0.27392
-0.18722
-0.099082
-0.016092
0.056696
0.11553
0.15797
0.18314
0.19195
0.18714
0.17298
0.15477
0.13819
0.1287
0.13092
0.14799
0.18061
0.22603
0.27716
0.32263
0.3482
0.3398
0.28744
0.18893
0.051808
-0.10729
-0.26605
-0.40161
-0.49568
-0.5382
-0.52847
-0.47366
-0.38571
-0.27774
-0.16108
-0.043855
0.068899
0.17391
0.2679
0.34612
0.40206
0.42838
0.41896
0.37142
0.28915
0.18204
0.065359
-0.043041
-0.12673
-0.17478
-0.1848
-0.16406
-0.12814
-0.097169
-0.090477
-0.12081
-0.18975
-0.28589
-0.38655
-0.46317
-0.48888
-0.4463
-0.33302
-0.16295
0.037037
0.23398
0.39706
0.50439
0.54644
0.52554
0.45244
0.34182
0.20847
0.06536
-0.07661
-0.20787
-0.31948
-0.40311
-0.45194
-0.46194
-0.43308
-0.36994
-0.28131
-0.17881
-0.074965
0.019024
0.095046
0.14905
0.18101
0.19397
0.19278
0.18281
0.16927
0.15704
0.15069
0.15449
0.17183
0.20407
0.24926
0.30111
0.34902
0.37957
0.37929
0.33821
0.25298
0.12863
-0.0218
-0.17985
-0.32556
-0.44162
-0.51649
-0.54559
-0.53058
-0.4772
-0.39285
-0.28492
-0.16041
-0.026853
0.10635
0.22716
0.32163
0.37642
0.38234
0.33768
0.24989
0.13458
0.01217
-0.096994
-0.17718
-0.22023
-0.22626
-0.20232
-0.15992
-0.11245
-0.073021
-0.052866
-0.059985
-0.097761
-0.16361
-0.24816
-0.33566
-0.40622
-0.43969
-0.42054
-0.34216
-0.20947
-0.038498
0.14676
0.31948
0.45545
0.53743
0.55719
0.5155
0.42038
0.28493
0.12523
-0.041357
-0.19754
-0.32759
-0.41909
-0.46467
-0.46337
-0.42093
-0.3485
-0.26013
-0.16946
-0.086845
-0.017759
0.037046
0.07988
0.11375
0.14029
0.1589
0.16734
0.16349
0.14759
0.12387
0.10096
0.090402
0.10373
0.14853
0.22485
0.32318
0.425
0.50638
0.54384
0.52087
0.43302
0.28971
0.11199
-0.072972
-0.23871
-0.36527
-0.4422
-0.46818
-0.44836
-0.39081
-0.304
-0.19588
-0.074497
0.050717
0.16829
0.26537
0.32991
0.3537
0.335
0.27971
0.20031
0.11265
0.031668
-0.03248
-0.076454
-0.10323
-0.1194
-0.1316
-0.14364
-0.15554
-0.16475
-0.16867
-0.16708
-0.16313
-0.16222
-0.16937
-0.1861
-0.20845
-0.22706
-0.22956
-0.20447
-0.14522
-0.052706
0.064486
0.19231
0.31489
0.41815
0.49214
0.53156
0.53489
0.50308
0.43877
0.34633
0.23226
0.10544
-0.023573
-0.14404
-0.24702
-0.32685
-0.38167
-0.41256
-0.4219
-0.41161
-0.38227
-0.33362
-0.2662
-0.18337
-0.09245
-0.0041778
0.069701
0.11983
0.1423
0.14009
0.1222
0.1009
0.088117
0.092342
0.11688
0.15967
0.21425
0.27123
0.31983
0.3495
0.35158
0.3211
0.25806
0.16789
0.060308
-0.052896
-0.16064
-0.25465
-0.33021
-0.38535
-0.41922
-0.43057
-0.41725
-0.37693
-0.30872
-0.21481
-0.10141
0.02141
0.14093
0.24379
0.31828
0.3564
0.35526
0.31755
0.25097
0.16661
0.076821
-0.0069609
-0.075931
-0.12484
-0.15213
-0.15953
-0.15142
-0.13432
-0.1163
-0.10618
-0.11216
-0.13965
-0.18883
-0.2528
-0.31753
-0.36427
-0.37435
-0.33494
-0.24385
-0.11127
0.042334
0.19187
0.31464
0.39637
0.43413
0.4352
0.4128
0.38038
0.34678
0.31397
0.27778
0.23105
0.16763
0.085598
-0.01135
-0.11475
-0.21368
-0.29764
-0.35872
-0.39257
-0.39807
-0.3763
-0.32958
-0.26119
-0.17586
-0.080472
0.015679
0.10173
0.16735
0.2056
0.21547
0.20298
0.18012
0.1616
0.16024
0.18241
0.22532
0.27696
0.31945
0.3345
0.30974
0.24327
0.14497
0.033338
-0.070969
-0.15281
-0.20824
-0.24574
-0.28203
-0.33394
-0.40965
-0.50292
-0.59322
-0.65198
-0.65283
-0.58178
-0.44324
-0.2597
-0.065133
0.10502
0.22367
0.27825
0.27164
0.21848
0.13895
0.052724
-0.025203
-0.08592
-0.12592
-0.14539
-0.1465
-0.13248
-0.1074
-0.076494
-0.046371
-0.024614
-0.018504
-0.032947
-0.068165
-0.11809
-0.1704
-0.20872
-0.21675
-0.18301
-0.10483
0.010178
0.14553
0.27985
0.39195
0.46533
0.49084
0.46724
0.39978
0.29811
0.17401
0.039779
-0.092816
-0.21325
-0.31281
-0.38516
-0.42665
-0.43641
-0.41601
-0.36896
-0.30029
-0.21641
-0.12511
-0.035352
0.043475
0.10307
0.13818
0.14838
0.13887
0.11958
0.1028
0.099734
0.11716
0.15525
0.20733
0.26145
0.30361
0.32144
0.30744
0.26087
0.18761
0.097984
0.0033007
-0.087783
-0.17156
-0.24924
-0.32447
-0.39934
-0.47075
-0.5289
-0.55902
-0.54612
-0.48096
-0.36494
-0.21181
-0.045108
0.10768
0.2224
0.28425
0.29071
0.2506
0.18002
0.097046
0.017071
-0.049707
-0.098485
-0.12842
-0.14081
-0.13783
-0.12234
-0.098255
-0.071102
-0.047897
-0.036175
-0.042178
-0.068658
-0.11303
-0.16671
-0.2162
-0.24616
-0.24359
-0.20208
-0.1242
-0.021123
0.09073
0.19489
0.27975
0.34121
0.38193
0.40769
0.42262
0.4256
0.4097
0.36501
0.28369
0.16499
0.018133
-0.13855
-0.28171
-0.38906
-0.44508
-0.44461
-0.39336
-0.30543
-0.19913
-0.092494
0.00026307
0.070534
0.11541
0.13657
0.13874
0.12827
0.11223
0.097872
0.0922
0.10131
0.1294
0.17743
0.24207
0.31527
0.38501
0.43745
0.45999
0.44423
0.38788
0.29469
0.17255
0.030739
-0.12204
-0.27783
-0.42773
-0.55962
-0.65729
-0.70248
-0.67979
-0.5829
-0.41951
-0.21248
0.0039298
0.1919
0.31974
0.3702
0.34464
0.26178
0.15137
0.045077
-0.032698
-0.070845
-0.072885
-0.053417
-0.031303
-0.022229
-0.033353
-0.06173
-0.096695
-0.1249
-0.13591
-0.12624
-0.1006
-0.070138
-0.048349
-0.04612
-0.067405
-0.10695
-0.15096
-0.1807
-0.17824
-0.13245
-0.043197
0.077772
0.21
0.33031
0.41954
0.46765
0.47533
0.45189
0.41055
0.36306
0.31589
0.269
0.21752
0.15506
0.077424
-0.014886
-0.11605
-0.21627
-0.30439
-0.37074
-0.40925
-0.41815
-0.39947
-0.35751
-0.29736
-0.22388
-0.14154
-0.054955
0.030522
0.1085
0.17211
0.21529
0.23459
0.23075
0.2096
0.1816
0.16017
0.15876
0.18726
0.24852
0.33596
0.4332
0.51651
0.56017
0.54372
0.45905
0.31489
0.13628
-0.041457
-0.18308
-0.26481
-0.28265
-0.25446
-0.21427
-0.20054
-0.242
-0.34617
-0.49473
-0.64806
-0.75746
-0.78133
-0.69947
-0.5207
-0.28091
-0.032432
0.1717
0.29324
0.31879
0.26154
0.15449
0.038152
-0.052853
-0.099625
-0.10233
-0.076555
-0.044869
-0.027059
-0.032921
-0.059911
-0.095939
-0.1256
-0.13703
-0.12658
-0.099829
-0.068711
-0.046195
-0.04062
-0.051862
-0.07077
-0.082163
-0.070303
-0.024836
0.055128
0.16038
0.27461
0.37979
0.46159
0.51278
0.53345
0.52844
0.50355
0.46231
0.40494
0.32951
0.23465
0.12231
-0.00095512
-0.1246
-0.23663
-0.32677
-0.38908
-0.42285
-0.43149
-0.42004
-0.39245
-0.35003
-0.29186
-0.21686
-0.12663
-0.027506
0.069436
0.1507
0.20443
0.22467
0.21415
0.18435
0.15266
0.13738
0.15228
0.20215
0.28096
0.37292
0.45642
0.50975
0.51703
0.47295
0.38429
0.26773
0.14412
0.03106
-0.063272
-0.14227
-0.21777
-0.3025
-0.40151
-0.50643
-0.59568
-0.64111
-0.61879
-0.51937
-0.354
-0.15294
0.042571
0.19245
0.26958
0.26718
0.1996
0.096417
-0.0077021
-0.083866
-0.11701
-0.10869
-0.074115
-0.03493
-0.010578
-0.011448
-0.036125
-0.073374
-0.10768
-0.12591
-0.12245
-0.101
-0.072611
-0.050924
-0.046508
-0.062391
-0.092375
-0.1227
-0.13648
-0.11934
-0.064241
0.026122
0.14015
0.26078
0.37
0.45282
0.49939
0.50523
0.47024
0.39754
0.2929
0.16471
0.023953
-0.11646
-0.24333
-0.34544
-0.41571
-0.45213
-0.4572
-0.43608
-0.39437
-0.33667
-0.26654
-0.18771
-0.10556
-0.027752
0.03671
0.080075
0.098936
0.096437
0.082315
0.070357
0.073946
0.10129
0.15215
0.21729
0.28109
0.32633
0.33952
0.3151
0.25679
0.17586
0.086732
0.0016273
-0.073758
-0.14165
-0.20996
-0.28719
-0.3765
-0.47153
-0.55613
-0.60846
-0.60809
-0.54366
-0.41781
-0.24787
-0.061682
0.10965
0.23979
0.31319
0.32767
0.29282
0.22561
0.1447
0.065523
-0.0023823
-0.055473
-0.094307
-0.12094
-0.13689
-0.14249
-0.1375
-0.12255
-0.10043
-0.07652
-0.058211
-0.053134
-0.066821
-0.10035
-0.14878
-0.20116
-0.24238
-0.25683
-0.23278
-0.16621
-0.062549
0.064268
0.19528
0.31121
0.39687
0.44373
0.45026
0.42039
0.36101
0.27973
0.18359
0.078817
-0.02888
-0.13379
-0.23007
-0.31189
-0.37391
-0.41164
-0.4218
-0.40279
-0.3552
-0.28257
-0.1919
-0.093426
0.00057734
0.078063
0.12997
0.15256
0.14854
0.1264
0.098168
0.076395
0.071187
0.088247
0.12816
0.18676
0.25613
0.32581
0.38431
0.4207
0.4266
0.39795
0.33599
0.24692
0.13987
0.024311
-0.092169
-0.20432
-0.30772
-0.39635
-0.46084
-0.48913
-0.46984
-0.3972
-0.2755
-0.12054
0.042741
0.18615
0.28556
0.32719
0.31059
0.24753
0.15747
0.061407
-0.023715
-0.088219
-0.12996
-0.15218
-0.16034
-0.1594
-0.15251
-0.14129
-0.12714
-0.11272
-0.10253
-0.10232
-0.11717
-0.14897
-0.19418
-0.24308
-0.28125
-0.29321
-0.26709
-0.19882
-0.094047
0.033217
0.16461
0.28269
0.37538
0.43787
0.47163
0.48128
0.47102
0.44226
0.39335
0.3214
0.22505
0.10709
-0.024332
-0.15621
-0.27289
-0.35913
-0.40327
-0.39969
-0.35006
-0.2632
-0.1535
-0.038356
0.065161
0.14354
0.1894
0.20276
0.19062
0.16505
0.14027
0.12933
0.1413
0.17938
0.24021
0.31446
0.38861
0.44766
0.47832
0.472
0.42662
0.34654
0.24053
0.11845
-0.011649
-0.14469
-0.27713
-0.40374
-0.51452
-0.594
-0.62417
-0.59057
-0.48919
-0.33096
-0.14153
0.044454
0.19262
0.27855
0.29428
0.24952
0.1673
0.075812
-0.00041634
-0.047179
-0.062997
-0.056971
-0.043347
-0.035169
-0.039478
-0.055733
-0.077683
-0.097485
-0.10999
-0.11517
-0.11765
-0.12365
-0.13681
-0.15499
-0.16965
-0.16831
-0.1392
-0.076185
0.018065
0.1322
0.24951
0.35303
0.43033
0.47616
0.492
0.48342
0.45645
0.41496
0.35976
0.2897
0.20374
0.10306
-0.0078862
-0.12158
-0.22873
-0.32012
-0.38831
-0.42875
-0.44001
-0.42337
-0.38206
-0.32061
-0.2445
-0.16018
-0.074889
0.0037256
0.068742
0.11533
0.14199
0.15108
0.14834
0.14153
0.1388
0.14705
0.1709
0.21201
0.26858
0.33504
0.40211
0.45763
0.48861
0.48409
0.43797
0.35079
0.22942
0.08504
-0.069782
-0.22331
-0.3653
-0.48622
-0.57607
-0.62441
-0.62219
-0.5651
-0.45675
-0.31016
-0.14612
0.011096
0.13951
0.2246
0.26212
0.25781
0.2243
0.1765
0.1271
0.083604
0.047701
0.016877
-0.012613
-0.042781
-0.072247
-0.096639
-0.11086
-0.11215
-0.10238
-0.08844
-0.080137
-0.086402
-0.11121
-0.15094
-0.19432
-0.22529
-0.22791
-0.19153
-0.11448
-0.0048112
0.12212
0.24823
0.35746
0.43916
0.48879
0.50647
0.49456
0.45564
0.39189
0.30582
0.20167
0.086191
-0.031595
-0.14188
-0.23609
-0.30872
-0.35797
-0.38529
-0.39373
-0.38616
-0.36393
-0.32678
-0.27384
-0.20533
-0.12412
-0.036313
0.04945
0.12394
0.17976
0.21347
0.22662
0.22535
0.21867
0.21599
0.22462
0.24789
0.28437
0.32819
0.37049
0.4015
0.41285
0.39948
0.36034
0.29776
0.21546
0.11629
0.0011093
-0.13029
-0.27596
-0.42785
-0.5694
-0.67676
-0.72435
-0.69333
-0.57959
-0.39809
-0.18094
0.030339
0.19623
0.2901
0.30496
0.254
0.16474
0.069507
-0.0047982
-0.043874
-0.048244
-0.030203
-0.0071477
0.0058883
0.0016175
-0.018047
-0.044583
-0.067962
-0.081789
-0.086159
-0.087093
-0.092949
-0.10959
-0.13659
-0.16616
-0.18542
-0.18097
-0.14382
-0.072824
0.024712
0.13514
0.24215
0.3306
0.3893
0.41231
0.39903
0.35339
0.28262
0.19576
0.10193
0.0087759
-0.078621
-0.15798
-0.22905
-0.29211
-0.34651
-0.38967
-0.41717
-0.42381
-0.40529
-0.35994
-0.2899
-0.20141
-0.10381
-0.0077938
0.076885
0.14337
0.18889
0.21479
0.22563
0.22769
0.22744
0.23041
0.24071
0.26103
0.29271
0.33565
0.38774
0.44421
0.49717
0.53603
0.54886
0.52486
0.45701
0.34442
0.19352
0.017801
-0.16402
-0.33086
-0.46281
-0.54452
-0.56786
-0.53322
-0.44902
-0.32966
-0.19237
-0.054045
0.071323
0.17383
0.2477
0.29064
0.30296
0.287
0.24689
0.18836
0.11845
0.044931
-0.024548
-0.08345
-0.12728
-0.15432
-0.16608
-0.16724
-0.16493
-0.16717
-0.18069
-0.20853
-0.24825
-0.29154
-0.32576
-0.33706
-0.31443
-0.25312
-0.15644
-0.03523
0.094712
0.21638
0.31514
0.38127
0.41089
0.40547
0.37045
0.31347
0.24265
0.16517
0.086267
0.0088257
-0.066333
-0.13946
-0.21048
-0.27768
-0.33705
-0.38244
-0.40688
-0.40424
-0.37122
-0.30866
-0.22223
-0.12186
-0.020249
0.069392
0.13601
0.1731
0.1803
0.16376
0.13504
0.10865
0.098655
0.11515
0.16145
0.2327
0.31653
0.39557
0.45146
0.46932
0.4415
0.36934
0.2625
0.13591
0.0055641
-0.11539
-0.21875
-0.30123
-0.36252
-0.40287
-0.42135
-0.41563
-0.38322
-0.32338
-0.23869
-0.1356
-0.023729
0.085779
0.18206
0.25615
0.30202
0.31701
0.30186
0.2602
0.19788
0.12211
0.040616
-0.039048
-0.10985
-0.16555
-0.2011
-0.21343
-0.20254
-0.17267
-0.13274
-0.095472
-0.074833
-0.082143
-0.12198
-0.18933
-0.26938
-0.3405
-0.38001
-0.37086
-0.30707
-0.19582
-0.055438
0.090061
0.21771
0.31131
0.36426
0.37904
0.36403
0.32948
0.2839
0.23213
0.17517
0.1114
0.038485
-0.044654
-0.13642
-0.23188
-0.32299
-0.39973
-0.45185
-0.47096
-0.45253
-0.3973
-0.31182
-0.20764
-0.099359
-0.0018191
0.072931
0.11798
0.13266
0.12226
0.096386
0.066685
0.044431
0.038466
0.053821
0.091074
0.14639
0.21215
0.27806
0.3326
0.3648
0.36594
0.33111
0.26015
0.15802
0.034385
-0.09746
-0.22224
-0.32481
-0.3926
-0.41783
-0.39909
-0.3417
-0.25629
-0.15623
-0.054315
0.039861
0.12107
0.18782
0.2404
0.27874
0.30103
0.30395
0.28406
0.23989
0.17366
0.091761
0.0040069
-0.078218
-0.14429
-0.18653
-0.20174
-0.19198
-0.16439
-0.13007
-0.10221
-0.093303
-0.11213
-0.16088
-0.23345
-0.31566
-0.38777
-0.42908
-0.42349
-0.36423
-0.25619
-0.11489
0.037724
0.17918
0.29209
0.36757
0.40552
0.41216
0.39602
0.36428
0.3207
0.26568
0.19791
0.11673
0.023794
-0.076288
-0.17665
-0.2695
-0.34753
-0.40469
-0.43649
-0.44012
-0.41482
-0.36256
-0.28893
-0.20325
-0.11747
-0.043895
0.0079352
0.033753
0.035711
0.021541
0.0020991
-0.01179
-0.011996
0.005563
0.041033
0.091729
0.15336
0.22072
0.2876
0.34639
0.38798
0.40274
0.38247
0.3231
0.22689
0.10343
-0.031379
-0.15818
-0.25817
-0.31712
-0.32837
-0.29377
-0.22267
-0.129
-0.027607
0.069051
0.15293
0.22061
0.27195
0.30797
0.32894
0.33351
0.31905
0.28298
0.2245
0.14604
0.053868
-0.042259
-0.13062
-0.19985
-0.24165
-0.25319
-0.23855
-0.20853
-0.17868
-0.16566
-0.18271
-0.23532
-0.31839
-0.41595
-0.50403
-0.55633
-0.55124
-0.47836
-0.34218
-0.16165
0.034619
0.216
0.35781
0.44691
0.48319
0.47678
0.44234
0.39291
0.33565
0.27067
0.19321
0.09777
-0.01745
-0.14761
-0.28078
-0.4002
-0.48847
-0.53224
-0.52603
-0.47384
-0.38819
-0.2868
-0.18812
-0.10693
-0.051462
-0.022718
-0.015915
-0.023329
-0.037301
-0.052357
-0.065843
-0.077166
-0.086236
-0.091938
-0.091353
-0.080122
-0.053856
-0.010078
0.050054
0.12099
0.19342
0.2562
0.29905
0.31512
0.30255
0.26473
0.20909
0.14517
0.082642
0.029719
-0.0076678
-0.026098
-0.024512
-0.0039142
0.032893
0.081501
0.13603
0.1894
0.23383
0.26189
0.26779
0.24866
0.20529
0.14208
0.065949
-0.015072
-0.093423
-0.16306
-0.21995
-0.26202
-0.28904
-0.30251
-0.30574
-0.30377
-0.30283
-0.30898
-0.32618
-0.35418
-0.38729
-0.4148
-0.42321
-0.39996
-0.33748
-0.23607
-0.10476
0.040625
0.18137
0.30079
0.38844
0.44213
0.46705
0.47227
0.466
0.45164
0.42631
0.38253
0.31241
0.21242
0.086523
-0.053594
-0.19131
-0.30967
-0.39585
-0.44402
-0.4556
-0.4375
-0.3992
-0.34984
-0.29642
-0.24328
-0.19264
-0.14555
-0.10285
-0.065659
-0.035372
-0.013265
4.7585e-05
0.0051265
0.0040303
0.00031474
-0.0013749
0.0038302
0.019779
0.047952
0.086465
0.12991
0.17032
0.19913
0.20954
0.19851
0.16767
0.12281
0.07217
0.024351
-0.013638
-0.037466
-0.045624
-0.038792
-0.018888
0.011765
0.050767
0.095414
0.14213
0.18604
0.22109
0.24099
0.24062
0.21743
0.17217
0.10883
0.033674
-0.045968
-0.12289
-0.19087
-0.24526
-0.28339
-0.30495
-0.3123
-0.31031
-0.30571
-0.30558
-0.3153
-0.33642
-0.36534
-0.39331
-0.40831
-0.39821
-0.35443
-0.27478
-0.16453
-0.035166
0.098623
0.2228
0.32717
0.40693
0.46205
0.49497
0.50781
0.50033
0.46971
0.41208
0.32516
0.21063
0.075362
-0.069102
-0.20846
-0.32828
-0.41663
-0.46606
-0.47462
-0.44595
-0.38834
-0.31312
-0.23258
-0.15781
-0.096855
-0.053613
-0.027781
-0.015877
-0.012994
-0.014655
-0.018105
-0.022577
-0.028523
-0.036201
-0.044333
-0.049516
-0.046828
-0.03154
-0.001337
0.041902
0.091652
0.13807
0.17085
0.18255
0.17127
0.14139
0.10204
0.064018
0.036018
0.022035
0.020671
0.026592
0.033334
0.03616
0.033808
0.028594
0.025098
0.028223
0.041476
0.066009
0.10047
0.14142
0.18396
0.22237
0.25078
0.26373
0.25683
0.22734
0.17467
0.10084
0.01081
-0.087524
-0.18399
-0.26763
-0.32904
-0.36295
-0.37016
-0.35793
-0.33819
-0.32381
-0.32401
-0.34035
-0.36506
-0.3826
-0.37433
-0.32498
-0.22868
-0.092235
0.065851
0.22061
0.34835
0.43407
0.47574
0.48364
0.47515
0.46704
0.46845
0.47733
0.48163
0.46451
0.41131
0.31547
0.18138
0.023348
-0.13837
-0.28285
-0.39334
-0.4604
-0.48273
-0.4662
-0.4214
-0.36084
-0.29626
-0.23666
-0.18742
-0.15029
-0.12435
-0.10732
-0.096946
-0.091864
-0.091786
-0.096965
-0.10726
-0.12125
-0.13573
-0.14593
-0.1464
-0.13243
-0.10161
-0.055168
0.0015574
0.059799
0.1093
0.14113
0.15054
0.13886
0.11339
0.085339
0.066058
0.063185
0.078107
0.10587
0.1376
0.1644
0.18109
0.18807
0.19075
0.19681
0.21258
0.24017
0.2764
0.31384
0.34322
0.3563
0.34806
0.31763
0.26788
0.20399
0.13167
0.055733
-0.020534
-0.095002
-0.16572
-0.22996
-0.28404
-0.32415
-0.34801
-0.35667
-0.35524
-0.3522
-0.35693
-0.37639
-0.41193
-0.45769
-0.50117
-0.52611
-0.51697
-0.46356
-0.36449
-0.22851
-0.072922
0.080252
0.2097
0.30019
0.34647
0.35441
0.3389
0.3191
0.31242
0.32908
0.36903
0.42222
0.47196
0.50016
0.4927
0.44315
0.35394
0.235
0.10084
-0.032887
-0.15222
-0.24681
-0.31074
-0.34259
-0.3448
-0.32269
-0.28304
-0.23268
-0.17718
-0.12016
-0.063467
-0.0080874
0.04445
0.090976
0.1265
0.14524
0.14271
0.11785
0.074511
0.021314
-0.03009
-0.067976
-0.08374
-0.074336
-0.043195
0.00067477
0.045154
0.07835
0.091849
0.082902
0.054878
0.015839
-0.024255
-0.056702
-0.076456
-0.082956
-0.079258
-0.069989
-0.059053
-0.048
-0.035574
-0.01845
0.007246
0.044202
0.092511
0.14897
0.20722
0.25882
0.29489
0.30812
0.29445
0.254
0.19082
0.11168
0.024371
-0.063908
-0.14733
-0.22149
-0.28294
-0.32894
-0.35767
-0.36923
-0.36659
-0.35603
-0.34624
-0.34603
-0.36114
-0.3915
-0.4298
-0.46257
-0.47343
-0.44787
-0.37789
-0.26523
-0.12181
0.032694
0.17565
0.28741
0.3565
0.38269
0.3766
0.35613
0.34058
0.34439
0.37255
0.41915
0.46957
0.50528
0.50981
0.47358
0.39635
0.28664
0.15893
0.029725
-0.086088
-0.1777
-0.23941
-0.27039
-0.27366
-0.25459
-0.2194
-0.17382
-0.12232
-0.068009
-0.013247
0.039266
0.085577
0.12033
0.13776
0.1336
0.10721
0.063002
0.010193
-0.039147
-0.073366
-0.084712
-0.071788
-0.040063
-0.00019598
0.035313
0.056011
0.056613
0.038283
0.0077042
-0.025648
-0.052943
-0.06883
-0.072639
-0.067652
-0.058932
-0.050797
-0.045005
-0.040313
-0.033341
-0.020137
0.00233
0.035272
0.077877
0.12753
0.18013
0.23035
0.27198
0.29857
0.3044
0.28572
0.24169
0.17478
0.090396
-0.0040486
-0.10033
-0.19047
-0.26755
-0.32639
-0.36417
-0.38107
-0.38069
-0.36985
-0.35741
-0.35217
-0.36014
-0.38222
-0.41292
-0.44111
-0.45255
-0.43376
-0.37607
-0.27862
-0.14951
-0.0044223
0.13687
0.25539
0.33787
0.38026
0.38864
0.37702
0.36273
0.36071
0.37863
0.41448
0.45737
0.49112
0.49939
0.47049
0.40057
0.29432
0.1635
0.024031
-0.10745
-0.21661
-0.29374
-0.33487
-0.34186
-0.3212
-0.28199
-0.23342
-0.1826
-0.13334
-0.086198
-0.039991
0.0061163
0.050708
0.089406
0.11579
0.12365
0.10975
0.075835
0.029077
-0.019391
-0.057364
-0.074976
-0.06756
-0.037106
0.0081077
0.05564
0.092212
0.10735
0.096282
0.061284
0.01087
-0.04281
-0.087585
-0.11466
-0.12067
-0.10782
-0.082297
-0.051715
-0.022569
0.001482
0.020177
0.036156
0.053759
0.077512
0.11061
0.15363
0.20367
0.25429
0.29642
0.32025
0.31769
0.2847
0.22259
0.13788
0.040667
-0.057892
-0.14807
-0.2233
-0.2807
-0.32067
-0.3459
-0.36039
-0.36877
-0.37582
-0.3859
-0.40212
-0.42516
-0.45215
-0.4763
-0.48762
-0.47498
-0.42917
-0.34611
-0.22908
-0.089263
0.056053
0.18729
0.28751
0.34704
0.36627
0.35561
0.33232
0.3153
0.31914
0.34957
0.40157
0.46079
0.50775
0.5235
0.49497
0.41849
0.30075
0.15704
0.0075495
-0.12723
-0.23092
-0.29439
-0.31702
-0.30585
-0.27275
-0.23056
-0.18929
-0.15357
-0.12219
-0.089915
-0.050953
-0.0025679
0.052517
0.10611
0.14703
0.16514
0.15531
0.11966
0.067338
0.011809
-0.033129
-0.057298
-0.056801
-0.034752
-6.0019e-05
0.035249
0.059402
0.064057
0.046473
0.010081
-0.036718
-0.083181
-0.11942
-0.13909
-0.14075
-0.12744
-0.10487
-0.078965
-0.053642
-0.0296
-0.0043823
0.026352
0.066824
0.119
0.181
0.24657
0.30597
0.34802
0.36294
0.34498
0.29407
0.21578
0.11982
0.017492
-0.080872
-0.1677
-0.2388
-0.29304
-0.33136
-0.35604
-0.37015
-0.37753
-0.38261
-0.38999
-0.40334
-0.42404
-0.44986
-0.47441
-0.48799
-0.47961
-0.44005
-0.36499
-0.25724
-0.12712
0.009341
0.13422
0.23244
0.29593
0.32592
0.33233
0.33047
0.33598
0.3597
0.40397
0.46164
0.51805
0.55522
0.55703
0.51375
0.4248
0.29892
0.1522
0.0044128
-0.1252
-0.22176
-0.27732
-0.29178
-0.2719
-0.22885
-0.17483
-0.11992
-0.069969
-0.026204
0.013435
0.051724
0.089525
0.12423
0.15004
0.16013
0.14965
0.11852
0.072489
0.022194
-0.01978
-0.042687
-0.041091
-0.016829
0.021179
0.059316
0.083233
0.082227
0.052693
-0.00059296
-0.065911
-0.1284
-0.17494
-0.19826
-0.19878
-0.18346
-0.16224
-0.14364
-0.13135
-0.12314
-0.11229
-0.090754
-0.052673
0.0032209
0.072973
0.14853
0.21994
0.27772
0.31465
0.32665
0.31268
0.27407
0.21366
0.13527
0.04364
-0.055247
-0.15385
-0.24336
-0.31488
-0.36146
-0.38035
-0.3747
-0.35356
-0.32999
-0.31745
-0.32545
-0.35604
-0.40234
-0.44985
-0.4803
-0.47693
-0.42944
-0.33725
-0.20992
-0.064719
0.077944
0.19973
0.28878
0.34213
0.36552
0.37087
0.37222
0.38133
0.40408
0.43873
0.47627
0.50295
0.50409
0.4684
0.39139
0.27722
0.13831
-0.0071538
-0.13914
-0.24031
-0.29984
-0.31558
-0.29398
-0.24759
-0.19114
-0.13723
-0.092984
-0.058847
-0.02977
0.0015765
0.040838
0.088817
0.14044
0.18628
0.21612
0.22297
0.20604
0.17152
0.13084
0.097215
0.081636
0.089614
0.11961
0.16354
0.20906
0.24305
0.25514
0.2402
0.19922
0.13805
0.06487
-0.012664
-0.089325
-0.16254
-0.23107
-0.29304
-0.34457
-0.37979
-0.39261
-0.37933
-0.34089
-0.2837
-0.21831
-0.15646
-0.10766
-0.076466
-0.061698
-0.057559
-0.056149
-0.050262
-0.03541
-0.01054
0.022536
0.060439
0.099573
0.13699
0.1706
0.19883
0.22019
0.23287
0.23488
0.2244
0.20052
0.16385
0.11698
0.064297
0.011465
-0.035683
-0.072313
-0.095598
-0.10523
-0.10328
-0.093522
-0.080337
-0.06769
-0.058304
-0.053256
-0.052022
-0.052858
-0.053389
-0.051234
-0.044567
-0.032504
-0.015296
0.0056803
0.028128
0.049187
0.065914
0.075807
0.077313
0.070188
0.05563
0.03611
0.014905
-0.0045635
-0.019449
-0.028046
-0.030076
-0.026618
-0.019721
-0.011819
-0.0051282
-0.0011663
-0.00051563
-0.0028361
-0.0070824
-0.011832
-0.015632
-0.017293
-0.0161
-0.011927
-0.0052542
0.0029073
0.011191
0.018123
0.022407
0.0232
0.020321
0.014329
0.0064639
-0.0015825
-0.0080266
-0.011432
-0.011119
-0.0074177
-0.0016451
0.0042298
0.0081639
0.0086816
0.0053569
-0.0010399
-0.0087868
-0.015756
-0.020068
-0.020637
-0.017428
-0.011387
-0.0040737
0.0028271
0.0079702
0.010635
0.01078
0.0088979
0.0057559
0.0021466
-0.0012837
-0.0040978
-0.0060526
-0.0070569
-0.0071428
-0.0064545
-0.0052299
-0.0037481
-0.0022421
-0.00081291
0.00060152
0.0021701
0.0040395
0.0061957
0.0083929
0.010198
0.011133
0.010851
0.0092588
0.0065292
0.0030122
-0.00090449
-0.0049072
-0.0087886
-0.012399
-0.015564
-0.01803
-0.019494
-0.019702
-0.018564
-0.016206
-0.012898
-0.0089028
-0.0043333
0.00086043
0.0067274
0.01305
0.019141
0.023881
0.026036
0.02477
0.020109
0.013118
0.0056576
-0.00021575
-0.0029812
-0.0022201
0.001212
0.0054783
0.0084058
0.0082405
0.0042437
-0.0030682
-0.012101
-0.020693
-0.026773
-0.028947
-0.026847
-0.021152
-0.013317
-0.0051167
0.0018453
0.0065188
0.0085992
0.0085033
0.0071664
0.005731
0.0052084
0.0061947
0.0087042
0.012165
0.01558
0.017824
0.017987
0.015668
0.011112
0.0051454
-0.0010739
-0.0064017
-0.010027
-0.011658
-0.011526
-0.010226
-0.008466
-0.0068312
-0.0056264
-0.0048425
-0.0042346
-0.0034677
-0.0022712
-0.00055023
0.0015763
0.0038128
0.0057786
0.0071206
0.0076122
0.007212
0.0060687
0.0044743
0.0027797
0.0012984
0.00022662
-0.00039625
-0.00067534
-0.00080122
-0.00096654
-0.0012891
-0.00177
-0.0023014
-0.0027192
-0.0028782
-0.0027207
-0.002309
-0.0018111
-0.0014423
-0.0013858
-0.0017209
-0.0023823
-0.0031673
-0.0037867
-0.0039485
-0.003449
-0.0022439
-0.0004787
0.001537
0.0034045
0.0047408
0.0052818
0.0049514
0.0038751
0.0023345
0.00068015
-0.00076499
-0.0017771
-0.0022569
-0.0022103
-0.0017038
-0.00082489
0.00033177
0.0016506
0.0029702
0.0040734
0.004712
0.0046679
0.0038294
0.0022516
0.00016893
-0.0020513
-0.0040019
-0.0053434
-0.0058887
-0.0056334
-0.0047253
-0.0033895
-0.0018422
-0.0002305
0.0013809
0.0029754
0.0045255
0.0059413
0.0070517
0.0076317
0.007465
0.0064219
0.0045213
0.0019528
-0.00095339
-0.0038009
-0.0062229
-0.0079645
-0.0089271
-0.0091603
-0.0088126
-0.0080631
-0.0070616
-0.0058951
-0.0045874
-0.0031261
-0.0015022
0.00025141
0.0020377
0.003697
0.0050336
0.0058617
0.0060558
0.0055883
0.0045401
0.0030802
0.0014195
-0.00024246
-0.0017582
-0.0030465
-0.0040776
-0.0048393
-0.0053047
-0.0054183
-0.0051095
-0.0043284
-0.0030882
-0.001495
0.00025122
0.0018887
0.0031513
0.0038316
0.0038296
0.0031719
0.0019975
0.00051803
-0.0010316
-0.0024375
-0.0035361
-0.0042249
-0.0044618
-0.0042562
-0.0036592
-0.0027492
-0.0016149
-0.00033599
0.0010298
0.0024438
0.0038665
0.0052271
0.0064015
0.0072152
0.0074775
0.0070387
0.0058492
0.0039984
0.0017151
-0.00067319
-0.0028123
-0.0044052
-0.0052805
-0.0054246
-0.0049688
-0.0041365
-0.0031729
-0.0022813
-0.0015859
-0.0011273
-0.0008844
-0.00080503
-0.00083173
-0.00091207
-0.00099665
-0.0010345
-0.00097729
-0.00079718
-0.0005128
-0.0002084
-2.9756e-05
-0.00014716
-0.00069083
-0.0016797
-0.0029746
-0.0042856
-0.0052426
-0.0055158
-0.004943
-0.0036107
-0.0018515
-0.00014628
0.001035
0.0013965
0.00091878
-0.00013996
-0.001346
-0.0022535
-0.0025637
-0.0022206
-0.0014067
-0.00045029
0.0003132
0.0006689
0.00058907
0.00021936
-0.00020294
-0.00046037
-0.00045006
-0.00022499
3.141e-05
8.4875e-05
-0.00024798
-0.0010147
-0.0020913
-0.0032099
-0.0040437
-0.0043179
-0.0039094
-0.0028952
-0.0015335
-0.00018261
0.00081232
0.0012245
0.0010075
0.00029618
-0.00064912
-0.0015315
-0.0021081
-0.0022549
-0.0019879
-0.0014422
-0.00081672
-0.00030702
-4.3608e-05
-5.6061e-05
-0.00027245
-0.0005531
-0.0007454
-0.00073893
-0.00049996
-7.3623e-05
0.00044409
0.00094941
0.001368
0.0016704
0.001863
0.0019639
0.0019814
0.0019058
0.0017199
0.0014169
0.0010173
0.00057071
0.00014457
-0.00019733
-0.00041429
-0.00049821
-0.00047022
-0.0003674
-0.00022702
-7.5387e-05
7.4818e-05
0.00021948
0.00035469
0.00047078
0.00055264
0.00058646
0.0005699
0.00052038
0.00047651
0.00049008
0.00060965
0.00086016
0.0012254
0.0016403
0.0019979
0.0021725
0.0020551
0.0015917
0.00080935
-0.00018099
-0.0012115
-0.0021059
-0.0027313
-0.0030314
-0.0030289
-0.0027986
-0.0024278
-0.001985
-0.0015104
-0.0010272
-0.00056332
-0.00016358
0.00011564
0.0002297
0.00017244
-1.085e-05
-0.00023633
-0.00041867
-0.00051612
-0.00055963
-0.00064655
-0.00089538
-0.0013785
-0.0020638
-0.0027976
-0.0033442
-0.0034716
-0.0030511
-0.0021271
-0.0009232
0.00022128
0.00096447
0.0010812
0.00054313
-0.0004703
-0.0016356
-0.0025976
-0.0030892
-0.0030125
-0.0024544
-0.0016365
-0.00082477
-0.00023924
3.2305e-06
-0.00010288
-0.00048288
-0.0010284
-0.0016339
-0.0022115
-0.0026857
-0.0029844
-0.0030398
-0.0028038
-0.002272
-0.0015009
-0.00060736
0.00025557
0.00093788
0.0013343
0.001413
0.0012209
0.00086293
0.00046209
0.00011377
-0.00014714
-0.00035275
-0.00057811
-0.00089592
-0.0013292
-0.0018235
-0.0022527
-0.0024593
-0.0023159
-0.0017833
-0.00094175
2.1737e-05
0.00086733
0.0013807
0.0014458
0.0010848
0.0004495
-0.00023115
-0.00072828
-0.00088681
-0.00067135
-0.000171
0.00043595
0.00094323
0.0011825
0.0010726
0.000637
-1.2633e-05
-0.00071891
-0.0013314
-0.0017516
-0.0019563
-0.0019933
-0.0019525
-0.0019218
-0.0019451
-0.0019977
-0.0019913
-0.0018101
-0.0013692
-0.00067151
0.00016103
0.00090175
0.0012825
0.0010879
0.00024729
-0.0011116
-0.0026722
-0.0040049
-0.0046854
-0.0044202
-0.0031362
-0.0010085
0.0015823
