0.004655
0.0040169
0.0033657
0.0026638
0.0018644
0.00094517
-5.298e-05
-0.0010084
-0.001743
-0.0020838
-0.0019364
-0.0013336
-0.00043622
0.00051757
0.0012921
0.0017294
0.0017905
0.0015492
0.001146
0.00072359
0.00037279
0.00010762
-0.00012232
-0.00039061
-0.00074302
-0.0011591
-0.001543
-0.0017496
-0.0016351
-0.0011147
-0.00020426
0.00096964
0.0021958
0.0032322
0.0038709
0.0039942
0.0036045
0.0028201
0.001837
0.00087219
0.0001044
-0.00036631
-0.00053104
-0.00045576
-0.00024618
-8.8809e-06
0.00017786
0.00027586
0.00028203
0.00021318
9.0294e-05
-7.0356e-05
-0.00025652
-0.00045323
-0.00063679
-0.0007759
-0.00084173
-0.00082299
-0.00073736
-0.00063082
-0.00056082
-0.00056823
-0.00065045
-0.00075118
-0.0007764
-0.00063433
-0.00028334
0.00023453
0.00079324
0.0012203
0.0013602
0.0011374
0.0005932
-0.00012167
-0.00079826
-0.0012443
-0.0013538
-0.0011429
-0.00073861
-0.00032519
-7.2708e-05
-7.5307e-05
-0.00032336
-0.00071692
-0.0011114
-0.0013742
-0.001429
-0.0012718
-0.00095666
-0.00056194
-0.00015609
0.00022112
0.00055459
0.000833
0.0010262
0.0010775
0.00092017
0.00051247
-0.00012534
-0.00089355
-0.0016279
-0.0021447
-0.0022989
-0.0020345
-0.0014071
-0.00057388
0.00024663
0.00083153
0.0010123
0.00071897
-1.2698e-06
-0.0009986
-0.0020637
-0.0029886
-0.0036257
-0.0039258
-0.0039409
-0.0037915
-0.0036103
-0.0034853
-0.0034246
-0.0033567
-0.0031666
-0.0027517
-0.002074
-0.0011882
-0.0002338
0.00060515
0.0011563
0.0013123
0.0010618
0.0004915
-0.00024152
-0.00095588
-0.0014963
-0.0017736
-0.0017831
-0.0015961
-0.0013271
-0.0010897
-0.00095531
-0.00093187
-0.00096849
-0.00098296
-0.00089992
-0.00068353
-0.00035263
2.6278e-05
0.00036419
0.00058257
0.00064173
0.0005544
0.00037948
0.00019867
8.4989e-05
7.6083e-05
0.00016353
0.00030254
0.00043734
0.00052954
0.00057534
0.00060222
0.00064666
0.00072445
0.0008101
0.00083827
0.00072906
0.00042624
-7.0474e-05
-0.00069546
-0.0013352
-0.0018653
-0.0021894
-0.0022622
-0.002089
-0.0017069
-0.0011598
-0.00048177
0.00030308
0.0011656
0.0020512
0.0028661
0.0034797
0.0037473
0.0035463
0.002818
0.0016005
4.2631e-05
-0.0016095
-0.0030532
-0.0039924
-0.0042085
-0.0036221
-0.0023263
-0.00057812
0.0012559
0.0027879
0.0037095
0.003873
0.0033302
0.0023123
0.0011598
0.00022418
-0.00022766
-7.7526e-05
0.00062684
0.0017006
0.0028829
0.0039101
0.0045794
0.0047886
0.0045465
0.0039561
0.0031797
0.0023946
0.0017509
0.0013363
0.0011571
0.0011388
0.0011508
0.0010512
0.00074074
0.00020883
-0.00044752
-0.0010447
-0.0013717
-0.0012712
-0.00071088
0.00018253
0.0011488
0.0018737
0.0020982
0.0017171
0.0008281
-0.00028753
-0.0012516
-0.0017143
-0.0014762
-0.0005658
0.00075943
0.002091
0.0030055
0.003212
0.0026606
0.001568
0.00034869
-0.00052886
-0.00071109
-9.2448e-05
0.001138
0.0025573
0.0036583
0.0040354
0.0035369
0.0023255
0.00082155
-0.00045248
-0.0010667
-0.00084383
7.7531e-05
0.0013005
0.0023236
0.0027297
0.0023359
0.0012508
-0.00017824
-0.0015023
-0.0023349
-0.0024819
-0.0019895
-0.0010994
-0.0001344
0.00063295
0.0010745
0.0012235
0.001213
0.0011658
0.0010923
0.00084443
0.0001482
-0.0013004
-0.0037232
-0.0071823
-0.011569
-0.016656
-0.022168
-0.027834
-0.033375
-0.038443
-0.042559
-0.045099
-0.045394
-0.042929
-0.03758
-0.029779
-0.020518
-0.011121
-0.0028355
0.0036107
0.0083191
0.012225
0.016731
0.023042
0.031451
0.040914
0.049246
0.054077
0.054355
0.051788
0.051441
0.060841
0.087479
0.13538
0.20203
0.27713
0.34424
0.38515
0.38583
0.34174
0.2603
0.15932
0.06152
-0.012755
-0.052072
-0.057076
-0.03908
-0.014742
0.00090464
0.00011479
-0.015532
-0.037419
-0.055242
-0.062791
-0.061423
-0.059559
-0.068441
-0.096113
-0.14241
-0.19735
-0.24385
-0.26368
-0.24441
-0.18426
-0.093124
0.010733
0.10679
0.17873
0.21874
0.22832
0.21563
0.19083
0.16158
0.13041
0.094818
0.049799
-0.0086263
-0.08047
-0.16065
-0.23995
-0.3076
-0.35401
-0.37291
-0.36195
-0.32227
-0.25758
-0.17366
-0.078598
0.016706
0.09861
0.15237
0.16566
0.13326
0.061212
-0.031827
-0.11771
-0.1667
-0.15811
-0.09005
0.016225
0.12025
0.17474
0.14291
0.014431
-0.18662
-0.40594
-0.57511
-0.63455
-0.55503
-0.34965
-0.071399
0.20313
0.39822
0.46313
0.38739
0.20257
-0.029647
-0.23833
-0.36552
-0.38238
-0.29452
-0.13595
0.044926
0.20166
0.30284
0.33825
0.31744
0.26264
0.19943
0.14847
0.12082
0.11729
0.13115
0.15223
0.17087
0.18036
0.1776
0.16239
0.136
0.099945
0.055334
0.0031776
-0.054605
-0.11396
-0.16799
-0.20741
-0.22253
-0.2063
-0.15734
-0.081605
0.0084746
0.097331
0.17109
0.22189
0.24983
0.26172
0.26702
0.27284
0.28015
0.28274
0.26952
0.2291
0.15482
0.048327
-0.07951
-0.21069
-0.32424
-0.40114
-0.42864
-0.40291
-0.32963
-0.22267
-0.10134
0.013194
0.10193
0.15194
0.15979
0.13352
0.092419
0.063519
0.074918
0.14701
0.28414
0.46978
0.66789
0.83114
0.91432
0.88873
0.75277
0.5343
0.28333
0.056686
-0.10045
-0.16956
-0.16435
-0.12406
-0.096596
-0.11785
-0.19613
-0.30834
-0.40983
-0.45351
-0.40985
-0.27931
-0.09234
0.10223
0.25509
0.33313
0.32876
0.25932
0.15811
0.061412
-0.0032486
-0.023958
-0.0049858
0.037801
0.084096
0.1161
0.12315
0.10326
0.061691
0.007753
-0.048745
-0.1001
-0.14159
-0.17064
-0.18523
-0.18265
-0.15954
-0.11336
-0.044431
0.042538
0.13857
0.23227
0.31266
0.3718
0.406
0.41521
0.40121
0.36564
0.309
0.23115
0.13297
0.018239
-0.10533
-0.22652
-0.33236
-0.41058
-0.45193
-0.45166
-0.41014
-0.33268
-0.22892
-0.11212
0.0021025
0.097392
0.15929
0.17847
0.15416
0.096451
0.026464
-0.026787
-0.032754
0.032138
0.17604
0.38597
0.62714
0.84838
0.99292
1.0124
0.88028
0.60197
0.21738
-0.20487
-0.58205
-0.83793
-0.92414
-0.83548
-0.61334
-0.3344
-0.087321
0.055328
0.06009
-0.05792
-0.24249
-0.4177
-0.51492
-0.4953
-0.36025
-0.14709
0.086615
0.28343
0.40327
0.43225
0.3818
0.28009
0.16047
0.051179
-0.030632
-0.079766
-0.10003
-0.099583
-0.086815
-0.068065
-0.047413
-0.027761
-0.012032
-0.0035759
-0.0055448
-0.019742
-0.045757
-0.080977
-0.12148
-0.1632
-0.20262
-0.23654
-0.2612
-0.27146
-0.26102
-0.22398
-0.15736
-0.063507
0.048925
0.16603
0.2716
0.35092
0.39403
0.39733
0.36347
0.29957
0.21498
0.11904
0.019649
-0.077353
-0.16801
-0.24948
-0.31892
-0.37247
-0.40479
-0.40954
-0.38104
-0.31695
-0.22117
-0.1056
0.010237
0.10252
0.1492
0.1373
0.069428
-0.033084
-0.13254
-0.18338
-0.14558
0.00053584
0.24302
0.53548
0.80556
0.97392
0.97872
0.79753
0.45855
0.035854
-0.37097
-0.66664
-0.78956
-0.73026
-0.53253
-0.27677
-0.051797
0.074595
0.076015
-0.02792
-0.18307
-0.32284
-0.39206
-0.36397
-0.24536
-0.069715
0.11739
0.2741
0.37375
0.40885
0.38803
0.32878
0.24982
0.16582
0.085864
0.014759
-0.044427
-0.088498
-0.11397
-0.11861
-0.10358
-0.074914
-0.043198
-0.021235
-0.020386
-0.04681
-0.098898
-0.16676
-0.23399
-0.2814
-0.29179
-0.25466
-0.16965
-0.047294
0.093168
0.22867
0.33843
0.40932
0.43859
0.43316
0.40584
0.37002
0.33489
0.30283
0.26971
0.22753
0.16831
0.087622
-0.013366
-0.12758
-0.24334
-0.34652
-0.42304
-0.46125
-0.45416
-0.40131
-0.31006
-0.19563
-0.079108
0.016763
0.073741
0.084425
0.05663
0.013507
-0.011793
0.013632
0.10989
0.27362
0.47359
0.65564
0.75684
0.72564
0.54123
0.2253
-0.15954
-0.52573
-0.78684
-0.88525
-0.81135
-0.60679
-0.35004
-0.12942
-0.01334
-0.028566
-0.15397
-0.33111
-0.48679
-0.55872
-0.51519
-0.36257
-0.13966
0.097514
0.29423
0.41237
0.43835
0.38278
0.27338
0.14469
0.028107
-0.055252
-0.097523
-0.10308
-0.084622
-0.057919
-0.036867
-0.030087
-0.039745
-0.062618
-0.09273
-0.12447
-0.15488
-0.18415
-0.21402
-0.24496
-0.27339
-0.29076
-0.28526
-0.24588
-0.16732
-0.053543
0.081833
0.21862
0.33576
0.41732
0.45657
0.45666
0.4279
0.3831
0.33276
0.28212
0.2306
0.17362
0.10557
0.022909
-0.073721
-0.1786
-0.28146
-0.36907
-0.42777
-0.44654
-0.42002
-0.35111
-0.25186
-0.14205
-0.045
0.018917
0.039308
0.020991
-0.014995
-0.03598
-0.0074238
0.094633
0.27241
0.50078
0.73013
0.89804
0.94703
0.84302
0.58876
0.22689
-0.16907
-0.51426
-0.73677
-0.79917
-0.70962
-0.51847
-0.3011
-0.13267
-0.063824
-0.10554
-0.22835
-0.37548
-0.48449
-0.50919
-0.43401
-0.27643
-0.077981
0.11153
0.25024
0.3152
0.30556
0.23853
0.14101
0.040566
-0.041468
-0.093328
-0.11285
-0.10527
-0.080175
-0.048595
-0.020667
-0.0040346
-0.0029124
-0.017862
-0.046355
-0.084022
-0.12618
-0.16904
-0.20992
-0.24648
-0.27534
-0.29108
-0.28648
-0.25437
-0.19051
-0.096266
0.020102
0.14452
0.26017
0.3515
0.40779
0.42498
0.4055
0.35628
0.28603
0.20273
0.11206
0.017179
-0.080252
-0.17837
-0.27332
-0.35814
-0.42294
-0.45652
-0.44922
-0.39637
-0.30111
-0.17578
-0.040716
0.079454
0.16161
0.19059
0.1645
0.097254
0.017009
-0.039823
-0.037921
0.046342
0.21613
0.45022
0.70596
0.92892
1.067
1.0846
0.97287
0.75197
0.46543
0.1678
-0.090331
-0.2755
-0.37858
-0.41392
-0.41086
-0.40084
-0.40487
-0.42628
-0.45122
-0.45627
-0.41972
-0.33159
-0.19838
-0.041201
0.1116
0.23376
0.30874
0.33314
0.31522
0.27005
0.21359
0.15807
0.10991
0.070398
0.037972
0.010823
-0.011447
-0.027651
-0.036126
-0.03639
-0.030475
-0.023285
-0.021783
-0.033239
-0.063062
-0.11281
-0.1789
-0.25244
-0.32035
-0.36765
-0.38074
-0.35077
-0.27639
-0.165
-0.031784
0.10325
0.21979
0.30186
0.34112
0.33795
0.29968
0.23703
0.15997
0.07486
-0.016012
-0.11233
-0.21221
-0.30905
-0.39064
-0.44134
-0.44696
-0.40033
-0.30559
-0.17906
-0.046097
0.065503
0.13358
0.14854
0.11688
0.059856
0.0076117
-0.0095857
0.029528
0.13046
0.28061
0.4521
0.6094
0.71965
0.76276
0.73781
0.6632
0.56974
0.48862
0.43857
0.41714
0.40004
0.34944
0.22883
0.019159
-0.26979
-0.59763
-0.90255
-1.1191
-1.1981
-1.1222
-0.91056
-0.61197
-0.28926
-0.0011781
0.21192
0.33452
0.37408
0.3531
0.29923
0.2366
0.18064
0.13681
0.10234
0.069848
0.031497
-0.017243
-0.075208
-0.13521
-0.1861
-0.2168
-0.22098
-0.20053
-0.16612
-0.13421
-0.12149
-0.13853
-0.18525
-0.24984
-0.31182
-0.34816
-0.34065
-0.28185
-0.17766
-0.045645
0.09024
0.20674
0.28771
0.32777
0.33229
0.31398
0.28758
0.26464
0.2499
0.2404
0.22714
0.1986
0.14498
0.061947
-0.047036
-0.17031
-0.28973
-0.38429
-0.43484
-0.42903
-0.36522
-0.25419
-0.11777
0.015519
0.11737
0.1672
0.15837
0.10095
0.019986
-0.05055
-0.076737
-0.034196
0.084349
0.26555
0.47721
0.67547
0.81601
0.86644
0.81606
0.67949
0.49221
0.29889
0.13809
0.028854
-0.03571
-0.084753
-0.1568
-0.28214
-0.46746
-0.68926
-0.89954
-1.0419
-1.0716
-0.97193
-0.75967
-0.4787
-0.185
0.070463
0.25462
0.35723
0.3878
0.3675
0.31989
0.26387
0.21045
0.16302
0.1198
0.076932
0.031063
-0.01901
-0.071643
-0.12247
-0.16539
-0.19438
-0.2059
-0.20105
-0.18645
-0.1729
-0.1718
-0.19043
-0.22801
-0.27423
-0.31152
-0.32026
-0.2854
-0.202
-0.077688
0.068839
0.21272
0.32962
0.40193
0.42277
0.39678
0.33787
0.26472
0.19551
0.14291
0.1108
0.093466
0.07783
0.048277
-0.0070624
-0.090655
-0.1927
-0.29255
-0.36449
-0.38616
-0.34695
-0.25305
-0.1271
-0.0019513
0.089748
0.12677
0.10728
0.050349
-0.0099768
-0.036283
-0.0011194
0.10279
0.25916
0.43276
0.58041
0.66434
0.66362
0.57986
0.43589
0.26817
0.11536
0.0065162
-0.047754
-0.058556
-0.05499
-0.074041
-0.14678
-0.28535
-0.47572
-0.6797
-0.84623
-0.92824
-0.89857
-0.75861
-0.53676
-0.27797
-0.029262
0.1731
0.31051
0.38198
0.399
0.37827
0.33557
0.28238
0.22518
0.16669
0.10753
0.047673
-0.012677
-0.072392
-0.12897
-0.17844
-0.21607
-0.23806
-0.24379
-0.23743
-0.22781
-0.22562
-0.23904
-0.26925
-0.30829
-0.34053
-0.34758
-0.3148
-0.23696
-0.12055
0.017847
0.1566
0.27527
0.35972
0.40459
0.41261
0.3919
0.3526
0.30419
0.254
0.20668
0.16411
0.1253
0.086482
0.041983
-0.013821
-0.083628
-0.16454
-0.24702
-0.31638
-0.35685
-0.35681
-0.31326
-0.23379
-0.13505
-0.038114
0.037689
0.080327
0.088025
0.068756
0.036775
0.0078158
-0.0051321
0.0057888
0.042868
0.10357
0.18151
0.26713
0.34832
0.4116
0.44419
0.43686
0.38693
0.30019
0.19089
0.079223
-0.013563
-0.071176
-0.087671
-0.070111
-0.037044
-0.012688
-0.018392
-0.06435
-0.14483
-0.23913
-0.31821
-0.35462
-0.33182
-0.24938
-0.12242
0.023868
0.1619
0.26889
0.33131
0.3461
0.31915
0.26216
0.189
0.11246
0.041917
-0.017779
-0.066181
-0.10596
-0.14092
-0.174
-0.2058
-0.23447
-0.25699
-0.27141
-0.2789
-0.28451
-0.29562
-0.3186
-0.35475
-0.39754
-0.43271
-0.44166
-0.4073
-0.32039
-0.18405
-0.014524
0.16241
0.31838
0.43036
0.48693
0.49056
0.45528
0.4009
0.34604
0.30264
0.27355
0.25363
0.23316
0.202
0.153
0.083868
-0.0022582
-0.097264
-0.18923
-0.26433
-0.30946
-0.31541
-0.27975
-0.20852
-0.11568
-0.020201
0.05882
0.10747
0.12121
0.10635
0.078246
0.056555
0.058833
0.094401
0.16036
0.24124
0.3127
0.34867
0.3299
0.25123
0.12476
-0.022745
-0.15802
-0.25259
-0.29308
-0.28621
-0.25593
-0.23331
-0.24284
-0.29118
-0.36322
-0.42763
-0.44955
-0.40489
-0.29031
-0.12486
0.056598
0.21503
0.31928
0.35432
0.32355
0.24504
0.14391
0.043638
-0.040431
-0.10363
-0.15006
-0.18778
-0.22334
-0.25839
-0.28949
-0.31106
-0.31951
-0.31636
-0.30857
-0.3058
-0.31596
-0.34093
-0.3745
-0.40332
-0.41079
-0.38254
-0.31165
-0.20181
-0.067199
0.071152
0.19128
0.27662
0.32039
0.32661
0.3073
0.27728
0.24852
0.22609
0.20712
0.18272
0.14222
0.078006
-0.010504
-0.11514
-0.22019
-0.30628
-0.35576
-0.358
-0.31273
-0.2306
-0.13039
-0.033875
0.040276
0.081782
0.091467
0.08067
0.06749
0.070991
0.10502
0.17335
0.26745
0.36771
0.44807
0.48319
0.45641
0.36618
0.22839
0.073163
-0.063861
-0.15316
-0.18199
-0.15968
-0.11462
-0.08338
-0.09569
-0.16127
-0.26447
-0.36935
-0.43351
-0.42474
-0.33359
-0.17677
0.0093933
0.18194
0.30542
0.36174
0.35299
0.29706
0.21866
0.13948
0.071223
0.013714
-0.041784
-0.10589
-0.18417
-0.27301
-0.36012
-0.42945
-0.46813
-0.47247
-0.44995
-0.41629
-0.3889
-0.37925
-0.38767
-0.40247
-0.40406
-0.37236
-0.29487
-0.17229
-0.019551
0.13829
0.27374
0.36543
0.40422
0.39484
0.35268
0.29729
0.2452
0.20483
0.17492
0.14696
0.11015
0.056905
-0.0133
-0.093197
-0.17009
-0.23013
-0.26273
-0.26331
-0.23394
-0.18195
-0.11757
-0.051459
0.0070505
0.051132
0.077071
0.084713
0.077775
0.063748
0.052918
0.05615
0.081613
0.13129
0.19861
0.26861
0.3212
0.33706
0.30453
0.22479
0.11334
-0.0035967
-0.096923
-0.14436
-0.1384
-0.089208
-0.020743
0.038665
0.067753
0.060867
0.029836
-0.0016833
-0.0088105
0.023738
0.095188
0.18896
0.279
0.33911
0.35157
0.31191
0.22874
0.11943
0.0038558
-0.10134
-0.18606
-0.24702
-0.28589
-0.30646
-0.31273
-0.30833
-0.29736
-0.2853
-0.27904
-0.28539
-0.3084
-0.34677
-0.3925
-0.43186
-0.44856
-0.42859
-0.36491
-0.26066
-0.12931
0.0085051
0.13078
0.22056
0.27074
0.28542
0.27726
0.26189
0.25158
0.2507
0.25443
0.25134
0.22839
0.17667
0.09551
-0.0062569
-0.11238
-0.2036
-0.26285
-0.27959
-0.25223
-0.18843
-0.10352
-0.01755
0.048363
0.076199
0.054974
-0.016079
-0.12586
-0.25196
-0.36399
-0.42964
-0.42269
-0.33133
-0.16397
0.049978
0.26583
0.43526
0.52037
0.5054
0.40154
0.24246
0.072194
-0.070119
-0.16252
-0.20474
-0.21359
-0.21193
-0.21646
-0.23001
-0.2413
-0.23171
-0.18536
-0.097644
0.021379
0.14977
0.26103
0.33274
0.35312
0.32354
0.25646
0.17024
0.08288
0.0070058
-0.052314
-0.096653
-0.13105
-0.16028
-0.18627
-0.20778
-0.22213
-0.22801
-0.22761
-0.22707
-0.23465
-0.25743
-0.29766
-0.35038
-0.40331
-0.43945
-0.44169
-0.39803
-0.30561
-0.1721
-0.013889
0.14819
0.29387
0.40748
0.47983
0.50787
0.49316
0.44036
0.35647
0.25066
0.13399
0.018374
-0.085303
-0.16914
-0.22934
-0.26593
-0.2812
-0.2776
-0.25637
-0.21748
-0.16119
-0.090414
-0.012797
0.058625
0.10704
0.11563
0.072642
-0.023475
-0.1608
-0.31386
-0.4478
-0.52647
-0.52294
-0.42939
-0.26286
-0.06379
0.11362
0.21748
0.21574
0.10912
-0.066341
-0.24906
-0.37172
-0.38431
-0.27179
-0.059606
0.19518
0.42375
0.56877
0.60242
0.533
0.39892
0.25319
0.14513
0.10549
0.13955
0.22879
0.33939
0.4337
0.48097
0.46462
0.38466
0.2556
0.10114
-0.052415
-0.18225
-0.27351
-0.32135
-0.33082
-0.31461
-0.28959
-0.27259
-0.27632
-0.30613
-0.35824
-0.41995
-0.47201
-0.493
-0.46507
-0.37973
-0.24195
-0.070815
0.10417
0.25071
0.34334
0.3718
0.34514
0.28935
0.23889
0.22465
0.26243
0.34635
0.45006
0.53549
0.5663
0.52095
0.40033
0.22722
0.038112
-0.12916
-0.24694
-0.30436
-0.30725
-0.27238
-0.21922
-0.16281
-0.1103
-0.062148
-0.016285
0.027008
0.06223
0.07926
0.067334
0.020751
-0.056176
-0.14739
-0.22791
-0.27102
-0.25761
-0.18456
-0.068562
0.056711
0.15024
0.17739
0.12319
-8.2658e-06
-0.15418
-0.28713
-0.35039
-0.31705
-0.19245
-0.013185
0.1657
0.29036
0.32701
0.27288
0.15535
0.020489
-0.083849
-0.12363
-0.087774
0.01138
0.14481
0.27733
0.3779
0.42689
0.41898
0.36205
0.2732
0.17365
0.083586
0.018247
-0.014586
-0.015429
0.0076307
0.041066
0.069156
0.077781
0.057899
0.0077523
-0.066918
-0.1547
-0.2417
-0.31485
-0.36433
-0.38447
-0.37345
-0.33249
-0.26521
-0.17742
-0.076902
0.027168
0.12569
0.21149
0.28082
0.3337
0.37266
0.40041
0.41757
0.4216
0.40747
0.36996
0.30639
0.2186
0.11316
3.5331e-05
-0.10982
-0.20675
-0.28371
-0.33641
-0.36259
-0.36121
-0.33231
-0.27777
-0.20272
-0.11676
-0.033705
0.030425
0.061223
0.050317
-0.0011723
-0.081651
-0.17128
-0.24702
-0.28904
-0.28637
-0.23981
-0.16129
-0.069884
0.014015
0.074358
0.10339
0.10295
0.083117
0.058732
0.044675
0.050975
0.079229
0.12172
0.16399
0.19031
0.19014
0.16281
0.11855
0.075232
0.052022
0.062607
0.11036
0.18711
0.27571
0.35511
0.40624
0.41674
0.38334
0.31147
0.21286
0.10205
-0.0066882
-0.10136
-0.17307
-0.21619
-0.22874
-0.2131
-0.17675
-0.13216
-0.094999
-0.080618
-0.099716
-0.15462
-0.23767
-0.33237
-0.41708
-0.47026
-0.47571
-0.42661
-0.32711
-0.19125
-0.039062
0.10875
0.23626
0.33569
0.40764
0.45797
0.4927
0.51348
0.51574
0.49067
0.43015
0.33229
0.20476
0.064013
-0.069384
-0.17733
-0.2497
-0.2864
-0.29531
-0.28723
-0.27055
-0.24787
-0.2162
-0.17028
-0.10732
-0.031089
0.046776
0.10866
0.13574
0.11412
0.0404
-0.075
-0.20812
-0.32588
-0.39423
-0.38822
-0.30126
-0.15017
0.026699
0.17894
0.25915
0.23892
0.1202
-0.062833
-0.25304
-0.38842
-0.42313
-0.34348
-0.17286
0.036926
0.22437
0.33978
0.36127
0.29944
0.19018
0.079577
0.0075126
-0.0040625
0.044994
0.13657
0.24251
0.33376
0.3878
0.39264
0.34764
0.26191
0.15152
0.036219
-0.063839
-0.13146
-0.1557
-0.13472
-0.077142
-0.0010292
0.070049
0.1131
0.11218
0.062972
-0.026268
-0.13766
-0.24931
-0.34138
-0.40044
-0.42101
-0.40447
-0.35646
-0.28419
-0.19461
-0.093813
0.012668
0.11922
0.21968
0.30732
0.37526
0.41727
0.4288
0.40799
0.35643
0.27915
0.18392
0.079688
-0.025083
-0.12367
-0.21139
-0.28482
-0.34057
-0.37424
-0.38069
-0.35564
-0.29849
-0.21502
-0.11853
-0.028376
0.034411
0.053243
0.021982
-0.051488
-0.1458
-0.23118
-0.27795
-0.26592
-0.19159
-0.070284
0.06771
0.18628
0.25477
0.25769
0.19957
0.10343
0.0034722
-0.065729
-0.080138
-0.034082
0.05769
0.16467
0.25083
0.28692
0.26064
0.18059
0.073046
-0.027117
-0.087582
-0.088064
-0.02534
0.086937
0.22274
0.35069
0.44164
0.47498
0.44274
0.35074
0.21701
0.067822
-0.067739
-0.16386
-0.20355
-0.18267
-0.11136
-0.01211
0.085409
0.15187
0.16606
0.1206
0.02351
-0.10473
-0.23772
-0.35063
-0.42624
-0.45766
-0.44734
-0.40372
-0.33697
-0.25572
-0.16547
-0.068848
0.033014
0.13873
0.24515
0.34654
0.43446
0.49872
0.52934
0.51928
0.46722
0.37914
0.2678
0.14964
0.040155
-0.050577
-0.12015
-0.17275
-0.2152
-0.25188
-0.28104
-0.2944
-0.2806
-0.23114
-0.14639
-0.038967
0.067433
0.14382
0.16472
0.11717
0.0068195
-0.14117
-0.2874
-0.38878
-0.41159
-0.3434
-0.19947
-0.020819
0.13662
0.2191
0.19292
0.056894
-0.15564
-0.38642
-0.57048
-0.65688
-0.62449
-0.48757
-0.28939
-0.086695
0.069185
0.14791
0.14728
0.090452
0.015185
-0.040204
-0.049077
-0.0032277
0.087077
0.19851
0.30288
0.37517
0.39928
0.37039
0.29447
0.1856
0.062724
-0.053688
-0.14451
-0.19478
-0.19656
-0.15148
-0.072017
0.019687
0.096215
0.13181
0.11002
0.029339
-0.095265
-0.23585
-0.35898
-0.43472
-0.44435
-0.38461
-0.26732
-0.11509
0.045421
0.19048
0.30454
0.38234
0.42769
0.44968
0.45786
0.45833
0.45183
0.43452
0.4006
0.34564
0.26903
0.17479
0.070439
-0.035114
-0.1338
-0.21969
-0.28897
-0.339
-0.36706
-0.36984
-0.34413
-0.2887
-0.2067
-0.10738
-0.00611
0.077869
0.1256
0.12357
0.068449
-0.030136
-0.14983
-0.25938
-0.3256
-0.32215
-0.23774
-0.081444
0.11714
0.31347
0.45846
0.51103
0.44949
0.27831
0.028296
-0.2504
-0.50092
-0.67445
-0.7428
-0.70462
-0.58335
-0.41779
-0.24894
-0.1081
-0.0098732
0.048198
0.080574
0.10596
0.13983
0.18942
0.25201
0.31639
0.36668
0.38719
0.36728
0.30494
0.20823
0.094245
-0.014562
-0.095827
-0.1333
-0.12173
-0.068966
0.0057052
0.07677
0.11977
0.11826
0.068067
-0.022444
-0.1358
-0.25095
-0.34857
-0.41456
-0.44118
-0.42644
-0.3728
-0.2863
-0.17596
-0.053238
0.069138
0.17922
0.26822
0.33221
0.37247
0.39397
0.4027
0.40299
0.39579
0.37872
0.34772
0.29936
0.23284
0.15085
0.059132
-0.035012
-0.12433
-0.20287
-0.26637
-0.3119
-0.33704
-0.33938
-0.31659
-0.26755
-0.19406
-0.10269
-0.0057741
0.079193
0.13229
0.13579
0.07993
-0.031851
-0.18
-0.33014
-0.43936
-0.46672
-0.38552
-0.19359
0.082173
0.38929
0.66098
0.83223
0.85602
0.71527
0.42757
0.042015
-0.37071
-0.73262
-0.97464
-1.0515
-0.95244
-0.70449
-0.36685
-0.016577
0.27107
0.44226
0.4779
0.39644
0.24511
0.0832
-0.036661
-0.082649
-0.049349
0.045645
0.1712
0.29368
0.38572
0.43045
0.42174
0.362
0.25971
0.12802
-0.015564
-0.14969
-0.25122
-0.2997
-0.28346
-0.20527
-0.084505
0.045908
0.14798
0.18985
0.15574
0.050865
-0.10053
-0.26293
-0.39999
-0.48403
-0.5016
-0.45436
-0.35598
-0.22697
-0.089292
0.038032
0.14183
0.21622
0.2627
0.28882
0.30563
0.32409
0.35141
0.38835
0.42851
0.46007
0.46956
0.44619
0.38533
0.28987
0.16912
0.036103
-0.095609
-0.21417
-0.31037
-0.37738
-0.41011
-0.40508
-0.36124
-0.28179
-0.17594
-0.059756
0.045163
0.11529
0.13084
0.081963
-0.026239
-0.17202
-0.31987
-0.42824
-0.46057
-0.39669
-0.24103
-0.024264
0.20289
0.38268
0.46658
0.43007
0.28115
0.059711
-0.17281
-0.35093
-0.42477
-0.37574
-0.22252
-0.014953
0.18269
0.31318
0.34492
0.28102
0.15585
0.021175
-0.07253
-0.092557
-0.032841
0.086769
0.22926
0.35326
0.4252
0.42748
0.36088
0.24197
0.097277
-0.043535
-0.1539
-0.2152
-0.21999
-0.17361
-0.093571
-0.0062678
0.058988
0.077673
0.037348
-0.057921
-0.18783
-0.32104
-0.42379
-0.46926
-0.44469
-0.35437
-0.21754
-0.062187
0.083223
0.19773
0.27295
0.31393
0.33547
0.35543
0.3874
0.43524
0.49157
0.54056
0.56374
0.54659
0.48338
0.37856
0.2447
0.098401
-0.044096
-0.16967
-0.26904
-0.33603
-0.36651
-0.35843
-0.3133
-0.23851
-0.14886
-0.065676
-0.012617
-0.0085807
-0.060077
-0.15607
-0.26808
-0.35676
-0.38352
-0.32391
-0.17789
0.026848
0.24022
0.40265
0.46163
0.38733
0.1827
-0.11458
-0.43937
-0.71418
-0.86896
-0.86048
-0.68569
-0.38433
-0.029016
0.295
0.51429
0.58785
0.51708
0.34198
0.12575
-0.066029
-0.184
-0.20606
-0.13861
-0.0098962
0.14082
0.27433
0.3602
0.38196
0.33895
0.24518
0.12558
0.010192
-0.07314
-0.10602
-0.084887
-0.022582
0.055037
0.1168
0.13598
0.098768
0.0084684
-0.11597
-0.24625
-0.35328
-0.41493
-0.42078
-0.37292
-0.28342
-0.16991
-0.050689
0.059439
0.15174
0.22431
0.28084
0.32799
0.37185
0.41499
0.45487
0.4844
0.49437
0.47691
0.42842
0.35095
0.25145
0.13933
0.023705
-0.088515
-0.19283
-0.28572
-0.36261
-0.41656
-0.43873
-0.42107
-0.36043
-0.26247
-0.14348
-0.028352
0.05531
0.0857
0.055183
-0.024744
-0.12437
-0.20325
-0.22252
-0.15839
-0.012236
0.18658
0.3868
0.5288
0.56183
0.45973
0.23039
-0.083788
-0.41504
-0.68689
-0.83425
-0.82138
-0.65237
-0.3706
-0.046679
0.2418
0.4323
0.49435
0.43581
0.29708
0.13556
0.0065726
-0.052726
-0.031491
0.055921
0.17833
0.29929
0.38763
0.4242
0.40395
0.33404
0.22966
0.10915
-0.010121
-0.11468
-0.19633
-0.25242
-0.28511
-0.30015
-0.30507
-0.30736
-0.31269
-0.32368
-0.3393
-0.35508
-0.36404
-0.35817
-0.33043
-0.27681
-0.19798
-0.099912
0.0069994
0.11042
0.19943
0.26762
0.3147
0.3459
0.36916
0.39137
0.41498
0.43645
0.44715
0.4362
0.3943
0.31696
0.20625
0.070658
-0.07646
-0.21914
-0.34111
-0.4279
-0.46884
-0.45906
-0.40126
-0.30678
-0.19493
-0.090048
-0.016343
0.0085052
-0.020956
-0.094966
-0.18971
-0.27284
-0.31207
-0.28475
-0.18549
-0.029722
0.14817
0.30212
0.38563
0.36458
0.2285
-0.0032723
-0.28301
-0.5447
-0.72103
-0.76264
-0.65365
-0.4179
-0.11318
0.18524
0.40671
0.50574
0.47428
0.3417
0.16316
0.00081721
-0.09545
-0.10152
-0.023235
0.10881
0.25106
0.36116
0.41019
0.38978
0.31281
0.20773
0.10868
0.044395
0.029314
0.059654
0.11561
0.16872
0.19169
0.16718
0.092608
-0.020314
-0.15045
-0.27416
-0.3716
-0.43038
-0.44615
-0.42089
-0.36056
-0.27319
-0.16807
-0.055385
0.054414
0.15205
0.23154
0.29187
0.33725
0.37515
0.41259
0.45209
0.48889
0.51117
0.5034
0.45198
0.35123
0.20733
0.038692
-0.1276
-0.26237
-0.34176
-0.35346
-0.29987
-0.19762
-0.073579
0.041586
0.12076
0.14713
0.11875
0.049754
-0.032562
-0.094477
-0.10532
-0.047158
0.078298
0.24858
0.42626
0.57047
0.65007
0.65332
0.58992
0.48446
0.36441
0.24819
0.13892
0.026422
-0.10383
-0.25935
-0.43224
-0.59774
-0.72059
-0.76666
-0.71532
-0.56749
-0.34646
-0.091453
0.15335
0.35004
0.47497
0.52158
0.49851
0.42441
0.32185
0.21201
0.11108
0.028593
-0.032566
-0.074891
-0.10415
-0.12688
-0.14806
-0.16971
-0.19089
-0.20918
-0.22293
-0.23316
-0.24408
-0.26192
-0.29247
-0.33808
-0.39547
-0.45507
-0.5024
-0.52131
-0.49837
-0.42702
-0.31002
-0.15933
0.0067594
0.16828
0.30831
0.41608
0.48745
0.52308
0.52559
0.4973
0.43955
0.35369
0.24275
0.11267
-0.027578
-0.16693
-0.29345
-0.39538
-0.46202
-0.48473
-0.4587
-0.3852
-0.27358
-0.14163
-0.013277
0.086784
0.14016
0.14152
0.10226
0.049109
0.017051
0.038176
0.12971
0.28561
0.47544
0.65194
0.76565
0.78152
0.69152
0.51778
0.30492
0.10392
-0.046152
-0.13132
-0.16571
-0.18317
-0.22108
-0.30296
-0.42713
-0.56618
-0.67734
-0.71948
-0.66937
-0.53041
-0.33072
-0.11207
0.084718
0.23182
0.31962
0.35439
0.35108
0.32529
0.28774
0.2429
0.19085
0.13064
0.062973
-0.0088558
-0.079608
-0.14362
-0.19619
-0.23436
-0.25722
-0.26601
-0.26422
-0.25749
-0.25299
-0.2581
-0.27841
-0.31557
-0.36575
-0.41916
-0.46139
-0.47643
-0.45091
-0.37834
-0.26179
-0.11386
0.046408
0.19891
0.32805
0.4264
0.49512
0.5408
0.57061
0.58767
0.58914
0.56744
0.51418
0.42467
0.30114
0.15337
-0.0032097
-0.15094
-0.27347
-0.35842
-0.39863
-0.39251
-0.34376
-0.2612
-0.15839
-0.052849
0.035982
0.090173
0.09781
0.05749
-0.018799
-0.106
-0.17051
-0.17871
-0.10761
0.045651
0.25937
0.49065
0.68685
0.80199
0.81211
0.72373
0.57121
0.40361
0.2659
0.18195
0.14647
0.12929
0.090492
-0.00012301
-0.14759
-0.32729
-0.49339
-0.59645
-0.60225
-0.50384
-0.32247
-0.098284
0.1238
0.3069
0.42926
0.48459
0.47801
0.4208
0.32658
0.20981
0.085737
-0.029951
-0.12267
-0.18181
-0.2036
-0.1927
-0.16135
-0.12627
-0.10429
-0.1081
-0.14305
-0.20576
-0.28453
-0.36152
-0.41652
-0.43155
-0.3956
-0.30799
-0.17917
-0.028319
0.12194
0.25205
0.35103
0.41894
0.46509
0.50275
0.54235
0.58608
0.62611
0.64726
0.63289
0.57165
0.46211
0.31379
0.1442
-0.026307
-0.17963
-0.30294
-0.38906
-0.43494
-0.43984
-0.40464
-0.33292
-0.23297
-0.11922
-0.011538
0.068419
0.10326
0.086366
0.026305
-0.052981
-0.11737
-0.13226
-0.074147
0.059797
0.24815
0.44989
0.61681
0.70967
0.71203
0.63584
0.5156
0.39304
0.29857
0.23761
0.18842
0.11282
-0.024282
-0.23528
-0.49898
-0.76403
-0.96563
-1.0488
-0.98852
-0.79777
-0.52203
-0.22234
0.044561
0.24157
0.357
0.40083
0.39491
0.3623
0.31967
0.27479
0.22813
0.1768
0.11824
0.05249
-0.017371
-0.08608
-0.1476
-0.19658
-0.22971
-0.24688
-0.25184
-0.25182
-0.25572
-0.27102
-0.30022
-0.33848
-0.37356
-0.38887
-0.36877
-0.30449
-0.19829
-0.06388
0.077513
0.20425
0.30191
0.36804
0.41202
0.4496
0.4946
0.55125
0.61082
0.65406
0.65851
0.60758
0.49748
0.33913
0.15475
-0.029203
-0.18947
-0.31093
-0.38778
-0.42134
-0.41652
-0.37895
-0.31417
-0.22895
-0.13328
-0.04136
0.030026
0.065861
0.058826
0.014431
-0.047217
-0.094755
-0.09409
-0.0201
0.13231
0.34228
0.56564
0.74678
0.83665
0.81076
0.67989
0.48844
0.29948
0.17129
0.13409
0.17637
0.24738
0.27599
0.19948
-0.0091347
-0.32648
-0.68361
-0.98883
-1.1593
-1.1491
-0.96236
-0.64872
-0.28315
0.059095
0.32342
0.48579
0.55075
0.54112
0.48528
0.4071
0.32131
0.23388
0.14553
0.055532
-0.035604
-0.1252
-0.20858
-0.2798
-0.33263
-0.36182
-0.365
-0.34442
-0.30807
-0.26891
-0.24216
-0.241
-0.27188
-0.33114
-0.40414
-0.46777
-0.49609
-0.46789
-0.37392
-0.22135
-0.033371
0.15668
0.31507
0.41828
0.46061
0.45563
0.43075
0.41643
0.43424
0.48806
0.56213
0.62656
0.6484
0.60388
0.48706
0.31191
0.10738
-0.092089
-0.25665
-0.36798
-0.4212
-0.42209
-0.38191
-0.31257
-0.22415
-0.12543
-0.026123
0.061192
0.12146
0.14071
0.1119
0.040827
-0.050724
-0.1272
-0.14747
-0.077562
0.095767
0.35572
0.65473
0.92435
1.0939
1.1126
0.96784
0.69226
0.3572
0.052439
-0.14152
-0.17997
-0.070533
0.12686
0.31763
0.40319
0.31487
0.03936
-0.37358
-0.82463
-1.1953
-1.3847
-1.3406
-1.0731
-0.64935
-0.17057
0.25828
0.55693
0.6877
0.65915
0.51629
0.32211
0.13658
-0.00011432
-0.075643
-0.10333
-0.11143
-0.12864
-0.17144
-0.23825
-0.31189
-0.36882
-0.39049
-0.37197
-0.32428
-0.27002
-0.23458
-0.23637
-0.27977
-0.35302
-0.4314
-0.48457
-0.48551
-0.41848
-0.2834
-0.095759
0.11783
0.32658
0.50272
0.62659
0.68868
0.68882
0.63364
0.53368
0.40128
0.24917
0.089719
-0.065517
-0.20608
-0.32265
-0.40688
-0.45151
-0.45111
-0.40381
-0.31365
-0.19252
-0.060265
0.058094
0.13816
0.16355
0.13254
0.061085
-0.019414
-0.070059
-0.056021
0.041643
0.21809
0.44395
0.6729
0.85557
0.95515
0.95884
0.88042
0.75249
0.61146
0.48155
0.36494
0.24275
0.086729
-0.12351
-0.38538
-0.66781
-0.91843
-1.0809
-1.1153
-1.0125
-0.79691
-0.51694
-0.22811
0.024014
0.21426
0.33905
0.40988
0.44335
0.45245
0.44236
0.41119
0.35418
0.26883
0.15866
0.034246
-0.088503
-0.19229
-0.2632
-0.29494
-0.29107
-0.26441
-0.23345
-0.21694
-0.228
-0.26974
-0.33362
-0.40118
-0.44876
-0.45408
-0.40266
-0.29221
-0.13352
0.052569
0.24081
0.40792
0.53721
0.6203
0.65577
0.64627
0.59585
0.50878
0.39015
0.24725
0.090523
-0.066613
-0.20931
-0.32341
-0.39755
-0.42459
-0.40265
-0.33579
-0.23451
-0.11561
-0.00057683
0.088043
0.13224
0.12478
0.073853
0.0039402
-0.048753
-0.045933
0.040369
0.21661
0.46216
0.7325
0.97119
1.1272
1.1712
1.1048
0.95699
0.77126
0.58613
0.4195
0.26297
0.089284
-0.13039
-0.40727
-0.72289
-1.0301
-1.2671
-1.3792
-1.3382
-1.1526
-0.86341
-0.53051
-0.213
0.04654
0.22976
0.34073
0.39726
0.41999
0.42388
0.41474
0.39094
0.34826
0.28503
0.20513
0.11796
0.035708
-0.030514
-0.07404
-0.094537
-0.097996
-0.095123
-0.098635
-0.11996
-0.16586
-0.2356
-0.3195
-0.39977
-0.45387
-0.46025
-0.40473
-0.28569
-0.11595
0.079523
0.26964
0.42487
0.52406
0.55815
0.53007
0.4515
0.33808
0.20525
0.065603
-0.071526
-0.19906
-0.31047
-0.39841
-0.45446
-0.47029
-0.44014
-0.36396
-0.24997
-0.11541
0.015549
0.11707
0.16883
0.16321
0.10987
0.035459
-0.022247
-0.024755
0.054943
0.2223
0.45694
0.71641
0.94747
1.1017
1.1499
1.0902
0.94617
0.75583
0.55554
0.36599
0.18602
-0.0029504
-0.22359
-0.48645
-0.77823
-1.0604
-1.2793
-1.3844
-1.346
-1.1667
-0.8808
-0.54274
-0.21082
0.068208
0.26798
0.38318
0.42397
0.4079
0.35304
0.2743
0.18294
0.0879
-0.0027465
-0.081329
-0.14124
-0.17821
-0.19139
-0.18378
-0.16178
-0.13399
-0.10985
-0.098291
-0.10634
-0.13775
-0.19153
-0.26066
-0.33199
-0.38784
-0.40957
-0.38252
-0.30066
-0.16943
-0.0053093
0.16777
0.32421
0.44258
0.5097
0.52165
0.48226
0.40007
0.28543
0.149
0.0016336
-0.14489
-0.2773
-0.3815
-0.44458
-0.4578
-0.4195
-0.33673
-0.22478
-0.10438
0.0026631
0.078508
0.11343
0.10808
0.073224
0.027045
-0.0093859
-0.01731
0.01497
0.088928
0.19508
0.31496
0.42551
0.50473
0.53696
0.51641
0.44783
0.34451
0.22458
0.10697
0.0079491
-0.061268
-0.09616
-0.099776
-0.082493
-0.059911
-0.04855
-0.060152
-0.096601
-0.1479
-0.19464
-0.21461
-0.19091
-0.11861
-0.0071802
0.12211
0.24252
0.3295
0.36708
0.35114
0.28901
0.19611
0.091143
-0.0085967
-0.090461
-0.14762
-0.17844
-0.18491
-0.17113
-0.14251
-0.10577
-0.069109
-0.041762
-0.032634
-0.048029
-0.089294
-0.15132
-0.22255
-0.28681
-0.32655
-0.32678
-0.27891
-0.18333
-0.050091
0.10277
0.25305
0.37939
0.46597
0.50558
0.50009
0.45845
0.39299
0.31556
0.23467
0.15441
0.075155
-0.004542
-0.0858
-0.16791
-0.24781
-0.32044
-0.37951
-0.41825
-0.43019
-0.41
-0.35504
-0.26726
-0.15512
-0.03429
0.073801
0.146
0.16354
0.11863
0.01951
-0.10826
-0.22569
-0.28935
-0.2637
-0.13336
0.088915
0.36208
0.62566
0.81592
0.88427
0.81211
0.61653
0.34487
0.059779
-0.18008
-0.33685
-0.40218
-0.39514
-0.35117
-0.30665
-0.28553
-0.29241
-0.3139
-0.32652
-0.30742
-0.24353
-0.1362
-0.00041865
0.14028
0.26087
0.34138
0.37133
0.35107
0.29041
0.20521
0.11309
0.029266
-0.036331
-0.080241
-0.10476
-0.11582
-0.12028
-0.12378
-0.1297
-0.13964
-0.15466
-0.17623
-0.20605
-0.24442
-0.28786
-0.32759
-0.35012
-0.34062
-0.28804
-0.19018
-0.056251
0.094333
0.23706
0.34941
0.41739
0.43903
0.42359
0.38708
0.34583
0.31072
0.28413
0.26042
0.22946
0.18143
0.11108
0.019867
-0.084435
-0.1901
-0.28454
-0.35695
-0.39968
-0.40838
-0.38164
-0.3208
-0.23054
-0.12003
-0.003594
0.10005
0.17098
0.19349
0.16241
0.087885
-0.0038863
-0.075924
-0.091435
-0.027788
0.11143
0.29179
0.45454
0.53435
0.48315
0.29154
-0.0016563
-0.31768
-0.56288
-0.66228
-0.5886
-0.37453
-0.10232
0.12587
0.22546
0.16004
-0.046631
-0.32108
-0.56806
-0.70449
-0.68675
-0.52213
-0.26203
0.018759
0.24786
0.37689
0.39234
0.31382
0.18253
0.045292
-0.059934
-0.11304
-0.11373
-0.077328
-0.02691
0.015268
0.034473
0.026565
-0.0029632
-0.043096
-0.082609
-0.11435
-0.13683
-0.1527
-0.16514
-0.17413
-0.17467
-0.15791
-0.11489
-0.041158
0.05988
0.17646
0.29112
0.38537
0.44458
0.46109
0.43487
0.37181
0.28097
0.17209
0.054197
-0.064675
-0.17709
-0.27587
-0.35416
-0.40589
-0.42633
-0.41267
-0.36452
-0.28469
-0.18023
-0.063355
0.048396
0.13385
0.17224
0.14927
0.063952
-0.066598
-0.20694
-0.30978
-0.32872
-0.23433
-0.02795
0.25259
0.53945
0.75308
0.82727
0.73213
0.48606
0.15141
-0.18559
-0.44334
-0.57147
-0.56549
-0.46435
-0.33245
-0.23366
-0.2076
-0.25696
-0.34989
-0.43532
-0.46434
-0.40912
-0.27247
-0.085579
0.10424
0.25021
0.32094
0.30877
0.22947
0.11472
0.00068909
-0.083051
-0.12095
-0.11353
-0.07429
-0.023369
0.019669
0.041519
0.037795
0.01228
-0.026414
-0.069116
-0.10946
-0.14503
-0.17604
-0.2025
-0.22161
-0.22693
-0.21003
-0.16408
-0.087732
0.012743
0.12426
0.23058
0.31728
0.37601
0.40602
0.41254
0.40278
0.38152
0.34851
0.29873
0.2256
0.1255
0.0016757
-0.13426
-0.26403
-0.36695
-0.42524
-0.42868
-0.37729
-0.28147
-0.15994
-0.036144
0.065946
0.12623
0.13253
0.083917
-0.0071914
-0.11538
-0.20587
-0.24183
-0.19428
-0.052118
0.17155
0.43964
0.6992
0.89551
0.98792
0.96173
0.83204
0.63782
0.4282
0.24586
0.11335
0.027574
-0.035448
-0.10728
-0.21072
-0.34732
-0.49417
-0.61144
-0.65755
-0.60562
-0.45478
-0.23212
0.015128
0.23371
0.37969
0.42985
0.38598
0.27166
0.12332
-0.020777
-0.13037
-0.1892
-0.19613
-0.16216
-0.10488
-0.04267
0.0097761
0.043674
0.05629
0.049685
0.028842
-0.00026627
-0.032374
-0.064124
-0.094448
-0.12385
-0.15263
-0.17876
-0.19641
-0.19632
-0.16832
-0.1054
-0.0077843
0.11506
0.24556
0.36235
0.44637
0.48637
0.4819
0.44255
0.3839
0.32182
0.2672
0.22301
0.18458
0.14268
0.088049
0.015643
-0.072989
-0.16988
-0.26305
-0.34007
-0.39129
-0.41166
-0.40073
-0.36129
-0.29771
-0.21478
-0.11792
-0.014255
0.086002
0.16933
0.22059
0.22709
0.18416
0.10047
0.00064944
-0.077039
-0.088834
0.0016994
0.20956
0.51775
0.87483
1.2031
1.4166
1.4442
1.2515
0.854
0.31752
-0.25596
-0.75322
-1.0794
-1.1838
-1.0734
-0.81011
-0.49203
-0.22312
-0.082203
-0.10032
-0.25396
-0.4759
-0.67934
-0.78696
-0.75508
-0.58544
-0.32168
-0.032773
0.21002
0.35477
0.38219
0.30715
0.16924
0.017063
-0.10796
-0.1825
-0.20437
-0.18778
-0.15418
-0.12271
-0.104
-0.098811
-0.10114
-0.10319
-0.099934
-0.091278
-0.081536
-0.076825
-0.081693
-0.096275
-0.11498
-0.12723
-0.12031
-0.083493
-0.01226
0.089084
0.20764
0.32523
0.42375
0.49053
0.52152
0.5212
0.49922
0.46553
0.42599
0.38045
0.32385
0.24977
0.15469
0.040952
-0.082631
-0.20293
-0.30624
-0.38212
-0.42565
-0.43752
-0.42196
-0.38407
-0.32768
-0.25506
-0.16841
-0.072483
0.023533
0.106
0.15965
0.17274
0.14288
0.081281
0.013142
-0.027075
-0.0049475
0.1023
0.29554
0.5485
0.81043
1.0168
1.1063
1.0387
0.80928
0.45325
0.03819
-0.35413
-0.65145
-0.81197
-0.8352
-0.75828
-0.63941
-0.5348
-0.47826
-0.47138
-0.48735
-0.48606
-0.43339
-0.31659
-0.15001
0.030474
0.18095
0.26524
0.26685
0.1933
0.072106
-0.059196
-0.16516
-0.22236
-0.22443
-0.18108
-0.11251
-0.041612
0.013214
0.042232
0.044997
0.027942
0.00047362
-0.028799
-0.054487
-0.075005
-0.091475
-0.10563
-0.11763
-0.12477
-0.12163
-0.10182
-0.060608
0.0026495
0.083416
0.17283
0.26017
0.33571
0.39275
0.42778
0.43921
0.42562
0.38492
0.31518
0.21666
0.094045
-0.042633
-0.17922
-0.3004
-0.39325
-0.44976
-0.46746
-0.44826
-0.39653
-0.31793
-0.21972
-0.11234
-0.010703
0.066365
0.099893
0.077348
3.0987e-05
-0.112
-0.22071
-0.27828
-0.24148
-0.088245
0.16985
0.48481
0.78213
0.98174
1.0234
0.88788
0.60494
0.24524
-0.10258
-0.36101
-0.48828
-0.48937
-0.40951
-0.3135
-0.25936
-0.27675
-0.35802
-0.46431
-0.54306
-0.54936
-0.46276
-0.29388
-0.079549
0.13059
0.29024
0.36974
0.36271
0.28478
0.1663
0.042084
-0.058407
-0.11763
-0.13217
-0.11084
-0.069866
-0.027167
0.0027991
0.012248
0.00084258
-0.025885
-0.059707
-0.093232
-0.12246
-0.14734
-0.17023
-0.19286
-0.21347
-0.22556
-0.2191
-0.1841
-0.11499
-0.014074
0.10769
0.23292
0.34237
0.42004
0.45696
0.45247
0.41268
0.3473
0.26612
0.17655
0.082969
-0.012334
-0.10745
-0.19923
-0.28253
-0.3504
-0.39521
-0.41008
-0.39052
-0.33598
-0.25105
-0.14602
-0.036401
0.05903
0.12161
0.13718
0.10058
0.019021
-0.087006
-0.18629
-0.24316
-0.22651
-0.11933
0.074163
0.32679
0.59329
0.82127
0.96487
0.99721
0.91722
0.74899
0.53372
0.31691
0.13502
0.0059865
-0.073283
-0.12149
-0.16204
-0.21108
-0.2696
-0.32281
-0.347
-0.32063
-0.23493
-0.099461
0.059465
0.20672
0.30934
0.34645
0.31472
0.22794
0.11154
-0.0056696
-0.099689
-0.1568
-0.17533
-0.16368
-0.13593
-0.10672
-0.087055
-0.08207
-0.091148
-0.10991
-0.13309
-0.157
-0.18051
-0.20412
-0.22772
-0.24822
-0.25863
-0.24934
-0.21148
-0.14094
-0.041234
0.076387
0.19573
0.30047
0.37888
0.42659
0.44635
0.44499
0.42931
0.40261
0.36338
0.30667
0.22736
0.1239
0.0010578
-0.1294
-0.25042
-0.3432
-0.39161
-0.38625
-0.32728
-0.22519
-0.099401
0.025203
0.12331
0.17494
0.17076
0.11582
0.030364
-0.053049
-0.096362
-0.065672
0.058386
0.27249
0.5476
0.83273
1.0654
1.1862
1.1542
0.95843
0.62217
0.19881
-0.2406
-0.62468
-0.89919
-1.0392
-1.0518
-0.96913
-0.8338
-0.68361
-0.54076
-0.40983
-0.28375
-0.15408
-0.019876
0.10874
0.21365
0.27613
0.28485
0.24085
0.15759
0.056673
-0.038871
-0.11082
-0.14961
-0.15484
-0.13318
-0.094903
-0.050695
-0.0097721
0.020665
0.035196
0.030029
0.003516
-0.042712
-0.10261
-0.1654
-0.21676
-0.24154
-0.22756
-0.16932
-0.070415
0.056422
0.19194
0.31512
0.40856
0.46278
0.47786
0.46202
0.42763
0.38639
0.34534
0.30515
0.26105
0.20578
0.13333
0.041965
-0.064391
-0.1767
-0.28287
-0.37041
-0.42882
-0.45118
-0.43482
-0.38148
-0.29729
-0.1928
-0.082621
0.015828
0.084909
0.11079
0.088041
0.023319
-0.063419
-0.14157
-0.17648
-0.13878
-0.013923
0.1913
0.44761
0.70863
0.92157
1.0405
1.0386
0.91507
0.69617
0.42796
0.16355
-0.052015
-0.19447
-0.26577
-0.29006
-0.30141
-0.32823
-0.381
-0.4484
-0.50316
-0.51456
-0.46212
-0.34445
-0.18042
-0.0026094
0.1534
0.25975
0.30317
0.28637
0.22462
0.1395
0.052411
-0.0203
-0.069532
-0.093281
-0.094858
-0.080582
-0.057783
-0.033517
-0.013974
-0.0042306
-0.0080246
-0.027324
-0.061711
-0.10779
-0.15891
-0.20553
-0.23646
-0.24102
-0.21169
-0.14663
-0.05105
0.063355
0.18102
0.28651
0.36839
0.42151
0.44684
0.44903
0.43317
0.40214
0.3559
0.29276
0.21177
0.11488
0.0078025
-0.1009
-0.20186
-0.28711
-0.35151
-0.39267
-0.40987
-0.40265
-0.37017
-0.31201
-0.23011
-0.13116
-0.027696
0.062939
0.12259
0.13831
0.10874
0.048219
-0.013548
-0.037591
0.013387
0.16208
0.40596
0.71309
1.0268
1.2785
1.4055
1.3681
1.1606
0.81368
0.38665
-0.047735
-0.42157
-0.68818
-0.83178
-0.86749
-0.83178
-0.76679
-0.7044
-0.65611
-0.61254
-0.5521
-0.45445
-0.31272
-0.13913
0.037995
0.18412
0.2707
0.28486
0.23294
0.13726
0.027963
-0.066713
-0.128
-0.14993
-0.13791
-0.10397
-0.061224
-0.01963
0.015408
0.041927
0.058988
0.064666
0.055639
0.028669
-0.016802
-0.076286
-0.13945
-0.19162
-0.21741
-0.20521
-0.15109
-0.060474
0.052885
0.17032
0.2728
0.34515
0.37888
0.37315
0.33404
0.27243
0.20106
0.13131
0.07039
0.01969
-0.024947
-0.071019
-0.12578
-0.19253
-0.26809
-0.34253
-0.40128
-0.42914
-0.41492
-0.35549
-0.25796
-0.13909
-0.021733
0.07103
0.12264
0.12865
0.099238
0.057431
0.033174
0.05473
0.1399
0.28985
0.48775
0.70289
0.89937
1.0463
1.1261
1.1373
1.0909
1.0022
0.88092
0.72505
0.52158
0.25464
-0.081964
-0.47331
-0.87871
-1.2376
-1.4847
-1.5706
-1.478
-1.2286
-0.87759
-0.49655
-0.1532
0.10572
0.26262
0.32692
0.32513
0.28808
0.24033
0.19473
0.15297
0.11021
0.06113
0.0046597
-0.054323
-0.10645
-0.14158
-0.15315
-0.14133
-0.11401
-0.08483
-0.069168
-0.078989
-0.11845
-0.18167
-0.2536
-0.31381
-0.34209
-0.32422
-0.25607
-0.14482
-0.0071681
0.13484
0.25906
0.34804
0.39222
0.39104
0.35203
0.28833
0.21525
0.14651
0.09093
0.05041
0.01986
-0.010609
-0.051722
-0.11048
-0.18659
-0.27112
-0.34818
-0.39905
-0.40771
-0.36623
-0.27824
-0.15947
-0.034675
0.068569
0.12774
0.13277
0.090545
0.024644
-0.030254
-0.038262
0.02618
0.16867
0.37063
0.59259
0.78477
0.90205
0.91823
0.83433
0.67751
0.49049
0.31551
0.1789
0.082591
0.0059371
-0.0828
-0.21014
-0.38309
-0.58298
-0.77026
-0.89821
-0.92992
-0.85157
-0.67692
-0.44188
-0.19236
0.029488
0.19549
0.29545
0.33485
0.32873
0.29455
0.24694
0.19504
0.14273
0.090337
0.036962
-0.01753
-0.071257
-0.12
-0.15791
-0.17919
-0.18041
-0.1628
-0.13341
-0.10429
-0.089521
-0.1006
-0.14188
-0.20766
-0.28237
-0.34414
-0.37104
-0.3479
-0.27153
-0.15225
-0.011219
0.12567
0.23522
0.30305
0.32661
0.3142
0.28085
0.24262
0.21122
0.19064
0.1766
0.15877
0.12495
0.065774
-0.02146
-0.13093
-0.24889
-0.35642
-0.43367
-0.46449
-0.44068
-0.3648
-0.25095
-0.12282
-0.0090013
0.063825
0.078431
0.033179
-0.05528
-0.15424
-0.22227
-0.22046
-0.12454
0.06559
0.32279
0.59811
0.83407
0.98195
1.017
0.9453
0.7992
0.62249
0.45164
0.30121
0.16026
0.0015766
-0.20024
-0.4504
-0.72412
-0.97088
-1.1313
-1.1597
-1.0421
-0.80199
-0.4924
-0.17764
0.086586
0.26736
0.35867
0.37613
0.34624
0.29526
0.24184
0.19471
0.15462
0.11824
0.081772
0.042975
0.0016602
-0.040757
-0.081798
-0.11833
-0.14708
-0.16575
-0.17445
-0.17696
-0.18064
-0.19437
-0.22486
-0.27278
-0.3304
-0.38234
-0.40947
-0.39494
-0.33021
-0.21876
-0.075956
0.074913
0.20924
0.3079
0.36196
0.37377
0.35449
0.31899
0.28048
0.24642
0.21706
0.18674
0.14706
0.090619
0.014096
-0.080207
-0.18444
-0.28653
-0.37234
-0.42807
-0.44306
-0.41251
-0.33993
-0.23826
-0.12861
-0.036144
0.016547
0.016857
-0.032115
-0.10994
-0.18268
-0.21177
-0.16563
-0.030465
0.18353
0.44304
0.69979
0.9035
1.0155
1.0184
0.91887
0.74226
0.52247
0.29005
0.063801
-0.15113
-0.35811
-0.55969
-0.74874
-0.90505
-0.99968
-1.0056
-0.90993
-0.72137
-0.47014
-0.19949
0.046778
0.23596
0.35308
0.40104
0.39559
0.35789
0.30749
0.25783
0.21462
0.17675
0.1387
0.093619
0.036385
-0.033981
-0.11309
-0.19168
-0.25815
-0.30252
-0.32064
-0.31682
-0.30337
-0.29671
-0.3111
-0.35237
-0.41408
-0.47789
-0.51855
-0.51181
-0.44291
-0.3124
-0.1372
0.053595
0.227
0.35559
0.42493
0.43643
0.40502
0.35251
0.29936
0.25767
0.22782
0.19964
0.15752
0.087581
-0.01583
-0.14645
-0.2866
-0.41165
-0.4969
-0.52469
-0.48958
-0.40004
-0.27658
-0.14675
-0.03861
0.025838
0.035575
-0.0069611
-0.086371
-0.17753
-0.25099
-0.27969
-0.24558
-0.1448
0.010245
0.19304
0.36924
0.50565
0.57917
0.58291
0.52742
0.43644
0.33872
0.25834
0.20674
0.17931
0.15805
0.11969
0.046545
-0.064124
-0.19654
-0.32044
-0.40138
-0.41328
-0.34776
-0.21708
-0.049868
0.11792
0.25309
0.33319
0.35049
0.31188
0.23533
0.14439
0.062031
0.0049822
-0.02016
-0.018088
-0.0027461
0.0075763
-0.0033642
-0.044012
-0.1121
-0.19583
-0.27877
-0.34621
-0.39033
-0.41165
-0.41663
-0.4127
-0.4034
-0.38605
-0.35276
-0.29433
-0.20507
-0.086632
0.050917
0.19101
0.31491
0.40695
0.45871
0.47085
0.45184
0.41427
0.37011
0.3268
0.28541
0.24152
0.18803
0.1188
0.031727
-0.069686
-0.17664
-0.27687
-0.35734
-0.40721
-0.42028
-0.39649
-0.34233
-0.26997
-0.19498
-0.13305
-0.096073
-0.08879
-0.10693
-0.13791
-0.16418
-0.16848
-0.13933
-0.074883
0.016258
0.11782
0.2112
0.28148
0.32188
0.3349
0.32986
0.31764
0.30486
0.28975
0.26174
0.20527
0.1069
-0.036609
-0.21287
-0.39376
-0.54185
-0.62143
-0.61031
-0.50751
-0.33396
-0.12622
0.07406
0.23099
0.32237
0.3431
0.30414
0.22798
0.14209
0.07167
0.033155
0.029854
0.051107
0.075574
0.078221
0.039105
-0.048929
-0.17667
-0.32086
-0.45182
-0.54371
-0.58306
-0.57223
-0.5265
-0.46645
-0.4091
-0.36179
-0.32082
-0.27512
-0.21258
-0.12637
-0.018457
0.10065
0.21567
0.31191
0.38008
0.41863
0.43291
0.43164
0.4225
0.40848
0.38668
0.34971
0.28917
0.19975
0.082493
-0.053926
-0.19421
-0.31951
-0.41165
-0.45735
-0.45136
-0.39789
-0.30984
-0.20631
-0.10863
-0.035859
-0.0007007
-0.0066255
-0.047042
-0.10668
-0.16498
-0.20074
-0.19714
-0.14599
-0.050144
0.076516
0.21198
0.33119
0.41215
0.44129
0.41674
0.34876
0.25722
0.16683
0.10099
0.075354
0.092651
0.14044
0.19318
0.21894
0.18963
0.091457
-0.067999
-0.25958
-0.44011
-0.56553
-0.60485
-0.54959
-0.41529
-0.23502
-0.04825
0.11062
0.22006
0.27411
0.28028
0.25458
0.21563
0.17929
0.15482
0.14277
0.13525
0.1185
0.077539
0.0020107
-0.10885
-0.244
-0.38253
-0.49976
-0.57529
-0.59993
-0.5784
-0.52638
-0.46335
-0.40419
-0.35339
-0.30447
-0.24445
-0.16147
-0.051762
0.077063
0.20798
0.32081
0.40009
0.44094
0.45053
0.44445
0.43974
0.4475
0.46829
0.49194
0.50166
0.4804
0.41709
0.31032
0.16887
0.0091402
-0.14892
-0.28618
-0.38786
-0.44556
-0.45784
-0.42961
-0.37066
-0.29377
-0.21282
-0.14096
-0.089006
-0.064099
-0.068712
-0.10009
-0.15037
-0.20745
-0.25682
-0.28429
-0.279
-0.23633
-0.15949
-0.059316
0.047874
0.14387
0.21241
0.24245
0.2303
0.1805
0.10562
0.024444
-0.041568
-0.073563
-0.0612
-0.0071678
0.071873
0.14925
0.1966
0.19396
0.13787
0.043804
-0.058359
-0.13448
-0.15787
-0.11802
-0.023203
0.10342
0.23183
0.33397
0.39058
0.39438
0.34987
0.27062
0.17515
0.082438
0.0077112
-0.040802
-0.063478
-0.068794
-0.070605
-0.083763
-0.11928
-0.18066
-0.26281
-0.35393
-0.43981
-0.50848
-0.5534
-0.57387
-0.5729
-0.55395
-0.51833
-0.46446
-0.38935
-0.29132
-0.17274
-0.041445
0.089825
0.20607
0.29383
0.34493
0.35888
0.34311
0.31083
0.27733
0.25596
0.25484
0.27538
0.31254
0.35651
0.395
0.41559
0.40792
0.36547
0.28721
0.17866
0.051808
-0.076413
-0.18735
-0.26481
-0.29908
-0.28936
-0.24385
-0.17722
-0.10645
-0.04626
-0.0056544
0.013249
0.014065
0.0034133
-0.011946
-0.026767
-0.03724
-0.039705
-0.029467
-0.00094256
0.050392
0.12494
0.21635
0.31083
0.38951
0.43346
0.42998
0.37798
0.28994
0.18909
0.10201
0.048735
0.034343
0.045766
0.056057
0.035296
-0.035955
-0.1564
-0.30182
-0.43246
-0.50708
-0.49784
-0.39987
-0.23218
-0.030549
0.16395
0.31614
0.4042
0.42231
0.379
0.29309
0.1885
0.089021
0.013516
-0.028005
-0.0367
-0.024674
-0.011657
-0.018909
-0.061942
-0.1446
-0.25698
-0.37844
-0.48478
-0.5568
-0.58648
-0.57832
-0.54542
-0.50253
-0.45924
-0.41642
-0.36712
-0.301
-0.21033
-0.094832
0.036476
0.16713
0.27796
0.35304
0.38474
0.3761
0.3399
0.29479
0.25981
0.24911
0.26843
0.31404
0.37428
0.43282
0.47267
0.47993
0.44671
0.3727
0.26533
0.13859
0.010408
-0.10083
-0.18006
-0.21872
-0.21639
-0.18045
-0.12378
-0.061353
-0.006759
0.03026
0.04471
0.035948
0.0067761
-0.037132
-0.087215
-0.13201
-0.1582
-0.15346
-0.11074
-0.032445
0.067794
0.16729
0.24042
0.26689
0.23897
0.16493
0.066715
-0.027395
-0.092996
-0.11868
-0.11051
-0.089706
-0.083924
-0.11538
-0.19051
-0.29578
-0.40167
-0.47335
-0.48359
-0.42233
-0.29938
-0.13974
0.025666
0.16942
0.27386
0.33266
0.34856
0.32961
0.28586
0.2275
0.16428
0.10502
0.05652
0.021704
-0.0019729
-0.02261
-0.05159
-0.099269
-0.17024
-0.26031
-0.35706
-0.44388
-0.5061
-0.53625
-0.53611
-0.51462
-0.48287
-0.44865
-0.41304
-0.37041
-0.31169
-0.22925
-0.1215
0.0048169
0.1354
0.25208
0.33818
0.38378
0.38887
0.36348
0.32465
0.29124
0.27843
0.29351
0.33419
0.38971
0.44396
0.47969
0.4825
0.44401
0.36361
0.24876
0.11384
-0.022511
-0.14115
-0.22651
-0.27004
-0.27184
-0.23996
-0.18752
-0.12874
-0.075165
-0.033437
-0.0053293
0.010221
0.014263
0.0057951
-0.018141
-0.059954
-0.11773
-0.18232
-0.23731
-0.26287
-0.24235
-0.16944
-0.052626
0.084983
0.21104
0.29299
0.30795
0.25005
0.13285
-0.014399
-0.15553
-0.25861
-0.30559
-0.29712
-0.25052
-0.19188
-0.14549
-0.12486
-0.12887
-0.1442
-0.1522
-0.13695
-0.090915
-0.01659
0.075569
0.17117
0.25584
0.31794
0.3499
0.34873
0.31615
0.25855
0.18613
0.11093
0.043776
-0.0089628
-0.047514
-0.078488
-0.11205
-0.15739
-0.21839
-0.29155
-0.36718
-0.43338
-0.48082
-0.50604
-0.51167
-0.50371
-0.4875
-0.46439
-0.43069
-0.3794
-0.30379
-0.20148
-0.077081
0.057418
0.18501
0.288
0.35287
0.3742
0.35631
0.31213
0.25979
0.21793
0.20116
0.21667
0.26277
0.32937
0.40023
0.45629
0.47974
0.45818
0.38798
0.27606
0.13907
-0.00018501
-0.11846
-0.19821
-0.23208
-0.22407
-0.18717
-0.13822
-0.092205
-0.057996
-0.037139
-0.025833
-0.018994
-0.014264
-0.013875
-0.023268
-0.047036
-0.084253
-0.12578
-0.15533
-0.15438
-0.10919
-0.017026
0.11079
0.25058
0.37228
0.44781
0.45919
0.40381
0.29497
0.15785
0.021902
-0.087449
-0.15527
-0.17959
-0.16938
-0.13945
-0.10443
-0.074109
-0.051472
-0.033426
-0.013277
0.016152
0.059699
0.1179
0.18618
0.25533
0.31332
0.34823
0.35168
0.32171
0.26397
0.19052
0.11619
0.053792
0.0097843
-0.017767
-0.037987
-0.063132
-0.10331
-0.16218
-0.23555
-0.31331
-0.38365
-0.43759
-0.47158
-0.48736
-0.48943
-0.48159
-0.46438
-0.43443
-0.38605
-0.31421
-0.21775
-0.1015
0.023737
0.14328
0.24226
0.30957
0.34071
0.33874
0.31313
0.27699
0.24385
0.22469
0.22602
0.24899
0.28936
0.33815
0.38287
0.40959
0.40585
0.3641
0.28472
0.1773
0.059214
-0.048614
-0.12734
-0.16538
-0.16125
-0.12303
-0.065008
-0.002893
0.050533
0.087738
0.10627
0.10665
0.089879
0.056053
0.0051691
-0.060349
-0.13289
-0.19871
-0.24012
-0.24078
-0.19216
-0.098568
0.021777
0.14049
0.2266
0.25553
0.21652
0.11622
-0.022859
-0.16867
-0.28894
-0.3606
-0.37631
-0.34543
-0.2893
-0.23238
-0.19287
-0.17663
-0.17654
-0.17698
-0.16124
-0.11845
-0.047397
0.043458
0.13931
0.22374
0.28326
0.31027
0.30412
0.27045
0.21904
0.16103
0.10584
0.0588
0.019947
-0.015379
-0.054257
-0.10287
-0.1634
-0.2325
-0.30222
-0.36306
-0.40797
-0.43503
-0.44768
-0.45216
-0.45352
-0.45238
-0.44395
-0.41971
-0.37112
-0.29338
-0.18807
-0.063381
0.067634
0.19017
0.29088
0.36026
0.39383
0.39227
0.36084
0.30868
0.24779
0.19172
0.15342
0.14228
0.16109
0.20381
0.25572
0.29661
0.30674
0.27359
0.19699
0.090216
-0.023592
-0.1186
-0.17429
-0.18137
-0.14375
-0.076135
0.0013109
0.06924
0.11401
0.12989
0.11839
0.0858
0.040369
-0.0093792
-0.05498
-0.087596
-0.098047
-0.078119
-0.023049
0.065901
0.18013
0.30449
0.42008
0.5083
0.55488
0.55306
0.50494
0.42078
0.31587
0.20588
0.10207
0.0082901
-0.07865
-0.16516
-0.25529
-0.3462
-0.42717
-0.48285
-0.49945
-0.471
-0.40284
-0.31084
-0.21647
-0.14004
-0.094357
-0.081302
-0.092338
-0.11238
-0.12537
-0.11952
-0.090322
-0.040767
0.020872
0.084531
0.1416
0.18686
0.21865
0.23774
0.24567
0.24346
0.23121
0.20862
0.17596
0.13493
0.088967
0.042787
0.0013798
-0.03119
-0.052728
-0.063302
-0.064985
-0.061076
-0.055107
-0.049949
-0.047275
-0.047457
-0.049827
-0.05312
-0.055905
-0.056881
-0.055015
-0.049577
-0.040157
-0.026754
-0.0099069
0.0091707
0.028565
0.045844
0.058454
0.064284
0.062237
0.05262
0.037213
0.018943
0.0012315
-0.012804
-0.02107
-0.022929
-0.019239
-0.012004
-0.0037705
0.0030566
0.0067722
0.0066869
0.0031514
-0.0026612
-0.0091176
-0.014521
-0.017462
-0.017079
-0.0132
-0.0063703
0.0022419
0.011061
0.018408
0.022837
0.023451
0.020118
0.013532
0.0051071
-0.0033011
-0.0098035
-0.012947
-0.012124
-0.0078048
-0.0014617
0.0048134
0.0089323
0.0094678
0.0061157
-0.00020762
-0.0076709
-0.014121
-0.017751
-0.017614
-0.013834
-0.0074694
-0.00012302
0.0065459
0.011244
0.013285
0.012618
0.0096938
0.0052472
9.8418e-05
-0.0049854
-0.0093593
-0.012531
-0.01419
-0.014243
-0.012845
-0.010377
-0.007353
-0.0042763
-0.0014867
0.00091857
0.0030537
0.0051132
0.0072099
0.009266
0.011014
0.012099
0.012229
0.011276
0.0092947
0.0064552
0.002945
-0.0010858
-0.0055002
-0.010088
-0.014484
-0.018159
-0.020532
-0.021164
-0.019945
-0.017162
-0.01339
-0.0092403
-0.0050991
-0.0010134
0.0031991
0.0076664
0.012177
0.016089
0.018516
0.018747
0.016662
0.012938
0.0089014
0.0060532
0.005478
0.0073801
0.010952
0.014625
0.016611
0.015512
0.010795
0.0029791
-0.006521
-0.015801
-0.022999
-0.026778
-0.026639
-0.022983
-0.016939
-0.010022
-0.0037245
0.00084509
0.0031988
0.0035286
0.0025947
0.001475
0.0012393
0.0026248
0.0058006
0.01029
0.015084
0.018929
0.020703
0.019762
0.016138
0.010529
0.0040819
-0.001943
-0.006507
-0.0090216
-0.0094197
-0.00808
-0.0056594
-0.0029001
-0.00046277
0.0011884
0.0018432
0.0015491
0.00056835
-0.00070466
-0.0018514
-0.0025389
-0.0026019
-0.0020722
-0.0011444
-9.0845e-05
0.00084184
0.0015148
0.0019271
0.0021844
0.0024268
0.0027485
0.0031488
0.0035348
0.0037718
0.0037533
0.0034556
0.0029486
0.0023592
0.0018049
0.0013318
0.00088756
0.00034347
-0.00044294
-0.0015523
-0.0029456
-0.0044475
-0.005776
-0.0066108
-0.0066791
-0.0058363
-0.0041201
-0.0017615
0.00085444
0.0032699
0.0050592
0.0059292
0.0057873
0.0047568
0.0031385
0.0013301
-0.00026812
-0.001335
-0.0016774
-0.0012427
-0.0001047
0.0015621
0.0035085
0.0054329
0.0070087
0.0079219
0.0079256
0.0068992
0.0048962
0.0021554
-0.00093595
-0.0039246
-0.0063945
-0.0080584
-0.008807
-0.0087012
-0.007915
-0.0066558
-0.0050946
-0.003334
-0.0014203
0.00061072
0.0026813
0.004638
0.0062552
0.0072751
0.007474
0.0067312
0.005079
0.0027138
-3.8398e-05
-0.0027929
-0.0051943
-0.006991
-0.0080748
-0.0084736
-0.0083086
-0.0077339
-0.0068831
-0.0058401
-0.0046387
-0.0032859
-0.0017958
-0.00022024
0.0013363
0.0027235
0.0037735
0.0043423
0.0043507
0.003809
0.0028173
0.0015388
0.00015678
-0.0011681
-0.0023262
-0.0032628
-0.00396
-0.004407
-0.0045765
-0.0044166
-0.0038669
-0.0028902
-0.0015106
0.00016029
0.0019212
0.0035091
0.0046521
0.0051335
0.0048452
0.0038161
0.0022053
0.00026425
-0.0017188
-0.0034749
-0.0047966
-0.0055585
-0.0057187
-0.0053067
-0.0044058
-0.0031344
-0.0016264
-1.3631e-05
0.0015877
0.003083
0.0043975
0.0054708
0.0062546
0.0067152
0.0068389
0.0066305
0.0061039
0.0052686
0.0041277
0.002694
0.0010242
-0.0007525
-0.0024317
-0.0037733
-0.004573
-0.004736
-0.0043198
-0.0035232
-0.0026247
-0.0018937
-0.0015069
-0.0014993
-0.0017624
-0.0020874
-0.0022379
-0.0020284
-0.0013877
-0.00038933
0.00075865
0.0017626
0.0023203
0.0022062
0.0013436
-0.00015501
-0.0019958
-0.0037613
-0.0050126
-0.0054114
-0.0048284
-0.0034011
-0.0015112
0.00031874
0.001583
0.0019521
0.0013772
9.8108e-05
-0.0014491
-0.0027895
-0.0035713
-0.0036711
-0.0032044
-0.0024484
-0.0017119
-0.0012123
-0.0010081
-0.001007
-0.0010404
-0.00096321
-0.00073303
-0.00043624
-0.00025193
-0.00037282
-0.00091678
-0.0018635
-0.0030393
-0.0041571
-0.0048985
-0.0050128
-0.0044009
-0.0031539
-0.0015343
9.7178e-05
0.0013844
0.0020747
0.0020833
0.0015046
0.00057063
-0.00042633
-0.0012195
-0.0016367
-0.0016352
-0.0012961
-0.00078429
-0.00028868
4.0794e-05
0.00013803
3.4138e-05
-0.00016484
-0.00032619
-0.00034504
-0.00018317
0.00012232
0.0004813
0.00079105
0.00097568
0.0010084
0.00091145
0.00073872
0.00055346
0.00040961
0.00034142
0.00035948
0.00045048
0.00057903
0.00069312
0.00073502
0.00065747
0.00044107
0.0001061
-0.00028703
-0.00065112
-0.00089623
-0.00095748
-0.00081748
-0.00051507
-0.00013555
0.0002162
0.00045172
0.00053148
0.00048085
0.00038223
0.00034476
0.00046211
0.00077395
0.0012447
0.0017674
0.0021906
0.0023619
0.0021735
0.0015986
0.00070586
-0.0003553
-0.0013957
-0.0022416
-0.0027832
-0.0029963
-0.0029305
-0.00267
-0.0022898
-0.0018282
-0.0012894
-0.00066997
7.1194e-06
0.00067462
0.0012304
0.0015721
0.0016393
0.0014397
0.001045
0.00055557
5.1124e-05
-0.00044609
-0.00097588
-0.0016067
-0.0023784
-0.0032499
-0.0040797
-0.0046562
-0.0047709
-0.0043068
-0.0033043
-0.0019731
-0.00063933
0.0003559
0.00077006
0.0005421
-0.00018692
-0.001124
-0.0019264
-0.0023174
-0.0021724
-0.0015459
-0.00063513
0.00030042
0.0010256
0.001391
0.0013519
0.00095018
0.00027833
-0.00055155
-0.0014236
-0.0022202
-0.0028222
-0.0031184
-0.0030271
-0.0025246
-0.0016658
-0.00058506
0.00052856
0.0014759
0.0020999
0.0023273
0.0021856
0.0017876
0.0012875
0.00082445
0.00047605
0.00024154
6.2565e-05
-0.00012805
-0.00035353
-0.00056349
-0.00064509
-0.00047356
1.8989e-05
0.00078868
0.001668
0.0024088
0.0027668
0.0025964
0.0019143
0.00090591
-0.00013233
-0.0008913
-0.0011525
-0.00085802
-0.00012393
0.00080375
0.001632
0.0021121
0.0021098
0.0016335
0.00081804
-0.00012789
-0.00098871
-0.0016034
-0.0019038
-0.0019212
-0.0017624
-0.0015637
-0.0014385
-0.0014345
-0.0015155
-0.0015745
-0.0014772
-0.0011226
-0.00050033
0.00028048
0.0010067
0.0014224
0.0013195
0.00062339
-0.00055614
-0.0019348
-0.0031232
-0.0037357
-0.0035044
-0.002361
-0.00046157
0.0018524
