0.0057682
0.0042852
0.0028954
0.0016487
0.00054188
-0.00045916
-0.0013764
-0.0021825
-0.002793
-0.0030957
-0.0030016
-0.0024936
-0.0016474
-0.00061749
0.00040693
0.0012546
0.001812
0.0020373
0.0019466
0.0015865
0.0010087
0.00026058
-0.00060361
-0.0015022
-0.0023104
-0.0028661
-0.0030023
-0.0026006
-0.0016433
-0.0002443
0.00136
0.0028612
0.0039577
0.0044355
0.0042258
0.0034184
0.002228
0.00092549
-0.00024056
-0.0011063
-0.0016175
-0.0018138
-0.0017845
-0.0016182
-0.0013701
-0.0010576
-0.00068067
-0.00025293
0.00017558
0.00051666
0.00066535
0.00053575
9.6021e-05
-0.00061233
-0.0014791
-0.0023525
-0.0030785
-0.0035396
-0.0036798
-0.003512
-0.0031058
-0.0025638
-0.0019939
-0.0014863
-0.0010991
-0.00085584
-0.00074943
-0.00075226
-0.00082647
-0.00093323
-0.0010399
-0.0011245
-0.0011791
-0.0012099
-0.0012364
-0.0012867
-0.0013879
-0.0015534
-0.0017684
-0.0019822
-0.002112
-0.0020636
-0.0017636
-0.0011948
-0.00041901
0.0004247
0.0011503
0.0015785
0.0015959
0.0011971
0.00049322
-0.00032221
-0.0010374
-0.0014953
-0.0016486
-0.001574
-0.00144
-0.0014369
-0.0016949
-0.0022223
-0.0028896
-0.0034671
-0.003708
-0.0034431
-0.0026553
-0.0015029
-0.00028211
0.00066109
0.0010386
0.00071313
-0.00025564
-0.0016264
-0.0030493
-0.0041725
-0.0047497
-0.0047109
-0.0041745
-0.0033959
-0.0026714
-0.0022319
-0.0021652
-0.0023935
-0.0027128
-0.0028769
-0.0026924
-0.0020906
-0.0011529
-8.4221e-05
0.00085244
0.0014163
0.0014592
0.0009677
6.3965e-05
-0.0010314
-0.002067
-0.0028373
-0.0032441
-0.0033201
-0.0032046
-0.0030806
-0.0030963
-0.0033035
-0.0036371
-0.0039429
-0.0040427
-0.0038082
-0.0032169
-0.0023657
-0.0014406
-0.00065442
-0.00017777
-8.8623e-05
-0.00035768
-0.00087106
-0.0014771
-0.0020359
-0.0024509
-0.0026755
-0.0026981
-0.002522
-0.0021547
-0.0016128
-0.00093762
-0.00020814
0.00046099
0.0009422
0.0011335
0.00099769
0.00058476
2.2624e-05
-0.00052301
-0.00090631
-0.0010523
-0.00097907
-0.00078073
-0.00057828
-0.00045949
-0.0004348
-0.00042989
-0.00031999
7.0012e-06
0.00058446
0.001326
0.0020284
0.0024207
0.0022465
0.0013531
-0.00024053
-0.0023203
-0.0045089
-0.0063484
-0.007413
-0.0074228
-0.0063259
-0.0043235
-0.0018274
0.0006423
0.0025921
0.0036831
0.003814
0.0031335
0.0019799
0.0007706
-0.00012191
-0.00046914
-0.00023412
0.00044009
0.0012904
0.0020204
0.0023868
0.0022647
0.0016748
0.00077085
-0.00020955
-0.0010148
-0.0014529
-0.0014476
-0.0010625
-0.00048244
4.3273e-05
0.00028246
0.00010127
-0.00048237
-0.0012941
-0.0020524
-0.0024591
-0.0023012
-0.0015304
-0.00029214
0.001109
0.0022992
0.0029555
0.0029149
0.0022379
0.001198
0.0001969
-0.0003711
-0.00026031
0.00053049
0.0017462
0.0029577
0.0037137
0.0037084
0.0029035
0.0015565
0.00013864
-0.00082928
-0.00096917
-0.00019345
0.0012476
0.0028421
0.0039926
0.0042317
0.0033961
0.0016938
-0.00036418
-0.0021417
-0.0031017
-0.0029905
-0.0019172
-0.00030092
0.001287
0.0023214
0.002488
0.0017605
0.00037422
-0.0012804
-0.0027947
-0.00386
-0.0043309
-0.004225
-0.0036746
-0.0028598
-0.0019522
-0.0010881
-0.00037343
9.3866e-05
0.00020106
-0.00018539
-0.001206
-0.0029816
-0.0055883
-0.009044
-0.013308
-0.018284
-0.023806
-0.029607
-0.035268
-0.040192
-0.043621
-0.04475
-0.042914
-0.037821
-0.029747
-0.019605
-0.0088192
0.00099433
0.0084843
0.013003
0.014872
0.015324
0.016101
0.018761
0.023953
0.030972
0.037903
0.042489
0.043525
0.042227
0.042873
0.052103
0.07678
0.12094
0.18299
0.25436
0.32059
0.36493
0.37328
0.33896
0.26535
0.16539
0.058039
-0.036997
-0.10433
-0.13597
-0.1316
-0.096337
-0.03742
0.038648
0.12717
0.22429
0.32473
0.41987
0.49737
0.54336
0.54632
0.50158
0.41429
0.29958
0.17927
0.075885
0.0056395
-0.02716
-0.031955
-0.028847
-0.041128
-0.085892
-0.16634
-0.26916
-0.36854
-0.43566
-0.44982
-0.40659
-0.31939
-0.2143
-0.1205
-0.060653
-0.044868
-0.069698
-0.12147
-0.1816
-0.2316
-0.25625
-0.24521
-0.19397
-0.10514
0.010006
0.13093
0.23016
0.27924
0.25766
0.16162
0.0087845
-0.16385
-0.30944
-0.3852
-0.36595
-0.25236
-0.071041
0.13336
0.31105
0.42069
0.43966
0.36816
0.22693
0.049844
-0.12598
-0.26946
-0.36211
-0.40075
-0.39623
-0.36909
-0.34316
-0.3384
-0.36453
-0.41696
-0.4769
-0.51628
-0.50683
-0.4305
-0.28724
-0.096619
0.10774
0.28881
0.41737
0.47932
0.47663
0.42259
0.33453
0.22789
0.11433
0.0040775
-0.089742
-0.14819
-0.14799
-0.068092
0.10086
0.34815
0.64008
0.92519
1.1468
1.259
1.241
1.1031
0.88355
0.63612
0.4127
0.24763
0.14869
0.098014
0.062236
0.0080428
-0.082893
-0.20539
-0.33209
-0.42432
-0.44802
-0.3881
-0.25526
-0.082614
0.085757
0.20915
0.26154
0.2364
0.14499
0.010465
-0.13893
-0.2755
-0.37593
-0.42394
-0.41258
-0.34626
-0.24151
-0.12533
-0.030145
0.014044
-0.011566
-0.10787
-0.25575
-0.4199
-0.55769
-0.63069
-0.61525
-0.5091
-0.33194
-0.12002
0.083733
0.24099
0.32754
0.33807
0.28492
0.19138
0.081947
-0.026433
-0.12885
-0.23047
-0.33922
-0.45644
-0.57051
-0.65712
-0.68709
-0.63848
-0.50765
-0.31371
-0.093877
0.10842
0.25771
0.33693
0.34999
0.31623
0.25981
0.19908
0.14066
0.080471
0.010693
-0.071071
-0.15502
-0.21848
-0.2322
-0.17145
-0.027267
0.18724
0.43871
0.68322
0.87996
1.0031
1.0466
1.0211
0.94394
0.8289
0.68035
0.49487
0.26935
0.011227
-0.2548
-0.48814
-0.64245
-0.68134
-0.59315
-0.39854
-0.14693
0.097079
0.27232
0.33798
0.28329
0.12781
-0.086367
-0.30695
-0.48442
-0.58263
-0.58542
-0.4988
-0.34865
-0.1746
-0.020691
0.075235
0.091201
0.026967
-0.095853
-0.23982
-0.36218
-0.42657
-0.41231
-0.31858
-0.16274
0.025723
0.21328
0.36967
0.47296
0.51191
0.48622
0.40533
0.28621
0.15025
0.019205
-0.089093
-0.16459
-0.20711
-0.22587
-0.23627
-0.25452
-0.29164
-0.34879
-0.41543
-0.4716
-0.49373
-0.46263
-0.37084
-0.22663
-0.05287
0.11902
0.25806
0.34232
0.36437
0.3318
0.26314
0.18108
0.10539
0.047939
0.011103
-0.010586
-0.026523
-0.045587
-0.072619
-0.10672
-0.1415
-0.1669
-0.17192
-0.14759
-0.089698
-0.00059511
0.11049
0.22897
0.33826
0.42403
0.47785
0.49882
0.49209
0.46526
0.42419
0.37074
0.30369
0.2221
0.12949
0.035891
-0.043569
-0.093369
-0.10356
-0.074207
-0.016317
0.051143
0.10668
0.13202
0.11625
0.057813
-0.03568
-0.1488
-0.26064
-0.34813
-0.39048
-0.37451
-0.2996
-0.18012
-0.043844
0.074582
0.14346
0.14418
0.077869
-0.034221
-0.15695
-0.25219
-0.29034
-0.25872
-0.16417
-0.029646
0.11329
0.23342
0.30743
0.32448
0.28708
0.20863
0.10884
0.0080142
-0.078101
-0.14174
-0.18394
-0.21257
-0.23832
-0.26995
-0.31038
-0.35497
-0.39247
-0.40835
-0.38946
-0.32867
-0.22775
-0.097745
0.043467
0.17566
0.28122
0.3489
0.37541
0.36452
0.32449
0.26491
0.19428
0.1188
0.042696
-0.030639
-0.097312
-0.15221
-0.18922
-0.20231
-0.18706
-0.14207
-0.069669
0.024275
0.13151
0.24309
0.35086
0.44806
0.52847
0.5846
0.6061
0.58016
0.49489
0.34535
0.13988
-0.096456
-0.32415
-0.49803
-0.58027
-0.55287
-0.42466
-0.22942
-0.015716
0.16769
0.28521
0.32201
0.28392
0.19125
0.069893
-0.056316
-0.1697
-0.25896
-0.3172
-0.33995
-0.32505
-0.27452
-0.197
-0.10853
-0.030039
0.018585
0.025904
-0.0053784
-0.057318
-0.10146
-0.10817
-0.057405
0.053153
0.20561
0.36614
0.49479
0.55748
0.53635
0.43495
0.27663
0.096835
-0.068043
-0.19143
-0.26333
-0.29124
-0.29512
-0.29862
-0.31969
-0.36364
-0.42103
-0.47075
-0.48736
-0.4503
-0.35181
-0.20099
-0.022364
0.1508
0.28604
0.36106
0.3695
0.32145
0.23875
0.14689
0.066752
0.0088139
-0.028092
-0.05354
-0.079265
-0.11252
-0.15165
-0.18566
-0.1978
-0.17211
-0.10016
0.014527
0.15643
0.30266
0.43067
0.52567
0.58445
0.61367
0.6233
0.61843
0.59376
0.53396
0.42046
0.24222
0.0056402
-0.26111
-0.51238
-0.69717
-0.77504
-0.72973
-0.57521
-0.35193
-0.11479
0.082404
0.20075
0.22406
0.1595
0.03219
-0.12331
-0.27173
-0.38386
-0.44071
-0.43518
-0.37203
-0.26649
-0.14144
-0.023059
0.064762
0.10635
0.0987
0.052778
-0.0092164
-0.060107
-0.075678
-0.041821
0.041259
0.15896
0.28624
0.39442
0.45888
0.46554
0.41399
0.31656
0.19339
0.065525
-0.051389
-0.15044
-0.23258
-0.30227
-0.36191
-0.40796
-0.43068
-0.41781
-0.36062
-0.2594
-0.12574
0.019504
0.15187
0.25031
0.3027
0.30827
0.27609
0.22101
0.15858
0.10087
0.054287
0.019508
-0.0069031
-0.030205
-0.055259
-0.084835
-0.11854
-0.1524
-0.17908
-0.18904
-0.17255
-0.12226
-0.035701
0.083334
0.22491
0.37439
0.51445
0.62678
0.69324
0.69728
0.62666
0.47803
0.26206
0.0063977
-0.24654
-0.44819
-0.55694
-0.55122
-0.43706
-0.24691
-0.030074
0.16157
0.28709
0.32502
0.27512
0.15463
-0.0086035
-0.18307
-0.33911
-0.45254
-0.50708
-0.49613
-0.42414
-0.30689
-0.16963
-0.042516
0.046384
0.078579
0.050675
-0.024338
-0.12085
-0.20829
-0.26002
-0.26024
-0.20688
-0.1099
0.013425
0.14398
0.26485
0.36312
0.42971
0.45869
0.4469
0.39439
0.30497
0.18611
0.047819
-0.099096
-0.24444
-0.37888
-0.49315
-0.57711
-0.61992
-0.61217
-0.54943
-0.43566
-0.28455
-0.11752
0.041474
0.17242
0.26437
0.31702
0.33818
0.33818
0.32409
0.2963
0.24949
0.1777
0.081611
-0.025607
-0.11706
-0.15733
-0.11341
0.032175
0.27094
0.56539
0.85585
1.0758
1.1714
1.1182
0.92881
0.65001
0.34765
0.08657
-0.088915
-0.16695
-0.16881
-0.13831
-0.12378
-0.15932
-0.25206
-0.38029
-0.50299
-0.577
-0.57477
-0.49568
-0.3665
-0.23132
-0.13521
-0.10825
-0.15571
-0.25749
-0.3761
-0.47003
-0.5072
-0.47433
-0.37924
-0.24633
-0.10709
0.010364
0.089455
0.12825
0.13713
0.13247
0.12913
0.13488
0.14871
0.16343
0.17091
0.16742
0.15659
0.14875
0.1569
0.19116
0.25386
0.33712
0.42382
0.4917
0.51924
0.49156
0.40465
0.2666
0.095776
-0.083448
-0.24598
-0.37079
-0.44406
-0.46058
-0.42326
-0.34173
-0.23013
-0.1047
0.018639
0.12643
0.20933
0.26292
0.28781
0.2887
0.2727
0.24687
0.21561
0.17864
0.13091
0.064732
-0.02561
-0.13847
-0.26072
-0.36736
-0.42611
-0.40644
-0.29053
-0.082213
0.19003
0.47808
0.72656
0.88878
0.94064
0.88714
0.75876
0.59894
0.44749
0.32644
0.23419
0.15029
0.048724
-0.086208
-0.24868
-0.41026
-0.52974
-0.56997
-0.51409
-0.37422
-0.1889
-0.010576
0.11135
0.14555
0.086715
-0.045218
-0.21307
-0.37408
-0.4913
-0.54176
-0.51996
-0.43669
-0.31423
-0.17974
-0.058407
0.032038
0.084353
0.10172
0.094862
0.077299
0.060608
0.051338
0.050708
0.056853
0.068113
0.085364
0.11196
0.15125
0.20303
0.26113
0.31354
0.34552
0.34442
0.30403
0.22682
0.12291
0.0067445
-0.10723
-0.2079
-0.28877
-0.34707
-0.38179
-0.39189
-0.37573
-0.33196
-0.26122
-0.16771
-0.059646
0.051611
0.15365
0.23557
0.29028
0.31599
0.31622
0.29831
0.27067
0.23936
0.20528
0.16329
0.10421
0.019621
-0.0919
-0.2196
-0.33909
-0.41651
-0.41788
-0.32137
-0.12781
0.1349
0.41649
0.65786
0.80897
0.8447
0.77199
0.6251
0.45071
0.28936
0.16118
0.062045
-0.028751
-0.13337
-0.2605
-0.39773
-0.51483
-0.57623
-0.55687
-0.45423
-0.29147
-0.11069
0.040438
0.12331
0.11909
0.032645
-0.11061
-0.27288
-0.41425
-0.50238
-0.5192
-0.46381
-0.35114
-0.20728
-0.062542
0.05584
0.12983
0.15391
0.13502
0.08919
0.03636
-0.0050933
-0.022309
-0.0096362
0.031788
0.095644
0.17224
0.25004
0.31696
0.36192
0.3767
0.35778
0.30742
0.23328
0.14631
0.057672
-0.024325
-0.095903
-0.15742
-0.2111
-0.25797
-0.29559
-0.31763
-0.31579
-0.28312
-0.21736
-0.12286
-0.010376
0.10533
0.2091
0.28903
0.33895
0.35916
0.35505
0.33411
0.30229
0.26094
0.20588
0.12938
0.024955
-0.10637
-0.25104
-0.38175
-0.46199
-0.45602
-0.34181
-0.12229
0.17004
0.47828
0.73582
0.8863
0.90149
0.79026
0.59442
0.37306
0.18132
0.052239
-0.011329
-0.032137
-0.044103
-0.074918
-0.13341
-0.20672
-0.2677
-0.2884
-0.25325
-0.1664
-0.050641
0.060707
0.13497
0.14996
0.099407
-0.0067945
-0.14646
-0.2912
-0.41291
-0.48939
-0.5084
-0.46966
-0.38457
-0.27343
-0.16064
-0.068583
-0.011987
0.0056833
-0.0076496
-0.036257
-0.062706
-0.074173
-0.066448
-0.044063
-0.016719
0.0061433
0.019991
0.026986
0.034322
0.050198
0.079473
0.12099
0.16758
0.20857
0.23357
0.23597
0.21491
0.17517
0.12516
0.073906
0.028343
-0.008224
-0.035954
-0.056893
-0.072809
-0.083457
-0.086049
-0.076145
-0.049566
-0.0045656
0.0566
0.12728
0.19744
0.25581
0.29271
0.30263
0.28579
0.24795
0.19832
0.14607
0.0966
0.049342
-0.0019716
-0.066003
-0.14849
-0.2469
-0.34737
-0.42592
-0.45431
-0.40916
-0.28141
-0.082256
0.15731
0.39417
0.58591
0.70403
0.74231
0.71654
0.65562
0.58758
0.52688
0.46868
0.3928
0.2761
0.10737
-0.102
-0.31705
-0.48916
-0.57308
-0.54411
-0.40855
-0.20308
0.01647
0.19238
0.282
0.26858
0.16315
-0.0018054
-0.18367
-0.34179
-0.44675
-0.48512
-0.45929
-0.38374
-0.27934
-0.16755
-0.065872
0.01456
0.06919
0.098589
0.10634
0.097311
0.076829
0.050776
0.025761
0.0086478
0.0050786
0.017468
0.043512
0.07621
0.10575
0.12264
0.12093
0.10009
0.064909
0.023553
-0.015323
-0.045148
-0.062724
-0.067962
-0.062482
-0.047948
-0.024992
0.0067702
0.047749
0.096911
0.15062
0.2024
0.24401
0.26755
0.2678
0.24396
0.19966
0.14122
0.074789
0.0038281
-0.071647
-0.15332
-0.2409
-0.32821
-0.40122
-0.43961
-0.42221
-0.33466
-0.17661
0.034911
0.26793
0.48381
0.64853
0.74278
0.76644
0.73572
0.674
0.60082
0.52397
0.43857
0.33333
0.20106
0.047769
-0.10452
-0.22343
-0.27837
-0.25379
-0.15745
-0.019923
0.11472
0.20307
0.21587
0.14625
0.010239
-0.1595
-0.32391
-0.44816
-0.5097
-0.50196
-0.43351
-0.32388
-0.19764
-0.07839
0.015704
0.074452
0.096019
0.085709
0.053782
0.012892
-0.024463
-0.048219
-0.0525
-0.036521
-0.0044037
0.036116
0.07578
0.10616
0.12163
0.12046
0.10483
0.079747
0.051377
0.025215
0.0048485
-0.0083918
-0.014821
-0.015243
-0.0098522
0.0022434
0.022635
0.052555
0.091657
0.13724
0.18434
0.22679
0.25876
0.27626
0.27776
0.26354
0.23415
0.18877
0.12467
0.038553
-0.070291
-0.19623
-0.32467
-0.4324
-0.49166
-0.47734
-0.37532
-0.18897
0.059003
0.3306
0.58173
0.77338
0.88084
0.89781
0.83434
0.71063
0.54991
0.37363
0.20031
0.046935
-0.069591
-0.13338
-0.1336
-0.070032
0.043157
0.17801
0.29872
0.37122
0.37288
0.29888
0.16312
-0.0064202
-0.17597
-0.31517
-0.40421
-0.4371
-0.42053
-0.3694
-0.30081
-0.22893
-0.16227
-0.10376
-0.05314
-0.0099154
0.024458
0.046393
0.051923
0.039449
0.011946
-0.022628
-0.053168
-0.068867
-0.062898
-0.034867
0.0089154
0.057406
0.098314
0.12184
0.1234
0.10457
0.071934
0.034642
0.0014886
-0.021259
-0.030675
-0.026611
-0.010337
0.016748
0.05364
0.0993
0.15161
0.20643
0.25748
0.29727
0.31898
0.3183
0.29457
0.25046
0.19031
0.11796
0.035321
-0.057342
-0.15922
-0.26571
-0.36579
-0.44185
-0.47282
-0.44043
-0.33635
-0.16766
0.042342
0.25898
0.44572
0.57498
0.63591
0.63575
0.5941
0.53254
0.46445
0.38998
0.29865
0.17874
0.028866
-0.13441
-0.27754
-0.36055
-0.35319
-0.24943
-0.07349
0.12605
0.29179
0.37627
0.35666
0.24017
0.059312
-0.14
-0.31265
-0.42604
-0.46614
-0.43766
-0.35929
-0.25669
-0.15548
-0.075817
-0.029335
-0.018407
-0.037267
-0.074467
-0.116
-0.14845
-0.16166
-0.15038
-0.1149
-0.060633
0.0030933
0.064776
0.11289
0.13826
0.13623
0.10808
0.061004
0.0064418
-0.043146
-0.077986
-0.093934
-0.093408
-0.083806
-0.073898
-0.069598
-0.070875
-0.071195
-0.059913
-0.026802
0.032971
0.11544
0.20747
0.2898
0.34259
0.35177
0.31385
0.2376
0.14175
0.049283
-0.020136
-0.057137
-0.066642
-0.067178
-0.085081
-0.14479
-0.258
-0.41542
-0.58472
-0.71685
-0.75978
-0.67604
-0.45759
-0.1322
0.24195
0.5922
0.85216
0.9798
0.96663
0.83581
0.63128
0.40322
0.19485
0.034384
-0.06707
-0.11293
-0.11608
-0.093508
-0.062057
-0.035787
-0.02467
-0.034178
-0.065394
-0.11544
-0.17814
-0.24477
-0.30505
-0.34821
-0.36456
-0.34753
-0.29587
-0.21536
-0.11898
-0.024986
0.047237
0.082431
0.074004
0.02608
-0.047875
-0.12932
-0.20005
-0.24664
-0.26249
-0.24743
-0.20593
-0.14518
-0.073948
-0.0020971
0.060171
0.10382
0.12321
0.11819
0.09458
0.062585
0.033278
0.014739
0.0095174
0.014611
0.023918
0.031952
0.037035
0.042522
0.055532
0.083799
0.13195
0.19868
0.27584
0.34989
0.40522
0.4285
0.41275
0.35968
0.27947
0.18769
0.10035
0.028601
-0.024808
-0.066005
-0.10691
-0.15976
-0.23116
-0.31821
-0.40807
-0.48132
-0.51764
-0.50154
-0.42594
-0.29295
-0.11233
0.10028
0.32416
0.53328
0.69691
0.78326
0.76734
0.64129
0.42274
0.1564
-0.09445
-0.26528
-0.31091
-0.22133
-0.026227
0.21427
0.42891
0.55766
0.56886
0.46571
0.28122
0.064706
-0.13455
-0.28065
-0.35782
-0.36954
-0.33211
-0.26605
-0.18903
-0.11247
-0.042236
0.01841
0.065776
0.094744
0.10029
0.080516
0.039279
-0.013255
-0.062713
-0.094517
-0.098228
-0.07068
-0.016969
0.050846
0.11685
0.16527
0.18445
0.16959
0.12373
0.056348
-0.019711
-0.092231
-0.15294
-0.19899
-0.2322
-0.25638
-0.27422
-0.2849
-0.28371
-0.26354
-0.21781
-0.14352
-0.043285
0.074338
0.19621
0.30727
0.39352
0.44479
0.45644
0.43
0.3726
0.29558
0.21245
0.13646
0.07797
0.041804
0.025149
0.016891
-0.00068318
-0.047285
-0.13765
-0.27403
-0.44106
-0.60571
-0.72374
-0.75146
-0.65946
-0.44344
-0.12829
0.236
0.58517
0.85475
0.99361
0.97438
0.79928
0.50083
0.13697
-0.21971
-0.49749
-0.64287
-0.63471
-0.49008
-0.25907
-0.0094664
0.19332
0.30436
0.30923
0.22337
0.082493
-0.071534
-0.20371
-0.29383
-0.33759
-0.34229
-0.31986
-0.28093
-0.23204
-0.17642
-0.11709
-0.0596
-0.012617
0.014344
0.014868
-0.010864
-0.055074
-0.10452
-0.14484
-0.16496
-0.15979
-0.13037
-0.082052
-0.022122
0.041966
0.10334
0.15575
0.19363
0.21255
0.20997
0.18595
0.14329
0.087016
0.023602
-0.039789
-0.095734
-0.13683
-0.15614
-0.14813
-0.11004
-0.043203
0.046247
0.14777
0.24807
0.33352
0.39284
0.41906
0.41042
0.36992
0.30399
0.22069
0.12842
0.035286
-0.050727
-0.12163
-0.17007
-0.19145
-0.18691
-0.16606
-0.14724
-0.15368
-0.20564
-0.31052
-0.45494
-0.60315
-0.70422
-0.70725
-0.57996
-0.32384
0.02055
0.3812
0.6735
0.82474
0.79629
0.59639
0.27907
-0.071064
-0.36357
-0.52883
-0.53775
-0.40794
-0.19462
0.029938
0.20051
0.27777
0.25598
0.15831
0.023695
-0.10872
-0.21114
-0.27157
-0.29125
-0.27831
-0.24169
-0.18823
-0.12347
-0.054356
0.0088198
0.053335
0.067877
0.047451
-0.0034089
-0.07108
-0.13704
-0.18387
-0.20051
-0.18442
-0.14065
-0.078603
-0.0087123
0.059717
0.11904
0.16291
0.18597
0.18441
0.15706
0.10641
0.038784
-0.036758
-0.11032
-0.17309
-0.21852
-0.24264
-0.24359
-0.22117
-0.17657
-0.11248
-0.033268
0.055121
0.14564
0.23088
0.30383
0.35843
0.39
0.3956
0.3745
0.32877
0.26367
0.18751
0.11074
0.043984
-0.0046859
-0.032534
-0.044111
-0.051166
-0.06981
-0.11508
-0.19429
-0.30154
-0.41609
-0.50609
-0.53732
-0.48439
-0.34024
-0.12041
0.13938
0.39148
0.58747
0.68897
0.676
0.55152
0.34177
0.091737
-0.14415
-0.31507
-0.38728
-0.35385
-0.23641
-0.077806
0.071951
0.17132
0.19856
0.15518
0.061321
-0.054028
-0.16346
-0.24841
-0.30123
-0.32276
-0.31777
-0.29097
-0.24577
-0.18567
-0.11676
-0.049226
0.0039684
0.03091
0.025495
-0.0094599
-0.062534
-0.11751
-0.15896
-0.17695
-0.16904
-0.13905
-0.093927
-0.040528
0.015973
0.071824
0.12327
0.16528
0.1915
0.19557
0.17326
0.12445
0.053983
-0.028772
-0.1116
-0.18171
-0.22798
-0.24265
-0.22231
-0.16801
-0.084852
0.01879
0.13223
0.2435
0.34053
0.41245
0.45095
0.45154
0.41446
0.34498
0.25291
0.15147
0.055303
-0.022092
-0.071407
-0.090468
-0.086176
-0.074328
-0.076431
-0.11345
-0.19776
-0.32589
-0.47515
-0.60663
-0.67479
-0.64136
-0.48906
-0.22998
0.094433
0.42235
0.6866
0.83143
0.82664
0.6755
0.41491
0.10727
-0.17456
-0.36604
-0.42841
-0.35927
-0.19219
0.015105
0.19993
0.31416
0.33701
0.27703
0.1638
0.033874
-0.082613
-0.16968
-0.22549
-0.25646
-0.26946
-0.26653
-0.24459
-0.1996
-0.13233
-0.052112
0.024028
0.076805
0.092256
0.067751
0.013506
-0.051124
-0.10481
-0.13164
-0.12579
-0.092075
-0.042899
0.006553
0.042971
0.05806
0.04974
0.021601
-0.0189
-0.062943
-0.10293
-0.13448
-0.15713
-0.17358
-0.1876
-0.20152
-0.21429
-0.22096
-0.21386
-0.18514
-0.12977
-0.047992
0.053773
0.16371
0.26707
0.34941
0.3999
0.41352
0.39173
0.34159
0.27345
0.19849
0.12644
0.064404
0.016467
-0.016212
-0.035441
-0.046276
-0.057123
-0.078734
-0.12138
-0.19028
-0.28059
-0.37444
-0.44224
-0.44951
-0.36802
-0.18779
0.074598
0.37544
0.6525
0.84099
0.89227
0.78946
0.55453
0.24411
-0.065471
-0.29976
-0.4076
-0.37534
-0.22892
-0.023404
0.17609
0.31487
0.36341
0.32197
0.21487
0.078072
-0.054319
-0.15953
-0.22906
-0.2654
-0.27557
-0.26524
-0.23627
-0.18834
-0.12319
-0.048527
0.021208
0.068136
0.077243
0.042829
-0.028038
-0.11687
-0.1995
-0.25379
-0.2661
-0.23422
-0.16621
-0.076367
0.019388
0.10712
0.17658
0.22136
0.23844
0.22774
0.19176
0.13532
0.064892
-0.012379
-0.089504
-0.16006
-0.21802
-0.25733
-0.2719
-0.25639
-0.20781
-0.12724
-0.020997
0.099571
0.21984
0.32471
0.40163
0.44302
0.44733
0.41871
0.36556
0.29839
0.22755
0.1613
0.10445
0.057809
0.01858
-0.018334
-0.058308
-0.10462
-0.1564
-0.20769
-0.24824
-0.26623
-0.25203
-0.20173
-0.11868
-0.011989
0.10727
0.23026
0.35227
0.47078
0.58048
0.66835
0.71257
0.68752
0.57396
0.37046
0.10054
-0.18885
-0.43842
-0.59398
-0.62396
-0.52997
-0.34626
-0.12812
0.066149
0.19262
0.2325
0.19304
0.099995
-0.014264
-0.1217
-0.20479
-0.25685
-0.2781
-0.27066
-0.23568
-0.17406
-0.089857
0.005911
0.094131
0.15084
0.15437
0.093794
-0.025109
-0.17927
-0.33402
-0.45302
-0.50885
-0.49026
-0.40378
-0.26992
-0.11596
0.03148
0.1518
0.23279
0.27041
0.26724
0.23056
0.17063
0.09896
0.02649
-0.038328
-0.090966
-0.13127
-0.16256
-0.18967
-0.21641
-0.24356
-0.26787
-0.28255
-0.27902
-0.24957
-0.18991
-0.10103
0.01021
0.132
0.24971
0.34865
0.41685
0.44714
0.43816
0.39424
0.32426
0.23993
0.15377
0.077074
0.018
-0.020156
-0.040077
-0.05046
-0.064381
-0.095785
-0.15462
-0.24206
-0.34778
-0.45094
-0.52521
-0.54645
-0.50003
-0.38484
-0.21241
-0.0021428
0.22436
0.44656
0.64454
0.79651
0.87757
0.86301
0.7367
0.50168
0.18753
-0.15062
-0.44349
-0.62683
-0.66159
-0.54727
-0.32268
-0.053721
0.18718
0.34231
0.38322
0.31445
0.16688
-0.015239
-0.18833
-0.31981
-0.39273
-0.40487
-0.36476
-0.28695
-0.1885
-0.086936
0.00099507
0.060982
0.083547
0.066616
0.016832
-0.051618
-0.12081
-0.17424
-0.20133
-0.19924
-0.17185
-0.12659
-0.071291
-0.012381
0.044946
0.095565
0.13357
0.15279
0.14857
0.11995
0.070716
0.0087039
-0.056555
-0.11664
-0.16617
-0.20291
-0.2263
-0.23534
-0.22719
-0.19741
-0.14196
-0.060037
0.043555
0.15781
0.26714
0.35492
0.40749
0.41755
0.38558
0.31928
0.23133
0.13658
0.049236
-0.019292
-0.062204
-0.078792
-0.075592
-0.06648
-0.070691
-0.108
-0.19148
-0.31986
-0.47275
-0.61205
-0.69095
-0.66892
-0.52784
-0.28286
0.017304
0.30212
0.49994
0.56068
0.47265
0.26743
0.010958
-0.21666
-0.3459
-0.33903
-0.20065
0.025772
0.27365
0.47534
0.58252
0.57803
0.47634
0.31394
0.13466
-0.02436
-0.14141
-0.21175
-0.24306
-0.24803
-0.23756
-0.21728
-0.1881
-0.14948
-0.10328
-0.055544
-0.01562
0.0072639
0.0079906
-0.011732
-0.043196
-0.073124
-0.087777
-0.077315
-0.039071
0.021218
0.090622
0.15237
0.19048
0.19416
0.16076
0.09605
0.01194
-0.077477
-0.16004
-0.22826
-0.27994
-0.31672
-0.34153
-0.35607
-0.35934
-0.34767
-0.31608
-0.26041
-0.17948
-0.07654
0.040443
0.15979
0.2681
0.35276
0.40432
0.41822
0.39558
0.34294
0.27086
0.19172
0.11693
0.054114
0.0051157
-0.034423
-0.073247
-0.12063
-0.18149
-0.25235
-0.31999
-0.36389
-0.36203
-0.29796
-0.16652
0.023764
0.25198
0.48852
0.69943
0.85061
0.91203
0.86298
0.69828
0.43375
0.10794
-0.22259
-0.49494
-0.65595
-0.67749
-0.56522
-0.35714
-0.11205
0.10811
0.25558
0.30796
0.2702
0.16778
0.035187
-0.095759
-0.20335
-0.27772
-0.3178
-0.32619
-0.30518
-0.25594
-0.18093
-0.087672
0.0088518
0.087403
0.12581
0.10875
0.034776
-0.08067
-0.20807
-0.31196
-0.3615
-0.33986
-0.24918
-0.10969
0.046361
0.18396
0.27472
0.30383
0.27269
0.19663
0.098812
0.0023484
-0.076421
-0.13148
-0.16645
-0.19044
-0.21227
-0.23557
-0.25655
-0.26517
-0.24907
-0.19873
-0.11172
0.0052101
0.13701
0.26371
0.3653
0.42661
0.44096
0.4116
0.35054
0.2749
0.20175
0.14272
0.10019
0.066513
0.026976
-0.034039
-0.12552
-0.24373
-0.3701
-0.47489
-0.52565
-0.4981
-0.38492
-0.1989
0.03099
0.2689
0.48222
0.64808
0.75409
0.79439
0.76508
0.66301
0.48936
0.25622
-0.0085004
-0.26211
-0.45588
-0.54928
-0.52406
-0.3921
-0.19324
0.016488
0.18186
0.26443
0.2519
0.15842
0.016994
-0.13259
-0.25563
-0.33067
-0.35241
-0.32963
-0.28004
-0.22413
-0.17965
-0.15789
-0.16202
-0.18732
-0.22326
-0.25663
-0.27509
-0.26999
-0.2379
-0.18045
-0.10321
-0.014309
0.076599
0.15903
0.22254
0.25816
0.2604
0.22899
0.16954
0.092537
0.010641
-0.064603
-0.12557
-0.16978
-0.19931
-0.21858
-0.23164
-0.23988
-0.24091
-0.22912
-0.19765
-0.14109
-0.05814
0.046604
0.16249
0.27429
0.36528
0.42115
0.4338
0.40388
0.34107
0.26164
0.18366
0.12111
0.078997
0.051208
0.022469
-0.025807
-0.10743
-0.22392
-0.36059
-0.48829
-0.57091
-0.57639
-0.48734
-0.3075
-0.061891
0.20892
0.45775
0.64012
0.72189
0.68473
0.52976
0.27906
-0.025629
-0.32844
-0.56961
-0.69893
-0.68904
-0.54416
-0.3006
-0.01798
0.23645
0.40566
0.4573
0.39057
0.23404
0.035904
-0.14978
-0.2768
-0.31716
-0.26618
-0.14197
0.020093
0.1765
0.28636
0.32162
0.27401
0.15694
0.0013378
-0.15359
-0.27174
-0.33001
-0.32353
-0.2645
-0.17584
-0.082334
-0.0028149
0.053882
0.088501
0.10753
0.11821
0.12463
0.12625
0.119
0.098042
0.060929
0.0098748
-0.047641
-0.10015
-0.13497
-0.14168
-0.1151
-0.056804
0.025206
0.11871
0.21035
0.28858
0.34567
0.37817
0.38605
0.37098
0.33468
0.27812
0.20202
0.10848
0.0031638
-0.10324
-0.19529
-0.25522
-0.26733
-0.22306
-0.12497
0.011715
0.16129
0.29285
0.3775
0.39546
0.341
0.2242
0.069019
-0.091938
-0.22512
-0.30469
-0.32011
-0.28013
-0.21113
-0.14929
-0.12819
-0.16598
-0.25712
-0.37267
-0.46984
-0.50763
-0.46262
-0.33843
-0.16521
0.01039
0.14062
0.19157
0.15258
0.037914
-0.11888
-0.27517
-0.39065
-0.43686
-0.40306
-0.29739
-0.14405
0.02299
0.16795
0.26155
0.28773
0.24719
0.15668
0.043775
-0.061234
-0.1341
-0.16289
-0.14969
-0.10748
-0.05373
-0.0035075
0.035101
0.06187
0.081764
0.10039
0.1198
0.13649
0.14237
0.12824
0.088285
0.023648
-0.05633
-0.13591
-0.19727
-0.22575
-0.21422
-0.16481
-0.087556
0.0032933
0.093831
0.17395
0.23867
0.28722
0.32076
0.34009
0.34419
0.33016
0.29426
0.2335
0.14738
0.039461
-0.081664
-0.20223
-0.30457
-0.37002
-0.38345
-0.33816
-0.23966
-0.10638
0.033594
0.14942
0.21594
0.22097
0.16879
0.078664
-0.02105
-0.10131
-0.14083
-0.13208
-0.083209
-0.014959
0.04671
0.080218
0.076855
0.044748
0.0062602
-0.010742
0.015431
0.090378
0.19976
0.31333
0.39528
0.41666
0.36494
0.24739
0.087673
-0.082167
-0.23089
-0.33521
-0.38326
-0.37433
-0.3164
-0.22302
-0.1108
0.00237
0.099059
0.16441
0.18894
0.17107
0.11833
0.045868
-0.027574
-0.085167
-0.11692
-0.12204
-0.10774
-0.085257
-0.064836
-0.051753
-0.044985
-0.038695
-0.025679
-0.0012177
0.034218
0.074429
0.10932
0.12847
0.12517
0.099406
0.058522
0.015155
-0.016953
-0.0276
-0.013298
0.022323
0.070918
0.12333
0.17303
0.21755
0.25736
0.29323
0.32342
0.34234
0.34143
0.31187
0.24823
0.15163
0.031372
-0.095649
-0.20794
-0.28425
-0.30943
-0.27962
-0.20529
-0.1102
-0.026007
0.016774
-0.0013518
-0.081695
-0.20601
-0.34203
-0.45424
-0.51591
-0.51762
-0.46879
-0.39149
-0.30937
-0.23681
-0.17318
-0.10513
-0.015506
0.10544
0.25216
0.40308
0.52731
0.59543
0.58977
0.50976
0.3711
0.19975
0.023911
-0.13291
-0.25558
-0.3374
-0.37785
-0.37956
-0.34645
-0.2835
-0.19785
-0.099992
-0.0036761
0.076085
0.12662
0.14139
0.12225
0.078994
0.026139
-0.021749
-0.054368
-0.067918
-0.06468
-0.050517
-0.031688
-0.012382
0.0061568
0.024887
0.045225
0.067228
0.088494
0.10425
0.10864
0.096769
0.066906
0.021965
-0.03045
-0.079696
-0.11507
-0.12906
-0.11959
-0.09014
-0.047819
-9.2906e-05
0.048142
0.095845
0.14492
0.19762
0.25368
0.30842
0.35286
0.37562
0.36604
0.31736
0.22919
0.10868
-0.029791
-0.16642
-0.27921
-0.34833
-0.36078
-0.31426
-0.2188
-0.095206
0.029988
0.13164
0.19299
0.20992
0.19065
0.15114
0.10796
0.071769
0.044064
0.018583
-0.013297
-0.05554
-0.10217
-0.13665
-0.13688
-0.084346
0.026414
0.18245
0.35389
0.5021
0.59147
0.60015
0.52588
0.38519
0.20701
0.023683
-0.1374
-0.25895
-0.33474
-0.36718
-0.36324
-0.33071
-0.27637
-0.20635
-0.12779
-0.050289
0.014247
0.054062
0.061404
0.036078
-0.013232
-0.070954
-0.11949
-0.14507
-0.14212
-0.11439
-0.072449
-0.028806
0.0071738
0.032443
0.050427
0.068316
0.092767
0.12584
0.1628
0.19283
0.20245
0.18059
0.12352
0.037583
-0.061486
-0.15267
-0.21597
-0.23849
-0.21802
-0.16273
-0.087155
-0.006419
0.068905
0.13507
0.19394
0.24926
0.30236
0.34954
0.38216
0.38928
0.36155
0.29476
0.19189
0.063147
-0.075569
-0.20523
-0.30668
-0.36385
-0.36682
-0.31443
-0.2155
-0.088076
0.043729
0.15477
0.22443
0.24111
0.20452
0.12525
0.022141
-0.082023
-0.16566
-0.21345
-0.22016
-0.19191
-0.14378
-0.094074
-0.056922
-0.036057
-0.022735
0.00074028
0.052854
0.14328
0.26613
0.39936
0.51091
0.56934
0.55445
0.46386
0.31325
0.13084
-0.051292
-0.20564
-0.31476
-0.37279
-0.38335
-0.35549
-0.29968
-0.22525
-0.13992
-0.050834
0.034021
0.10531
0.15356
0.17171
0.15813
0.11828
0.0641
0.01092
-0.027091
-0.041067
-0.029665
0.0013417
0.041656
0.080071
0.10782
0.12073
0.11982
0.11033
0.099622
0.094352
0.097727
0.10756
0.11595
0.11111
0.081118
0.018585
-0.075295
-0.18899
-0.30213
-0.39005
-0.43018
-0.4082
-0.32213
-0.18319
-0.013299
0.1599
0.30898
0.41209
0.4566
0.44039
0.37087
0.26227
0.13222
-0.0014262
-0.12279
-0.21906
-0.28067
-0.30141
-0.27867
-0.21415
-0.11455
0.008335
0.13853
0.25783
0.34825
0.39451
0.38632
0.32036
0.20199
0.046144
-0.12345
-0.27742
-0.3862
-0.42654
-0.38723
-0.27221
-0.10005
0.099982
0.29411
0.45086
0.54692
0.57078
0.52367
0.41774
0.27227
0.10905
-0.051709
-0.19406
-0.30717
-0.3848
-0.42415
-0.42498
-0.38932
-0.32195
-0.23085
-0.12729
-0.024544
0.064362
0.12958
0.16676
0.17778
0.16946
0.1507
0.12932
0.11009
0.094684
0.083393
0.077311
0.079645
0.095137
0.12766
0.177
0.23646
0.2926
0.32787
0.32551
0.27524
0.17768
0.045551
-0.098891
-0.2298
-0.32491
-0.37148
-0.36887
-0.32678
-0.26019
-0.18301
-0.10325
-0.021725
0.065308
0.16086
0.26189
0.35666
0.42634
0.45064
0.4154
0.31921
0.17621
0.013791
-0.13418
-0.23653
-0.27311
-0.23977
-0.14851
-0.023299
0.10654
0.21302
0.27426
0.27692
0.21681
0.099004
-0.062018
-0.24282
-0.41308
-0.5401
-0.59547
-0.56193
-0.43829
-0.24065
0.0007066
0.24769
0.46224
0.61364
0.68351
0.66795
0.5764
0.42837
0.24873
0.06294
-0.10691
-0.24469
-0.34124
-0.39406
-0.40584
-0.38258
-0.3318
-0.26131
-0.1787
-0.091366
-0.006498
0.069209
0.13035
0.17371
0.19879
0.20759
0.20375
0.19148
0.17491
0.1581
0.14543
0.14173
0.15168
0.17823
0.22061
0.27274
0.32294
0.35564
0.35496
0.30921
0.21495
0.07909
-0.081917
-0.24564
-0.38895
-0.49322
-0.54792
-0.55156
-0.51015
-0.43398
-0.33419
-0.22019
-0.098742
0.025425
0.148
0.26337
0.36361
0.43873
0.47831
0.47411
0.423
0.32927
0.20546
0.071103
-0.05053
-0.13731
-0.17353
-0.15425
-0.087347
0.0075286
0.10314
0.17109
0.18874
0.14493
0.042995
-0.09957
-0.25454
-0.38891
-0.47209
-0.48314
-0.41604
-0.28172
-0.10586
0.077177
0.23267
0.33364
0.3664
0.33203
0.24367
0.1213
-0.014128
-0.14501
-0.25897
-0.34859
-0.40983
-0.44055
-0.4399
-0.40861
-0.34983
-0.2698
-0.17756
-0.083707
0.0017644
0.071597
0.12275
0.15652
0.17724
0.19012
0.19917
0.20613
0.21089
0.21306
0.21379
0.21664
0.22677
0.24843
0.28205
0.322
0.35664
0.37068
0.34955
0.28411
0.17408
0.029019
-0.13355
-0.29211
-0.42602
-0.51965
-0.56471
-0.56028
-0.51107
-0.42479
-0.30989
-0.17456
-0.027214
0.12213
0.26061
0.37262
0.44194
0.45556
0.40813
0.30524
0.16399
0.010293
-0.12668
-0.22134
-0.25775
-0.23319
-0.15813
-0.053015
0.057245
0.14902
0.20439
0.21329
0.17352
0.089742
-0.027346
-0.16135
-0.29073
-0.39072
-0.43752
-0.41405
-0.31559
-0.15303
0.048123
0.25297
0.42541
0.53656
0.57066
0.52708
0.41827
0.26513
0.091705
-0.079133
-0.2285
-0.34276
-0.41408
-0.44055
-0.42618
-0.38021
-0.31538
-0.24511
-0.18023
-0.12619
-0.08221
-0.042596
-0.00017977
0.049472
0.1048
0.1575
0.19506
0.20571
0.18415
0.13558
0.076053
0.028861
0.017571
0.058175
0.1528
0.28724
0.43328
0.55551
0.62076
0.60738
0.5116
0.34882
0.14936
-0.050107
-0.21647
-0.32836
-0.37989
-0.37909
-0.34219
-0.28621
-0.22283
-0.15599
-0.083525
-0.001811
0.089118
0.18252
0.26538
0.32209
0.33976
0.31289
0.24569
0.15116
0.047667
-0.045853
-0.11434
-0.14976
-0.15238
-0.13056
-0.099014
-0.075964
-0.079068
-0.12041
-0.20154
-0.31027
-0.4212
-0.5009
-0.51729
-0.45016
-0.29924
-0.086497
0.14857
0.35906
0.50315
0.55509
0.51178
0.39318
0.23641
0.085041
-0.023517
-0.068479
-0.05064
0.009863
0.081903
0.13446
0.1463
0.11104
0.036638
-0.05949
-0.15718
-0.23931
-0.29509
-0.32054
-0.317
-0.28921
-0.24386
-0.18894
-0.13339
-0.086208
-0.054813
-0.042925
-0.049148
-0.067148
-0.087657
-0.10146
-0.10196
-0.086202
-0.054157
-0.0071117
0.053409
0.12538
0.20476
0.28392
0.35133
0.39339
0.39803
0.35867
0.27666
0.16135
0.027528
-0.10839
-0.23196
-0.33276
-0.40463
-0.44465
-0.45178
-0.42612
-0.36905
-0.28379
-0.17619
-0.054944
0.068813
0.18257
0.27417
0.33385
0.3564
0.34247
0.29877
0.23638
0.16768
0.10265
0.04585
-0.0043774
-0.054153
-0.10992
-0.1736
-0.23904
-0.29187
-0.31325
-0.28679
-0.20578
-0.077648
0.076863
0.22985
0.35541
0.43779
0.47495
0.47614
0.455
0.42178
0.37838
0.31863
0.23354
0.11875
-0.01929
-0.16161
-0.28092
-0.35025
-0.35284
-0.28891
-0.17659
-0.046274
0.068971
0.14331
0.1645
0.13507
0.068626
-0.016331
-0.10237
-0.17677
-0.23222
-0.26528
-0.27439
-0.25874
-0.21885
-0.15819
-0.084828
-0.01136
0.047289
0.078012
0.074134
0.038647
-0.015443
-0.068142
-0.098185
-0.089752
-0.038039
0.048198
0.14819
0.2346
0.28146
0.27218
0.205
0.093968
-0.035141
-0.15274
-0.23461
-0.2692
-0.26058
-0.226
-0.18901
-0.17056
-0.18122
-0.21743
-0.263
-0.29548
-0.29489
-0.25153
-0.16966
-0.06592
0.036866
0.11769
0.16385
0.17361
0.15437
0.11756
0.072964
0.024743
-0.028925
-0.092543
-0.16774
-0.24802
-0.31673
-0.35002
-0.32456
-0.22761
-0.064941
0.13729
0.33886
0.49802
0.5856
0.59461
0.54128
0.45735
0.37714
0.32522
0.30929
0.3208
0.34156
0.35309
0.34406
0.31336
0.2681
0.21836
0.17162
0.12924
0.086445
0.035317
-0.030569
-0.112
-0.20209
-0.28724
-0.35079
-0.3782
-0.36221
-0.30603
-0.22354
-0.13604
-0.066392
-0.032303
-0.040867
-0.086248
-0.15133
-0.21281
-0.24803
-0.24134
-0.18803
-0.09502
0.021687
0.14143
0.24382
0.31283
0.33934
0.32184
0.26553
0.18015
0.077184
-0.032687
-0.14123
-0.24285
-0.33348
-0.40897
-0.46388
-0.49144
-0.485
-0.44041
-0.35838
-0.24597
-0.11635
0.013133
0.12434
0.20242
0.23931
0.23574
0.20067
0.14832
0.093508
0.046849
0.011635
-0.016507
-0.046848
-0.088491
-0.14476
-0.2092
-0.2651
-0.28966
-0.26175
-0.17106
-0.024458
0.15352
0.32742
0.46267
0.53754
0.55004
0.51631
0.46146
0.40718
0.36203
0.31899
0.26135
0.17384
0.053726
-0.083847
-0.20909
-0.28844
-0.29844
-0.23644
-0.12341
0.0023995
0.098434
0.13223
0.091871
-0.010977
-0.1458
-0.27369
-0.35963
-0.38274
-0.34155
-0.25323
-0.14741
-0.056768
-0.0073459
-0.011456
-0.065003
-0.14974
-0.23931
-0.30701
-0.33247
-0.30576
-0.22785
-0.10832
0.038124
0.19492
0.34547
0.47393
0.56563
0.60824
0.59372
0.52064
0.39541
0.23163
0.047484
-0.13788
-0.3076
-0.44885
-0.55287
-0.6139
-0.62807
-0.59317
-0.50964
-0.38253
-0.22328
-0.050314
0.1128
0.24166
0.31689
0.32961
0.28444
0.19854
0.096993
0.0057884
-0.055213
-0.07719
-0.063905
-0.029766
0.004673
0.018478
-0.0039118
-0.067948
-0.16615
-0.27808
-0.37385
-0.42117
-0.39461
-0.28444
-0.1014
0.12485
0.35405
0.54738
0.67848
0.73905
0.73699
0.68883
0.61069
0.51226
0.39646
0.26409
0.12022
-0.021706
-0.14084
-0.21482
-0.22809
-0.17856
-0.079708
0.042751
0.15808
0.23876
0.26683
0.23694
0.15567
0.038391
-0.095047
-0.22434
-0.33168
-0.40351
-0.43141
-0.41269
-0.35092
-0.25631
-0.14526
-0.038498
0.042419
0.079832
0.064661
-0.00032519
-0.099936
-0.20912
-0.29822
-0.33964
-0.3142
-0.21585
-0.0535
0.15004
0.3618
0.54439
0.663
0.69255
0.62386
0.46709
0.25119
0.01859
-0.1841
-0.31748
-0.35979
-0.31349
-0.20558
-0.081138
0.0089891
0.02321
-0.057288
-0.22103
-0.42784
-0.61998
-0.73976
-0.748
-0.63697
-0.43291
-0.18737
0.039523
0.1977
0.26103
0.23227
0.13845
0.019551
-0.08481
-0.14624
-0.15334
-0.11203
-0.041947
0.029359
0.072856
0.064505
-0.0086543
-0.1436
-0.31918
-0.49841
-0.63612
-0.69054
-0.63565
-0.4698
-0.21721
0.078149
0.36404
0.59272
0.731
0.76557
0.7034
0.56829
0.39493
0.22148
0.081839
-0.0012887
-0.020648
0.015187
0.085598
0.16457
0.22783
0.25828
0.2482
0.19853
0.11622
0.011275
-0.10543
-0.22304
-0.3306
-0.41687
-0.47073
-0.48291
-0.44871
-0.37083
-0.26112
-0.13982
-0.03202
0.038297
0.054906
0.014686
-0.070233
-0.17448
-0.26526
-0.31058
-0.28762
-0.18908
-0.025731
0.17536
0.37675
0.53907
0.63036
0.63361
0.55091
0.40257
0.22137
0.043365
-0.10202
-0.19943
-0.25013
-0.26906
-0.27766
-0.29503
-0.3306
-0.38067
-0.42976
-0.45646
-0.44174
-0.37686
-0.26806
-0.13592
-0.0094479
0.083114
0.12338
0.1085
0.051473
-0.023531
-0.089199
-0.12347
-0.11594
-0.070622
-0.0049195
0.054939
0.080788
0.050606
-0.043755
-0.19117
-0.36034
-0.50497
-0.57506
-0.5319
-0.36202
-0.084811
0.24972
0.57331
0.81781
0.93361
0.90199
0.73839
0.48645
0.20549
-0.0445
-0.21679
-0.28733
-0.2581
-0.15379
-0.013351
0.12093
0.21378
0.24388
0.20644
0.1115
-0.020628
-0.16483
-0.29632
-0.39456
-0.44589
-0.44516
-0.39653
-0.31319
-0.21561
-0.12783
-0.072055
-0.062731
-0.10171
-0.17656
-0.26311
-0.33185
-0.35649
-0.32185
-0.2284
-0.091965
0.061158
0.20177
0.30552
0.35837
0.35853
0.31471
0.24166
0.15472
0.065058
-0.022846
-0.11061
-0.20263
-0.30133
-0.40314
-0.49704
-0.5665
-0.59435
-0.56851
-0.48649
-0.35691
-0.19786
-0.03288
0.11406
0.22331
0.28311
0.29149
0.25615
0.19231
0.1188
0.053095
0.0067382
-0.017801
-0.027553
-0.03645
-0.060102
-0.10928
-0.18413
-0.27139
-0.34626
-0.37936
-0.34678
-0.23995
-0.070992
0.12932
0.32089
0.46741
0.54784
0.56138
0.52415
0.45968
0.38794
0.31801
0.2472
0.16643
0.068721
-0.043552
-0.15629
-0.24747
-0.29554
-0.28867
-0.23078
-0.14167
-0.051119
0.010717
0.022992
-0.0195
-0.10527
-0.21032
-0.30583
-0.36676
-0.37875
-0.34155
-0.26809
-0.17996
-0.10056
-0.048126
-0.030784
-0.045175
-0.078819
-0.1152
-0.13936
-0.14191
-0.11998
-0.075469
-0.012029
0.067155
0.15944
0.26076
0.36305
0.4532
0.51471
0.53198
0.49524
0.40422
0.2686
0.1055
-0.064772
-0.22278
-0.35237
-0.44137
-0.48151
-0.46857
-0.40327
-0.29255
-0.15024
0.0039117
0.14709
0.25773
0.3202
0.32849
0.28763
0.21227
0.1226
0.038799
-0.02459
-0.06235
-0.079372
-0.088134
-0.10359
-0.13701
-0.19067
-0.25532
-0.31175
-0.33637
-0.30944
-0.2231
-0.085801
0.079073
0.24034
0.36922
0.4482
0.47483
0.45915
0.41649
0.35981
0.29522
0.2227
0.14083
0.05253
-0.031775
-0.095593
-0.12213
-0.1017
-0.037384
0.053861
0.14523
0.20786
0.21952
0.17134
0.070637
-0.060937
-0.1931
-0.29487
-0.34261
-0.32619
-0.25169
-0.13988
-0.020837
0.074142
0.12104
0.10971
0.046455
-0.04792
-0.1441
-0.21214
-0.22901
-0.18361
-0.078583
0.071112
0.2418
0.40569
0.53574
0.61025
0.61678
0.55483
0.43624
0.28271
0.12054
-0.026116
-0.14126
-0.2203
-0.26926
-0.3003
-0.32535
-0.35041
-0.37277
-0.38243
-0.36707
-0.31856
-0.23798
-0.137
-0.034616
0.049053
0.099514
0.11218
0.09273
0.053879
0.010266
-0.026198
-0.048888
-0.056546
-0.051726
-0.039005
-0.024024
-0.013433
-0.014876
-0.035866
-0.081028
-0.14842
-0.22673
-0.2954
-0.3288
-0.30371
-0.2078
-0.045702
0.15968
0.37162
0.54835
0.65368
0.66623
0.58484
0.42876
0.23265
0.037813
-0.11809
-0.20991
-0.23013
-0.18904
-0.11012
-0.022513
0.046869
0.079524
0.068343
0.01741
-0.060644
-0.14852
-0.22829
-0.28479
-0.30813
-0.29516
-0.24999
-0.18328
-0.11029
-0.047602
-0.0090772
-0.0020315
-0.024955
-0.067749
-0.11462
-0.14862
-0.15615
-0.12976
-0.068593
0.022977
0.1372
0.26401
0.39107
0.50344
0.58428
0.61728
0.59047
0.50014
0.35298
0.16552
-0.038901
-0.23464
-0.3983
-0.51224
-0.56698
-0.56212
-0.506
-0.41367
-0.30341
-0.19241
-0.093127
-0.011448
0.052522
0.1018
0.13933
0.16589
0.17973
0.17797
0.1588
0.12335
0.076529
0.026406
-0.017667
-0.04775
-0.060111
-0.057243
-0.048159
-0.046297
-0.065029
-0.11193
-0.18388
-0.26533
-0.33126
-0.35448
-0.31498
-0.20778
-0.0463
0.14027
0.31454
0.44092
0.49498
0.46942
0.37542
0.23894
0.093361
-0.029528
-0.10754
-0.13267
-0.11111
-0.05919
0.0028494
0.056872
0.090591
0.098479
0.080449
0.039697
-0.018974
-0.08972
-0.1653
-0.23662
-0.2931
-0.32423
-0.3223
-0.2852
-0.21828
-0.13432
-0.051038
0.013143
0.044173
0.036586
-0.0044515
-0.064039
-0.12119
-0.15427
-0.14662
-0.090998
0.0085209
0.13735
0.27372
0.39347
0.47522
0.5046
0.47676
0.39648
0.27607
0.13179
-0.020071
-0.16598
-0.29617
-0.40391
-0.48401
-0.53172
-0.54274
-0.51455
-0.44827
-0.35023
-0.23244
-0.11126
-0.0041633
0.074542
0.11782
0.12793
0.11522
0.093709
0.075115
0.063932
0.056005
0.041592
0.011851
-0.034169
-0.085524
-0.12086
-0.11554
-0.052005
0.070974
0.23429
0.40229
0.53361
0.59533
0.57501
0.48578
0.3622
0.24827
0.18198
0.18192
0.24114
0.33021
0.40848
0.43928
0.40319
0.30452
0.16849
0.030826
-0.07595
-0.13395
-0.14495
-0.12768
-0.10922
-0.11404
-0.155
-0.22912
-0.31943
-0.40165
-0.45314
-0.46081
-0.42529
-0.35989
-0.28503
-0.22025
-0.17672
-0.15327
-0.13746
-0.11143
-0.060359
0.020108
0.12073
0.22151
0.29947
0.33828
0.33549
0.30431
0.26915
0.25667
0.28572
0.35978
0.46458
0.57147
0.64548
0.65548
0.58352
0.43079
0.2186
-0.015928
-0.2287
-0.37985
-0.4445
-0.41982
-0.32599
-0.1999
-0.083192
-0.0085256
0.010941
-0.015398
-0.061167
-0.094744
-0.09213
-0.045741
0.033884
0.12326
0.19507
0.22746
0.21011
0.14612
0.049768
-0.05794
-0.15462
-0.22137
-0.24664
-0.22878
-0.17679
-0.10879
-0.047753
-0.014919
-0.02242
-0.067614
-0.13175
-0.18446
-0.1935
-0.1368
-0.012243
0.15875
0.33604
0.47274
0.53035
0.49151
0.36585
0.18672
0.00014035
-0.15003
-0.23547
-0.2509
-0.21337
-0.15451
-0.10859
-0.10091
-0.14023
-0.21732
-0.3096
-0.38969
-0.43491
-0.4344
-0.39165
-0.32202
-0.24622
-0.18231
-0.13909
-0.11342
-0.092448
-0.060004
-0.0044419
0.075426
0.16911
0.25863
0.32634
0.36262
0.36983
0.36066
0.35164
0.35509
0.37321
0.3969
0.40968
0.39455
0.34066
0.24718
0.1232
-0.015475
-0.15077
-0.26627
-0.34966
-0.39359
-0.39577
-0.35872
-0.28932
-0.1979
-0.096674
0.0023906
0.089599
0.15882
0.20761
0.23639
0.24721
0.24274
0.22575
0.19879
0.16392
0.12226
0.073566
0.016555
-0.049776
-0.12383
-0.19905
-0.2628
-0.29794
-0.2872
-0.21967
-0.096929
0.063888
0.23222
0.37169
0.45121
0.45563
0.39172
0.28681
0.17987
0.10835
0.095163
0.14075
0.22301
0.30526
0.34942
0.32967
0.24185
0.10491
-0.045906
-0.1717
-0.24371
-0.25313
-0.21359
-0.15539
-0.11403
-0.11709
-0.17437
-0.27453
-0.38932
-0.48362
-0.52778
-0.50781
-0.43012
-0.31916
-0.20882
-0.13066
-0.10297
-0.12463
-0.17611
-0.22736
-0.24969
-0.22674
-0.16025
-0.068022
0.024648
0.096215
0.13752
0.15416
0.16197
0.17819
0.21252
0.26211
0.31209
0.34117
0.3295
0.26598
0.15248
0.0040521
-0.15458
-0.29499
-0.39188
-0.42902
-0.40276
-0.32239
-0.20701
-0.080002
0.037281
0.13053
0.19458
0.23236
0.25133
0.25946
0.262
0.26022
0.25187
0.23268
0.198
0.14436
0.070757
-0.019881
-0.11929
-0.21311
-0.2818
-0.30411
-0.26294
-0.15225
0.01751
0.2183
0.40931
0.54735
0.59977
0.55549
0.42961
0.25947
0.092963
-0.026827
-0.075353
-0.053719
0.013275
0.087385
0.13158
0.1236
0.063232
-0.029093
-0.12168
-0.1846
-0.20108
-0.17283
-0.11789
-0.062446
-0.030532
-0.035617
-0.076795
-0.14041
-0.20588
-0.25331
-0.27036
-0.25617
-0.22141
-0.18428
-0.16386
-0.17261
-0.21077
-0.26485
-0.31152
-0.32612
-0.29267
-0.21143
-0.10013
0.012168
0.096348
0.13508
0.12999
0.10097
0.07798
0.088559
0.14642
0.24544
0.36123
0.45941
0.50706
0.4833
0.38539
0.22891
0.042768
-0.13871
-0.2841
-0.37128
-0.39083
-0.34631
-0.2519
-0.12822
0.0025256
0.12123
0.21522
0.27961
0.31646
0.33214
0.33392
0.32685
0.31196
0.28602
0.24311
0.17745
0.086885
-0.023997
-0.14222
-0.24728
-0.31494
-0.32346
-0.26084
-0.1306
0.04598
0.23279
0.38689
0.46968
0.45813
0.35251
0.17787
-0.021652
-0.19457
-0.29671
-0.30449
-0.22237
-0.081765
0.06891
0.18013
0.21766
0.17362
0.068055
-0.059539
-0.16549
-0.21818
-0.20913
-0.15494
-0.089766
-0.051475
-0.06687
-0.14154
-0.25788
-0.38184
-0.47553
-0.51107
-0.48041
-0.39767
-0.29331
-0.20233
-0.15113
-0.1481
-0.18145
-0.22524
-0.25102
-0.24027
-0.1924
-0.12481
-0.06509
-0.038656
-0.05726
-0.11329
-0.18213
-0.23141
-0.23321
-0.17417
-0.060096
0.086602
0.23467
0.35388
0.42333
0.43568
0.39671
0.32152
0.22905
0.13734
0.060288
0.006481
-0.020547
-0.021296
0.00087956
0.04074
0.091808
0.1468
0.19801
0.238
0.26054
0.26173
0.24087
0.20056
0.14574
0.082115
0.014485
-0.05408
-0.12183
-0.1869
-0.24563
-0.29177
-0.31741
-0.31549
-0.28315
-0.22427
-0.14975
-0.074902
-0.014569
0.022211
0.035904
0.036859
0.042075
0.069411
0.13114
0.22882
0.35108
0.47485
0.57041
0.60896
0.57136
0.45537
0.2787
0.076133
-0.10937
-0.23922
-0.29127
-0.26684
-0.19003
-0.099293
-0.034304
-0.023027
-0.073352
-0.17199
-0.29044
-0.39545
-0.45999
-0.47114
-0.43241
-0.36035
-0.27726
-0.20272
-0.14743
-0.11134
-0.086481
-0.062933
-0.034952
-0.0043773
0.020344
0.028999
0.015881
-0.015749
-0.053427
-0.079803
-0.079608
-0.046099
0.015909
0.091629
0.16164
0.2086
0.22254
0.20314
0.15838
0.101
0.044207
-0.0016132
-0.030486
-0.040702
-0.033587
-0.011989
0.020868
0.06181
0.10747
0.15376
0.19555
0.22706
0.24284
0.23918
0.21513
0.17259
0.11558
0.048883
-0.023064
-0.096522
-0.16798
-0.23332
-0.28731
-0.32409
-0.33875
-0.32944
-0.29911
-0.25576
-0.21065
-0.17469
-0.15406
-0.14694
-0.14266
-0.12451
-0.075343
0.015444
0.14621
0.30088
0.45157
0.56567
0.61556
0.58768
0.48794
0.34105
0.18371
0.053605
-0.022267
-0.035978
-0.00092724
0.05286
0.088904
0.076601
0.0016457
-0.12889
-0.28856
-0.43988
-0.54633
-0.58388
-0.54834
-0.45608
-0.33797
-0.2287
-0.15514
-0.12797
-0.13945
-0.16812
-0.18864
-0.1826
-0.14612
-0.090825
-0.038178
-0.0094785
-0.016136
-0.054351
-0.10641
-0.14787
-0.15734
-0.12475
-0.054743
0.035812
0.12476
0.19287
0.22989
0.23643
0.22143
0.19698
0.17298
0.15388
0.13854
0.12272
0.10257
0.077436
0.050706
0.02861
0.017741
0.022565
0.043933
0.079016
0.12237
0.16749
0.2082
0.2395
0.25785
0.26113
0.24818
0.21849
0.1719
0.1087
0.030227
-0.060165
-0.15626
-0.24884
-0.32673
-0.37918
-0.39881
-0.38428
-0.34142
-0.28203
-0.22054
-0.16923
-0.13371
-0.11048
-0.087669
-0.04932
0.018101
0.11913
0.24519
0.37492
0.47926
0.53009
0.5096
0.41705
0.27044
0.10217
-0.049975
-0.15357
-0.19073
-0.16281
-0.089516
-0.0027335
0.062791
0.079406
0.034319
-0.066914
-0.20216
-0.33927
-0.44561
-0.49767
-0.48782
-0.42605
-0.33606
-0.24693
-0.18324
-0.15708
-0.16474
-0.18949
-0.20935
-0.20685
-0.17679
-0.12869
-0.082708
-0.06076
-0.076396
-0.12803
-0.19842
-0.26072
-0.28866
-0.26653
-0.19497
-0.090354
0.021758
0.11621
0.17697
0.2017
0.2006
0.19065
0.18779
0.20035
0.22646
0.25603
0.27624
0.27795
0.26011
0.23054
0.20278
0.19055
0.20222
0.23754
0.28774
0.33865
0.3755
0.38752
0.37061
0.32772
0.26674
0.19727
0.12712
0.06003
-0.0047218
-0.070638
-0.1409
-0.21515
-0.2876
-0.34756
-0.38268
-0.38374
-0.34938
-0.28861
-0.21968
-0.16495
-0.14332
-0.16251
-0.21422
-0.27456
-0.31002
-0.28791
-0.18777
-0.010237
0.22002
0.45868
0.65279
0.75524
0.7385
0.6031
0.37833
0.11486
-0.12841
-0.29926
-0.36454
-0.31704
-0.17542
0.021756
0.22597
0.39002
0.47817
0.47322
0.37921
0.21914
0.02851
-0.1539
-0.29557
-0.37745
-0.39722
-0.36751
-0.31027
-0.24883
-0.20045
-0.17167
-0.15778
-0.14653
-0.12459
-0.084191
-0.027264
0.034689
0.084923
0.10822
0.09717
0.055425
-0.0034659
-0.060904
-0.09976
-0.10998
-0.091248
-0.052101
-0.0060782
0.033257
0.056606
0.061107
0.049966
0.030097
0.0089421
-0.0081985
-0.019438
-0.025922
-0.03025
-0.034532
-0.038937
-0.041254
-0.037525
-0.023405
0.0042812
0.046277
0.10022
0.16071
0.22001
0.26936
0.30065
0.30812
0.28959
0.24689
0.18508
0.11086
0.030714
-0.050419
-0.12938
-0.20386
-0.27103
-0.3266
-0.36519
-0.38212
-0.37609
-0.3513
-0.31782
-0.28931
-0.27843
-0.29136
-0.3234
-0.35787
-0.36929
-0.33058
-0.22233
-0.041432
0.19395
0.44518
0.66058
0.78813
0.79049
0.65773
0.41352
0.11165
-0.17691
-0.38304
-0.45873
-0.39026
-0.20124
0.055297
0.31262
0.50875
0.60197
0.57919
0.45594
0.26887
0.064024
-0.11553
-0.23941
-0.2951
-0.28799
-0.23698
-0.16739
-0.10309
-0.060021
-0.042793
-0.045152
-0.054058
-0.055856
-0.042245
-0.013747
0.020745
0.0481
0.056975
0.043027
0.010987
-0.027258
-0.05764
-0.069647
-0.060341
-0.035048
-0.004628
0.019257
0.028774
0.022515
0.0051976
-0.015111
-0.030776
-0.037664
-0.036253
-0.030552
-0.025567
-0.024641
-0.027828
-0.031899
-0.031727
-0.022274
-0.00028759
0.034848
0.081136
0.13452
0.18958
0.2401
0.27964
0.30223
0.30334
0.28074
0.23514
0.16997
0.090638
0.0033072
-0.086095
-0.17231
-0.25061
-0.31642
-0.36532
-0.39369
-0.40013
-0.38689
-0.36056
-0.33132
-0.31034
-0.30605
-0.32031
-0.34611
-0.36795
-0.36532
-0.31872
-0.21672
-0.06182
0.12679
0.31529
0.46242
0.53043
0.49702
0.3641
0.16004
-0.06627
-0.25817
-0.36697
-0.36555
-0.25566
-0.066759
0.15258
0.34804
0.4736
0.50245
0.43228
0.28393
0.09426
-0.094365
-0.24507
-0.33481
-0.35821
-0.32611
-0.25989
-0.18362
-0.11656
-0.068279
-0.037718
-0.016064
0.0078153
0.041574
0.085431
0.13157
0.16704
0.1791
0.16062
0.11365
0.049474
-0.014845
-0.06201
-0.080174
-0.066668
-0.028567
0.019969
0.062523
0.085698
0.083053
0.0565
0.014887
-0.029514
-0.065201
-0.084817
-0.086662
-0.074093
-0.05336
-0.030919
-0.011216
0.004394
0.017517
0.031708
0.05106
0.078845
0.11642
0.1625
0.21291
0.26094
0.29835
0.31707
0.3111
0.27814
0.22011
0.14257
0.053112
-0.040457
-0.13144
-0.21456
-0.28544
-0.33998
-0.37442
-0.38652
-0.3775
-0.35375
-0.32676
-0.31051
-0.31633
-0.347
-0.39243
-0.42953
-0.4275
-0.3577
-0.20509
0.022843
0.2934
0.55403
0.74466
0.81401
0.73493
0.51449
0.19536
-0.15249
-0.4485
-0.62231
-0.63307
-0.48095
-0.20725
0.11744
0.41321
0.61246
0.67662
0.60331
0.42294
0.187
-0.047675
-0.23353
-0.34249
-0.36967
-0.3308
-0.255
-0.17521
-0.11884
-0.10088
-0.12098
-0.16502
-0.21076
-0.23576
-0.2252
-0.17692
-0.10192
-0.020152
0.046731
0.082874
0.083162
0.053992
0.010001
-0.031638
-0.057084
-0.059875
-0.042086
-0.012643
0.016332
0.033753
0.033027
0.013731
-0.018848
-0.055948
-0.088433
-0.10959
-0.11671
-0.11101
-0.096253
-0.076667
-0.055069
-0.03186
-0.0051181
0.028321
0.071221
0.12429
0.18502
0.24747
0.3031
0.34248
0.35743
0.34299
0.29843
0.22723
0.13603
0.033271
-0.072064
-0.17111
-0.25549
-0.3179
-0.35334
-0.36096
-0.34596
-0.32015
-0.30025
-0.30341
-0.34099
-0.41253
-0.50269
-0.58303
-0.61897
-0.58015
-0.45077
-0.23646
0.034603
0.3167
0.55615
0.70313
0.72337
0.6073
0.37494
0.074522
-0.22607
-0.45451
-0.55268
-0.49366
-0.29087
0.0045568
0.31818
0.5738
0.71471
0.71759
0.59512
0.38802
0.15048
-0.065582
-0.22265
-0.30366
-0.3117
-0.26487
-0.18867
-0.10833
-0.042892
-0.0019227
0.014751
0.014858
0.0097657
0.0099848
0.021374
0.043204
0.068741
0.088175
0.092833
0.079037
0.05001
0.015023
-0.013966
-0.026856
-0.019407
0.0048656
0.035639
0.059304
0.063806
0.043051
-0.00078538
-0.057967
-0.11471
-0.15812
-0.18064
-0.18217
-0.16912
-0.15096
-0.13576
-0.12674
-0.12119
-0.11195
-0.090776
-0.051911
0.0054268
0.076553
0.15269
0.22345
0.27945
0.31417
0.32456
0.31063
0.2742
0.21779
0.14392
0.055448
-0.043418
-0.14598
-0.24265
-0.32195
-0.37322
-0.39015
-0.37407
-0.33524
-0.29122
-0.26194
-0.26284
-0.29825
-0.35745
-0.41561
-0.44005
-0.40039
-0.27959
-0.082115
0.16368
0.41052
0.60341
0.69438
0.65668
0.49426
0.24361
-0.033767
-0.26666
-0.39375
-0.38146
-0.23425
0.0066472
0.27575
0.50306
0.63393
0.64277
0.53668
0.3494
0.12888
-0.07678
-0.23079
-0.31414
-0.32657
-0.28306
-0.20759
-0.12616
-0.060471
-0.023467
-0.017408
-0.034565
-0.060403
-0.078497
-0.075883
-0.047287
0.0032027
0.063711
0.11892
0.15565
0.16755
0.15716
0.1346
0.11353
0.10596
0.11791
0.14737
0.18518
0.21843
0.23491
0.22701
0.19362
0.13944
0.072389
0.00022356
-0.071816
-0.14153
-0.20836
-0.27112
-0.32618
-0.36728
-0.38717
-0.38054
-0.34672
-0.29096
-0.22356
-0.15697
-0.10216
-0.065447
-0.047134
-0.042218
-0.042738
-0.040695
-0.030423
-0.0096998
0.020491
0.057096
0.096356
0.13482
0.16976
0.19909
0.22099
0.23365
0.23525
0.22433
0.20024
0.16378
0.11747
0.065532
0.013346
-0.0335
-0.070306
-0.094214
-0.10473
-0.10365
-0.094455
-0.081356
-0.068272
-0.058035
-0.051953
-0.049773
-0.049981
-0.050329
-0.048438
-0.042372
-0.031074
-0.014622
0.0057398
0.027777
0.04863
0.065311
0.075273
0.076923
0.070003
0.055711
0.036516
0.015677
-0.0034309
-0.018026
-0.026471
-0.028534
-0.025298
-0.018762
-0.011271
-0.0049272
-0.0011538
-0.00048018
-0.0025751
-0.0064618
-0.010825
-0.014323
-0.015851
-0.014728
-0.010801
-0.0044856
0.0033002
0.011275
0.018023
0.02227
0.023158
0.020458
0.014666
0.0069585
-0.0010207
-0.0075076
-0.011054
-0.010941
-0.0074464
-0.0018368
0.0039522
0.0078851
0.0084694
0.0052464
-0.0010495
-0.0087214
-0.015649
-0.019941
-0.020487
-0.017234
-0.011118
-0.003717
0.0032533
0.008411
0.011012
0.011018
0.0089514
0.0056287
0.0018915
-0.0015832
-0.0043566
-0.0062139
-0.0071106
-0.0071252
-0.0064298
-0.0052608
-0.0038661
-0.0024306
-0.0010085
0.00048976
0.0022297
0.0043258
0.0067147
0.0091018
0.011021
0.011982
0.011649
0.0099471
0.0070695
0.0033834
-0.00070907
-0.0048775
-0.0088936
-0.012586
-0.015764
-0.018173
-0.019527
-0.019601
-0.018341
-0.015896
-0.012546
-0.0085421
-0.0039778
0.0012194
0.007115
0.0135
0.01969
0.024564
0.026887
0.025818
0.021365
0.014565
0.0072389
0.0014027
-0.0014484
-0.00089315
0.0022501
0.0062113
0.0088964
0.0086171
0.0046631
-0.0024714
-0.011261
-0.019641
-0.025632
-0.027901
-0.026089
-0.020829
-0.013494
-0.0057609
0.00084974
0.005336
0.0073997
0.0074283
0.0063076
0.0051287
0.0048644
0.0060913
0.0088224
0.012494
0.016118
0.018571
0.018931
0.016771
0.012303
0.0063169
-5.4642e-05
-0.0056692
-0.0096858
-0.011751
-0.012015
-0.01099
-0.0093269
-0.0075938
-0.0061235
-0.0049727
-0.003981
-0.0028953
-0.0015053
0.00025645
0.0022769
0.0042923
0.0059675
0.0069969
0.0071954
0.006554
0.0052444
0.0035725
0.0018929
0.00051081
-0.00039854
-0.00082693
-0.00091391
-0.00087853
-0.00092776
-0.0011768
-0.0016114
-0.0021055
-0.0024838
-0.0026034
-0.0024191
-0.0020082
-0.0015452
-0.001238
-0.00125
-0.0016373
-0.0023186
-0.0030893
-0.0036724
-0.0037951
-0.0032693
-0.0020551
-0.00028737
0.0017442
0.0036609
0.0050886
0.0057541
0.0055551
0.0045824
0.0030868
0.0014049
-0.00013116
-0.0012678
-0.0018656
-0.0018937
-0.0013982
-0.00046872
0.00077662
0.0021853
0.0035564
0.0046421
0.0051806
0.0049603
0.0038952
0.0020777
-0.00021861
-0.0025954
-0.0046295
-0.0059819
-0.0064773
-0.0061265
-0.0050885
-0.0035929
-0.0018575
-3.4776e-05
0.001794
0.0035833
0.0052703
0.0067343
0.0077904
0.0082253
0.00786
0.0066188
0.0045764
0.0019621
-0.0008835
-0.0035891
-0.0058421
-0.0074562
-0.0083943
-0.0087404
-0.0086382
-0.0082211
-0.0075636
-0.0066667
-0.0054804
-0.0039498
-0.002066
9.4917e-05
0.002359
0.0044727
0.0061495
0.0071357
0.0072764
0.006561
0.005132
0.0032503
0.0012275
-0.00065419
-0.0022054
-0.0033547
-0.0041297
-0.0046052
-0.0048433
-0.0048523
-0.0045814
-0.0039537
-0.0029207
-0.0015147
0.00012466
0.0017638
0.0031258
0.003961
0.0041131
0.0035596
0.0024132
0.00088894
-0.00075196
-0.0022605
-0.0034452
-0.0041943
-0.0044747
-0.0043154
-0.0037823
-0.0029531
-0.0018955
-0.00065502
0.0007444
0.0022819
0.0039097
0.0055222
0.0069435
0.0079454
0.0082973
0.0078352
0.0065247
0.0044952
0.0020293
-0.00049288
-0.0026803
-0.0042247
-0.0049715
-0.0049468
-0.0043315
-0.003396
-0.0024161
-0.0016029
-0.0010647
-0.00080809
-0.00076961
-0.00085739
-0.00098545
-0.001089
-0.0011228
-0.0010535
-0.00085897
-0.00054035
-0.00014286
0.00023034
0.00042642
0.00028187
-0.00031398
-0.0013527
-0.0026681
-0.0039515
-0.0048299
-0.0049885
-0.0042951
-0.0028752
-0.0010989
0.00052703
0.0015283
0.0016323
0.00087027
-0.00043108
-0.0017686
-0.0026476
-0.0027603
-0.0020882
-0.00089045
0.0004096
0.0013917
0.0017904
0.0015755
0.00093689
0.00018772
-0.00037048
-0.00056603
-0.00041536
-0.00010294
0.00010456
-2.5408e-05
-0.0005895
-0.0014996
-0.0025052
-0.0032803
-0.0035412
-0.0031535
-0.0021853
-0.00088992
0.00037724
0.0012733
0.0015751
0.0012422
0.0004177
-0.00062755
-0.0015853
-0.0022028
-0.0023488
-0.0020382
-0.0014104
-0.00067587
-4.6105e-05
0.00032904
0.00040041
0.00022332
-7.2734e-05
-0.00033599
-0.00044584
-0.00034801
-6.0133e-05
0.00035019
0.00080115
0.0012275
0.0015931
0.0018829
0.0020852
0.0021776
0.0021291
0.001915
0.0015396
0.0010494
0.00052995
8.3855e-05
-0.00020159
-0.00028334
-0.00017584
5.7146e-05
0.00032846
0.00056013
0.00070876
0.00077381
0.000787
0.00078978
0.00081063
0.00085306
0.00089892
0.00092452
0.00092071
0.00090666
0.00092918
0.0010462
0.0012994
0.0016871
0.0021487
0.0025704
0.0028121
0.002751
0.0023251
0.0015617
0.00057492
-0.00046626
-0.0013904
-0.0020727
-0.002461
-0.0025701
-0.0024507
-0.0021553
-0.001718
-0.0011596
-0.00050906
0.00017358
0.00079333
0.0012414
0.0014354
0.0013587
0.0010767
0.000717
0.0004171
0.0002606
0.00023301
0.00022149
6.4628e-05
-0.00036593
-0.0010879
-0.001973
-0.0027756
-0.0032197
-0.0031106
-0.0024241
-0.0013345
-0.00016576
0.00071825
0.0010414
0.00071284
-0.00014254
-0.0012321
-0.0022008
-0.0027533
-0.0027459
-0.0022175
-0.0013556
-0.00041739
0.00035603
0.00080091
0.00085237
0.00053191
-8.0412e-05
-0.000871
-0.0017071
-0.0024446
-0.0029398
-0.0030715
-0.0027713
-0.0020505
-0.0010103
0.00017446
0.0012939
0.0021553
0.0026304
0.0026847
0.0023787
0.001842
0.0012275
0.000662
0.00020942
-0.00013891
-0.00044398
-0.0007774
-0.001176
-0.0016126
-0.0019954
-0.0021992
-0.0021158
-0.0017042
-0.0010189
-0.00020351
0.00055213
0.0010747
0.0012661
0.0011359
0.00079335
0.00040593
0.00014012
0.00010741
0.00033376
0.00076017
0.0012704
0.0017334
0.0020444
0.0021522
0.002065
0.0018378
0.0015481
0.0012689
0.0010456
0.00088505
0.0007563
0.00060669
0.00038809
8.6452e-05
-0.00025766
-0.00054944
-0.00066759
-0.00051441
-7.0639e-05
0.00056944
0.001204
0.0015767
0.001464
0.00076467
-0.00044329
-0.0019039
-0.0032475
-0.0040982
-0.0041872
-0.0034351
-0.0019775
-0.00012815
