0.0093925
0.0072195
0.0050647
0.0029612
0.00095399
-0.00090151
-0.0025468
-0.0039308
-0.0050169
-0.0057839
-0.0062181
-0.0063042
-0.0060199
-0.0053401
-0.0042522
-0.0027753
-0.00097589
0.0010273
0.0030728
0.0049761
0.0065555
0.0076583
0.008184
0.0081021
0.0074621
0.0063891
0.0050628
0.0036793
0.0024046
0.001334
0.0004717
-0.0002606
-0.00098669
-0.0018226
-0.0028246
-0.0039571
-0.0050932
-0.0060482
-0.0066354
-0.0067246
-0.0062836
-0.0053907
-0.0042172
-0.0029871
-0.0019278
-0.0012201
-0.00095919
-0.0011312
-0.0016119
-0.0021915
-0.0026255
-0.0027023
-0.0023109
-0.0014859
-0.0004099
0.00063197
0.0013351
0.00147
0.0009572
-0.00010259
-0.0014522
-0.002749
-0.0036607
-0.0039567
-0.0035677
-0.002599
-0.0012949
3.064e-05
0.0010765
0.0016275
0.0016005
0.0010575
0.00018219
-0.00076974
-0.0015369
-0.0019178
-0.0018198
-0.0012785
-0.00044187
0.00047384
0.0012449
0.001697
0.0017448
0.0014043
0.00077858
2.6261e-05
-0.00067878
-0.001183
-0.0013773
-0.0012079
-0.00067556
0.00017063
0.0012409
0.002413
0.0035432
0.0044829
0.0051013
0.0053097
0.0050781
0.0044365
0.0034598
0.0022416
0.00087031
-0.00058045
-0.0020428
-0.0034347
-0.0046428
-0.0055215
-0.0059139
-0.0056904
-0.0047897
-0.0032492
-0.0012108
0.0010977
0.0033998
0.0054151
0.0068991
0.0076748
0.0076533
0.0068468
0.0053702
0.0034298
0.0012935
-0.00075628
-0.0024782
-0.0037216
-0.0044545
-0.0047589
-0.0047958
-0.0047489
-0.0047664
-0.0049176
-0.0051778
-0.005444
-0.0055764
-0.0054503
-0.005003
-0.0042612
-0.0033393
-0.0024113
-0.0016635
-0.0012421
-0.0012103
-0.0015292
-0.002069
-0.0026493
-0.0030969
-0.003303
-0.0032603
-0.0030663
-0.0028895
-0.002907
-0.0032345
-0.0038724
-0.0046895
-0.0054534
-0.0058988
-0.0058122
-0.0051025
-0.003834
-0.0022092
-0.000508
0.00099484
0.0021066
0.0027631
0.0030307
0.0030668
0.0030509
0.0031123
0.003277
0.0034515
0.0034517
0.0030683
0.0021502
0.00067899
-0.0011933
-0.0031586
-0.0048215
-0.0058035
-0.0058494
-0.0049029
-0.0031267
-0.00086217
0.0014555
0.0034012
0.0046536
0.0050579
0.0046464
0.003614
0.0022582
0.00089575
-0.00021976
-0.0009586
-0.0013344
-0.0014775
-0.0015728
-0.0017838
-0.0021898
-0.0027585
-0.0033599
-0.0038154
-0.0039623
-0.0037086
-0.0030621
-0.0021245
-0.0010569
-3.071e-05
0.00081841
0.0014181
0.0017626
0.0018932
0.0018677
0.001731
0.0014994
0.0011632
0.00070235
0.00010676
-0.00060991
-0.0014084
-0.0022335
-0.0030295
-0.0037524
-0.0043734
-0.0048744
-0.0052371
-0.0054363
-0.0054397
-0.005218
-0.0047598
-0.0040847
-0.0032473
-0.0023293
-0.0014218
-0.00060598
6.1681e-05
0.0005532
0.00086439
0.0010058
0.00099553
0.00085605
0.00061524
0.00030639
-3.5151e-05
-0.00037903
-0.00070708
-0.0010154
-0.0013081
-0.0015854
-0.0018302
-0.0020038
-0.0020529
-0.0019277
-0.0016023
-0.001089
-0.00043602
0.00028786
0.0010175
0.0017117
0.0023603
0.0029757
0.0035713
0.0041397
0.0046384
0.0049934
0.0051203
0.0049542
0.0044783
0.0037373
0.0028295
0.001881
0.0010109
0.00030063
-0.00022358
-0.00059201
-0.00087826
-0.0011764
-0.0015731
-0.0021201
-0.0028114
-0.003571
-0.0042575
-0.0046865
-0.0046675
-0.0040475
-0.0027437
-0.00075538
0.0018543
0.005
0.0086213
0.012712
0.017305
0.022403
0.027858
0.033249
0.037787
0.040343
0.039617
0.034481
0.024414
0.0099434
-0.0071042
-0.023683
-0.036043
-0.04063
-0.035157
-0.019526
0.0037974
0.030171
0.053938
0.070053
0.075644
0.070923
0.059064
0.045041
0.033811
0.028534
0.02949
0.034084
0.037858
0.036073
0.025218
0.0039941
-0.026424
-0.062746
-0.10036
-0.13434
-0.16055
-0.1765
-0.1818
-0.17798
-0.16773
-0.15401
-0.13958
-0.12706
-0.1195
-0.12078
-0.1352
-0.16601
-0.21329
-0.27231
-0.33343
-0.384
-0.41186
-0.40905
-0.37411
-0.3121
-0.23254
-0.14644
-0.063735
0.0078704
0.062913
0.09773
0.11053
0.10225
0.077771
0.046316
0.020195
0.011756
0.029494
0.075026
0.14252
0.2211
0.29926
0.36922
0.42915
0.48213
0.53276
0.58297
0.62934
0.66321
0.67349
0.65097
0.59252
0.50358
0.39816
0.29624
0.21918
0.18417
0.1991
0.2591
0.34611
0.43206
0.48528
0.47886
0.39854
0.24752
0.046356
-0.17244
-0.37362
-0.52915
-0.62553
-0.66584
-0.66628
-0.64863
-0.63204
-0.62712
-0.63419
-0.64556
-0.65001
-0.63729
-0.60089
-0.5386
-0.45182
-0.34454
-0.22321
-0.097092
0.02148
0.11811
0.17892
0.1942
0.16169
0.088128
-0.011769
-0.1187
-0.21338
-0.28101
-0.31406
-0.31301
-0.28494
-0.24088
-0.19277
-0.15101
-0.12283
-0.1116
-0.11676
-0.13429
-0.15771
-0.1794
-0.19236
-0.19172
-0.17574
-0.14572
-0.10521
-0.05896
-0.012194
0.029417
0.059591
0.071667
0.059823
0.021222
-0.041579
-0.11906
-0.19503
-0.24931
-0.26251
-0.22165
-0.12502
0.015839
0.1779
0.33232
0.45227
0.52054
0.53405
0.50392
0.45091
0.39808
0.36328
0.35406
0.36669
0.38932
0.40796
0.41258
0.40107
0.37949
0.35855
0.34793
0.35092
0.36173
0.36662
0.34854
0.29343
0.19577
0.061253
-0.094391
-0.24974
-0.38368
-0.48097
-0.53569
-0.55168
-0.53998
-0.51424
-0.48563
-0.45894
-0.43112
-0.39303
-0.33371
-0.24599
-0.13126
-0.0014709
0.12263
0.2169
0.2611
0.24555
0.17473
0.066295
-0.054089
-0.16056
-0.23462
-0.26997
-0.27302
-0.25911
-0.24612
-0.24772
-0.26879
-0.30436
-0.34211
-0.36707
-0.36674
-0.33483
-0.27258
-0.18769
-0.091602
0.0036756
0.087927
0.15367
0.1958
0.21066
0.19588
0.15137
0.081324
-0.0039516
-0.088113
-0.15155
-0.17657
-0.15326
-0.083481
0.018933
0.1323
0.23421
0.30889
0.35176
0.36953
0.37596
0.38518
0.40541
0.43563
0.4662
0.48296
0.4731
0.43042
0.35814
0.26838
0.17869
0.10694
0.066295
0.061783
0.0893
0.13709
0.18903
0.22865
0.24277
0.22387
0.17092
0.088633
-0.014084
-0.12589
-0.23459
-0.32853
-0.39793
-0.43639
-0.44222
-0.41915
-0.37589
-0.32443
-0.27742
-0.24515
-0.23292
-0.23948
-0.25708
-0.27314
-0.27352
-0.24637
-0.18571
-0.093551
0.019987
0.13875
0.24407
0.31889
0.35135
0.33713
0.27996
0.19049
0.083817
-0.023648
-0.11732
-0.1869
-0.22781
-0.2413
-0.2335
-0.21358
-0.19167
-0.17679
-0.17516
-0.18917
-0.21698
-0.2529
-0.28836
-0.31345
-0.31878
-0.29754
-0.24736
-0.17163
-0.079779
0.013868
0.092537
0.14059
0.1474
0.11059
0.037655
-0.054901
-0.14487
-0.20966
-0.23214
-0.20532
-0.13433
-0.034634
0.072809
0.16818
0.23869
0.28161
0.30351
0.31602
0.33019
0.35168
0.37865
0.40291
0.41349
0.40109
0.36155
0.2974
0.21719
0.13313
0.058088
0.0027208
-0.026654
-0.029159
-0.0094689
0.02301
0.055801
0.075743
0.071821
0.037956
-0.02498
-0.10867
-0.19883
-0.27861
-0.33294
-0.35258
-0.33658
-0.29235
-0.23345
-0.17597
-0.13432
-0.11778
-0.12813
-0.15913
-0.19779
-0.22745
-0.23192
-0.19986
-0.12821
-0.023622
0.098539
0.21752
0.31197
0.36487
0.36749
0.32109
0.23623
0.12979
0.020591
-0.075142
-0.14732
-0.19362
-0.21879
-0.23187
-0.2424
-0.25664
-0.27528
-0.29329
-0.30205
-0.29284
-0.26054
-0.20587
-0.13547
-0.05965
0.011127
0.069503
0.11275
0.14193
0.15932
0.16546
0.15764
0.13071
0.080073
0.005539
-0.085901
-0.17979
-0.25694
-0.29854
-0.29171
-0.23378
-0.13346
-0.0084477
0.11971
0.2318
0.31584
0.36911
0.39672
0.40771
0.41042
0.40912
0.4031
0.38829
0.3603
0.31747
0.26243
0.20161
0.14319
0.094398
0.059437
0.038768
0.02968
0.02759
0.027331
0.023999
0.013377
-0.007715
-0.040854
-0.085256
-0.13721
-0.19021
-0.23614
-0.26728
-0.27867
-0.26992
-0.24581
-0.21526
-0.18887
-0.17554
-0.17927
-0.19711
-0.21923
-0.2313
-0.21859
-0.17087
-0.086357
0.02644
0.14976
0.26033
0.33495
0.35642
0.31823
0.22673
0.099982
-0.036474
-0.1561
-0.23822
-0.27335
-0.26526
-0.22912
-0.18613
-0.15655
-0.1533
-0.17823
-0.22218
-0.26854
-0.29905
-0.29962
-0.26452
-0.19764
-0.11064
-0.01892
0.062961
0.12489
0.16255
0.17652
0.1699
0.14594
0.10702
0.055188
-0.0058992
-0.069256
-0.12415
-0.15785
-0.15923
-0.1229
-0.052082
0.041346
0.14014
0.22718
0.29113
0.32961
0.34877
0.35917
0.37014
0.38503
0.39961
0.40412
0.38801
0.34518
0.27727
0.19379
0.10913
0.037835
-0.0097665
-0.030105
-0.026389
-0.0067038
0.018683
0.039695
0.047986
0.037785
0.0064875
-0.044761
-0.11073
-0.18255
-0.24943
-0.30138
-0.33218
-0.34124
-0.33358
-0.31768
-0.30187
-0.29082
-0.28335
-0.27255
-0.24818
-0.20051
-0.12425
-0.021282
0.098736
0.22004
0.32408
0.3936
0.41635
0.38763
0.31126
0.1988
0.067341
-0.063731
-0.17633
-0.25705
-0.29951
-0.3053
-0.28314
-0.24658
-0.2105
-0.18759
-0.18527
-0.20421
-0.23839
-0.27674
-0.3058
-0.31281
-0.28857
-0.22982
-0.14055
-0.031984
0.07891
0.17238
0.22986
0.23831
0.19383
0.10372
-0.013994
-0.13381
-0.22841
-0.27542
-0.26332
-0.19479
-0.085872
0.038766
0.1534
0.239
0.28856
0.30802
0.31262
0.31986
0.34212
0.38145
0.42874
0.46728
0.47941
0.45351
0.38891
0.29677
0.19695
0.11199
0.060366
0.051191
0.081877
0.13913
0.20274
0.25096
0.26602
0.23842
0.16919
0.069561
-0.041899
-0.14398
-0.21831
-0.25414
-0.25098
-0.21815
-0.17132
-0.12715
-0.097796
-0.087449
-0.091983
-0.10181
-0.10673
-0.10075
-0.085019
-0.067656
-0.060402
-0.073334
-0.10961
-0.16239
-0.21557
-0.24837
-0.24263
-0.19011
-0.096757
0.017927
0.12677
0.20392
0.23352
0.21496
0.16255
0.1002
0.0531
0.039266
0.063828
0.11754
0.17991
0.22589
0.23414
0.19439
0.11147
0.0046216
-0.09796
-0.16781
-0.18521
-0.14546
-0.060133
0.046994
0.14784
0.21865
0.24628
0.23027
0.18055
0.11226
0.039859
-0.027215
-0.086345
-0.14062
-0.19564
-0.25538
-0.31884
-0.37865
-0.42261
-0.43799
-0.417
-0.36133
-0.28324
-0.20251
-0.13996
-0.11007
-0.11604
-0.14901
-0.1918
-0.22529
-0.23463
-0.21325
-0.16362
-0.095448
-0.022718
0.03941
0.077118
0.080117
0.043792
-0.02881
-0.12589
-0.22779
-0.31059
-0.35199
-0.33787
-0.26714
-0.15281
-0.018486
0.10863
0.20592
0.26163
0.27722
0.26488
0.24146
0.22114
0.20965
0.2024
0.18706
0.14975
0.082392
-0.011895
-0.11766
-0.21118
-0.26843
-0.2739
-0.22669
-0.14132
-0.042736
0.042348
0.094465
0.10721
0.087967
0.05385
0.024632
0.015541
0.032241
0.069416
0.11308
0.14568
0.15226
0.12582
0.070184
-0.00065858
-0.066514
-0.10711
-0.1083
-0.06625
0.011773
0.11
0.20897
0.29064
0.34231
0.35835
0.33986
0.29301
0.22671
0.15035
0.071954
-0.0031778
-0.073217
-0.13964
-0.20594
-0.27513
-0.3468
-0.41486
-0.46758
-0.49081
-0.47365
-0.41448
-0.32413
-0.22422
-0.14037
-0.092946
-0.089285
-0.12095
-0.16727
-0.20371
-0.2113
-0.18341
-0.12725
-0.060174
-0.0025353
0.029947
0.031556
0.0080077
-0.026281
-0.053849
-0.060562
-0.040308
0.0036906
0.061147
0.11927
0.1674
0.19989
0.21627
0.2196
0.21408
0.20338
0.19008
0.17605
0.16297
0.15227
0.14432
0.13711
0.1255
0.1017
0.057733
-0.010837
-0.10111
-0.20095
-0.29058
-0.34779
-0.3555
-0.30864
-0.21728
-0.10421
0.002501
0.079187
0.11447
0.11225
0.088773
0.065114
0.058406
0.075107
0.10881
0.14319
0.15888
0.14167
0.088975
0.01216
-0.066325
-0.12008
-0.12767
-0.079935
0.016726
0.14243
0.27004
0.37317
0.43319
0.44317
0.4079
0.3408
0.25886
0.17753
0.10664
0.048538
-0.0014952
-0.052685
-0.11483
-0.19398
-0.28887
-0.38946
-0.47836
-0.53545
-0.54461
-0.50039
-0.41183
-0.30121
-0.19749
-0.12647
-0.10161
-0.1194
-0.16125
-0.20122
-0.21606
-0.19372
-0.13687
-0.060743
0.013475
0.066706
0.088587
0.080327
0.053213
0.023683
0.0070651
0.012397
0.040114
0.083084
0.13008
0.16991
0.19466
0.20111
0.19058
0.16781
0.13959
0.11341
0.096113
0.092295
0.10264
0.12254
0.14196
0.14709
0.12413
0.064403
-0.030935
-0.14862
-0.26506
-0.35247
-0.38762
-0.36005
-0.27651
-0.15921
-0.03839
0.058009
0.11348
0.12734
0.1129
0.090617
0.079139
0.087977
0.11434
0.14513
0.16308
0.15453
0.11598
0.056639
-0.003928
-0.042393
-0.04
0.010601
0.10265
0.21767
0.33163
0.42249
0.47602
0.4882
0.46413
0.41429
0.35035
0.28175
0.21416
0.14961
0.087624
0.026509
-0.035766
-0.10109
-0.17076
-0.24462
-0.31979
-0.38959
-0.44383
-0.47111
-0.46288
-0.41781
-0.34418
-0.25875
-0.18186
-0.13064
-0.11325
-0.12636
-0.15719
-0.18867
-0.20555
-0.19889
-0.16775
-0.11806
-0.059899
-0.0044447
0.038516
0.062224
0.063943
0.045455
0.012998
-0.023694
-0.053422
-0.066387
-0.057042
-0.025834
0.020945
0.073203
0.12013
0.1531
0.16747
0.16295
0.14286
0.11288
0.079625
0.049389
0.026848
0.013857
0.0085274
0.0050827
-0.0049851
-0.030269
-0.07581
-0.13973
-0.21177
-0.27503
-0.31092
-0.30575
-0.25636
-0.17213
-0.072187
0.021168
0.090034
0.12638
0.13326
0.1219
0.10609
0.096799
0.098681
0.10966
0.1231
0.13144
0.12974
0.11793
0.10108
0.087803
0.087324
0.10642
0.14719
0.20646
0.27687
0.34901
0.41381
0.46413
0.49537
0.50521
0.49295
0.45905
0.40484
0.33248
0.2449
0.14568
0.038909
-0.071
-0.17934
-0.28105
-0.37044
-0.44108
-0.48586
-0.49815
-0.47377
-0.41366
-0.32571
-0.22454
-0.12842
-0.05397
-0.010817
0.001546
-0.0069015
-0.020958
-0.026275
-0.014764
0.012734
0.047375
0.076289
0.087978
0.0771
0.046845
0.0080323
-0.024812
-0.038936
-0.028293
0.0040706
0.047157
0.08625
0.10853
0.10785
0.08683
0.055601
0.027573
0.01386
0.01832
0.035145
0.050147
0.045654
0.0075791
-0.067857
-0.17048
-0.27753
-0.36017
-0.3931
-0.36382
-0.27762
-0.1563
-0.030802
0.069172
0.12461
0.13224
0.10381
0.060663
0.025955
0.01737
0.042255
0.096109
0.16435
0.22665
0.26273
0.25837
0.21015
0.12752
0.031404
-0.050795
-0.092583
-0.076167
0.0017677
0.12821
0.27664
0.41379
0.50841
0.53946
0.50128
0.40433
0.2712
0.12915
0.0017784
-0.097747
-0.16935
-0.22381
-0.27638
-0.33871
-0.41228
-0.48638
-0.54161
-0.55784
-0.52318
-0.43995
-0.32507
-0.20439
-0.10342
-0.038472
-0.011699
-0.01187
-0.02027
-0.019017
0.0016201
0.039726
0.083256
0.1158
0.12414
0.10449
0.064766
0.021796
-0.0054953
-0.004079
0.027464
0.07807
0.1286
0.15963
0.15922
0.1276
0.076765
0.02549
-0.0082751
-0.014779
0.0031736
0.030541
0.04517
0.026185
-0.037188
-0.13969
-0.25959
-0.36463
-0.42265
-0.4131
-0.33492
-0.20731
-0.063082
0.062954
0.1455
0.17591
0.16254
0.12517
0.086331
0.063311
0.063512
0.084088
0.11519
0.145
0.16469
0.17155
0.16976
0.16861
0.17907
0.20972
0.26345
0.33564
0.4146
0.48401
0.52688
0.53009
0.48809
0.40476
0.29263
0.16943
0.053104
-0.043132
-0.11408
-0.16309
-0.1997
-0.23527
-0.2781
-0.32974
-0.38384
-0.42813
-0.44888
-0.43622
-0.38827
-0.31238
-0.22309
-0.13745
-0.069685
-0.02722
-0.0091807
-0.0077687
-0.011599
-0.0097415
0.0048332
0.033337
0.071164
0.10971
0.13945
0.15324
0.14893
0.13005
0.10444
0.081061
0.066392
0.061807
0.063192
0.062943
0.053514
0.030994
-0.0028176
-0.040754
-0.072993
-0.09118
-0.092347
-0.080975
-0.068069
-0.067199
-0.088758
-0.13462
-0.19568
-0.25374
-0.28766
-0.28144
-0.23101
-0.14647
-0.048896
0.037361
0.093337
0.11181
0.098968
0.071275
0.048934
0.048593
0.077613
0.13162
0.1959
0.25019
0.27527
0.25945
0.20298
0.11875
0.029166
-0.040117
-0.06764
-0.042523
0.032166
0.14004
0.25571
0.35152
0.40454
0.40212
0.34442
0.24352
0.11941
-0.0057461
-0.11362
-0.19403
-0.24642
-0.27791
-0.29864
-0.31624
-0.33178
-0.33909
-0.32818
-0.29115
-0.22783
-0.14819
-0.069904
-0.012035
0.012429
0.0017183
-0.034163
-0.077594
-0.11027
-0.11991
-0.10417
-0.070489
-0.032356
-0.0037036
0.0062938
-0.0038325
-0.028082
-0.056064
-0.077509
-0.086306
-0.082412
-0.070973
-0.059278
-0.0531
-0.054177
-0.059891
-0.065066
-0.064863
-0.057284
-0.044173
-0.030306
-0.021084
-0.019888
-0.02625
-0.03565
-0.04106
-0.035717
-0.016112
0.015936
0.052987
0.083784
0.096701
0.083679
0.043219
-0.018775
-0.090701
-0.15892
-0.21206
-0.24432
-0.25684
-0.2566
-0.25345
-0.25645
-0.27057
-0.29487
-0.32247
-0.3424
-0.34262
-0.31355
-0.25113
-0.15866
-0.046567
0.069672
0.1732
0.24971
0.29044
0.29342
0.26308
0.20851
0.14158
0.07504
0.020789
-0.011837
-0.017806
0.0024376
0.043123
0.095056
0.14888
0.1984
0.24223
0.28291
0.32384
0.36563
0.40408
0.431
0.43753
0.41845
0.37508
0.31545
0.25155
0.19499
0.15305
0.12693
0.11254
0.10339
0.093708
0.080443
0.063269
0.042977
0.019433
-0.0094903
-0.04719
-0.095986
-0.15435
-0.2153
-0.26724
-0.29726
-0.29584
-0.26097
-0.19985
-0.12718
-0.060638
-0.015101
0.002204
-0.0061257
-0.02889
-0.050373
-0.055772
-0.03605
0.0093734
0.072817
0.14106
0.19938
0.23546
0.24198
0.21751
0.16592
0.094892
0.014126
-0.066536
-0.13894
-0.19818
-0.24363
-0.27878
-0.30968
-0.34217
-0.37869
-0.41606
-0.44541
-0.45474
-0.43354
-0.37758
-0.29191
-0.19052
-0.092218
-0.014452
0.032732
0.049903
0.04731
0.040202
0.042402
0.060784
0.092766
0.12763
0.15098
0.15049
0.12108
0.067406
0.0031287
-0.053114
-0.08358
-0.077126
-0.032597
0.041397
0.13014
0.21823
0.29425
0.35296
0.39428
0.42044
0.433
0.43145
0.41381
0.37846
0.326
0.2603
0.18835
0.11918
0.062557
0.027449
0.020401
0.043735
0.09379
0.15987
0.22476
0.26756
0.26867
0.21594
0.10998
-0.033797
-0.18775
-0.31912
-0.3996
-0.41397
-0.36473
-0.27102
-0.16225
-0.068893
-0.013509
-0.0048334
-0.036333
-0.08926
-0.13889
-0.16201
-0.14351
-0.080492
0.017239
0.13006
0.23399
0.30698
0.33418
0.31091
0.24276
0.14323
0.029917
-0.079714
-0.17183
-0.23856
-0.27883
-0.29768
-0.3044
-0.30985
-0.32342
-0.35033
-0.38992
-0.43532
-0.47501
-0.49604
-0.48799
-0.44666
-0.37585
-0.28655
-0.1935
-0.11037
-0.045288
0.0013484
0.035728
0.066701
0.10068
0.13772
0.1706
0.1875
0.17734
0.13558
0.068028
-0.0091103
-0.073468
-0.10361
-0.086389
-0.021543
0.078363
0.19275
0.30044
0.38646
0.44535
0.48003
0.4973
0.5027
0.49731
0.4779
0.43976
0.38056
0.30315
0.21594
0.13104
0.060943
0.015216
-0.0017947
0.0081857
0.037877
0.075996
0.1095
0.1262
0.11745
0.080253
0.018285
-0.058693
-0.13715
-0.20327
-0.24668
-0.26311
-0.25535
-0.23198
-0.20448
-0.18368
-0.1765
-0.18399
-0.20105
-0.21795
-0.22303
-0.20617
-0.16183
-0.091057
-0.0016916
0.093063
0.1775
0.23682
0.26022
0.24312
0.18801
0.10391
0.0046381
-0.094089
-0.17797
-0.23741
-0.26978
-0.27999
-0.27895
-0.28012
-0.29505
-0.32923
-0.37956
-0.43447
-0.47706
-0.4903
-0.46284
-0.39327
-0.29111
-0.17402
-0.061991
0.029235
0.092784
0.13146
0.15443
0.17149
0.18759
0.20037
0.20172
0.18276
0.13966
0.077453
0.0098924
-0.044812
-0.070549
-0.05917
-0.013003
0.057031
0.13657
0.21357
0.28179
0.34065
0.39212
0.43679
0.47167
0.49088
0.4885
0.46196
0.41385
0.35132
0.28378
0.22007
0.16678
0.12794
0.10566
0.1006
0.11149
0.13377
0.15848
0.17252
0.16125
0.11298
0.024094
-0.097651
-0.23325
-0.35675
-0.44265
-0.4737
-0.44649
-0.37235
-0.27367
-0.17687
-0.10472
-0.07041
-0.074747
-0.10699
-0.1485
-0.17825
-0.17866
-0.1405
-0.065467
0.034307
0.13958
0.22928
0.28593
0.29977
0.27032
0.20535
0.11796
0.02295
-0.066489
-0.1409
-0.19543
-0.22968
-0.24702
-0.25357
-0.25714
-0.26587
-0.2864
-0.32203
-0.37113
-0.42676
-0.47781
-0.51185
-0.51855
-0.49265
-0.4353
-0.35316
-0.25592
-0.15329
-0.053046
0.039217
0.11879
0.18015
0.21634
0.22038
0.18846
0.12359
0.037752
-0.049322
-0.11486
-0.14005
-0.11648
-0.049231
0.045079
0.14469
0.23078
0.29373
0.33477
0.36268
0.38752
0.41457
0.44143
0.45925
0.45719
0.42755
0.3695
0.28978
0.20081
0.11716
0.051967
0.014295
0.0077213
0.029922
0.073
0.12447
0.16912
0.1918
0.18105
0.13256
0.051463
-0.047784
-0.14449
-0.21727
-0.2505
-0.23954
-0.19263
-0.12863
-0.070961
-0.039882
-0.045591
-0.084662
-0.14101
-0.19109
-0.21155
-0.18678
-0.11401
-0.0041727
0.12121
0.23619
0.31738
0.34962
0.3288
0.26159
0.1624
0.04907
-0.061468
-0.15644
-0.22893
-0.278
-0.30752
-0.32431
-0.33605
-0.34938
-0.36847
-0.3943
-0.42449
-0.45401
-0.47641
-0.48539
-0.47635
-0.4473
-0.39905
-0.33445
-0.25729
-0.17134
-0.080019
0.012887
0.10212
0.18005
0.23697
0.26307
0.25168
0.20273
0.12483
0.034668
-0.0466
-0.099024
-0.1096
-0.075817
-0.0055523
0.086605
0.18485
0.27688
0.35595
0.41967
0.46717
0.49658
0.50455
0.48785
0.44586
0.38223
0.3047
0.22327
0.1477
0.085857
0.043139
0.022848
0.026435
0.052898
0.097344
0.14964
0.19449
0.21395
0.19229
0.12178
0.0072707
-0.13288
-0.27057
-0.37576
-0.42572
-0.4125
-0.34561
-0.24894
-0.15315
-0.086089
-0.06458
-0.089931
-0.14823
-0.215
-0.26261
-0.26836
-0.22094
-0.12362
0.0066075
0.14371
0.25954
0.33103
0.3457
0.30377
0.21693
0.10416
-0.013574
-0.11836
-0.19879
-0.2514
-0.28011
-0.29415
-0.3049
-0.32247
-0.35252
-0.39424
-0.44003
-0.47745
-0.49298
-0.47654
-0.42537
-0.34539
-0.24947
-0.15303
-0.068698
-0.0023423
0.047701
0.087866
0.12441
0.15875
0.18544
0.19415
0.17478
0.12363
0.047701
-0.035394
-0.1021
-0.13081
-0.10964
-0.040836
0.060342
0.17165
0.27223
0.34955
0.40193
0.43609
0.46134
0.48377
0.50316
0.51379
0.50809
0.48105
0.43289
0.3692
0.29876
0.23054
0.17141
0.12527
0.093681
0.077005
0.075249
0.087953
0.11319
0.14627
0.17907
0.20071
0.19991
0.16846
0.10472
0.015569
-0.084361
-0.17643
-0.2437
-0.27653
-0.27588
-0.25271
-0.22362
-0.20416
-0.20255
-0.21619
-0.23241
-0.23313
-0.20187
-0.13042
-0.022831
0.10477
0.22826
0.32223
0.36698
0.35355
0.2855
0.17707
0.048796
-0.077871
-0.18522
-0.26229
-0.30589
-0.31986
-0.31337
-0.29851
-0.28772
-0.29105
-0.31364
-0.35406
-0.40398
-0.44977
-0.47596
-0.46963
-0.42455
-0.34363
-0.23859
-0.12669
-0.025604
0.051985
0.10187
0.12852
0.14181
0.15183
0.16396
0.17644
0.18166
0.17042
0.1374
0.085154
0.024976
-0.026257
-0.051968
-0.042236
0.0021106
0.069555
0.14226
0.20303
0.24182
0.25907
0.26439
0.27146
0.29152
0.32844
0.37727
0.42651
0.46275
0.47545
0.46001
0.41842
0.35774
0.2876
0.21786
0.15722
0.11266
0.08938
0.090524
0.11631
0.16276
0.22074
0.27606
0.31141
0.31013
0.26097
0.16244
0.024919
-0.13043
-0.27624
-0.38565
-0.43927
-0.43015
-0.36549
-0.26472
-0.15464
-0.063009
-0.012009
-0.012848
-0.062649
-0.14446
-0.23075
-0.29011
-0.29572
-0.2335
-0.10726
0.061067
0.23669
0.38137
0.46421
0.47009
0.40311
0.28379
0.14154
0.005323
-0.10399
-0.1773
-0.21645
-0.23051
-0.23117
-0.22941
-0.23389
-0.2509
-0.28439
-0.33548
-0.4011
-0.47285
-0.53704
-0.57717
-0.57824
-0.53198
-0.44066
-0.31775
-0.18463
-0.06418
0.026487
0.081317
0.10642
0.11641
0.12752
0.1502
0.18441
0.21951
0.23873
0.22656
0.17588
0.092261
-0.00654
-0.095681
-0.15102
-0.15668
-0.10951
-0.018989
0.097057
0.2187
0.32943
0.41896
0.48285
0.52028
0.53174
0.51798
0.48045
0.42237
0.34945
0.2695
0.19115
0.12234
0.06944
0.03702
0.028043
0.043698
0.082477
0.13869
0.2013
0.25421
0.27891
0.25936
0.18786
0.069813
-0.075068
-0.2165
-0.32193
-0.36695
-0.34402
-0.2659
-0.1621
-0.069253
-0.018896
-0.026872
-0.08818
-0.1788
-0.2637
-0.30814
-0.28873
-0.20066
-0.059181
0.10499
0.25473
0.3571
0.39215
0.35734
0.26651
0.14418
0.017502
-0.091435
-0.17057
-0.21917
-0.2456
-0.26287
-0.28355
-0.31548
-0.35944
-0.40895
-0.45241
-0.47649
-0.47029
-0.42872
-0.35447
-0.25758
-0.15283
-0.055491
0.023122
0.078671
0.11423
0.13785
0.15814
0.17988
0.20145
0.21543
0.21212
0.18452
0.13263
0.065043
-0.0029946
-0.054377
-0.075812
-0.06197
-0.01636
0.051289
0.12971
0.21044
0.28963
0.36684
0.44157
0.51006
0.56418
0.59318
0.58752
0.54299
0.46307
0.35888
0.24686
0.14511
0.069744
0.031824
0.035338
0.07616
0.14209
0.21422
0.26983
0.28694
0.24978
0.15394
0.0093209
-0.16061
-0.3238
-0.4478
-0.50863
-0.49766
-0.42386
-0.31106
-0.19098
-0.094465
-0.04366
-0.046955
-0.09778
-0.17695
-0.25772
-0.31229
-0.31861
-0.26604
-0.15871
-0.015458
0.13403
0.25634
0.32297
0.31808
0.24297
0.11545
-0.035526
-0.17855
-0.28868
-0.35393
-0.37723
-0.37373
-0.36439
-0.36818
-0.39545
-0.44429
-0.50127
-0.54597
-0.55789
-0.52342
-0.44065
-0.32041
-0.18316
-0.0528
0.050604
0.11672
0.14724
0.15379
0.1522
0.15551
0.16849
0.18601
0.19581
0.18457
0.14473
0.079121
0.0014414
-0.067775
-0.10825
-0.10721
-0.063884
0.010665
0.098292
0.18093
0.24704
0.29467
0.33006
0.36277
0.39994
0.44215
0.4826
0.50957
0.51104
0.47952
0.4155
0.32837
0.23477
0.15477
0.10676
0.10239
0.14254
0.21581
0.29998
0.36678
0.38904
0.34851
0.24191
0.083053
-0.10004
-0.27242
-0.40175
-0.46679
-0.46243
-0.39994
-0.30278
-0.19998
-0.11871
-0.078075
-0.084958
-0.13261
-0.2021
-0.26675
-0.29879
-0.27717
-0.19438
-0.060111
0.099929
0.25016
0.35483
0.38826
0.34233
0.22862
0.07473
-0.08419
-0.21562
-0.29858
-0.3285
-0.31703
-0.28695
-0.26407
-0.26857
-0.30847
-0.37706
-0.4552
-0.51756
-0.54084
-0.51147
-0.42997
-0.31068
-0.17688
-0.052996
0.043228
0.10554
0.13927
0.15681
0.17068
0.18722
0.20401
0.21174
0.19988
0.16318
0.10596
0.042058
-0.0096195
-0.032203
-0.017322
0.031916
0.10275
0.17844
0.24488
0.29522
0.33036
0.35571
0.37638
0.39344
0.40303
0.39848
0.37392
0.32758
0.26341
0.1905
0.12099
0.067307
0.039504
0.043117
0.077655
0.13577
0.20343
0.26153
0.28929
0.26937
0.19331
0.065755
-0.094722
-0.25903
-0.39474
-0.4749
-0.48551
-0.42932
-0.32486
-0.20133
-0.090937
-0.021055
-0.0077362
-0.05196
-0.13915
-0.24217
-0.32739
-0.36311
-0.32829
-0.21957
-0.053882
0.13461
0.30301
0.41151
0.43477
0.36909
0.23282
0.060074
-0.11019
-0.24565
-0.32901
-0.36081
-0.3565
-0.33914
-0.33083
-0.34532
-0.38419
-0.43722
-0.48646
-0.51241
-0.50032
-0.44464
-0.3505
-0.23186
-0.10725
0.0055017
0.093741
0.15223
0.18275
0.19161
0.18656
0.17438
0.16
0.14662
0.13611
0.12875
0.12241
0.11204
0.090682
0.052558
-0.0026424
-0.066479
-0.12195
-0.14826
-0.12902
-0.060431
0.044453
0.15801
0.24654
0.28184
0.25127
0.16246
0.04072
-0.079392
-0.16529
-0.1963
-0.16922
-0.098172
-0.0093126
0.067653
0.10857
0.10204
0.052897
-0.019122
-0.085396
-0.11763
-0.097605
-0.024178
0.085424
0.20086
0.289
0.32542
0.30269
0.23226
0.13928
0.052767
-0.0051324
-0.026439
-0.018776
-0.00054696
0.007958
-0.0062176
-0.043023
-0.089746
-0.1273
-0.1397
-0.12246
-0.085839
-0.05129
-0.042536
-0.07527
-0.15007
-0.25155
-0.35383
-0.42993
-0.46108
-0.44273
-0.38536
-0.31034
-0.24246
-0.20181
-0.19733
-0.22405
-0.26466
-0.29517
-0.29269
-0.24312
-0.1461
-0.015557
0.12449
0.24732
0.33157
0.36694
0.3559
0.31112
0.25002
0.18879
0.13799
0.10077
0.07377
0.049641
0.020048
-0.021616
-0.078065
-0.14651
-0.21787
-0.27742
-0.30771
-0.29366
-0.22854
-0.11844
0.017316
0.15069
0.25321
0.30476
0.2995
0.24654
0.16587
0.081325
0.013628
-0.024329
-0.029107
-0.00574
0.034771
0.078504
0.1117
0.1237
0.1095
0.071407
0.019055
-0.032808
-0.06843
-0.075984
-0.051579
-0.00073317
0.063382
0.12437
0.16807
0.18703
0.18233
0.16221
0.13803
0.11919
0.10912
0.1039
0.094377
0.0709
0.028758
-0.02824
-0.087929
-0.13408
-0.15326
-0.14135
-0.10658
-0.067459
-0.046029
-0.059175
-0.11169
-0.194
-0.28548
-0.36188
-0.40396
-0.40383
-0.36714
-0.31034
-0.25445
-0.21753
-0.20853
-0.22442
-0.25137
-0.26958
-0.26001
-0.21077
-0.12126
-0.0023969
0.12677
0.24494
0.33459
0.38606
0.39836
0.3771
0.33084
0.26804
0.19573
0.12002
0.047378
-0.014963
-0.060383
-0.085806
-0.094555
-0.097011
-0.1077
-0.13925
-0.1956
-0.26796
-0.33623
-0.37598
-0.36857
-0.30965
-0.21222
-0.10234
-0.0095773
0.043805
0.050111
0.017303
-0.03591
-0.088287
-0.12392
-0.13677
-0.1308
-0.1162
-0.1037
-0.099175
-0.10052
-0.097817
-0.076821
-0.024715
0.063904
0.18306
0.31528
0.4358
0.51978
0.5501
0.52265
0.44742
0.34516
0.24115
0.15819
0.11115
0.10398
0.12967
0.17275
0.21374
0.23463
0.22412
0.18118
0.11546
0.044007
-0.014842
-0.048384
-0.054392
-0.041819
-0.026922
-0.026513
-0.051318
-0.10227
-0.17106
-0.24415
-0.30813
-0.3539
-0.37811
-0.38174
-0.36717
-0.33555
-0.2859
-0.21647
-0.12746
-0.023476
0.085827
0.18759
0.26946
0.32343
0.34803
0.34779
0.33031
0.30248
0.26766
0.22521
0.17265
0.10906
0.038104
-0.031375
-0.087801
-0.12166
-0.13045
-0.12126
-0.10901
-0.11053
-0.13665
-0.18604
-0.24396
-0.28737
-0.29461
-0.25542
-0.17671
-0.081186
0.00091786
0.043417
0.034217
-0.02037
-0.098591
-0.17201
-0.21637
-0.22042
-0.1894
-0.14231
-0.10395
-0.094858
-0.12251
-0.17707
-0.23347
-0.25934
-0.22657
-0.12239
0.044172
0.24328
0.4328
0.57139
0.63142
0.60691
0.51408
0.38475
0.25559
0.15736
0.10736
0.10695
0.14364
0.19646
0.24261
0.26366
0.25011
0.20358
0.1358
0.064845
0.0090495
-0.019406
-0.019022
0.00035017
0.021278
0.025617
0.0016106
-0.051831
-0.12542
-0.20394
-0.27249
-0.32173
-0.34977
-0.36057
-0.35988
-0.35102
-0.33261
-0.29921
-0.24458
-0.16591
-0.06694
0.041664
0.14503
0.22888
0.28429
0.3103
0.31324
0.30331
0.28969
0.27661
0.26184
0.23833
0.19817
0.13726
0.058614
-0.027384
-0.10613
-0.16422
-0.19487
-0.20086
-0.19332
-0.18666
-0.19183
-0.21108
-0.23684
-0.2555
-0.25418
-0.22736
-0.18001
-0.12581
-0.081419
-0.059583
-0.064184
-0.089257
-0.12203
-0.14842
-0.15861
-0.15068
-0.13109
-0.11191
-0.1058
-0.12035
-0.15357
-0.19249
-0.21572
-0.19986
-0.12801
0.0025711
0.17684
0.36444
0.52808
0.63501
0.66731
0.627
0.5342
0.41954
0.31405
0.2404
0.20809
0.21306
0.24092
0.27205
0.28717
0.27231
0.22266
0.14421
0.052699
-0.030666
-0.085832
-0.10095
-0.077132
-0.028696
0.021613
0.050766
0.043693
-0.0016721
-0.07442
-0.15542
-0.22457
-0.26773
-0.28069
-0.26925
-0.24569
-0.22313
-0.21
-0.20665
-0.20522
-0.19302
-0.15799
-0.094407
-0.0061392
0.093702
0.18703
0.25723
0.29509
0.30172
0.28726
0.26587
0.2494
0.24241
0.24061
0.23334
0.20892
0.16056
0.090382
0.009589
-0.0654
-0.11948
-0.14542
-0.14749
-0.14028
-0.14263
-0.16909
-0.22252
-0.29141
-0.35369
-0.38551
-0.37151
-0.31177
-0.2226
-0.13062
-0.063003
-0.037882
-0.058544
-0.11326
-0.18015
-0.23497
-0.25902
-0.24496
-0.19912
-0.13966
-0.091271
-0.077268
-0.11131
-0.191
-0.29589
-0.39125
-0.43748
-0.40263
-0.27405
-0.064638
0.18899
0.43661
0.62935
0.73427
0.74338
0.67396
0.56053
0.44166
0.34684
0.28799
0.25835
0.23862
0.20733
0.15123
0.071516
-0.016402
-0.089486
-0.12722
-0.12101
-0.078787
-0.022473
0.020516
0.028204
-0.007393
-0.077654
-0.16142
-0.23359
-0.27441
-0.27594
-0.24364
-0.19324
-0.14452
-0.1144
-0.11141
-0.13319
-0.16742
-0.19588
-0.20028
-0.16834
-0.097885
0.0020885
0.11406
0.21721
0.2934
0.33157
0.3294
0.29201
0.22908
0.15196
0.071747
-0.0014727
-0.059217
-0.095659
-0.10937
-0.10489
-0.092649
-0.086374
-0.098155
-0.13308
-0.18603
-0.24265
-0.28465
-0.29734
-0.27602
-0.2282
-0.17062
-0.12236
-0.097371
-0.099601
-0.12268
-0.15387
-0.18018
-0.19376
-0.1945
-0.1888
-0.18541
-0.19016
-0.20182
-0.21088
-0.20199
-0.15951
-0.07405
0.05236
0.20501
0.35996
0.49123
0.57901
0.61542
0.60562
0.56401
0.5076
0.44957
0.39595
0.3462
0.29681
0.24585
0.19584
0.15396
0.12928
0.12861
0.15249
0.19324
0.23601
0.2626
0.25714
0.21147
0.12846
0.021727
-0.088176
-0.17998
-0.23803
-0.25675
-0.24167
-0.20696
-0.17035
-0.14714
-0.14511
-0.16203
-0.18645
-0.2016
-0.19118
-0.14514
-0.063428
0.043512
0.15774
0.25906
0.33055
0.36243
0.35332
0.30906
0.24022
0.15948
0.079441
0.011001
-0.038243
-0.065616
-0.074586
-0.074616
-0.078787
-0.099241
-0.14183
-0.20237
-0.26665
-0.31514
-0.33076
-0.30649
-0.24937
-0.17854
-0.11805
-0.087424
-0.094112
-0.13097
-0.1798
-0.21912
-0.23292
-0.21674
-0.17897
-0.13692
-0.10941
-0.10867
-0.13454
-0.17317
-0.20102
-0.19287
-0.1312
-0.013542
0.14536
0.31754
0.47068
0.57843
0.62816
0.62327
0.57974
0.51893
0.45992
0.41435
0.38485
0.36689
0.35218
0.33214
0.30027
0.25333
0.19171
0.11933
0.043233
-0.02756
-0.083915
-0.11909
-0.13099
-0.12314
-0.10372
-0.082907
-0.069642
-0.069165
-0.082291
-0.10636
-0.13706
-0.16997
-0.20114
-0.22678
-0.24251
-0.24326
-0.22415
-0.18241
-0.1193
-0.041199
0.041131
0.11501
0.16911
0.19629
0.19483
0.168
0.12242
0.066381
0.0086367
-0.042466
-0.079935
-0.099651
-0.10213
-0.093507
-0.084605
-0.087535
-0.11078
-0.15476
-0.21031
-0.26117
-0.29007
-0.28568
-0.24755
-0.18653
-0.12066
-0.068243
-0.041265
-0.041846
-0.06294
-0.092509
-0.11904
-0.13589
-0.1427
-0.14366
-0.14361
-0.1439
-0.14002
-0.1222
-0.078943
-0.0022816
0.10745
0.23952
0.37473
0.491
0.57055
0.60571
0.60078
0.56928
0.52795
0.49016
0.4616
0.43972
0.41669
0.38408
0.33712
0.27675
0.20899
0.14232
0.084312
0.038941
0.0055564
-0.020375
-0.045108
-0.073938
-0.10899
-0.1483
-0.18652
-0.21697
-0.23419
-0.23614
-0.22506
-0.20692
-0.18944
-0.17959
-0.18124
-0.19376
-0.21207
-0.22807
-0.23304
-0.22032
-0.18739
-0.13665
-0.074626
-0.010017
0.048768
0.095503
0.12689
0.1421
0.14169
0.12667
0.098241
0.05824
0.0098587
-0.041941
-0.090713
-0.12946
-0.15184
-0.15311
-0.13071
-0.084505
-0.017114
0.065756
0.15518
0.23978
0.3076
0.34893
0.35895
0.33921
0.29711
0.24355
0.18961
0.14361
0.10955
0.087472
0.075141
0.070188
0.071487
0.079095
0.092811
0.11018
0.12519
0.12868
0.11082
0.064906
-0.009059
-0.10265
-0.20027
-0.28311
-0.33464
-0.34547
-0.31587
-0.25527
-0.17903
-0.1039
-0.043601
-0.0057197
0.0094285
0.008087
0.0008204
-0.00058308
0.013686
0.048897
0.10443
0.17386
0.24642
0.30928
0.35022
0.35998
0.33409
0.27373
0.18569
0.081336
-0.025249
-0.11985
-0.19094
-0.23222
-0.24412
-0.23368
-0.2125
-0.1932
-0.1853
-0.19202
-0.20919
-0.22672
-0.23217
-0.21519
-0.17101
-0.10204
-0.01716
0.070581
0.1469
0.19884
0.21683
0.19614
0.13806
0.05055
-0.052156
-0.15155
-0.22849
-0.26783
-0.26264
-0.21633
-0.14168
-0.056541
0.022129
0.083837
0.12725
0.15894
0.18874
0.22395
0.26495
0.30422
0.32913
0.3271
0.29096
0.22227
0.13152
0.035149
-0.049271
-0.10797
-0.13435
-0.12992
-0.1027
-0.064085
-0.025384
0.0046889
0.021047
0.021825
0.0072776
-0.021155
-0.061051
-0.10855
-0.15785
-0.20141
-0.23124
-0.24099
-0.22815
-0.19549
-0.15095
-0.10589
-0.072027
-0.057826
-0.065501
-0.089609
-0.11795
-0.13474
-0.1254
-0.081365
-0.0036396
0.096379
0.1992
0.28215
0.32557
0.31839
0.26128
0.16652
0.054434
-0.052464
-0.13576
-0.18584
-0.20371
-0.19925
-0.18702
-0.18085
-0.18924
-0.21287
-0.24475
-0.27293
-0.28465
-0.27066
-0.22835
-0.16271
-0.084766
-0.0080096
0.0558
0.09993
0.12367
0.1308
0.12634
0.11342
0.091659
0.058042
0.009669
-0.052865
-0.12316
-0.18893
-0.23446
-0.24484
-0.21065
-0.13126
-0.015707
0.11944
0.25439
0.37112
0.45747
0.50904
0.52861
0.52379
0.50382
0.47684
0.44813
0.41974
0.39124
0.36111
0.32838
0.29383
0.26036
0.23215
0.21294
0.20387
0.20195
0.19999
0.1883
0.15792
0.1041
0.028619
-0.060016
-0.14891
-0.22471
-0.27779
-0.30514
-0.31088
-0.30443
-0.29699
-0.2975
-0.30954
-0.33006
-0.35007
-0.3572
-0.33915
-0.28757
-0.20099
-0.086499
0.040811
0.16058
0.25165
0.29716
0.28876
0.22881
0.12991
0.011803
-0.10315
-0.19508
-0.25079
-0.2663
-0.24718
-0.20675
-0.16261
-0.13217
-0.12823
-0.15547
-0.20892
-0.27467
-0.33303
-0.36348
-0.35028
-0.28733
-0.18073
-0.048219
0.084637
0.19062
0.24767
0.2445
0.18364
0.081031
-0.037582
-0.14273
-0.20838
-0.21846
-0.17103
-0.078736
0.034866
0.14242
0.2212
0.26011
0.26276
0.24531
0.22971
0.23501
0.26979
0.32862
0.39387
0.44189
0.45144
0.41124
0.32433
0.20757
0.086733
-0.01127
-0.066418
-0.071307
-0.032776
0.030897
0.096018
0.14052
0.14975
0.11932
0.0549
-0.030722
-0.12165
-0.20292
-0.26365
-0.29866
-0.30878
-0.2998
-0.28055
-0.2605
-0.24728
-0.24454
-0.25066
-0.25862
-0.25768
-0.23654
-0.18756
-0.11049
-0.014244
0.084336
0.16469
0.20844
0.20494
0.15441
0.067927
-0.035884
-0.13592
-0.21407
-0.25947
-0.27071
-0.25549
-0.22791
-0.20413
-0.19752
-0.21457
-0.25292
-0.30192
-0.3458
-0.36843
-0.35811
-0.31103
-0.23222
-0.13384
-0.031469
0.060271
0.13111
0.17657
0.19711
0.19598
0.177
0.14354
0.099083
0.048621
-0.00021773
-0.037576
-0.053532
-0.04129
7.4164e-05
0.064722
0.14163
0.21809
0.28374
0.33333
0.36736
0.39028
0.40735
0.42146
0.43135
0.43187
0.41612
0.37867
0.31859
0.24115
0.15744
0.081979
0.028943
0.0081684
0.022219
0.0654
0.12502
0.18448
0.22732
0.24098
0.21944
0.16403
0.082523
-0.013163
-0.10982
-0.19568
-0.26233
-0.30584
-0.32678
-0.32949
-0.32068
-0.30753
-0.29552
-0.28667
-0.27864
-0.26515
-0.23786
-0.18929
-0.11583
-0.019919
0.089441
0.19796
0.2889
0.34662
0.35998
0.32485
0.24513
0.13229
0.0033532
-0.1222
-0.22623
-0.29555
-0.32469
-0.31702
-0.28378
-0.24109
-0.20556
-0.18965
-0.19812
-0.22668
-0.26339
-0.2925
-0.29948
-0.27567
-0.22105
-0.14406
-0.058677
0.020234
0.081381
0.11973
0.1364
0.13624
0.12427
0.10301
0.071795
0.02842
-0.027779
-0.092952
-0.15744
-0.20701
-0.22659
-0.20512
-0.13997
-0.039034
0.080555
0.19681
0.28908
0.34391
0.35847
0.34049
0.30489
0.26841
0.24431
0.23873
0.24979
0.26928
0.28616
0.29076
0.27807
0.24954
0.21253
0.17774
0.15539
0.15152
0.16561
0.19061
0.21516
0.22734
0.2185
0.18569
0.13209
0.065293
-0.0054515
-0.071965
-0.12887
-0.17393
-0.20736
-0.23068
-0.24581
-0.25461
-0.25902
-0.2614
-0.26474
-0.27229
-0.28642
-0.30704
-0.33003
-0.34674
-0.34517
-0.31308
-0.24223
-0.13237
0.0066423
0.15573
0.29051
0.38718
0.42849
0.40796
0.33111
0.2136
0.077254
-0.055007
-0.1638
-0.23674
-0.27021
-0.26921
-0.24549
-0.21419
-0.18959
-0.18108
-0.19038
-0.21108
-0.23092
-0.23611
-0.21645
-0.16922
-0.1003
-0.022078
0.05103
0.10763
0.14272
0.15797
0.15907
0.15155
0.13722
0.11313
0.073423
0.013415
-0.066104
-0.15628
-0.24069
-0.29913
-0.31342
-0.27343
-0.18094
-0.050022
0.09641
0.23282
0.33791
0.3999
0.41868
0.4044
0.37319
0.34162
0.32159
0.31728
0.32467
0.33396
0.33371
0.31565
0.27825
0.22781
0.17648
0.13793
0.12211
0.13139
0.15956
0.19414
0.22073
0.2278
0.20987
0.16818
0.10917
0.041683
-0.025661
-0.08625
-0.13616
-0.17415
-0.20133
-0.22076
-0.23668
-0.25333
-0.27328
-0.29568
-0.31529
-0.32294
-0.3076
-0.25998
-0.1762
-0.060524
0.074237
0.20897
0.32256
0.397
0.4215
0.39462
0.32375
0.22257
0.10763
-0.0050589
-0.10244
-0.17581
-0.22126
-0.2397
-0.23635
-0.21995
-0.20133
-0.19114
-0.19726
-0.22218
-0.26152
-0.30421
-0.33488
-0.33784
-0.30181
-0.22385
-0.11138
0.018637
0.14308
0.23799
0.28421
0.27214
0.20426
0.094936
-0.032488
-0.15075
-0.23473
-0.26721
-0.24277
-0.16885
-0.063359
0.050546
0.15103
0.22352
0.26409
0.27915
0.28179
0.28611
0.30165
0.32984
0.36363
0.39022
0.39583
0.37091
0.31389
0.23223
0.1406
0.056457
-0.0050964
-0.035783
-0.036226
-0.015138
0.013963
0.037203
0.044363
0.031196
-0.00043524
-0.044254
-0.092182
-0.13687
-0.17341
-0.19988
-0.21698
-0.22712
-0.23343
-0.23894
-0.24593
-0.25519
-0.26521
-0.27165
-0.26744
-0.24422
-0.19501
-0.11741
-0.016207
0.095893
0.20029
0.27683
0.30926
0.29001
0.22259
0.12094
0.005707
-0.10111
-0.18162
-0.22612
-0.23469
-0.21623
-0.18533
-0.15787
-0.14676
-0.15862
-0.19239
-0.23992
-0.28829
-0.32319
-0.33231
-0.30814
-0.24955
-0.16184
-0.055622
0.055286
0.15616
0.23348
0.27664
0.27925
0.24035
0.16539
0.066689
-0.03765
-0.12657
-0.18067
-0.18743
-0.14522
-0.064388
0.035526
0.13177
0.20565
0.24831
0.2628
0.26168
0.26119
0.27424
0.30518
0.34791
0.38805
0.40808
0.39363
0.33875
0.24865
0.13896
0.031791
-0.050328
-0.090889
-0.08421
-0.037164
0.032719
0.1022
0.14878
0.15674
0.12095
0.047696
-0.047797
-0.14585
-0.22767
-0.28005
-0.29824
-0.28658
-0.25686
-0.22479
-0.20545
-0.20876
-0.23609
-0.27899
-0.3206
-0.33986
-0.31759
-0.24295
-0.11812
0.040419
0.20497
0.34333
0.42724
0.43994
0.3804
0.26321
0.11421
-0.03645
-0.16181
-0.24408
-0.27768
-0.26905
-0.23348
-0.1902
-0.15717
-0.14672
-0.1631
-0.2022
-0.25316
-0.30133
-0.33176
-0.33259
-0.29766
-0.22795
-0.13152
-0.022035
0.083958
0.17026
0.22406
0.23821
0.21243
0.15342
0.073864
-0.0094828
-0.078737
-0.11842
-0.11897
-0.07915
-0.006569
0.084336
0.17631
0.25413
0.30865
0.33866
0.34996
0.3522
0.35464
0.36252
0.37517
0.38653
0.38777
0.3709
0.33234
0.27492
0.20785
0.14435
0.097831
0.077717
0.086357
0.11796
0.15996
0.19646
0.21255
0.19836
0.15146
0.077254
-0.01279
-0.10428
-0.18354
-0.2409
-0.27271
-0.28183
-0.27623
-0.26603
-0.25992
-0.26182
-0.2693
-0.27401
-0.2644
-0.22954
-0.16302
-0.065373
0.055377
0.18527
0.30733
0.40486
0.46439
0.47771
0.44283
0.36417
0.25204
0.12139
-0.010253
-0.12576
-0.21183
-0.26209
-0.2786
-0.2711
-0.25356
-0.23923
-0.2356
-0.24155
-0.2478
-0.24076
-0.20837
-0.14536
-0.055888
0.047497
0.14791
0.22922
0.28013
0.29587
0.27749
0.22985
0.15962
0.07419
-0.018263
-0.10829
-0.18505
-0.23724
-0.25521
-0.23358
-0.1735
-0.083268
0.023059
0.12903
0.22005
0.287
0.32798
0.34757
0.35395
0.35516
0.35585
0.3558
0.35042
0.33316
0.29867
0.24566
0.17841
0.10635
0.041802
-0.0035436
-0.022065
-0.012599
0.019095
0.061875
0.10221
0.12755
0.12916
0.10357
0.05264
-0.017365
-0.09727
-0.17652
-0.24465
-0.29283
-0.31538
-0.31126
-0.2849
-0.24581
-0.20655
-0.17922
-0.17134
-0.1825
-0.20335
-0.21777
-0.20784
-0.16029
-0.071922
0.047905
0.17901
0.29574
0.37423
0.39887
0.36612
0.28456
0.17172
0.048983
-0.063817
-0.15262
-0.21148
-0.24263
-0.25438
-0.25769
-0.26212
-0.2725
-0.28731
-0.29933
-0.29835
-0.27518
-0.2255
-0.15193
-0.063703
0.026055
0.10436
0.16194
0.19487
0.20391
0.19202
0.16176
0.114
0.048855
-0.031816
-0.12162
-0.20838
-0.27554
-0.30641
-0.28964
-0.2241
-0.12075
-0.00033952
0.11247
0.19679
0.24208
0.25117
0.23846
0.224
0.22569
0.25242
0.30082
0.35668
0.40042
0.41473
0.39118
0.33381
0.258
0.18519
0.13535
0.11986
0.13751
0.17502
0.21201
0.22843
0.21186
0.16175
0.089252
0.012683
-0.049473
-0.085164
-0.092481
-0.079277
-0.059261
-0.046418
-0.049999
-0.071773
-0.10619
-0.14308
-0.17171
-0.18482
-0.18121
-0.16613
-0.14936
-0.14141
-0.14932
-0.1732
-0.2051
-0.23081
-0.23432
-0.20378
-0.13676
-0.042496
0.05998
0.14779
0.20198
0.21413
0.18907
0.14258
0.095015
0.0635
0.055763
0.06794
0.087038
0.096976
0.085785
0.051148
0.0020912
-0.043893
-0.067268
-0.053944
-0.00091169
0.082155
0.17587
0.25739
0.30747
0.31577
0.28293
0.21905
0.13973
0.061208
-0.0039982
-0.049948
-0.078247
-0.097115
-0.11874
-0.15534
-0.21473
-0.29649
-0.39035
-0.47773
-0.53678
-0.54965
-0.50942
-0.42395
-0.31449
-0.20925
-0.13409
-0.10387
-0.11784
-0.16064
-0.20827
-0.23666
-0.22949
-0.18287
-0.10574
-0.016307
0.063755
0.11565
0.12848
0.10182
0.045536
-0.023148
-0.084362
-0.12093
-0.12276
-0.08899
-0.027243
0.049525
0.12737
0.19526
0.24734
0.28327
0.30675
0.32314
0.33688
0.34934
0.35775
0.35564
0.33485
0.28877
0.21595
0.12261
0.022938
-0.063753
-0.1185
-0.12915
-0.095192
-0.028893
0.048471
0.11389
0.15066
0.15376
0.13026
0.094889
0.062665
0.042118
0.031968
0.022622
0.0017291
-0.038719
-0.096907
-0.15985
-0.20703
-0.21766
-0.17889
-0.091486
0.029187
0.15737
0.26459
0.32804
0.33667
0.29318
0.21185
0.11329
0.018229
-0.057645
-0.10685
-0.13074
-0.13808
-0.14219
-0.15713
-0.19365
-0.25538
-0.33652
-0.42195
-0.49063
-0.52199
-0.50338
-0.43588
-0.33565
-0.22956
-0.14629
-0.10611
-0.1135
-0.15562
-0.2075
-0.24161
-0.23822
-0.19238
-0.11499
-0.027767
0.045572
0.088373
0.09685
0.080546
0.057567
0.046771
0.060233
0.099023
0.15379
0.20944
0.25155
0.27155
0.26881
0.24948
0.22318
0.19956
0.18578
0.18535
0.19792
0.21962
0.24343
0.26002
0.25925
0.23261
0.17622
0.093418
-0.004207
-0.0985
-0.16912
-0.19968
-0.18354
-0.12693
-0.04777
0.029854
0.083636
0.10052
0.080748
0.036966
-0.011114
-0.044335
-0.051038
-0.030814
0.0061345
0.043603
0.066115
0.065275
0.043421
0.013243
-0.0065471
0.0020289
0.049453
0.13441
0.24351
0.3551
0.44568
0.49659
0.49865
0.45366
0.37256
0.27142
0.16681
0.071878
-0.0061418
-0.066738
-0.11537
-0.16136
-0.21467
-0.2819
-0.36269
-0.44769
-0.5197
-0.55847
-0.54793
-0.4835
-0.37602
-0.25014
-0.13707
-0.064083
-0.044959
-0.075119
-0.13359
-0.19094
-0.22017
-0.20627
-0.15108
-0.071808
0.0058709
0.057506
0.068662
0.039804
-0.014301
-0.0702
-0.10416
-0.10025
-0.055225
0.021232
0.11058
0.19187
0.24816
0.27069
0.26015
0.22501
0.17802
0.13224
0.097579
0.078591
0.073796
0.076335
0.075832
0.061182
0.023913
-0.038527
-0.12053
-0.20824
-0.28227
-0.32305
-0.31723
-0.26303
-0.1721
-0.066725
0.026854
0.086877
0.10301
0.079274
0.032017
-0.016347
-0.045386
-0.043764
-0.01301
0.033228
0.074227
0.089883
0.068552
0.012304
-0.062427
-0.12939
-0.16099
-0.13791
-0.056362
0.069787
0.21282
0.33967
0.42197
0.444
0.40605
0.32247
0.2156
0.10807
0.015956
-0.055131
-0.11035
-0.16234
-0.22533
-0.30847
-0.41019
-0.51607
-0.60142
-0.63867
-0.60747
-0.50389
-0.34472
-0.16452
-0.005832
0.094328
0.11647
0.06485
-0.03439
-0.14228
-0.2197
-0.23934
-0.19285
-0.091757
0.037687
0.16315
0.25551
0.29607
0.28028
0.2175
0.12745
0.03459
-0.03828
-0.075612
-0.072599
-0.035652
0.020276
0.076715
0.11749
0.13345
0.12476
0.099961
0.072452
0.055419
0.056909
0.076544
0.10497
0.12639
0.12364
0.084508
0.0071687
-0.097308
-0.20683
-0.2945
-0.33743
-0.32483
-0.26227
-0.16993
-0.075369
-0.0035816
0.03159
0.03143
0.010299
-0.011272
-0.015357
0.0061963
0.048831
0.097452
0.13269
0.1388
0.11041
0.055511
-0.0061368
-0.048921
-0.049591
0.0049257
0.11271
0.25664
0.4088
0.53798
0.61786
0.63338
0.58375
0.48146
0.34821
0.20882
0.085011
-0.0096058
-0.072249
-0.11057
-0.13916
-0.17366
-0.22414
-0.29004
-0.35905
-0.4108
-0.42471
-0.38899
-0.30696
-0.19767
-0.090031
-0.012835
0.015425
-0.0073558
-0.067012
-0.13897
-0.19709
-0.22197
-0.206
-0.15407
-0.080538
-0.0041833
0.057088
0.090397
0.090281
0.059275
0.0069469
-0.05233
-0.10259
-0.13003
-0.12659
-0.092354
-0.035754
0.02873
0.084928
0.11999
0.12834
0.11311
0.084513
0.055745
0.037697
0.034413
0.040986
0.044864
0.03047
-0.014273
-0.091832
-0.19192
-0.293
-0.36855
-0.39594
-0.36476
-0.28102
-0.16554
-0.046947
0.047926
0.10235
0.1139
0.093304
0.059041
0.030164
0.020017
0.032773
0.063396
0.1004
0.13008
0.14077
0.12607
0.0865
0.029527
-0.031735
-0.081029
-0.10233
-0.083755
-0.021292
0.078767
0.19975
0.31759
0.40638
0.4452
0.4239
0.34602
0.22758
0.092227
-0.035971
-0.1395
-0.21186
-0.25778
-0.28904
-0.31754
-0.34854
-0.3773
-0.39098
-0.37533
-0.32305
-0.23974
-0.1442
-0.062544
-0.018464
-0.024084
-0.075227
-0.15297
-0.23054
-0.28243
-0.29245
-0.25786
-0.18907
-0.10543
-0.029067
0.021385
0.035523
0.01351
-0.034341
-0.090529
-0.13524
-0.15201
-0.1326
-0.079638
-0.0059033
0.069751
0.12852
0.15786
0.15553
0.13015
0.097825
0.075993
0.076357
0.099484
0.13318
0.15576
0.14374
0.081469
-0.030777
-0.17389
-0.31425
-0.41432
-0.44597
-0.40099
-0.29445
-0.15922
-0.033897
0.050935
0.082453
0.068006
0.029906
-0.0045789
-0.013818
0.010796
0.062749
0.12357
0.16968
0.1805
0.14551
0.068476
-0.032247
-0.12744
-0.18418
-0.17489
-0.086084
0.075816
0.2838
0.49571
0.66483
0.75262
0.73958
0.63055
0.4527
0.24677
0.05474
-0.092137
-0.18123
-0.21998
-0.23067
-0.24046
-0.26993
-0.32438
-0.39126
-0.44513
-0.45854
-0.41459
-0.31575
-0.18501
-0.058466
0.027654
0.050041
0.0062189
-0.085532
-0.19352
-0.28378
-0.33051
-0.32253
-0.26433
-0.17257
-0.070012
0.020757
0.082352
0.10549
0.089865
0.043309
-0.020284
-0.084008
-0.13155
-0.15075
-0.13633
-0.090949
-0.024209
0.050006
0.11709
0.16506
0.1869
0.18153
0.15355
0.11193
0.068116
0.033583
0.017126
0.022219
0.045109
0.074519
0.093697
0.084939
0.035649
-0.055996
-0.17817
-0.30712
-0.41357
-0.47192
-0.46873
-0.40704
-0.30472
-0.18757
-0.080162
0.0017717
0.054716
0.085692
0.1069
0.12926
0.15736
0.1876
0.20976
0.21132
0.18282
0.12267
0.039728
-0.047133
-0.11282
-0.13241
-0.08855
0.022134
0.18606
0.37437
0.54947
0.67461
0.72366
0.68803
0.57831
0.42037
0.2473
0.089977
-0.03082
-0.10854
-0.15037
-0.17273
-0.19418
-0.22805
-0.27695
-0.33132
-0.37269
-0.38114
-0.34419
-0.26354
-0.15648
-0.050898
0.024406
0.050031
0.022626
-0.044724
-0.12808
-0.20141
-0.24476
-0.24899
-0.21617
-0.15651
-0.08403
-0.012638
0.046071
0.083574
0.094458
0.076641
0.032129
-0.032099
-0.104
-0.16801
-0.20841
-0.21359
-0.17977
-0.11272
-0.026555
0.060001
0.12875
0.1669
0.17035
0.14438
0.10167
0.058322
0.028774
0.021225
0.034725
0.05896
0.077065
0.070942
0.027704
-0.054777
-0.16536
-0.28152
-0.37564
-0.42371
-0.41341
-0.34834
-0.24658
-0.13413
-0.035965
0.031863
0.065993
0.074574
0.072155
0.073147
0.086465
0.11309
0.14687
0.17771
0.1955
0.19336
0.16934
0.12639
0.071328
0.013488
-0.036435
-0.067257
-0.068342
-0.031211
0.048202
0.16716
0.31463
0.47163
0.61406
0.71765
0.76366
0.74376
0.66222
0.53467
0.38376
0.23307
0.10128
-0.001818
-0.076284
-0.13012
-0.17519
-0.22225
-0.2766
-0.33584
-0.39038
-0.42701
-0.43418
-0.40728
-0.3515
-0.28106
-0.21483
-0.16999
-0.15633
-0.17332
-0.21095
-0.25362
-0.28536
-0.29431
-0.27532
-0.23028
-0.16683
-0.096141
-0.030577
0.018635
0.043579
0.041518
0.016013
-0.023348
-0.063015
-0.089096
-0.091514
-0.06718
-0.020899
0.036358
0.09107
0.13122
0.14931
0.1437
0.11814
0.080393
0.040368
0.0082819
-0.0071858
-0.00086892
0.026899
0.068867
0.11097
0.13483
0.12279
0.064335
-0.03832
-0.16817
-0.29663
-0.3918
-0.42893
-0.3992
-0.31292
-0.19561
-0.07861
0.011976
0.063378
0.078457
0.071885
0.062495
0.065297
0.086243
0.12126
0.1591
0.18633
0.19212
0.17137
0.12562
0.062053
-0.0082582
-0.072192
-0.11607
-0.12715
-0.095608
-0.016995
0.10523
0.2584
0.42156
0.56916
0.67687
0.72765
0.71616
0.64975
0.54566
0.42528
0.30761
0.20408
0.11652
0.038644
-0.039617
-0.1266
-0.22418
-0.32542
-0.41578
-0.47743
-0.49571
-0.46522
-0.39323
-0.29876
-0.20701
-0.14138
-0.11571
-0.13022
-0.17227
-0.22163
-0.25765
-0.26567
-0.24031
-0.18549
-0.11159
-0.031835
0.041093
0.097241
0.13048
0.13891
0.12485
0.094542
0.057153
0.02303
0.0013355
-0.0022769
0.012861
0.04236
0.078106
0.11051
0.1309
0.13352
0.11677
0.083583
0.040955
-0.0013389
-0.032925
-0.045623
-0.036363
-0.0093119
0.023797
0.045928
0.039564
-0.0070282
-0.094173
-0.20825
-0.32395
-0.41128
-0.44527
-0.4148
-0.32684
-0.20429
-0.07793
0.024064
0.085056
0.10394
0.093208
0.07247
0.060478
0.068674
0.098276
0.14125
0.18408
0.2126
0.21616
0.19024
0.1372
0.065703
-0.010731
-0.075595
-0.11176
-0.1044
-0.04443
0.068291
0.22303
0.39869
0.56726
0.69971
0.77287
0.77518
0.70958
0.59235
0.44834
0.30394
0.18013
0.08756
0.025219
-0.017423
-0.055653
-0.10377
-0.17003
-0.25362
-0.34452
-0.42642
-0.48186
-0.49811
-0.47178
-0.4102
-0.32925
-0.24818
-0.18357
-0.14469
-0.1318
-0.13766
-0.15101
-0.16051
-0.15753
-0.13749
-0.099826
-0.047533
0.013421
0.074615
0.12612
0.15826
0.1641
0.14198
0.097053
0.040671
-0.01245
-0.04859
-0.059312
-0.044024
-0.0098745
0.030832
0.064596
0.080633
0.073604
0.044659
0.00081582
-0.046986
-0.086705
-0.1084
-0.10726
-0.085648
-0.053492
-0.026353
-0.021209
-0.050793
-0.11821
-0.2139
-0.31669
-0.39935
-0.43713
-0.41647
-0.34027
-0.22735
-0.1061
-0.0045756
0.058801
0.080498
0.071195
0.050033
0.036497
0.04324
0.072298
0.11554
0.15859
0.18634
0.18814
0.16089
0.10962
0.045708
-0.016375
-0.062373
-0.080908
-0.064979
-0.012456
0.074059
0.18761
0.31739
0.44947
0.56807
0.65753
0.70487
0.70255
0.65038
0.55598
0.43309
0.29826
0.16682
0.049615
-0.048509
-0.12817
-0.19327
-0.24821
-0.29563
-0.33517
-0.3639
-0.37779
-0.37397
-0.35256
-0.31746
-0.2755
-0.23438
-0.20027
-0.17596
-0.16047
-0.15001
-0.13979
-0.12567
-0.10517
-0.077501
-0.043134
-0.0032375
0.040448
0.085367
0.12782
0.16303
0.18594
0.19259
0.18167
0.15542
0.11944
0.081248
0.047978
0.02427
0.010946
0.0050433
0.0010976
-0.0068039
-0.022844
-0.04781
-0.078424
-0.10795
-0.12809
-0.13185
-0.11672
-0.086921
-0.053843
-0.03368
-0.042514
-0.090072
-0.17439
-0.27984
-0.38008
-0.44573
-0.45438
-0.39906
-0.29159
-0.15894
-0.033879
0.056324
0.098581
0.096773
0.068089
0.03504
0.016693
0.022381
0.049715
0.08689
0.11792
0.12869
0.11191
0.069512
0.012062
-0.044446
-0.083194
-0.091086
-0.061874
0.0029077
0.0952
0.20316
0.31422
0.41747
0.50459
0.56951
0.60755
0.61483
0.5888
0.52954
0.44126
0.33283
0.21656
0.10534
0.0089976
-0.068685
-0.13088
-0.18587
-0.24284
-0.30689
-0.37546
-0.43793
-0.47913
-0.48551
-0.45145
-0.38269
-0.29527
-0.21016
-0.14579
-0.11168
-0.10578
-0.11638
-0.12738
-0.12458
-0.10033
-0.055146
0.0038182
0.066083
0.12145
0.16255
0.18589
0.19156
0.18232
0.16254
0.13722
0.11118
0.088228
0.070513
0.058213
0.049783
0.042663
0.034169
0.022241
0.0059544
-0.014124
-0.035651
-0.054425
-0.064886
-0.061548
-0.04136
-0.0063384
0.034698
0.066619
0.071399
0.034054
-0.050699
-0.17369
-0.31102
-0.42934
-0.49575
-0.48888
-0.40698
-0.26933
-0.11003
0.033363
0.13208
0.17426
0.16634
0.12798
0.083277
0.051901
0.043366
0.055633
0.077813
0.095418
0.096186
0.074664
0.034292
-0.01347
-0.052535
-0.066961
-0.045539
0.015223
0.11053
0.22903
0.35597
0.47642
0.57756
0.64951
0.6853
0.68078
0.63506
0.55161
0.43919
0.31152
0.18499
0.074784
-0.0094559
-0.066556
-0.10408
-0.1354
-0.17452
-0.2304
-0.30295
-0.38248
-0.45288
-0.4975
-0.50546
-0.47579
-0.41773
-0.34724
-0.28106
-0.23096
-0.20033
-0.18432
-0.17297
-0.15593
-0.1266
-0.08434
-0.034182
0.015544
0.056478
0.083205
0.09498
0.095778
0.092779
0.09381
0.10452
0.12612
0.15453
0.18125
0.19613
0.19099
0.16295
0.11596
0.059689
0.0061876
-0.034304
-0.056718
-0.062337
-0.057527
-0.05075
-0.049163
-0.056122
-0.070358
-0.086952
-0.099504
-0.10259
-0.093589
-0.073343
-0.045552
-0.015332
0.012443
0.034438
0.049426
0.058099
0.062352
0.064357
0.065766
0.067243
0.068386
0.067994
0.064558
0.056796
0.044111
0.026849
0.0063293
-0.015365
-0.03577
-0.052531
-0.063888
-0.069057
-0.068399
-0.063308
-0.055824
-0.048031
-0.041447
-0.036574
-0.032815
-0.028789
-0.022939
-0.014235
-0.0026682
0.010618
0.023627
0.034101
0.040213
0.041085
0.037003
0.029245
0.019629
0.0099274
0.0013632
-0.0056557
-0.011496
-0.016987
-0.022971
-0.029879
-0.037486
-0.044917
-0.050892
-0.054114
-0.053662
-0.049252
-0.041288
-0.030713
-0.018723
-0.0064699
0.0051458
0.015543
0.02439
0.031469
0.036551
0.039355
0.039611
0.037189
0.032247
0.025293
0.017152
0.0088107
0.0011929
-0.0050426
-0.0096213
-0.012633
-0.014386
-0.015191
-0.015163
-0.014126
-0.011663
-0.0072882
-0.00066353
0.008222
0.018988
0.030923
0.043121
0.054648
0.064655
0.072449
0.077509
0.079501
0.078292
0.073964
0.066818
0.057341
0.04613
0.033792
0.020864
0.0077642
-0.005177
-0.017642
-0.029236
-0.039429
-0.047583
-0.053052
-0.05534
-0.054256
-0.050002
-0.043156
-0.034553
-0.025089
-0.015533
-0.0063865
0.0021498
0.010103
0.017576
0.024577
0.030881
0.035978
0.039125
0.039501
0.036422
0.029566
0.019132
0.0058826
-0.0089719
-0.024014
-0.037933
-0.049815
-0.059308
-0.066619
-0.072331
-0.077104
-0.081357
-0.085044
-0.087607
-0.088125
-0.085612
-0.079372
-0.069263
-0.055794
-0.040017
-0.023253
-0.0067663
0.0084983
0.022027
0.033675
0.043476
0.051428
0.057353
0.060886
0.06161
0.059249
0.053845
0.04583
0.035971
0.025202
0.014418
0.0043006
-0.0047757
-0.012732
-0.019692
-0.025835
-0.031257
-0.035843
-0.039208
-0.040701
-0.039502
-0.034801
-0.026044
-0.013197
0.0030694
0.021344
0.039656
0.055855
0.068109
0.075355
0.077549
0.075612
0.071081
0.065583
0.060319
0.055742
0.051528
0.046831
0.040704
0.032506
0.022163
0.010202
-0.0024314
-0.014642
-0.025456
-0.034184
-0.040455
-0.044151
-0.045313
-0.044063
-0.040579
-0.035106
-0.027972
-0.019596
-0.010467
-0.0011028
0.0079852
0.016321
0.023479
0.029103
0.032925
0.034798
0.034721
0.032837
0.029393
0.02467
0.018906
0.012241
0.0047246
-0.0036234
-0.01271
-0.022273
-0.03184
-0.040761
-0.048327
-0.053921
-0.057163
-0.057995
-0.05667
-0.053654
-0.049468
-0.044526
-0.039027
-0.032937
-0.026073
-0.018268
-0.0095353
-0.00017928
0.0092045
0.017844
0.024979
0.030048
0.032812
0.033365
0.032045
0.029286
0.025482
0.020898
0.01567
0.0098741
0.0036222
-0.0028596
-0.0092025
-0.014933
-0.01956
-0.022687
-0.024097
-0.023803
-0.022027
-0.019129
-0.0155
-0.011462
-0.0071964
-0.0027461
0.0019328
0.0068752
0.012015
0.017141
0.02192
0.025991
0.029082
0.0311
0.032149
0.032462
0.032279
0.031736
0.0308
0.0293
0.027028
0.023853
0.019821
0.01517
0.010269
0.0055121
0.0012076
-0.0024901
-0.0055828
-0.0081731
-0.010381
-0.01227
-0.013803
-0.014854
-0.015245
-0.014806
-0.013433
-0.011129
-0.0080133
-0.0043195
-0.00036012
0.0035153
0.0069716
0.0097367
0.011636
0.012607
0.012686
0.011979
0.010625
0.0087641
0.0065284
0.0040397
0.0014161
-0.0012361
-0.0038447
-0.0064
-0.0089678
-0.011665
-0.014594
-0.017749
-0.020938
-0.023759
-0.025661
-0.026083
-0.024637
-0.021262
-0.016286
-0.010364
-0.0043056
0.0011497
0.0055156
0.0086451
0.010684
0.011918
0.012586
0.012739
0.012208
0.010696
0.0079616
0.0040051
-0.00082001
-0.0058336
-0.010196
-0.013158
-0.0143
-0.013666
-0.011735
-0.0092505
-0.0069571
-0.0053715
-0.0046504
-0.0046035
-0.0048258
-0.0048804
-0.004455
-0.0034378
-0.001904
-4.1804e-05
0.0019348
0.0038477
0.0055753
0.0070438
0.0082078
0.0090418
0.0095439
0.0097438
0.0097001
0.0094813
0.0091381
0.0086823
0.0080889
0.007321
0.0063668
0.0052646
0.0041028
0.0029913
0.0020203
0.0012278
0.0005922
5.2106e-05
-0.00045775
-0.00097221
-0.0014785
-0.0019221
-0.0022317
-0.0023511
-0.0022642
-0.0020035
-0.0016389
-0.0012526
-0.00091146
-0.00064718
-0.00045347
-0.00029961
-0.00015452
-9.7494e-06
0.00011015
0.0001569
8.5919e-05
-0.00010872
-0.0003679
-0.00056532
-0.00053665
-0.00013403
0.00071202
0.001947
0.0033825
0.0047292
0.0056665
0.0059289
0.005383
0.0040711
0.0022066
0.00011935
-0.0018332
-0.0033637
-0.0043304
-0.004767
-0.0048575
-0.0048634
-0.0050263
-0.0054792
-0.0061956
-0.006992
-0.007585
-0.0076821
-0.0070762
-0.0057137
-0.0037141
-0.0013365
0.0010951
0.0032816
0.0050247
0.0062662
0.0070787
0.007615
0.0080358
0.0084422
0.0088385
0.0091367
0.0092
0.008906
0.0082021
0.0071322
0.0058229
0.0044379
0.0031187
0.0019361
0.00087231
-0.0001592
-0.0012659
-0.0025178
-0.003902
-0.0053053
-0.0065329
-0.0073577
-0.0075839
-0.0071069
-0.0059468
-0.0042453
-0.0022247
-0.00012248
0.0018742
0.0036698
0.0052627
0.0067093
0.0080672
0.0093434
0.010471
0.011323
0.01176
0.011686
0.011088
0.010042
0.0086794
0.0071375
0.0055105
0.0038321
0.0020926
0.00027933
-0.0015807
-0.0033989
-0.0050326
-0.0063183
-0.0071138
-0.0073339
-0.0069686
-0.0060814
-0.0047925
-0.0032542
-0.0016229
-3.4642e-05
0.0014139
0.0026722
0.0037297
0.0045982
0.0052879
0.005788
0.0060574
0.0060317
0.0056412
0.0048362
0.0036065
0.0019916
7.4807e-05
-0.0020325
-0.0042101
-0.0063451
-0.0083383
-0.010105
-0.011572
-0.012677
-0.013374
-0.013641
-0.013484
-0.012939
-0.012068
-0.01094
-0.0096134
-0.0081265
-0.0064924
-0.0047151
-0.0028136
-0.00084441
0.0010916
0.0028632
0.0043413
0.0054378
0.0061334
0.0064833
0.0065984
0.0066075
0.0066178
0.0066857
0.0068095
0.0069429
0.0070219
0.0069917
0.0068234
0.0065147
0.0060781
0.0055271
0.0048659
0.0040905
0.0031967
0.0021928
0.0011107
1.1746e-05
-0.0010146
-0.0018603
-0.0024163
-0.0025951
-0.0023537
-0.0017114
-0.0007541
0.00037753
0.0015158
0.0025025
0.0032214
0.0036171
0.003694
0.0035
0.0031066
0.0025969
0.0020655
0.0016256
0.0014099
0.0015531
0.0021567
0.0032459
0.0047407
0.0064585
