0.010187
0.0076899
0.0052893
0.0030726
0.0011016
-0.00059286
-0.0020098
-0.0031708
-0.0041072
-0.0048435
-0.0053799
-0.0056817
-0.00568
-0.0052881
-0.0044316
-0.0030826
-0.0012887
0.00081859
0.0030364
0.0051246
0.0068493
0.0080256
0.008549
0.0084124
0.0077039
0.0065867
0.005263
0.0039277
0.0027234
0.0017092
0.00085524
6.4621e-05
-0.00078161
-0.0017719
-0.0029214
-0.004154
-0.0053177
-0.0062285
-0.0067274
-0.0067307
-0.0062543
-0.0054072
-0.0043577
-0.00329
-0.0023646
-0.001693
-0.0013252
-0.0012483
-0.0013913
-0.0016359
-0.0018388
-0.0018648
-0.0016271
-0.0011219
-0.00044244
0.00023865
0.00071668
0.00081917
0.00046521
-0.00030083
-0.0013136
-0.0023291
-0.0030928
-0.0034114
-0.0032059
-0.002529
-0.0015445
-0.00047854
0.00043995
0.0010318
0.0012013
0.00094897
0.00036379
-0.00039907
-0.0011517
-0.0017129
-0.0019468
-0.0017932
-0.0012811
-0.00052114
0.00032065
0.0010622
0.0015475
0.0016807
0.0014471
0.00091447
0.00021811
-0.00046801
-0.00096643
-0.0011311
-0.00087622
-0.00019415
0.0008404
0.0020821
0.0033415
0.0044229
0.0051648
0.0054721
0.0053287
0.0047865
0.003933
0.0028534
0.0016049
0.0002168
-0.0012831
-0.0028296
-0.004291
-0.0054701
-0.0061405
-0.0061078
-0.0052738
-0.0036774
-0.0014968
0.00098809
0.0034563
0.0056087
0.0072127
0.0081225
0.0082797
0.0077053
0.0064909
0.004792
0.002815
0.0007939
-0.0010464
-0.0025321
-0.0035753
-0.0041883
-0.0044706
-0.0045692
-0.0046262
-0.0047295
-0.0048853
-0.0050229
-0.0050299
-0.0048052
-0.00431
-0.0035957
-0.0027982
-0.0020995
-0.0016704
-0.0016145
-0.0019325
-0.0025195
-0.0031967
-0.0037681
-0.0040834
-0.004088
-0.0038429
-0.0035073
-0.0032879
-0.0033682
-0.0038411
-0.0046659
-0.0056673
-0.0065788
-0.007119
-0.0070764
-0.006374
-0.0050937
-0.0034512
-0.0017317
-0.00020804
0.00093353
0.0016362
0.001972
0.002099
0.0021921
0.0023691
0.0026377
0.0028831
0.0029021
0.0024749
0.0014531
-0.00016652
-0.0022073
-0.0043349
-0.0061311
-0.0072008
-0.0072784
-0.0063026
-0.0044358
-0.0020262
0.00047419
0.0026124
0.0040301
0.0045324
0.0041173
0.0029621
0.0013705
-0.00030652
-0.0017582
-0.0027849
-0.0033346
-0.0034934
-0.0034362
-0.0033551
-0.0033914
-0.0035933
-0.0039109
-0.0042277
-0.0044112
-0.0043631
-0.0040511
-0.003513
-0.0028367
-0.0021255
-0.0014662
-0.00090963
-0.0004703
-0.00014149
8.3695e-05
0.00019665
0.00017075
-2.7484e-05
-0.0004202
-0.0010024
-0.0017361
-0.0025575
-0.0033913
-0.0041688
-0.0048399
-0.0053782
-0.0057777
-0.0060442
-0.0061847
-0.0061991
-0.0060768
-0.0057995
-0.0053496
-0.0047204
-0.0039238
-0.0029937
-0.0019842
-0.00096489
-1.5827e-05
0.00077787
0.0013347
0.0015908
0.0015177
0.0011392
0.00053556
-0.00016992
-0.00084314
-0.0013782
-0.001727
-0.0019057
-0.0019733
-0.0019932
-0.0019975
-0.0019686
-0.0018497
-0.0015742
-0.0011011
-0.00043691
0.0003639
0.001218
0.0020411
0.0027714
0.0033777
0.0038533
0.0042011
0.0044195
0.0044973
0.0044186
0.004176
0.0037826
0.0032775
0.0027206
0.0021766
0.0016954
0.0012961
0.00095913
0.00063036
0.00023511
-0.00030083
-0.0010279
-0.0019518
-0.0030193
-0.0041147
-0.0050703
-0.0056907
-0.005788
-0.0052203
-0.0039201
-0.0019015
0.00076135
0.0039776
0.0076876
0.011888
0.016613
0.021856
0.027452
0.032951
0.03754
0.04008
0.039283
0.034049
0.023906
0.0094201
-0.0075545
-0.023974
-0.036119
-0.040488
-0.034859
-0.019184
0.0040465
0.030204
0.053682
0.069505
0.074861
0.069998
0.0581
0.044138
0.03308
0.028119
0.029573
0.034841
0.039368
0.03818
0.027427
0.0054528
-0.02679
-0.065936
-0.10688
-0.14382
-0.17146
-0.18618
-0.18683
-0.17481
-0.15355
-0.12753
-0.10159
-0.080566
-0.069343
-0.072782
-0.09505
-0.13817
-0.20028
-0.27445
-0.34907
-0.41014
-0.44485
-0.44521
-0.41018
-0.34552
-0.26161
-0.17035
-0.08252
-0.0065119
0.051785
0.088607
0.1024
0.094607
0.070733
0.040537
0.016588
0.011047
0.031757
0.079356
0.14703
0.22336
0.29714
0.36195
0.4181
0.47105
0.52683
0.58688
0.6447
0.68615
0.69361
0.65266
0.55894
0.42262
0.26851
0.13125
0.046321
0.039449
0.11777
0.26588
0.4487
0.62046
0.73717
0.76818
0.70331
0.55338
0.34498
0.11167
-0.1149
-0.31143
-0.46581
-0.57639
-0.64891
-0.6924
-0.71558
-0.72444
-0.72161
-0.70702
-0.67939
-0.63757
-0.58137
-0.51174
-0.43065
-0.34105
-0.24717
-0.1547
-0.070695
-0.002699
0.042745
0.06159
0.053263
0.020803
-0.029719
-0.090141
-0.15127
-0.20403
-0.24077
-0.25664
-0.25068
-0.22622
-0.19041
-0.15265
-0.12242
-0.107
-0.10951
-0.12807
-0.15629
-0.185
-0.20491
-0.20912
-0.19481
-0.16346
-0.11983
-0.07031
-0.021595
0.019945
0.048349
0.058196
0.045325
0.0082723
-0.050041
-0.12115
-0.19124
-0.24303
-0.25936
-0.22746
-0.143
-0.012302
0.1479
0.31358
0.45837
0.55924
0.60102
0.57917
0.50024
0.38039
0.24251
0.11227
0.013389
-0.036946
-0.031844
0.023924
0.11578
0.22424
0.33107
0.42415
0.49851
0.55336
0.58689
0.59236
0.55821
0.47279
0.3315
0.14247
-0.072472
-0.28265
-0.45747
-0.57568
-0.63096
-0.63194
-0.5967
-0.54466
-0.48933
-0.43472
-0.37664
-0.30772
-0.22374
-0.12817
-0.032906
0.045277
0.090948
0.096254
0.064297
0.0081418
-0.054073
-0.10575
-0.13733
-0.1486
-0.14738
-0.14545
-0.1538
-0.17874
-0.22001
-0.27113
-0.32152
-0.35961
-0.37578
-0.36456
-0.32545
-0.26252
-0.18297
-0.095371
-0.0081373
0.071348
0.13675
0.18228
0.20247
0.1928
0.15164
0.082727
-0.0030585
-0.088189
-0.15193
-0.17608
-0.15112
-0.079954
0.022372
0.1336
0.23196
0.30356
0.34654
0.36993
0.38804
0.41256
0.44601
0.47917
0.49391
0.47029
0.3952
0.26924
0.10886
-0.057085
-0.19536
-0.27793
-0.28957
-0.23092
-0.11644
0.031293
0.18808
0.33299
0.45037
0.52918
0.56133
0.54041
0.4624
0.32818
0.147
-0.061472
-0.26836
-0.44119
-0.55244
-0.58801
-0.5521
-0.46612
-0.36192
-0.27161
-0.21782
-0.20748
-0.23111
-0.26731
-0.29058
-0.27976
-0.22444
-0.12757
-0.0039316
0.12456
0.23502
0.30919
0.33716
0.31844
0.26065
0.17663
0.081041
-0.012549
-0.093616
-0.15552
-0.19553
-0.21432
-0.21539
-0.20438
-0.18835
-0.17479
-0.17032
-0.17935
-0.20275
-0.23717
-0.27521
-0.30659
-0.32026
-0.30712
-0.26272
-0.18919
-0.095888
0.00182
0.085472
0.13767
0.14652
0.10924
0.033778
-0.062246
-0.15528
-0.22158
-0.24338
-0.21371
-0.13826
-0.033526
0.078411
0.17672
0.24798
0.28942
0.30825
0.31741
0.32959
0.35192
0.38308
0.41375
0.42985
0.41725
0.36635
0.2753
0.15117
0.0089483
-0.1312
-0.24766
-0.32132
-0.33902
-0.29592
-0.19694
-0.05704
0.099645
0.24237
0.33859
0.36091
0.29476
0.1446
-0.064349
-0.29041
-0.48564
-0.60906
-0.63872
-0.57804
-0.45414
-0.30846
-0.18326
-0.10855
-0.093852
-0.12725
-0.1812
-0.22283
-0.22478
-0.17346
-0.072222
0.06063
0.19786
0.31113
0.37822
0.38788
0.34144
0.25118
0.1364
0.018299
-0.084968
-0.16201
-0.20985
-0.23326
-0.24197
-0.24672
-0.25529
-0.26982
-0.28638
-0.29675
-0.29196
-0.26592
-0.21798
-0.15324
-0.080738
-0.010154
0.051188
0.099812
0.1354
0.15849
0.16806
0.16044
0.13054
0.074942
-0.004571
-0.098838
-0.19189
-0.26444
-0.29924
-0.28634
-0.22628
-0.12983
-0.014309
0.10213
0.20597
0.29136
0.35937
0.41399
0.45688
0.48357
0.48334
0.44325
0.3549
0.22084
0.057482
-0.10728
-0.24137
-0.31786
-0.32266
-0.2575
-0.13749
0.014714
0.17525
0.32294
0.44009
0.51151
0.52417
0.46924
0.34643
0.16831
-0.038582
-0.23792
-0.39281
-0.47683
-0.48231
-0.42255
-0.32683
-0.23023
-0.16221
-0.13789
-0.15467
-0.19472
-0.232
-0.24118
-0.20561
-0.12219
-0.0020855
0.13242
0.25381
0.3362
0.36162
0.32422
0.23162
0.10312
-0.034918
-0.1555
-0.23768
-0.2718
-0.26151
-0.2221
-0.17526
-0.14211
-0.13664
-0.16165
-0.20852
-0.2605
-0.29845
-0.30694
-0.27872
-0.21635
-0.13072
-0.037196
0.048957
0.11629
0.15889
0.17587
0.16942
0.14284
0.09946
0.043082
-0.020747
-0.083654
-0.13466
-0.16221
-0.15748
-0.11774
-0.048069
0.039625
0.13033
0.21103
0.27495
0.32287
0.36066
0.39423
0.42424
0.44349
0.43865
0.39594
0.30828
0.18065
0.030905
-0.11462
-0.22899
-0.29259
-0.29777
-0.24874
-0.15756
-0.038942
0.093236
0.22629
0.34673
0.43816
0.48175
0.46039
0.36562
0.20395
-0.00087811
-0.21216
-0.39018
-0.50428
-0.54209
-0.51195
-0.43787
-0.34928
-0.27011
-0.21146
-0.17028
-0.13361
-0.086087
-0.017394
0.073125
0.17583
0.27382
0.34807
0.3828
0.36945
0.3085
0.20904
0.086603
-0.040114
-0.15284
-0.2371
-0.28484
-0.29566
-0.2766
-0.24021
-0.20145
-0.17397
-0.16685
-0.1825
-0.21625
-0.25765
-0.29297
-0.30838
-0.29311
-0.24219
-0.15805
-0.050887
0.062675
0.1624
0.22849
0.24606
0.20924
0.12365
0.0064246
-0.1167
-0.21709
-0.27029
-0.26273
-0.1957
-0.08511
0.043165
0.16126
0.24792
0.29477
0.30812
0.3055
0.30813
0.33221
0.38196
0.44702
0.50517
0.52944
0.49737
0.39938
0.24349
0.054862
-0.12984
-0.27168
-0.33961
-0.31844
-0.21254
-0.044376
0.15116
0.33466
0.47012
0.53133
0.50604
0.39784
0.22558
0.020239
-0.18103
-0.34284
-0.43998
-0.46346
-0.42214
-0.33866
-0.24137
-0.1551
-0.094604
-0.062711
-0.053444
-0.057825
-0.069376
-0.086685
-0.11208
-0.14745
-0.18975
-0.22878
-0.24908
-0.23543
-0.17986
-0.086852
0.026079
0.13313
0.20884
0.23707
0.2168
0.16238
0.098261
0.050318
0.036997
0.063218
0.11892
0.18251
0.22802
0.23378
0.18985
0.10204
-0.0091727
-0.11441
-0.18443
-0.19935
-0.15509
-0.064496
0.046937
0.14943
0.21811
0.23986
0.21561
0.1579
0.084948
0.013736
-0.045512
-0.091772
-0.13205
-0.17712
-0.23565
-0.30869
-0.38675
-0.45111
-0.47957
-0.45535
-0.37579
-0.25719
-0.13324
-0.046232
-0.033903
-0.11586
-0.28468
-0.50509
-0.72209
-0.87605
-0.92022
-0.83523
-0.63554
-0.36543
-0.085699
0.14447
0.28416
0.3205
0.26883
0.16418
0.047934
-0.045486
-0.097471
-0.10731
-0.087846
-0.057223
-0.030443
-0.013911
-0.0045754
0.0068328
0.030418
0.071936
0.12954
0.19326
0.24702
0.27284
0.25606
0.19066
0.083022
-0.047522
-0.1722
-0.26035
-0.28891
-0.25069
-0.15804
-0.03962
0.068803
0.1366
0.14865
0.10988
0.042234
-0.024211
-0.062481
-0.05784
-0.011944
0.05884
0.12974
0.176
0.18081
0.14031
0.064703
-0.024872
-0.10262
-0.14565
-0.14052
-0.086746
0.0037534
0.11079
0.21206
0.28906
0.33103
0.33605
0.3095
0.26106
0.20136
0.13923
0.080154
0.025652
-0.026545
-0.081612
-0.14585
-0.22386
-0.31503
-0.41064
-0.49345
-0.54118
-0.53383
-0.4627
-0.33735
-0.18701
-0.054543
0.015748
-0.0074463
-0.13077
-0.3317
-0.56306
-0.76567
-0.88527
-0.88861
-0.7733
-0.56792
-0.32205
-0.089541
0.088691
0.19599
0.24153
0.25228
0.2596
0.28618
0.33838
0.40608
0.46889
0.50533
0.50117
0.45419
0.37418
0.27915
0.18941
0.12177
0.085596
0.081139
0.10019
0.1282
0.14743
0.14081
0.096369
0.011436
-0.10443
-0.22953
-0.33429
-0.38935
-0.37547
-0.29163
-0.1576
-0.0089168
0.11445
0.18188
0.18284
0.12999
0.053571
-0.010814
-0.035944
-0.012883
0.046541
0.11524
0.16191
0.16334
0.11346
0.026
-0.07009
-0.14067
-0.15818
-0.11103
-0.0072012
0.12883
0.26442
0.36914
0.42346
0.42312
0.37816
0.30769
0.23243
0.16781
0.1197
0.083727
0.04826
-0.00049831
-0.072806
-0.17084
-0.28652
-0.4025
-0.49623
-0.54661
-0.54128
-0.48231
-0.3875
-0.28583
-0.20788
-0.17418
-0.18654
-0.22617
-0.26033
-0.25513
-0.18943
-0.064014
0.09772
0.25778
0.37706
0.42894
0.40796
0.33086
0.23005
0.14249
0.09805
0.11117
0.17809
0.27969
0.38832
0.47598
0.52152
0.51506
0.45935
0.36803
0.26174
0.16296
0.090801
0.056553
0.060932
0.093481
0.13455
0.15992
0.14747
0.084528
-0.026304
-0.16531
-0.2994
-0.39135
-0.41196
-0.35108
-0.22275
-0.06192
0.086872
0.18478
0.21201
0.17401
0.097911
0.021111
-0.023482
-0.019511
0.027864
0.095544
0.15273
0.17356
0.14739
0.082951
0.0050633
-0.054545
-0.068839
-0.025054
0.071156
0.19822
0.32635
0.42729
0.48236
0.48651
0.44744
0.3811
0.30549
0.23514
0.1778
0.13397
0.098609
0.064
0.022335
-0.032521
-0.10403
-0.19209
-0.29188
-0.39272
-0.47818
-0.52875
-0.52733
-0.46644
-0.35427
-0.21658
-0.092647
-0.025421
-0.048662
-0.17502
-0.38915
-0.64856
-0.89264
-1.0581
-1.0964
-0.98847
-0.75072
-0.43139
-0.096745
0.18762
0.37441
0.4457
0.4145
0.31727
0.20073
0.10754
0.06523
0.081106
0.14375
0.22948
0.31113
0.36599
0.38099
0.35435
0.29406
0.21446
0.13209
0.061847
0.013834
-0.008702
-0.010195
-0.001971
0.00050448
-0.017756
-0.065664
-0.14126
-0.22989
-0.30701
-0.34548
-0.32545
-0.24289
-0.11314
0.032733
0.15779
0.23178
0.24135
0.194
0.11429
0.034166
-0.01867
-0.029722
-0.0010602
0.051587
0.1062
0.14318
0.15211
0.13477
0.10351
0.076469
0.071202
0.099068
0.16186
0.25142
0.35188
0.44377
0.50865
0.53338
0.51324
0.45321
0.3669
0.27296
0.18954
0.12839
0.090549
0.065771
0.036316
-0.015933
-0.1015
-0.21754
-0.34651
-0.46019
-0.52806
-0.52779
-0.45443
-0.32507
-0.17635
-0.054612
-0.0010642
-0.036881
-0.15372
-0.3139
-0.46101
-0.53802
-0.50668
-0.36125
-0.13138
0.12705
0.35008
0.48605
0.5113
0.43578
0.29759
0.14891
0.038679
-0.0019755
0.032696
0.12416
0.23809
0.33685
0.39171
0.39089
0.34103
0.26191
0.17681
0.1025
0.043216
-0.0089429
-0.067315
-0.14104
-0.22713
-0.30842
-0.35896
-0.35499
-0.2866
-0.16477
-0.019787
0.10855
0.18533
0.19331
0.13883
0.048695
-0.040213
-0.094132
-0.0933
-0.037106
0.057323
0.16166
0.24538
0.28455
0.26814
0.20085
0.10179
-0.00055474
-0.075924
-0.10063
-0.064345
0.026763
0.15173
0.28092
0.38473
0.44194
0.445
0.40048
0.32484
0.23721
0.15218
0.075374
0.0032333
-0.072968
-0.16087
-0.26107
-0.36422
-0.45264
-0.50668
-0.51367
-0.47586
-0.41329
-0.35901
-0.34716
-0.39804
-0.50658
-0.63991
-0.74647
-0.77373
-0.68783
-0.48723
-0.20482
0.10187
0.36829
0.54193
0.59637
0.53674
0.3959
0.22334
0.070625
-0.022506
-0.037579
0.01985
0.12437
0.24013
0.33233
0.37744
0.36889
0.31688
0.24245
0.1679
0.10753
0.062191
0.020349
-0.034643
-0.11408
-0.215
-0.31736
-0.38958
-0.40096
-0.33583
-0.20322
-0.036805
0.11575
0.21007
0.22189
0.15597
0.04356
-0.070331
-0.14424
-0.15485
-0.10347
-0.01274
0.084195
0.15705
0.18933
0.18311
0.15664
0.13627
0.14571
0.19661
0.28341
0.38437
0.46846
0.50594
0.47922
0.39012
0.26069
0.12664
0.025246
-0.018139
0.00022354
0.060584
0.12665
0.15877
0.12833
0.028038
-0.12525
-0.29583
-0.44048
-0.52216
-0.52204
-0.4463
-0.32542
-0.20567
-0.13487
-0.14659
-0.24766
-0.41388
-0.59582
-0.73338
-0.77458
-0.692
-0.49129
-0.20902
0.098684
0.37234
0.56448
0.64991
0.62875
0.52295
0.36827
0.20447
0.066397
-0.022501
-0.053207
-0.030808
0.028601
0.10291
0.1698
0.21207
0.22113
0.19758
0.14872
0.084212
0.012002
-0.063375
-0.1393
-0.21152
-0.2711
-0.30454
-0.29795
-0.24393
-0.14769
-0.028644
0.084134
0.16154
0.18517
0.15458
0.087777
0.014715
-0.033551
-0.0359
0.011704
0.095218
0.18769
0.25858
0.28403
0.25479
0.17942
0.081582
-0.0074817
-0.059193
-0.057113
-0.0024947
0.08615
0.17955
0.24811
0.27256
0.25088
0.19857
0.14211
0.1078
0.11045
0.14665
0.19532
0.22554
0.20856
0.12931
-0.006661
-0.1731
-0.32988
-0.43482
-0.45718
-0.38889
-0.24969
-0.083709
0.052547
0.10769
0.052994
-0.10615
-0.32954
-0.55321
-0.70907
-0.74667
-0.64946
-0.43976
-0.17077
0.091254
0.28773
0.38425
0.37752
0.29181
0.16769
0.047852
-0.03469
-0.06325
-0.038144
0.027072
0.11153
0.19309
0.25323
0.28017
0.27023
0.22725
0.16073
0.083033
0.0067896
-0.056926
-0.099454
-0.11482
-0.10007
-0.056184
0.01072
0.088556
0.16004
0.20574
0.20911
0.16204
0.068714
-0.054239
-0.18192
-0.28857
-0.35551
-0.3767
-0.35975
-0.32222
-0.28476
-0.26377
-0.26608
-0.28724
-0.31357
-0.32714
-0.31185
-0.25881
-0.16946
-0.055513
0.064303
0.16957
0.24381
0.27849
0.27439
0.24004
0.18842
0.13334
0.08651
0.055988
0.045703
0.055603
0.082158
0.11925
0.15968
0.19714
0.22819
0.25325
0.27601
0.30137
0.33275
0.37008
0.40915
0.44228
0.4598
0.45158
0.40852
0.32434
0.19797
0.03621
-0.14463
-0.31974
-0.46058
-0.54271
-0.55411
-0.50033
-0.40355
-0.29532
-0.20535
-0.15096
-0.13139
-0.12923
-0.11831
-0.07505
0.011116
0.13226
0.26354
0.37139
0.42536
0.40904
0.32588
0.19799
0.058772
-0.057592
-0.12581
-0.13539
-0.091481
-0.011155
0.08289
0.16899
0.23142
0.26244
0.26157
0.23318
0.18364
0.1195
0.046753
-0.028955
-0.10219
-0.16817
-0.22385
-0.26901
-0.30639
-0.34046
-0.37487
-0.40982
-0.44046
-0.4575
-0.45003
-0.40974
-0.3347
-0.23149
-0.11454
-0.0030079
0.083667
0.13032
0.1295
0.083345
0.0037582
-0.089256
-0.17118
-0.2185
-0.21514
-0.15796
-0.058808
0.058479
0.16566
0.23952
0.26934
0.25931
0.22549
0.18901
0.16886
0.17683
0.2155
0.27894
0.35485
0.42741
0.48023
0.4996
0.47744
0.41354
0.31648
0.2026
0.093253
0.01058
-0.027423
-0.011548
0.055404
0.15798
0.27079
0.36432
0.41252
0.40006
0.32666
0.20746
0.068866
-0.058559
-0.14836
-0.18508
-0.16796
-0.11029
-0.034736
0.033673
0.074717
0.077944
0.044285
-0.015581
-0.084969
-0.14558
-0.18146
-0.18193
-0.14339
-0.06992
0.027336
0.13214
0.22623
0.29291
0.32037
0.30385
0.24625
0.15708
0.050287
-0.058642
-0.15569
-0.23087
-0.27999
-0.30513
-0.31377
-0.3166
-0.32448
-0.34508
-0.38027
-0.42496
-0.46805
-0.49546
-0.49453
-0.45836
-0.38864
-0.29561
-0.19513
-0.10376
-0.033436
0.011878
0.036544
0.050328
0.063542
0.082254
0.10559
0.12622
0.13394
0.12092
0.086433
0.039067
-0.0050565
-0.027579
-0.014829
0.036611
0.11829
0.21316
0.3024
0.37262
0.42017
0.45071
0.47429
0.49849
0.52272
0.53619
0.52046
0.45582
0.32935
0.14201
-0.087794
-0.32571
-0.52844
-0.65473
-0.67728
-0.59174
-0.41942
-0.20221
0.0090721
0.16911
0.25043
0.24964
0.18561
0.090947
-1.596e-06
-0.06209
-0.085804
-0.077565
-0.054647
-0.037199
-0.040504
-0.070019
-0.12036
-0.17788
-0.22541
-0.24744
-0.23422
-0.18401
-0.1031
-0.0041222
0.096887
0.18374
0.24299
0.26594
0.24965
0.19703
0.11612
0.018792
-0.081086
-0.1701
-0.23793
-0.27969
-0.29723
-0.29874
-0.29649
-0.30303
-0.32687
-0.36896
-0.42136
-0.46876
-0.49274
-0.47762
-0.41601
-0.31206
-0.18118
-0.0462
0.068937
0.14561
0.17519
0.16048
0.11393
0.05358
-0.0019627
-0.037955
-0.046486
-0.027417
0.012745
0.063564
0.11408
0.15583
0.18464
0.20098
0.20916
0.2159
0.22854
0.25314
0.29253
0.34504
0.40439
0.46111
0.50488
0.52692
0.52107
0.48367
0.41287
0.30884
0.1756
0.023915
-0.12686
-0.25034
-0.31925
-0.31484
-0.23584
-0.10272
0.046033
0.16514
0.21772
0.18852
0.08967
-0.04363
-0.16598
-0.23826
-0.24112
-0.1805
-0.083444
0.013233
0.076534
0.087748
0.046633
-0.030947
-0.11978
-0.19338
-0.23092
-0.22151
-0.16565
-0.073991
0.035776
0.1433
0.23001
0.28276
0.29566
0.27008
0.21296
0.13443
0.045466
-0.043726
-0.12463
-0.19085
-0.23852
-0.26689
-0.27883
-0.28087
-0.28213
-0.2921
-0.31759
-0.36002
-0.41399
-0.46815
-0.50825
-0.52134
-0.49975
-0.44321
-0.35854
-0.25702
-0.15087
-0.050323
0.037602
0.1085
0.159
0.18556
0.18475
0.15522
0.10038
0.030276
-0.038906
-0.08844
-0.10274
-0.075024
-0.010296
0.076114
0.16425
0.23717
0.28719
0.31779
0.34043
0.36783
0.40675
0.45351
0.49405
0.50824
0.47685
0.38864
0.24539
0.063347
-0.12933
-0.29864
-0.41276
-0.45004
-0.40464
-0.288
-0.12575
0.04923
0.20518
0.31888
0.37977
0.39018
0.36185
0.3108
0.25213
0.19649
0.14857
0.10767
0.069491
0.028565
-0.019089
-0.073774
-0.13083
-0.18088
-0.21178
-0.21199
-0.17446
-0.099606
0.0035772
0.11888
0.22633
0.30668
0.3456
0.33646
0.28111
0.18875
0.073579
-0.048229
-0.16144
-0.25425
-0.32002
-0.35795
-0.37273
-0.37303
-0.3692
-0.37062
-0.38322
-0.40794
-0.44041
-0.47218
-0.49298
-0.49352
-0.468
-0.4155
-0.34007
-0.24948
-0.15323
-0.060506
0.021294
0.087124
0.13411
0.16101
0.16787
0.15602
0.12859
0.090986
0.05097
0.01777
0.00025956
0.0046208
0.032467
0.080411
0.14148
0.20778
0.27309
0.33405
0.38946
0.43841
0.47848
0.50499
0.51167
0.49203
0.44093
0.35602
0.23911
0.097738
-0.05373
-0.19447
-0.30027
-0.34948
-0.33032
-0.24685
-0.12045
0.014706
0.12118
0.16975
0.14855
0.066494
-0.050154
-0.16683
-0.25184
-0.28593
-0.26703
-0.2092
-0.13673
-0.075645
-0.045821
-0.055702
-0.10079
-0.16567
-0.22862
-0.26745
-0.26523
-0.21465
-0.12003
0.0035309
0.13369
0.24622
0.32063
0.34463
0.31615
0.24271
0.13866
0.021413
-0.092295
-0.18934
-0.26206
-0.309
-0.33456
-0.34745
-0.35802
-0.37488
-0.40168
-0.43527
-0.46614
-0.48135
-0.46927
-0.42412
-0.34879
-0.25422
-0.15572
-0.067664
0.0012979
0.05017
0.084111
0.11025
0.13302
0.15121
0.15842
0.14663
0.11142
0.05622
-0.0064631
-0.057984
-0.079723
-0.060052
0.000963
0.091342
0.19171
0.28264
0.35146
0.39579
0.42225
0.44173
0.46339
0.49029
0.51792
0.53579
0.53088
0.49155
0.41113
0.29056
0.13991
-0.021827
-0.16908
-0.27464
-0.31622
-0.28308
-0.18038
-0.029276
0.13749
0.28366
0.37861
0.40494
0.36206
0.26514
0.13978
0.014319
-0.087771
-0.15333
-0.1815
-0.18202
-0.17067
-0.16341
-0.17082
-0.19458
-0.22685
-0.25284
-0.25566
-0.22207
-0.14732
-0.037465
0.091384
0.21685
0.31574
0.36958
0.36866
0.31361
0.21442
0.087674
-0.04719
-0.17148
-0.27029
-0.33468
-0.36292
-0.36058
-0.33937
-0.31445
-0.30059
-0.30804
-0.33913
-0.38707
-0.43744
-0.47226
-0.47551
-0.43829
-0.36191
-0.25773
-0.14368
-0.038581
0.043675
0.097937
0.12805
0.14357
0.15442
0.16588
0.17624
0.17813
0.1628
0.12558
0.069858
0.0076765
-0.043473
-0.066691
-0.052126
-0.0011821
0.073461
0.15228
0.21614
0.25343
0.26416
0.25931
0.25595
0.27008
0.31017
0.3735
0.44638
0.50765
0.53428
0.50738
0.41742
0.2677
0.075185
-0.1316
-0.31764
-0.44873
-0.49934
-0.45914
-0.33625
-0.15622
0.043324
0.22118
0.3421
0.3851
0.34806
0.24743
0.11293
-0.02104
-0.12478
-0.18036
-0.18466
-0.14781
-0.088382
-0.027334
0.017127
0.032731
0.014396
-0.035718
-0.10861
-0.18925
-0.25825
-0.29516
-0.28318
-0.21445
-0.093861
0.06034
0.22005
0.35434
0.43775
0.45696
0.41352
0.32158
0.20219
0.07644
-0.039576
-0.13664
-0.21132
-0.26366
-0.29538
-0.30968
-0.31214
-0.31131
-0.31777
-0.34112
-0.38594
-0.44835
-0.51528
-0.56724
-0.58412
-0.55215
-0.46929
-0.34691
-0.20676
-0.074256
0.029557
0.094284
0.12239
0.12657
0.1235
0.12671
0.14123
0.16224
0.17784
0.17474
0.14462
0.088603
0.018124
-0.048157
-0.090423
-0.094351
-0.055766
0.018593
0.11433
0.21506
0.30787
0.38615
0.44905
0.49819
0.53363
0.55119
0.5423
0.49646
0.40572
0.26944
0.097963
-0.086522
-0.25288
-0.36759
-0.4038
-0.35006
-0.21581
-0.031121
0.16004
0.31126
0.38656
0.37048
0.27226
0.12265
-0.035485
-0.15995
-0.22133
-0.21093
-0.14214
-0.045238
0.04279
0.089842
0.078214
0.0092661
-0.097742
-0.21181
-0.29919
-0.3326
-0.29824
-0.19909
-0.053789
0.10831
0.25462
0.35721
0.39904
0.37681
0.30006
0.18706
0.05942
-0.063215
-0.16675
-0.24429
-0.29598
-0.32743
-0.34733
-0.36458
-0.38543
-0.41138
-0.43823
-0.457
-0.45656
-0.42734
-0.36508
-0.27323
-0.16306
-0.051205
0.044704
0.11095
0.14155
0.13962
0.11595
0.085244
0.061397
0.053293
0.062562
0.083913
0.10788
0.12491
0.12907
0.12009
0.10286
0.085301
0.075698
0.081008
0.10643
0.1555
0.2296
0.32621
0.43661
0.5447
0.6285
0.66504
0.63732
0.54108
0.38852
0.20729
0.034436
-0.093003
-0.14794
-0.12069
-0.021591
0.12176
0.27189
0.39087
0.44919
0.43181
0.3402
0.19063
0.0096093
-0.17209
-0.32559
-0.42911
-0.47158
-0.45403
-0.38868
-0.29577
-0.19901
-0.12055
-0.076466
-0.07369
-0.10882
-0.16885
-0.23383
-0.28091
-0.28964
-0.24729
-0.15321
-0.020639
0.125
0.25161
0.32856
0.33523
0.26724
0.13809
-0.0245
-0.18667
-0.31813
-0.40053
-0.43174
-0.4249
-0.40259
-0.38829
-0.39793
-0.43437
-0.48668
-0.53419
-0.554
-0.52911
-0.45449
-0.33902
-0.20269
-0.070054
0.03761
0.1088
0.14439
0.1556
0.158
0.16437
0.17912
0.19679
0.20508
0.19116
0.14841
0.080891
0.0032988
-0.063548
-0.10008
-0.095173
-0.05021
0.021935
0.10251
0.17473
0.23034
0.27186
0.30963
0.35498
0.41282
0.47704
0.53079
0.55201
0.52188
0.43328
0.29582
0.13536
-0.012127
-0.11068
-0.13526
-0.079783
0.040294
0.19184
0.33324
0.42599
0.44535
0.38663
0.26551
0.11235
-0.037358
-0.15329
-0.21792
-0.2295
-0.19985
-0.14869
-0.096937
-0.061436
-0.052194
-0.071938
-0.11685
-0.17748
-0.23965
-0.28603
-0.29897
-0.265
-0.1797
-0.051293
0.099088
0.24143
0.34437
0.384
0.351
0.25347
0.1145
-0.03461
-0.16347
-0.25092
-0.29031
-0.29022
-0.27056
-0.25535
-0.26438
-0.30647
-0.37626
-0.45585
-0.52062
-0.54729
-0.52173
-0.44358
-0.32634
-0.19262
-0.066593
0.033744
0.10133
0.14022
0.16134
0.17591
0.18971
0.20077
0.2014
0.18346
0.1441
0.089192
0.032535
-0.0088671
-0.021462
-0.00059654
0.047855
0.11057
0.1731
0.22628
0.26938
0.30846
0.3506
0.3973
0.44044
0.46343
0.44716
0.37867
0.25862
0.10434
-0.053078
-0.17713
-0.23687
-0.21673
-0.12166
0.024015
0.18368
0.31875
0.39885
0.40871
0.35032
0.24034
0.10436
-0.030036
-0.13953
-0.20925
-0.23441
-0.21953
-0.17591
-0.11855
-0.063236
-0.02434
-0.013091
-0.035836
-0.092085
-0.17276
-0.25982
-0.32847
-0.35268
-0.31295
-0.20415
-0.040266
0.1466
0.31355
0.41886
0.43466
0.35586
0.20178
0.010048
-0.1754
-0.31761
-0.39676
-0.41406
-0.38853
-0.34862
-0.32173
-0.32534
-0.3623
-0.42116
-0.48104
-0.51889
-0.51681
-0.46711
-0.37396
-0.25157
-0.11954
0.0024832
0.099587
0.16406
0.19545
0.1987
0.18167
0.1531
0.12149
0.094434
0.077671
0.073513
0.079142
0.086151
0.082578
0.057671
0.0079068
-0.058563
-0.12192
-0.15643
-0.14041
-0.066605
0.051797
0.18277
0.28475
0.32048
0.27038
0.14038
-0.03865
-0.21964
-0.35332
-0.40298
-0.35536
-0.2245
-0.047463
0.1266
0.25083
0.2942
0.25031
0.13875
-0.0016091
-0.12538
-0.1956
-0.19572
-0.13402
-0.038961
0.052965
0.11163
0.12413
0.097768
0.054504
0.019815
0.010897
0.029255
0.060589
0.081874
0.072593
0.025286
-0.049281
-0.12507
-0.17117
-0.1657
-0.10717
-0.01799
0.062389
0.092279
0.044745
-0.080531
-0.25568
-0.43412
-0.56713
-0.62083
-0.58711
-0.48492
-0.35216
-0.23192
-0.15809
-0.1452
-0.18515
-0.25144
-0.30889
-0.32552
-0.28288
-0.1815
-0.04011
0.11101
0.24012
0.32391
0.35396
0.33759
0.29339
0.24348
0.2054
0.18686
0.1845
0.1867
0.17875
0.14806
0.087976
-0.0005385
-0.10866
-0.22047
-0.31462
-0.36755
-0.35887
-0.27825
-0.1318
0.0552
0.24142
0.37882
0.42577
0.36013
0.18785
-0.055878
-0.31377
-0.52047
-0.61979
-0.58056
-0.40629
-0.1354
0.16836
0.43281
0.59667
0.62562
0.52065
0.31656
0.071255
-0.15102
-0.29749
-0.34051
-0.28319
-0.15531
-0.001503
0.13406
0.22105
0.25
0.23132
0.18744
0.14175
0.10898
0.090625
0.076844
0.053637
0.011752
-0.046816
-0.10795
-0.15087
-0.15773
-0.1232
-0.059277
0.0071702
0.043893
0.025942
-0.053712
-0.18028
-0.32177
-0.44023
-0.50512
-0.50363
-0.44408
-0.3518
-0.25944
-0.19547
-0.17489
-0.19506
-0.23755
-0.27497
-0.28043
-0.23658
-0.14124
-0.008223
0.13708
0.26562
0.35343
0.38836
0.3725
0.32005
0.25161
0.18727
0.14105
0.11808
0.11521
0.1238
0.13325
0.13356
0.11639
0.07526
0.0063691
-0.089278
-0.20292
-0.31643
-0.40446
-0.44103
-0.40925
-0.30994
-0.16527
-0.014583
0.096787
0.1322
0.076658
-0.05669
-0.22904
-0.38716
-0.48037
-0.47828
-0.38352
-0.2342
-0.093749
-0.029609
-0.087074
-0.26783
-0.52237
-0.76122
-0.88304
-0.81019
-0.51898
-0.05246
0.48978
0.9818
1.3107
1.411
1.2822
0.9844
0.61492
0.27579
0.043416
-0.050125
-0.019633
0.085336
0.2017
0.27539
0.27792
0.21235
0.10756
0.0040377
-0.063232
-0.078206
-0.048674
-0.001309
0.030495
0.020582
-0.039989
-0.14065
-0.25683
-0.36029
-0.42928
-0.45481
-0.44064
-0.3985
-0.34105
-0.27627
-0.20554
-0.12562
-0.033183
0.070797
0.1787
0.27714
0.35039
0.38504
0.37406
0.31909
0.23053
0.12544
0.023874
-0.055466
-0.099375
-0.103
-0.070703
-0.014809
0.047238
0.096456
0.11592
0.094162
0.028268
-0.073713
-0.19225
-0.2991
-0.36394
-0.36377
-0.29213
-0.16427
-0.015536
0.10763
0.16153
0.11962
-0.017437
-0.21958
-0.4345
-0.60257
-0.67546
-0.63292
-0.49155
-0.30154
-0.1309
-0.041612
-0.065884
-0.19187
-0.36531
-0.5076
-0.54415
-0.43235
-0.1783
0.16414
0.51161
0.7794
0.90881
0.88396
0.73301
0.51503
0.29859
0.14001
0.068408
0.081033
0.14893
0.22986
0.28372
0.28569
0.23326
0.14539
0.054197
-0.0078723
-0.020913
0.014286
0.076132
0.13048
0.14416
0.09824
-0.0045248
-0.1411
-0.27764
-0.38264
-0.43793
-0.44332
-0.41358
-0.36983
-0.32967
-0.30003
-0.27552
-0.24235
-0.18589
-0.098416
0.015965
0.14121
0.25392
0.33074
0.35603
0.32707
0.25522
0.16271
0.076051
0.01795
0.00037926
0.021134
0.06531
0.11126
0.1387
0.13556
0.10068
0.041694
-0.030171
-0.10505
-0.17642
-0.23963
-0.28871
-0.31469
-0.30746
-0.26116
-0.18038
-0.083568
-0.00072386
0.03492
-0.0011276
-0.11345
-0.28106
-0.46036
-0.59708
-0.64415
-0.57955
-0.41769
-0.20855
-0.023513
0.068648
0.027509
-0.14111
-0.38268
-0.6092
-0.72789
-0.67345
-0.43208
-0.047919
0.39068
0.78001
1.0341
1.1097
1.0159
0.80473
0.55079
0.32574
0.17833
0.12442
0.14838
0.21336
0.276
0.30089
0.27088
0.19077
0.083904
-0.01725
-0.083307
-0.098933
-0.068542
-0.014446
0.031996
0.042742
0.0039153
-0.079261
-0.18519
-0.2847
-0.35202
-0.37338
-0.35048
-0.29814
-0.23771
-0.18915
-0.16428
-0.16352
-0.17648
-0.18618
-0.17518
-0.13168
-0.053659
0.050296
0.16343
0.26562
0.3386
0.37015
0.3562
0.30095
0.21557
0.11621
0.021324
-0.051491
-0.089179
-0.086512
-0.047816
0.013884
0.080276
0.1325
0.15535
0.13973
0.083341
-0.0094885
-0.12776
-0.25389
-0.36497
-0.43658
-0.4492
-0.39548
-0.28556
-0.14742
-0.021418
0.050396
0.036925
-0.070959
-0.25469
-0.46999
-0.65714
-0.75785
-0.73456
-0.5863
-0.35483
-0.11706
0.036123
0.029305
-0.16872
-0.52738
-0.95548
-1.3229
-1.498
-1.3886
-0.97374
-0.31505
0.45815
1.1846
1.7169
1.9629
1.9077
1.6117
1.1842
0.7455
0.38974
0.1621
0.056391
0.030721
0.032851
0.024029
-0.0078171
-0.049279
-0.074504
-0.062777
-0.012016
0.057964
0.11349
0.12213
0.067584
-0.042561
-0.1793
-0.3035
-0.38061
-0.3929
-0.34445
-0.25809
-0.16609
-0.098556
-0.073633
-0.092345
-0.13928
-0.18846
-0.21225
-0.19071
-0.11825
-0.0057629
0.1226
0.23691
0.31061
0.32833
0.28976
0.20867
0.10792
0.01238
-0.05768
-0.091119
-0.087412
-0.055491
-0.010832
0.028233
0.044447
0.025609
-0.031688
-0.11952
-0.21875
-0.3031
-0.34682
-0.33409
-0.26653
-0.16547
-0.067153
-0.011789
-0.02992
-0.13078
-0.297
-0.48814
-0.65237
-0.74311
-0.73489
-0.63259
-0.46994
-0.29707
-0.16116
-0.087785
-0.070493
-0.073517
-0.046955
0.051391
0.23655
0.48759
0.75345
0.97119
1.0889
1.0836
0.96754
0.78091
0.57524
0.39563
0.26823
0.19705
0.16931
0.16566
0.17006
0.17567
0.18482
0.20411
0.23735
0.28
0.31788
0.33104
0.30154
0.22171
0.099155
-0.043979
-0.17765
-0.27388
-0.31617
-0.30463
-0.25515
-0.19309
-0.14405
-0.12492
-0.13833
-0.17208
-0.20377
-0.20891
-0.16993
-0.082942
0.039895
0.17337
0.28656
0.35205
0.35402
0.29272
0.18418
0.055505
-0.062684
-0.14447
-0.17525
-0.15518
-0.098622
-0.029998
0.022942
0.03686
-0.00016572
-0.084194
-0.19518
-0.30181
-0.37088
-0.3787
-0.32076
-0.21565
-0.10089
-0.02137
-0.0139
-0.093317
-0.24538
-0.42953
-0.59127
-0.68048
-0.66956
-0.56466
-0.40507
-0.24993
-0.1559
-0.15389
-0.23407
-0.34591
-0.41491
-0.3705
-0.17499
0.15829
0.56562
0.95296
1.2279
1.331
1.2537
1.0378
0.75689
0.48973
0.29581
0.20116
0.19744
0.25167
0.32109
0.36747
0.36676
0.31277
0.21548
0.095614
-0.022334
-0.11697
-0.17515
-0.19443
-0.18227
-0.15238
-0.11976
-0.096065
-0.087126
-0.09307
-0.11039
-0.13456
-0.16182
-0.18939
-0.21454
-0.23325
-0.23983
-0.22792
-0.19279
-0.13398
-0.056925
0.02737
0.10479
0.16184
0.18921
0.18391
0.1494
0.094265
0.029964
-0.031307
-0.07868
-0.10462
-0.10695
-0.090363
-0.066402
-0.050972
-0.059199
-0.099042
-0.16623
-0.24332
-0.30439
-0.32441
-0.29002
-0.20721
-0.10223
-0.014516
0.016545
-0.03375
-0.16467
-0.3477
-0.5341
-0.67044
-0.71687
-0.6614
-0.52437
-0.3507
-0.19226
-0.08715
-0.044181
-0.039294
-0.025947
0.044407
0.20004
0.4344
0.70571
0.95138
1.111
1.1486
1.0642
0.89176
0.68396
0.49288
0.35331
0.27537
0.24722
0.24493
0.2443
0.22982
0.19792
0.15466
0.10982
0.07071
0.038261
0.0071553
-0.030618
-0.080629
-0.142
-0.20653
-0.26154
-0.29491
-0.30015
-0.27914
-0.24153
-0.20123
-0.17154
-0.16082
-0.17
-0.19281
-0.21812
-0.23372
-0.23006
-0.20292
-0.15427
-0.091124
-0.023132
0.040274
0.091983
0.128
0.14696
0.14909
0.1353
0.10708
0.066893
0.018769
-0.031707
-0.078075
-0.11419
-0.13529
-0.13838
-0.12193
-0.085159
-0.027988
0.048233
0.13919
0.23618
0.3259
0.39185
0.41768
0.39131
0.30905
0.17812
0.016862
-0.14815
-0.28758
-0.37611
-0.39853
-0.35301
-0.25055
-0.11095
0.042497
0.18772
0.30641
0.38484
0.41397
0.39012
0.31617
0.2026
0.067036
-0.068336
-0.18125
-0.25449
-0.27991
-0.26014
-0.20711
-0.13831
-0.071746
-0.021157
0.007093
0.014909
0.011001
0.0076448
0.01668
0.045901
0.096788
0.16409
0.23714
0.30248
0.34684
0.35996
0.33663
0.2777
0.18999
0.08516
-0.022309
-0.11779
-0.18943
-0.23075
-0.24217
-0.23083
-0.20854
-0.18817
-0.17949
-0.18596
-0.20353
-0.2221
-0.22906
-0.21377
-0.1711
-0.10322
-0.018926
0.068566
0.14461
0.19587
0.21249
0.18976
0.12928
0.039558
-0.064587
-0.16414
-0.23966
-0.27594
-0.26622
-0.21444
-0.13421
-0.044625
0.035986
0.09597
0.13365
0.15659
0.17721
0.20647
0.24842
0.29752
0.33972
0.3568
0.33219
0.25666
0.13191
-0.02853
-0.20161
-0.35964
-0.47649
-0.53346
-0.52328
-0.45092
-0.33143
-0.18576
-0.036148
0.097388
0.19894
0.25732
0.26646
0.22619
0.14354
0.033194
-0.083878
-0.18451
-0.24929
-0.26832
-0.24448
-0.19248
-0.13376
-0.089048
-0.071182
-0.080858
-0.10669
-0.12949
-0.12927
-0.092472
-0.017173
0.085468
0.19396
0.28252
0.32861
0.31948
0.25599
0.15221
0.031267
-0.081488
-0.16565
-0.21108
-0.21977
-0.20378
-0.18032
-0.1656
-0.16966
-0.19357
-0.22977
-0.26494
-0.2847
-0.27822
-0.24174
-0.17956
-0.10256
-0.024491
0.042306
0.090325
0.118
0.12826
0.12547
0.11234
0.088535
0.051477
-0.00088536
-0.066917
-0.13922
-0.20483
-0.24778
-0.25348
-0.21329
-0.12771
-0.007081
0.13083
0.26544
0.37874
0.45966
0.50601
0.52345
0.52208
0.51192
0.49878
0.48205
0.45511
0.40854
0.33501
0.23446
0.11737
0.0044182
-0.07794
-0.10534
-0.064421
0.040278
0.18416
0.32673
0.42158
0.42973
0.33225
0.13794
-0.11725
-0.37955
-0.5929
-0.71581
-0.73338
-0.66044
-0.53467
-0.40253
-0.30349
-0.25803
-0.26338
-0.29739
-0.3285
-0.32764
-0.27805
-0.18004
-0.049971
0.085706
0.19876
0.26703
0.27961
0.23825
0.15543
0.050282
-0.056201
-0.14546
-0.20465
-0.22857
-0.22023
-0.18996
-0.15294
-0.12561
-0.12133
-0.14655
-0.19836
-0.26448
-0.32587
-0.36155
-0.35452
-0.29714
-0.19423
-0.062874
0.07123
0.18005
0.2403
0.23951
0.17941
0.07581
-0.044961
-0.15233
-0.21901
-0.22802
-0.17717
-0.079752
0.039325
0.15098
0.23097
0.26751
0.26477
0.24075
0.2202
0.22495
0.26524
0.33502
0.41314
0.46976
0.47606
0.41404
0.28316
0.10185
-0.096798
-0.27387
-0.39503
-0.43926
-0.40325
-0.30029
-0.15512
0.0031034
0.14704
0.25519
0.31372
0.31695
0.26742
0.17554
0.05828
-0.063653
-0.1703
-0.24736
-0.28972
-0.30211
-0.29619
-0.28516
-0.27799
-0.27559
-0.27058
-0.25081
-0.2052
-0.12957
-0.030175
0.076728
0.16905
0.22539
0.23151
0.18462
0.094264
-0.020333
-0.13538
-0.22863
-0.28492
-0.29968
-0.27962
-0.24032
-0.20138
-0.18041
-0.18764
-0.22286
-0.27559
-0.32845
-0.36265
-0.36374
-0.32587
-0.2531
-0.15758
-0.055422
0.038111
0.11238
0.16274
0.18956
0.19569
0.18416
0.15727
0.11748
0.069133
0.019753
-0.020456
-0.041044
-0.03476
-0.00033591
0.056833
0.12659
0.19766
0.26144
0.31411
0.35644
0.39139
0.42097
0.44382
0.45485
0.44688
0.41367
0.35293
0.26808
0.16805
0.06536
-0.026574
-0.095783
-0.13305
-0.13228
-0.09067
-0.0096592
0.10334
0.23335
0.35807
0.45117
0.48858
0.45584
0.35364
0.19903
0.021155
-0.14708
-0.27848
-0.35872
-0.38868
-0.38152
-0.35615
-0.32955
-0.31109
-0.30019
-0.28812
-0.2625
-0.21286
-0.13521
-0.034148
0.077954
0.18414
0.26723
0.31389
0.31729
0.27793
0.20279
0.10339
-0.0063845
-0.11234
-0.20183
-0.26533
-0.29793
-0.30043
-0.27944
-0.24628
-0.21428
-0.19514
-0.19542
-0.21425
-0.24347
-0.27009
-0.28055
-0.26528
-0.22189
-0.1559
-0.078642
-0.0033006
0.059268
0.10324
0.12804
0.13629
0.13087
0.11268
0.080348
0.032096
-0.031231
-0.10359
-0.17306
-0.22382
-0.24038
-0.21269
-0.14022
-0.03335
0.08881
0.20358
0.29132
0.34101
0.35293
0.33736
0.30997
0.28561
0.27299
0.27206
0.27496
0.27007
0.24746
0.20364
0.14371
0.080018
0.027668
-0.0013927
-0.0030667
0.017607
0.049414
0.080908
0.10642
0.12889
0.15787
0.20305
0.2666
0.33786
0.39369
0.40504
0.34802
0.21485
0.02021
-0.20053
-0.40128
-0.53999
-0.59263
-0.56099
-0.47116
-0.36358
-0.2784
-0.24171
-0.25737
-0.30694
-0.35736
-0.37322
-0.32949
-0.22028
-0.061022
0.11635
0.27332
0.37633
0.40615
0.36223
0.26113
0.13007
-0.0015763
-0.11013
-0.18226
-0.21595
-0.21818
-0.20108
-0.17794
-0.16009
-0.15485
-0.16443
-0.18566
-0.21076
-0.22924
-0.23085
-0.20889
-0.1627
-0.098287
-0.026497
0.040571
0.093569
0.12849
0.1467
0.15251
0.14964
0.13834
0.11491
0.073725
0.011141
-0.070706
-0.16185
-0.2454
-0.30147
-0.31278
-0.27023
-0.17642
-0.045582
0.099858
0.23532
0.34051
0.40425
0.42629
0.41572
0.3869
0.35431
0.32805
0.31139
0.30074
0.28818
0.26529
0.22717
0.17506
0.11662
0.063887
0.029652
0.023783
0.05074
0.10892
0.19148
0.28781
0.38492
0.46857
0.52448
0.54027
0.5081
0.42746
0.30679
0.16266
0.016017
-0.11361
-0.21358
-0.28107
-0.32202
-0.34655
-0.36296
-0.37305
-0.37084
-0.34533
-0.28605
-0.18916
-0.061309
0.080226
0.21166
0.30944
0.35734
0.35111
0.29907
0.21854
0.12959
0.048775
-0.01494
-0.060585
-0.092565
-0.11669
-0.13698
-0.1547
-0.16957
-0.18192
-0.19418
-0.21053
-0.23461
-0.26659
-0.30101
-0.32685
-0.33017
-0.29871
-0.22678
-0.11869
0.010634
0.13833
0.2389
0.29064
0.28141
0.21223
0.097564
-0.037643
-0.16367
-0.25295
-0.28668
-0.25912
-0.17868
-0.065158
0.056083
0.16127
0.23463
0.27203
0.2808
0.27589
0.27388
0.28677
0.31764
0.35939
0.39676
0.41105
0.38586
0.31239
0.1926
0.039739
-0.12414
-0.27253
-0.3798
-0.42603
-0.40099
-0.30662
-0.15804
0.017613
0.18493
0.307
0.35424
0.31293
0.19044
0.014536
-0.17401
-0.33334
-0.43301
-0.4624
-0.43199
-0.36737
-0.29847
-0.24847
-0.22627
-0.22495
-0.22618
-0.2086
-0.15675
-0.06755
0.047926
0.16761
0.26519
0.31811
0.31401
0.25401
0.15187
0.029883
-0.087254
-0.17855
-0.23146
-0.24408
-0.22457
-0.1881
-0.15227
-0.13232
-0.13715
-0.16742
-0.21574
-0.26897
-0.31166
-0.32994
-0.31465
-0.26324
-0.18016
-0.075693
0.036138
0.13999
0.22145
0.26892
0.27502
0.23808
0.16324
0.062931
-0.044096
-0.13584
-0.1919
-0.19895
-0.15502
-0.070638
0.033904
0.13472
0.21182
0.25525
0.26751
0.26146
0.25466
0.26222
0.29102
0.33702
0.38634
0.41958
0.4177
0.36787
0.26765
0.12651
-0.035698
-0.19281
-0.31799
-0.38942
-0.39468
-0.33307
-0.2157
-0.063591
0.095547
0.23174
0.31791
0.33534
0.27838
0.15701
-0.0043747
-0.1724
-0.31371
-0.40466
-0.43805
-0.42417
-0.38525
-0.34565
-0.32156
-0.31462
-0.31182
-0.29171
-0.23418
-0.13001
0.0137
0.17415
0.31922
0.41719
0.44617
0.40035
0.29114
0.14336
-0.011862
-0.14515
-0.23571
-0.27528
-0.26857
-0.23055
-0.18149
-0.14139
-0.12496
-0.13851
-0.17906
-0.23578
-0.29297
-0.33395
-0.3449
-0.31797
-0.253
-0.15763
-0.04572
0.065437
0.15853
0.21947
0.23981
0.21823
0.16076
0.080059
-0.0066105
-0.080415
-0.12479
-0.12926
-0.092079
-0.020743
0.070184
0.16333
0.24354
0.30182
0.33694
0.35411
0.36162
0.36667
0.37239
0.37677
0.37398
0.35713
0.32139
0.26605
0.19491
0.11511
0.035316
-0.035841
-0.090283
-0.12025
-0.11823
-0.078121
0.0020308
0.11657
0.2497
0.3759
0.46424
0.48619
0.42483
0.28197
0.080158
-0.14233
-0.34229
-0.48449
-0.55164
-0.54754
-0.49232
-0.41255
-0.33056
-0.25746
-0.19215
-0.12544
-0.047051
0.048193
0.15694
0.26774
0.36435
0.43045
0.45393
0.42966
0.36031
0.25563
0.13055
0.0025275
-0.11143
-0.19799
-0.25027
-0.26937
-0.26388
-0.24705
-0.23215
-0.22754
-0.23342
-0.24169
-0.23924
-0.21348
-0.1577
-0.074125
0.026533
0.12849
0.21562
0.2754
0.30087
0.29056
0.24712
0.17603
0.08494
-0.016356
-0.1159
-0.20024
-0.25613
-0.27321
-0.24676
-0.17961
-0.082252
0.029236
0.13706
0.22624
0.28835
0.32308
0.33711
0.34078
0.34366
0.35073
0.36038
0.36489
0.35314
0.31471
0.24395
0.14289
0.021879
-0.10215
-0.20932
-0.28129
-0.30529
-0.2767
-0.19989
-0.087331
0.042525
0.16804
0.2676
0.32304
0.32306
0.26615
0.16198
0.030361
-0.10295
-0.21276
-0.28139
-0.30371
-0.288
-0.25236
-0.21773
-0.19996
-0.20396
-0.22195
-0.23649
-0.22714
-0.1785
-0.086621
0.038507
0.17519
0.29617
0.37648
0.40017
0.36407
0.27757
0.15918
0.031316
-0.085201
-0.17544
-0.23285
-0.25948
-0.2641
-0.2588
-0.25477
-0.25866
-0.27047
-0.28373
-0.28808
-0.27318
-0.23281
-0.16745
-0.084424
0.0043944
0.086259
0.15105
0.19313
0.21096
0.20531
0.17712
0.12683
0.055313
-0.03369
-0.13143
-0.22356
-0.29229
-0.3208
-0.29878
-0.22679
-0.11756
0.006765
0.12085
0.20389
0.24605
0.25125
0.23516
0.21898
0.22136
0.25129
0.3044
0.36431
0.40809
0.41426
0.37039
0.27769
0.15133
0.016386
-0.099021
-0.17095
-0.18514
-0.13949
-0.043534
0.084307
0.22046
0.34031
0.42224
0.4513
0.42212
0.34043
0.22214
0.089824
-0.032968
-0.128
-0.18683
-0.21177
-0.21292
-0.20283
-0.19134
-0.18295
-0.17741
-0.1727
-0.16832
-0.16683
-0.17271
-0.18906
-0.21403
-0.239
-0.25014
-0.23311
-0.17943
-0.091477
0.016296
0.12109
0.19937
0.23527
0.22638
0.18418
0.12916
0.082544
0.058171
0.057815
0.07169
0.083695
0.0791
0.051461
0.0059702
-0.042083
-0.073066
-0.07063
-0.028141
0.048565
0.14295
0.23313
0.29853
0.32544
0.30991
0.25753
0.18082
0.095387
0.015932
-0.047176
-0.090255
-0.11716
-0.13823
-0.16711
-0.21593
-0.28995
-0.38366
-0.48013
-0.55485
-0.58329
-0.54997
-0.45581
-0.32046
-0.17854
-0.07035
-0.030173
-0.075723
-0.20213
-0.38225
-0.57317
-0.72726
-0.80453
-0.78307
-0.66426
-0.47131
-0.24168
-0.015906
0.17329
0.30808
0.38698
0.4208
0.42556
0.41535
0.39808
0.37529
0.34543
0.30812
0.26697
0.22964
0.20515
0.20026
0.21662
0.24983
0.29042
0.32603
0.34397
0.33382
0.2899
0.21343
0.11387
0.0083018
-0.081695
-0.13569
-0.14101
-0.097906
-0.020622
0.066537
0.13731
0.17257
0.16671
0.12853
0.076448
0.029982
0.001514
-0.0083591
-0.0099222
-0.018487
-0.046245
-0.095412
-0.15568
-0.20712
-0.22746
-0.20075
-0.12395
-0.0088693
0.12106
0.23791
0.31735
0.34499
0.31911
0.24954
0.15369
0.051424
-0.039661
-0.10767
-0.14828
-0.16514
-0.16884
-0.17433
-0.19681
-0.24668
-0.32466
-0.41916
-0.50752
-0.56191
-0.55871
-0.48816
-0.36083
-0.20753
-0.072091
0.0013802
-0.017441
-0.13427
-0.32643
-0.54774
-0.74081
-0.85324
-0.85273
-0.73613
-0.52928
-0.27762
-0.03099
0.17197
0.31383
0.39954
0.44923
0.48631
0.52638
0.57138
0.61077
0.62798
0.60896
0.54897
0.45538
0.34579
0.24282
0.16731
0.13218
0.13869
0.17591
0.22349
0.25728
0.2563
0.20944
0.11978
0.0049066
-0.10741
-0.18743
-0.21323
-0.17873
-0.09671
0.0047271
0.091535
0.13565
0.12488
0.066919
-0.014224
-0.087664
-0.12725
-0.12078
-0.073475
-0.0049983
0.058679
0.095132
0.093611
0.05872
0.0086152
-0.031424
-0.037751
0.003582
0.092098
0.21295
0.34146
0.45042
0.51746
0.53038
0.48899
0.4037
0.29174
0.17239
0.062606
-0.026453
-0.09141
-0.137
-0.17447
-0.2179
-0.27901
-0.36155
-0.45742
-0.54669
-0.60252
-0.60027
-0.52786
-0.39328
-0.22571
-0.069006
0.031078
0.041375
-0.047371
-0.21655
-0.42456
-0.61885
-0.75125
-0.79134
-0.73376
-0.59723
-0.41612
-0.22794
-0.061397
0.070838
0.17261
0.25844
0.34423
0.43853
0.5376
0.62618
0.68322
0.6902
0.63866
0.53428
0.39598
0.25071
0.12575
0.041318
0.0055064
0.012819
0.046193
0.081841
0.095742
0.070474
0.00084604
-0.10329
-0.21838
-0.31307
-0.35766
-0.33429
-0.24444
-0.11037
0.030805
0.13884
0.18398
0.15726
0.073476
-0.034334
-0.12688
-0.17245
-0.15755
-0.090784
0.0010595
0.082936
0.12389
0.10773
0.038628
-0.060047
-0.15317
-0.20525
-0.19193
-0.10798
0.030957
0.19333
0.34141
0.4424
0.47716
0.44402
0.357
0.23973
0.1176
0.010485
-0.072044
-0.13203
-0.18093
-0.23454
-0.30612
-0.39978
-0.50636
-0.60364
-0.66194
-0.65377
-0.56454
-0.4005
-0.19045
0.019854
0.17917
0.24453
0.19315
0.029042
-0.21735
-0.496
-0.74879
-0.9228
-0.98215
-0.91573
-0.73888
-0.4885
-0.21296
0.040565
0.23766
0.36396
0.42586
0.44468
0.44651
0.45147
0.46643
0.484
0.48772
0.4611
0.39653
0.30014
0.19091
0.094226
0.032823
0.018313
0.046512
0.098121
0.14467
0.15791
0.11978
0.029544
-0.094591
-0.22043
-0.31227
-0.34356
-0.3069
-0.21749
-0.10784
-0.015743
0.030113
0.020762
-0.030391
-0.093903
-0.13672
-0.13546
-0.085228
-0.00090392
0.089146
0.15405
0.17185
0.13736
0.064089
-0.020189
-0.082206
-0.093541
-0.039161
0.078247
0.23919
0.41286
0.5652
0.66718
0.70096
0.66295
0.5633
0.42265
0.26695
0.12149
0.005146
-0.073941
-0.11996
-0.1475
-0.17588
-0.22121
-0.28878
-0.36891
-0.43871
-0.4699
-0.44025
-0.34429
-0.19885
-0.040725
0.08315
0.12991
0.074516
-0.081444
-0.30855
-0.55648
-0.76697
-0.88934
-0.89408
-0.78058
-0.57683
-0.3312
-0.098745
0.073766
0.16015
0.16115
0.10332
0.030611
-0.0092377
0.020084
0.13108
0.30714
0.50676
0.67645
0.7684
0.75667
0.64585
0.46882
0.27455
0.11068
0.0074066
-0.031358
-0.02671
-0.014159
-0.027996
-0.086597
-0.18426
-0.29278
-0.37226
-0.38708
-0.32082
-0.184
-0.011484
0.14959
0.25641
0.28522
0.23843
0.14182
0.033768
-0.048846
-0.082596
-0.063307
-0.0046736
0.068659
0.13028
0.16014
0.14935
0.10117
0.028773
-0.048641
-0.11028
-0.13791
-0.11939
-0.051492
0.058507
0.19319
0.32775
0.435
0.49177
0.48477
0.41427
0.29416
0.14812
0.0028543
-0.11966
-0.20822
-0.26456
-0.30036
-0.33024
-0.36342
-0.39803
-0.42093
-0.41367
-0.36219
-0.26597
-0.14216
-0.022603
0.055573
0.062325
-0.014473
-0.16344
-0.35119
-0.53051
-0.65302
-0.68279
-0.60715
-0.44131
-0.22506
-0.011868
0.14685
0.21758
0.19578
0.10808
0.0041578
-0.05963
-0.039879
0.077848
0.27268
0.49466
0.68163
0.78086
0.76717
0.6508
0.4723
0.28667
0.14306
0.067728
0.056533
0.079236
0.093728
0.064443
-0.02223
-0.15164
-0.28631
-0.38099
-0.40137
-0.33851
-0.21294
-0.066791
0.0528
0.11168
0.10068
0.037191
-0.043699
-0.10385
-0.11647
-0.074931
0.0065006
0.099089
0.17018
0.19396
0.1594
0.073429
-0.040639
-0.14882
-0.21483
-0.20933
-0.11817
0.052411
0.27543
0.50826
0.70257
0.81658
0.82604
0.73066
0.55379
0.33536
0.12027
-0.054283
-0.16873
-0.22522
-0.24449
-0.25629
-0.28649
-0.34549
-0.42252
-0.48886
-0.5093
-0.4578
-0.33125
-0.15512
0.021696
0.14159
0.15732
0.048503
-0.17007
-0.45124
-0.72818
-0.93298
-1.0152
-0.95512
-0.76761
-0.49648
-0.20129
0.058527
0.23761
0.31334
0.28795
0.18524
0.043451
-0.093344
-0.18391
-0.19744
-0.11937
0.045439
0.27266
0.52233
0.74656
0.90026
0.95231
0.89419
0.74273
0.53574
0.32132
0.14422
0.033396
-0.005262
0.011003
0.048927
0.071162
0.049219
-0.026799
-0.145
-0.27625
-0.38491
-0.44186
-0.43468
-0.37116
-0.27487
-0.17493
-0.094662
-0.043887
-0.01765
-0.0012262
0.021453
0.059854
0.11252
0.16769
0.208
0.21718
0.18632
0.1177
0.025336
-0.067635
-0.13421
-0.15005
-0.099906
0.017601
0.18829
0.38461
0.57151
0.71448
0.78768
0.77972
0.69557
0.55426
0.38339
0.21198
0.063824
-0.04749
-0.12061
-0.16521
-0.19755
-0.23383
-0.28314
-0.34249
-0.39642
-0.42192
-0.39772
-0.31437
-0.18132
-0.0274
0.10565
0.17491
0.14929
0.019677
-0.19679
-0.45958
-0.71401
-0.90461
-0.98918
-0.94968
-0.7966
-0.56555
-0.30719
-0.073948
0.092259
0.16818
0.15191
0.06072
-0.074115
-0.21406
-0.32032
-0.36045
-0.31421
-0.17784
0.033955
0.2895
0.54555
0.75649
0.88553
0.91456
0.84918
0.71643
0.55559
0.40526
0.29123
0.21969
0.17773
0.14067
0.083537
-0.0077678
-0.12946
-0.25996
-0.36723
-0.42072
-0.40346
-0.31924
-0.19197
-0.057333
0.049881
0.10768
0.11335
0.082315
0.040459
0.013341
0.016809
0.052287
0.10788
0.16407
0.20119
0.20589
0.17456
0.11334
0.035621
-0.041476
-0.10053
-0.1265
-0.10881
-0.043175
0.066862
0.20924
0.36435
0.50816
0.61741
0.67531
0.67613
0.62647
0.54275
0.44545
0.35239
0.27367
0.20994
0.15428
0.096326
0.026684
-0.05982
-0.16249
-0.27446
-0.3833
-0.47266
-0.52529
-0.52752
-0.47437
-0.37377
-0.24761
-0.1284
-0.051665
-0.045876
-0.12302
-0.27305
-0.46439
-0.65101
-0.78426
-0.82624
-0.76038
-0.596
-0.36523
-0.11371
0.11173
0.27424
0.35393
0.34978
0.27705
0.16218
0.036869
-0.067548
-0.12492
-0.11819
-0.042435
0.093291
0.26613
0.44252
0.58483
0.66064
0.65227
0.56303
0.41735
0.2539
0.11368
0.026951
0.0035128
0.02995
0.074829
0.10038
0.076715
-0.0063711
-0.13461
-0.27352
-0.38059
-0.42102
-0.38079
-0.27202
-0.12826
0.0081823
0.10173
0.1355
0.11536
0.06517
0.015815
-0.0070848
0.0080432
0.056176
0.11939
0.17449
0.2012
0.18826
0.13583
0.054627
-0.037228
-0.11825
-0.16762
-0.1689
-0.11346
-0.0031568
0.14841
0.31729
0.47366
0.58905
0.64426
0.63518
0.57414
0.48564
0.39771
0.33194
0.29617
0.28242
0.27077
0.23741
0.16369
0.043036
-0.11609
-0.29167
-0.45313
-0.5687
-0.6135
-0.57676
-0.46634
-0.30902
-0.14575
-0.022337
0.022249
-0.033078
-0.18441
-0.4019
-0.63577
-0.82797
-0.92677
-0.90042
-0.74589
-0.48986
-0.18176
0.11911
0.35826
0.49813
0.52498
0.44963
0.30307
0.1288
-0.026332
-0.12133
-0.1291
-0.042445
0.12353
0.33357
0.53962
0.69252
0.75508
0.71282
0.57829
0.3873
0.18795
0.026047
-0.068374
-0.089156
-0.054448
0.00053287
0.036027
0.02161
-0.053011
-0.17393
-0.30736
-0.41113
-0.44963
-0.40678
-0.2921
-0.13746
0.01428
0.12437
0.17112
0.15587
0.10021
0.036274
-0.0056779
-0.0075725
0.031736
0.098076
0.16838
0.21895
0.23267
0.20326
0.13597
0.045721
-0.046599
-0.11826
-0.14893
-0.12463
-0.041055
0.094405
0.26289
0.4372
0.58764
0.68914
0.72774
0.70392
0.63169
0.5335
0.43278
0.34678
0.28228
0.23524
0.19403
0.14449
0.074836
-0.020841
-0.14076
-0.27518
-0.40741
-0.51637
-0.58089
-0.58544
-0.52593
-0.41358
-0.27485
-0.14643
-0.066078
-0.061687
-0.14201
-0.29222
-0.47615
-0.64508
-0.75077
-0.75886
-0.65843
-0.46478
-0.21453
0.044636
0.26621
0.41506
0.47336
0.44191
0.33775
0.18945
0.031557
-0.10141
-0.18059
-0.18784
-0.11957
0.011446
0.17731
0.34009
0.46055
0.50883
0.47353
0.36587
0.21645
0.065408
-0.050776
-0.1111
-0.11625
-0.087158
-0.056255
-0.054805
-0.10057
-0.19035
-0.30031
-0.39417
-0.43664
-0.40709
-0.30812
-0.16548
-0.019108
0.091296
0.14036
0.12536
0.065588
-0.0062881
-0.05716
-0.065314
-0.02697
0.044203
0.12348
0.18436
0.20717
0.18451
0.12222
0.036794
-0.049584
-0.11441
-0.13943
-0.11387
-0.036085
0.086026
0.23603
0.39138
0.52729
0.62175
0.66055
0.64106
0.57323
0.47696
0.37624
0.29161
0.23378
0.20064
0.17902
0.15034
0.098022
0.013694
-0.099722
-0.22868
-0.35266
-0.44944
-0.50062
-0.49634
-0.43842
-0.34128
-0.22982
-0.1344
-0.083356
-0.094833
-0.17035
-0.29245
-0.42794
-0.5364
-0.58176
-0.5431
-0.42083
-0.23601
-0.022961
0.18129
0.34662
0.45501
0.50074
0.48746
0.42498
0.32758
0.21367
0.10514
0.024593
-0.0098034
0.009608
0.075733
0.16685
0.25212
0.30113
0.29426
0.22969
0.12433
0.0078977
-0.087623
-0.13936
-0.14169
-0.10817
-0.066564
-0.048487
-0.077146
-0.15749
-0.27257
-0.38789
-0.46295
-0.46593
-0.38622
-0.23957
-0.063483
0.095672
0.19881
0.22718
0.18727
0.10632
0.020679
-0.037739
-0.051849
-0.023262
0.030824
0.085589
0.11801
0.11438
0.073891
0.0078224
-0.064644
-0.1221
-0.14624
-0.12563
-0.057312
0.053256
0.19356
0.34595
0.48989
0.60456
0.67192
0.68018
0.62702
0.52167
0.38433
0.24234
0.12344
0.047943
0.022341
0.036875
0.068155
0.086302
0.064438
-0.01241
-0.14169
-0.30283
-0.46209
-0.5818
-0.6313
-0.59651
-0.48513
-0.3257
-0.16042
-0.033781
0.01987
-0.013778
-0.12453
-0.27997
-0.4339
-0.53881
-0.55885
-0.47964
-0.3119
-0.087808
0.14856
0.3535
0.49447
0.55632
0.54186
0.46777
0.3581
0.23792
0.12862
0.045621
-0.0023394
-0.012989
0.0096786
0.055707
0.11033
0.15675
0.18064
0.17497
0.14295
0.09735
0.055416
0.031322
0.029073
0.039295
0.041847
0.013887
-0.059449
-0.17612
-0.31413
-0.43653
-0.50342
-0.48675
-0.38209
-0.21223
-0.020644
0.14292
0.23926
0.25229
0.19283
0.092662
-0.0081873
-0.075743
-0.092661
-0.061847
-0.0027539
0.05744
0.094127
0.093476
0.056201
-0.0036647
-0.063908
-0.10107
-0.09686
-0.042385
0.060579
0.20085
0.36067
0.51896
0.65427
0.74734
0.7836
0.75582
0.66664
0.52986
0.36917
0.21359
0.090161
0.016014
-0.007344
0.0049549
0.025632
0.024062
-0.023444
-0.12526
-0.27067
-0.43216
-0.57299
-0.65828
-0.66606
-0.59498
-0.46608
-0.31764
-0.19421
-0.13299
-0.1518
-0.24277
-0.37412
-0.49988
-0.57448
-0.56719
-0.47121
-0.30439
-0.10159
0.097683
0.26136
0.3723
0.42927
0.44278
0.42834
0.40025
0.36782
0.33446
0.29919
0.25929
0.21308
0.16149
0.10821
0.05834
0.016461
-0.015074
-0.036775
-0.051445
-0.062695
-0.073259
-0.083856
-0.093096
-0.098426
-0.097636
-0.090207
-0.077859
-0.064077
-0.052813
-0.046961
-0.047207
-0.051702
-0.056624
-0.057366
-0.049934
-0.032115
-0.0041378
0.03128
0.069471
0.10478
0.13168
0.14585
0.14497
0.12906
0.10041
0.063219
0.022786
-0.015383
-0.046549
-0.067578
-0.077442
-0.07725
-0.069766
-0.058529
-0.046825
-0.03684
-0.029239
-0.023309
-0.017565
-0.010569
-0.0016363
0.0088292
0.019463
0.028445
0.034153
0.035711
0.033236
0.027719
0.020606
0.013259
0.0065021
0.00041692
-0.0055519
-0.012231
-0.020246
-0.029627
-0.039638
-0.048902
-0.055765
-0.05879
-0.057182
-0.051017
-0.041194
-0.029148
-0.016436
-0.004351
0.0063073
0.015248
0.022525
0.028281
0.032535
0.035093
0.035616
0.03381
0.029636
0.023437
0.015931
0.0080532
0.00071181
-0.0054421
-0.010144
-0.013493
-0.015786
-0.017284
-0.018007
-0.017648
-0.01565
-0.011412
-0.0045489
0.0049106
0.016457
0.02919
0.042015
0.053861
0.063847
0.07136
0.07605
0.07778
0.076567
0.072553
0.065979
0.057175
0.046539
0.034498
0.021476
0.007881
-0.0058746
-0.019322
-0.031887
-0.042882
-0.051555
-0.057215
-0.059386
-0.057946
-0.053194
-0.045808
-0.036705
-0.026832
-0.016968
-0.0075913
0.0011418
0.009303
0.017022
0.024298
0.030861
0.036128
0.039283
0.039456
0.035963
0.028536
0.017474
0.0036567
-0.011603
-0.026835
-0.040738
-0.052465
-0.061761
-0.068927
-0.0746
-0.079439
-0.083812
-0.08759
-0.090137
-0.090486
-0.087661
-0.081036
-0.070576
-0.05691
-0.041166
-0.024666
-0.0085801
0.006327
0.019747
0.031686
0.042204
0.051156
0.058077
0.06226
0.063
0.059901
0.053105
0.043354
0.03184
0.01992
0.0087844
-0.00079514
-0.0085809
-0.014814
-0.020029
-0.024811
-0.02954
-0.034216
-0.038367
-0.041097
-0.041241
-0.037649
-0.029514
-0.0167
5.3556e-05
0.019123
0.038251
0.055016
0.067412
0.074348
0.075902
0.073226
0.068115
0.062399
0.057359
0.053385
0.049971
0.046034
0.040409
0.032326
0.021698
0.0091471
-0.004208
-0.017087
-0.028366
-0.037273
-0.043434
-0.046802
-0.047527
-0.04585
-0.042047
-0.036419
-0.029303
-0.021081
-0.012174
-0.003021
0.0059335
0.014255
0.021526
0.027362
0.031444
0.033559
0.033643
0.031788
0.02822
0.023235
0.017113
0.010063
0.0021968
-0.0064167
-0.01567
-0.025317
-0.034918
-0.043854
-0.051419
-0.056971
-0.060077
-0.060624
-0.058831
-0.055173
-0.050236
-0.044542
-0.038413
-0.031919
-0.024932
-0.017265
-0.0088445
0.00015141
0.0092572
0.017794
0.025031
0.030371
0.033487
0.034367
0.033252
0.030515
0.026526
0.021568
0.015823
0.0094301
0.0025733
-0.0044438
-0.011181
-0.017112
-0.021724
-0.024635
-0.025688
-0.024978
-0.022817
-0.019631
-0.015838
-0.011738
-0.0074629
-0.0029878
0.0017798
0.0068899
0.012253
0.017607
0.022559
0.026703
0.029742
0.031588
0.032367
0.032346
0.031806
0.030921
0.029704
0.028024
0.025701
0.02262
0.018808
0.014459
0.0098759
0.0053843
0.0012336
-0.0024558
-0.0056882
-0.0085373
-0.011066
-0.013263
-0.015016
-0.016136
-0.016422
-0.015723
-0.013998
-0.011336
-0.0079426
-0.0041034
-0.00013852
0.0036401
0.0069618
0.0096183
0.011475
0.012471
0.012613
0.011963
0.010622
0.0087204
0.0064053
0.0038361
0.0011663
-0.0014826
-0.0040544
-0.0065814
-0.0091799
-0.012003
-0.015157
-0.018604
-0.022088
-0.025135
-0.027128
-0.027464
-0.02575
-0.021952
-0.016457
-0.0099935
-0.0034489
0.0023738
0.0069567
0.01016
0.01217
0.013338
0.013964
0.014141
0.013706
0.012331
0.0097257
0.0058351
0.00097491
-0.0041868
-0.0087952
-0.012067
-0.013541
-0.013225
-0.011576
-0.009324
-0.0072156
-0.0057692
-0.0051409
-0.0051334
-0.0053292
-0.0052792
-0.0046668
-0.0033917
-0.0015609
0.00058755
0.0027813
0.0047903
0.0064649
0.0077379
0.0086072
0.0091178
0.0093459
0.0093851
0.0093248
0.0092226
0.0090809
0.0088414
0.0084081
0.0076938
0.0066695
0.0053924
0.0039973
0.0026524
0.0015007
0.0006133
-2.5777e-05
-0.00049783
-0.0009046
-0.0013205
-0.0017622
-0.0021853
-0.0025087
-0.0026515
-0.0025696
-0.0022748
-0.0018308
-0.0013297
-0.00085951
-0.00047762
-0.00019968
-7.9148e-06
0.00012708
0.00022235
0.00026873
0.00023535
9.2185e-05
-0.00015861
-0.00045787
-0.00068593
-0.00068788
-0.00032293
0.00047798
0.0016679
0.0030712
0.0044121
0.005378
0.0057012
0.0052346
0.0039977
0.0021771
7.9174e-05
-0.0019494
-0.0036124
-0.0047369
-0.0053077
-0.0054561
-0.0054061
-0.0053962
-0.0055991
-0.0060631
-0.0066929
-0.0072751
-0.0075425
-0.0072565
-0.0062832
-0.0046385
-0.0024872
-9.6603e-05
0.0022388
0.0042774
0.0058865
0.0070575
0.007877
0.008467
0.0089209
0.0092606
0.0094329
0.0093445
0.0089171
0.0081375
0.0070776
0.0058768
0.0046918
0.0036374
0.0027429
0.0019433
0.0011104
0.00011188
-0.001123
-0.0025578
-0.004039
-0.005329
-0.0061716
-0.0063695
-0.0058486
-0.0046845
-0.0030811
-0.0013043
0.00040459
0.0019067
0.0032007
0.0044017
0.0056699
0.0071176
0.0087335
0.010358
0.01172
0.01253
0.012581
0.011827
0.010394
0.0085337
0.0065261
0.004587
0.0028133
0.0011877
-0.00036772
-0.0019185
-0.0034612
-0.0049072
-0.0061063
-0.0068982
-0.0071646
-0.0068645
-0.0060438
-0.0048194
-0.0033487
-0.0017918
-0.00027939
0.0011086
0.0023461
0.0034454
0.0044297
0.0053018
0.0060242
0.0065163
0.0066715
0.0063877
0.0055995
0.0043004
0.0025467
0.00044417
-0.0018754
-0.0042767
-0.006633
-0.0088269
-0.010747
-0.012286
-0.013353
-0.013886
-0.013877
-0.013376
-0.012488
-0.011342
-0.010058
-0.0087098
-0.0073112
-0.0058235
-0.004193
-0.0023978
-0.00048489
0.0014208
0.0031435
0.00451
0.00541
0.0058375
0.0058959
0.0057653
0.0056409
0.0056684
0.0058989
0.0062805
0.006688
0.006978
0.0070451
0.0068557
0.0064503
0.0059144
0.0053374
0.0047755
0.0042352
0.0036771
0.0030389
0.0022652
0.0013365
0.00028795
-0.00078629
-0.0017474
-0.0024419
-0.0027406
-0.0025752
-0.0019613
-0.00099739
0.0001577
0.0013229
0.0023337
0.0030686
0.0034588
0.0034835
0.0031638
0.0025626
0.0017941
0.0010303
0.00049092
0.00040395
0.00094279
0.00216
0.0039474
0.0060463
