0.0025895
0.0014894
0.00054656
-9.1507e-05
-0.00030994
-5.936e-05
0.00061296
0.0015516
0.0025157
0.0032378
0.0035019
0.0032128
0.0024295
0.0013454
0.00022336
-0.00069263
-0.0012548
-0.0014505
-0.0013883
-0.0012399
-0.001162
-0.0012313
-0.0014185
-0.0016095
-0.0016612
-0.0014673
-0.0010046
-0.00034588
0.00036477
0.00096041
0.0013065
0.0013444
0.0011104
0.00072552
0.00035958
0.00017912
0.0002939
0.00071784
0.0013572
0.0020322
0.0025275
0.0026581
0.00233
0.0015732
0.00053782
-0.00054794
-0.0014428
-0.0019594
-0.0020127
-0.0016348
-0.00095675
-0.00016329
0.00055929
0.0010673
0.0012841
0.0012027
0.00087328
0.00038151
-0.00017392
-0.000703
-0.0011412
-0.0014587
-0.0016594
-0.0017699
-0.0018235
-0.0018459
-0.0018457
-0.0018137
-0.0017264
-0.0015527
-0.001262
-0.00083417
-0.0002713
0.00039158
0.0010813
0.0016932
0.002112
0.002244
0.0020496
0.0015631
0.00089035
0.0001795
-0.00042373
-0.00082183
-0.00099385
-0.00099523
-0.00092868
-0.00089709
-0.00095648
-0.0010879
-0.0012008
-0.0011691
-0.0008868
-0.00032084
0.0004632
0.001315
0.0020492
0.002511
0.0026289
0.0024335
0.0020368
0.0015831
0.001194
0.00093098
0.00078717
0.00070827
0.00062913
0.00050783
0.00034293
0.00016882
3.462e-05
-2.174e-05
7.7346e-06
9.6514e-05
0.000194
0.00024637
0.00021986
0.0001179
-1.5117e-05
-0.00010663
-8.2561e-05
0.00010065
0.00043089
0.00083381
0.0011903
0.0013743
0.0012976
0.00094575
0.00038987
-0.00023066
-0.00074984
-0.0010271
-0.00099251
-0.00067137
-0.00017918
0.00031009
0.00061492
0.00060193
0.00023065
-0.00042727
-0.0012028
-0.0018764
-0.0022447
-0.0021845
-0.0016934
-0.00089248
1.0195e-05
0.00078081
0.0012274
0.0012522
0.00087591
0.00022701
-0.00049635
-0.0010827
-0.0013649
-0.0012652
-0.00081564
-0.00014859
0.00054025
0.0010475
0.0012216
0.001008
0.0004679
-0.00023905
-0.00090155
-0.0013209
-0.0013716
-0.0010372
-0.00041024
0.00034454
0.0010489
0.0015704
0.0018594
0.0019534
0.0019467
0.0019421
0.002005
0.0021376
0.0022839
0.0023612
0.002301
0.002082
0.0017405
0.0013544
0.0010091
0.00076195
0.0006205
0.00054222
0.00045569
0.00029232
1.5631e-05
-0.00036325
-0.00078936
-0.0011851
-0.0014802
-0.0016385
-0.0016681
-0.0016103
-0.0015103
-0.0013847
-0.0012048
-0.00090802
-0.00043824
0.00020431
0.00092942
0.0015636
0.0019028
0.0017934
0.0012062
0.00026937
-0.00075981
-0.0015742
-0.0019172
-0.0016648
-0.00086131
0.00030111
0.0015449
0.0025886
0.003221
0.0033479
0.0030022
0.0023188
0.0014851
0.000684
4.854e-05
-0.0003597
-0.00054597
-0.00055899
-0.00046237
-0.00031265
-0.00015012
-8.7908e-07
0.00011585
0.00018221
0.0001831
0.00011438
-6.4283e-06
-0.00013492
-0.00020619
-0.00015352
6.6989e-05
0.00045616
0.00096499
0.0015042
0.0019663
0.0022531
0.0022997
0.0020906
0.0016644
0.0011065
0.00052977
4.7888e-05
-0.00025377
-0.00033961
-0.00023014
1.0549e-05
0.00030176
0.00057696
0.00080536
0.00099599
0.0011843
0.0014097
0.0016958
0.0020411
0.0024201
0.0027901
0.0030967
0.0032769
0.0032653
0.0030115
0.002506
0.001807
0.001049
0.0004163
8.2255e-05
0.00012932
0.00048587
0.00091456
0.0010723
0.00063272
-0.00056963
-0.0024314
-0.0045624
-0.0063797
-0.0072926
-0.0069162
-0.005233
-0.0026347
0.00018349
0.0024505
0.003594
0.0034633
0.0024155
0.0012211
0.00081256
0.001954
0.0049442
0.009457
0.014582
0.019064
0.021668
0.021573
0.01867
0.013678
0.0080646
0.003775
0.0028325
0.0068658
0.016637
0.031657
0.050018
0.068578
0.083599
0.091817
0.091703
0.084505
0.074526
0.068246
0.072236
0.090378
0.12139
0.15784
0.18743
0.19651
0.17474
0.1192
0.036204
-0.05992
-0.15074
-0.2189
-0.25277
-0.24916
-0.21353
-0.15788
-0.097232
-0.045852
-0.014091
-0.0065357
-0.021697
-0.053068
-0.09114
-0.12583
-0.14876
-0.155
-0.14394
-0.11908
-0.086894
-0.054822
-0.028994
-0.012297
-0.0035483
0.001834
0.0097841
0.024877
0.047985
0.075227
0.098656
0.10843
0.09565
0.054822
-0.014816
-0.10934
-0.22114
-0.34023
-0.45525
-0.55422
-0.62531
-0.65814
-0.64564
-0.586
-0.48393
-0.35039
-0.20072
-0.051748
0.080973
0.1848
0.25037
0.2712
0.2438
0.16892
0.053625
-0.086971
-0.2301
-0.3489
-0.41865
-0.42392
-0.36386
-0.25352
-0.1201
0.0045995
0.093438
0.13175
0.12123
0.078529
0.029154
-0.0015963
0.002499
0.04295
0.10631
0.1696
0.20969
0.21302
0.1818
0.13399
0.096469
0.094024
0.13833
0.22158
0.31756
0.3901
0.40563
0.34521
0.21144
0.027838
-0.16855
-0.33833
-0.45039
-0.48872
-0.45395
-0.36052
-0.23154
-0.093368
0.028877
0.1148
0.15163
0.13657
0.07809
-0.0050168
-0.087434
-0.14371
-0.15558
-0.1178
-0.040212
0.054899
0.13961
0.18909
0.18935
0.14148
0.060931
-0.027745
-0.098926
-0.13406
-0.12737
-0.087578
-0.035304
0.0028391
0.0017616
-0.055046
-0.1707
-0.33354
-0.51938
-0.69686
-0.83441
-0.907
-0.90103
-0.81613
-0.66384
-0.46396
-0.24014
-0.016249
0.18581
0.34698
0.45178
0.48971
0.45766
0.36239
0.22138
0.060814
-0.089713
-0.20434
-0.26747
-0.27708
-0.24337
-0.18336
-0.11381
-0.045485
0.018547
0.080422
0.14222
0.20105
0.24733
0.26755
0.25051
0.19425
0.11016
0.021784
-0.041846
-0.056186
-0.010705
0.085951
0.20745
0.31763
0.38201
0.37866
0.30458
0.1755
0.019691
-0.13136
-0.25182
-0.32691
-0.35402
-0.3402
-0.29817
-0.2425
-0.18698
-0.14295
-0.11799
-0.11457
-0.12913
-0.15212
-0.17009
-0.16946
-0.14121
-0.084638
-0.0086175
0.07045
0.13347
0.16467
0.15662
0.11256
0.045264
-0.027236
-0.087523
-0.1246
-0.13777
-0.13734
-0.14173
-0.17137
-0.24104
-0.35291
-0.49273
-0.63146
-0.73227
-0.76163
-0.70056
-0.55198
-0.34092
-0.10712
0.10746
0.27149
0.37227
0.41617
0.42167
0.40863
0.38884
0.36201
0.31871
0.24853
0.14909
0.031476
-0.080813
-0.15924
-0.18095
-0.1384
-0.043678
0.074282
0.17895
0.23849
0.23682
0.17923
0.090636
0.0066803
-0.039113
-0.027603
0.038795
0.13672
0.23008
0.28285
0.2717
0.19415
0.069402
-0.067787
-0.17786
-0.22809
-0.20161
-0.10168
0.049406
0.21604
0.35804
0.44022
0.44081
0.35674
0.2045
0.016255
-0.16818
-0.31141
-0.38793
-0.39011
-0.32895
-0.2294
-0.12188
-0.033122
0.020609
0.036028
0.020817
-0.011302
-0.046139
-0.073228
-0.087694
-0.089902
-0.08372
-0.074313
-0.06615
-0.061664
-0.060772
-0.061351
-0.060522
-0.056223
-0.04837
-0.038972
-0.031104
-0.027311
-0.02844
-0.033743
-0.042409
-0.055721
-0.078438
-0.11811
-0.1819
-0.27196
-0.3812
-0.49198
-0.57894
-0.61586
-0.58426
-0.4806
-0.31882
-0.12695
0.061186
0.21604
0.32016
0.37101
0.37815
0.35695
0.32193
0.28278
0.24411
0.20802
0.17702
0.15519
0.1466
0.15216
0.16695
0.18031
0.17929
0.15443
0.10523
0.042405
-0.01456
-0.044213
-0.031715
0.024301
0.10963
0.19834
0.26126
0.27602
0.23482
0.14735
0.037922
-0.06171
-0.12147
-0.12119
-0.056017
0.062037
0.20662
0.343
0.43626
0.4602
0.40445
0.27801
0.10767
-0.068815
-0.21294
-0.29624
-0.30815
-0.25827
-0.17239
-0.083593
-0.021632
-0.0040823
-0.032078
-0.091597
-0.15937
-0.21118
-0.22966
-0.20942
-0.15778
-0.091514
-0.030389
0.0098333
0.022796
0.013275
-0.0053582
-0.017038
-0.0099581
0.01825
0.059335
0.097825
0.11759
0.1087
0.071515
0.016101
-0.042795
-0.092975
-0.13089
-0.16367
-0.20579
-0.27164
-0.36683
-0.48218
-0.59321
-0.66628
-0.66935
-0.58384
-0.41313
-0.18425
0.057983
0.26287
0.38781
0.41022
0.33375
0.18704
0.015485
-0.1316
-0.2147
-0.21474
-0.13771
-0.011845
0.12164
0.22163
0.26007
0.23072
0.15089
0.055148
-0.017031
-0.03575
0.0080248
0.098688
0.20144
0.27507
0.28732
0.22689
0.10769
-0.035919
-0.16089
-0.22961
-0.22166
-0.13958
-0.0074727
0.1367
0.25244
0.30829
0.29057
0.20649
0.080943
-0.051994
-0.16007
-0.22242
-0.23437
-0.20615
-0.15679
-0.10609
-0.068385
-0.050016
-0.050573
-0.066091
-0.091965
-0.12415
-0.15866
-0.19061
-0.21396
-0.22285
-0.21374
-0.18724
-0.14838
-0.1049
-0.064252
-0.030889
-0.0050566
0.016104
0.03587
0.055126
0.071053
0.078124
0.070918
0.047213
0.0095667
-0.035664
-0.081551
-0.12448
-0.16656
-0.21501
-0.27828
-0.36039
-0.45604
-0.54898
-0.61491
-0.62829
-0.57083
-0.43852
-0.24464
-0.017712
0.20485
0.38548
0.49517
0.51994
0.46383
0.34769
0.2041
0.06937
-0.025374
-0.061927
-0.039242
0.02712
0.11028
0.18054
0.21449
0.20173
0.14721
0.068411
-0.011537
-0.072222
-0.10276
-0.10455
-0.088961
-0.071178
-0.062622
-0.065292
-0.070246
-0.060917
-0.020019
0.062459
0.18313
0.32329
0.45231
0.53561
0.54501
0.46817
0.31385
0.11089
-0.09919
-0.27379
-0.38137
-0.40983
-0.36855
-0.28331
-0.18662
-0.10692
-0.060774
-0.050339
-0.066113
-0.09298
-0.1167
-0.1284
-0.1261
-0.1135
-0.09731
-0.084337
-0.079107
-0.082491
-0.091456
-0.10006
-0.10162
-0.091487
-0.069435
-0.040417
-0.013072
0.0036537
0.004269
-0.01098
-0.036602
-0.065041
-0.090977
-0.11445
-0.14095
-0.17805
-0.22998
-0.29285
-0.35308
-0.39066
-0.38626
-0.32945
-0.22432
-0.089473
0.048013
0.16228
0.23789
0.27439
0.28434
0.28603
0.29444
0.31471
0.34086
0.35979
0.35835
0.32976
0.27674
0.21001
0.14358
0.089082
0.051987
0.031063
0.021013
0.016527
0.015491
0.019747
0.033193
0.05849
0.094315
0.13465
0.17036
0.19211
0.19322
0.17132
0.12862
0.071454
0.0096633
-0.043902
-0.074245
-0.06622
-0.0080079
0.10453
0.26421
0.45149
0.63738
0.79013
0.88401
0.90715
0.86564
0.78204
0.68848
0.61679
0.58879
0.61018
0.66959
0.74293
0.80115
0.81906
0.78228
0.69088
0.5585
0.40783
0.26381
0.14675
0.06763
0.026817
0.016347
0.024471
0.040445
0.057576
0.073427
0.087468
0.097644
0.097927
0.078494
0.029036
-0.055903
-0.17181
-0.30185
-0.41906
-0.49284
-0.49801
-0.42303
-0.27429
-0.074678
0.1433
0.34722
0.51392
0.63469
0.71519
0.77024
0.81606
0.86292
0.91091
0.95026
0.96585
0.94412
0.87958
0.77854
0.65839
0.54257
0.45293
0.40229
0.39
0.40229
0.41753
0.41417
0.37858
0.30954
0.21796
0.12236
0.042076
-0.0089976
-0.026056
-0.013644
0.01692
0.051607
0.077771
0.087211
0.077755
0.053357
0.022957
-0.001557
-0.0079533
0.013635
0.068392
0.15541
0.26755
0.3925
0.51498
0.61943
0.69291
0.72761
0.72268
0.68479
0.62709
0.5665
0.51964
0.49839
0.50637
0.53757
0.57789
0.60931
0.61558
0.58746
0.52569
0.44057
0.3482
0.26489
0.20189
0.16223
0.14082
0.12755
0.11193
0.087656
0.055275
0.021881
-0.0021344
-0.00821
0.0053504
0.0306
0.05099
0.046434
0.00097326
-0.089676
-0.21378
-0.34463
-0.4473
-0.48909
-0.45022
-0.33071
-0.15072
0.055801
0.25208
0.40991
0.51721
0.57926
0.61345
0.64023
0.67428
0.71932
0.76832
0.80828
0.82665
0.81637
0.7775
0.71511
0.6356
0.54364
0.44168
0.33208
0.21995
0.1146
0.02799
-0.029442
-0.053397
-0.048249
-0.025932
-0.0015091
0.012558
0.010896
-0.0034057
-0.020941
-0.030551
-0.024334
-0.0010938
0.033114
0.067529
0.09138
0.098904
0.092664
0.083623
0.087668
0.11972
0.18764
0.28833
0.40764
0.52407
0.61518
0.66434
0.6658
0.6265
0.56411
0.50176
0.46111
0.45561
0.4862
0.54075
0.59782
0.63353
0.62944
0.57871
0.48848
0.3774
0.26939
0.18563
0.13789
0.12525
0.13548
0.15021
0.152
0.13085
0.087664
0.033732
-0.013804
-0.038753
-0.032622
0.0012024
0.04744
0.083319
0.086087
0.041263
-0.051165
-0.17481
-0.30021
-0.3927
-0.42248
-0.37363
-0.24897
-0.069074
0.13421
0.32739
0.48458
0.59316
0.65435
0.67909
0.68162
0.67356
0.66071
0.64328
0.61833
0.58294
0.53625
0.47987
0.41698
0.35113
0.28559
0.22336
0.16737
0.12027
0.083521
0.056473
0.036105
0.018011
-0.001633
-0.024039
-0.046763
-0.064267
-0.06993
-0.058742
-0.029631
0.013469
0.062266
0.10639
0.13665
0.14835
0.14334
0.13007
0.12137
0.13044
0.16643
0.23109
0.31768
0.41252
0.4987
0.56075
0.58912
0.58292
0.55039
0.50662
0.46921
0.45287
0.46462
0.50126
0.54984
0.59143
0.607
0.58356
0.51858
0.42103
0.30878
0.20317
0.12266
0.07768
0.068291
0.085131
0.11321
0.1371
0.14591
0.13648
0.11372
0.088089
0.0707
0.067973
0.077713
0.088447
0.082729
0.04359
-0.038019
-0.15765
-0.29603
-0.42299
-0.50572
-0.51865
-0.45157
-0.31307
-0.12788
0.070853
0.25178
0.39419
0.49254
0.55523
0.59851
0.63838
0.68367
0.73309
0.77696
0.80241
0.79949
0.76568
0.70696
0.63551
0.56512
0.50628
0.46297
0.43201
0.40521
0.37324
0.32959
0.27317
0.20848
0.14358
0.086748
0.043449
0.014934
-0.0012274
-0.0091453
-0.0123
-0.012039
-0.0074862
0.0032423
0.021201
0.045111
0.071013
0.093408
0.10758
0.1122
0.11088
0.11197
0.12603
0.16195
0.22312
0.30518
0.39652
0.48133
0.54435
0.57556
0.57337
0.54529
0.50577
0.47195
0.45841
0.47278
0.51319
0.56869
0.62217
0.65498
0.65182
0.60458
0.51434
0.39116
0.25215
0.11806
0.0092785
-0.058385
-0.077259
-0.05002
0.01038
0.08357
0.14714
0.18318
0.18386
0.15371
0.10744
0.063761
0.037306
0.032178
0.039799
0.042417
0.021102
-0.034934
-0.12172
-0.21968
-0.29929
-0.33124
-0.29706
-0.19574
-0.043818
0.13088
0.29909
0.4391
0.54161
0.60895
0.65006
0.67424
0.68675
0.68799
0.67583
0.64913
0.61014
0.56441
0.51836
0.47611
0.4374
0.39794
0.35199
0.29581
0.23014
0.16052
0.095409
0.043184
0.0094639
-0.0041982
-0.00012401
0.016678
0.039987
0.063652
0.082602
0.093701
0.096537
0.093958
0.091956
0.098536
0.12153
0.16587
0.23133
0.31154
0.395
0.46791
0.51802
0.53845
0.53019
0.50239
0.47006
0.44972
0.45403
0.48729
0.54338
0.60702
0.65824
0.67863
0.65743
0.59518
0.50371
0.40235
0.31173
0.24737
0.21522
0.21059
0.22063
0.22934
0.22325
0.1961
0.15094
0.098965
0.055178
0.032362
0.035214
0.057065
0.080803
0.084243
0.048387
-0.034364
-0.1553
-0.28998
-0.40451
-0.46541
-0.44953
-0.35076
-0.1811
0.033508
0.2609
0.47086
0.64114
0.7599
0.82497
0.84111
0.81707
0.76348
0.69163
0.61278
0.53725
0.47301
0.42417
0.38996
0.36506
0.34131
0.31063
0.26794
0.2131
0.15098
0.089825
0.038407
0.0033938
-0.012338
-0.0099434
0.0063217
0.030573
0.056696
0.079361
0.094674
0.10069
0.097887
0.089569
0.081734
0.082159
0.098536
0.13602
0.19497
0.26983
0.34978
0.42133
0.47217
0.49514
0.491
0.46878
0.44346
0.4314
0.44474
0.48677
0.54979
0.61639
0.66417
0.6724
0.62882
0.53421
0.40316
0.26054
0.13461
0.048895
0.01539
0.03134
0.080783
0.14038
0.18749
0.20759
0.19803
0.16688
0.12733
0.090331
0.058929
0.027023
-0.016782
-0.081939
-0.16878
-0.26504
-0.34812
-0.39252
-0.3793
-0.30358
-0.17653
-0.021145
0.13621
0.27485
0.38533
0.46973
0.53685
0.59541
0.64832
0.6909
0.71342
0.70652
0.66662
0.59898
0.51673
0.43645
0.37222
0.33055
0.30838
0.29487
0.27625
0.24155
0.18703
0.1177
0.045539
-0.014652
-0.050011
-0.053549
-0.026148
0.0236
0.081448
0.13088
0.1572
0.1516
0.1143
0.0557
-0.0051666
-0.045156
-0.043606
0.010871
0.11573
0.25389
0.3979
0.51778
0.59023
0.60595
0.57257
0.51194
0.45271
0.42078
0.43092
0.48232
0.55939
0.63726
0.68978
0.69737
0.65243
0.5607
0.4388
0.30908
0.19341
0.10792
0.059865
0.047127
0.060184
0.085733
0.11097
0.12733
0.13256
0.13031
0.1272
0.1283
0.13291
0.13268
0.11355
0.061359
-0.030834
-0.15684
-0.29581
-0.41663
-0.48698
-0.48409
-0.40279
-0.25764
-0.078093
0.10146
0.25281
0.36197
0.43123
0.47502
0.51167
0.555
0.60882
0.6663
0.71369
0.73618
0.72336
0.67239
0.58816
0.48105
0.3637
0.24793
0.14289
0.054531
-0.013922
-0.061061
-0.086663
-0.091625
-0.078423
-0.051689
-0.018276
0.013671
0.036735
0.046843
0.04548
0.040329
0.043529
0.067643
0.12046
0.2006
0.29584
0.38534
0.44521
0.45576
0.4076
0.30474
0.16323
0.0063476
-0.14227
-0.26483
-0.35298
-0.4077
-0.43594
-0.44566
-0.4418
-0.42485
-0.39266
-0.34411
-0.28266
-0.2175
-0.16157
-0.12725
-0.12175
-0.14443
-0.18704
-0.23666
-0.27976
-0.30573
-0.30875
-0.28786
-0.24586
-0.18806
-0.12109
-0.052194
0.011647
0.064547
0.10242
0.12308
0.12555
0.10895
0.071771
0.012224
-0.070003
-0.17133
-0.28255
-0.38906
-0.47379
-0.52186
-0.52529
-0.48542
-0.41194
-0.31873
-0.21862
-0.11964
-0.024523
0.066458
0.15118
0.2227
0.26967
0.2805
0.24925
0.18032
0.089301
-0.0009517
-0.067671
-0.095989
-0.083961
-0.042694
0.0084522
0.049598
0.067851
0.061668
0.040522
0.020315
0.016563
0.03815
0.083955
0.14341
0.20048
0.23937
0.24977
0.22997
0.18698
0.13407
0.086608
0.05759
0.053868
0.074015
0.10831
0.14103
0.15475
0.13567
0.078473
-0.010783
-0.11518
-0.211
-0.27449
-0.2894
-0.25267
-0.17623
-0.083924
-0.0044113
0.037786
0.029881
-0.025432
-0.11131
-0.20248
-0.2732
-0.30472
-0.29012
-0.23523
-0.15593
-0.073039
-0.0062361
0.031116
0.035086
0.011443
-0.026918
-0.064579
-0.088824
-0.093765
-0.082008
-0.063325
-0.050915
-0.056733
-0.087632
-0.14362
-0.21856
-0.30262
-0.38516
-0.45696
-0.51109
-0.54282
-0.54917
-0.52873
-0.48201
-0.41172
-0.32269
-0.22104
-0.11324
-0.0055764
0.095595
0.18321
0.24943
0.2869
0.29128
0.26388
0.21276
0.15114
0.093287
0.049622
0.023288
0.010056
0.0017585
-0.0084486
-0.021772
-0.032831
-0.032771
-0.014896
0.020184
0.062827
0.09731
0.10832
0.087995
0.040178
-0.020029
-0.071277
-0.093295
-0.073591
-0.011175
0.083593
0.19237
0.29381
0.36852
0.40274
0.3903
0.33276
0.23823
0.11931
-0.0092128
-0.13249
-0.23735
-0.31364
-0.35531
-0.36131
-0.33601
-0.28903
-0.23391
-0.18578
-0.15815
-0.15958
-0.19098
-0.24474
-0.30594
-0.35606
-0.37802
-0.36146
-0.3063
-0.22342
-0.13192
-0.053691
-0.0068748
-0.00023044
-0.030235
-0.082016
-0.13398
-0.16474
-0.16019
-0.11812
-0.048961
0.027648
0.089128
0.11667
0.10011
0.039675
-0.055373
-0.16997
-0.2868
-0.38925
-0.46346
-0.5
-0.49532
-0.4528
-0.38258
-0.29937
-0.21849
-0.15117
-0.10121
-0.064622
-0.032525
0.0039499
0.049196
0.10117
0.15262
0.1946
0.22015
0.22663
0.21576
0.19214
0.16144
0.12932
0.10112
0.081788
0.07514
0.082223
0.09958
0.11872
0.12783
0.11583
0.077157
0.015402
-0.056346
-0.11888
-0.15295
-0.14577
-0.095419
-0.011811
0.086149
0.17587
0.23711
0.25702
0.23288
0.17215
0.09003
0.0051482
-0.065338
-0.11012
-0.12633
-0.11968
-0.10198
-0.08702
-0.085906
-0.10368
-0.1381
-0.18097
-0.22145
-0.24995
-0.26123
-0.25566
-0.23825
-0.21619
-0.19592
-0.18109
-0.17191
-0.16613
-0.16066
-0.15327
-0.14335
-0.13175
-0.11982
-0.10834
-0.097003
-0.084629
-0.070014
-0.052862
-0.034432
-0.017702
-0.0071607
-0.0083597
-0.027246
-0.069059
-0.13662
-0.22824
-0.33586
-0.44479
-0.53566
-0.58892
-0.59063
-0.53744
-0.43852
-0.31328
-0.18538
-0.075331
0.0054722
0.056812
0.087266
0.10877
0.13076
0.15655
0.18316
0.20412
0.21323
0.2074
0.18722
0.15551
0.11536
0.069011
0.018392
-0.03327
-0.080075
-0.1137
-0.12572
-0.11107
-0.071127
-0.014476
0.045101
0.092943
0.11838
0.11827
0.097881
0.068977
0.045837
0.040818
0.060851
0.10577
0.16864
0.23754
0.29831
0.33739
0.34447
0.31443
0.24836
0.15349
0.041888
-0.071536
-0.17169
-0.24596
-0.28641
-0.29123
-0.26502
-0.21779
-0.16305
-0.11514
-0.086384
-0.084475
-0.11054
-0.15843
-0.21561
-0.26599
-0.29417
-0.29025
-0.25332
-0.19242
-0.12406
-0.067
-0.035873
-0.036043
-0.061618
-0.097453
-0.12451
-0.12663
-0.09636
-0.037839
0.03411
0.098101
0.13209
0.11928
0.052517
-0.063509
-0.21252
-0.36925
-0.50406
-0.58918
-0.60543
-0.54789
-0.42844
-0.27389
-0.1192
0.0023073
0.068777
0.076106
0.038315
-0.01821
-0.064383
-0.078291
-0.051705
0.008739
0.085404
0.15648
0.20299
0.21381
0.18774
0.1328
0.063762
-0.0013505
-0.045232
-0.055425
-0.027989
0.03036
0.10288
0.16685
0.20028
0.1894
0.13393
0.048019
-0.043817
-0.11439
-0.14239
-0.11881
-0.049051
0.049443
0.15305
0.23894
0.29079
0.3018
0.27436
0.21719
0.14151
0.05783
-0.025655
-0.10285
-0.16865
-0.218
-0.24608
-0.24969
-0.22931
-0.19048
-0.14386
-0.1032
-0.081953
-0.089193
-0.12644
-0.18638
-0.25429
-0.31196
-0.34308
-0.33856
-0.29969
-0.23793
-0.17118
-0.11768
-0.089793
-0.089887
-0.1099
-0.13456
-0.14714
-0.13549
-0.096252
-0.035939
0.031299
0.088111
0.11885
0.11335
0.068737
-0.010607
-0.11428
-0.22753
-0.33324
-0.4143
-0.45672
-0.4531
-0.40536
-0.32529
-0.23184
-0.14565
-0.08234
-0.047497
-0.035505
-0.032897
-0.024846
-0.0019046
0.036
0.079978
0.11655
0.13377
0.12624
0.096966
0.055628
0.01467
-0.01479
-0.025532
-0.014877
0.01586
0.061996
0.11568
0.16615
0.20098
0.20901
0.18436
0.12976
0.057401
-0.013856
-0.064225
-0.079448
-0.055332
0.001473
0.076555
0.1531
0.21711
0.2605
0.2812
0.28099
0.26257
0.22744
0.17572
0.10773
0.026392
-0.061004
-0.14306
-0.20686
-0.24216
-0.24552
-0.22242
-0.18612
-0.1533
-0.1382
-0.14731
-0.17698
-0.21485
-0.24459
-0.25221
-0.23142
-0.18617
-0.12935
-0.078258
-0.04852
-0.048648
-0.076988
-0.12207
-0.16618
-0.19097
-0.18338
-0.13989
-0.067744
0.017216
0.095235
0.14811
0.16356
0.13724
0.072323
-0.022351
-0.13446
-0.2498
-0.35334
-0.43052
-0.46929
-0.46291
-0.4125
-0.32802
-0.22643
-0.12718
-0.046421
0.0079103
0.037922
0.053566
0.067269
0.087687
0.11534
0.14206
0.15444
0.1399
0.092702
0.017516
-0.070717
-0.15063
-0.2005
-0.20449
-0.15726
-0.065621
0.052923
0.17431
0.27352
0.33035
0.33394
0.28518
0.19618
0.087129
-0.018631
-0.099946
-0.14203
-0.13862
-0.091889
-0.010827
0.091171
0.19861
0.29583
0.36874
0.40632
0.4023
0.35644
0.27495
0.16975
0.056278
-0.04965
-0.1351
-0.19248
-0.22053
-0.22372
-0.21043
-0.19053
-0.17319
-0.16533
-0.1708
-0.19021
-0.22116
-0.25872
-0.29633
-0.32704
-0.34505
-0.34719
-0.33384
-0.30888
-0.27842
-0.24873
-0.22399
-0.20475
-0.18773
-0.16725
-0.13761
-0.095611
-0.042102
0.018113
0.077802
0.12947
0.16707
0.18648
0.18471
0.15852
0.10378
0.016441
-0.10463
-0.25393
-0.41656
-0.56825
-0.67943
-0.72281
-0.68218
-0.55918
-0.37487
-0.1649
0.03062
0.17897
0.26382
0.288
0.26922
0.2308
0.19165
0.15986
0.13218
0.099192
0.053124
-0.0057052
-0.066976
-0.11401
-0.13123
-0.1119
-0.062427
-0.00090591
0.049522
0.069918
0.05332
0.0077054
-0.047204
-0.087941
-0.096741
-0.068507
-0.01251
0.051706
0.1023
0.12362
0.11175
0.075251
0.031082
-0.0022
-0.011014
0.0093533
0.054639
0.11462
0.17738
0.23287
0.27436
0.29791
0.30079
0.28048
0.23496
0.16459
0.074318
-0.025218
-0.11881
-0.19024
-0.22712
-0.2253
-0.19084
-0.1388
-0.089034
-0.060618
-0.066519
-0.11023
-0.18502
-0.27582
-0.3631
-0.42763
-0.45515
-0.43975
-0.38506
-0.30299
-0.21054
-0.12551
-0.062369
-0.029293
-0.026737
-0.047734
-0.079705
-0.10751
-0.11725
-0.10002
-0.054695
0.011274
0.083369
0.14348
0.17435
0.16371
0.10716
0.0093012
-0.11674
-0.25126
-0.37108
-0.45377
-0.48263
-0.45141
-0.36721
-0.24995
-0.12771
-0.028605
0.028091
0.038119
0.013083
-0.024719
-0.05144
-0.051008
-0.020712
0.029104
0.080724
0.11722
0.1293
0.11796
0.092261
0.063848
0.041429
0.02793
0.021473
0.019033
0.020103
0.027806
0.046592
0.077864
0.11645
0.15053
0.16571
0.15166
0.10782
0.045373
-0.015923
-0.054611
-0.055224
-0.013594
0.062099
0.1545
0.24272
0.30823
0.33886
0.3304
0.28587
0.21362
0.12516
0.033311
-0.04924
-0.11155
-0.14626
-0.15156
-0.13254
-0.1009
-0.072502
-0.063044
-0.082978
-0.13355
-0.20547
-0.28101
-0.33901
-0.36134
-0.33876
-0.27413
-0.18219
-0.085557
-0.0084171
0.030498
0.023452
-0.023911
-0.0942
-0.16355
-0.20893
-0.21511
-0.17905
-0.1102
-0.026938
0.049466
0.10101
0.11725
0.096635
0.044932
-0.027907
-0.11106
-0.1951
-0.27286
-0.3391
-0.38983
-0.42155
-0.43104
-0.41549
-0.37315
-0.30444
-0.21337
-0.10881
-0.0045122
0.082811
0.13763
0.15073
0.12339
0.068253
0.0059729
-0.041664
-0.059627
-0.045191
-0.0085973
0.03172
0.057452
0.05862
0.037912
0.0091095
-0.0097455
-0.0052312
0.024696
0.069254
0.10935
0.12595
0.10852
0.059816
-0.0046804
-0.062326
-0.091322
-0.078137
-0.021868
0.065502
0.16263
0.24471
0.29001
0.28529
0.22893
0.131
0.010609
-0.10893
-0.20568
-0.26419
-0.27878
-0.25433
-0.20456
-0.14828
-0.10479
-0.089293
-0.10959
-0.16439
-0.24363
-0.33077
-0.40665
-0.4543
-0.46345
-0.43337
-0.37309
-0.29861
-0.228
-0.17581
-0.14875
-0.14404
-0.15085
-0.15444
-0.14141
-0.10426
-0.04373
0.031743
0.1091
0.17493
0.21914
0.23681
0.22754
0.19302
0.1345
0.051688
-0.05595
-0.18577
-0.32824
-0.46515
-0.57146
-0.62098
-0.59434
-0.48624
-0.30917
-0.091859
0.12718
0.30893
0.42288
0.45341
0.40207
0.28614
0.13425
-0.019598
-0.14271
-0.21039
-0.21144
-0.15115
-0.050354
0.060216
0.14904
0.19386
0.18892
0.14629
0.090468
0.048045
0.036749
0.058488
0.099318
0.13624
0.14764
0.12286
0.066726
-0.0022388
-0.059021
-0.0813
-0.057112
0.011577
0.11007
0.21581
0.30493
0.35834
0.3659
0.32797
0.25443
0.16156
0.067761
-0.01083
-0.06377
-0.088049
-0.087903
-0.072988
-0.055606
-0.047692
-0.058146
-0.090866
-0.14373
-0.20878
-0.27374
-0.32489
-0.35069
-0.34509
-0.3095
-0.25262
-0.18798
-0.12998
-0.089689
-0.071591
-0.072465
-0.08264
-0.089332
-0.081044
-0.051648
-0.0028493
0.055809
0.10944
0.14198
0.14081
0.10026
0.023251
-0.079334
-0.19105
-0.29345
-0.37001
-0.40964
-0.40904
-0.37327
-0.31384
-0.24479
-0.17776
-0.11817
-0.064289
-0.010108
0.049299
0.11251
0.16961
0.20477
0.20287
0.15726
0.074971
-0.023429
-0.11003
-0.15955
-0.15909
-0.1135
-0.043549
0.022434
0.060282
0.059897
0.028964
-0.011254
-0.036154
-0.029383
0.0094989
0.064723
0.1114
0.12665
0.099872
0.037673
-0.038189
-0.098779
-0.11841
-0.083563
0.0026164
0.12136
0.24392
0.33978
0.3848
0.36713
0.2897
0.16878
0.029379
-0.10129
-0.20055
-0.25547
-0.26532
-0.24072
-0.1998
-0.16284
-0.14675
-0.16105
-0.20595
-0.27289
-0.34707
-0.41128
-0.45024
-0.4543
-0.42184
-0.35955
-0.28056
-0.201
-0.13595
-0.095736
-0.083712
-0.095599
-0.12065
-0.14414
-0.1508
-0.12847
-0.071407
0.017361
0.12531
0.23178
0.31178
0.34196
0.3077
0.20926
0.064344
-0.094688
-0.22927
-0.30629
-0.3089
-0.24206
-0.13043
-0.0092974
0.087789
0.1395
0.14149
0.1042
0.045766
-0.016305
-0.07092
-0.11497
-0.15111
-0.18381
-0.21605
-0.24795
-0.27732
-0.30097
-0.31589
-0.31943
-0.309
-0.2819
-0.23594
-0.17082
-0.089726
-0.00014421
0.086833
0.15889
0.20592
0.22322
0.21322
0.18468
0.14952
0.11825
0.095887
0.079867
0.061084
0.027536
-0.0309
-0.11856
-0.23245
-0.36332
-0.49869
-0.62615
-0.73582
-0.82124
-0.87905
-0.90816
-0.9092
-0.88468
-0.83961
-0.782
-0.72256
-0.67307
-0.64359
-0.63931
-0.65819
-0.6906
-0.72134
-0.73363
-0.71379
-0.655
-0.55899
-0.43536
-0.29918
-0.16757
-0.056491
0.022117
0.06234
0.065432
0.039871
0.00015937
-0.035739
-0.050183
-0.030394
0.027165
0.11389
0.20908
0.28387
0.30888
0.26383
0.14598
-0.026067
-0.21549
-0.37727
-0.47215
-0.47979
-0.4061
-0.2818
-0.15241
-0.063295
-0.045104
-0.10476
-0.2249
-0.37141
-0.50566
-0.59691
-0.6306
-0.61024
-0.55317
-0.48252
-0.41866
-0.37305
-0.34621
-0.32975
-0.31119
-0.2795
-0.22932
-0.16258
-0.08736
-0.014562
0.045878
0.087984
0.11087
0.11794
0.11474
0.10659
0.096738
0.085588
0.070915
0.048844
0.015191
-0.033088
-0.096634
-0.17301
-0.25699
-0.34204
-0.42258
-0.49612
-0.56412
-0.63088
-0.70051
-0.7735
-0.8444
-0.90225
-0.93399
-0.92979
-0.88807
-0.81796
-0.73762
-0.66859
-0.62795
-0.62146
-0.64049
-0.66438
-0.66761
-0.62914
-0.54029
-0.408
-0.25248
-0.10019
0.024697
0.10715
0.14403
0.14237
0.11452
0.072691
0.025409
-0.022864
-0.069347
-0.10961
-0.13567
-0.1372
-0.10579
-0.040536
0.047901
0.13739
0.19959
0.20901
0.15281
0.037265
-0.112
-0.25674
-0.35788
-0.38817
-0.34131
-0.23421
-0.10153
0.015246
0.080435
0.074175
-0.0031016
-0.13248
-0.28326
-0.42196
-0.52071
-0.56317
-0.54679
-0.48175
-0.38709
-0.28521
-0.19606
-0.13234
-0.096871
-0.082946
-0.077422
-0.065612
-0.036404
0.014044
0.081184
0.15379
0.21787
0.26129
0.27764
0.26787
0.2393
0.20242
0.16677
0.13737
0.1131
0.087238
0.049942
-0.00844
-0.094317
-0.2088
-0.34688
-0.49787
-0.64678
-0.77691
-0.87319
-0.92585
-0.93341
-0.90351
-0.85091
-0.79273
-0.74238
-0.70466
-0.67404
-0.63726
-0.57944
-0.49119
-0.37383
-0.24025
-0.11116
-0.0080052
0.054407
0.072761
0.055727
0.020061
-0.015994
-0.039335
-0.046049
-0.041378
-0.035721
-0.038441
-0.052163
-0.070143
-0.078159
-0.060493
-0.0078186
0.076325
0.17354
0.25461
0.28873
0.25476
0.15027
-0.0055605
-0.17677
-0.32182
-0.40726
-0.4188
-0.36562
-0.27651
-0.18931
-0.13783
-0.14092
-0.19743
-0.2882
-0.3838
-0.45477
-0.48088
-0.45654
-0.39109
-0.30457
-0.2206
-0.15896
-0.13003
-0.13265
-0.15567
-0.18237
-0.19607
-0.18518
-0.14615
-0.083768
-0.0090674
0.064434
0.12473
0.1645
0.18264
0.18382
0.1764
0.1692
0.1682
0.17408
0.18153
0.18066
0.16022
0.1116
0.03207
-0.073964
-0.19628
-0.32214
-0.44013
-0.54312
-0.62916
-0.70045
-0.76109
-0.81466
-0.8626
-0.90358
-0.93379
-0.94777
-0.93948
-0.90352
-0.83646
-0.73816
-0.61286
-0.46956
-0.32118
-0.18245
-0.066795
0.016752
0.065726
0.084553
0.082821
0.071949
0.061269
0.054852
0.050282
0.040031
0.015219
-0.029384
-0.090984
-0.15697
-0.20706
-0.21932
-0.17859
-0.084258
0.04571
0.17703
0.26782
0.28168
0.20075
0.034007
-0.18291
-0.39702
-0.55387
-0.61476
-0.56912
-0.43783
-0.26619
-0.10909
-0.013729
-0.0057308
-0.083038
-0.21902
-0.37291
-0.50349
-0.58112
-0.59458
-0.55118
-0.47126
-0.37967
-0.29761
-0.23719
-0.20014
-0.18001
-0.16641
-0.14953
-0.12326
-0.086314
-0.041439
0.0063619
0.051839
0.090982
0.12175
0.14415
0.15974
0.17092
0.17978
0.18694
0.1906
0.1863
0.1677
0.12847
0.064499
-0.024497
-0.13461
-0.25891
-0.38938
-0.51869
-0.6409
-0.75103
-0.84411
-0.91457
-0.95677
-0.96669
-0.94398
-0.89358
-0.82556
-0.75289
-0.68746
-0.63585
-0.59659
-0.56034
-0.51346
-0.44375
-0.34612
-0.22585
-0.097842
0.018002
0.10337
0.14766
0.15115
0.12426
0.083236
0.044012
0.016743
0.0028601
-0.0042377
-0.015224
-0.039122
-0.078017
-0.12435
-0.16213
-0.17205
-0.13914
-0.060268
0.051457
0.16757
0.25116
0.26814
0.19941
0.049566
-0.15165
-0.35627
-0.51204
-0.57871
-0.54131
-0.41559
-0.24338
-0.079529
0.025265
0.039906
-0.038507
-0.18535
-0.35758
-0.50774
-0.59788
-0.60918
-0.54486
-0.42644
-0.2855
-0.15394
-0.05588
-0.0030974
0.0053774
-0.019812
-0.063298
-0.10998
-0.14858
-0.17303
-0.18185
-0.17633
-0.15833
-0.12892
-0.087957
-0.034951
0.02931
0.10102
0.17225
0.23117
0.26394
0.25811
0.20645
0.10995
-0.021607
-0.1718
-0.32213
-0.45716
-0.56813
-0.65393
-0.71902
-0.76967
-0.81027
-0.84129
-0.85966
-0.86104
-0.84279
-0.80607
-0.75616
-0.70061
-0.64627
-0.59634
-0.54918
-0.49936
-0.44068
-0.36966
-0.28782
-0.20158
-0.11999
-0.0515
-0.0014144
0.028781
0.040302
0.035154
0.014832
-0.0194
-0.064744
-0.11474
-0.1584
-0.18192
-0.17301
-0.1267
-0.050025
0.036941
0.1051
0.12499
0.077411
-0.038133
-0.20068
-0.37265
-0.51116
-0.58185
-0.57037
-0.48716
-0.36371
-0.24177
-0.15956
-0.13985
-0.1839
-0.27293
-0.37589
-0.46035
-0.50247
-0.49307
-0.43829
-0.3555
-0.26649
-0.19057
-0.13965
-0.11657
-0.11637
-0.12949
-0.14543
-0.15549
-0.1542
-0.13925
-0.11071
-0.070061
-0.019551
0.037805
0.097845
0.15479
0.20114
0.22825
0.2277
0.19328
0.12288
0.01973
-0.10767
-0.24721
-0.38592
-0.51284
-0.62094
-0.70754
-0.77313
-0.81952
-0.84822
-0.85991
-0.85489
-0.83414
-0.8001
-0.75645
-0.70692
-0.65363
-0.5961
-0.53143
-0.45613
-0.36857
-0.27099
-0.16993
-0.074733
0.005085
0.062539
0.094606
0.10203
0.087944
0.056408
0.011777
-0.040673
-0.09348
-0.13629
-0.15688
-0.14448
-0.094461
-0.012704
0.082688
0.16408
0.20144
0.17212
0.069916
-0.090412
-0.27538
-0.44193
-0.5506
-0.57815
-0.52497
-0.41457
-0.28542
-0.17807
-0.12261
-0.1304
-0.19281
-0.28628
-0.38126
-0.45151
-0.48064
-0.46462
-0.41041
-0.33209
-0.24627
-0.16804
-0.10836
-0.072767
-0.061354
-0.06956
-0.089536
-0.11187
-0.12753
-0.12973
-0.1155
-0.086276
-0.047326
-0.0059668
0.03105
0.060004
0.081483
0.099716
0.11995
0.14479
0.17106
0.1888
0.18329
0.13963
0.048372
-0.089935
-0.26324
-0.45009
-0.62484
-0.7641
-0.85241
-0.88535
-0.86945
-0.8191
-0.75174
-0.68276
-0.6216
-0.57017
-0.52383
-0.47447
-0.41458
-0.34072
-0.2552
-0.16535
-0.081029
-0.011544
0.036639
0.060719
0.061043
0.040111
0.0019745
-0.04762
-0.10066
-0.14679
-0.17446
-0.17389
-0.14089
-0.080443
-0.0080237
0.052752
0.076238
0.043212
-0.051234
-0.19363
-0.35416
-0.49478
-0.58108
-0.5937
-0.53496
-0.42826
-0.31013
-0.21813
-0.17879
-0.1999
-0.26972
-0.36252
-0.44813
-0.50155
-0.50954
-0.47243
-0.40148
-0.31357
-0.22567
-0.15073
-0.096038
-0.063678
-0.052199
-0.05832
-0.077945
-0.10633
-0.13774
-0.1653
-0.18143
-0.17917
-0.15405
-0.10594
-0.040101
0.033055
0.09978
0.14592
0.16019
0.13679
0.076488
-0.01413
-0.12487
-0.24482
-0.36476
-0.47849
-0.58255
-0.67501
-0.7538
-0.81577
-0.85678
-0.87302
-0.86281
-0.82801
-0.77428
-0.70975
-0.64257
-0.57815
-0.51745
-0.45704
-0.39114
-0.31491
-0.22744
-0.13337
-0.042061
0.035019
0.087892
0.11109
0.10515
0.076259
0.034277
-0.010094
-0.048092
-0.074898
-0.090413
-0.09875
-0.1067
-0.12165
-0.1494
-0.19239
-0.24862
-0.31161
-0.37152
-0.41732
-0.43976
-0.43394
-0.40084
-0.34683
-0.2814
-0.21381
-0.15033
-0.093096
-0.041264
0.0065024
0.049622
0.084867
0.10786
0.11606
0.11147
0.10128
0.095734
0.1038
0.12861
0.16505
0.20076
0.22076
0.2136
0.17672
0.11823
0.054366
0.0035227
-0.020627
-0.013942
0.017283
0.059426
0.097034
0.11833
0.11868
0.10103
0.07391
0.048011
0.032929
0.034885
0.055629
0.092254
0.13761
0.18123
0.21099
0.21554
0.18727
0.12496
0.03521
-0.068272
-0.16753
-0.24474
-0.28678
-0.28868
-0.25479
-0.19734
-0.13292
-0.077863
-0.043937
-0.035563
-0.049333
-0.075888
-0.10349
-0.12204
-0.12614
-0.11614
-0.096983
-0.075421
-0.05696
-0.043875
-0.035005
-0.027189
-0.017416
-0.0045298
0.010267
0.024105
0.033603
0.035602
0.026992
0.0039589
-0.038361
-0.10481
-0.1974
-0.31162
-0.43376
-0.54129
-0.60753
-0.60967
-0.53762
-0.39981
-0.22283
-0.044105
0.10005
0.18668
0.21351
0.19833
0.17059
0.15885
0.17938
0.23062
0.2955
0.35006
0.37423
0.35986
0.31303
0.24991
0.18899
0.14348
0.11737
0.10674
0.10465
0.10654
0.11291
0.12757
0.15294
0.18513
0.21237
0.21815
0.18818
0.11783
0.016553
-0.093099
-0.18181
-0.22289
-0.2012
-0.11861
0.0060836
0.1423
0.25651
0.32178
0.32526
0.27112
0.17829
0.07355
-0.017349
-0.077508
-0.1028
-0.10088
-0.086222
-0.073622
-0.072951
-0.086799
-0.11128
-0.13881
-0.16136
-0.17283
-0.17016
-0.15357
-0.1261
-0.093016
-0.060915
-0.036296
-0.023789
-0.024383
-0.034484
-0.046518
-0.051301
-0.041584
-0.015436
0.022058
0.059805
0.084357
0.084907
0.05766
0.0076665
-0.052817
-0.10896
-0.14926
-0.17029
-0.17833
-0.187
-0.21168
-0.2628
-0.34053
-0.43303
-0.51911
-0.57421
-0.57771
-0.51891
-0.39985
-0.23455
-0.045504
0.14103
0.29954
0.40905
0.45627
0.4381
0.36314
0.25118
0.12963
0.026955
-0.035299
-0.049133
-0.022379
0.024788
0.068169
0.089465
0.083611
0.060285
0.038806
0.038618
0.069636
0.12694
0.19236
0.24242
0.25897
0.23758
0.18983
0.13824
0.10617
0.10727
0.13915
0.18409
0.21636
0.21294
0.16314
0.073092
-0.036485
-0.1381
-0.20759
-0.23233
-0.21458
-0.16894
-0.11553
-0.072055
-0.04811
-0.043758
-0.052182
-0.064544
-0.074448
-0.080052
-0.083369
-0.087759
-0.095308
-0.10554
-0.1159
-0.1234
-0.12638
-0.12524
-0.12196
-0.11873
-0.11641
-0.11381
-0.10798
-0.095643
-0.075254
-0.048868
-0.023208
-0.0092396
-0.019932
-0.066382
-0.15308
-0.27383
-0.41006
-0.5331
-0.61069
-0.6164
-0.53884
-0.3871
-0.18973
0.013225
0.18241
0.29134
0.3337
0.32311
0.28568
0.24889
0.2315
0.23856
0.26291
0.29137
0.31219
0.3199
0.31574
0.3044
0.28973
0.27222
0.24981
0.2212
0.1891
0.16088
0.14534
0.1472
0.16238
0.17735
0.17399
0.13821
0.068499
-0.020267
-0.10019
-0.14023
-0.11877
-0.033586
0.09502
0.22973
0.32835
0.35811
0.30676
0.18647
0.029115
-0.12479
-0.23943
-0.2943
-0.28847
-0.23787
-0.1672
-0.1004
-0.053449
-0.031741
-0.032163
-0.047701
-0.071837
-0.10063
-0.13204
-0.16364
-0.19072
-0.20627
-0.20318
-0.17758
-0.1316
-0.073997
-0.018056
0.022469
0.03794
0.026131
-0.0069626
-0.049085
-0.085755
-0.10508
-0.1019
-0.080167
-0.052631
-0.03781
-0.054466
-0.11492
-0.21917
-0.35198
-0.48486
-0.58296
-0.61526
-0.56468
-0.43419
-0.24637
-0.036294
0.15961
0.31424
0.41591
0.46802
0.4831
0.47494
0.45249
0.41833
0.37142
0.3118
0.24408
0.17735
0.1217
0.083443
0.061943
0.050304
0.039675
0.02496
0.0086393
0.00023995
0.011285
0.048061
0.10595
0.16861
0.21282
0.21742
0.17225
0.083522
-0.026728
-0.12676
-0.18458
-0.17748
-0.098911
0.039152
0.20858
0.37156
0.48968
0.53342
0.48989
0.36667
0.19035
-0.00026669
-0.16466
-0.27176
-0.30829
-0.28126
-0.21401
-0.1371
-0.07782
-0.052017
-0.061187
-0.095132
-0.13828
-0.17647
-0.2013
-0.21082
-0.2073
-0.19391
-0.17257
-0.14377
-0.10807
-0.067854
-0.028019
0.0051302
0.0262
0.033005
0.027517
0.014911
0.0012167
-0.009161
-0.014746
-0.016558
-0.016406
-0.01516
-0.012263
-0.007036
-0.0011834
-0.00098581
-0.017495
-0.063776
-0.14962
-0.27556
-0.42882
-0.58345
-0.70548
-0.76205
-0.73151
-0.61077
-0.41698
-0.1828
0.053196
0.25706
0.4073
0.49718
0.53173
0.52162
0.47735
0.40647
0.31456
0.20863
0.10022
0.005844
-0.056203
-0.071667
-0.036345
0.040452
0.13684
0.224
0.27496
0.27374
0.22165
0.13785
0.053514
0.000767
0.00038549
0.052888
0.13706
0.21709
0.25601
0.23022
0.13948
0.0082779
-0.12184
-0.20608
-0.2113
-0.12703
0.030866
0.22452
0.40482
0.5252
0.55449
0.48522
0.33521
0.14195
-0.048511
-0.19485
-0.27188
-0.27649
-0.22632
-0.15188
-0.085292
-0.049773
-0.053536
-0.089871
-0.14236
-0.19239
-0.22565
-0.23532
-0.22181
-0.19013
-0.1471
-0.099452
-0.053286
-0.013991
0.014101
0.028713
0.030728
0.024443
0.016268
0.012071
0.014354
0.020785
0.02512
0.02032
0.002427
-0.026828
-0.060261
-0.088596
-0.1056
-0.11259
-0.11987
-0.14368
-0.19945
-0.29363
-0.41755
-0.54657
-0.64554
-0.67938
-0.62508
-0.48058
-0.26696
-0.022866
0.20674
0.38332
0.48442
0.50718
0.46554
0.38315
0.28552
0.19405
0.12315
0.080012
0.065574
0.07566
0.10205
0.13396
0.16043
0.17346
0.17071
0.15652
0.14006
0.1311
0.13481
0.14822
0.16031
0.15607
0.1233
0.058929
-0.027765
-0.11664
-0.18238
-0.20216
-0.16273
-0.064703
0.077043
0.23653
0.38249
0.48534
0.52366
0.48895
0.38741
0.23848
0.070195
-0.087462
-0.20967
-0.28238
-0.30472
-0.28765
-0.24919
-0.20811
-0.17816
-0.16493
-0.16588
-0.17311
-0.17721
-0.17068
-0.14978
-0.11484
-0.069583
-0.019973
0.027004
0.064651
0.087894
0.094401
0.085063
0.063599
0.035443
0.0064193
-0.018254
-0.034504
-0.039779
-0.033764
-0.019579
-0.0049683
-0.0023672
-0.026758
-0.091014
-0.19979
-0.34421
-0.5002
-0.6322
-0.7023
-0.68219
-0.5637
-0.36354
-0.11973
0.11944
0.31015
0.42587
0.46348
0.44077
0.38713
0.33162
0.29361
0.27892
0.282
0.2917
0.29722
0.2918
0.27319
0.24226
0.20144
0.15441
0.10678
0.066504
0.042708
0.042316
0.0659
0.10496
0.14285
0.15993
0.14148
0.085011
0.0036011
-0.076844
-0.12587
-0.11942
-0.049452
0.071667
0.2136
0.33685
0.40499
0.39623
0.31035
0.16877
0.0074661
-0.13451
-0.22725
-0.25849
-0.23573
-0.18149
-0.12381
-0.085941
-0.079061
-0.10049
-0.13741
-0.17376
-0.19713
-0.20272
-0.19339
-0.17638
-0.15897
-0.14511
-0.13439
-0.12333
-0.10795
-0.086255
-0.059436
-0.031546
-0.0079616
0.006623
0.0099157
0.0029505
-0.010031
-0.022809
-0.029424
-0.027009
-0.018359
-0.012994
-0.025552
-0.071135
-0.1586
-0.28415
-0.42821
-0.55797
-0.63579
-0.6313
-0.53281
-0.35326
-0.12766
0.097505
0.27927
0.39158
0.4319
0.41865
0.38109
0.34643
0.3298
0.33087
0.33764
0.33474
0.31179
0.26801
0.21156
0.15485
0.10865
0.078375
0.063812
0.061896
0.070132
0.088186
0.11648
0.15268
0.18871
0.21084
0.20399
0.15891
0.078693
-0.018737
-0.10435
-0.14704
-0.12489
-0.034224
0.10709
0.26365
0.3928
0.45784
0.43972
0.34309
0.1946
0.033819
-0.099841
-0.17964
-0.19877
-0.16999
-0.11844
-0.070923
-0.046231
-0.050265
-0.076943
-0.11349
-0.14698
-0.16906
-0.17738
-0.17403
-0.16274
-0.14651
-0.127
-0.1051
-0.082096
-0.060096
-0.041484
-0.027703
-0.018234
-0.010506
-0.00090315
0.013605
0.03396
0.058216
0.081575
0.097023
0.096262
0.070906
0.014143
-0.076975
-0.19893
-0.33976
-0.47909
-0.59103
-0.64995
-0.63759
-0.54901
-0.39482
-0.19867
0.0093086
0.20054
0.35431
0.46027
0.51678
0.52711
0.49571
0.42694
0.32634
0.20325
0.072612
-0.046023
-0.13231
-0.17069
-0.15519
-0.091522
0.0046256
0.11221
0.21052
0.28383
0.32354
0.32769
0.29892
0.24218
0.16353
0.070334
-0.027863
-0.11868
-0.18753
-0.21979
-0.20418
-0.13642
-0.022094
0.12236
0.27131
0.39447
0.46356
0.45961
0.37879
0.23472
0.056064
-0.12037
-0.25921
-0.33593
-0.34309
-0.29129
-0.20457
-0.11219
-0.039554
-0.0015763
-0.00023936
-0.026521
-0.065239
-0.10073
-0.12148
-0.12266
-0.10622
-0.079069
-0.049927
-0.026066
-0.010934
-0.0035705
5.6762e-06
0.0040602
0.010418
0.017195
0.019784
0.013684
-0.0023286
-0.024583
-0.045709
-0.058491
-0.060688
-0.058328
-0.065317
-0.098753
-0.17133
-0.2838
-0.42102
-0.5537
-0.64625
-0.66805
-0.60419
-0.46117
-0.26533
-0.05423
0.13544
0.2786
0.367
0.40756
0.41536
0.40526
0.38615
0.35977
0.32387
0.27708
0.22244
0.16758
0.12179
0.091635
0.077863
0.075388
0.076399
0.074911
0.070136
0.066678
0.071273
0.087796
0.11333
0.13769
0.14689
0.12932
0.081549
0.011358
-0.063465
-0.12009
-0.13751
-0.103
-0.016298
0.10949
0.2503
0.37622
0.45825
0.4752
0.41934
0.29909
0.13757
-0.032787
-0.17871
-0.27498
-0.31095
-0.29246
-0.23858
-0.17435
-0.12244
-0.096626
-0.098935
-0.12107
-0.14876
-0.1673
-0.16634
-0.14279
-0.1013
-0.052303
-0.0084445
0.019689
0.027155
0.016244
-0.0046467
-0.02457
-0.034617
-0.031545
-0.018757
-0.004128
0.00427
0.0023886
-0.007846
-0.019987
-0.027341
-0.027941
-0.027571
-0.038884
-0.076422
-0.14927
-0.25448
-0.37443
-0.48003
-0.53923
-0.52797
-0.43919
-0.28609
-0.098102
0.089052
0.2449
0.35274
0.41201
0.43413
0.43478
0.4263
0.4137
0.39532
0.36681
0.32578
0.27445
0.21918
0.16739
0.12399
0.089376
0.060019
0.031511
0.0021779
-0.024719
-0.041638
-0.040146
-0.015478
0.029956
0.085849
0.1364
0.1649
0.15873
0.11333
0.0342
-0.063292
-0.1562
-0.21811
-0.22467
-0.15967
-0.020334
0.17986
0.4123
0.63874
0.82041
0.92826
0.95133
0.90006
0.8032
0.6988
0.62234
0.59571
0.62102
0.68107
0.7463
0.78539
0.77595
0.71138
0.60193
0.46974
0.34035
0.23383
0.15891
0.11211
0.081428
0.052977
0.01745
-0.025928
-0.069497
-0.10108
-0.11009
-0.093428
-0.058491
-0.022098
-0.0051635
-0.024999
-0.087998
-0.18557
-0.29506
-0.38572
-0.42783
-0.40192
-0.30491
-0.15096
0.033211
0.21696
0.37519
0.49524
0.57888
0.63889
0.69173
0.74929
0.81308
0.87315
0.91222
0.91343
0.86857
0.78339
0.6774
0.57803
0.51087
0.48985
0.51118
0.55373
0.58617
0.57824
0.51208
0.38911
0.22988
0.067038
-0.065671
-0.14406
-0.16008
-0.12248
-0.052177
0.025352
0.087621
0.12038
0.1196
0.09048
0.044833
-0.002106
-0.034459
-0.038017
-0.0023164
0.077275
0.19766
0.34706
0.5059
0.65025
0.75758
0.81328
0.81577
0.77772
0.72235
0.67551
0.65621
0.66943
0.7041
0.73751
0.74423
0.70625
0.62012
0.49837
0.36484
0.246
0.16164
0.11852
0.10905
0.11514
0.11563
0.094511
0.046937
-0.018885
-0.084803
-0.12969
-0.13789
-0.10614
-0.046178
0.018036
0.057961
0.050389
-0.013812
-0.1253
-0.2579
-0.37584
-0.44411
-0.43849
-0.35191
-0.19553
0.0055716
0.22011
0.41896
0.58154
0.69879
0.7724
0.81139
0.82767
0.8321
0.83205
0.83069
0.82755
0.8195
0.80167
0.76809
0.71257
0.63041
0.52077
0.38891
0.24695
0.11189
0.0011843
-0.072703
-0.10642
-0.10657
-0.086888
-0.062779
-0.045722
-0.039668
-0.040885
-0.041087
-0.032318
-0.011393
0.018111
0.047238
0.065916
0.068354
0.057235
0.044727
0.049466
0.090267
0.17865
0.31295
0.47639
0.64022
0.77127
0.84178
0.83813
0.76567
0.64776
0.51934
0.41679
0.36745
0.38194
0.45154
0.55143
0.64854
0.71155
0.71989
0.66898
0.57009
0.44532
0.31957
0.21253
0.13359
0.081007
0.045254
0.014614
-0.019339
-0.058435
-0.097779
-0.12853
-0.14231
-0.13546
-0.11146
-0.080551
-0.056599
-0.052275
-0.074279
-0.12039
-0.1795
-0.23476
-0.2686
-0.268
-0.22787
-0.15163
-0.048957
0.068139
0.18912
0.30716
0.4192
0.52423
0.621
0.70655
0.77621
0.82515
0.85059
0.85346
0.83879
0.81406
0.78631
0.75905
0.73044
0.69392
0.64114
0.56601
0.46812
0.3538
0.23445
0.123
0.030175
-0.037844
-0.0797
-0.097537
-0.09509
-0.076329
-0.045224
-0.0064536
0.033768
0.067723
0.08772
0.088931
0.072479
0.047185
0.028618
0.035057
0.081378
0.17303
0.30254
0.45022
0.58914
0.6927
0.74231
0.73257
0.67235
0.58183
0.48659
0.41089
0.37181
0.37573
0.4177
0.48326
0.55226
0.60353
0.61946
0.58959
0.51271
0.39705
0.25865
0.11822
-0.002956
-0.087422
-0.12528
-0.11638
-0.070259
-0.0034382
0.065093
0.11904
0.1488
0.15298
0.13703
0.10981
0.0795
0.050664
0.02335
-0.0056277
-0.040017
-0.081267
-0.12658
-0.16856
-0.19651
-0.19908
-0.16723
-0.096694
0.010887
0.1484
0.30489
0.46761
0.62371
0.7612
0.86936
0.93914
0.96407
0.94185
0.87604
0.77706
0.66139
0.54854
0.45641
0.39613
0.36864
0.3642
0.36569
0.35455
0.31734
0.25049
0.16143
0.065895
-0.017456
-0.072941
-0.092356
-0.076817
-0.035788
0.016091
0.06331
0.093858
0.10266
0.093331
0.077584
0.072264
0.094286
0.15475
0.25405
0.37984
0.5092
0.61479
0.67323
0.67284
0.61782
0.52716
0.42865
0.35004
0.31078
0.31697
0.36112
0.42626
0.49212
0.54112
0.56198
0.55046
0.5078
0.4385
0.34861
0.24511
0.13605
0.030593
-0.061863
-0.13335
-0.17929
-0.19955
-0.19816
-0.18138
-0.15545
-0.12486
-0.092341
-0.060394
-0.033279
-0.018064
-0.023554
-0.057124
-0.12064
-0.20737
-0.30156
-0.38132
-0.42419
-0.4135
-0.34356
-0.22174
-0.066854
0.095798
0.24125
0.3515
0.41994
0.45226
0.46339
0.47166
0.49195
0.53039
0.58233
0.63433
0.66944
0.6738
0.64197
0.5792
0.49972
0.42179
0.36137
0.32678
0.31622
0.31905
0.32012
0.30555
0.26773
0.20788
0.13544
0.06475
0.01026
-0.018072
-0.017878
0.0049543
0.038201
0.067272
0.080148
0.071828
0.046823
0.018603
0.0057692
0.025869
0.08882
0.19238
0.32155
0.45259
0.56012
0.62513
0.64054
0.61269
0.55809
0.49717
0.44741
0.4186
0.41152
0.4201
0.43544
0.44973
0.45806
0.45791
0.44673
0.4197
0.36938
0.28798
0.17177
0.025418
-0.13597
-0.28895
-0.4077
-0.47193
-0.47359
-0.41954
-0.32905
-0.22707
-0.13608
-0.06995
-0.031992
-0.017568
-0.019287
-0.031889
-0.054292
-0.087927
-0.13258
-0.18222
-0.22351
-0.2381
-0.20841
-0.12461
0.010204
0.17881
0.35376
0.50516
0.60959
0.65699
0.65288
0.61527
0.56753
0.5301
0.51416
0.51945
0.53643
0.55168
0.55379
0.53763
0.50535
0.4643
0.42301
0.38713
0.35714
0.32852
0.29423
0.24827
0.18883
0.11974
0.049668
-0.010368
-0.050402
-0.06447
-0.052268
-0.01909
0.02581
0.071898
0.11033
0.1364
0.15076
0.15892
0.16916
0.18934
0.22374
0.27108
0.32456
0.37393
0.4088
0.42212
0.41246
0.38459
0.34812
0.31486
0.29572
0.29814
0.3244
0.3713
0.43062
0.49019
0.53518
0.54981
0.51971
0.43535
0.29597
0.1127
-0.090869
-0.28219
-0.42744
-0.50125
-0.49515
-0.42092
-0.30705
-0.1893
-0.098724
-0.052138
-0.048598
-0.073046
-0.10507
-0.12864
-0.1385
-0.14064
-0.14708
-0.16767
-0.20317
-0.24257
-0.26628
-0.25336
-0.18996
-0.07517
0.07778
0.24541
0.40117
0.52314
0.59973
0.63143
0.62877
0.6074
0.58236
0.56362
0.55399
0.55002
0.54498
0.53266
0.51043
0.48052
0.44916
0.42398
0.4109
0.4116
0.42253
0.43584
0.44178
0.43164
0.40031
0.3476
0.27812
0.19992
0.12257
0.055094
0.0043105
-0.026227
-0.036574
-0.030113
-0.012781
0.008069
0.025088
0.032578
0.028158
0.014034
-0.0027568
-0.011613
-0.0012276
0.03663
0.10365
0.19326
0.29155
0.38079
0.44447
0.47217
0.46261
0.424
0.37176
0.32436
0.29857
0.30528
0.34657
0.4146
0.49221
0.55559
0.57869
0.53915
0.42471
0.23842
0.00081039
-0.25263
-0.47865
-0.6368
-0.70016
-0.66291
-0.5422
-0.37336
-0.2
-0.061988
0.015089
0.025689
-0.016249
-0.083867
-0.14754
-0.18509
-0.18838
-0.1643
-0.12991
-0.10394
-0.098198
-0.11225
-0.13336
-0.14161
-0.11783
-0.051413
0.05516
0.18661
0.31969
0.43073
0.50301
0.53154
0.52362
0.49533
0.46536
0.44855
0.4513
0.47031
0.49493
0.51191
0.5109
0.48847
0.44951
0.40532
0.36928
0.35179
0.35612
0.37711
0.4029
0.41921
0.41439
0.38327
0.32846
0.25885
0.18621
0.1214
0.07165
0.039623
0.02414
0.021836
0.028727
0.041031
0.055173
0.067491
0.074387
0.073367
0.064794
0.053449
0.048701
0.06248
0.10519
0.18092
0.28401
0.39886
0.50362
0.57683
0.60452
0.5851
0.53007
0.46016
0.39841
0.36292
0.36175
0.39171
0.44098
0.49401
0.53635
0.55761
0.55147
0.51388
0.44114
0.32999
0.18048
0.00045706
-0.19104
-0.36433
-0.48528
-0.52563
-0.47391
-0.34195
-0.16361
0.014725
0.14881
0.21081
0.19784
0.13129
0.047319
-0.01788
-0.042357
-0.026682
0.006968
0.024666
-0.0041832
-0.092371
-0.2268
-0.37028
-0.47313
-0.49042
-0.39868
-0.20573
0.050311
0.31251
0.52293
0.64054
0.65276
0.57734
0.45443
0.33224
0.25181
0.23572
0.28403
0.37789
0.48832
0.5866
0.65238
0.67749
0.66484
0.6242
0.56698
0.50238
0.43589
0.37015
0.30694
0.24887
0.19959
0.16246
0.13852
0.12498
0.11546
0.10214
0.078964
0.044641
0.003807
-0.034103
-0.058095
-0.059774
-0.036882
0.0052044
0.054719
0.09724
0.12071
0.11994
0.098903
0.069728
0.04866
0.050287
0.082194
0.14209
0.21853
0.29499
0.3557
0.39097
0.40003
0.39059
0.37534
0.36725
0.37532
0.40238
0.44518
0.49614
0.54544
0.58239
0.59581
0.57408
0.50609
0.38422
0.20886
-0.0070218
-0.23594
-0.43904
-0.57478
-0.61115
-0.53723
-0.36917
-0.14754
0.07397
0.24473
0.33249
0.33212
0.26456
0.16669
0.076091
0.016763
-0.0089079
-0.018761
-0.040794
-0.098465
-0.19743
-0.31945
-0.42644
-0.47365
-0.42703
-0.27774
-0.048139
0.2138
0.44938
0.60815
0.66371
0.62097
0.51248
0.38587
0.28739
0.24753
0.27356
0.35063
0.45007
0.54089
0.60008
0.61839
0.60028
0.55927
0.51101
0.46722
0.43243
0.4043
0.37667
0.34361
0.30247
0.25478
0.20494
0.15768
0.11579
0.0793
0.04629
0.014836
-0.015015
-0.040286
-0.05568
-0.055652
-0.037163
-0.0019554
0.042747
0.08571
0.11507
0.1225
0.10671
0.074683
0.040134
0.019432
0.026355
0.067543
0.14027
0.23331
0.33055
0.41592
0.47782
0.51171
0.52003
0.51022
0.49163
0.47298
0.46077
0.45876
0.4678
0.48509
0.50307
0.50852
0.4835
0.40929
0.27327
0.076663
-0.16024
-0.39871
-0.58968
-0.68769
-0.66621
-0.52829
-0.30789
-0.060508
0.15411
0.29075
0.33224
0.29271
0.20956
0.12754
0.081111
0.081523
0.11343
0.14196
0.12768
0.043828
-0.1106
-0.30684
-0.49349
-0.61248
-0.61859
-0.49545
-0.2623
0.030987
0.31916
0.54148
0.65967
0.66762
0.59044
0.47347
0.36615
0.30635
0.3104
0.37147
0.46557
0.56196
0.63375
0.6651
0.65347
0.60728
0.54088
0.46919
0.40383
0.35129
0.31324
0.28787
0.27157
0.26008
0.24911
0.23453
0.21254
0.18021
0.13638
0.082644
0.023993
-0.031475
-0.073913
-0.09411
-0.086316
-0.050635
0.0060084
0.070985
0.12922
0.16778
0.18029
0.1695
0.14679
0.12847
0.12999
0.16027
0.21827
0.2933
0.36882
0.4285
0.4619
0.46775
0.45376
0.43301
0.41873
0.41951
0.43689
0.46581
0.49734
0.52176
0.53044
0.5159
0.47091
0.38827
0.26289
0.096097
-0.099563
-0.29816
-0.46347
-0.55787
-0.55475
-0.44959
-0.26477
-0.045026
0.1556
0.29088
0.33714
0.29998
0.21038
0.11176
0.04297
0.023592
0.046928
0.083177
0.091705
0.038092
-0.09017
-0.27526
-0.47153
-0.61883
-0.66237
-0.57221
-0.35512
-0.054141
0.26405
0.52968
0.69087
0.72804
0.6571
0.52122
0.3749
0.26646
0.22475
0.25399
0.33715
0.44515
0.54787
0.62284
0.65927
0.65735
0.62444
0.57041
0.50415
0.43211
0.35868
0.28739
0.22191
0.16601
0.12267
0.092861
0.074749
0.064013
0.055284
0.044196
0.029254
0.01269
-0.00015383
-0.0028928
0.0090014
0.035549
0.071045
0.10508
0.12584
0.12465
0.10019
0.060413
0.021211
0.0017437
0.018004
0.076904
0.17315
0.29026
0.40544
0.49678
0.55015
0.56338
0.54629
0.51664
0.49356
0.49114
0.51419
0.55752
0.60816
0.64914
0.66309
0.635
0.55426
0.41688
0.22817
0.005186
-0.22279
-0.41772
-0.54069
-0.56299
-0.47653
-0.29951
-0.073889
0.14562
0.30795
0.38167
0.36459
0.28309
0.18123
0.1036
0.078355
0.10667
0.16246
0.20261
0.18395
0.081152
-0.10106
-0.32607
-0.53511
-0.66564
-0.67225
-0.54251
-0.30201
-0.0067581
0.27453
0.48183
0.58153
0.57451
0.4926
0.38535
0.30243
0.27801
0.32193
0.41995
0.54164
0.65216
0.72354
0.74162
0.70744
0.63367
0.5385
0.43964
0.35031
0.27798
0.22507
0.19055
0.17136
0.16303
0.15999
0.15598
0.14518
0.12371
0.091103
0.050982
0.010507
-0.021274
-0.035817
-0.027641
0.0035596
0.051858
0.10563
0.15
0.17086
0.15964
0.11722
0.055285
-0.0056031
-0.041405
-0.031828
0.032871
0.14793
0.29453
0.44473
0.56947
0.64702
0.66916
0.64303
0.588
0.52891
0.48783
0.47741
0.49761
0.53668
0.57531
0.5923
0.56988
0.49769
0.37509
0.21198
0.028094
-0.14945
-0.29074
-0.36961
-0.37087
-0.29586
-0.16386
-0.0079242
0.13436
0.23227
0.27141
0.25753
0.21282
0.16606
0.1403
0.14295
0.16213
0.17108
0.139
0.044627
-0.11259
-0.3081
-0.49688
-0.62622
-0.65255
-0.55647
-0.35055
-0.076677
0.20629
0.44033
0.58526
0.62931
0.58991
0.50511
0.41938
0.36892
0.37146
0.42352
0.5049
0.58796
0.64783
0.66982
0.65203
0.60294
0.53578
0.46247
0.38937
0.3166
0.24056
0.15818
0.070727
-0.014956
-0.088155
-0.13831
-0.15935
-0.15236
-0.12544
-0.090887
-0.060893
-0.043616
-0.040974
-0.048898
-0.059693
-0.065431
-0.060992
-0.045674
-0.022958
0.0012109
0.02079
0.031685
0.03283
0.026113
0.015388
0.005077
-0.00114
-0.0011837
0.0051553
0.01648
0.030388
0.044182
0.055482
0.062629
0.06486
0.062272
0.055661
0.046274
0.035533
0.024757
0.01494
0.0066171
-0.00012931
-0.0055411
-0.0099793
-0.013729
-0.016881
-0.019327
-0.020842
-0.021192
-0.020228
-0.017913
-0.014309
-0.0095391
-0.0037884
0.0026578
0.0093544
0.015666
0.020819
0.024046
0.024797
0.022936
0.018846
0.013384
0.0076831
0.0028699
-0.00022682
-0.0012788
-0.00051459
0.0013807
0.0034848
0.0049098
0.005045
0.0037079
0.0011645
-0.0019743
-0.0049428
-0.0070341
-0.0077761
-0.00703
-0.0049953
-0.0021333
0.0009632
0.0037185
0.0057039
0.0067197
0.0068096
0.0062057
0.0052262
0.0041633
0.0032078
0.0024382
0.0018725
0.0015466
0.0015668
0.0020979
0.003281
0.0051169
0.0073787
0.0096078
0.011218
0.01168
0.01071
0.0083966
0.0051997
0.0018218
-0.0009974
-0.0026912
-0.0030088
-0.0020547
-0.00022673
0.0019127
0.0037864
0.004931
0.005079
0.0041918
0.002449
0.00020697
-0.0020672
-0.0038823
-0.0048236
-0.0046523
-0.003376
-0.0012631
0.0012167
0.0035167
0.0051718
0.0059383
0.0058684
0.0052867
0.0046725
0.0044834
0.0049808
0.0061218
0.0075584
0.0087505
0.009154
0.0084174
0.0065187
0.0037949
0.00085418
-0.0016004
-0.0029829
-0.0030112
-0.0018097
0.00010778
0.0019885
0.0030934
0.0029799
0.0017114
-0.00010468
-0.0014964
-0.0014802
0.00053608
0.0044608
0.0094677
0.014226
0.017339
0.017838
0.015533
0.011094
0.0058256
0.0012198
-0.0015456
-0.0019821
-0.00040967
0.0022082
0.0046405
0.0058297
0.0052412
0.0030071
-0.00016975
-0.0032973
-0.0054496
-0.0060705
-0.0051273
-0.0030785
-0.0006823
0.0012761
0.0022448
0.0020698
0.001022
-0.00031093
-0.0012223
-0.0011097
0.00034492
0.0030883
0.0067219
0.010626
0.01414
0.016745
0.01818
0.018483
0.017924
0.016873
0.015647
0.014393
0.013057
0.011447
0.0093787
0.0068182
0.0039796
0.001302
-0.00068603
-0.0015685
-0.0012222
0.00010669
0.0018701
0.003407
0.0041773
0.0039474
0.0028572
0.0013477
-1.5819e-05
-0.00075383
-0.00063617
0.00025435
0.001573
0.0028505
0.0036613
0.0037637
0.0031677
0.0021142
0.0009811
0.00015117
-0.00011194
0.00025912
0.0011278
0.0022136
0.0031955
0.003818
0.0039612
0.0036507
0.0030101
0.0021827
0.0012606
0.00025478
-0.00088339
-0.0022011
-0.0036755
-0.0051718
-0.0064494
-0.0072189
-0.0072285
-0.0063491
-0.0046272
-0.0022876
0.00031495
0.0027759
0.0047275
0.0059083
0.0062018
0.0056436
0.0044056
0.0027629
0.001047
-0.00041317
-0.0013562
-0.0016439
-0.0012904
-0.00045068
0.00062985
0.0016894
0.0025198
0.0030095
0.0031465
0.0029895
0.0026235
0.0021245
0.0015453
0.00092542
0.00031261
-0.00022123
-0.00058435
-0.00069255
-0.00050942
-7.8613e-05
0.00047286
0.00097133
0.0012668
0.0013127
0.0012193
0.0012497
0.0017425
0.0029759
0.0050194
0.0076322
0.010265
0.012188
0.012714
0.011456
0.0085077
0.0044779
0.00034007
-0.0028591
-0.004336
-0.0038297
-0.0016872
0.0012592
0.003978
0.0055872
0.0056365
0.0042295
0.0019489
-0.00037468
-0.0019609
-0.0023348
-0.0014582
0.00029686
0.0023073
0.0039257
0.0046939
0.0044747
0.0034667
0.0021056
0.00089455
0.00022404
0.00024507
0.00083576
0.0016687
0.0023498
0.0025762
0.0022565
0.0015515
0.00081773
0.00047188
0.00081714
0.0018926
0.0034044
0.0047778
0.0053307
0.0045268
0.0022256
-0.0011667
-0.0047229
-0.0072224
-0.0075317
-0.0050196
0.00014044
0.0069128
0.013635
0.018491
0.020076
0.017851
0.012332
0.0049445
-0.0024118
-0.0079417
-0.010479
-0.0097939
-0.006588
-0.0021986
0.0018832
0.0045084
0.0052168
0.0043237
0.002728
0.0015206
0.0015403
0.0030408
0.0055887
0.0082291
0.0098549
0.0096402
0.0073737
0.0035652
-0.00071739
-0.0042209
-0.0059486
-0.0055054
-0.0032209
-9.9778e-06
0.0029693
0.0047281
0.004779
0.0032746
0.00091462
-0.0013316
-0.002579
-0.0023313
-0.00063351
0.0019688
0.0046377
0.0065376
0.0071115
0.0062467
0.0042815
0.0018618
-0.00029178
-0.0016192
-0.0018781
-0.0011757
0.00012122
0.0015518
0.0027345
0.0034833
0.0038305
0.003959
0.0040815
0.0043209
0.0046429
0.0048671
0.004749
0.0040989
0.0028867
0.0012901
-0.00033636
-0.0015608
-0.002011
-0.0015014
-0.00010956
0.001827
0.0037937
0.0052424
0.0057527
0.0051609
0.0036137
0.0015266
-0.00054407
-0.0020752
-0.0027396
-0.0025044
-0.0016294
-0.00056877
0.00019086
0.00029664
-0.00035575
-0.0015958
-0.0030438
-0.0042429
-0.0048108
-0.0045632
-0.0035718
-0.0021374
-0.00069014
0.00035578
0.00074261
0.00045936
-0.00025229
-0.00098158
-0.0012945
-0.00089072
0.00028412
0.0020115
0.003866
0.0053494
0.0060461
0.0057491
0.0045197
0.0026684
0.00066705
-0.00098012
-0.0018705
-0.001808
-0.00085165
0.00070652
0.0024276
0.0038527
0.004634
0.0046288
0.0039314
0.0028315
0.0017161
0.00094551
0.00074219
0.0011296
0.0019382
0.002875
0.0036327
0.0039972
0.0039183
0.0035183
0.0030381
0.0027412
0.0028127
0.0032888
0.004044
0.004839
0.0054091
0.0055605
0.0052347
0.0045196
0.0036054
0.0027059
0.001979
0.0014766
0.0011405
0.00084207
0.00044733
-0.00011706
-0.000821
-0.001526
-0.0020223
-0.0020983
-0.0016234
-0.00061467
0.00074033
0.0021219
0.0031728
0.0036197
0.0033745
0.0025735
0.0015333
0.00063596
0.0001841
0.0002838
0.00080054
0.0014092
0.0017218
0.0014467
0.00051691
-0.00086444
-0.0022848
-0.0032724
-0.003479
-0.0028251
-0.001544
-0.00010554
0.00095515
0.0012357
0.0006154
-0.00070163
-0.0022634
-0.0035345
-0.0040844
-0.0037326
-0.0025976
-0.0010405
0.00047302
0.0015367
0.001934
0.0016917
0.0010454
0.00033562
-0.00012173
-0.00014361
0.00027127
0.00096517
0.0017014
0.0022664
0.0025526
0.0025923
0.0025331
0.0025682
0.0028516
0.0034289
0.004209
0.0049857
0.0055016
0.0055349
0.0049812
0.003904
0.0025339
0.0012123
0.0002928
2.7632e-05
0.00047926
0.0014878
0.0027105
0.003724
0.0041569
0.0038105
0.0027271
0.001183
-0.00039224
-0.0015453
-0.0019367
-0.0014442
-0.00019924
0.0014526
0.0030553
0.0041768
0.0045324
0.0040574
0.0029089
0.0014007
-0.00010237
-0.0012887
-0.001969
-0.0020934
-0.0017207
-0.00096113
8.0096e-05
0.0013388
0.002797
0.0044613
0.0063287
0.0083582
