0.0043879
0.0028305
0.0014565
0.00046049
7.6783e-06
0.00018822
0.00096899
0.0021671
0.003468
0.0044968
0.0049248
0.0045773
0.0035
0.0019533
0.00033326
-0.00095667
-0.0016375
-0.0016412
-0.001121
-0.00038151
0.00024171
0.00050735
0.00034948
-0.00011216
-0.0006314
-0.00093643
-0.00083256
-0.00027088
0.00063743
0.0016616
0.0025298
0.0030179
0.0030193
0.0025736
0.0018481
0.0010806
0.00050421
0.00027837
0.00044484
0.00092133
0.0015333
0.0020738
0.002373
0.0023516
0.0020409
0.0015619
0.0010726
0.00070542
0.0005196
0.00048786
0.00051979
0.00050921
0.00038206
0.00012291
-0.00022928
-0.00060853
-0.00095436
-0.0012317
-0.0014323
-0.0015628
-0.0016337
-0.0016557
-0.0016444
-0.0016249
-0.0016291
-0.0016828
-0.0017886
-0.0019141
-0.0019945
-0.0019506
-0.0017169
-0.0012692
-0.00064091
8.0256e-05
0.00077402
0.0013223
0.0016449
0.0017241
0.0016082
0.0013919
0.0011803
0.0010474
0.0010067
0.0010049
0.00094287
0.00071814
0.00027219
-0.00037495
-0.0011163
-0.0017798
-0.0021747
-0.0021476
-0.0016334
-0.00068316
0.00054004
0.0017995
0.0028468
0.0034884
0.0036341
0.0033128
0.0026524
0.0018343
0.0010402
0.00040923
1.7221e-05
-0.0001214
-3.4417e-05
0.00023196
0.00063077
0.0011198
0.0016562
0.0021863
0.0026394
0.0029314
0.0029817
0.002739
0.0022077
0.0014632
0.00064458
-7.7009e-05
-0.00054873
-0.00068681
-0.0005078
-0.00012535
0.00028862
0.00056447
0.00059312
0.00035916
-6.2589e-05
-0.00054234
-0.00094489
-0.0011723
-0.0011859
-0.0010047
-0.00069068
-0.00032927
-1.4533e-05
0.00016366
0.00013396
-0.00013828
-0.00063358
-0.0012705
-0.0019164
-0.0024177
-0.0026434
-0.0025265
-0.0020889
-0.0014383
-0.00073799
-0.0001556
0.00018924
0.00026264
0.00012487
-9.3362e-05
-0.00023857
-0.00018932
0.00010087
0.00058716
0.001148
0.0016247
0.0018728
0.0018069
0.0014285
0.00082697
0.00015395
-0.00042052
-0.00075897
-0.00079699
-0.00055939
-0.00014577
0.00030892
0.00068315
0.00090765
0.00098003
0.00095212
0.00089911
0.00088637
0.00094877
0.0010893
0.0012932
0.0015461
0.0018432
0.0021832
0.0025497
0.0028917
0.0031176
0.0031106
0.0027656
0.0020333
0.00095556
-0.00032663
-0.0015985
-0.0026268
-0.0032291
-0.0033336
-0.0030064
-0.0024318
-0.0018476
-0.0014546
-0.0013378
-0.0014324
-0.0015561
-0.001496
-0.0011151
-0.00042858
0.00038756
0.0010642
0.0013543
0.0011451
0.00051575
-0.00028503
-0.00093271
-0.0011506
-0.00081143
2.2998e-05
0.0011346
0.0022362
0.0030743
0.0035112
0.0035583
0.003355
0.0031041
0.0029875
0.0030934
0.0033828
0.0037076
0.0038758
0.0037363
0.0032465
0.0024952
0.0016698
0.00098459
0.00060138
0.00057637
0.00085388
0.0013052
0.0017907
0.0022166
0.0025603
0.0028594
0.0031738
0.003543
0.0039577
0.0043562
0.0046414
0.0047101
0.004481
0.0039163
0.0030329
0.0019043
0.00065277
-0.00056699
-0.001592
-0.0022787
-0.0025292
-0.0023081
-0.0016496
-0.00065115
0.00054141
0.0017576
0.0028314
0.0036316
0.0040878
0.0042013
0.0040351
0.003684
0.0032337
0.0027267
0.0021533
0.0014736
0.00066605
-0.00022238
-0.0010517
-0.0016115
-0.0016928
-0.001185
-0.00015785
0.0011149
0.0022129
0.0026998
0.0022833
0.00094422
-0.0010217
-0.0030754
-0.0046022
-0.0051186
-0.004444
-0.0027721
-0.00060976
0.0013991
0.002707
0.0030699
0.0026532
0.0019924
0.0018177
0.0027963
0.0052814
0.009151
0.013794
0.01825
0.021463
0.022573
0.021176
0.017491
0.01243
0.0075482
0.0048575
0.0064823
0.01413
0.028436
0.048348
0.070845
0.091261
0.10441
0.10636
0.096354
0.078142
0.059817
0.051802
0.063174
0.097419
0.14928
0.20427
0.24178
0.24114
0.18914
0.086113
-0.051431
-0.19332
-0.30294
-0.34728
-0.30693
-0.18254
0.0043465
0.21661
0.41134
0.55075
0.61099
0.58628
0.48798
0.3393
0.16808
-0.00024351
-0.14734
-0.26354
-0.34625
-0.39666
-0.4164
-0.40576
-0.36417
-0.29254
-0.19583
-0.084249
0.02785
0.12517
0.19517
0.23064
0.22996
0.19534
0.13021
0.0373
-0.081406
-0.22263
-0.37873
-0.53524
-0.67109
-0.7622
-0.78811
-0.73905
-0.62062
-0.45343
-0.26738
-0.092631
0.048846
0.14759
0.20526
0.22888
0.22443
0.1933
0.13345
0.044319
-0.06779
-0.18731
-0.29187
-0.35906
-0.37433
-0.33665
-0.25888
-0.16264
-0.069771
0.0061685
0.064612
0.117
0.18046
0.26867
0.38371
0.51228
0.62796
0.69906
0.69944
0.61859
0.46759
0.27866
0.097946
-0.026736
-0.059982
0.0094381
0.16276
0.35355
0.51813
0.59183
0.52685
0.30705
-0.044618
-0.46848
-0.88035
-1.1909
-1.3273
-1.2522
-0.97316
-0.54189
-0.041605
0.43316
0.79894
1.0017
1.0264
0.89591
0.66026
0.38029
0.11158
-0.10693
-0.25673
-0.33677
-0.35662
-0.32973
-0.26958
-0.18916
-0.10241
-0.025085
0.026791
0.040702
0.012161
-0.052593
-0.13753
-0.22156
-0.28562
-0.31939
-0.32529
-0.31831
-0.32146
-0.35811
-0.44322
-0.57576
-0.73482
-0.88098
-0.96385
-0.93474
-0.76162
-0.44223
-0.010408
0.46749
0.9065
1.224
1.3613
1.2992
1.0626
0.71197
0.32601
-0.019898
-0.27144
-0.40487
-0.42609
-0.36136
-0.24425
-0.10418
0.039374
0.17629
0.30053
0.40428
0.4751
0.49799
0.46137
0.36411
0.22009
0.057866
-0.085122
-0.17216
-0.17779
-0.096139
0.055708
0.24037
0.40854
0.51111
0.51181
0.39716
0.18102
-0.09759
-0.38287
-0.61501
-0.74438
-0.74365
-0.61476
-0.38848
-0.11633
0.14328
0.34039
0.44586
0.45658
0.39266
0.28792
0.17784
0.089257
0.035003
0.014401
0.018063
0.034084
0.052723
0.068072
0.077066
0.077506
0.066827
0.042366
0.0026371
-0.051525
-0.11683
-0.18843
-0.2612
-0.33052
-0.39212
-0.44143
-0.4731
-0.48161
-0.46305
-0.41722
-0.34868
-0.26558
-0.17643
-0.086289
0.0052176
0.10271
0.21066
0.32802
0.44461
0.54149
0.59573
0.58794
0.50999
0.36981
0.19152
0.010378
-0.13616
-0.2186
-0.22365
-0.15788
-0.045387
0.079662
0.18329
0.24146
0.24611
0.20583
0.14105
0.075722
0.028654
0.0075389
0.0077295
0.015815
0.016146
-0.0025268
-0.042816
-0.098049
-0.15482
-0.19729
-0.21151
-0.18875
-0.12722
-0.032398
0.083728
0.20431
0.30999
0.38174
0.40395
0.36722
0.27043
0.1216
-0.062441
-0.25761
-0.43509
-0.56483
-0.61996
-0.58194
-0.44573
-0.22371
0.053506
0.34074
0.58672
0.74586
0.79013
0.71694
0.55022
0.33352
0.11745
-0.054516
-0.15725
-0.18862
-0.16681
-0.12179
-0.08411
-0.074676
-0.098568
-0.14459
-0.19057
-0.2127
-0.19571
-0.14023
-0.064497
0.00085095
0.023241
-0.019388
-0.12879
-0.28314
-0.44202
-0.55866
-0.59515
-0.53564
-0.39205
-0.20032
-0.0079513
0.1424
0.22692
0.24681
0.2246
0.1924
0.17777
0.19296
0.23196
0.27568
0.30226
0.29759
0.26137
0.20642
0.15222
0.11591
0.105
0.11493
0.13217
0.14102
0.13095
0.10101
0.059726
0.020763
-0.0033613
-0.0066733
0.0080067
0.030606
0.048122
0.049723
0.03068
-0.0060048
-0.050368
-0.088008
-0.10356
-0.084468
-0.024548
0.073161
0.19509
0.31822
0.41405
0.45517
0.423
0.31441
0.14499
-0.052725
-0.23614
-0.36301
-0.4026
-0.34432
-0.20118
-0.0069279
0.19282
0.35277
0.44005
0.4423
0.36916
0.24684
0.10798
-0.01883
-0.11614
-0.17892
-0.21083
-0.21846
-0.20667
-0.17732
-0.1311
-0.070616
-0.0022385
0.064466
0.11951
0.15575
0.1708
0.16652
0.14655
0.11318
0.065401
-0.00077138
-0.089705
-0.20226
-0.3324
-0.4659
-0.58201
-0.65765
-0.67304
-0.6169
-0.48994
-0.30568
-0.088702
0.12932
0.31502
0.4393
0.48328
0.44279
0.33054
0.17438
0.01163
-0.11979
-0.19102
-0.18986
-0.1237
-0.016795
0.09751
0.18719
0.23119
0.22521
0.18166
0.12369
0.075603
0.053231
0.058011
0.077222
0.090139
0.077363
0.029296
-0.049658
-0.14247
-0.2253
-0.27501
-0.27565
-0.22219
-0.12124
0.010441
0.14891
0.26693
0.33856
0.34419
0.27542
0.13835
-0.045648
-0.24268
-0.41225
-0.51541
-0.5236
-0.42627
-0.23529
0.015347
0.2758
0.49171
0.61815
0.63198
0.53806
0.36681
0.1638
-0.024894
-0.16578
-0.24515
-0.26834
-0.25272
-0.21838
-0.18055
-0.14631
-0.11563
-0.085012
-0.051149
-0.013114
0.027344
0.066608
0.10011
0.12274
0.12888
0.11258
0.06836
-0.0071821
-0.11334
-0.24354
-0.38461
-0.51752
-0.62007
-0.67083
-0.65393
-0.56323
-0.40474
-0.19641
0.034646
0.25695
0.44023
0.56056
0.60447
0.5713
0.4735
0.33472
0.18538
0.056451
-0.027539
-0.054351
-0.026976
0.03759
0.11363
0.1746
0.20116
0.18669
0.13841
0.07383
0.013778
-0.025348
-0.03717
-0.026664
-0.0068227
0.007849
0.0081969
-0.0052027
-0.021862
-0.025341
0.00029678
0.063934
0.16306
0.28306
0.40023
0.48763
0.52177
0.48825
0.38475
0.22088
0.01553
-0.20679
-0.41932
-0.59521
-0.70913
-0.73915
-0.67041
-0.50007
-0.24233
0.069529
0.38625
0.65164
0.81551
0.84644
0.74023
0.52091
0.23439
-0.062974
-0.31737
-0.4885
-0.55648
-0.52358
-0.41124
-0.25322
-0.086581
0.057255
0.15893
0.21317
0.226
0.2087
0.17122
0.11809
0.048395
-0.040286
-0.14632
-0.25977
-0.36199
-0.42995
-0.44385
-0.39528
-0.29214
-0.15806
-0.025564
0.074691
0.12472
0.12559
0.09657
0.067163
0.065213
0.10588
0.1859
0.28514
0.37457
0.42709
0.42705
0.37501
0.28651
0.18584
0.097611
0.039157
0.0163
0.023429
0.047232
0.072245
0.086087
0.082697
0.062984
0.033316
0.0028321
-0.019466
-0.027256
-0.018735
0.0025543
0.028285
0.047598
0.05084
0.033903
0.0016613
-0.031145
-0.042646
-0.010084
0.08199
0.23419
0.42822
0.62826
0.78802
0.86194
0.8173
0.64393
0.35843
0.0017477
-0.36936
-0.69499
-0.92592
-1.0354
-1.0259
-0.92913
-0.79814
-0.69304
-0.66443
-0.73897
-0.91169
-1.1475
-1.3914
-1.5833
-1.6742
-1.6374
-1.4735
-1.2083
-0.88434
-0.55025
-0.24973
-0.014232
0.13975
0.20894
0.19917
0.12165
-0.0084859
-0.17079
-0.33715
-0.47092
-0.5301
-0.47536
-0.28132
0.052432
0.49509
0.98681
1.4503
1.8094
2.0094
2.0316
1.8974
1.6593
1.383
1.1273
0.92875
0.79606
0.71564
0.66314
0.61626
0.56329
0.5048
0.44937
0.40637
0.37969
0.36524
0.35268
0.33001
0.28846
0.22548
0.14525
0.056881
-0.02817
-0.098755
-0.14609
-0.16532
-0.15658
-0.12526
-0.081075
-0.035719
0.00054602
0.022275
0.030961
0.034967
0.047142
0.080829
0.14549
0.24313
0.36644
0.49883
0.6165
0.6922
0.7003
0.62262
0.45389
0.20552
-0.093889
-0.40229
-0.67238
-0.86273
-0.94908
-0.93223
-0.83952
-0.71854
-0.62448
-0.60462
-0.6847
-0.8613
-1.1024
-1.3561
-1.5637
-1.6751
-1.661
-1.5192
-1.2736
-0.96679
-0.64815
-0.3616
-0.13659
0.015323
0.097972
0.12399
0.10748
0.059013
-0.014977
-0.10887
-0.21251
-0.30693
-0.36387
-0.3504
-0.23784
-0.012416
0.31623
0.71229
1.119
1.4711
1.7117
1.8071
1.7556
1.5864
1.3498
1.1013
0.88749
0.73534
0.64953
0.61568
0.60776
0.59698
0.55981
0.48389
0.37089
0.23563
0.1016
-0.00651
-0.070889
-0.086628
-0.063242
-0.020995
0.016633
0.031379
0.016354
-0.022292
-0.068557
-0.1032
-0.11122
-0.087414
-0.038087
0.021599
0.073702
0.10468
0.11104
0.10127
0.093231
0.1079
0.16152
0.25898
0.39044
0.53228
0.65204
0.71598
0.69766
0.58519
0.38566
0.12503
-0.15685
-0.41546
-0.61299
-0.72861
-0.76446
-0.74496
-0.70931
-0.69934
-0.74655
-0.86269
-1.0367
-1.2388
-1.4289
-1.5682
-1.6276
-1.5937
-1.4701
-1.2742
-1.0327
-0.77498
-0.52774
-0.31036
-0.1333
0.00092964
0.094446
0.14975
0.16658
0.14162
0.071718
-0.040222
-0.17933
-0.31582
-0.40762
-0.40926
-0.285
-0.022344
0.35913
0.80765
1.2491
1.6051
1.8132
1.8438
1.7072
1.4484
1.1329
0.82737
0.58255
0.42313
0.34641
0.32891
0.33761
0.34164
0.3212
0.27142
0.20082
0.12555
0.061888
0.019843
0.00017009
-0.0044985
-0.0052837
-0.011616
-0.027074
-0.04807
-0.065673
-0.06962
-0.052835
-0.01474
0.03787
0.092744
0.13629
0.15855
0.15725
0.13953
0.12038
0.11812
0.14824
0.21735
0.31931
0.43472
0.53427
0.58531
0.56026
0.44482
0.24359
-0.018756
-0.30179
-0.55858
-0.7478
-0.84522
-0.85111
-0.79068
-0.70707
-0.64883
-0.65574
-0.74754
-0.91894
-1.142
-1.3747
-1.5714
-1.6941
-1.7191
-1.6401
-1.468
-1.2267
-0.94796
-0.66503
-0.40651
-0.19188
-0.029656
0.081096
0.14651
0.17264
0.16163
0.11143
0.019516
-0.11051
-0.26244
-0.40444
-0.49212
-0.47811
-0.32608
-0.024834
0.40268
0.89977
1.387
1.7814
2.0184
2.0684
1.9438
1.6924
1.382
1.0802
0.83716
0.67634
0.59472
0.57044
0.57414
0.57931
0.56879
0.53629
0.48411
0.41903
0.34857
0.27878
0.21374
0.15604
0.10727
0.068231
0.038798
0.017884
0.003811
-0.004981
-0.0092431
-0.0086254
-0.0020004
0.011675
0.032284
0.057734
0.083883
0.1055
0.11814
0.12037
0.11546
0.11149
0.11953
0.15013
0.20921
0.29486
0.39612
0.49434
0.56681
0.59177
0.55358
0.44683
0.27842
0.067002
-0.16036
-0.37364
-0.54646
-0.6623
-0.71865
-0.7279
-0.71435
-0.70776
-0.73518
-0.81313
-0.94264
-1.1085
-1.2835
-1.435
-1.5342
-1.5623
-1.5138
-1.396
-1.2256
-1.023
-0.80836
-0.59815
-0.40358
-0.23124
-0.085006
0.031459
0.11278
0.15189
0.14255
0.083937
-0.014487
-0.1304
-0.23028
-0.27604
-0.23509
-0.091012
0.14924
0.45428
0.77468
1.0552
1.2493
1.3308
1.2998
1.1802
1.0104
0.83191
0.6784
0.56915
0.50772
0.48476
0.48316
0.48379
0.47043
0.43331
0.3708
0.28908
0.19987
0.11678
0.051307
0.0099443
-0.0068481
-0.0035614
0.012707
0.034726
0.056775
0.075162
0.087941
0.094472
0.095383
0.092978
0.091698
0.097984
0.11908
0.16086
0.22522
0.30807
0.39861
0.48039
0.53411
0.54168
0.49061
0.37772
0.21115
0.009852
-0.19962
-0.38854
-0.5325
-0.61742
-0.64336
-0.62484
-0.58726
-0.56022
-0.56976
-0.63154
-0.74709
-0.90371
-1.0777
-1.24
-1.3614
-1.4187
-1.3976
-1.2951
-1.1198
-0.89001
-0.63091
-0.37086
-0.13742
0.046032
0.16277
0.20467
0.17351
0.081925
-0.046926
-0.18146
-0.28625
-0.32864
-0.2862
-0.15282
0.058494
0.31762
0.58398
0.81623
0.98203
1.065
1.0666
1.003
0.89898
0.77992
0.66665
0.57212
0.50119
0.45215
0.41901
0.39378
0.36834
0.33605
0.29303
0.23895
0.1772
0.11401
0.056743
0.011967
-0.016178
-0.026661
-0.021293
-0.0038305
0.021011
0.04828
0.073211
0.091624
0.10058
0.099382
0.090568
0.080342
0.077776
0.092546
0.13157
0.1955
0.27639
0.35765
0.41678
0.43053
0.3813
0.26307
0.084954
-0.12875
-0.34288
-0.51945
-0.62776
-0.65402
-0.60731
-0.51934
-0.43703
-0.40947
-0.47274
-0.63759
-0.88396
-1.1648
-1.418
-1.5834
-1.6191
-1.5124
-1.2821
-0.97169
-0.63656
-0.32872
-0.085187
0.077228
0.15991
0.17547
0.13976
0.06672
-0.032121
-0.14437
-0.25264
-0.33293
-0.35777
-0.30355
-0.15943
0.066043
0.3439
0.63058
0.87909
1.0518
1.1303
1.1189
1.0408
0.92823
0.81179
0.71199
0.6363
0.58145
0.53886
0.50028
0.46118
0.42094
0.38083
0.34135
0.30081
0.25587
0.20355
0.14363
0.079939
0.01995
-0.027146
-0.053119
-0.053187
-0.027621
0.017799
0.072502
0.12293
0.15531
0.15914
0.1307
0.075612
0.009281
-0.045651
-0.0647
-0.028715
0.069165
0.219
0.39371
0.55349
0.65442
0.65922
0.54763
0.32336
0.01568
-0.32572
-0.64167
-0.87798
-0.99966
-1.0005
-0.90518
-0.76215
-0.63023
-0.56206
-0.58981
-0.71706
-0.91877
-1.1488
-1.3522
-1.4794
-1.4973
-1.3966
-1.1922
-0.91774
-0.61617
-0.32941
-0.089643
0.084913
0.18936
0.22783
0.20826
0.1388
0.027665
-0.11404
-0.26861
-0.40971
-0.50417
-0.51792
-0.42472
-0.21501
0.098205
0.47872
0.8729
1.2208
1.4699
1.5881
1.571
1.4416
1.2429
1.0244
0.82868
0.68098
0.58595
0.53065
0.49245
0.44857
0.38368
0.29385
0.18614
0.074942
-0.023298
-0.094961
-0.13256
-0.13592
-0.11137
-0.069639
-0.023039
0.017372
0.044289
0.055824
0.055953
0.053438
0.059222
0.082827
0.12882
0.19462
0.27066
0.3429
0.39667
0.42022
0.40647
0.35246
0.25734
0.12068
-0.057221
-0.27251
-0.51338
-0.75655
-0.96728
-1.1047
-1.132
-1.028
-0.79693
-0.47035
-0.10137
0.24833
0.5241
0.69094
0.73927
0.68245
0.54835
0.36915
0.1736
-0.016006
-0.18258
-0.31122
-0.38745
-0.39842
-0.33685
-0.20569
-0.021048
0.1887
0.38759
0.53953
0.61622
0.60341
0.50393
0.33677
0.13249
-0.074021
-0.25168
-0.38024
-0.45416
-0.48196
-0.48106
-0.46977
-0.45914
-0.44822
-0.4247
-0.37117
-0.27448
-0.13428
0.033097
0.19744
0.32351
0.38274
0.36319
0.27421
0.14372
0.0091915
-0.094244
-0.1445
-0.13814
-0.089336
-0.022876
0.035715
0.069234
0.073783
0.058284
0.039281
0.033495
0.05113
0.092356
0.14787
0.20285
0.24244
0.2566
0.24282
0.20606
0.15659
0.10672
0.067656
0.046996
0.047338
0.065909
0.095236
0.12482
0.14363
0.14316
0.12028
0.079164
0.031532
-0.0055026
-0.013659
0.021055
0.10332
0.22557
0.36823
0.50315
0.59926
0.62926
0.57613
0.43824
0.23194
-0.0097964
-0.24349
-0.42538
-0.52326
-0.5258
-0.44582
-0.31568
-0.17629
-0.063907
0.00040121
0.014859
-0.0062531
-0.041125
-0.070304
-0.083983
-0.084243
-0.082143
-0.09154
-0.12242
-0.1763
-0.245
-0.31294
-0.36173
-0.37578
-0.34711
-0.27815
-0.18147
-0.076378
0.016995
0.084091
0.12056
0.13304
0.13558
0.14299
0.1641
0.1979
0.23426
0.25894
0.26024
0.2343
0.18643
0.12827
0.072417
0.027377
-0.004575
-0.025898
-0.039865
-0.046851
-0.043268
-0.02398
0.013108
0.063064
0.11324
0.14688
0.14975
0.11674
0.05527
-0.016205
-0.07408
-0.09745
-0.074845
-0.0075447
0.091297
0.2009
0.2987
0.3659
0.39132
0.37275
0.316
0.23191
0.13274
0.029003
-0.072176
-0.16648
-0.25023
-0.3177
-0.35953
-0.3636
-0.31848
-0.21879
-0.07025
0.10789
0.2847
0.42378
0.49243
0.47082
0.35836
0.17515
-0.042068
-0.24854
-0.40251
-0.47575
-0.46063
-0.37156
-0.24002
-0.10443
0.0018678
0.060454
0.071996
0.053502
0.03004
0.024391
0.048587
0.10006
0.1631
0.21446
0.23093
0.19656
0.10796
-0.023749
-0.17476
-0.31431
-0.41299
-0.45136
-0.42592
-0.34993
-0.24843
-0.1491
-0.072664
-0.026591
-0.0046976
0.0077635
0.026178
0.059597
0.1076
0.16175
0.21014
0.24249
0.25338
0.24296
0.21555
0.17771
0.13673
0.099973
0.074319
0.064995
0.073656
0.096497
0.12377
0.1418
0.13739
0.10315
0.041567
-0.034387
-0.10455
-0.14784
-0.14913
-0.10429
-0.021671
0.08015
0.17736
0.2471
0.27314
0.24971
0.18291
0.089245
-0.0083897
-0.086448
-0.12697
-0.12255
-0.078391
-0.010548
0.059412
0.11172
0.13508
0.13026
0.10881
0.08757
0.08099
0.094635
0.12275
0.15081
0.16187
0.14371
0.093945
0.020883
-0.059794
-0.1311
-0.1809
-0.20566
-0.21023
-0.20404
-0.19555
-0.18766
-0.17624
-0.15258
-0.10839
-0.04126
0.042105
0.12611
0.19007
0.21417
0.18579
0.10396
-0.019217
-0.16105
-0.29396
-0.39294
-0.4424
-0.44004
-0.39637
-0.32993
-0.26005
-0.20012
-0.15384
-0.11588
-0.076134
-0.025632
0.038627
0.11183
0.18304
0.23948
0.27124
0.27449
0.25179
0.20994
0.15668
0.098272
0.039029
-0.017059
-0.064205
-0.093964
-0.096892
-0.066437
-0.0032878
0.08225
0.17159
0.24297
0.27846
0.27019
0.22311
0.15346
0.083467
0.034388
0.020403
0.045127
0.10155
0.17488
0.2471
0.30166
0.32719
0.31943
0.28114
0.22014
0.14634
0.068507
-0.0077519
-0.080172
-0.14801
-0.20902
-0.25687
-0.28048
-0.2665
-0.20442
-0.092713
0.056809
0.21865
0.35847
0.44216
0.44626
0.36626
0.21941
0.040695
-0.1272
-0.24669
-0.2964
-0.27675
-0.20783
-0.12065
-0.045067
0.00068929
0.01511
0.011429
0.0099503
0.02816
0.072585
0.13533
0.19618
0.22926
0.21187
0.13287
-0.0020689
-0.17004
-0.33595
-0.46208
-0.51945
-0.49733
-0.40699
-0.27814
-0.14884
-0.052545
-0.0074257
-0.011696
-0.046528
-0.084771
-0.10165
-0.083261
-0.030076
0.045054
0.12269
0.1837
0.21463
0.21042
0.17435
0.1163
0.050362
-0.0077584
-0.043501
-0.046605
-0.014304
0.046509
0.11955
0.18275
0.21468
0.20185
0.14405
0.055489
-0.039093
-0.11207
-0.14155
-0.11806
-0.04701
0.053472
0.15844
0.24355
0.29159
0.29621
0.26205
0.20151
0.12968
0.059353
-0.0021583
-0.053504
-0.097145
-0.13574
-0.16867
-0.19027
-0.19065
-0.15917
-0.089334
0.01653
0.14504
0.27317
0.37344
0.42158
0.40401
0.32281
0.19581
0.051791
-0.078119
-0.16983
-0.21314
-0.21347
-0.18797
-0.15742
-0.1374
-0.1322
-0.13381
-0.12633
-0.093746
-0.02778
0.067229
0.17428
0.26825
0.32332
0.32067
0.2542
0.13275
-0.021867
-0.18033
-0.31346
-0.39992
-0.43157
-0.41475
-0.3668
-0.30912
-0.25924
-0.22492
-0.20268
-0.18104
-0.14695
-0.092634
-0.019829
0.060138
0.1304
0.17486
0.18408
0.15839
0.10733
0.046027
-0.009579
-0.04658
-0.056956
-0.03764
0.010034
0.080433
0.16316
0.2431
0.30229
0.32423
0.29962
0.231
0.13383
0.032819
-0.045525
-0.081358
-0.06752
-0.010932
0.070871
0.15627
0.2264
0.26982
0.28383
0.27268
0.24398
0.20507
0.16056
0.11178
0.058022
-0.0011991
-0.063709
-0.12319
-0.16921
-0.18913
-0.1714
-0.10981
-0.0072069
0.12248
0.25535
0.36222
0.41613
0.40045
0.31487
0.17663
0.016177
-0.13155
-0.23738
-0.286
-0.27912
-0.23257
-0.16882
-0.10788
-0.060421
-0.025479
0.0065554
0.047657
0.10541
0.17855
0.2561
0.32009
0.35046
0.3307
0.25297
0.12145
-0.046912
-0.22514
-0.38224
-0.4913
-0.53706
-0.52008
-0.45562
-0.36748
-0.279
-0.20525
-0.14922
-0.10359
-0.056702
0.00014168
0.067276
0.13545
0.18895
0.21161
0.19308
0.13309
0.042272
-0.060451
-0.15253
-0.21305
-0.22703
-0.18802
-0.098951
0.028437
0.17533
0.3185
0.43388
0.501
0.50751
0.45256
0.3479
0.21575
0.083802
-0.021204
-0.079573
-0.082574
-0.033405
0.054678
0.16215
0.26775
0.35258
0.40308
0.41247
0.38067
0.31292
0.21792
0.10596
-0.012205
-0.12553
-0.22234
-0.29026
-0.31735
-0.29478
-0.22057
-0.10264
0.040329
0.18172
0.29291
0.35066
0.34317
0.27287
0.15502
0.013048
-0.12768
-0.24547
-0.32592
-0.36312
-0.35876
-0.32008
-0.25745
-0.18203
-0.10365
-0.02898
0.039547
0.10363
0.16748
0.23493
0.30622
0.37564
0.43119
0.45643
0.43433
0.35209
0.20572
0.0032881
-0.23437
-0.476
-0.68548
-0.82947
-0.88544
-0.84734
-0.72713
-0.55112
-0.35217
-0.16064
0.0029147
0.13041
0.22407
0.29069
0.33551
0.35832
0.35374
0.31512
0.24037
0.13655
0.021002
-0.082261
-0.14978
-0.16697
-0.13399
-0.066681
0.0085355
0.063923
0.080609
0.05559
0.0026987
-0.052988
-0.085154
-0.076689
-0.026401
0.050645
0.12916
0.18351
0.19729
0.16907
0.1121
0.048681
0.001665
-0.013313
0.0078078
0.057829
0.12242
0.18593
0.23638
0.26793
0.28044
0.27689
0.26029
0.23147
0.18871
0.12922
0.051586
-0.041631
-0.14237
-0.23707
-0.3086
-0.3398
-0.31817
-0.24053
-0.1164
0.031754
0.17206
0.27059
0.30055
0.25069
0.12985
-0.034256
-0.20196
-0.33239
-0.39479
-0.37681
-0.28739
-0.15357
-0.012151
0.10107
0.16146
0.16221
0.11551
0.047895
-0.0087617
-0.02779
0.0036062
0.080255
0.18062
0.27327
0.32612
0.31552
0.23303
0.088243
-0.09295
-0.27438
-0.41871
-0.49752
-0.49952
-0.43385
-0.32712
-0.21431
-0.12692
-0.082485
-0.079815
-0.10144
-0.12225
-0.12037
-0.085844
-0.023678
0.049436
0.11285
0.15052
0.15664
0.13648
0.10244
0.067799
0.041333
0.025291
0.017246
0.01424
0.016385
0.027485
0.052133
0.090989
0.13732
0.17738
0.19518
0.17963
0.13052
0.060325
-0.0093467
-0.05517
-0.060277
-0.019901
0.057433
0.15316
0.24469
0.31177
0.34122
0.32904
0.27986
0.20476
0.11821
0.035146
-0.031512
-0.072765
-0.084812
-0.069608
-0.034484
0.0092878
0.048852
0.072556
0.072555
0.046712
-0.0005156
-0.058411
-0.11182
-0.14457
-0.14409
-0.10611
-0.037661
0.043338
0.11236
0.14566
0.12836
0.060361
-0.042346
-0.15166
-0.23555
-0.26749
-0.23408
-0.13833
0.0017441
0.15833
0.30052
0.4007
0.43916
0.40683
0.30614
0.15028
-0.038884
-0.23448
-0.40917
-0.53999
-0.61218
-0.62096
-0.571
-0.4741
-0.34616
-0.20473
-0.067326
0.049658
0.13249
0.1724
0.16817
0.12782
0.06767
0.0082814
-0.031884
-0.042852
-0.026728
0.0034719
0.029785
0.03782
0.024077
-0.0014866
-0.019307
-0.0091473
0.039742
0.12198
0.21626
0.29274
0.32452
0.29839
0.2203
0.11341
0.0098292
-0.060338
-0.078491
-0.042364
0.034772
0.12946
0.21553
0.27119
0.28357
0.25019
0.17748
0.07765
-0.034507
-0.14398
-0.23655
-0.29909
-0.32024
-0.29218
-0.2138
-0.093812
0.04773
0.18156
0.27533
0.30242
0.25054
0.12683
-0.042803
-0.22007
-0.3645
-0.44414
-0.44344
-0.36635
-0.23404
-0.078301
0.067245
0.17599
0.23477
0.24634
0.22727
0.20192
0.19421
0.2198
0.28101
0.36592
0.45151
0.5097
0.51427
0.44719
0.30317
0.09186
-0.16259
-0.42499
-0.65522
-0.81616
-0.88161
-0.8421
-0.70685
-0.50128
-0.26097
-0.02419
0.17505
0.31188
0.37314
0.35817
0.2783
0.15528
0.018114
-0.10193
-0.17786
-0.19382
-0.14984
-0.062444
0.040065
0.12674
0.17452
0.1762
0.14231
0.095967
0.062626
0.059076
0.086481
0.13048
0.16809
0.17824
0.15101
0.091964
0.019839
-0.040703
-0.068064
-0.050791
0.0095028
0.099706
0.19989
0.28898
0.34954
0.37073
0.34925
0.28891
0.19932
0.094301
-0.0097806
-0.095861
-0.1484
-0.15611
-0.11497
-0.030566
0.081226
0.19642
0.28782
0.33172
0.31413
0.23476
0.10714
-0.044772
-0.19257
-0.31007
-0.37891
-0.39192
-0.35357
-0.27792
-0.18442
-0.092748
-0.017796
0.03386
0.064922
0.08531
0.10761
0.1415
0.1891
0.24306
0.28805
0.30531
0.27861
0.19988
0.072674
-0.087543
-0.25648
-0.40674
-0.51448
-0.56511
-0.55594
-0.49511
-0.39743
-0.27907
-0.15357
-0.030717
0.081781
0.17562
0.24057
0.266
0.24507
0.17956
0.082593
-0.022828
-0.1098
-0.15626
-0.15294
-0.10719
-0.040378
0.020448
0.053446
0.050814
0.021543
-0.013259
-0.030467
-0.015897
0.0289
0.087075
0.13386
0.14748
0.11866
0.054885
-0.02226
-0.084962
-0.10897
-0.081558
-0.0051634
0.10393
0.22069
0.31826
0.37436
0.37591
0.32103
0.21864
0.086284
-0.053162
-0.17533
-0.2584
-0.28704
-0.25579
-0.17134
-0.052733
0.071237
0.16771
0.20779
0.17496
0.071268
-0.081372
-0.24588
-0.37992
-0.44813
-0.43268
-0.33862
-0.19222
-0.032947
0.09847
0.17202
0.17699
0.12458
0.043881
-0.02755
-0.055596
-0.020391
0.077227
0.21542
0.35706
0.45967
0.48648
0.41585
0.24652
-0.0022011
-0.29517
-0.58932
-0.84267
-1.022
-1.1078
-1.0959
-0.99614
-0.82952
-0.62415
-0.41104
-0.21964
-0.073694
0.012248
0.034938
0.0024171
-0.06832
-0.15568
-0.23875
-0.30211
-0.33854
-0.34901
-0.33994
-0.31921
-0.29232
-0.26039
-0.22061
-0.16868
-0.10197
-0.022227
0.063518
0.14405
0.20672
0.24082
0.24047
0.20599
0.14341
0.062327
-0.027016
-0.11654
-0.20212
-0.28404
-0.366
-0.45302
-0.54868
-0.65219
-0.7562
-0.84618
-0.90219
-0.90301
-0.83175
-0.6811
-0.45654
-0.17622
0.13235
0.43761
0.70987
0.92629
1.0742
1.1521
1.1684
1.1383
1.08
1.0102
0.9423
0.88466
0.84104
0.81119
0.79126
0.77417
0.75045
0.71024
0.64638
0.55757
0.45032
0.33848
0.2405
0.17481
0.15462
0.18339
0.25198
0.33883
0.41352
0.44355
0.40284
0.27947
0.080243
-0.16981
-0.43307
-0.66857
-0.84207
-0.93393
-0.94284
-0.88443
-0.78577
-0.67742
-0.58544
-0.52549
-0.50062
-0.5029
-0.51811
-0.53147
-0.53251
-0.5175
-0.48898
-0.45309
-0.41609
-0.38138
-0.34831
-0.3129
-0.27007
-0.21638
-0.15196
-0.081101
-0.011034
0.05026
0.096444
0.12441
0.13466
0.13049
0.11659
0.097499
0.076396
0.054328
0.029921
-0.00038743
-0.041517
-0.098347
-0.17403
-0.26849
-0.3777
-0.49381
-0.606
-0.70173
-0.76787
-0.79206
-0.76431
-0.67891
-0.53637
-0.34435
-0.11709
0.12684
0.36797
0.58924
0.77856
0.92986
1.0429
1.1217
1.173
1.2037
1.2194
1.2235
1.2162
1.1951
1.1551
1.0902
0.9949
0.86723
0.7104
0.53382
0.35182
0.18074
0.035433
-0.07337
-0.14002
-0.16344
-0.14603
-0.092992
-0.012573
0.083305
0.17874
0.25481
0.29203
0.27413
0.19207
0.047522
-0.14545
-0.36124
-0.56655
-0.72698
-0.8152
-0.81851
-0.74331
-0.61437
-0.46849
-0.34414
-0.27048
-0.25933
-0.30278
-0.37703
-0.45089
-0.49593
-0.49493
-0.44601
-0.36152
-0.26254
-0.17105
-0.10285
-0.063216
-0.046704
-0.040345
-0.028922
-0.00027318
0.050933
0.12176
0.20185
0.276
0.32745
0.34133
0.30765
0.22351
0.094388
-0.066022
-0.23777
-0.39866
-0.52981
-0.62116
-0.67477
-0.70382
-0.72672
-0.75797
-0.79922
-0.83481
-0.83458
-0.76379
-0.5968
-0.32907
0.01743
0.39819
0.75833
1.0485
1.2388
1.3247
1.3245
1.269
1.1883
1.1012
1.0116
0.91166
0.78958
0.63915
0.46537
0.28486
0.12068
-0.0056586
-0.081697
-0.10774
-0.095486
-0.062438
-0.024475
0.010169
0.043146
0.0835
0.14142
0.22066
0.31281
0.39595
0.43894
0.41053
0.29043
0.078689
-0.20041
-0.50192
-0.77098
-0.95767
-1.0313
-0.98931
-0.85717
-0.6799
-0.50737
-0.37925
-0.31443
-0.30834
-0.33836
-0.37445
-0.39083
-0.3744
-0.32745
-0.26431
-0.20411
-0.16268
-0.14676
-0.15229
-0.16701
-0.17579
-0.16634
-0.13323
-0.078892
-0.01173
0.057478
0.11922
0.16753
0.20026
0.21768
0.22041
0.2079
0.17807
0.12839
0.057701
-0.032132
-0.13559
-0.24437
-0.34952
-0.44387
-0.52376
-0.58908
-0.64163
-0.68268
-0.71086
-0.72145
-0.70729
-0.66053
-0.5745
-0.44479
-0.26993
-0.052036
0.20219
0.48032
0.764
1.0302
1.2546
1.4151
1.4964
1.4921
1.4055
1.2491
1.0423
0.80934
0.5758
0.36562
0.1971
0.0795
0.011023
-0.02052
-0.033991
-0.048716
-0.077595
-0.12188
-0.16975
-0.19984
-0.18905
-0.12254
-0.0023601
0.14854
0.28936
0.3715
0.35307
0.2135
-0.036875
-0.35611
-0.67994
-0.93895
-1.0784
-1.0744
-0.941
-0.72493
-0.49089
-0.30122
-0.19767
-0.19127
-0.26295
-0.37365
-0.47947
-0.54596
-0.55689
-0.51562
-0.43981
-0.35264
-0.2741
-0.21543
-0.17771
-0.15431
-0.13537
-0.11224
-0.080325
-0.039714
0.0061127
0.052437
0.095252
0.13224
0.16257
0.18585
0.20084
0.2045
0.192
0.15768
0.096895
0.0080609
-0.10593
-0.23757
-0.37625
-0.51074
-0.63174
-0.73306
-0.81108
-0.86285
-0.88427
-0.86945
-0.81194
-0.70709
-0.55447
-0.35903
-0.13088
0.11644
0.36828
0.61129
0.83536
1.0344
1.2057
1.3485
1.4612
1.54
1.5789
1.5706
1.5099
1.3956
1.2328
1.033
0.81268
0.59119
0.38728
0.21582
0.085016
-0.0049959
-0.06138
-0.095636
-0.11919
-0.13899
-0.15473
-0.15907
-0.14087
-0.090925
-0.0079169
0.097499
0.20255
0.27686
0.29072
0.22474
0.077616
-0.13099
-0.36376
-0.57494
-0.72274
-0.78131
-0.74824
-0.64507
-0.51034
-0.38732
-0.31053
-0.29559
-0.33592
-0.40679
-0.47503
-0.51044
-0.49516
-0.42796
-0.32305
-0.20436
-0.097693
-0.023527
0.0077107
-0.0030986
-0.045612
-0.10384
-0.16049
-0.20073
-0.21463
-0.19841
-0.15434
-0.089949
-0.016408
0.053456
0.10743
0.13603
0.13403
0.10105
0.04098
-0.039552
-0.13335
-0.23469
-0.34038
-0.44946
-0.56116
-0.67202
-0.77348
-0.85127
-0.88774
-0.86641
-0.77748
-0.62176
-0.41155
-0.16769
0.085752
0.32748
0.54343
0.72863
0.88606
1.0232
1.1474
1.2609
1.3587
1.4274
1.4494
1.4082
1.2948
1.1131
0.88089
0.62662
0.38223
0.17469
0.019296
-0.082643
-0.14104
-0.17044
-0.18258
-0.18159
-0.16384
-0.12262
-0.055322
0.030311
0.11421
0.16789
0.16336
0.083616
-0.069227
-0.27181
-0.48463
-0.66302
-0.77032
-0.78887
-0.72498
-0.60619
-0.47182
-0.36019
-0.29694
-0.2885
-0.32255
-0.3746
-0.41787
-0.43262
-0.4116
-0.36051
-0.29382
-0.22834
-0.17704
-0.1454
-0.13121
-0.12713
-0.12471
-0.11778
-0.10416
-0.085144
-0.063397
-0.040654
-0.016358
0.011915
0.046409
0.086434
0.12625
0.15474
0.15735
0.12002
0.033853
-0.10074
-0.27214
-0.45842
-0.63131
-0.76215
-0.82845
-0.81912
-0.73681
-0.59649
-0.42059
-0.23223
-0.048846
0.12165
0.28109
0.43794
0.60234
0.78077
0.97197
1.1649
1.3393
1.469
1.5279
1.4967
1.3697
1.1581
0.89002
0.60376
0.33906
0.1269
-0.017741
-0.097718
-0.1296
-0.13535
-0.13302
-0.13032
-0.12339
-0.10126
-0.053941
0.019327
0.10535
0.17828
0.20691
0.1656
0.044758
-0.14329
-0.36556
-0.57689
-0.73292
-0.80325
-0.78029
-0.68089
-0.54021
-0.40013
-0.29638
-0.24879
-0.25743
-0.30542
-0.36645
-0.41402
-0.4293
-0.40548
-0.34793
-0.27096
-0.1924
-0.12807
-0.08749
-0.072016
-0.0756
-0.087735
-0.097481
-0.097245
-0.08511
-0.064949
-0.044338
-0.031008
-0.029158
-0.037073
-0.047102
-0.048257
-0.030739
0.0090888
0.065111
0.12083
0.15248
0.13544
0.052263
-0.10009
-0.30641
-0.53438
-0.74085
-0.88162
-0.92224
-0.84648
-0.66025
-0.38964
-0.073926
0.2444
0.52968
0.76035
0.93177
1.0538
1.1445
1.2219
1.2963
1.366
1.4179
1.4318
1.3875
1.2726
1.0875
0.84678
0.57671
0.30915
0.074592
-0.10393
-0.21446
-0.25667
-0.23997
-0.18071
-0.099191
-0.017334
0.043708
0.0663
0.039614
-0.037319
-0.15418
-0.29079
-0.42172
-0.52296
-0.57852
-0.58468
-0.55039
-0.49375
-0.43595
-0.39467
-0.37926
-0.38887
-0.41407
-0.44086
-0.45567
-0.44937
-0.41935
-0.36911
-0.3062
-0.23949
-0.17686
-0.12396
-0.084216
-0.059435
-0.050575
-0.057953
-0.080762
-0.1161
-0.1581
-0.1979
-0.22486
-0.22919
-0.20514
-0.15382
-0.084266
-0.012041
0.044449
0.068759
0.050685
-0.011436
-0.11099
-0.23545
-0.36957
-0.49825
-0.60805
-0.68768
-0.7278
-0.72094
-0.66197
-0.54912
-0.38495
-0.17695
0.062822
0.31914
0.57584
0.81825
1.0349
1.2177
1.3615
1.4612
1.5111
1.5043
1.4349
1.3008
1.1081
0.87218
0.61709
0.37147
0.16228
0.0085399
-0.082956
-0.11869
-0.11582
-0.096915
-0.083664
-0.091351
-0.12554
-0.18161
-0.24698
-0.30527
-0.34109
-0.34444
-0.31365
-0.25588
-0.18519
-0.11831
-0.069371
-0.045343
-0.043825
-0.054223
-0.062014
-0.054541
-0.026084
0.019874
0.072162
0.11664
0.14216
0.14529
0.13173
0.1139
0.10562
0.11625
0.14649
0.18769
0.22472
0.24134
0.22577
0.17454
0.093287
-0.0051516
-0.10445
-0.18867
-0.24534
-0.26738
-0.25382
-0.20968
-0.14472
-0.071368
-0.0018987
0.054317
0.092768
0.11426
0.12374
0.12791
0.13246
0.13993
0.14893
0.15469
0.15074
0.13085
0.090618
0.028814
-0.05158
-0.14229
-0.22902
-0.29211
-0.30962
-0.26331
-0.14642
0.029736
0.23375
0.41902
0.53528
0.54358
0.42926
0.20835
-0.075418
-0.36206
-0.59157
-0.7198
-0.72898
-0.63011
-0.45679
-0.25332
-0.061392
0.090239
0.18998
0.24112
0.25489
0.24238
0.20877
0.15198
0.066036
-0.052783
-0.19974
-0.35845
-0.50241
-0.60143
-0.63086
-0.58063
-0.46016
-0.29702
-0.12881
0.0088146
0.093795
0.12431
0.11773
0.10251
0.10616
0.14438
0.21539
0.30142
0.37638
0.41638
0.40887
0.35694
0.27748
0.19441
0.12974
0.096323
0.094781
0.11548
0.14396
0.16698
0.17653
0.17032
0.14966
0.11644
0.071447
0.0148
-0.052047
-0.12427
-0.19298
-0.2464
-0.27243
-0.26169
-0.20999
-0.11986
-0.001007
0.13033
0.25305
0.34407
0.38235
0.35352
0.25421
0.094784
-0.10045
-0.2964
-0.45342
-0.53594
-0.52165
-0.40885
-0.21929
0.0055384
0.21438
0.36041
0.41483
0.3752
0.26488
0.12363
-0.0070437
-0.097955
-0.14016
-0.14392
-0.13008
-0.11845
-0.11874
-0.12804
-0.13498
-0.12766
-0.10072
-0.057922
-0.0095356
0.033339
0.063823
0.08082
0.08661
0.082446
0.065256
0.027814
-0.037372
-0.13237
-0.24946
-0.37066
-0.47216
-0.53211
-0.53867
-0.49487
-0.41772
-0.33154
-0.25796
-0.20664
-0.1712
-0.13262
-0.069105
0.031721
0.16424
0.30414
0.41656
0.46969
0.44781
0.35806
0.22779
0.094144
-0.0094617
-0.064029
-0.068633
-0.036439
0.01405
0.06782
0.1181
0.16545
0.21254
0.25839
0.2954
0.31143
0.29557
0.24493
0.16849
0.08599
0.021825
-0.0035901
0.018452
0.081169
0.1638
0.23768
0.27465
0.25489
0.17203
0.03447
-0.13672
-0.3122
-0.45982
-0.5502
-0.56189
-0.48581
-0.32832
-0.11211
0.12638
0.34329
0.49689
0.55796
0.51795
0.39178
0.21394
0.028781
-0.12196
-0.21016
-0.22746
-0.18501
-0.10756
-0.024425
0.039645
0.070972
0.069208
0.045111
0.014851
-0.0070754
-0.013843
-0.0091
-0.0055945
-0.020098
-0.066394
-0.14876
-0.25837
-0.37416
-0.46845
-0.51562
-0.501
-0.42639
-0.30971
-0.17856
-0.060098
0.028423
0.084618
0.11934
0.14962
0.18961
0.24369
0.30466
0.35752
0.38669
0.38352
0.35051
0.30064
0.25212
0.22107
0.21524
0.23148
0.25772
0.27818
0.27928
0.25343
0.19975
0.12202
0.025974
-0.082111
-0.19479
-0.30159
-0.38795
-0.4366
-0.43168
-0.3645
-0.23832
-0.070139
0.11171
0.27364
0.38462
0.42329
0.38227
0.26863
0.10109
-0.094505
-0.28969
-0.45676
-0.57102
-0.61275
-0.57
-0.44214
-0.24318
-0.0024528
0.23902
0.43687
0.55444
0.57281
0.49593
0.34865
0.16822
-0.0072313
-0.14896
-0.24282
-0.28838
-0.29362
-0.26846
-0.22061
-0.15486
-0.075411
0.011234
0.094794
0.16225
0.20083
0.20131
0.16042
0.08131
-0.027207
-0.1523
-0.27877
-0.39084
-0.47403
-0.51748
-0.51612
-0.47209
-0.39421
-0.29541
-0.18862
-0.082641
0.01983
0.12117
0.22485
0.33057
0.43087
0.51141
0.55514
0.54897
0.48993
0.38818
0.26508
0.14683
0.05614
0.0052175
-0.0069784
0.0077047
0.03295
0.055123
0.067939
0.072709
0.074552
0.077031
0.07837
0.071453
0.047575
0.0018897
-0.062419
-0.1334
-0.19336
-0.22422
-0.21289
-0.15477
-0.054738
0.074274
0.21396
0.34379
0.44405
0.49829
0.49537
0.43072
0.30696
0.1338
-0.072414
-0.28968
-0.49158
-0.64951
-0.73626
-0.73135
-0.62712
-0.43379
-0.18073
0.087795
0.32249
0.48179
0.5431
0.50824
0.40077
0.25639
0.11066
-0.010974
-0.097201
-0.14847
-0.17097
-0.17095
-0.15225
-0.11767
-0.072002
-0.024037
0.014721
0.034186
0.030511
0.0086522
-0.019155
-0.038679
-0.040391
-0.024492
-0.0018901
0.0093937
-0.0090168
-0.068662
-0.16943
-0.29886
-0.43568
-0.55597
-0.63952
-0.674
-0.65568
-0.58702
-0.47287
-0.3178
-0.12612
0.0951
0.332
0.56149
0.75292
0.87425
0.90111
0.8254
0.66011
0.4381
0.20488
0.0073492
-0.11806
-0.15429
-0.10717
-0.002538
0.1218
0.22699
0.28376
0.27993
0.22277
0.13536
0.048028
-0.012654
-0.033501
-0.019343
0.0094345
0.02571
0.0073875
-0.05275
-0.1431
-0.23671
-0.30051
-0.30663
-0.24164
-0.1109
0.062906
0.24595
0.40208
0.50161
0.52776
0.47935
0.36919
0.2191
0.053192
-0.10816
-0.25174
-0.37135
-0.46479
-0.52996
-0.56245
-0.55614
-0.50662
-0.41549
-0.29295
-0.15699
-0.029181
0.071098
0.13139
0.14828
0.12679
0.078179
0.017538
-0.038401
-0.073657
-0.076097
-0.040953
0.026604
0.11148
0.19217
0.24698
0.26078
0.22964
0.16145
0.072659
-0.017618
-0.093632
-0.14711
-0.17837
-0.1945
-0.20581
-0.22185
-0.24852
-0.2868
-0.33317
-0.381
-0.42214
-0.44786
-0.44916
-0.4169
-0.34269
-0.22136
-0.054528
0.14592
0.35681
0.54656
0.68216
0.7383
0.70557
0.59443
0.43323
0.26052
0.11426
0.021527
-0.0078859
0.017954
0.078089
0.14686
0.20207
0.23016
0.22712
0.19566
0.14092
0.067181
-0.022631
-0.12475
-0.23147
-0.32954
-0.40157
-0.43045
-0.40486
-0.32339
-0.19569
-0.040126
0.12083
0.26577
0.37836
0.44936
0.47624
0.46108
0.40771
0.31924
0.19709
0.042219
-0.14156
-0.34351
-0.54287
-0.70901
-0.80624
-0.80293
-0.68269
-0.45363
-0.15165
0.16492
0.42903
0.58318
0.5964
0.47408
0.25679
0.0083609
-0.20294
-0.32406
-0.33144
-0.23582
-0.076438
0.09287
0.22114
0.27548
0.24929
0.16126
0.045899
-0.060471
-0.13302
-0.16618
-0.17329
-0.1788
-0.20651
-0.26852
-0.35937
-0.45732
-0.53226
-0.55677
-0.51613
-0.41324
-0.26686
-0.10411
0.04915
0.17617
0.27223
0.34222
0.39466
0.43569
0.46563
0.47968
0.47161
0.43842
0.38343
0.31619
0.2494
0.19435
0.15713
0.13734
0.12964
0.12705
0.12406
0.11794
0.10776
0.092243
0.068192
0.030937
-0.022936
-0.091915
-0.16707
-0.23248
-0.269
-0.2602
-0.19823
-0.08745
0.055504
0.20521
0.33325
0.41447
0.43207
0.38022
0.26412
0.098175
-0.096875
-0.29658
-0.47507
-0.60716
-0.67115
-0.65253
-0.54841
-0.37083
-0.14733
0.083123
0.27857
0.40491
0.44552
0.40586
0.31074
0.19507
0.091343
0.018866
-0.021011
-0.042054
-0.064329
-0.10355
-0.16333
-0.23332
-0.29368
-0.32326
-0.30811
-0.24688
-0.15168
-0.044784
0.047232
0.099935
0.096483
0.031289
-0.08844
-0.24339
-0.40512
-0.54131
-0.62265
-0.63016
-0.56069
-0.4286
-0.26199
-0.094301
0.046166
0.14473
0.20338
0.23711
0.26538
0.30244
0.35088
0.40096
0.43567
0.43896
0.40339
0.3339
0.24634
0.16149
0.097565
0.064161
0.060259
0.076563
0.10074
0.12277
0.138
0.14649
0.14988
0.14772
0.13586
0.10809
0.060357
-0.004799
-0.076021
-0.13467
-0.15987
-0.13532
-0.055386
0.071517
0.22343
0.36906
0.47454
0.51097
0.46098
0.32293
0.112
-0.14174
-0.39781
-0.61189
-0.74359
-0.7647
-0.66638
-0.46337
-0.19304
0.091635
0.33445
0.49035
0.53727
0.48103
0.3513
0.19022
0.037984
-0.078613
-0.1508
-0.18464
-0.19281
-0.18595
-0.16791
-0.1363
-0.08731
-0.021256
0.054124
0.12437
0.17225
0.18302
0.14868
0.070121
-0.043217
-0.17552
-0.30793
-0.42242
-0.50529
-0.54972
-0.55631
-0.5314
-0.48347
-0.41879
-0.33828
-0.23698
-0.10727
0.055327
0.24589
0.44653
0.62768
0.75485
0.79856
0.74417
0.59792
0.38688
0.15268
-0.058811
-0.20881
-0.27437
-0.2523
-0.15774
-0.018352
0.13328
0.26683
0.35912
0.39636
0.3744
0.29779
0.17859
0.034821
-0.11174
-0.23859
-0.32621
-0.36142
-0.33946
-0.26422
-0.14693
-0.0040996
0.14476
0.27928
0.38051
0.4335
0.42989
0.36981
0.26225
0.12327
-0.027505
-0.17097
-0.29184
-0.37994
-0.42956
-0.43774
-0.40318
-0.32675
-0.21351
-0.074739
0.071661
0.20354
0.29891
0.34074
0.32062
0.24045
0.11248
-0.041924
-0.19492
-0.31676
-0.3823
-0.37809
-0.30746
-0.19076
-0.05967
0.053064
0.12433
0.14741
0.13186
0.096546
0.059411
0.028549
-0.0011862
-0.044612
-0.11738
-0.22592
-0.36089
-0.49721
-0.60118
-0.64201
-0.60318
-0.48894
-0.32304
-0.14007
0.026959
0.15758
0.24856
0.31069
0.35981
0.40683
0.45164
0.48366
0.48808
0.45437
0.38261
0.28487
0.18125
0.092709
0.034098
0.010305
0.016731
0.043158
0.078596
0.11452
0.14516
0.16541
0.1686
0.14624
0.090953
0.0013374
-0.11393
-0.23548
-0.33722
-0.39375
-0.38827
-0.31763
-0.19301
-0.03615
0.12681
0.27149
0.37953
0.44029
0.45033
0.41156
0.32926
0.21064
0.064192
-0.099953
-0.26902
-0.42655
-0.55236
-0.62444
-0.62352
-0.53946
-0.37724
-0.1598
0.074788
0.28179
0.42158
0.47029
0.42582
0.30696
0.1471
-0.01505
-0.14462
-0.2175
-0.22447
-0.17222
-0.081327
0.018989
0.098689
0.13565
0.12254
0.068998
-0.0022562
-0.064475
-0.097671
-0.096837
-0.07404
-0.053273
-0.059981
-0.10948
-0.19907
-0.30736
-0.4014
-0.44895
-0.43108
-0.34978
-0.22709
-0.095915
0.013785
0.087211
0.12982
0.16285
0.21139
0.29073
0.3975
0.50968
0.59542
0.62629
0.58904
0.49092
0.3566
0.21877
0.10653
0.036406
0.0090204
0.011969
0.026882
0.037317
0.034262
0.017527
-0.0067195
-0.030367
-0.047407
-0.055991
-0.058314
-0.059106
-0.063782
-0.076725
-0.099706
-0.13035
-0.16106
-0.17903
-0.16831
-0.11359
-0.005209
0.15647
0.35866
0.57673
0.77797
0.92732
0.99389
0.95682
0.8094
0.56106
0.23696
-0.12517
-0.48099
-0.7881
-1.0156
-1.152
-1.2086
-1.2164
-1.2157
-1.2431
-1.3183
-1.4371
-1.5718
-1.6803
-1.7196
-1.6602
-1.4956
-1.2441
-0.94256
-0.63446
-0.35704
-0.13258
0.033581
0.14822
0.22181
0.26088
0.26504
0.22997
0.15488
0.05043
-0.057086
-0.12844
-0.12106
-0.0027914
0.23514
0.571
0.95476
1.3198
1.601
1.7531
1.7626
1.6493
1.457
1.2368
1.0315
0.86535
0.74295
0.65616
0.59369
0.54885
0.52182
0.51616
0.53228
0.56179
0.58615
0.58069
0.52282
0.40092
0.2205
0.0050253
-0.20895
-0.38101
-0.4776
-0.4812
-0.39533
-0.24385
-0.064592
0.10064
0.21697
0.26488
0.2441
0.17227
0.079402
9.556e-05
-0.034409
-0.0028849
0.10138
0.26859
0.47318
0.67754
0.8388
0.91778
0.88868
0.74661
0.51055
0.2199
-0.075188
-0.32704
-0.50353
-0.59669
-0.62388
-0.62132
-0.63208
-0.69257
-0.82181
-1.0164
-1.2522
-1.4907
-1.6892
-1.8101
-1.8288
-1.7384
-1.5494
-1.287
-0.98491
-0.67791
-0.39491
-0.15476
0.03454
0.17306
0.26432
0.31115
0.31409
0.2733
0.19289
0.085773
-0.023768
-0.10179
-0.11126
-0.022201
0.1774
0.474
0.82761
1.1792
1.4655
1.6361
1.6681
1.5717
1.3862
1.1661
0.96429
0.81719
0.73656
0.70986
0.70768
0.69538
0.64503
0.54425
0.3998
0.23463
0.079706
-0.037035
-0.10056
-0.11385
-0.096226
-0.075453
-0.076736
-0.11283
-0.17915
-0.2558
-0.31556
-0.33469
-0.30231
-0.22445
-0.12161
-0.020663
0.055419
0.096051
0.10669
0.10642
0.12071
0.172
0.27137
0.41394
0.5791
0.73506
0.84627
0.88146
0.82057
0.65926
0.4105
0.1032
-0.22224
-0.52094
-0.75267
-0.8912
-0.9316
-0.89272
-0.81341
-0.74272
-0.72643
-0.79407
-0.94999
-1.1715
-1.4145
-1.6248
-1.7524
-1.7639
-1.6506
-1.4295
-1.1373
-0.81986
-0.51997
-0.26727
-0.073518
0.065973
0.16591
0.2424
0.3057
0.35701
0.39015
0.397
0.37411
0.32783
0.27584
0.24424
0.26086
0.34663
0.5074
0.72938
0.98001
1.2152
1.3907
1.475
1.458
1.3534
1.1938
1.0197
0.86798
0.76148
0.70485
0.68581
0.68165
0.66808
0.62765
0.55478
0.45593
0.3452
0.23728
0.14098
0.056285
-0.023892
-0.10802
-0.19931
-0.29132
-0.36835
-0.41071
-0.40295
-0.34133
-0.23726
-0.11468
-0.0023227
0.076385
0.11172
0.11119
0.096852
0.097516
0.1386
0.23318
0.37674
0.5471
0.7088
0.82079
0.8456
0.75832
0.55378
0.25051
-0.1101
-0.47055
-0.7693
-0.9561
-1.0063
-0.92937
-0.76815
-0.58816
-0.45963
-0.43764
-0.5463
-0.77163
-1.0651
-1.3563
-1.5717
-1.6524
-1.5689
-1.3262
-0.96076
-0.52915
-0.093431
0.2928
0.59355
0.79292
0.89164
0.90052
0.83396
0.70646
0.53274
0.33041
0.12291
-0.059861
-0.18457
-0.22122
-0.15165
0.023107
0.27989
0.5769
0.86351
1.0934
1.2369
1.2873
1.2601
1.184
1.0895
0.99831
0.91868
0.8466
0.77251
0.68897
0.59592
0.50139
0.41762
0.35509
0.31728
0.29867
0.28679
0.26704
0.22806
0.16564
0.083776
-0.0068785
-0.092168
-0.15812
-0.19423
-0.19588
-0.16552
-0.11225
-0.049601
0.0084218
0.051942
0.079056
0.097172
0.12088
0.16658
0.24555
0.35792
0.48989
0.61557
0.70301
0.72248
0.65456
0.49549
0.25866
-0.027854
-0.32661
-0.59768
-0.80583
-0.92685
-0.95245
-0.89265
-0.77486
-0.63924
-0.5307
-0.4891
-0.53993
-0.68789
-0.91528
-1.1855
-1.4507
-1.6615
-1.7766
-1.77
-1.6347
-1.3836
-1.0459
-0.66206
-0.27658
0.06921
0.34311
0.52577
0.61167
0.60766
0.52991
0.40067
0.24565
0.092428
-0.030676
-0.096422
-0.082087
0.025351
0.2236
0.49143
0.78961
1.0679
1.2768
1.3813
1.3707
1.2619
1.0926
0.90897
0.75079
0.6406
0.58018
0.55488
0.54292
0.52535
0.49282
0.4469
0.3966
0.35234
0.3203
0.29963
0.2833
0.26172
0.22741
0.17846
0.11959
0.060573
0.012758
-0.014955
-0.01925
-0.0036226
0.022703
0.047859
0.061519
0.058859
0.042925
0.024394
0.018502
0.03995
0.097496
0.19027
0.3073
0.43037
0.53906
0.6157
0.6483
0.63064
0.56018
0.43597
0.25835
0.031354
-0.23331
-0.51332
-0.77666
-0.9877
-1.1171
-1.1524
-1.104
-1.0055
-0.9046
-0.85018
-0.87739
-0.99676
-1.1904
-1.4169
-1.6218
-1.7527
-1.7714
-1.662
-1.4332
-1.1139
-0.74625
-0.37617
-0.045052
0.21668
0.3933
0.48427
0.50193
0.46702
0.4035
0.33408
0.27759
0.24828
0.25625
0.30792
0.40543
0.54492
0.71474
0.89489
1.0592
1.1806
1.2377
1.2215
1.1381
1.0071
0.85593
0.71156
0.59401
0.51247
0.46557
0.44471
0.43845
0.4362
0.43019
0.41562
0.38985
0.35149
0.30016
0.23696
0.16521
0.090819
0.021764
-0.033304
-0.067047
-0.075375
-0.058738
-0.022341
0.024889
0.072444
0.11105
0.13545
0.14622
0.14986
0.15677
0.17752
0.21852
0.27865
0.3481
0.41016
0.44536
0.43677
0.37474
0.25961
0.1016
-0.081774
-0.26967
-0.44188
-0.58159
-0.67691
-0.72188
-0.71777
-0.67483
-0.61348
-0.56305
-0.55693
-0.62405
-0.77898
-1.014
-1.2971
-1.5764
-1.793
-1.8947
-1.8504
-1.6576
-1.3423
-0.95204
-0.54388
-0.17121
0.12661
0.33002
0.43929
0.46985
0.44509
0.38937
0.32337
0.26269
0.21908
0.20268
0.2234
0.29035
0.40913
0.57803
0.78462
1.0048
1.2057
1.3524
1.4176
1.3892
1.2754
1.1021
0.90558
0.72163
0.57623
0.48046
0.43097
0.4149
0.41663
0.42351
0.42872
0.43089
0.43158
0.43214
0.4315
0.42585
0.4099
0.37905
0.33136
0.26862
0.19618
0.1218
0.053874
-0.00029502
-0.035951
-0.051614
-0.049167
-0.033389
-0.011066
0.010265
0.023917
0.025889
0.016536
0.0014054
-0.0094031
-0.0036776
0.029097
0.093658
0.18605
0.29301
0.39407
0.46577
0.48683
0.4429
0.32991
0.1556
-0.061006
-0.29194
-0.50459
-0.66794
-0.76009
-0.77556
-0.72964
-0.65736
-0.60571
-0.62052
-0.73185
-0.94295
-1.2271
-1.5335
-1.8009
-1.9736
-2.015
-1.9152
-1.6899
-1.3738
-1.0099
-0.63996
-0.29746
-0.0048943
0.22566
0.39039
0.49156
0.53614
0.53505
0.50225
0.45337
0.40382
0.36699
0.35301
0.36839
0.41628
0.49666
0.60618
0.73722
0.87697
1.0075
1.1078
1.1589
1.1488
1.0783
0.96101
0.8208
0.6841
0.57215
0.49537
0.45221
0.43244
0.42306
0.4141
0.4019
0.38895
0.38067
0.38112
0.3898
0.40089
0.40532
0.39442
0.3635
0.31363
0.25116
0.18526
0.12486
0.076204
0.041893
0.021374
0.012369
0.012279
0.018882
0.030177
0.043771
0.056566
0.065328
0.068192
0.066483
0.065775
0.075265
0.1052
0.16307
0.24994
0.35847
0.47327
0.57359
0.6372
0.64449
0.58179
0.44408
0.23691
-0.022334
-0.3046
-0.57204
-0.78445
-0.90875
-0.92934
-0.8556
-0.7232
-0.58724
-0.50833
-0.53513
-0.68884
-0.95468
-1.284
-1.6066
-1.8506
-1.9628
-1.9234
-1.7495
-1.4875
-1.1966
-0.92935
-0.71735
-0.56533
-0.45561
-0.35996
-0.25381
-0.12759
0.0089583
0.13024
0.20468
0.2073
0.1309
-0.007818
-0.16914
-0.29836
-0.33915
-0.24875
-0.01106
0.35611
0.80196
1.2523
1.6261
1.855
1.9007
1.7655
1.4912
1.1474
0.81161
0.54877
0.39569
0.35572
0.40377
0.49856
0.59689
0.66525
0.68577
0.65635
0.58661
0.49226
0.38993
0.2938
0.21395
0.15586
0.12041
0.10408
0.099745
0.098229
0.090732
0.071525
0.039985
0.0010974
-0.035921
-0.060572
-0.06468
-0.04544
-0.0068262
0.041238
0.08583
0.11519
0.12277
0.10964
0.08445
0.060792
0.052894
0.07112
0.11877
0.19109
0.27645
0.35903
0.42179
0.44923
0.42943
0.35597
0.22983
0.061006
-0.131
-0.3194
-0.47558
-0.57727
-0.61691
-0.60685
-0.57855
-0.57457
-0.63549
-0.78539
-1.0213
-1.3107
-1.5986
-1.8229
-1.9325
-1.9025
-1.741
-1.485
-1.1872
-0.89979
-0.65944
-0.48051
-0.35621
-0.26696
-0.19154
-0.1167
-0.041923
0.021703
0.057463
0.051411
3.1239e-05
-0.085399
-0.17915
-0.24593
-0.24881
-0.15814
0.0407
0.34215
0.7189
1.1245
1.5003
1.7869
1.937
1.9278
1.7683
1.4975
1.1747
0.8637
0.61632
0.46117
0.40013
0.41284
0.46665
0.52763
0.56931
0.5771
0.54845
0.48992
0.41315
0.33094
0.25438
0.19092
0.14355
0.11081
0.087867
0.068356
0.04668
0.020048
-0.010384
-0.039681
-0.060643
-0.066262
-0.052403
-0.019833
0.025207
0.072246
0.10945
0.12728
0.12176
0.096234
0.060973
0.030675
0.020654
0.042791
0.10234
0.19619
0.31279
0.43344
0.53477
0.5922
0.58435
0.49808
0.33329
0.10583
-0.15317
-0.40297
-0.60337
-0.72693
-0.7691
-0.7521
-0.71988
-0.72472
-0.80942
-0.99105
-1.2524
-1.5452
-1.8036
-1.9653
-1.9906
-1.874
-1.6437
-1.3505
-1.049
-0.78184
-0.56887
-0.40737
-0.27983
-0.16593
-0.053247
0.05703
0.15096
0.20798
0.20961
0.14746
0.028089
-0.12656
-0.28284
-0.40189
-0.44695
-0.39015
-0.2176
0.067358
0.44282
0.86918
1.293
1.6546
1.8993
1.9903
1.9186
1.7075
1.4075
1.083
0.79562
0.58864
0.47821
0.45336
0.4838
0.53198
0.56504
0.56316
0.52239
0.45225
0.36984
0.293
0.23458
0.1994
0.18421
0.17995
0.1753
0.16044
0.12986
0.083729
0.027815
-0.028114
-0.072737
-0.096058
-0.092059
-0.06053
-0.0075316
0.055808
0.11607
0.16122
0.18416
0.18489
0.17049
0.15284
0.14485
0.15661
0.19277
0.25177
0.32672
0.407
0.47968
0.5305
0.54465
0.50852
0.41272
0.2563
0.050311
-0.18131
-0.40572
-0.59
-0.71246
-0.77213
-0.79168
-0.81121
-0.87399
-1.009
-1.2172
-1.4673
-1.7042
-1.8665
-1.9084
-1.8157
-1.6105
-1.3424
-1.0704
-0.8421
-0.6792
-0.57399
-0.49762
-0.41542
-0.30298
-0.15687
0.0033063
0.14134
0.21672
0.19883
0.078916
-0.12338
-0.36101
-0.56821
-0.67519
-0.62537
-0.39099
0.017267
0.54915
1.1233
1.6438
2.0212
2.1939
2.143
1.8967
1.5227
1.1089
0.74075
0.47991
0.35228
0.34715
0.42655
0.54014
0.64046
0.69414
0.68695
0.6227
0.51807
0.39551
0.27671
0.17793
0.10774
0.066937
0.050183
0.048493
0.052075
0.05287
0.04637
0.03241
0.014813
-4.0093e-05
-0.0054491
0.0031003
0.025893
0.058196
0.091249
0.11495
0.12147
0.10855
0.081041
0.050084
0.029996
0.033987
0.070283
0.13994
0.23679
0.34913
0.46201
0.55917
0.62427
0.64179
0.5985
0.48627
0.30595
0.070842
-0.19266
-0.44934
-0.66443
-0.81543
-0.90168
-0.94692
-0.99193
-1.0791
-1.234
-1.4522
-1.6965
-1.9081
-2.0262
-2.0104
-1.855
-1.5906
-1.2722
-0.95925
-0.69581
-0.49902
-0.35902
-0.24958
-0.14347
-0.026139
0.097636
0.20569
0.26747
0.25615
0.15962
-0.013107
-0.23178
-0.45071
-0.61868
-0.68977
-0.63263
-0.4362
-0.11149
0.30989
0.7797
1.2393
1.6278
1.8928
2.0009
1.9464
1.7536
1.472
1.1634
0.88628
0.68164
0.56465
0.52501
0.53433
0.55747
0.56394
0.53584
0.47072
0.37952
0.28087
0.19413
0.13311
0.10247
0.097246
0.10565
0.11373
0.11032
0.090561
0.056949
0.017958
-0.015102
-0.031755
-0.02556
0.0038665
0.050366
0.10241
0.14585
0.16773
0.16041
0.12463
0.070441
0.01533
-0.020233
-0.018472
0.030541
0.12593
0.25607
0.40144
0.53906
0.64691
0.70728
0.70834
0.64458
0.51674
0.33206
0.10466
-0.14477
-0.39129
-0.61046
-0.78493
-0.91028
-0.99739
-1.0691
-1.1519
-1.2646
-1.4095
-1.5694
-1.712
-1.8014
-1.8098
-1.727
-1.5622
-1.3393
-1.0876
-0.83296
-0.59209
-0.37295
-0.1783
-0.01096
0.12266
0.21199
0.24502
0.21302
0.11536
-0.037023
-0.22106
-0.40404
-0.54866
-0.61944
-0.58891
-0.44231
-0.18049
0.17915
0.6032
1.0448
1.4488
1.7602
1.9353
1.9526
1.8196
1.5724
1.2673
0.9656
0.71819
0.55387
0.47552
0.46418
0.48836
0.5149
0.51776
0.48273
0.40804
0.302
0.17912
0.056079
-0.051801
-0.13324
-0.18251
-0.1997
-0.18959
-0.15964
-0.11781
-0.070908
-0.023934
0.019608
0.056972
0.085603
0.10319
0.10831
0.10121
0.084261
0.061577
0.038048
0.018023
0.0042765
-0.0024091
-0.0029573
0.00075931
0.0067803
0.013683
0.020799
0.028043
0.035526
0.043157
0.050417
0.056372
0.059904
0.060063
0.056393
0.049116
0.039112
0.027681
0.016202
0.0057951
-0.0028867
-0.0096729
-0.014737
-0.018386
-0.020875
-0.022317
-0.022695
-0.021934
-0.019981
-0.016852
-0.012628
-0.0074461
-0.0014971
0.0049337
0.011411
0.017322
0.021931
0.024523
0.024619
0.022169
0.017644
0.011974
0.0063302
0.0018193
-0.00080487
-0.0013263
-9.0332e-05
0.002131
0.0043819
0.0057963
0.0058249
0.0043579
0.0017207
-0.0014424
-0.0043549
-0.0063103
-0.0068391
-0.0058082
-0.0034372
-0.00023153
0.0031486
0.0060544
0.0080074
0.0088076
0.0085562
0.0075849
0.0063177
0.0051203
0.0041984
0.0035857
0.0032168
0.0030379
0.0030909
0.0035173
0.0044762
0.0060136
0.0079547
0.0098846
0.011245
0.011521
0.010439
0.0081037
0.0049916
0.0018213
-0.00067024
-0.0019508
-0.0018418
-0.00054825
0.0014275
0.003447
0.0049137
0.0054134
0.0047875
0.0031363
0.00077209
-0.0018561
-0.0042456
-0.0059258
-0.0065439
-0.0059424
-0.004213
-0.0017016
0.0010536
0.0034508
0.0049933
0.005447
0.0049286
0.0038838
0.0029458
0.0027152
0.003533
0.0053333
0.0076366
0.0096943
0.010739
0.010255
0.0081689
0.0049006
0.0012448
-0.0018686
-0.0036648
-0.0037716
-0.0023459
-3.3378e-05
0.0022385
0.0035804
0.0034766
0.0020137
-9.9316e-05
-0.0017555
-0.0018562
0.0002439
0.0044288
0.0097836
0.014861
0.018164
0.018678
0.016232
0.011578
0.0061301
0.0014739
-0.0011691
-0.0013354
0.00057111
0.0034769
0.0060579
0.0072178
0.0064513
0.0039744
0.00059169
-0.0026293
-0.0047464
-0.0052528
-0.0042093
-0.0021698
5.1169e-05
0.0016776
0.0022293
0.0016601
0.00034535
-0.0010611
-0.0018449
-0.0014528
0.00034811
0.0034143
0.0072831
0.011317
0.014885
0.01752
0.019013
0.019412
0.018948
0.017923
0.016583
0.01505
0.013309
0.011263
0.0088418
0.0060944
0.0032479
0.00067558
-0.0012103
-0.0021065
-0.0019451
-0.00093912
0.00047563
0.0017845
0.0025663
0.0026279
0.0020521
0.0011459
0.00031507
-8.7269e-05
0.0001195
0.0008915
0.0019888
0.0030678
0.0038011
0.0039857
0.0036057
0.0028327
0.001968
0.0013442
0.0012206
0.0017016
0.0027069
0.004
0.0052657
0.006206
0.0066205
0.0064412
0.0057176
0.0045643
0.0031023
0.001421
-0.00042263
-0.0023751
-0.0043458
-0.0061793
-0.0076596
-0.0085493
-0.0086529
-0.0078816
-0.0062954
-0.0041054
-0.0016334
0.00075543
0.002725
0.0040258
0.0045275
0.0042292
0.0032571
0.0018506
0.00033448
-0.00093246
-0.0016313
-0.0015648
-0.00071891
0.00072131
0.002417
0.0039689
0.0050286
0.0053884
0.0050209
0.0040599
0.0027395
0.0013175
1.3797e-05
-0.0010209
-0.001707
-0.0020215
-0.0019855
-0.001661
-0.0011542
-0.00061085
-0.00019091
-2.1422e-05
-0.0001402
-0.00045351
-0.00073189
-0.00065841
7.3719e-05
0.0016383
0.003969
0.006713
0.0092802
0.01099
0.011284
0.0099345
0.0071679
0.0036463
0.00029165
-0.0019954
-0.0026272
-0.0015262
0.00084815
0.0036539
0.0059501
0.0070071
0.0065364
0.0047622
0.0023194
2.3348e-05
-0.0014035
-0.0015547
-0.00044401
0.0015296
0.0037358
0.0055245
0.0064279
0.0062873
0.0052714
0.0037848
0.0023055
0.0012124
0.00066684
0.00058841
0.00072686
0.00079458
0.00060331
0.00015176
-0.00036737
-0.0006419
-0.00036966
0.00060112
0.00217
0.003962
0.0054058
0.005903
0.0050467
0.0028199
-0.00030492
-0.0034228
-0.0054245
-0.0053441
-0.0027187
0.0021706
0.0082839
0.014068
0.017905
0.018612
0.015834
0.010175
0.0030189
-0.0038829
-0.0089435
-0.011192
-0.01051
-0.007595
-0.0036603
-8.6245e-06
0.0023927
0.0031869
0.0026762
0.0016372
0.00098017
0.0013757
0.0029833
0.0053804
0.0077154
0.0090309
0.0086373
0.0063983
0.0028159
-0.0011196
-0.0042644
-0.0057173
-0.0051293
-0.0028139
0.00037983
0.0033773
0.0052556
0.0055501
0.0043864
0.002399
0.00047596
-0.0005726
-0.00030121
0.001228
0.0034885
0.0056924
0.0070733
0.007145
0.0058486
0.0035465
0.00087853
-0.0014581
-0.0029226
-0.0032683
-0.0025685
-0.0011384
0.00060463
0.0022847
0.0036653
0.0046762
0.0053723
0.0058529
0.0061808
0.0063349
0.0062162
0.0057027
0.0047289
0.003355
0.0017917
0.00036537
-0.00057023
-0.00074769
-8.5533e-05
0.0012623
0.0029284
0.0044232
0.0052722
0.0051575
0.0040184
0.0020784
-0.00021402
-0.0023141
-0.003741
-0.00422
-0.0037609
-0.0026477
-0.0013431
-0.00033791
1.5194e-06
-0.0004586
-0.0015895
-0.0030506
-0.0044014
-0.0052365
-0.005306
-0.0045859
-0.0032811
-0.0017584
-0.00043009
0.00037988
0.0005437
0.00017576
-0.00040213
-0.00076907
-0.00055318
0.00043017
0.0020994
0.0041165
0.0059855
0.0072046
0.0074242
0.0065552
0.0047996
0.0025935
0.00048487
-0.0010176
-0.0015793
-0.0011225
0.00016716
0.0019083
0.003643
0.0049703
0.0056518
0.0056605
0.0051601
0.0044285
0.0037502
0.0033178
0.0031739
0.0032155
0.0032548
0.0031134
0.0027108
0.0021115
0.001511
0.0011644
0.0012854
0.0019546
0.0030743
0.0043872
0.0055528
0.0062543
0.0062965
0.0056633
0.0045179
0.0031485
0.001882
0.00099081
0.00062087
0.00075698
0.0012328
0.0017818
0.0021171
0.0020208
0.001418
0.00041076
-0.00074426
-0.0017132
-0.0021956
-0.0020287
-0.0012436
-5.0343e-05
0.0012452
0.0023557
0.0031106
0.0034976
0.0036332
0.0036804
0.0037531
0.0038507
0.0038532
0.0035791
0.0028826
0.0017483
0.00033771
-0.0010395
-0.0020279
-0.0023642
-0.0019933
-0.0011088
-9.3335e-05
0.00062036
0.00071408
0.0001068
-0.0010136
-0.0022619
-0.0032006
-0.0035025
-0.0030679
-0.002054
-0.00080806
0.00026595
0.00085403
0.00083685
0.00031652
-0.0004377
-0.0010978
-0.0013953
-0.0012054
-0.00056927
0.00034587
0.001328
0.0022056
0.0029034
0.003451
0.0039474
0.0045001
0.0051663
0.0059168
0.0066356
0.0071539
0.0073074
0.006998
0.0062421
0.0051856
0.0040773
0.0032037
0.0028036
0.0029874
0.0036923
0.0046897
0.0056466
0.0062237
0.0061793
0.0054466
0.0041604
0.0026237
0.0012245
0.00032527
0.00015813
0.00075566
0.0019372
0.0033553
0.0045894
0.0052593
0.0051274
0.0041593
0.0025294
0.00057096
-0.0013104
-0.0027344
-0.0034303
-0.0032905
-0.0023821
-0.00091746
0.00081035
0.0025101
0.0039705
0.0051102
0.0059852
0.0067519
