6.2265e-05
0.0020684
0.0018297
0.00088346
0.00045456
0.00021678
-0.00073513
-0.0015443
-0.0011498
-5.9095e-05
0.00035374
0.00040283
0.00023635
-0.00041208
-0.00019824
0.00084258
0.0015302
0.00088417
-0.00081394
-0.0014176
-0.00075349
-0.00071988
-0.00085928
0.00027435
0.00098305
0.0005731
0.00020737
-0.00038572
-0.00060005
0.00019144
0.00078983
0.00038377
-0.00024585
-0.00024923
-8.2201e-06
-7.2464e-05
-0.00014178
-0.00015054
-0.0001581
-6.7597e-05
-0.0001007
-0.00015641
0.00011531
0.00053174
0.00059871
0.00021901
-0.0010241
-0.0016536
-0.00010958
0.0010873
0.00066241
-0.0004877
-0.0015759
-0.0010995
0.0006319
0.0013235
0.00074346
0.00026962
8.4597e-05
-0.0004711
-0.00079133
-0.00024143
-0.00023573
-0.00035218
0.00045578
0.0013096
0.00067863
-0.00043716
-0.00091251
-0.001571
-0.0012109
-0.00020808
0.00089112
0.00085497
7.8722e-07
0.00062853
0.0010431
0.00017464
-0.00022135
0.00072826
0.0010074
-0.00034337
-0.0012408
-0.00094434
-0.00067779
0.00033703
0.00131
0.00098223
0.00042298
-0.00013708
-0.00064097
-0.00030835
0.00028829
-0.0003033
-0.0002554
0.00067509
0.00041683
-0.00018852
-0.00021405
-7.8225e-05
-0.00018277
-0.0003821
-0.00030882
0.00018021
0.00058568
0.00010974
-0.00078702
-0.00060631
0.00097872
0.0014595
0.0005478
-0.00036479
-0.0011693
-0.00042162
0.00080071
0.000368
-0.00044623
-0.00040108
-0.00014974
-0.00017831
-0.00064008
-0.00084722
0.0003315
0.0012601
0.00046841
-0.00038709
-6.4733e-05
2.2811e-05
-0.0010731
-0.00093576
0.00071347
0.00038292
-0.00065068
0.00035074
0.0010724
0.00034098
-5.1866e-05
0.00017179
0.00019333
-0.0001248
-0.00021282
0.00027567
0.00035091
-0.00046904
-0.00086247
-0.00058954
-0.00031252
0.00041065
0.0002832
-0.0012017
-0.0011507
0.00055065
0.00085612
-0.00018103
-0.00015027
0.00028268
-0.00063178
-0.00096066
0.00055563
0.0016409
0.0012345
5.3955e-05
-0.0011917
-0.0010195
0.00024517
0.00090491
0.00068318
-5.1873e-05
-7.1762e-05
0.00052469
0.00022951
-0.00062956
-0.0002211
0.00010857
-0.00056612
-0.00073743
-0.00096776
3.8349e-05
0.001292
-0.00015639
-0.0011664
-0.00047437
-0.00040955
-7.0277e-05
0.00097192
0.0012237
0.00049744
-0.00012929
0.00028261
0.00066789
0.00080233
0.00092097
6.4533e-05
-0.00092109
-0.00082184
-3.8523e-05
0.00018295
4.9481e-05
-0.00040514
-0.0007941
-0.00017481
-0.0005702
-0.0011543
0.00061941
0.001846
0.00031644
-0.00072209
0.00040553
0.00082538
-5.2273e-05
-0.0009998
-0.00094553
0.0010108
0.0018733
0.00046318
-0.00072709
-0.0012613
-0.00099836
0.00023213
0.00084581
0.00028067
-0.00050072
-0.00067146
3.9786e-05
0.00055437
0.00026388
2.5025e-05
-0.00034592
-0.00070923
-1.8703e-06
0.00059204
0.00050671
0.00060232
-0.00030157
-0.0016278
-0.00091625
0.00038097
0.0011688
0.0013061
-0.00010521
-0.0011161
-0.00069138
-0.00019818
-0.0007116
-0.00086931
-0.00010626
-0.00012955
0.00039762
0.0016735
0.001482
0.00011321
-0.0018635
-0.0024805
-0.00020719
0.0013975
0.0004158
-0.000291
0.00010592
0.0011003
0.0017849
0.00038781
-0.00088224
-0.00089989
-0.00088649
-0.00029034
-4.3638e-05
0.00026832
0.00020678
-0.00067694
0.00032845
0.0013052
0.00084373
0.00046192
-0.00027539
-0.00081479
1.2456e-05
0.00086347
0.00047061
-7.09e-05
-0.00060426
-0.00075734
0.00028696
0.00028413
-0.0012935
-0.0017078
-9.4352e-05
0.0018607
0.00088286
-0.0012216
-0.0002417
0.0010816
0.00061287
-4.1358e-05
-0.00023293
0.0003813
0.00034759
-0.0012013
-0.0018167
-0.0011049
-0.00027588
9.7152e-05
-0.0001082
0.00013349
-0.00042267
-0.0038821
-0.0072684
-0.0077487
-0.0075753
-0.0077608
-0.0083463
-0.0089358
-0.0084942
-0.0070681
-0.0034325
-0.00058797
-0.0019391
-0.0048912
-0.009657
-0.016579
-0.015712
-0.0033998
0.0085384
0.011771
0.0072784
0.02032
0.05495
0.069549
0.05785
0.047332
0.039057
0.035228
0.040754
0.047973
0.050877
0.052062
0.048226
0.040064
0.033066
0.025997
0.01833
0.015618
0.015277
0.0090083
-0.0040057
-0.017235
-0.027691
-0.032185
-0.02698
-0.01659
-0.0075022
-0.0017791
0.00086883
0.0014706
0.00023245
-0.00018566
0.00086329
0.00079482
-0.00044646
-0.0024247
-0.0048697
-0.012474
-0.028616
-0.03967
-0.032752
-0.014931
0.005545
0.020615
0.023821
0.021816
0.02444
0.032069
0.04302
0.05649
0.068204
0.072657
0.068673
0.064015
0.085184
0.12595
0.12014
0.07345
0.034487
0.014913
0.008683
0.0039014
-0.0051484
-0.015941
-0.023375
-0.027469
-0.03481
-0.057517
-0.091253
-0.12266
-0.13983
-0.1387
-0.12448
-0.10375
-0.085514
-0.078639
-0.082798
-0.089744
-0.089573
-0.079537
-0.061919
-0.043113
-0.029652
-0.013169
0.011508
0.031826
0.043521
0.054236
0.063879
0.070103
0.07302
0.071982
0.068277
0.067669
0.065169
0.061114
0.061338
0.066908
0.074661
0.081553
0.085504
0.081152
0.071897
0.062734
0.054447
0.046023
0.036729
0.02403
0.008213
-0.0070326
-0.020466
-0.027488
-0.024373
-0.019306
-0.019113
-0.023255
-0.028737
-0.030938
-0.0288
-0.027948
-0.032229
-0.037663
-0.042075
-0.046912
-0.049721
-0.067684
-0.084554
-0.052878
-0.0010975
0.026257
0.034406
0.033825
0.034225
0.036892
0.041241
0.046081
0.048482
0.049604
0.052075
0.054295
0.056473
0.059829
0.063487
0.060573
0.047257
0.030588
0.016826
0.0073453
-0.011795
-0.052215
-0.089756
-0.10584
-0.10609
-0.10315
-0.10242
-0.10291
-0.096525
-0.08888
-0.09029
-0.094068
-0.092262
-0.083925
-0.072415
-0.057628
-0.047776
-0.047345
-0.03847
-0.008638
0.029816
0.0537
0.061083
0.059144
0.055933
0.051531
0.045819
0.042837
0.041286
0.038553
0.038273
0.046144
0.05843
0.066538
0.068866
0.06521
0.056049
0.045137
0.035987
0.026216
0.01474
0.0032381
-0.0074112
-0.014003
-0.013715
-0.0092295
-0.0050712
-0.0027092
-0.0021273
-0.018622
-0.047889
-0.058498
-0.049975
-0.043168
-0.044991
-0.055947
-0.067199
-0.06851
-0.05331
-0.029821
-0.0056541
0.0093808
0.010612
0.0083389
0.011199
0.016642
0.024675
0.035513
0.047507
0.059567
0.063551
0.061409
0.061129
0.061836
0.061927
0.062708
0.062328
0.058057
0.048899
0.036507
0.025777
0.018546
0.014254
0.0092725
-0.0010591
-0.016173
-0.033794
-0.050036
-0.062317
-0.07056
-0.075998
-0.082598
-0.088602
-0.089879
-0.082794
-0.073058
-0.070032
-0.074349
-0.075959
-0.067183
-0.052388
-0.040203
-0.037474
-0.043567
-0.040314
-0.024014
-0.011285
-0.0020872
0.0083159
0.01664
0.02605
0.040084
0.052914
0.059508
0.06051
0.056411
0.051326
0.047834
0.045723
0.045983
0.048509
0.053233
0.059895
0.065376
0.067625
0.064358
0.05402
0.042594
0.033693
0.023368
0.0086899
-0.0075201
-0.032008
-0.053957
-0.047652
-0.027268
-0.016039
-0.013518
-0.014531
-0.016715
-0.021899
-0.029893
-0.036788
-0.043844
-0.049924
-0.053987
-0.06016
-0.059926
-0.04818
-0.032353
-0.01692
-0.0064505
-0.0010083
0.003169
0.0059586
0.011428
0.023143
0.038862
0.053055
0.06087
0.059001
0.053684
0.052351
0.053041
0.053284
0.054142
0.054018
0.048891
0.048684
0.052267
0.034205
-0.00036581
-0.033709
-0.054038
-0.058656
-0.059802
-0.064952
-0.071454
-0.077888
-0.078947
-0.076832
-0.070437
-0.062954
-0.060452
-0.060857
-0.059162
-0.053475
-0.045291
-0.036944
-0.036203
-0.043234
-0.040333
-0.025121
-0.011362
-0.00050453
0.010044
0.019838
0.028014
0.03613
0.042625
0.049554
0.052622
0.04782
0.043914
0.045856
0.047939
0.083221
0.14651
0.14175
0.084748
0.042139
0.021452
0.010999
1.0968e-05
-0.013327
-0.0258
-0.031216
-0.027181
-0.019133
-0.011793
-0.0066144
-0.0075801
-0.012434
-0.015029
-0.014204
-0.013829
-0.014678
-0.016756
-0.02336
-0.033596
-0.043347
-0.050732
-0.056683
-0.063918
-0.067383
-0.054967
-0.031185
-0.0073498
0.0085718
0.012992
0.010635
0.011664
0.018796
0.02982
0.074291
0.14226
0.14527
0.10026
0.069578
0.055487
0.04599
0.037064
0.029565
0.024212
0.019602
0.01238
0.0013792
-0.012887
-0.033259
-0.050781
-0.057693
-0.062118
-0.065725
-0.067153
-0.069682
-0.070805
-0.069295
-0.069006
-0.069478
-0.068295
-0.065876
-0.062016
-0.055255
-0.046441
-0.038007
-0.036986
-0.043111
-0.039137
-0.0211
-0.0063934
0.0013536
0.010881
0.049235
0.10719
0.1137
0.078004
0.05176
0.039675
0.039909
0.047768
0.056607
0.062583
0.066585
0.067118
0.061441
0.051195
0.038927
0.024667
0.009805
-0.0051369
-0.019963
-0.031162
-0.035142
-0.031404
-0.02247
-0.014539
-0.010302
-0.010022
-0.013189
-0.015492
-0.017186
-0.022823
-0.028493
-0.029926
-0.030992
-0.035944
-0.042596
-0.047772
-0.052331
-0.060498
-0.064858
-0.055408
-0.036564
-0.017886
-0.0064056
-0.0029307
-0.0023409
-0.0013209
0.0058513
0.051675
0.12558
0.13887
0.098244
0.064751
0.052198
0.049285
0.044082
0.035976
0.028167
0.022444
0.019886
0.015953
0.004137
-0.015353
-0.040233
-0.057654
-0.063746
-0.063595
-0.062714
-0.064423
-0.069516
-0.073965
-0.075442
-0.070903
-0.089331
-0.12067
-0.10443
-0.05576
-0.030851
-0.031907
-0.032552
-0.020848
-0.0063631
0.0043867
0.01433
0.023517
0.03422
0.048076
0.054083
0.055481
0.059473
0.057037
0.051571
0.050294
0.051605
0.052258
0.051424
0.053836
0.062153
0.07168
0.075216
0.067765
0.053406
0.038943
0.027617
0.016142
0.0010583
-0.031676
-0.067277
-0.061256
-0.031477
-0.01645
-0.013934
-0.015759
-0.018018
-0.020503
-0.023905
-0.029993
-0.039299
-0.049388
-0.057044
-0.062504
-0.06651
-0.062746
-0.047455
-0.031215
-0.017839
-0.008188
-0.0057516
-0.0073996
-0.0098952
-0.010051
-0.0031113
0.01188
0.031617
0.048359
0.055629
0.055794
0.050496
0.041794
0.035025
0.03215
0.030218
0.026113
0.020065
0.014682
0.011257
0.0080438
0.0029786
-0.0056868
-0.040042
-0.083626
-0.086945
-0.062593
-0.049639
-0.046118
-0.041694
-0.031615
-0.022681
-0.020449
-0.023937
-0.030488
-0.03519
-0.035771
-0.031207
-0.027714
-0.031244
-0.033543
-0.028284
-0.021672
-0.019485
-0.019035
-0.020013
-0.029464
-0.044176
-0.050617
-0.044725
-0.031588
-0.017298
-0.010861
-0.017522
-0.028638
-0.030633
-0.02669
-0.027566
-0.031136
-0.031896
-0.03004
-0.026555
-0.020674
-0.012267
-0.0052477
-0.018315
-0.043118
-0.034839
-0.00083301
0.028093
0.044362
0.0498
0.052353
0.05341
0.049849
0.041897
0.033803
0.028926
0.02619
0.024785
0.025584
0.025795
0.018295
0.0080939
0.0072455
0.013694
0.019815
0.021775
0.017237
0.0091931
0.00591
0.012137
0.023351
0.034392
0.040107
0.035966
0.024551
0.013969
0.010775
0.013788
0.017668
0.019849
0.020371
0.017701
0.014339
0.014002
0.01227
0.010581
-0.0026756
-0.026098
-0.023464
0.0010533
0.01451
0.010968
-0.0013467
-0.010114
-0.012328
-0.013664
-0.015455
-0.017297
-0.018901
-0.018471
-0.017691
-0.016874
-0.016585
-0.019096
-0.019856
-0.018196
-0.022531
-0.030756
-0.03778
-0.047692
-0.059246
-0.063776
-0.058131
-0.046305
-0.032934
-0.025313
-0.025088
-0.026122
-0.025035
-0.025236
-0.029605
-0.034139
-0.036586
-0.036842
-0.042009
-0.048982
-0.037909
-0.018268
-0.0065775
-0.0022542
-0.0037785
0.00093265
0.022005
0.048062
0.066241
0.073681
0.074424
0.072033
0.07105
0.074125
0.077835
0.078492
0.074255
0.064715
0.05361
0.044406
0.033573
0.020405
0.013995
0.019699
0.033513
0.043019
0.041323
0.031885
0.021273
0.018277
0.025871
0.036065
0.045183
0.050689
0.043576
0.029484
0.023172
0.022795
0.024318
0.032876
0.042586
0.037049
0.022361
0.013972
0.010207
0.0023061
-0.014079
-0.03605
-0.051823
-0.050631
-0.035636
-0.024803
-0.024213
-0.028851
-0.033852
-0.034326
-0.032841
-0.037189
-0.044678
-0.048333
-0.047511
-0.043484
-0.039078
-0.037256
-0.037499
-0.041749
-0.043325
-0.039525
-0.041986
-0.04733
-0.051925
-0.060953
-0.072168
-0.078204
-0.074713
-0.062624
-0.047538
-0.037424
-0.03591
-0.038902
-0.039588
-0.038558
-0.038195
-0.055833
-0.08085
-0.069485
-0.034136
-0.0098151
0.00078853
0.0038455
0.0048639
0.0061415
0.0086309
0.019339
0.043498
0.069526
0.084098
0.088356
0.089121
0.091234
0.09744
0.10527
0.10656
0.097436
0.083858
0.070998
0.062136
0.058418
0.054788
0.046618
0.039376
0.039856
0.044093
0.046347
0.045754
0.04181
0.036127
0.034126
0.040063
0.047286
0.049292
0.062498
0.084235
0.072808
0.038988
0.015428
0.0071114
0.0073587
0.0093552
0.0099427
0.0080449
0.0046178
-0.00077038
-0.013606
-0.035367
-0.054345
-0.058864
-0.054108
-0.053351
-0.055467
-0.053606
-0.04849
-0.04566
-0.050843
-0.060791
-0.06743
-0.067862
-0.06557
-0.063719
-0.060159
-0.056308
-0.055441
-0.058143
-0.059211
-0.056487
-0.056689
-0.05959
-0.062955
-0.071592
-0.082138
-0.086788
-0.0823
-0.06901
-0.053326
-0.04198
-0.041356
-0.046682
-0.047754
-0.04656
-0.064631
-0.093898
-0.087018
-0.050062
-0.019616
-0.0016962
0.00762
0.014186
0.019266
0.02321
0.029724
0.042898
0.06458
0.083878
0.093923
0.09921
0.098595
0.099208
0.10744
0.11568
0.12104
0.11982
0.10576
0.087246
0.077882
0.076586
0.07169
0.058183
0.045541
0.045452
0.056769
0.065432
0.065518
0.059673
0.051792
0.048275
0.051807
0.051941
0.047334
0.043727
0.041099
0.03651
0.031151
0.028812
0.029352
0.027864
0.020648
0.012555
0.0081134
0.0057282
0.0038574
0.0026985
-0.00030139
-0.0062154
-0.012674
-0.021338
-0.038272
-0.058715
-0.070531
-0.070567
-0.066568
-0.064098
-0.063147
-0.062689
-0.064914
-0.072252
-0.080204
-0.085578
-0.088742
-0.087183
-0.081361
-0.077753
-0.07774
-0.077175
-0.07476
-0.069032
-0.066031
-0.068845
-0.07221
-0.077155
-0.085625
-0.091824
-0.091717
-0.08439
-0.072973
-0.062845
-0.052912
-0.051841
-0.058676
-0.058301
-0.053075
-0.048681
-0.043907
-0.039541
-0.037196
-0.037692
-0.038798
-0.029808
-0.0012959
0.030715
0.052984
0.066405
0.075341
0.088433
0.10468
0.11377
0.11259
0.10563
0.10052
0.1015
0.10845
0.12134
0.13041
0.12615
0.11202
0.096457
0.08451
0.073266
0.061303
0.054319
0.054509
0.061611
0.07049
0.069483
0.058861
0.07834
0.12694
0.11891
0.07034
0.037877
0.024825
0.023639
0.026081
0.024003
0.017478
0.011337
0.0076238
0.0050448
0.0020798
-0.00077591
-0.0048405
-0.011827
-0.02308
-0.039265
-0.058282
-0.072422
-0.076194
-0.072104
-0.068127
-0.11911
-0.21222
-0.21993
-0.14941
-0.096763
-0.078545
-0.078548
-0.084524
-0.087816
-0.082627
-0.074889
-0.072015
-0.07554
-0.082221
-0.090059
-0.097174
-0.098131
-0.088937
-0.076225
-0.06642
-0.057545
-0.054721
-0.057794
-0.05859
-0.056148
-0.050871
-0.044612
-0.04154
-0.039663
-0.037715
-0.036876
-0.032512
-0.018086
0.0032197
0.023174
0.088871
0.18964
0.21261
0.16113
0.11749
0.099447
0.097033
0.10349
0.11711
0.12778
0.13307
0.13033
0.11684
0.10417
0.0959
0.087027
0.075057
0.061696
0.059592
0.070464
0.0782
0.07574
0.06975
0.097007
0.14607
0.13309
0.078316
0.043431
0.032208
0.030949
0.027585
0.021603
0.014536
0.0072979
0.0010667
-0.0028294
-0.0047406
-0.0092031
-0.016499
-0.022753
-0.030081
-0.043962
-0.060764
-0.074973
-0.079669
-0.076243
-0.12346
-0.21197
-0.22093
-0.15738
-0.10763
-0.089337
-0.090241
-0.093626
-0.09376
-0.090255
-0.083269
-0.078158
-0.080033
-0.084047
-0.088157
-0.092387
-0.093492
-0.08949
-0.080232
-0.070772
-0.065065
-0.06401
-0.064115
-0.063349
-0.062278
-0.057481
-0.050804
-0.045009
-0.040156
-0.036749
-0.033712
-0.032218
-0.0080692
0.049178
0.094783
0.10516
0.10145
0.09905
0.10111
0.10242
0.10587
0.1067
0.10165
0.10381
0.11507
0.12706
0.13693
0.1372
0.12867
0.11867
0.10579
0.094526
0.082593
0.066531
0.062011
0.072328
0.082652
0.082562
0.10467
0.14392
0.12561
0.073532
0.044439
0.035009
0.030642
0.027957
0.026285
0.020986
0.012154
0.0042791
-0.00097438
-0.0057945
-0.01075
-0.016063
-0.02255
-0.026955
-0.030863
-0.038576
-0.053134
-0.069206
-0.078075
-0.078411
-0.079393
-0.083374
-0.14635
-0.24976
-0.24992
-0.1668
-0.11076
-0.09082
-0.085124
-0.082945
-0.079749
-0.075674
-0.077201
-0.082508
-0.085267
-0.088015
-0.091252
-0.088935
-0.080301
-0.070354
-0.062289
-0.058591
-0.057372
-0.055386
-0.053058
-0.050626
-0.047561
-0.042685
-0.034972
-0.029338
-0.026997
-0.024601
-0.021648
-0.013282
0.047152
0.14604
0.17448
0.13734
0.10835
0.09634
0.094866
0.096121
0.095101
0.096341
0.1046
0.11847
0.13068
0.1371
0.13692
0.12799
0.112
0.09717
0.084992
0.072252
0.067081
0.074266
0.083835
0.083848
0.073802
0.064189
0.059805
0.057568
0.054463
0.046246
0.049947
0.069911
0.06465
0.036954
0.01482
0.0033845
-0.0023582
-0.0063016
-0.010116
-0.014761
-0.018922
-0.024855
-0.03272
-0.040517
-0.053426
-0.070782
-0.081746
-0.084358
-0.083673
-0.082216
-0.080875
-0.08484
-0.09226
-0.096204
-0.10246
-0.11005
-0.11268
-0.16047
-0.23301
-0.21538
-0.13344
-0.082195
-0.069888
-0.072971
-0.075634
-0.07877
-0.078159
-0.068581
-0.05798
-0.054024
-0.054661
-0.05634
-0.056575
-0.050864
-0.039406
-0.028558
-0.020851
-0.016095
-0.015233
-0.017574
-0.018883
-0.015155
-0.0064274
0.0054214
0.020205
0.035593
0.051378
0.06788
0.14846
0.26604
0.26561
0.17456
0.11792
0.11158
0.12679
0.13333
0.12571
0.11167
0.097833
0.088607
0.082014
0.077683
0.077642
0.079087
0.081858
0.082272
0.07485
0.064322
0.057651
0.051882
0.044211
0.039912
0.03844
0.039944
0.042035
0.039318
0.030039
0.018587
0.0089522
-4.7496e-05
-0.0065024
-0.01098
-0.014213
-0.013512
-0.011817
-0.015534
-0.029256
-0.050444
-0.070968
-0.077775
-0.072166
-0.067688
-0.066641
-0.067671
-0.076178
-0.091093
-0.10317
-0.10866
-0.1085
-0.10373
-0.097287
-0.092425
-0.087246
-0.080238
-0.075841
-0.071043
-0.068305
-0.068619
-0.070239
-0.07229
-0.076982
-0.084136
-0.085574
-0.099496
-0.12755
-0.11224
-0.067087
-0.035171
-0.020055
-0.013403
-0.0099196
-0.0091117
-0.010445
-0.01015
-0.0031544
0.0078632
0.020356
0.037511
0.058712
0.074094
0.083203
0.095808
0.1057
0.1067
0.10331
0.09838
0.09469
0.092343
0.098772
0.11471
0.12764
0.13297
0.12904
0.11508
0.098408
0.084712
0.070451
0.057241
0.053736
0.059549
0.067728
0.070386
0.064662
0.058055
0.053493
0.047934
0.041936
0.038517
0.037329
0.038954
0.050199
0.064881
0.051177
0.02486
0.0085285
0.0005901
-0.0060349
-0.012641
-0.018212
-0.024389
-0.031692
-0.042599
-0.06053
-0.077098
-0.084823
-0.083628
-0.075857
-0.07073
-0.072593
-0.077727
-0.086635
-0.097096
-0.10353
-0.10622
-0.10468
-0.10018
-0.09801
-0.095379
-0.088129
-0.079831
-0.074451
-0.07128
-0.071054
-0.072078
-0.075679
-0.078438
-0.075436
-0.072309
-0.068643
-0.061487
-0.052316
-0.045128
-0.042817
-0.04376
-0.045624
-0.045165
-0.039329
-0.029436
-0.020549
-0.01512
-0.013776
-0.012076
0.00043513
0.019184
0.034955
0.050195
0.065903
0.077251
0.090782
0.1084
0.11126
0.10188
0.097238
0.099541
0.10651
0.1138
0.11994
0.12322
0.11745
0.10597
0.098067
0.092847
0.085637
0.077694
0.07016
0.065093
0.066074
0.071121
0.075226
0.0746
0.070921
0.066533
0.060821
0.053319
0.043305
0.037442
0.039165
0.042372
0.03971
0.030926
0.018962
0.010371
0.0089569
0.0097077
0.0096035
0.0090779
0.0064556
0.0022412
-0.023364
-0.075868
-0.1095
-0.10445
-0.088975
-0.0783
-0.078344
-0.082904
-0.086292
-0.094637
-0.10494
-0.10904
-0.10903
-0.10605
-0.1023
-0.1006
-0.095108
-0.089369
-0.086009
-0.080237
-0.074795
-0.074429
-0.074519
-0.074008
-0.075759
-0.077914
-0.079198
-0.078519
-0.070475
-0.055784
-0.0425
-0.035762
-0.037047
-0.042016
-0.041181
-0.03392
-0.026214
-0.017782
-0.0084967
-0.0030932
-0.0027683
0.0083039
0.036877
0.061803
0.074942
0.086644
0.09759
0.10353
0.10229
0.10032
0.10099
0.099805
0.09812
0.1022
0.11235
0.12503
0.13231
0.12434
0.10671
0.089982
0.075608
0.064297
0.058794
0.057909
0.063493
0.069935
0.067114
0.058405
0.052839
0.049934
0.045072
0.041495
0.041583
0.044018
0.04803
0.049438
0.046291
0.038975
0.028956
0.020842
0.017198
0.015089
0.011192
0.0075794
0.0051374
-0.011852
-0.04711
-0.074116
-0.083376
-0.081736
-0.077427
-0.077193
-0.081798
-0.088576
-0.094215
-0.099054
-0.10616
-0.11263
-0.11482
-0.11479
-0.11534
-0.11282
-0.10361
-0.093464
-0.084341
-0.076419
-0.072877
-0.071869
-0.071788
-0.070993
-0.067057
-0.064535
-0.067566
-0.06906
-0.062051
-0.051042
-0.041313
-0.036527
-0.038481
-0.042954
-0.044355
-0.039179
-0.027559
-0.017908
-0.011637
-0.0058226
-0.0019328
-0.00072892
-0.00098374
0.0002163
0.0058589
0.045363
0.11655
0.14902
0.1326
0.11105
0.096657
0.092949
0.097292
0.10382
0.11287
0.12132
0.12122
0.11338
0.10261
0.091125
0.083124
0.078523
0.070992
0.062243
0.06152
0.068362
0.075799
0.078882
0.074246
0.066362
0.060634
0.058883
0.056706
0.050921
0.047617
0.048433
0.048732
0.043073
0.033585
0.024667
0.018405
0.015607
0.016422
0.01663
0.014122
0.0096964
-0.010965
-0.050466
-0.078306
-0.089014
-0.089319
-0.084416
-0.08287
-0.085807
-0.09127
-0.097771
-0.10332
-0.10924
-0.1149
-0.11474
-0.10798
-0.10081
-0.099253
-0.099582
-0.097311
-0.090753
-0.080172
-0.071334
-0.069316
-0.072899
-0.076677
-0.074387
-0.070834
-0.072769
-0.072083
-0.063156
-0.051134
-0.043671
-0.040974
-0.03992
-0.039865
-0.03878
-0.032575
-0.022429
-0.013729
-0.0072096
-0.00092272
0.0025734
0.00039229
-0.0029748
-0.00064127
0.0072724
0.063893
0.15993
0.18822
0.14884
0.11063
0.089795
0.087694
0.096307
0.10523
0.11618
0.12491
0.13008
0.12837
0.1032
0.072184
0.058927
0.0568
0.056352
0.058481
0.064483
0.071241
0.073644
0.068188
0.060543
0.055752
0.052249
0.050414
0.05126
0.053292
0.055193
0.056328
0.052216
0.041499
0.029239
0.022567
0.021787
0.02222
0.021295
0.01238
-0.0072548
-0.025821
-0.041202
-0.058673
-0.074607
-0.083412
-0.087806
-0.088248
-0.090907
-0.096435
-0.10152
-0.1108
-0.12093
-0.12173
-0.11787
-0.11478
-0.11117
-0.10814
-0.10431
-0.098614
-0.091251
-0.082009
-0.073732
-0.06935
-0.069016
-0.071717
-0.072536
-0.069542
-0.067717
-0.065623
-0.057299
-0.044671
-0.035089
-0.032356
-0.036373
-0.041832
-0.042157
-0.035684
-0.026021
-0.014282
-0.0026924
0.0041482
0.0047028
0.0022969
0.018796
0.059226
0.083568
0.086376
0.092941
0.10214
0.10496
0.10116
0.097407
0.10077
0.10718
0.11102
0.1152
0.11757
0.11315
0.10524
0.095984
0.085201
0.074688
0.065308
0.058021
0.053253
0.054363
0.06128
0.066301
0.065485
0.062399
0.059795
0.055036
0.051315
0.049456
0.048179
0.050438
0.052173
0.049534
0.042008
0.032411
0.024553
0.020367
0.019375
0.018722
0.017312
0.013458
0.0077175
0.00040551
-0.0094884
-0.018314
-0.027525
-0.04207
-0.063684
-0.13834
-0.24053
-0.24239
-0.16832
-0.1215
-0.10771
-0.10666
-0.11001
-0.11245
-0.10963
-0.10306
-0.09516
-0.087326
-0.079777
-0.074805
-0.07308
-0.072006
-0.07024
-0.068326
-0.066387
-0.064502
-0.061268
-0.05463
-0.044437
-0.036676
-0.036565
-0.038782
-0.039582
-0.035871
-0.027677
-0.019052
-0.011928
-0.0062939
-0.0011307
0.001741
0.0019222
0.0022542
0.0054235
0.010632
0.018096
0.028754
0.041839
0.057457
0.073963
0.087384
0.097232
0.10249
0.0992
0.097223
0.10196
0.10618
0.11098
0.11939
0.124
0.11794
0.10727
0.09685
0.087501
0.080978
0.073079
0.064714
0.063275
0.06677
0.071834
0.075897
0.071254
0.063252
0.059686
0.055704
0.05018
0.046709
0.044682
0.046191
0.052003
0.050647
0.041629
0.031955
0.023926
0.018886
0.017555
0.016946
0.015162
0.013151
0.008526
-0.00036098
-0.010223
-0.01922
-0.029685
-0.044364
-0.063403
-0.078149
-0.086555
-0.087694
-0.087757
-0.092925
-0.10104
-0.10948
-0.11688
-0.12104
-0.12243
-0.11869
-0.11651
-0.11477
-0.10892
-0.10337
-0.097859
-0.090534
-0.083427
-0.077387
-0.07181
-0.070067
-0.071453
-0.068535
-0.06181
-0.059236
-0.060439
-0.056838
-0.04874
-0.040656
-0.035058
-0.036458
-0.038435
-0.033415
-0.025661
-0.017763
-0.0099109
-0.0022843
0.005442
0.0090704
0.0068191
0.0027013
0.0021116
0.0080855
0.01804
0.030016
0.044218
0.058474
0.073082
0.090794
0.10459
0.10508
0.098474
0.094892
0.094687
0.097922
0.10527
0.11592
0.12519
0.12413
0.11242
0.098336
0.086809
0.076189
0.065436
0.056249
0.052689
0.059195
0.070125
0.072864
0.067177
0.061695
0.05752
0.052291
0.050671
0.050975
0.05373
0.058546
0.058304
0.052456
0.043695
0.03281
0.025428
0.025166
0.024594
0.022131
0.018121
0.0026128
-0.02609
-0.050942
-0.067767
-0.079358
-0.087547
-0.091839
-0.097642
-0.10352
-0.10888
-0.11554
-0.12194
-0.12353
-0.12203
-0.1198
-0.11877
-0.11824
-0.11403
-0.10742
-0.10209
-0.093191
-0.079373
-0.069389
-0.069003
-0.071687
-0.072784
-0.070499
-0.065378
-0.063784
-0.063742
-0.054093
-0.039438
-0.032166
-0.032953
-0.036671
-0.040478
-0.038765
-0.029516
-0.017889
-0.0034222
0.012465
0.018356
0.018186
0.023233
0.034421
0.048429
0.066142
0.084674
0.095995
0.10006
0.10234
0.099929
0.09459
0.092758
0.096323
0.10606
0.11848
0.12374
0.11806
0.10692
0.093723
0.079164
0.067331
0.057305
0.04736
0.044873
0.051125
0.061046
0.066761
0.061958
0.054361
0.083882
0.13835
0.13291
0.086606
0.050781
0.033474
0.028741
0.027509
0.026689
0.025639
0.022892
0.018557
0.011752
0.0016276
-0.01061
-0.022654
-0.034572
-0.050985
-0.068981
-0.082922
-0.091053
-0.094913
-0.095316
-0.10094
-0.11129
-0.11893
-0.12555
-0.1313
-0.12888
-0.12227
-0.11906
-0.11799
-0.11958
-0.11811
-0.1069
-0.09261
-0.080521
-0.070916
-0.067779
-0.10401
-0.15802
-0.14136
-0.07458
-0.030639
-0.02026
-0.026636
-0.034616
-0.036199
-0.02975
-0.017651
-0.0055993
0.0040766
0.0098612
0.010933
0.0095561
0.0089438
0.010782
0.014579
0.020501
0.030623
0.044317
0.057471
0.070123
0.088712
0.10522
0.10292
0.093749
0.095037
0.10054
0.10536
0.11197
0.11813
0.11864
0.11202
0.10141
0.090758
0.081491
0.070483
0.059141
0.052599
0.051632
0.05833
0.068704
0.071474
0.065654
0.060962
0.060338
0.058743
0.055892
0.054953
0.055741
0.077964
0.1138
0.098873
0.052123
0.022731
0.013297
0.011887
0.00879
0.0021576
-0.008082
-0.019993
-0.031339
-0.04307
-0.059788
-0.07533
-0.088186
-0.094065
-0.098219
-0.10294
-0.10683
-0.11348
-0.12194
-0.12413
-0.12554
-0.1278
-0.12602
-0.12065
-0.11599
-0.11125
-0.10304
-0.094178
-0.08654
-0.0801
-0.077287
-0.075667
-0.071961
-0.066825
-0.062005
-0.058683
-0.059133
-0.074202
-0.095453
-0.080404
-0.042339
-0.015699
-0.0017866
0.0051023
0.0074418
0.0067563
0.0059951
0.0063759
0.010416
0.016301
0.019918
0.027293
0.0426
0.058429
0.072311
0.090258
0.10726
0.1069
0.096247
0.092527
0.094375
0.098578
0.10838
0.11783
0.119
0.1128
0.10141
0.088999
0.078975
0.069425
0.060559
0.055609
0.056569
0.059473
0.063369
0.066342
0.064298
0.093902
0.15086
0.14746
0.096255
0.058887
0.040588
0.034237
0.031351
0.028885
0.027822
0.027431
0.023684
0.017539
0.010516
0.0016538
-0.0080488
-0.018883
-0.032172
-0.046578
-0.064139
-0.080806
-0.089573
-0.092922
-0.099744
-0.10815
-0.11362
-0.12033
-0.12509
-0.12753
-0.12744
-0.1229
-0.12193
-0.12262
-0.11532
-0.10496
-0.099362
-0.095277
-0.086344
-0.0766
-0.073725
-0.072394
-0.06872
-0.091874
-0.12921
-0.1089
-0.056506
-0.029944
-0.026524
-0.027568
-0.023895
-0.015694
-0.005262
0.0061085
0.013553
0.013715
0.0090656
0.0051933
0.0063696
0.011105
0.017734
0.027082
0.039748
0.053527
0.069757
0.086467
0.095627
0.097403
0.095306
0.091104
0.091698
0.099777
0.10897
0.16386
0.24494
0.21979
0.11624
0.047203
0.028818
0.03904
0.055131
0.063981
0.061241
0.054221
0.052023
0.047527
0.037476
0.030859
0.02952
0.031723
0.036112
0.035976
0.029525
0.019566
0.0098576
0.0037255
0.0020664
0.0021209
-0.00054472
-0.0067724
-0.01552
-0.024663
-0.029903
-0.032034
-0.034835
-0.043033
-0.10222
-0.18557
-0.18718
-0.13095
-0.097101
-0.088336
-0.092382
-0.101
-0.1051
-0.10282
-0.10003
-0.096702
-0.090125
-0.082347
-0.073683
-0.064889
-0.059829
-0.058465
-0.057807
-0.059019
-0.059371
-0.057528
-0.050968
-0.040541
-0.030372
-0.024562
-0.022794
-0.0227
-0.022357
-0.019781
-0.014443
-0.0075375
-0.00051951
0.004712
0.0083906
0.012355
0.01667
0.019862
0.022474
0.026607
0.03298
0.042048
0.05489
0.07091
0.08692
0.10204
0.11106
0.16934
0.26591
0.25979
0.17457
0.11276
0.082531
0.070584
0.064096
0.057013
0.046595
0.034915
0.031256
0.036848
0.044029
0.044629
0.036471
0.029343
0.027799
0.028197
0.028911
0.027764
0.025614
0.023481
0.020938
0.017761
0.013309
0.010009
0.0075565
0.0020354
-0.0054567
-0.011018
-0.01478
-0.019677
-0.025127
-0.030021
-0.033396
-0.037766
-0.045054
-0.098255
-0.1765
-0.17475
-0.11121
-0.074306
-0.072316
-0.08308
-0.090879
-0.095891
-0.095809
-0.087281
-0.078704
-0.077242
-0.079693
-0.077545
-0.067127
-0.056449
-0.051803
-0.047864
-0.044309
-0.045191
-0.050046
-0.053768
-0.050916
-0.038624
-0.022607
-0.012756
-0.012625
-0.01834
-0.022558
-0.022008
-0.019545
-0.015151
-0.0061333
0.0042511
0.010509
0.012051
0.01334
0.015927
0.019129
0.024536
0.032171
0.038521
0.04602
0.062329
0.083486
0.1435
0.22451
0.21566
0.13885
0.089946
0.079751
0.085688
0.089479
0.084575
0.072425
0.059324
0.044821
0.024439
0.0065321
0.0041398
0.017667
0.033409
0.038111
0.030819
0.021721
0.015131
0.010038
0.0095903
0.013321
0.016147
0.017385
0.013938
0.0074397
0.0027085
-0.0012891
-0.0057426
-0.008664
-0.010629
-0.014681
-0.020987
-0.0264
-0.028326
-0.029343
-0.074252
-0.15436
-0.16795
-0.10354
-0.037286
-0.0063561
-0.0048233
-0.015813
-0.033162
-0.052354
-0.068642
-0.077117
-0.073598
-0.064369
-0.05669
-0.052643
-0.054165
-0.056766
-0.050791
-0.036911
-0.025335
-0.019504
-0.019056
-0.026105
-0.03616
-0.041404
-0.038702
-0.029322
-0.015673
-0.0056479
-0.0026142
-0.0044654
-0.0090455
-0.011929
-0.002139
0.013979
0.02023
0.017169
0.015926
0.018284
0.022958
0.029107
0.034693
0.046463
0.070918
0.096063
0.10586
0.10329
0.09621
0.087111
0.081405
0.081102
0.081757
0.083526
0.086345
0.082539
0.071443
0.057249
0.043043
0.031286
0.015092
-0.00025475
0.0016963
0.016156
0.027563
0.030439
0.023773
0.012582
0.0045927
0.0033824
0.0057871
0.0079337
0.011963
0.014652
0.012152
0.0081409
0.0028332
-0.0025585
-0.006648
-0.012303
-0.029705
-0.053599
-0.057067
-0.044211
-0.037369
-0.042569
-0.057756
-0.078808
-0.095584
-0.09028
-0.061299
-0.030581
-0.011885
-0.0070921
-0.014075
-0.026418
-0.03819
-0.045257
-0.048382
-0.049245
-0.048512
-0.048631
-0.050583
-0.051492
-0.048735
-0.039083
-0.026898
-0.018121
-0.013354
-0.01621
-0.026341
-0.034059
-0.034693
-0.028098
-0.015942
-0.003637
0.0016996
-0.0017252
-0.0046535
-0.0038457
-0.0029939
-0.001428
0.00055042
0.0056773
0.014971
0.019557
0.016898
0.012687
0.012324
0.017906
0.032048
0.058396
0.084446
0.093487
0.089369
0.077194
0.063791
0.057104
0.056871
0.061098
0.066516
0.06721
0.060862
0.051295
0.04136
0.031287
0.019309
0.00078796
-0.014845
-0.011701
0.0042482
0.015949
0.018464
0.011744
0.00090024
-0.0070886
-0.011547
-0.012527
-0.007414
-0.0012084
-0.00024182
-0.0021631
-0.0053541
-0.010593
-0.015789
-0.018948
-0.023146
-0.027769
-0.027418
-0.025775
-0.027884
-0.048616
-0.082298
-0.094165
-0.091486
-0.095281
-0.0788
-0.037443
0.0019122
0.024329
0.029188
0.021272
0.007081
-0.0066306
-0.017923
-0.02557
-0.026793
-0.024404
-0.025159
-0.02863
-0.030979
-0.031028
-0.022988
-0.0087634
0.0025344
0.0069522
0.0049584
-0.0031146
-0.01481
-0.021893
-0.015519
-0.0030777
0.0080106
0.015834
0.01296
0.0043927
0.0029845
0.0063406
0.008871
0.0088675
0.006331
0.0040619
0.0032092
0.0048163
0.0086928
0.010822
0.010577
0.0092705
0.0067996
0.004097
0.0054718
0.019119
0.045142
0.065476
0.071818
0.070193
0.061082
0.0489
0.040222
0.037413
0.041218
0.047018
0.04936
0.046273
0.037356
0.025098
0.014086
0.0026398
-0.014259
-0.027491
-0.025647
-0.011349
0.0051947
0.011036
0.0037023
-0.0093857
-0.02387
-0.032666
-0.031697
-0.022933
-0.0097259
-0.0026614
-0.0056918
-0.01238
-0.018635
-0.026445
-0.033529
-0.034918
-0.033883
-0.032795
-0.030028
-0.029975
-0.03292
-0.033904
-0.035224
-0.038825
-0.043355
-0.057376
-0.079135
-0.085473
-0.057001
-0.011271
0.023343
0.040566
0.045147
0.040361
0.034002
0.026789
0.011479
-0.0030945
-0.011985
-0.015779
-0.010389
0.0022215
0.016479
0.025495
0.023152
0.010226
-0.0045909
-0.010788
-0.0033961
0.012406
0.026737
0.032014
0.027493
0.019972
0.015265
0.015491
0.018368
0.017933
0.015029
0.016046
0.016975
0.014807
0.014051
0.01283
0.0083007
0.0052985
0.0025131
-0.0047443
-0.011327
0.017894
0.07188
0.079445
0.046942
0.024315
0.017623
0.019458
0.022014
0.021193
0.016253
0.0080598
-0.00043553
-0.0088827
-0.022547
-0.033029
-0.027907
-0.013933
-0.0035939
-0.00021896
-0.0057757
-0.016444
-0.027431
-0.037403
-0.038557
-0.028439
-0.0162
-0.009171
-0.012628
-0.02349
-0.030923
-0.033014
-0.033869
-0.035043
-0.034076
-0.031577
-0.031375
-0.034475
-0.037702
-0.037166
-0.082192
-0.15555
-0.1369
-0.040369
0.029723
0.057743
0.060579
0.055498
0.049611
0.042419
0.033496
0.026942
0.02382
0.021893
0.018275
0.011126
0.0046875
0.003056
0.0086016
0.019722
0.036174
0.052884
0.050286
0.040125
0.03849
0.037103
0.032223
0.027293
0.023904
0.023658
0.022915
0.019396
0.015185
0.011849
0.010361
0.010507
0.011486
0.011558
0.0079574
0.0015251
-0.0055349
-0.01368
-0.022398
-0.021827
0.0019963
0.031247
0.032767
0.015742
0.005365
0.0025933
0.0015502
-0.00077659
-0.0030712
-0.0059352
-0.010889
-0.01609
-0.023102
-0.035943
-0.046654
-0.042385
-0.027888
-0.017398
-0.014583
-0.019413
-0.030584
-0.045656
-0.056642
-0.057074
-0.045858
-0.03024
-0.020921
-0.02206
-0.030356
-0.040919
-0.050198
-0.052137
-0.046325
-0.038542
-0.031941
-0.028687
-0.030263
-0.034412
-0.06872
-0.12474
-0.12474
-0.052824
0.02623
0.071778
0.085987
0.082246
0.072309
0.066772
0.06101
0.05232
0.047196
0.043587
0.039586
0.036247
0.031581
0.027201
0.02402
0.023835
0.029169
0.037264
0.043661
0.044163
0.036759
0.025609
0.047831
0.098532
0.10238
0.064088
0.036714
0.02726
0.028414
0.028732
0.022954
0.01683
0.012969
0.010395
0.0073396
0.0027862
-0.001812
-0.008418
-0.018699
-0.029064
-0.032637
-0.024683
-0.010049
-0.01139
-0.028469
-0.034221
-0.025734
-0.019458
-0.020074
-0.022863
-0.024574
-0.026043
-0.030201
-0.04186
-0.051931
-0.047823
-0.036664
-0.029678
-0.02957
-0.035087
-0.046566
-0.060762
-0.06507
-0.05716
-0.042624
-0.024931
-0.014925
-0.015701
-0.023385
-0.035351
-0.043514
-0.043688
-0.040846
-0.040017
-0.040033
-0.040087
-0.05788
-0.086047
-0.089345
-0.077911
-0.05676
-0.013567
0.034197
0.065172
0.080268
0.082696
0.079514
0.078603
0.07859
0.073782
0.068441
0.065734
0.061167
0.056007
0.050861
0.043132
0.035427
0.034654
0.062782
0.10153
0.095901
0.066001
0.049076
0.042729
0.043221
0.042004
0.038795
0.037752
0.035607
0.031417
0.028861
0.028075
0.025046
0.019352
0.012946
0.0067856
0.001957
-0.0019547
-0.0064774
-0.014314
-0.026645
-0.040941
-0.069977
-0.10034
-0.091143
-0.057159
-0.037146
-0.033234
-0.036212
-0.040883
-0.044352
-0.043526
-0.040112
-0.039455
-0.046143
-0.055842
-0.055564
-0.043686
-0.033242
-0.030397
-0.031017
-0.033092
-0.032835
-0.02619
-0.013265
0.005346
0.025005
0.03629
0.036142
0.029163
0.02024
0.014989
0.013744
0.013689
0.016333
0.021161
0.024671
0.022983
0.017865
0.013497
0.010094
0.0040133
-0.0066568
-0.012572
-0.011007
-0.010786
-0.01416
-0.016141
-0.015312
-0.011447
-0.0052478
-4.2671e-05
0.0009501
-0.0035574
-0.0086917
-0.0097267
-0.0055699
-0.005541
-0.012131
-0.011441
-0.0014118
0.0089184
0.018492
0.028909
0.040834
0.05173
0.060068
0.065178
0.065808
0.060717
0.052982
0.051771
0.057404
0.064504
0.067892
0.066167
0.06232
0.055104
0.052304
0.056501
0.066366
0.060674
0.017134
-0.036194
-0.065887
-0.066237
-0.05714
-0.050039
-0.045176
-0.045902
-0.048771
-0.049179
-0.051857
-0.055932
-0.056353
-0.055377
-0.056034
-0.058734
-0.062651
-0.065059
-0.067852
-0.071902
-0.07187
-0.065325
-0.052633
-0.036604
-0.02474
-0.01889
-0.016042
-0.011785
-0.0028725
0.01354
0.03549
0.051284
0.053917
0.050974
0.047866
0.049342
0.054346
0.055194
0.053905
0.069972
0.090975
0.075088
0.040121
0.019067
0.0041094
-0.012187
-0.021302
-0.018141
-0.011291
-0.0074099
-0.0066383
-0.0090723
-0.011555
-0.011538
-0.0087977
-0.0061711
-0.003726
0.00025915
0.0023316
0.0036266
0.007821
0.012986
0.0106
0.00092025
-0.0011092
0.0060164
0.011613
0.017065
0.025924
0.070482
0.1414
0.14798
0.099569
0.065482
0.057824
0.062726
0.065327
0.066321
0.070837
0.072332
0.067049
0.058596
0.047337
0.034488
0.021851
0.0067167
-0.0087355
-0.023283
-0.041999
-0.056786
-0.060925
-0.061367
-0.060977
-0.057065
-0.051905
-0.052107
-0.058868
-0.062302
-0.058891
-0.0568
-0.061163
-0.069372
-0.076166
-0.079801
-0.081538
-0.08472
-0.08991
-0.088411
-0.075623
-0.060143
-0.048015
-0.038905
-0.031171
-0.02304
-0.01396
-0.0053054
0.00454
0.016216
0.026992
0.034816
0.036921
0.034781
0.037607
0.046228
0.052871
0.056696
0.05681
0.047464
0.041444
0.042728
0.030558
0.0093639
-0.0099906
-0.026335
-0.040491
-0.05095
-0.052535
-0.051786
-0.052933
-0.04842
-0.039862
-0.032778
-0.024749
-0.017177
-0.014324
-0.01268
-0.010096
-0.011133
-0.015031
-0.0038677
0.018624
0.038681
0.0547
0.065451
0.067594
0.061147
0.052612
0.048051
0.049063
0.052602
0.055432
0.057186
0.05841
0.057668
0.056211
0.057606
0.059835
0.059841
0.054456
0.044754
0.033525
0.017434
-0.0050109
-0.028052
-0.045981
-0.056881
-0.085506
-0.12575
-0.12212
-0.085508
-0.062304
-0.057848
-0.063843
-0.073409
-0.081039
-0.083989
-0.083422
-0.081985
-0.084509
-0.085402
-0.075287
-0.056787
-0.039869
-0.029666
-0.024965
-0.020595
-0.015856
-0.0095608
0.0046993
0.022109
0.036432
0.046822
0.049412
0.047097
0.049273
0.054477
0.057766
0.059702
0.056862
0.048007
0.051495
0.061343
0.039273
-0.0035586
-0.032414
-0.041142
-0.041087
-0.037162
-0.034259
-0.033925
-0.032482
-0.029525
-0.026
-0.021709
-0.017722
-0.016042
-0.013357
-0.0068586
-0.00019708
0.0059916
0.0087916
0.012524
0.027448
0.046299
0.061082
0.071454
0.073026
0.066307
0.059514
0.055174
0.054891
0.058113
0.064005
0.065464
0.063455
0.06277
0.062346
0.065222
0.068853
0.064966
0.054478
0.041637
0.027794
0.01309
-0.0043799
-0.022998
-0.037698
-0.046484
-0.051435
-0.051951
-0.049593
-0.047341
-0.048183
-0.051531
-0.054469
-0.056678
-0.10262
-0.17648
-0.17543
-0.1167
-0.081981
-0.069429
-0.059889
-0.050791
-0.040499
-0.032321
-0.027773
-0.021618
-0.015803
-0.0093455
0.0032704
0.019083
0.034869
0.045082
0.046087
0.044987
0.049875
0.055946
0.059773
0.061328
0.05762
0.046358
0.031477
0.019466
0.014769
0.015962
0.0012011
-0.03724
-0.058433
-0.049065
-0.035266
-0.028066
-0.027353
-0.029443
-0.030033
-0.028815
-0.025368
-0.018583
-0.013613
-0.0094259
-0.0029717
0.0017836
-0.0010672
-0.0090044
-0.0082125
0.0022424
0.010833
0.015766
0.026267
0.040728
0.052295
0.06087
0.06467
0.063448
0.05749
0.050912
0.047674
0.050035
0.055763
0.057885
0.061448
0.064769
0.066984
0.070528
0.072489
0.068256
0.05749
0.045377
0.032298
0.014228
-0.0046555
-0.021343
-0.038482
-0.050819
-0.053043
-0.051811
-0.049655
-0.046419
-0.046695
-0.051199
-0.054679
-0.056479
-0.061399
-0.067944
-0.070326
-0.072459
-0.076145
-0.078261
-0.079952
-0.081123
-0.081873
-0.07945
-0.066026
-0.048288
-0.035006
-0.027435
-0.022677
-0.017671
-0.012829
-0.0053078
0.0039576
0.014209
0.029096
0.042956
0.050188
0.054007
0.052902
0.052782
0.056943
0.059123
0.058052
0.054333
0.045033
0.032624
0.026053
0.026755
0.026406
0.01742
0.00082705
-0.019566
-0.035844
-0.042275
-0.039682
-0.03658
-0.03734
-0.040051
-0.040812
-0.039804
-0.039425
-0.038337
-0.030667
-0.018191
-0.007926
0.00037149
0.0071919
0.0091302
0.0027209
-0.0083394
-0.011391
-0.0048003
0.002591
0.011315
0.023579
0.037092
0.051628
0.065517
0.070156
0.063088
0.05408
0.049224
0.049161
0.051821
0.056611
0.061932
0.063974
0.062469
0.089823
0.13529
0.11962
0.060356
0.01402
-0.012539
-0.026745
-0.039039
-0.049169
-0.051762
-0.047725
-0.043904
-0.043808
-0.046661
-0.049125
-0.053573
-0.059423
-0.061067
-0.061699
-0.065551
-0.070899
-0.076631
-0.081747
-0.086627
-0.090611
-0.090226
-0.083293
-0.067317
-0.050355
-0.038106
-0.030331
-0.024776
-0.018947
-0.011278
-0.00051994
0.011191
0.021445
0.031279
0.042096
0.04341
0.043025
0.046143
0.053816
0.06125
0.064666
0.065925
0.061194
0.046763
0.031281
0.023285
0.019969
0.013565
0.001594
-0.01196
-0.025235
-0.061756
-0.10968
-0.10794
-0.06974
-0.044366
-0.033876
-0.024343
-0.013607
-0.0068252
-0.0015405
0.0024109
0.0033814
-0.0028794
-0.015411
-0.017965
-0.0056411
0.0087459
0.020709
0.032803
0.044405
0.055024
0.062852
0.0661
0.062865
0.056291
0.051171
0.047934
0.047255
0.051266
0.057697
0.063629
0.067655
0.066982
0.066623
0.066726
0.061746
0.051781
0.040154
0.028432
-0.017965
-0.088475
-0.10734
-0.074496
-0.044517
-0.033625
-0.035415
-0.038977
-0.044873
-0.050978
-0.055518
-0.062014
-0.069667
-0.075129
-0.078194
-0.079888
-0.079758
-0.07869
-0.073299
-0.061999
-0.050313
-0.041036
-0.034308
-0.030208
-0.024316
-0.016557
-0.0074558
0.0044922
0.019505
0.035005
0.043889
0.045974
0.045711
0.049558
0.054615
0.0575
0.058652
0.05594
0.057209
0.060735
0.039499
0.0013095
-0.028914
-0.042851
-0.041956
-0.039042
-0.038411
-0.038329
-0.038817
-0.036666
-0.033755
-0.03536
-0.038665
-0.037006
-0.031122
-0.024843
-0.019205
-0.012934
-0.0067505
-0.0078506
-0.0077244
0.0073861
0.026293
0.041026
0.055398
0.065289
0.066678
0.062276
0.059539
0.057399
0.056155
0.057063
0.056724
0.057481
0.061616
0.064362
0.067328
0.0732
0.073904
0.065063
0.051782
0.038647
0.025409
0.010485
-0.006705
-0.02541
-0.042977
-0.052235
-0.051628
-0.047011
-0.043125
-0.040573
-0.039761
-0.060699
-0.098386
-0.10285
-0.079255
-0.067023
-0.067836
-0.069315
-0.069778
-0.072101
-0.073564
-0.065116
-0.049063
-0.033492
-0.025637
-0.022097
-0.016943
-0.011849
-0.004502
0.0087685
0.026603
0.043317
0.050443
0.049514
0.046944
0.051231
0.060188
0.066951
0.066389
0.059475
0.049133
0.037259
0.0293
0.025586
0.025117
0.0069823
-0.036432
-0.061643
-0.052498
-0.038629
-0.033873
-0.035497
-0.039898
-0.0431
-0.039
-0.0295
-0.020666
-0.016117
-0.01374
-0.010182
-0.0054052
-0.005374
-0.012399
-0.01271
-0.0019244
0.0076649
0.016471
0.054384
0.11215
0.11974
0.083786
0.058837
0.052094
0.052837
0.057758
0.064083
0.06744
0.066661
0.067993
0.071346
0.070421
0.06305
0.051131
0.037688
0.024881
0.010786
-0.0054044
-0.022059
-0.038128
-0.048646
-0.051624
-0.049017
-0.044167
-0.039601
-0.036711
-0.035995
-0.039268
-0.044418
-0.04645
-0.048284
-0.055637
-0.11027
-0.19167
-0.18577
-0.1081
-0.050826
-0.025034
-0.018194
-0.017848
-0.015739
-0.012625
-0.0064092
0.0065616
0.022273
0.034641
0.04399
0.048987
0.048332
0.051171
0.058605
0.062417
0.06398
0.063227
0.055577
0.042397
0.031042
0.023875
0.019706
0.017387
0.012163
0.0018361
-0.010965
-0.023746
-0.038103
-0.087868
-0.15296
-0.14438
-0.085406
-0.044144
-0.025657
-0.018449
-0.013952
-0.010702
-0.0089966
-0.012069
-0.021237
-0.021803
-0.0072517
0.0066487
0.014723
0.023387
0.033162
0.043015
0.052749
0.058628
0.057179
0.055146
0.053182
0.050802
0.051548
0.053283
0.05376
0.056033
0.058295
0.059035
0.061456
0.080753
0.097686
0.059319
-0.0076165
-0.051324
-0.067113
-0.060231
-0.044989
-0.034501
-0.030723
-0.031349
-0.031918
-0.034203
-0.039163
-0.043542
-0.048151
-0.054375
-0.059773
-0.06428
-0.068974
-0.071888
-0.073154
-0.075357
-0.074303
-0.062939
-0.048673
-0.035611
-0.021602
-0.012014
-0.0085747
-0.0053734
0.0025988
0.015723
0.02955
0.040571
0.046807
0.04582
0.045661
0.050656
0.056002
0.060908
0.063897
0.059092
0.048098
0.036444
0.025735
0.019298
0.016764
-0.0063663
-0.052462
-0.070533
-0.056088
-0.042797
-0.03915
-0.039078
-0.039777
-0.040148
-0.040862
-0.040589
-0.036055
-0.02852
-0.021044
-0.013456
-0.0059453
-0.0051309
-0.011888
-0.012685
-0.004779
0.0036891
0.012711
0.026139
0.040493
0.055059
0.065748
0.064106
0.056547
0.054412
0.054688
0.055613
0.056219
0.055667
0.059167
0.062296
0.063334
0.095305
0.14527
0.12497
0.051502
-0.002874
-0.028938
-0.041009
-0.045865
-0.044809
-0.041772
-0.039196
-0.036186
-0.035074
-0.039173
-0.045317
-0.04952
-0.052545
-0.054184
-0.05548
-0.059241
-0.063746
-0.068046
-0.073327
-0.076601
-0.078208
-0.076049
-0.063768
-0.046142
-0.031442
-0.021539
-0.01664
-0.01348
-0.011987
-0.014709
-0.012979
-0.0015293
0.015293
0.031968
0.038659
0.038377
0.03994
0.043598
0.04575
0.044727
0.040165
0.031583
0.019887
0.011674
0.010535
0.01105
0.010268
0.0060242
-0.018167
-0.056327
-0.061701
-0.044129
-0.033547
-0.027831
-0.021534
-0.011847
-0.0014073
0.003539
0.0053902
0.0063141
0.0041599
0.0023091
-0.0015108
-0.0090866
-0.012193
-0.011205
-0.011784
-0.012022
-0.0092124
-0.0059901
-0.0064056
-0.013534
-0.023929
-0.030433
-0.027764
-0.018622
-0.009084
-0.0027146
-0.0021748
-0.0063764
-0.011739
-0.017694
-0.024865
-0.030633
-0.039126
-0.046783
-0.04132
-0.031927
-0.033375
-0.042164
-0.041281
-0.020856
0.0070883
0.026344
0.033441
0.037241
0.039384
0.034813
0.024584
0.015351
0.0091778
0.0041335
-0.00074209
-0.0067731
-0.012955
-0.017223
-0.020836
-0.022201
-0.016513
-0.0080794
-0.0065052
-0.01054
-0.012447
-0.012283
-0.012234
-0.0047205
0.011634
0.027517
0.037118
0.037171
0.030607
0.023775
0.018149
0.015215
0.015229
0.015458
0.016335
0.019433
0.02255
0.025055
0.024026
0.018384
0.012413
0.0057161
0.0058603
0.019538
0.038429
0.04122
0.029742
0.016264
0.0078946
0.0053446
0.0067573
0.0090231
0.010949
0.0099658
0.0067911
0.0054856
0.0037083
-0.0028215
-0.0083186
-0.0080079
-0.0098295
-0.014852
-0.020347
-0.030682
-0.043518
-0.051155
-0.049466
-0.041071
-0.031567
-0.023603
-0.019746
-0.022144
-0.053492
-0.10045
-0.10058
-0.063287
-0.03434
-0.020367
-0.01642
-0.017655
-0.020182
-0.02225
-0.028079
-0.033874
-0.024704
0.0016066
0.02975
0.050022
0.061928
0.067615
0.06944
0.067842
0.060729
0.048179
0.036253
0.029138
0.025817
0.022659
0.017425
0.01267
0.0086264
0.0049018
0.008833
0.016525
0.018117
0.015449
0.010613
0.0046648
0.0037591
0.012187
0.027134
0.042102
0.051396
0.050716
0.042984
0.031275
0.019311
0.012245
0.025021
0.050887
0.049373
0.024853
0.0069206
-0.003467
-0.01394
-0.028079
-0.038924
-0.033657
-0.013395
0.0044213
0.011198
0.0083046
-0.0020723
-0.012897
-0.01746
-0.018358
-0.01959
-0.020833
-0.021263
-0.021188
-0.021062
-0.01914
-0.019386
-0.026803
-0.030625
-0.026282
-0.027207
-0.033186
-0.035421
-0.039856
-0.049037
-0.057466
-0.058108
-0.049944
-0.038968
-0.031897
-0.02922
-0.028332
-0.030383
-0.034985
-0.039321
-0.044695
-0.047724
-0.043631
-0.034643
-0.03668
-0.049623
-0.044562
-0.027174
-0.013143
0.0040536
0.030434
0.05945
0.079896
0.087903
0.089371
0.088707
0.085694
0.082037
0.079221
0.073333
0.063137
0.054743
0.050189
0.044947
0.033954
0.018762
0.011886
0.020951
0.034403
0.0376
0.030353
0.021536
0.014296
0.012207
0.019304
0.034665
0.05229
0.060107
0.057147
0.048556
0.036158
0.024714
0.018934
0.017033
0.016461
0.017009
0.018435
0.021116
0.018924
0.0013762
-0.025936
-0.048134
-0.049623
-0.036803
-0.0266
-0.025406
-0.027097
-0.030263
-0.034775
-0.038438
-0.042407
-0.046994
-0.049895
-0.049636
-0.046376
-0.042207
-0.039641
-0.042026
-0.048738
-0.050032
-0.044883
-0.045074
-0.04887
-0.052298
-0.059374
-0.068346
-0.073997
-0.072223
-0.060819
-0.045991
-0.036115
-0.033678
-0.03481
-0.035697
-0.037425
-0.038977
-0.040913
-0.044456
-0.045644
-0.039527
-0.028523
-0.019829
-0.013376
-0.0056668
0.012584
0.03936
0.056498
0.068939
0.085549
0.095088
0.098468
0.10056
0.10222
0.10353
0.10214
0.096638
0.088426
0.081292
0.074568
0.065555
0.052587
0.036266
0.02754
0.032481
0.040992
0.043761
0.039801
0.031378
0.020724
0.011972
0.014196
0.029683
0.049358
0.065552
0.069202
0.059848
0.049385
0.039279
0.027847
0.018933
0.014834
0.01444
0.014422
0.01425
0.013022
0.0096663
0.0039902
-0.0033588
-0.044799
-0.11142
-0.12157
-0.084369
-0.058446
-0.049629
-0.050682
-0.05802
-0.066852
-0.071099
-0.070636
-0.068248
-0.065427
-0.062806
-0.061253
-0.064324
-0.071834
-0.074795
-0.069413
-0.065276
-0.065254
-0.068935
-0.077386
-0.084523
-0.087816
-0.084276
-0.07011
-0.052544
-0.04416
-0.046953
-0.052775
-0.055587
-0.054134
-0.050378
-0.047609
-0.046142
-0.043674
-0.038057
-0.027941
-0.018441
0.0011582
0.036661
0.059855
0.061815
0.063517
0.07493
0.090993
0.10144
0.10649
0.10932
0.11059
0.11386
0.11924
0.12065
0.11602
0.10636
0.092327
0.079661
0.067824
0.051282
0.036545
0.03588
0.044827
0.048726
0.049405
0.051322
0.05045
0.046787
0.044005
0.044114
0.046162
0.044985
0.041204
0.038224
0.033439
0.02711
0.023611
0.021265
0.017666
0.015578
0.014375
0.011878
0.0081491
0.0026781
-0.0027056
-0.0072429
-0.048082
-0.12132
-0.14066
-0.10298
-0.067979
-0.052024
-0.050863
-0.058482
-0.070557
-0.078819
-0.081546
-0.081163
-0.07748
-0.073149
-0.071253
-0.075446
-0.082781
-0.079674
-0.071747
-0.071452
-0.075032
-0.083658
-0.09375
-0.098644
-0.097942
-0.090244
-0.077992
-0.064634
-0.052507
-0.045503
-0.044686
-0.047691
-0.052394
-0.052811
-0.046048
-0.036852
-0.030154
-0.028645
-0.030049
-0.027582
-0.016534
0.001017
0.019577
0.033168
0.043207
0.057385
0.069961
0.071396
0.0697
0.077395
0.16095
0.29533
0.30743
0.21235
0.13381
0.091521
0.07284
0.066326
0.061307
0.051062
0.041186
0.040835
0.05054
0.058707
0.060136
0.055024
0.043974
0.034157
0.033776
0.039199
0.046012
0.051051
0.0511
0.047944
0.042549
0.035125
0.029352
0.026967
0.025386
0.022431
0.017189
0.01066
0.0033333
-0.0045241
-0.010229
-0.013492
-0.017959
-0.069314
-0.15348
-0.16203
-0.10362
-0.063112
-0.055952
-0.068593
-0.085746
-0.094907
-0.093131
-0.088324
-0.087118
-0.086852
-0.085924
-0.08779
-0.087217
-0.081043
-0.075838
-0.074034
-0.074648
-0.084442
-0.095381
-0.097437
-0.098069
-0.09398
-0.081998
-0.069403
-0.059842
-0.053445
-0.05235
-0.053012
-0.050621
-0.046595
-0.041665
-0.035188
-0.028591
-0.024611
-0.023656
-0.02198
-0.01475
0.00059667
0.063162
0.15213
0.16764
0.12765
0.10217
0.091343
0.092383
0.10575
0.12684
0.14878
0.16032
0.15248
0.13115
0.10909
0.092231
0.080568
0.07021
0.056838
0.045052
0.043015
0.052755
0.065339
0.07224
0.070499
0.064578
0.05988
0.058947
0.058722
0.057748
0.055812
0.052444
0.048573
0.045222
0.042228
0.037402
0.031664
0.027659
0.023575
0.01775
0.011056
0.0040706
-0.0019313
-0.0056263
-0.0092572
-0.015504
-0.025822
-0.041927
-0.0581
-0.070427
-0.079346
-0.081279
-0.075353
-0.070048
-0.069559
-0.072888
-0.081142
-0.091054
-0.097463
-0.09991
-0.09791
-0.091428
-0.087118
-0.088813
-0.091735
-0.092258
-0.087014
-0.081042
-0.08109
-0.085849
-0.092576
-0.095792
-0.096268
-0.095168
-0.088444
-0.078193
-0.06875
-0.063028
-0.060481
-0.058575
-0.057931
-0.055294
-0.048076
-0.04008
-0.032615
-0.026544
-0.02497
-0.016424
0.010418
0.039302
0.05812
0.072318
0.079896
0.079
0.079135
0.08231
0.086492
0.092142
0.097398
0.10405
0.11679
0.13396
0.14937
0.15293
0.13923
0.11734
0.098836
0.086267
0.078552
0.0696
0.057253
0.053964
0.060854
0.066452
0.069556
0.072514
0.069183
0.062901
0.060088
0.057264
0.052193
0.046747
0.042706
0.040983
0.04064
0.040008
0.03741
0.030987
0.023421
0.016984
0.010071
0.0031424
-0.0028054
-0.0087755
-0.014053
-0.018824
-0.024219
-0.029463
-0.036767
-0.048726
-0.062139
-0.074353
-0.083578
-0.086807
-0.085304
-0.082514
-0.081784
-0.085404
-0.093268
-0.10304
-0.10983
-0.11079
-0.1045
-0.094432
-0.089139
-0.088973
-0.088351
-0.088219
-0.089415
-0.092758
-0.098864
-0.10397
-0.1061
-0.10653
-0.10124
-0.089724
-0.076804
-0.067974
-0.065487
-0.063278
-0.057872
-0.052174
-0.046251
-0.040007
-0.034348
-0.029736
-0.026826
-0.025058
-0.022119
-0.017117
-0.0062678
0.01287
0.0342
0.052852
0.070822
0.08425
0.090904
0.090502
0.086365
0.084568
0.085059
0.086938
0.094639
0.10657
0.11637
0.12579
0.13528
0.13401
0.12192
0.11386
0.10893
0.10183
0.096226
0.08719
0.072194
0.062267
0.065711
0.074098
0.073315
0.067099
0.06429
0.06667
0.067556
0.060821
0.048757
0.039288
0.036825
0.039245
0.041014
0.037989
0.02953
0.019238
0.011811
0.0086675
0.0080309
0.0073424
0.0047963
-0.00032424
-0.0079936
-0.016148
-0.02346
-0.031203
-0.039953
-0.051395
-0.067127
-0.079242
-0.082699
-0.082189
-0.081812
-0.0809
-0.084259
-0.091509
-0.096392
-0.099641
-0.10306
-0.10378
-0.10143
-0.098323
-0.093686
-0.088666
-0.084054
-0.079334
-0.078022
-0.080563
-0.083668
-0.086758
-0.087164
-0.086118
-0.08422
-0.076658
-0.065266
-0.059006
-0.056701
-0.055479
-0.054021
-0.051009
-0.047467
-0.042496
-0.036529
-0.030188
-0.025546
-0.025668
-0.027761
-0.023652
-0.0065953
0.019201
0.042645
0.059263
0.072591
0.085552
0.091308
0.085381
0.079049
0.076373
0.073913
0.073698
0.078292
0.088844
0.10011
0.11048
0.12385
0.13165
0.12401
0.11076
0.10286
0.097272
0.091786
0.084259
0.071859
0.063889
0.067341
0.075187
0.076736
0.072439
0.067935
0.068114
0.071316
0.06763
0.056165
0.044676
0.038865
0.038771
0.03945
0.036707
0.03078
0.022476
0.012307
0.0057544
0.003819
0.001934
-0.0014132
-0.0050417
-0.0093399
-0.016518
-0.024772
-0.031583
-0.039817
-0.051818
-0.064509
-0.076123
-0.080943
-0.078667
-0.076039
-0.077717
-0.08354
-0.091817
-0.10135
-0.10643
-0.10404
-0.10111
-0.09868
-0.093634
-0.090808
-0.089606
-0.083133
-0.074479
-0.071084
-0.074496
-0.081318
-0.081643
-0.075099
-0.071086
-0.069836
-0.065315
-0.061094
-0.058988
-0.056938
-0.054423
-0.052835
-0.050625
-0.045215
-0.037896
-0.031294
-0.025121
-0.021348
-0.022761
-0.025993
-0.021934
-0.0044258
0.021442
0.045249
0.061658
0.07206
0.080713
0.085796
0.08342
0.076126
0.068358
0.061084
0.062312
0.072062
0.0793
0.083156
0.08924
0.097437
0.10558
0.10953
0.10695
0.10079
0.097064
0.095301
0.086399
0.071239
0.061756
0.064805
0.075678
0.079618
0.07724
0.076289
0.074972
0.070643
0.061313
0.049683
0.040589
0.037113
0.039304
0.03982
0.032962
0.023529
0.015224
0.0076533
0.0031767
0.0024186
0.0016528
-0.0023618
-0.0088403
-0.014799
-0.019211
-0.024124
-0.030483
-0.03637
-0.045768
-0.060522
-0.071343
-0.072657
-0.07255
-0.074744
-0.074558
-0.076419
-0.084956
-0.094855
-0.099122
-0.09779
-0.095003
-0.092216
-0.089539
-0.086157
-0.080741
-0.073203
-0.067458
-0.065962
-0.06685
-0.06608
-0.063287
-0.060524
-0.05882
-0.058391
-0.056712
-0.053045
-0.051163
-0.049986
-0.046017
-0.041304
-0.039278
-0.037826
-0.034714
-0.029272
-0.022096
-0.017007
-0.016685
-0.017526
-0.013731
-0.00081934
0.021709
0.045726
0.062674
0.07301
0.081465
0.086787
0.083388
0.072489
0.058227
0.045528
0.043344
0.051375
0.062644
0.069329
0.071403
0.078096
0.089472
0.097307
0.1009
0.10045
0.09449
0.08931
0.0859
0.077516
0.069886
0.072499
0.079397
0.079238
0.072633
0.069513
0.068952
0.065607
0.055817
0.042232
0.03186
0.028732
0.030727
0.031322
0.025881
0.016552
0.0084518
0.0035053
0.00011691
-0.0015289
-0.00071119
-0.0017032
-0.0062335
-0.011039
-0.016615
-0.023459
-0.028827
-0.033773
-0.041895
-0.051108
-0.060557
-0.066526
-0.066979
-0.069247
-0.072099
-0.074138
-0.078788
-0.082289
-0.083826
-0.088468
-0.09216
-0.088603
-0.084145
-0.080412
-0.071702
-0.060763
-0.057991
-0.061692
-0.062766
-0.059949
-0.055463
-0.051422
-0.046999
-0.041505
-0.03911
-0.041234
-0.045097
-0.047465
-0.042722
-0.035144
-0.031929
-0.030613
-0.029086
-0.026949
-0.021902
-0.014951
-0.011273
-0.011084
-0.0086419
0.0016285
0.018086
0.036764
0.054413
0.06698
0.077139
0.083596
0.076092
0.054557
0.032446
0.019888
0.022415
0.034008
0.044972
0.053633
0.058374
0.061396
0.070457
0.080557
0.084132
0.084765
0.083102
0.079683
0.074899
0.064035
0.056969
0.061765
0.070632
0.071463
0.066397
0.063445
0.063899
0.064989
0.056631
0.039133
0.022688
0.015511
0.017813
0.022253
0.022813
0.018101
0.008904
-0.0015912
-0.0090052
-0.011617
-0.0099835
-0.0076523
-0.0076255
-0.010125
-0.016407
-0.023748
-0.028341
-0.031509
-0.03782
-0.048506
-0.059289
-0.066367
-0.065641
-0.057881
-0.054414
-0.058664
-0.065113
-0.074
-0.081747
-0.082049
-0.079264
-0.077429
-0.073675
-0.068406
-0.062519
-0.052568
-0.04701
-0.049822
-0.050111
-0.047307
-0.042409
-0.033155
-0.020383
-0.011515
-0.010915
-0.018233
-0.031164
-0.039859
-0.037451
-0.030923
-0.026912
-0.026049
-0.025101
-0.02065
-0.013993
-0.0084791
-0.004349
-0.00044607
0.0036049
0.011955
0.023539
0.033676
0.046656
0.061099
0.071509
0.073722
0.058274
0.031722
0.011963
0.0035549
0.0084019
0.022493
0.031993
0.031395
0.03074
0.035563
0.043177
0.054576
0.06709
0.071483
0.067619
0.064687
0.065702
0.062676
0.057444
0.059492
0.065376
0.066709
0.063212
0.059962
0.060389
0.060157
0.05239
0.039192
0.026056
0.019939
0.022571
0.025115
0.02438
0.022583
0.019434
0.014835
0.010628
0.0082563
0.0058656
0.0031861
0.0007516
-0.0025004
-0.0058491
-0.0082149
-0.0089455
-0.0077553
-0.006457
-0.012185
-0.02171
-0.028788
-0.030477
-0.02415
-0.015527
-0.012276
-0.015235
-0.021559
-0.026488
-0.027687
-0.026993
-0.026513
-0.024557
-0.02042
-0.017716
-0.01681
-0.016481
-0.018511
-0.021603
-0.020624
-0.015928
-0.012366
-0.011001
-0.011208
-0.012156
-0.011984
-0.012432
-0.013698
-0.012376
-0.011182
-0.012744
-0.013389
-0.012268
-0.011061
-0.0089376
-0.0071242
-0.0072434
-0.0078602
-0.0079048
-0.0075175
-0.0074784
-0.0074938
-0.0070266
-0.0073898
-0.0083164
-0.0077665
-0.0067237
-0.0070988
-0.006564
-0.0040837
-0.003409
-0.0049691
-0.0057679
-0.005949
-0.0062755
-0.0065556
-0.006471
-0.0052648
-0.0048155
-0.0063265
-0.0070929
-0.006169
-0.0060565
-0.0067966
-0.0060536
-0.0041242
-0.0033411
-0.0041665
-0.0048519
-0.0051077
-0.0060142
-0.0073741
-0.0075715
-0.0063274
-0.0053931
-0.0052165
-0.0044169
-0.0036276
-0.0038283
-0.0033221
-0.0023716
-0.0020745
-0.001637
-0.0018397
-0.0028837
-0.0031967
-0.0030237
-0.0035178
-0.0042024
-0.0039749
-0.0036356
-0.0037057
-0.0035944
-0.0030481
-0.0019509
-0.0010797
-0.00062935
-0.00022933
-0.00044223
-0.0016168
-0.002596
-0.0032516
-0.0037076
-0.0036208
-0.0037948
-0.0034788
-0.0023392
-0.0012576
-0.00062992
-0.00013473
0.00011549
-0.00032089
-0.00073802
-0.001192
-0.0010546
-0.00028301
-9.6806e-05
-0.00049667
-0.0013015
-0.0013619
-0.0011704
-0.0020722
-0.0014286
0.0013946
0.002013
-0.00028914
-0.0015366
-0.0017536
-0.0021237
-0.0015988
-0.0011473
-0.00084553
-0.0002709
-0.00036191
-0.00081302
-0.00080114
-0.00084398
-0.0015127
-0.0022354
-0.0026997
-0.0031479
-0.0037859
-0.0031052
-0.001747
-0.0012974
-0.00075974
-0.00062488
-0.00085075
-0.0011285
-0.0028753
-0.0046518
-0.0040932
-0.0028608
-0.0019071
-0.00080408
-0.00051263
-0.0010989
-0.0019234
-0.0026305
-0.002699
-0.0023441
-0.0029048
-0.0037272
-0.0030055
-0.0023463
-0.0025941
-0.0026874
-0.0025776
-0.0018848
-0.0013424
-0.0021217
-0.0026942
-0.0017041
-0.0011326
-0.001237
-0.0010703
-0.0015549
-0.0012776
0.00078439
0.00056053
-0.0015954
-0.0013773
-0.00030605
-0.00019883
-0.0010547
-0.0026567
-0.0029587
-0.00093129
0.00055624
-0.00074867
-0.0020865
-0.0025598
-0.0032164
-0.0030809
-0.0028988
-0.0021683
-0.0015518
-0.0022288
-0.0014112
-0.00013326
-0.00086281
-0.0020089
-0.0015702
-0.00036522
-0.00038417
-0.00075137
-0.00027713
0.0010273
0.0019871
0.00057876
-0.0011084
-0.00054841
0.00052391
0.0010222
0.001205
0.00027458
-0.00052199
2.3877e-05
-0.00030174
-0.0010766
-0.00040625
0.00010253
-5.371e-05
0.00047488
0.00020078
-0.00079725
-9.836e-05
0.0001722
-0.00047233
3.131e-05
0.00024945
-0.00027097
-0.00049433
-0.00030884
0.00013653
0.00064381
0.00094807
0.00085714
0.0014292
0.0023033
0.0018328
0.0010535
0.0012397
0.0021038
0.0021806
0.00010265
-0.0014699
-0.00016886
0.00013461
-0.0016104
-0.0018981
-0.0014503
-0.00085938
0.00020829
0.00035635
0.00013564
0.00015161
-0.00010104
-0.00073436
-0.0016597
-0.0016421
6.3474e-05
0.001086
0.00061178
0.00075916
0.00136
0.00058779
-0.00078541
-0.0010044
-0.00068881
0.00023888
0.0011495
0.00066598
-0.00061314
-0.001033
0.00013258
0.00081958
0.0001432
-0.00040761
6.361e-05
0.00041734
-0.00080429
-0.0018182
-0.00068272
-0.00016541
-0.0008354
-0.00046542
-0.00032007
-0.00097546
-0.0013922
-0.0013581
-0.00074242
-0.00022653
-0.00027573
0.00028072
0.0005776
-0.00015607
-0.00073522
-0.0013651
-0.0015691
-0.00043142
0.0007344
0.00094129
0.00058654
-0.00026707
-0.00063951
1.6398e-05
0.00080815
0.0008059
0.00034441
-0.00015282
-0.0012053
-0.001497
0.00014637
0.0014519
0.0012134
0.00065405
-0.00072599
-0.0018549
-0.0013589
-0.00023266
0.0007055
0.00052942
-7.7138e-06
0.00025335
9.4088e-05
-0.00065961
-0.00023612
0.00057611
0.00023164
-9.1715e-05
0.00069816
0.0011585
0.00026603
0.00031724
0.001153
0.0010653
0.00068959
0.0011308
0.0023009
0.0019679
0.00022561
-0.0005379
9.7431e-05
0.00075414
0.00023241
-0.0011003
-0.0014825
-0.00077577
9.9623e-05
0.00052303
5.7262e-05
-0.0010014
-0.0010332
0.0013151
0.0031805
0.0022998
0.00042471
-0.00030476
0.00016499
2.5425e-05
-0.00055743
-0.00020801
0.0004158
0.00041355
-0.00020356
-0.00023683
0.00032285
9.027e-05
-0.00018368
-0.00024191
-0.00021917
0.00014535
0.00066678
0.00066153
-0.00017641
-0.0010302
-0.0013877
-0.00052964
-0.00010994
-0.0008032
-0.00027148
0.00050364
0.00028473
4.8416e-06
-0.00030105
-0.00034266
-0.0010819
-0.0018964
0.0004698
0.0027265
0.001928
0.00026075
-0.0016596
-0.0019923
-0.00038862
0.00025119
-0.00022196
-0.00014851
0.00026302
0.00051666
0.00050567
0.00013015
9.0263e-05
0.00029937
0.00013025
-0.00025084
-0.00041091
-0.0002089
-0.0002032
-5.7163e-05
0.00062495
0.00096166
-4.1369e-05
-0.0019247
-0.0019741
-0.00032393
0.00085414
0.00039514
-0.00057805
0.00046965
0.001388
0.00085843
0.00074101
0.00050909
-0.00021349
-0.00053052
-0.00095159
-0.0015453
-0.00084992
0.00049797
0.00071662
0.00075936
0.0012241
0.00093248
0.0005482
0.00096623
0.00097637
0.0003101
-0.00018655
-0.00087824
-0.0010015
-0.00040272
-7.8045e-05
0.00081685
0.0011697
-0.00034833
-0.0010373
-7.5767e-05
0.00057622
0.00059943
0.00019551
-0.00014801
0.00013801
0.00014474
-0.00041002
-0.00070422
-0.00062798
-0.00027902
-0.0004691
-0.00066623
0.00044778
0.0011537
0.0009066
0.0009524
-0.00035894
-0.0021959
-0.001541
-8.7666e-05
0.0006701
0.00038868
-0.00022965
0.0010047
0.0017977
0.00019536
-0.00081983
-0.00015744
-0.00031989
-0.00096482
-1.8591e-05
0.00068938
-0.0002724
-0.0013054
-0.00088411
0.00078721
0.0011809
-0.00025757
-0.0013078
-0.0011031
0.00021262
0.0013177
0.00082175
-0.00030541
-0.00082689
-0.00038389
0.00049951
0.00039007
-0.0010582
-0.0011902
0.001216
0.002064
0.0009798
0.00038469
-0.00080153
-0.0022954
-0.0012897
0.0016568
0.0019726
-0.00015181
-0.0013749
-0.0011207
-0.00068984
-4.524e-05
0.00065395
0.00050864
0.00021288
-0.00030248
-0.00014885
0.00051567
0.00042898
0.00011211
-0.00054356
-0.00065942
0.00081837
0.0017984
0.00096743
0.0002982
0.00068683
0.0017334
0.0018517
5.7899e-05
-0.0019442
-0.0020554
-0.00028241
0.00076734
0.0012472
0.0018242
0.0010755
-0.00024646
-0.00083574
-0.00061391
-0.00045698
-0.00061308
-0.00037393
0.00020746
0.00061239
0.00052897
0.00013548
-0.00085071
-0.0016981
-0.0010499
0.00082936
0.002282
0.0015979
0.00011027
-0.00048476
-0.00058372
-0.00057853
-0.00050464
-2.0981e-05
5.5546e-05
-0.00014572
0.00027218
6.7757e-06
-0.00076341
-0.00049222
0.00071677
0.0014456
0.00051312
-0.00094125
-0.0010804
-0.00076959
-0.00030461
0.00097465
0.0015715
0.001179
0.00063108
-0.00055443
-0.0015005
-0.00079197
