-0.00020666
0.00011301
0.00041202
0.00036109
-5.0278e-05
-0.00034145
-0.00035276
1.3299e-05
0.00022267
6.1874e-05
0.00011997
0.00022086
0.00025803
0.00023942
-0.00030199
-0.00076019
-0.00051627
-7.065e-05
0.00033357
0.00045505
0.00024488
-1.8189e-05
-0.00015209
0.00010429
0.00027187
7.599e-05
-6.0149e-05
9.1501e-05
0.00024604
-0.00011646
-0.00066568
-0.00061473
5.4603e-05
0.00026741
-6.2617e-05
0.00010903
0.00041559
0.00017727
-0.00020994
-0.00019084
9.8774e-05
0.00020929
-1.1151e-05
-0.00034901
-0.00031764
9.8392e-05
0.00025031
8.8099e-05
0.0001514
0.00024319
0.00011146
-0.00011182
-0.00030518
-0.00026712
-6.6333e-05
1.4916e-06
5.2785e-05
0.00024172
0.00028021
4.383e-05
-0.0001354
-0.00010359
-0.00039873
-0.00053069
0.00017749
0.00068767
0.00037698
-2.4262e-05
-0.00036746
-0.00078903
-0.00030459
0.0005443
0.00054698
8.6741e-05
-0.00031955
-3.1499e-05
0.00052772
0.00024345
-0.00028712
-0.00019065
-2.1403e-05
-0.00029382
-0.00025695
0.00013773
0.00021227
0.00021816
0.00024655
0.00016109
6.7492e-05
-8.9335e-05
-0.00021301
-6.8717e-05
0.00026286
0.00047472
9.5787e-05
-0.00046168
-0.00033874
1.0702e-05
0.00014337
0.00014128
-0.00029363
-0.00060613
-4.7083e-05
0.00021377
-0.00013189
3.1509e-05
0.0002882
1.2643e-05
-0.00022455
-1.7378e-05
0.00019194
2.1827e-05
-6.8743e-05
-1.713e-05
-0.00016432
-0.00020282
0.00012953
0.00035738
0.00019706
7.7525e-05
5.6395e-06
-0.00019773
-0.00022483
5.7358e-05
0.00045794
0.0005136
-7.9639e-05
-0.00074137
-0.00079104
-0.00028586
0.00046528
0.00072732
0.0001716
-0.00030584
-0.00022184
2.7881e-05
-7.6185e-06
-1.4463e-05
0.00024444
0.00025186
7.1615e-05
-0.00011866
-0.00019186
-0.00016437
-0.00015103
-4.5881e-05
-7.459e-05
-1.2072e-06
0.00014236
3.0912e-05
5.8746e-06
0.0001856
-5.1303e-06
-0.00061236
-0.00046944
0.00036847
0.00064859
0.00017832
-0.00024566
5.2155e-05
0.00038295
1.5166e-05
-0.000528
-0.00041796
3.4446e-05
0.00011735
-4.1001e-05
-8.9003e-06
0.00036532
0.00037702
-0.00029693
-0.00052156
4.5622e-05
0.00027497
0.00035904
0.00042492
-6.7512e-05
-0.00041098
-0.0002753
-7.4455e-05
-0.00014546
-0.00033679
-0.0001251
0.00023636
0.0002584
0.00022089
9.7905e-05
-0.00029149
-0.00042405
-0.00013694
0.00022472
0.00044419
0.00034408
4.979e-05
-0.00017116
-0.00018181
-7.6257e-06
0.00010593
0.00018235
0.00017061
-1.8291e-05
-0.00028585
-0.00021384
0.0001203
0.00018614
0.00010429
-8.6493e-05
-0.00023793
-0.00015672
0.00011176
0.00023951
0.00013631
-1.379e-05
-0.00010452
-2.1173e-05
1.4439e-05
-0.00010405
-0.00011694
7.1817e-05
0.00014309
7.982e-05
-0.00021684
-0.0003067
0.00025014
0.00052145
0.0001565
-0.00024744
-0.0003129
-8.8933e-05
0.00022598
0.00012764
-0.00015866
6.1615e-05
0.0001593
-0.00011471
-8.6504e-05
-5.629e-05
-0.00026865
-0.0001522
0.00021837
0.00014396
-0.00019631
-7.7184e-05
0.00013638
-6.3131e-05
-0.00019551
-0.00015258
2.0688e-05
0.00027917
7.4917e-05
-0.00010438
-0.00018152
-0.00033178
0.00017223
0.00047823
1.7462e-05
-0.00015033
-6.9364e-05
1.66e-05
0.00035957
0.00021373
-0.00025452
-0.0002751
-0.00016922
-8.6048e-05
-4.1319e-05
2.1431e-05
5.6758e-05
-5.2022e-05
0.00011496
0.00046929
0.00041507
7.0076e-05
-0.00011893
-6.8778e-05
-4.3842e-05
-4.6536e-05
-7.4611e-05
-0.00041198
-0.00063763
-0.00011818
0.00048266
0.00034205
2.4659e-05
-1.8797e-05
-5.3056e-05
-0.00011184
-0.00018045
-4.4696e-05
0.00034644
0.00035543
2.3768e-05
-0.000231
-0.00045742
-0.00069641
-0.00074478
-0.00041692
0.00033097
0.00071769
0.00066077
0.0003124
0.00031698
-1.781e-05
-0.00044983
-0.0010804
-0.0017717
-0.0021884
-0.001718
-0.0012363
-0.00091271
-0.0003933
0.00024414
0.00082485
0.0016673
0.0024319
0.002543
0.0036891
0.003041
-0.0029144
-0.009661
-0.013368
-0.010438
9.3208e-06
0.015498
0.050493
0.090476
0.087401
0.053494
0.030193
0.023817
0.02507
0.025896
0.023861
0.02205
0.021476
0.019034
0.013508
0.0069714
-0.00040958
-0.010377
-0.018866
-0.023692
-0.029275
-0.03523
-0.038521
-0.038105
-0.036824
-0.033342
-0.027026
-0.021674
-0.01838
-0.016287
-0.015338
-0.015119
-0.014229
-0.012956
-0.010621
-0.0087819
-0.008146
-0.0071377
-0.0075327
-0.011933
-0.02069
-0.025497
-0.021067
-0.0073132
0.010639
0.024823
0.032665
0.035823
0.035545
0.035419
0.03603
0.039822
0.041638
0.04057
0.038008
0.052899
0.072583
0.06724
0.04044
0.018649
0.0057642
-0.00098132
-0.0052351
-0.010866
-0.023387
-0.042183
-0.052423
-0.056033
-0.055178
-0.050797
-0.047163
-0.036323
-0.024074
-0.0088416
-0.0071713
-0.012909
-0.02331
-0.029597
-0.028588
-0.025657
-0.020997
-0.018091
-0.016656
-0.015162
-0.016931
-0.018795
-0.0055545
0.018467
0.038116
0.04547
0.042322
0.036584
0.03388
0.035403
0.036084
0.036183
0.036595
0.038316
0.040448
0.040179
0.039013
0.03769
0.035215
0.030093
0.023949
0.016984
0.010926
0.0032514
-0.0052826
-0.016734
-0.028099
-0.032057
-0.027133
-0.02032
-0.014112
-0.012517
-0.014668
-0.019187
-0.021145
-0.020904
-0.021334
-0.022157
-0.022524
-0.021981
-0.021104
-0.021226
-0.025899
-0.035269
-0.015627
0.015324
0.035429
0.044731
0.047318
0.045209
0.041726
0.039081
0.038539
0.038994
0.041056
0.04428
0.0449
0.041863
0.038845
0.036438
0.031533
0.023446
0.014755
0.0061956
-0.0017475
-0.035155
-0.093003
-0.10928
-0.079111
-0.053672
-0.036645
-0.022713
-0.01743
-0.02164
-0.035814
-0.04712
-0.048458
-0.043001
-0.035343
-0.029379
-0.027234
-0.025936
-0.02558
-0.025285
-0.015746
0.0037952
0.031563
0.043052
0.037015
0.030752
0.029379
0.029835
0.028244
0.024546
0.022683
0.024794
0.029994
0.03232
0.03074
0.028945
0.02658
0.021454
0.014965
0.0071282
-0.0019995
-0.0086005
-0.012817
-0.018814
-0.025027
-0.024754
-0.018315
-0.010968
-0.0055326
-0.0023631
-0.0051822
-0.021984
-0.02435
-0.019911
-0.017147
-0.017947
-0.021251
-0.024725
-0.023836
-0.024003
-0.019013
-0.0075854
0.0061006
0.019248
0.03066
0.038743
0.042257
0.041957
0.040432
0.040422
0.041137
0.04187
0.039914
0.039543
0.040383
0.038745
0.034483
0.030842
0.028417
0.024302
0.018818
0.011694
0.0037871
-0.0048023
-0.012139
-0.019945
-0.030743
-0.04561
-0.055824
-0.055823
-0.04499
-0.033895
-0.024797
-0.01805
-0.015548
-0.021413
-0.031287
-0.035208
-0.032767
-0.027661
-0.022729
-0.021448
-0.020551
-0.018816
-0.019542
-0.020549
-0.021026
-0.018598
-0.011911
-0.00025306
0.013708
0.02637
0.033358
0.034861
0.032035
0.029581
0.030468
0.03211
0.032492
0.028753
0.025827
0.028523
0.031524
0.030079
0.026848
0.025339
0.024275
0.020945
0.015053
0.00766
-0.0010464
-0.0089599
-0.015824
-0.032743
-0.052263
-0.04447
-0.023552
-0.011722
-0.0088524
-0.0093403
-0.010442
-0.012171
-0.013968
-0.015534
-0.016062
-0.017198
-0.017791
-0.021116
-0.026339
-0.025832
-0.021445
-0.0095439
0.0048186
0.018073
0.028338
0.034217
0.035925
0.036947
0.038186
0.041297
0.043098
0.041977
0.039389
0.038048
0.036753
0.033327
0.031143
0.030443
0.028782
0.026656
0.016453
-0.0013729
-0.018528
-0.033823
-0.051379
-0.061205
-0.060309
-0.048601
-0.035894
-0.029335
-0.025317
-0.025221
-0.030379
-0.035696
-0.036814
-0.032507
-0.026473
-0.023034
-0.022296
-0.021753
-0.020909
-0.02174
-0.021503
-0.02217
-0.019594
-0.012401
0.00069919
0.01576
0.028291
0.032744
0.029931
0.02698
0.029571
0.033668
0.034633
0.032967
0.028627
0.050845
0.080975
0.077339
0.040561
0.012631
-0.0018633
-0.0094645
-0.015095
-0.020116
-0.025738
-0.03131
-0.030395
-0.023194
-0.014719
-0.008383
-0.0064871
-0.0081365
-0.0095107
-0.010127
-0.0095873
-0.0090021
-0.0084888
-0.010048
-0.013538
-0.015757
-0.016301
-0.017231
-0.019796
-0.020896
-0.022864
-0.016291
-0.0042883
0.010232
0.024406
0.033426
0.037155
0.038268
0.037841
0.065453
0.10638
0.10564
0.066648
0.037003
0.024503
0.020968
0.018573
0.015034
0.01122
0.0062596
-0.0034626
-0.014959
-0.024904
-0.035224
-0.049813
-0.059484
-0.058322
-0.046546
-0.03371
-0.023153
-0.016734
-0.016492
-0.021693
-0.030746
-0.035087
-0.031404
-0.025721
-0.023356
-0.023833
-0.023324
-0.021288
-0.022942
-0.022926
-0.022376
-0.018941
-0.012181
0.00048556
0.039086
0.085902
0.091386
0.061417
0.035906
0.024739
0.022637
0.028586
0.034719
0.03418
0.02994
0.028458
0.026986
0.02205
0.014266
0.0045955
-0.0058925
-0.014794
-0.021958
-0.030019
-0.036554
-0.032544
-0.022217
-0.011552
-0.0050205
-0.0029518
-0.0038579
-0.0052491
-0.0081207
-0.011784
-0.014218
-0.013881
-0.013381
-0.014307
-0.01393
-0.014974
-0.016856
-0.019361
-0.02186
-0.021907
-0.014317
-0.0023584
0.011805
0.023616
0.032689
0.037569
0.040203
0.070276
0.11343
0.11072
0.069118
0.038631
0.028384
0.028428
0.027806
0.023857
0.018652
0.012669
0.0047791
-0.0055529
-0.015012
-0.022563
-0.033231
-0.049575
-0.059789
-0.059158
-0.045185
-0.03115
-0.021937
-0.014964
-0.016577
-0.023373
-0.033917
-0.051688
-0.046164
-0.029979
-0.018522
-0.016881
-0.018298
-0.019422
-0.017689
-0.010195
0.002207
0.015728
0.029152
0.036114
0.033523
0.028034
0.027422
0.032308
0.033978
0.033073
0.030159
0.028368
0.030005
0.031999
0.031922
0.032048
0.032194
0.029436
0.023102
0.014329
0.0036546
-0.005954
-0.012002
-0.034569
-0.06991
-0.063264
-0.031586
-0.013712
-0.010562
-0.012846
-0.014825
-0.015457
-0.014053
-0.013954
-0.016946
-0.01939
-0.020732
-0.020957
-0.02159
-0.022978
-0.02208
-0.018019
-0.010411
0.00033526
0.011408
0.021037
0.027568
0.030938
0.031581
0.031943
0.034475
0.035765
0.035799
0.036789
0.036535
0.031282
0.02469
0.021581
0.020049
0.016416
0.011861
0.0080483
0.0032905
-0.0041294
-0.013189
-0.020526
-0.049005
-0.095874
-0.093359
-0.05423
-0.025658
-0.012953
-0.013387
-0.018251
-0.022587
-0.023974
-0.021845
-0.02099
-0.020406
-0.018461
-0.017569
-0.016539
-0.015901
-0.019027
-0.022093
-0.022497
-0.017059
-0.0055577
0.0085817
0.016471
0.016024
0.013705
0.013288
0.014106
0.016979
0.020662
0.020001
0.01626
0.013616
0.011924
0.010431
0.0086457
0.0069866
0.0053013
0.0036174
0.0021095
-6.3037e-05
-0.0038157
-0.024469
-0.057315
-0.060943
-0.038487
-0.018238
-0.0088993
-0.0090708
-0.011317
-0.011799
-0.01138
-0.010356
-0.0083964
-0.0049806
-0.0037609
-0.0022444
-0.00095412
-0.001203
-0.0058241
-0.011133
-0.016598
-0.015356
-0.004083
0.013138
0.027916
0.034895
0.034491
0.029284
0.024742
0.025102
0.029735
0.031954
0.030113
0.028349
0.028301
0.027367
0.024826
0.022158
0.02014
0.016887
0.011923
0.0079599
0.0040078
-0.0014678
-0.026706
-0.0634
-0.062112
-0.030549
-0.0066859
0.001684
-0.00017881
-0.005933
-0.007875
-0.0080026
-0.0057845
-0.0030585
-0.0033829
-0.0039247
-0.0042966
-0.0034674
-0.002732
-0.0041394
-0.0094584
-0.016188
-0.020405
-0.016877
-0.00567
0.0099192
0.021789
0.023268
0.01836
0.013556
0.01478
0.019916
0.024
0.023583
0.02117
0.019528
0.017275
0.013336
0.0093095
0.005499
0.0022492
-0.002364
-0.0084948
-0.015281
-0.023104
-0.031593
-0.038749
-0.038758
-0.033275
-0.022863
-0.012662
-0.0066982
-0.0055568
-0.0076384
-0.0096978
-0.0095656
-0.0074756
-0.0055371
-0.003654
-0.0038114
-0.0040419
-0.0031464
-0.003272
-0.0066703
-0.015012
-0.021673
-0.017618
-0.0041479
0.012356
0.025527
0.031678
0.030571
0.027736
0.024905
0.025358
0.028491
0.029233
0.027343
0.026197
0.026511
0.02698
0.032206
0.038007
0.029972
0.013013
0.00014026
-0.0081725
-0.014297
-0.019016
-0.026901
-0.036964
-0.04072
-0.033147
-0.020518
-0.010525
-0.006196
-0.0080875
-0.010739
-0.010162
-0.0095651
-0.0095115
-0.0094754
-0.0092398
-0.0084285
-0.0070884
-0.0044982
-0.0047727
-0.0089054
-0.01816
-0.024208
-0.025862
-0.020168
-0.0069524
0.007192
0.016541
0.016104
0.013009
0.011475
0.013449
0.016819
0.020493
0.021854
0.020503
0.018583
0.016313
0.016261
0.015234
0.010146
0.0011446
-0.0061756
-0.010588
-0.015618
-0.024224
-0.03306
-0.038155
-0.037795
-0.030803
-0.020249
-0.010737
-0.005946
-0.0050093
-0.0059022
-0.0071239
-0.0065913
-0.005546
-0.0030027
-0.0023849
-0.0033861
-0.0024533
-0.0022362
-0.0017881
-0.0016379
-0.01063
-0.015829
-0.015034
-0.0057762
0.009017
0.024669
0.033499
0.034562
0.029993
0.025732
0.026657
0.047741
0.075189
0.069076
0.038542
0.018637
0.010089
0.006141
0.0052319
0.0045118
-0.00078356
-0.0085837
-0.014709
-0.019547
-0.02459
-0.03202
-0.036434
-0.031662
-0.020452
-0.010486
-0.0066209
-0.0079529
-0.0093997
-0.0091601
-0.0076895
-0.0071245
-0.0077331
-0.0078128
-0.0074491
-0.0059102
-0.0041091
-0.0033606
-0.0073644
-0.015814
-0.021163
-0.022601
-0.016822
-0.0053258
0.0076595
0.016052
0.019961
0.018365
0.017526
0.018443
0.020211
0.021868
0.023785
0.023797
0.021672
0.022818
0.023986
0.016863
0.0067301
-0.00038318
-0.004518
-0.0087525
-0.015142
-0.021831
-0.029158
-0.033892
-0.033452
-0.029074
-0.022488
-0.014061
-0.0092737
-0.0076523
-0.0081625
-0.0099592
-0.010529
-0.0087676
-0.0064857
-0.0045553
-0.0039644
-0.0012571
-0.00017844
-0.001416
-0.0033675
-0.011901
-0.018695
-0.017078
-0.0056798
0.011694
0.026385
0.034024
0.03296
0.028137
0.023303
0.022793
0.026186
0.028883
0.02934
0.028178
0.027226
0.02735
0.026414
0.022647
0.017756
0.013516
0.01036
0.0074831
0.003627
-0.0025954
-0.011652
-0.020017
-0.026464
-0.032347
-0.038088
-0.04103
-0.037681
-0.028113
-0.01826
-0.014809
-0.015047
-0.015985
-0.017086
-0.016191
-0.014828
-0.013823
-0.012619
-0.010992
-0.0080642
-0.0066131
-0.0057049
-0.011414
-0.020308
-0.02535
-0.026424
-0.019034
-0.0045246
0.0092542
0.016242
0.018863
0.015884
0.015581
0.019028
0.022894
0.023932
0.023556
0.021732
0.020029
0.019618
0.016597
0.011801
0.0084235
0.0059363
-0.00017478
-0.011891
-0.022061
-0.027514
-0.031168
-0.031321
-0.028188
-0.022148
-0.014477
-0.0064664
-0.00020898
0.0020897
0.0021951
0.00076451
-0.0018318
-0.0041662
-0.0036519
-0.0011896
9.2767e-05
-0.00052238
-0.0018562
-0.0035375
-0.0081339
-0.016254
-0.018809
-0.015956
-0.0032641
0.01374
0.029196
0.05406
0.077833
0.071357
0.042643
0.024255
0.018785
0.020432
0.021803
0.019751
0.016135
0.012571
0.0094948
0.0065677
0.0032475
-0.00128
-0.0068284
-0.014581
-0.023719
-0.030724
-0.035373
-0.039348
-0.036314
-0.026668
-0.017528
-0.019027
-0.032435
-0.031258
-0.019824
-0.011141
-0.0078115
-0.0072418
-0.0083681
-0.010268
-0.015556
-0.020492
-0.021548
-0.01403
-0.00025807
0.01527
0.023749
0.025161
0.021864
0.018452
0.019768
0.024558
0.027028
0.027523
0.025087
0.021582
0.018709
0.016314
0.013282
0.010646
0.008907
0.0069614
0.0033853
-0.00021161
-0.0033449
-0.0099358
-0.035853
-0.067905
-0.05706
-0.026616
-0.0061554
0.00058965
-0.00090867
-0.0035023
-0.0070212
-0.0092277
-0.0085994
-0.0070692
-0.0062835
-0.0048408
-0.0043819
-0.0056262
-0.011838
-0.014706
-0.017875
-0.015249
-0.0044217
0.012812
0.03099
0.058111
0.082669
0.074247
0.044588
0.026437
0.022061
0.022322
0.021472
0.018904
0.014725
0.010106
0.0070495
0.0049164
0.0021815
-0.0026018
-0.0096031
-0.016498
-0.023061
-0.028409
-0.034415
-0.03755
-0.032971
-0.021872
-0.015477
-0.022983
-0.022411
-0.015166
-0.01009
-0.0077524
-0.0062889
-0.0052694
-0.0064626
-0.011221
-0.015979
-0.021413
-0.022112
-0.015065
-0.00038687
0.014831
0.02286
0.021953
0.019046
0.016626
0.020195
0.025933
0.027544
0.026657
0.025742
0.02377
0.020832
0.018219
0.01508
0.011237
0.0077526
0.0053028
-0.0058791
-0.026449
-0.039297
-0.039778
-0.031728
-0.026762
-0.021195
-0.014339
-0.0092176
-0.0067249
-0.0049192
-0.0050002
-0.0081038
-0.0099884
-0.0087996
-0.0079864
-0.0061168
-0.0050442
-0.0051581
-0.0065493
-0.0095004
-0.016122
-0.020626
-0.020636
-0.0096232
0.009432
0.043286
0.072802
0.069695
0.043648
0.024721
0.019003
0.019877
0.020082
0.018733
0.016527
0.013466
0.0094628
0.0061292
0.0040316
0.0018777
-0.002757
-0.010359
-0.017171
-0.023067
-0.029912
-0.032773
-0.034458
-0.034053
-0.028635
-0.021455
-0.017493
-0.020464
-0.031108
-0.026341
-0.013876
-0.0069836
-0.005117
-0.0066684
-0.010706
-0.017835
-0.021396
-0.020827
-0.01355
0.00079545
0.016376
0.02576
0.024686
0.018433
0.015406
0.019904
0.026819
0.029387
0.026702
0.024288
0.022693
0.020486
0.017877
0.014199
0.010037
0.0065852
0.0050952
0.0039502
0.00099987
-0.019812
-0.053027
-0.058971
-0.041758
-0.025047
-0.01186
-0.0038187
0.00011892
0.001591
-0.00038693
-0.0038368
-0.0070006
-0.0070874
-0.0051851
-0.0036376
-0.0026512
-0.0027739
-0.0060714
-0.011891
-0.018766
-0.021511
-0.019673
-0.0098426
0.007159
0.02553
0.036565
0.036422
0.029177
0.023684
0.025027
0.049195
0.079988
0.076371
0.04509
0.021291
0.011923
0.0099748
0.0081075
0.0052974
0.001479
-0.0043504
-0.013099
-0.023834
-0.029587
-0.031019
-0.032004
-0.030198
-0.022476
-0.013225
-0.0088904
-0.0096876
-0.01326
-0.016651
-0.016341
-0.015216
-0.012675
-0.0105
-0.010075
-0.022413
-0.025002
-0.020411
-0.0096362
0.007431
0.023667
0.033633
0.036797
0.037276
0.036926
0.036863
0.037439
0.038133
0.038299
0.039388
0.040659
0.041195
0.04005
0.038472
0.037109
0.034394
0.029627
0.022912
0.015237
0.0065034
-0.0017699
-0.0085331
-0.016729
-0.027827
-0.038366
-0.036116
-0.02333
-0.0072375
0.0016222
0.0013563
-0.0017636
-0.0039812
-0.0053183
-0.0058341
-0.005809
-0.0056181
-0.0097486
-0.01866
-0.027692
-0.030785
-0.025743
-0.012036
0.0042723
0.017225
0.026246
0.030971
0.032483
0.034147
0.03418
0.035327
0.03567
0.035391
0.03209
0.027466
0.025636
0.024705
0.034543
0.045789
0.034228
0.005785
-0.016322
-0.029876
-0.037695
-0.041554
-0.04833
-0.051804
-0.049634
-0.045286
-0.041419
-0.041228
-0.044675
-0.047992
-0.047707
-0.047667
-0.045008
-0.039821
-0.034243
-0.033679
-0.033711
-0.031305
-0.03391
-0.03217
-0.03209
-0.028429
-0.019672
-0.0034634
0.012922
0.024575
0.027753
0.024505
0.040541
0.069342
0.071029
0.04559
0.026214
0.018159
0.015727
0.014039
0.013683
0.014005
0.010423
0.0031474
-0.0043153
-0.011992
-0.022456
-0.032734
-0.034745
-0.027075
-0.016271
-0.0065825
2.578e-05
0.0029403
0.0038271
0.0024637
0.0006784
-0.0021125
-0.0038469
-0.0018158
0.00011597
-0.00010599
-0.00096246
-0.0036761
-0.0068234
-0.011155
-0.021313
-0.02755
-0.022985
-0.0088596
0.0094916
0.02754
0.039286
0.041653
0.036095
0.030757
0.029409
0.034427
0.042011
0.064512
0.089312
0.080998
0.046806
0.022395
0.010182
0.0053216
0.0023146
-0.003728
-0.014119
-0.026049
-0.035199
-0.039943
-0.045673
-0.047543
-0.044203
-0.035233
-0.027441
-0.027697
-0.032415
-0.037248
-0.039113
-0.035722
-0.030144
-0.025181
-0.023998
-0.024572
-0.024291
-0.023193
-0.023365
-0.020898
-0.021706
-0.019763
-0.013461
0.00042662
0.018669
0.031971
0.035478
0.030565
0.023093
0.022968
0.028291
0.031953
0.030691
0.025204
0.022377
0.023267
0.024615
0.024337
0.023591
0.031287
0.034645
0.020606
-0.0011419
-0.015736
-0.027909
-0.034538
-0.029409
-0.017397
-0.006274
0.00018119
0.0010458
-0.0010938
-0.0038052
-0.0064946
-0.0069825
-0.0058437
-0.0041016
-0.0024269
-0.00090802
-0.0010624
-0.0018823
-0.0051267
-0.010902
-0.019445
-0.022628
-0.018049
-0.0063865
0.010697
0.028006
0.038528
0.040478
0.039418
0.038182
0.035841
0.037262
0.04297
0.044218
0.040061
0.036015
0.034723
0.034822
0.034692
0.034914
0.033252
0.027141
0.019179
0.011988
-0.014881
-0.063025
-0.080989
-0.067941
-0.049176
-0.035708
-0.028871
-0.030036
-0.035452
-0.039824
-0.04148
-0.036894
-0.033043
-0.029097
-0.027081
-0.02892
-0.027773
-0.02376
-0.023778
-0.023457
-0.024451
-0.024163
-0.017269
-0.00042636
0.01898
0.03149
0.034938
0.030647
0.026273
0.027044
0.03134
0.032322
0.03002
0.026713
0.025228
0.027437
0.031017
0.031431
0.027551
0.025111
0.023274
0.014589
-0.0074281
-0.027838
-0.036413
-0.030247
-0.017486
-0.0078957
-0.0023562
0.0016946
0.0021871
0.00019858
-0.00086059
-0.0025145
-0.0028956
-0.0020794
-0.0017115
-0.00055535
0.00040757
-0.0020553
-0.0076908
-0.014128
-0.017721
-0.019906
-0.016057
-0.0034851
0.01135
0.024587
0.033989
0.037752
0.036426
0.033519
0.033957
0.038059
0.042112
0.04154
0.034879
0.028998
0.027551
0.027492
0.027846
0.028114
0.025332
0.019653
0.014429
-0.0037465
-0.037671
-0.058205
-0.057457
-0.052036
-0.045309
-0.039617
-0.034192
-0.034492
-0.038099
-0.039632
-0.040851
-0.038798
-0.034934
-0.032273
-0.031001
-0.028686
-0.027253
-0.027161
-0.026572
-0.025273
-0.025334
-0.023273
-0.01696
-0.0061503
0.010256
0.026092
0.034647
0.031825
0.026115
0.024803
0.028109
0.030419
0.028381
0.02591
0.025851
0.027725
0.028509
0.025924
0.022267
0.020663
0.020597
0.018027
0.012732
0.0058634
-0.0019344
-0.024705
-0.053581
-0.049143
-0.022597
-0.0040525
0.00079405
-0.0017354
-0.0063501
-0.0097931
-0.010576
-0.0086054
-0.0059845
-0.0048105
-0.0047042
-0.0048036
-0.0056731
-0.0091728
-0.016009
-0.024908
-0.027347
-0.022995
-0.0085677
0.0093652
0.024366
0.032138
0.033613
0.032953
0.033828
0.035998
0.037732
0.041663
0.040244
0.037696
0.034971
0.033518
0.032354
0.032726
0.033701
0.031041
0.024436
0.017586
-0.0051299
-0.045713
-0.068068
-0.065739
-0.058615
-0.048732
-0.040064
-0.037952
-0.037989
-0.0414
-0.042585
-0.0417
-0.037833
-0.030716
-0.026385
-0.023905
-0.025788
-0.028083
-0.027378
-0.025595
-0.022866
-0.022505
-0.021992
-0.015968
-0.0018337
0.015874
0.028106
0.030212
0.02653
0.022866
0.024817
0.028918
0.030686
0.027824
0.023246
0.022601
0.02523
0.02659
0.024814
0.02277
0.022632
0.022401
0.01937
0.013345
0.0074764
0.0012082
-0.022648
-0.054916
-0.051494
-0.022614
-0.0040021
0.001288
-0.0016779
-0.0055592
-0.0079117
-0.010137
-0.0093009
-0.0048239
-0.0022879
-0.0028439
-0.0051505
-0.010505
-0.01801
-0.02416
-0.023548
-0.017169
-0.0049908
0.011293
0.0253
0.032493
0.03354
0.031382
0.030456
0.031786
0.035831
0.042579
0.042013
0.035246
0.029373
0.02869
0.029276
0.028974
0.029549
0.028758
0.021883
0.0025961
-0.019285
-0.036032
-0.049383
-0.052833
-0.053146
-0.048971
-0.041536
-0.034029
-0.033095
-0.037267
-0.041769
-0.042967
-0.038855
-0.032104
-0.027351
-0.026647
-0.02676
-0.026181
-0.02664
-0.027039
-0.025544
-0.023961
-0.02147
-0.014847
-0.0025863
0.013204
0.026676
0.033731
0.031547
0.024611
0.023419
0.027508
0.029639
0.025825
0.022256
0.023237
0.027164
0.028333
0.02534
0.023062
0.022709
0.022085
0.020036
0.0073702
-0.0186
-0.036289
-0.032966
-0.020968
-0.011017
-0.0054329
-0.0030956
-0.0041302
-0.0060561
-0.0096797
-0.013301
-0.014147
-0.011816
-0.0079672
-0.0057659
-0.0062404
-0.0071074
-0.010633
-0.018397
-0.027124
-0.028771
-0.022258
-0.008847
0.0067964
0.020088
0.030278
0.034611
0.03376
0.032447
0.034228
0.03939
0.043435
0.042713
0.037762
0.034711
0.035453
0.036273
0.035607
0.03379
0.029882
0.024638
0.01896
0.013229
0.0050855
-0.0068799
-0.01893
-0.02806
-0.035975
-0.04487
-0.067777
-0.098155
-0.086643
-0.055894
-0.037258
-0.028879
-0.025486
-0.025135
-0.025796
-0.025338
-0.025158
-0.024701
-0.025341
-0.025264
-0.023144
-0.021176
-0.014755
-0.0031961
0.012203
0.026267
0.031521
0.027505
0.021962
0.024208
0.029101
0.029951
0.027943
0.025243
0.023494
0.025678
0.028128
0.027974
0.027692
0.02744
0.026281
0.022344
0.01536
0.0056151
-0.0035175
-0.010192
-0.017488
-0.026845
-0.033242
-0.03041
-0.020391
-0.010704
-0.0045847
-0.0038734
-0.0048635
-0.0063608
-0.0060674
-0.0057019
-0.0058868
-0.0056247
-0.0036788
-0.0029156
-0.0024716
-0.0041541
-0.0080309
-0.013044
-0.018827
-0.020839
-0.016396
-0.0027539
0.012423
0.024877
0.032908
0.036101
0.036289
0.037025
0.038761
0.042435
0.047623
0.046462
0.04167
0.037111
0.036113
0.035392
0.033327
0.031888
0.029877
0.024995
0.018326
0.010865
0.002677
-0.0069649
-0.018902
-0.030142
-0.040667
-0.049521
-0.058025
-0.061813
-0.057116
-0.047346
-0.043324
-0.043374
-0.047404
-0.048953
-0.048568
-0.04369
-0.036231
-0.031507
-0.030605
-0.030015
-0.028407
-0.02913
-0.028476
-0.027148
-0.027092
-0.023534
-0.015209
-0.0034786
0.0094429
0.022382
0.028601
0.026634
0.021086
0.02151
0.026024
0.029331
0.026883
0.02308
0.022668
0.027264
0.027919
0.024275
0.021889
0.02319
0.024489
0.021699
0.015648
0.0079287
-0.0014568
-0.012321
-0.021737
-0.030981
-0.036792
-0.030783
-0.018051
-0.0078074
-0.002211
-9.2633e-05
-0.001924
-0.004265
-0.0052206
-0.0055221
-0.0056905
-0.0045356
-0.0029723
-0.0018925
-0.0024606
-0.0037115
-0.0082842
-0.017194
-0.025344
-0.02406
-0.01665
-0.0026725
0.014353
0.029149
0.037968
0.038702
0.035492
0.032336
0.033763
0.039204
0.044033
0.042513
0.035644
0.031858
0.031651
0.032883
0.032752
0.031694
0.028698
0.023903
0.0095654
-0.01876
-0.04001
-0.048049
-0.053301
-0.049086
-0.047254
-0.045914
-0.041393
-0.039662
-0.04153
-0.041482
-0.038883
-0.034591
-0.028784
-0.023933
-0.023083
-0.025172
-0.025961
-0.02294
-0.02345
-0.022862
-0.020701
-0.019145
-0.01397
4.0353e-05
0.016997
0.029958
0.037119
0.032749
0.025394
0.023915
0.028155
0.03104
0.030092
0.027464
0.027288
0.029863
0.030521
0.044545
0.05948
0.049213
0.016182
-0.0085833
-0.024122
-0.033475
-0.034837
-0.026959
-0.01466
-0.0057759
-0.0019352
-0.00089655
-0.0013754
-0.0026839
-0.0036354
-0.0057552
-0.0072625
-0.0061966
-0.0036611
-0.0028705
-0.0027773
-0.0041275
-0.0086738
-0.014391
-0.021162
-0.022934
-0.017971
-0.0073087
0.0059728
0.019374
0.029353
0.058598
0.099111
0.098602
0.057488
0.029274
0.021739
0.025021
0.028749
0.030292
0.029547
0.024663
0.017773
0.0095605
0.0011713
-0.0068924
-0.016881
-0.027958
-0.033103
-0.040631
-0.048081
-0.049033
-0.045276
-0.039374
-0.030384
-0.029454
-0.031683
-0.034813
-0.034969
-0.03123
-0.026874
-0.023546
-0.022961
-0.023245
-0.024045
-0.023051
-0.020613
-0.020265
-0.020333
-0.018976
0.0036956
0.041528
0.053637
0.037332
0.028036
0.025834
0.024759
0.02278
0.024322
0.027195
0.027721
0.024875
0.023662
0.024068
0.023632
0.020145
0.014164
0.0060632
-0.0023581
-0.0094534
-0.017003
-0.027325
-0.034649
-0.029837
-0.017739
-0.006787
-0.0003769
0.0020889
-0.00016763
-0.0019484
-0.003642
-0.0064014
-0.0066454
-0.00501
-0.0030871
-0.0016215
-0.0020232
-0.0033599
-0.0068166
-0.014294
-0.019806
-0.022827
-0.017828
-0.007707
0.0051585
0.017152
0.026614
0.032237
0.033689
0.033921
0.037873
0.043303
0.070561
0.10488
0.094721
0.055596
0.029968
0.01857
0.01429
0.010837
0.0042487
-0.0064438
-0.018164
-0.028293
-0.038295
-0.043665
-0.051666
-0.054593
-0.053587
-0.047865
-0.040541
-0.035474
-0.03743
-0.042138
-0.044155
-0.041572
-0.037372
-0.031773
-0.028555
-0.028819
-0.030834
-0.027707
-0.024198
-0.025757
-0.026105
-0.023402
-0.017134
-0.0048013
0.010279
0.022116
0.030059
0.027809
0.043178
0.070249
0.071991
0.046653
0.027206
0.019337
0.018871
0.022232
0.023932
0.021742
0.015928
0.0071891
-0.0026773
-0.012374
-0.022983
-0.032262
-0.037855
-0.030117
-0.01436
-0.0028034
0.0031888
0.0030337
-0.00069347
-0.0037673
-0.0046526
-0.0048283
-0.0043705
-0.0024662
-0.00054706
-0.00064395
-0.0016621
-0.0043748
-0.0087976
-0.01553
-0.02119
-0.021329
-0.014572
-0.0026717
0.011051
0.024361
0.057248
0.098109
0.098858
0.06665
0.037939
0.02841
0.0307
0.03279
0.031896
0.031246
0.030229
0.025521
0.018272
0.011272
0.0037586
-0.0061071
-0.018168
-0.029703
-0.038727
-0.045252
-0.051653
-0.053122
-0.048347
-0.043074
-0.038041
-0.03803
-0.040819
-0.042691
-0.040314
-0.035679
-0.028928
-0.025376
-0.02543
-0.024313
-0.023501
-0.023847
-0.023653
-0.023338
-0.024253
-0.022013
-0.014553
-0.0024582
0.029542
0.064874
0.072065
0.050265
0.026187
0.01487
0.01763
0.025075
0.029737
0.028337
0.026041
0.024631
0.022152
0.018792
0.014888
0.008309
0.00038953
-0.0074578
-0.017227
-0.027832
-0.033907
-0.027683
-0.01542
-0.004419
0.0010877
0.0029496
0.00022446
-0.0019776
-0.0019807
-0.0021834
0.0061868
0.0048998
-0.00061822
-0.011842
-0.020154
-0.021622
-0.017376
-0.0072172
0.0060823
0.017113
0.023519
0.025431
0.024467
0.021586
0.019846
0.018327
0.018808
0.020843
0.021673
0.017807
0.011866
0.0076425
0.0052117
0.0036424
0.0026043
0.00091093
-0.0025387
-0.0076898
-0.014349
-0.020519
-0.025355
-0.029313
-0.031052
-0.045205
-0.067622
-0.063306
-0.039745
-0.026157
-0.021706
-0.019908
-0.021414
-0.021458
-0.019293
-0.016449
-0.012416
-0.0093744
-0.013737
-0.020023
-0.023079
-0.02092
-0.0089415
0.0080756
0.024128
0.033461
0.032935
0.027554
0.026204
0.030587
0.034053
0.03109
0.027331
0.026241
0.026436
0.025151
0.021724
0.017891
0.014039
0.011261
0.0094042
0.008181
0.0057075
0.002346
-0.001197
-0.0068562
-0.016453
-0.026088
-0.028212
-0.020608
-0.0068759
0.0035531
0.021913
0.029414
0.026127
0.013973
0.0064052
0.0043363
0.0030991
0.00069343
-0.0030576
-0.010963
-0.019641
-0.022252
-0.017384
-0.0073565
0.002284
0.0091464
0.01312
0.014287
0.01508
0.016018
0.017175
0.01655
0.013502
0.012717
0.013712
0.011492
0.0068244
0.0046011
0.0040212
0.0010224
-0.0026062
-0.0052475
-0.0076607
-0.011809
-0.017125
-0.023054
-0.02962
-0.037085
-0.058966
-0.086677
-0.072867
-0.038363
-0.0203
-0.01919
-0.022616
-0.023699
-0.022059
-0.019942
-0.017282
-0.014565
-0.012127
-0.011445
-0.012439
-0.013288
-0.017636
-0.016738
-0.0064246
0.008532
0.023608
0.034367
0.037563
0.032631
0.026912
0.025323
0.027729
0.029219
0.02706
0.023723
0.022597
0.021283
0.017817
0.013909
0.011242
0.0089662
0.0061911
0.0034798
0.0017186
-0.00022185
-0.0046833
-0.01205
-0.020225
-0.022903
-0.020488
-0.013159
0.0065724
0.02662
0.02978
0.019914
0.0083212
0.0016422
0.00051712
0.002104
0.0028615
0.0013424
-0.0011256
-0.0045856
-0.012538
-0.022918
-0.025519
-0.021648
-0.01292
-0.00017391
0.012072
0.020261
0.022732
0.020298
0.017317
0.014766
0.01324
0.013131
0.013948
0.014544
0.014103
0.012216
0.0093977
0.0068818
0.0047451
0.0024723
-2.3572e-05
-0.0027428
-0.0063096
-0.011282
-0.035599
-0.077121
-0.079032
-0.044192
-0.015287
-0.0034625
-0.0047551
-0.010046
-0.013178
-0.015916
-0.019256
-0.020391
-0.016944
-0.012208
-0.0094087
-0.0069065
-0.0055832
-0.0073304
-0.014859
-0.022043
-0.019024
-0.0066942
0.010714
0.025328
0.030689
0.029054
0.026802
0.026599
0.028442
0.028223
0.026442
0.025116
0.024312
0.023953
0.027413
0.029607
0.021283
0.0075027
-0.0022961
-0.0077851
-0.01353
-0.021453
-0.024928
-0.024126
-0.016256
-0.0042267
0.0032498
0.0074153
0.0090684
0.0096874
0.0099825
0.0077023
0.0035479
0.0017608
0.00054017
0.00076508
0.00059194
0.00073815
-0.0013726
-0.0047508
-0.0086051
-0.014518
-0.017071
-0.015723
-0.0078357
0.0050185
0.016741
0.023422
0.025624
0.024953
0.022982
0.019529
0.016737
0.014891
0.014851
0.017257
0.017385
0.014066
0.01033
0.0076999
0.0061696
0.00037458
-0.008074
-0.016224
-0.023439
-0.02839
-0.032017
-0.036995
-0.040594
-0.035557
-0.025171
-0.015934
-0.010966
-0.012711
-0.01614
-0.018908
-0.020006
-0.019325
-0.017624
-0.015587
-0.012735
-0.010175
-0.0084766
-0.0074846
-0.0068155
-0.012797
-0.016964
-0.014416
-0.0035628
0.014326
0.031916
0.036839
0.031566
0.024675
0.025317
0.03143
0.035414
0.032577
0.02697
0.02481
0.024921
0.022785
0.018411
0.016453
0.013677
0.0046424
-0.0058435
-0.014172
-0.024686
-0.03247
-0.031732
-0.023664
-0.01138
-0.00097891
0.0055143
0.0074492
0.007292
0.0058088
0.0022065
-0.0019701
-0.0055355
-0.0061049
-0.0041629
-0.0041384
-0.0049343
-0.0059335
-0.0081673
-0.015949
-0.02478
-0.027461
-0.02458
-0.015029
-0.00043381
0.011834
0.019205
0.020295
0.01611
0.011229
0.0091968
0.011503
0.013193
0.013593
0.013876
0.013364
0.01132
0.0086669
0.00574
0.004215
0.0029537
0.0011376
-0.0026109
-0.016726
-0.03914
-0.047355
-0.047166
-0.043219
-0.031906
-0.017925
-0.0072376
-0.0034424
-0.0026477
-0.0039512
-0.0071788
-0.008774
-0.009916
-0.011373
-0.010224
-0.0075712
-0.0066321
-0.0054998
-0.0046559
-0.0060694
-0.013522
-0.020376
-0.018027
-0.0070956
0.0089515
0.023573
0.032145
0.031467
0.025961
0.023566
0.026417
0.029943
0.028521
0.023996
0.022146
0.023704
0.023098
0.019406
0.013667
0.0081865
0.0037916
0.0017102
0.0014524
-0.00044541
-0.0049673
-0.0082999
-0.011286
-0.017239
-0.022407
-0.022567
-0.016417
-0.0070948
0.0030361
0.0098363
0.011615
0.009899
0.008595
0.0063703
0.0023351
-0.00012894
-0.00016004
0.0015228
0.0018333
-0.00029428
-0.0029743
-0.006237
-0.0099701
-0.016844
-0.018861
-0.017297
-0.0096046
0.0041745
0.017292
0.025373
0.026709
0.024362
0.018476
0.015388
0.017048
0.01837
0.017653
0.017238
0.016574
0.012964
0.0083121
0.0057151
0.0052779
0.0043404
0.0020179
-0.0026143
-0.0083458
-0.012876
-0.016141
-0.01933
-0.025705
-0.033268
-0.042175
-0.043708
-0.033849
-0.01917
-0.0093337
-0.0051889
-0.0060852
-0.009723
-0.01018
-0.020003
-0.019967
-0.011163
-0.0069643
-0.0069518
-0.013198
-0.017438
-0.014132
-0.0019325
0.014064
0.028552
0.035555
0.036394
0.030308
0.026193
0.028934
0.033213
0.031532
0.025778
0.022009
0.02204
0.023931
0.022072
0.016139
0.011145
0.0075999
0.0050778
0.0045463
0.0027404
-0.0033868
-0.009262
-0.011536
-0.015184
-0.021047
-0.022163
-0.015671
-0.0074537
-6.3802e-05
0.00044169
-0.0020465
-0.0025793
0.00041176
0.0024793
0.0023617
0.0012634
-0.0011017
-0.0039525
-0.010012
-0.017028
-0.019582
-0.016845
-0.0076481
0.0067718
0.018536
0.024462
0.023634
0.019802
0.016789
0.016185
0.016998
0.016905
0.017141
0.018178
0.016542
0.012555
0.010187
0.0095796
0.0076331
0.0052136
0.0024549
-0.0014067
-0.0065753
-0.012207
-0.038487
-0.081745
-0.0772
-0.042421
-0.016527
-0.0077735
-0.0090125
-0.012819
-0.013993
-0.014563
-0.014553
-0.014432
-0.013176
-0.010496
-0.0099268
-0.00894
-0.0072045
-0.0074125
-0.014386
-0.01952
-0.00087068
0.035693
0.048885
0.035656
0.025238
0.025158
0.02517
0.022406
0.019023
0.018733
0.019164
0.016195
0.010627
0.0062456
0.0039595
0.0031241
0.0030543
0.00071133
-0.0052789
-0.01077
-0.012092
-0.013876
-0.019129
-0.023131
-0.011845
0.0041113
0.010561
0.0080546
0.0035539
0.00083367
0.00044395
0.0023543
0.0033109
0.0026207
0.00022194
-0.0017487
-0.003768
-0.0051867
-0.011688
-0.015822
-0.014425
-0.0050014
0.0079747
0.0202
0.028488
0.029873
0.026216
0.020304
0.016074
0.016479
0.017152
0.017412
0.017902
0.016189
0.011609
0.0080093
0.0071347
0.0060731
0.0046881
0.0032996
-0.00021735
-0.0070104
-0.030771
-0.06933
-0.074919
-0.049853
-0.026127
-0.013281
-0.0065502
-0.0047883
-0.0068075
-0.0090328
-0.012684
-0.014691
-0.015009
-0.014484
-0.011799
-0.010503
-0.0086726
-0.0067321
-0.0076086
-0.010598
-0.017375
-0.015332
-0.0055746
0.011876
0.028372
0.037434
0.056108
0.078624
0.070804
0.040656
0.023081
0.017703
0.016964
0.015545
0.011623
0.0071934
0.0040004
0.0023438
-2.1749e-06
-0.0049243
-0.01071
-0.014936
-0.01759
-0.019615
-0.027225
-0.030669
-0.023472
-0.0066634
0.0031207
0.0049613
0.0033609
0.0021928
0.0017275
0.00088
0.00011541
-0.00024999
-0.0014353
-0.0055393
-0.01131
-0.015575
-0.013313
-0.0033573
0.0099556
0.020454
0.02486
0.025136
0.023563
0.022137
0.021228
0.02111
0.020806
0.020304
0.019745
0.018263
0.015097
0.011316
0.0092523
0.0069554
0.00453
0.0016531
-0.012761
-0.039016
-0.051844
-0.053212
-0.053159
-0.041524
-0.028748
-0.01753
-0.0095185
-0.0075551
-0.009268
-0.010505
-0.013937
-0.01571
-0.015682
-0.014672
-0.013673
-0.012846
-0.010281
-0.0084435
-0.0077891
-0.012494
-0.001569
0.025815
0.043175
0.038029
0.029218
0.027236
0.029101
0.0288
0.024897
0.021405
0.020421
0.020396
0.018798
0.015933
0.011932
0.0073722
0.0035131
0.00087738
-0.0016918
-0.0060634
-0.012747
-0.017699
-0.01908
-0.023316
-0.034213
-0.044409
-0.038619
-0.022268
-0.013375
-0.011489
-0.010519
-0.0085621
-0.0074174
-0.0055727
-0.0044405
-0.0039555
-0.0054044
-0.011681
-0.018312
-0.020652
-0.016873
-0.0051266
0.010432
0.025515
0.035112
0.036727
0.033597
0.030111
0.030425
0.034746
0.037701
0.037683
0.036396
0.03558
0.032909
0.027871
0.023214
0.021881
0.020993
0.018417
0.013867
0.0072622
-0.0017015
-0.034056
-0.08492
-0.09024
-0.058938
-0.032212
-0.018634
-0.017388
-0.019649
-0.023829
-0.02643
-0.026322
-0.023469
-0.020182
-0.019411
-0.018774
-0.018742
-0.017976
-0.018466
-0.019981
-0.021017
-0.020157
-0.01345
-0.0010126
0.014793
0.027409
0.032759
0.030048
0.026477
0.027771
0.030822
0.031631
0.029325
0.026801
0.025777
0.029524
0.031401
0.027216
0.02156
0.020433
0.020858
0.0090904
-0.0098501
-0.029431
-0.040471
-0.039417
-0.02698
-0.015932
-0.0075262
-0.0048163
-0.0074515
-0.010194
-0.011295
-0.012086
-0.010682
-0.008981
-0.0092753
-0.010517
-0.0097445
-0.0092744
-0.010224
-0.0119
-0.015298
-0.018733
-0.015277
-0.0026134
0.01391
0.029465
0.040006
0.043704
0.040576
0.037356
0.038981
0.043193
0.046582
0.04368
0.038757
0.037426
0.03799
0.035374
0.033076
0.045808
0.057409
0.041862
0.0099773
-0.01173
-0.023039
-0.032962
-0.046239
-0.057786
-0.060086
-0.05018
-0.03435
-0.022846
-0.017958
-0.02119
-0.029172
-0.034629
-0.033648
-0.029562
-0.023008
-0.020228
-0.01917
-0.017255
-0.01529
-0.014816
-0.0164
-0.018486
-0.01856
-0.011756
0.0014925
0.037388
0.080807
0.085688
0.057696
0.034935
0.025808
0.027189
0.031677
0.034832
0.036374
0.03567
0.032379
0.028103
0.021452
0.012226
0.0025809
-0.0062641
-0.013767
-0.019836
-0.027451
-0.036168
-0.035856
-0.026885
-0.018321
-0.011018
-0.0048929
-0.0028405
-0.006148
-0.010727
-0.012257
-0.012304
-0.012048
-0.01293
-0.014583
-0.015633
-0.01573
-0.016855
-0.020751
-0.026645
-0.027611
-0.021982
-0.012489
-0.0013681
0.011824
0.024482
0.033659
0.037401
0.038516
0.038923
0.040447
0.042035
0.039856
0.035274
0.034438
0.037635
0.038448
0.036929
0.03343
0.02808
0.023155
0.010526
-0.0091393
-0.034105
-0.059029
-0.070161
-0.06825
-0.060636
-0.047338
-0.035292
-0.026696
-0.02023
-0.022613
-0.03238
-0.039785
-0.038616
-0.033343
-0.028719
-0.025749
-0.031695
-0.049005
-0.043965
-0.015739
0.010288
0.029845
0.037847
0.035697
0.029114
0.025332
0.02675
0.029559
0.03068
0.028302
0.025816
0.027793
0.030186
0.029616
0.027112
0.025625
0.024068
0.021051
0.015742
0.00862
-0.00036091
-0.01108
-0.021433
-0.030678
-0.036411
-0.032913
-0.024225
-0.016277
-0.011415
-0.010373
-0.01053
-0.011331
-0.012046
-0.014218
-0.015709
-0.016997
-0.016254
-0.015978
-0.019231
-0.019468
-0.013953
-0.0014312
0.013758
0.027737
0.037417
0.041086
0.040144
0.038578
0.037918
0.039668
0.041179
0.04093
0.03768
0.034721
0.03622
0.03792
0.034433
0.029675
0.027256
0.027658
0.017782
-0.0037979
-0.029741
-0.053959
-0.069059
-0.065809
-0.052077
-0.037481
-0.028776
-0.023123
-0.022985
-0.025204
-0.02933
-0.031623
-0.029497
-0.024982
-0.022215
-0.019557
-0.017822
-0.023843
-0.037869
-0.024306
0.002969
0.026868
0.038182
0.035447
0.027819
0.026538
0.028987
0.029859
0.029023
0.026514
0.027504
0.0309
0.032585
0.030061
0.027288
0.027668
0.026563
0.021225
0.013772
0.0062045
-0.0031889
-0.012853
-0.020503
-0.027495
-0.032952
-0.03179
-0.024157
-0.014769
-0.0078143
-0.0068454
-0.010062
-0.01281
-0.014383
-0.017112
-0.02977
-0.030487
-0.02315
-0.020776
-0.022868
-0.022464
-0.016656
-0.0067458
0.0054146
0.018509
0.028822
0.035555
0.038431
0.039394
0.038975
0.039901
0.040886
0.038089
0.037415
0.039386
0.041124
0.039104
0.035956
0.033421
0.028876
0.021791
0.015738
0.012384
0.0077809
-0.029444
-0.088673
-0.10006
-0.066699
-0.037046
-0.020125
-0.013523
-0.0096925
-0.015762
-0.026578
-0.032606
-0.029301
-0.024271
-0.020484
-0.01827
-0.018287
-0.018791
-0.018984
-0.021667
-0.021839
-0.02061
-0.014549
-0.0023858
0.013279
0.027664
0.035638
0.034895
0.02992
0.027288
0.027937
0.028987
0.029591
0.027238
0.025448
0.026864
0.031242
0.032371
0.030008
0.027595
0.024983
0.020184
0.013449
0.0060831
-0.0031926
-0.013078
-0.020744
-0.02923
-0.035942
-0.033716
-0.023261
-0.013005
-0.0076261
-0.0065298
-0.007727
-0.0090569
-0.010352
-0.012894
-0.015987
-0.016927
-0.015682
-0.014756
-0.011602
-0.012918
-0.01385
-0.016956
-0.015844
-0.015726
-0.011854
-0.0038072
0.0072099
0.018379
0.02987
0.038298
0.043337
0.042963
0.04084
0.041685
0.044627
0.04561
0.043797
0.039282
0.036234
0.03718
0.036016
0.030919
0.026401
0.023273
0.018204
0.012442
0.0078633
0.0023631
-0.0047408
-0.017673
-0.038222
-0.059169
-0.06867
-0.062827
-0.047738
-0.034278
-0.026256
-0.019292
-0.0123
-0.01242
-0.020558
-0.027418
-0.027879
-0.023642
-0.018842
-0.016104
-0.015747
-0.015991
-0.017328
-0.018518
-0.018544
-0.019253
-0.015527
-0.0039648
0.012645
0.030439
0.042318
0.042397
0.033689
0.025812
0.025414
0.027546
0.027829
0.026368
0.025625
0.027274
0.030609
0.046878
0.061198
0.049866
0.018346
-0.0052161
-0.015985
-0.02121
-0.027975
-0.035484
-0.034246
-0.024931
-0.015785
-0.010801
-0.011256
-0.013597
-0.015926
-0.018965
-0.02098
-0.021491
-0.020673
-0.020623
-0.021658
-0.022914
-0.024107
-0.024815
-0.025968
-0.025531
-0.023424
-0.01792
-0.011717
-0.0016966
0.011476
0.022905
0.03067
0.034719
0.035329
0.034425
0.037396
0.040681
0.042417
0.036459
0.035538
0.038123
0.040528
0.039132
0.035882
0.031987
0.024731
0.017113
0.012147
0.0068644
-0.0015314
-0.011357
-0.022564
-0.037889
-0.064949
-0.09695
-0.072406
-0.029574
-0.0070571
-0.0070449
-0.013528
-0.015724
-0.013026
-0.0093466
-0.0068593
-0.0092226
-0.011452
-0.013777
-0.015788
-0.016656
-0.017111
-0.01233
-0.0015133
0.013026
0.02705
0.035909
0.036742
0.0318
0.02606
0.02384
0.024511
0.02376
0.021565
0.019859
0.02341
0.028218
0.028107
0.02473
0.022419
0.019857
0.015504
0.010342
0.004417
-0.019541
-0.057176
-0.056846
-0.029902
-0.0096097
-0.0022709
-0.0043744
-0.0079754
-0.011065
-0.01284
-0.013736
-0.014139
-0.014752
-0.014649
-0.014651
-0.015251
-0.016077
-0.019099
-0.024974
-0.023993
-0.019938
-0.0099782
0.0040866
0.018919
0.030935
0.036416
0.03788
0.03978
0.040421
0.040024
0.042084
0.043111
0.043259
0.043294
0.043378
0.041668
0.038055
0.034355
0.038123
0.034486
0.012609
-0.015422
-0.040268
-0.061606
-0.072662
-0.069742
-0.055052
-0.038951
-0.028594
-0.022566
-0.020585
-0.025241
-0.032267
-0.033619
-0.026891
-0.022853
-0.020306
-0.018024
-0.017234
-0.016513
-0.024144
-0.034419
-0.020168
0.0088027
0.031368
0.038645
0.032823
0.026344
0.025405
0.030268
0.033145
0.031868
0.027312
0.026592
0.031462
0.035033
0.033608
0.031645
0.030712
0.026951
0.02109
0.013592
0.0040361
-0.0067472
-0.015976
-0.022956
-0.03006
-0.036214
-0.033743
-0.023883
-0.014002
-0.0085563
-0.0060759
-0.0047783
-0.011962
-0.01382
-0.012312
-0.012979
-0.014409
-0.015916
-0.015983
-0.019438
-0.022342
-0.023603
-0.019077
-0.0087409
0.0058216
0.019938
0.029839
0.035365
0.037282
0.036798
0.037176
0.041402
0.045755
0.042724
0.037116
0.035083
0.038709
0.041715
0.038288
0.033851
0.030028
0.025125
0.018801
0.01308
0.0070766
-0.029084
-0.089586
-0.10356
-0.070701
-0.04065
-0.021616
-0.013381
-0.012003
-0.017189
-0.026037
-0.029697
-0.027584
-0.02266
-0.019579
-0.019396
-0.019053
-0.018876
-0.019594
-0.020734
-0.021192
-0.019147
-0.01207
0.018969
0.063795
0.072144
0.049048
0.034496
0.030443
0.029685
0.028833
0.030967
0.035201
0.036682
0.034181
0.032008
0.030869
0.027837
0.021835
0.013336
0.0036802
-0.0060725
-0.014276
-0.021262
-0.029646
-0.037116
-0.036189
-0.027285
-0.018313
-0.01137
-0.0071962
-0.0060633
-0.0079946
-0.012416
-0.013936
-0.013835
-0.014802
-0.022297
-0.039819
-0.046466
-0.03766
-0.023413
-0.0123
-0.00099277
0.012014
0.025506
0.034162
0.036424
0.036616
0.037654
0.039889
0.042448
0.041957
0.037926
0.035388
0.037603
0.040447
0.039846
0.036041
0.030226
0.024041
0.017702
0.011241
0.0051728
-0.00099277
-0.0072327
-0.016455
-0.031763
-0.051262
-0.063061
-0.065991
-0.065784
-0.049318
-0.031592
-0.023737
-0.01725
-0.012051
-0.010158
-0.010836
-0.012753
-0.0132
-0.014398
-0.016092
-0.016395
-0.01469
-0.0084874
0.0017212
0.015179
0.027878
0.03716
0.038498
0.03407
0.028537
0.026235
0.027308
0.02956
0.02946
0.028426
0.028166
0.029
0.028861
0.026431
0.029891
0.027657
0.010298
-0.015825
-0.036036
-0.043587
-0.037839
-0.024657
-0.014064
-0.0083777
-0.0079804
-0.010616
-0.013629
-0.015828
-0.0163
-0.015924
-0.016619
-0.017411
-0.017718
-0.018387
-0.018512
-0.018019
-0.019571
-0.020151
-0.020973
-0.017665
-0.0087779
0.0041868
0.018967
0.030578
0.036505
0.037931
0.037052
0.035684
0.036348
0.039572
0.03811
0.034714
0.034714
0.037488
0.038753
0.036154
0.033206
0.030551
0.025259
0.018696
0.01209
0.0053867
-0.029468
-0.089122
-0.10044
-0.069507
-0.04155
-0.025323
-0.016823
-0.01524
-0.021695
-0.029517
-0.031466
-0.029369
-0.023432
-0.019161
-0.016079
-0.0147
-0.014169
-0.015916
-0.017724
-0.018906
-0.018628
-0.013596
-0.0013575
0.015667
0.032315
0.040961
0.037042
0.028654
0.025244
0.029134
0.035161
0.035491
0.032092
0.030844
0.033701
0.035991
0.053561
0.070253
0.053269
0.013847
-0.01281
-0.024615
-0.031827
-0.036799
-0.033469
-0.022633
-0.012423
-0.0063812
-0.0046579
-0.0068738
-0.010465
-0.012995
-0.014394
-0.014275
-0.01333
-0.014403
-0.015629
-0.016344
-0.017459
-0.017401
-0.019891
-0.021272
-0.020353
-0.017199
-0.0088648
0.0029361
0.016591
0.028079
0.035177
0.036623
0.035393
0.033177
0.033452
0.036185
0.036842
0.034591
0.034039
0.03479
0.033013
0.027226
0.021424
0.016816
0.012536
0.0086868
0.0052649
-0.00053023
-0.0094932
-0.01593
-0.051658
-0.11632
-0.11278
-0.061298
-0.024817
-0.008779
-0.0088246
-0.016695
-0.024331
-0.028418
-0.026768
-0.023598
-0.021446
-0.019413
-0.018322
-0.018769
-0.0201
-0.023178
-0.024742
-0.020924
-0.01004
0.0052158
0.017234
0.022132
0.020901
0.016507
0.011855
0.010101
0.012921
0.016391
0.015869
0.013106
0.011144
0.0083653
0.0047031
0.00081849
-0.0028911
-0.0066989
-0.011551
-0.017237
-0.022353
-0.026934
-0.02634
-0.022605
-0.016354
-0.0090852
-0.0062339
-0.005199
-0.0042447
-0.0055821
-0.0071972
-0.0068282
-0.0041527
-0.0015615
0.00067135
0.00039328
0.00092018
0.0016293
0.0027063
-0.0037509
-0.0073076
-0.0063622
0.00091526
0.013429
0.026883
0.035951
0.037149
0.033522
0.030272
0.027505
0.027531
0.031306
0.03434
0.033465
0.030373
0.028134
0.026298
0.023586
0.02104
0.018415
0.013816
0.0089595
0.004088
-0.0024537
-0.0077343
-0.010383
-0.032275
-0.07198
-0.063649
-0.029035
-0.0091739
-0.0052001
-0.0083572
-0.012006
-0.013919
-0.012432
-0.010409
-0.0090136
-0.0088088
-0.007844
-0.0068985
-0.0078127
-0.01282
-0.017343
-0.019935
-0.016925
-0.0079831
0.0026772
0.0091212
0.010112
0.0095986
0.0093393
0.011609
0.015134
0.016342
0.014772
0.017464
0.022964
0.019327
0.0057934
-0.0021103
-0.005871
-0.0099561
-0.01406
-0.015852
-0.019953
-0.026873
-0.032238
-0.032837
-0.026367
-0.017524
-0.010139
-0.0063642
-0.0050972
-0.0048185
-0.0051206
-0.0058964
-0.005466
-0.0049045
-0.0033888
-0.0023955
-0.00059831
5.4337e-05
-0.0026186
-0.0080925
-0.014387
-0.016773
-0.014715
-0.0062095
0.0076257
0.022925
0.033668
0.03627
0.033312
0.028497
0.026619
0.029712
0.034631
0.036768
0.033858
0.028827
0.02498
0.031789
0.042033
0.030692
0.0059128
-0.010461
-0.016486
-0.018279
-0.023593
-0.032177
-0.033003
-0.024546
-0.011474
-0.0015433
0.0018163
0.00047659
-0.0022894
-0.0045766
-0.0049393
-0.0047635
-0.0043592
-0.002921
-0.0018434
-0.0024462
-0.0020207
-0.0019038
-0.0046577
-0.012478
-0.01686
-0.019979
-0.016839
-0.0064777
0.0068935
0.017429
0.020734
0.01877
0.01488
0.015111
0.017627
0.019513
0.020156
0.019874
0.017997
0.014073
0.009775
0.0056351
0.003587
0.0026611
-0.0042963
-0.021162
-0.035958
-0.041274
-0.043411
-0.037207
-0.026261
-0.014881
-0.007258
-0.0034435
-0.0026165
-0.0031659
-0.0057603
-0.0075371
-0.0071776
-0.0054213
-0.0032467
-0.0025534
0.00062198
0.00086241
-0.00082859
-0.0053251
-0.010144
-0.013825
-0.009922
-0.00065854
0.011888
0.024658
0.03509
0.039301
0.0367
0.032716
0.031041
0.03274
0.034546
0.034676
0.03205
0.029212
0.028477
0.02662
0.022653
0.019979
0.018342
0.009694
-0.0077773
-0.022759
-0.031604
-0.038915
-0.04331
-0.03442
-0.021529
-0.012179
-0.0070078
-0.006912
-0.010434
-0.013691
-0.014029
-0.012313
-0.011694
-0.011922
-0.010508
-0.0091964
-0.0067067
-0.0069954
-0.011477
-0.018541
-0.02324
-0.023115
-0.017683
-0.0064819
0.0053126
0.011805
0.014421
0.016364
0.016932
0.016973
0.01843
0.021767
0.022524
0.021424
0.019599
0.016936
0.012706
0.0085052
0.0059807
0.0048925
0.0039517
0.0019459
-0.00029426
-0.002198
-0.026332
-0.06811
-0.069738
-0.040199
-0.017368
-0.0058366
-0.0031643
-0.0029943
-0.0024889
-0.0025606
-0.0056103
-0.0065958
-0.0059086
-0.0051602
-0.003954
-0.0052614
-0.0071525
-0.013575
-0.020634
-0.023766
-0.021492
-0.013864
-0.0015621
0.012202
0.022282
0.026087
0.025594
0.027018
0.030434
0.035935
0.03944
0.039562
0.037337
0.032445
0.026552
0.021873
0.018868
0.017476
0.016112
0.013361
0.0092801
0.0044268
-0.0022114
-0.0094658
-0.037231
-0.076978
-0.072722
-0.034656
-0.010526
-0.0057187
-0.009567
-0.01362
-0.015154
-0.013465
-0.01107
-0.010383
-0.0092756
-0.0074871
-0.0062379
-0.007646
-0.011621
-0.016431
-0.023213
-0.023427
-0.015678
-0.0040228
0.0075125
0.013516
0.015618
0.01689
0.018123
0.019138
0.020099
0.02157
0.022646
0.02148
0.019272
0.015917
0.01251
0.0087682
0.0066378
0.0055344
0.0033809
0.00098553
-0.014737
-0.04615
-0.059111
-0.047704
-0.032156
-0.020083
-0.01238
-0.006224
-0.0013315
0.00012412
-0.001712
-0.0038942
-0.0070679
-0.0075263
-0.0051938
-0.0019738
-0.00036579
-0.001931
-0.0055924
-0.0086051
-0.017012
-0.022304
-0.019786
-0.01071
0.004702
0.02217
0.034659
0.03505
0.028115
0.022813
0.021975
0.023153
0.0252
0.027716
0.028067
0.025716
0.023441
0.021582
0.019632
0.017721
0.015191
0.01171
0.0074181
0.0021303
-0.0046366
-0.012098
-0.040904
-0.083647
-0.083367
-0.04713
-0.019633
-0.011107
-0.012435
-0.015367
-0.017284
-0.01722
-0.015718
-0.01356
-0.011173
-0.0094734
-0.0075931
-0.0085244
-0.01188
-0.019402
-0.026863
-0.025219
-0.01588
-0.0023118
0.0098076
0.0158
0.016645
0.016793
0.01693
0.018914
0.021015
0.022525
0.022757
0.022164
0.020971
0.018026
0.013897
0.010125
0.0073647
0.0055349
0.0048931
0.0056747
0.003984
-0.0029182
-0.012562
-0.020474
-0.026944
-0.032515
-0.033897
-0.029485
-0.022224
-0.013929
0.0027931
0.014213
0.018372
0.0057366
-0.0012547
-0.0037234
-0.0051942
-0.0061737
-0.0084987
-0.012348
-0.020176
-0.025899
-0.022672
-0.012415
0.0032803
0.019637
0.029387
0.027409
0.020473
0.016049
0.01904
0.026459
0.029684
0.028538
0.027723
0.025798
0.02223
0.019197
0.018314
0.017603
0.014736
0.010952
0.0071468
0.0021991
-0.0037595
-0.010445
-0.017278
-0.041324
-0.073947
-0.066792
-0.033463
-0.013147
-0.0085453
-0.011105
-0.013882
-0.013316
-0.011928
-0.0098593
-0.0081756
-0.0059458
-0.0041724
-0.0042178
-0.008266
-0.014635
-0.023304
-0.023289
-0.014002
-0.00047534
0.012048
0.019582
0.020038
0.019425
0.018366
0.02013
0.022127
0.022894
0.022324
0.022134
0.020566
0.017686
0.015042
0.01284
0.010688
0.0097177
0.0098656
0.0086139
0.0045095
-0.0030643
-0.029913
-0.063414
-0.058162
-0.02913
-0.0084061
0.0010151
0.0021971
-0.00033276
-0.0018267
-0.0038677
-0.0074747
-0.0097158
-0.0088125
-0.0088251
-0.0079439
-0.0065058
-0.0073214
-0.0080398
-0.012466
-0.019502
-0.017354
-0.0071094
0.009551
0.026184
0.035333
0.03525
0.030153
0.024355
0.023046
0.02529
0.027164
0.027434
0.026617
0.025572
0.023953
0.021352
0.019719
0.018116
0.014742
0.010836
0.0078516
0.00425
-0.001326
-0.0088622
-0.016986
-0.025837
-0.033623
-0.038906
-0.038983
-0.034167
-0.026362
-0.018838
-0.014906
-0.013819
-0.014101
-0.014877
-0.015438
-0.014403
-0.013235
-0.01227
-0.0092896
-0.0070705
-0.0057665
-0.006921
-0.0092032
-0.015472
-0.021312
-0.020915
-0.012106
0.0017276
0.014666
0.020683
0.020835
0.019361
0.019554
0.021966
0.025382
0.025746
0.025411
0.024607
0.021698
0.0175
0.014139
0.012615
0.012183
0.011767
0.0058862
-0.006362
-0.019381
-0.029197
-0.036541
-0.03865
-0.034969
-0.025781
-0.016786
-0.0094662
-0.0040213
0.0012439
0.0026455
0.0012605
-0.0011468
-0.0045261
-0.0068594
-0.0082451
-0.008857
-0.0084512
-0.009453
-0.011926
-0.018932
-0.026117
-0.0276
-0.024105
-0.013237
0.0024592
0.017584
0.027104
0.029256
0.023912
0.02041
0.021734
0.025567
0.026298
0.02588
0.025454
0.02412
0.02297
0.021068
0.018419
0.015976
0.013407
0.010287
0.0064934
0.0023619
-0.0028482
-0.010214
-0.019234
-0.027815
-0.033974
-0.03821
-0.038917
-0.034892
-0.029878
-0.025675
-0.022136
-0.019191
-0.017392
-0.016561
-0.015629
-0.014522
-0.012691
-0.010463
-0.0090623
-0.0075793
-0.0067486
-0.0048516
-0.008219
-0.013035
-0.019605
-0.018547
-0.008776
0.0050013
0.018541
0.026591
0.02861
0.025497
0.023053
0.024629
0.028425
0.029817
0.029283
0.027264
0.023132
0.019119
0.016337
0.01418
0.012689
0.011811
0.010769
0.0081503
0.002581
-0.0056805
-0.014194
-0.023065
-0.029527
-0.034354
-0.03386
-0.028437
-0.020557
-0.013389
-0.0075105
-0.0024391
0.002065
0.0021354
0.0019459
0.00028798
-0.0010528
-0.0012941
-0.0020953
-0.0044196
-0.0051691
-0.0048074
-0.0068781
-0.008908
-0.017775
-0.023526
-0.022207
-0.01144
0.0068985
0.024675
0.034631
0.032339
0.023523
0.015852
0.0162
0.020558
0.022853
0.023052
0.022734
0.021498
0.019568
0.016607
0.013379
0.01104
0.0091955
0.0073202
0.0050643
0.0016355
-0.0046245
-0.012444
-0.018038
-0.022049
-0.027009
-0.032152
-0.033721
-0.031109
-0.024091
-0.017121
-0.013517
-0.013734
-0.015802
-0.017257
-0.016634
-0.014505
-0.013694
-0.011964
-0.0090402
-0.0066539
-0.0056001
-0.0057586
-0.0069642
-0.011736
-0.017579
-0.016978
-0.0082482
0.0055813
0.018591
0.026473
0.030116
0.026772
0.021633
0.02014
0.023925
0.026997
0.027036
0.025002
0.021512
0.018553
0.01621
0.013755
0.011705
0.011764
0.012052
0.0095743
0.0035262
-0.004864
-0.013756
-0.022272
-0.029273
-0.034846
-0.034762
-0.027565
-0.018593
-0.011893
-0.005363
-0.00039587
0.003676
0.0041794
0.0030527
-0.00058091
-0.0025259
-0.003092
-0.0033129
-0.0043292
-0.0056199
-0.0055328
-0.0080044
-0.013734
-0.0207
-0.025574
-0.026524
-0.016944
0.00017398
0.018181
0.029784
0.030959
0.023037
0.014784
0.013744
0.019458
0.024108
0.023474
0.021807
0.021172
0.019792
0.017277
0.014741
0.012598
0.010561
0.0083796
0.0061473
0.0032638
-0.0012448
-0.0074223
-0.015087
-0.022683
-0.029491
-0.032825
-0.033753
-0.031735
-0.025214
-0.017231
-0.013044
-0.01306
-0.014493
-0.01588
-0.016515
-0.01536
-0.01295
-0.011313
-0.0095157
-0.0074359
-0.0057274
-0.0041276
-0.0050757
-0.011947
-0.01589
-0.016638
-0.0088762
0.0042756
0.017236
0.026717
0.027159
0.023583
0.020542
0.022967
0.027146
0.029679
0.029665
0.02664
0.021829
0.018092
0.015511
0.01339
0.012103
0.011362
0.010457
0.0082333
0.0029943
-0.0052396
-0.014386
-0.024451
-0.031651
-0.034532
-0.0339
-0.027201
-0.019752
-0.012044
-0.0040644
0.0017427
0.0030404
0.0034848
0.0018327
-0.00069613
-0.0012915
-0.0026129
-0.0056755
-0.0093609
-0.010345
-0.0090295
-0.010733
-0.016112
-0.023273
-0.027427
-0.028415
-0.019832
-0.0029944
0.016682
0.02967
0.031036
0.020915
0.0112
0.012206
0.019193
0.023934
0.02533
0.025847
0.02552
0.023112
0.019918
0.016819
0.013857
0.010851
0.0083537
0.006401
0.0029891
-0.0025387
-0.0085193
-0.015037
-0.023268
-0.029021
-0.031518
-0.0338
-0.031874
-0.024816
-0.017081
-0.012669
-0.011929
-0.012649
-0.013961
-0.014397
-0.012527
-0.0099607
-0.0086066
-0.0077603
-0.0066309
-0.0053714
-0.0051378
-0.0074022
-0.0096559
-0.015332
-0.015028
-0.0095892
0.0010403
0.014442
0.024094
0.026599
0.025167
0.021946
0.02256
0.026027
0.026933
0.026001
0.024354
0.021696
0.01856
0.015959
0.013456
0.011629
0.010381
0.0088221
0.0065187
0.0016672
-0.0049614
-0.012189
-0.020557
-0.026891
-0.031314
-0.031238
-0.025473
-0.018527
-0.011297
-0.0053163
-0.00096988
0.0023797
0.0025238
0.0029884
0.0029572
0.0015359
0.00020638
-0.0018319
-0.0040716
-0.0060728
-0.0057044
-0.0064053
-0.0069842
-0.012067
-0.01921
-0.018505
-0.0096673
0.0064497
0.025586
0.040524
0.041752
0.028792
0.016306
0.013797
0.019751
0.024656
0.025414
0.024215
0.022749
0.021492
0.018586
0.013571
0.0097975
0.008622
0.0076763
0.0048088
0.00045784
-0.0048121
-0.011757
-0.018499
-0.02426
-0.028852
-0.028833
-0.028776
-0.028968
-0.025662
-0.019408
-0.015258
-0.014814
-0.015499
-0.016577
-0.016559
-0.015021
-0.012558
-0.010769
-0.0097299
-0.0082927
-0.0070871
-0.0059368
-0.0067131
-0.013296
-0.01777
-0.018179
-0.010418
0.0026175
0.017224
0.027253
0.027441
0.022322
0.01815
0.020652
0.025733
0.026824
0.024093
0.022323
0.020355
0.017924
0.016113
0.014189
0.011302
0.0091527
0.0084374
0.006875
0.0036338
-0.0030246
-0.011516
-0.01866
-0.024304
-0.027718
-0.027724
-0.022207
-0.015855
-0.0083749
-0.00388
-0.0023171
-0.0011603
0.00023486
0.0025921
0.0028361
0.0023093
0.00093999
-0.00049932
-0.0020688
-0.0028662
-0.0042564
-0.0073677
-0.013515
-0.022029
-0.025281
-0.024715
-0.016371
-0.00014559
0.017929
0.029355
0.03036
0.021786
0.014663
0.015502
0.021492
0.024911
0.023834
0.023064
0.024005
0.022791
0.018495
0.015115
0.013923
0.012176
0.0088178
0.005861
0.0029918
-0.0017687
-0.0080168
-0.013793
-0.019111
-0.023324
-0.026255
-0.02922
-0.02777
-0.020594
-0.012694
-0.0068083
-0.0063487
-0.0095973
-0.012778
-0.014009
-0.012285
-0.010155
-0.0088504
-0.0072143
-0.0056173
-0.0048818
-0.0039802
-0.0041354
-0.0093135
-0.014333
-0.016095
-0.011183
0.0010105
0.016672
0.028968
0.029756
0.024256
0.01905
0.019862
0.025258
0.028286
0.027341
0.025191
0.022899
0.020187
0.016942
0.01333
0.01037
0.0076125
0.0050521
0.0036445
0.0021983
-0.0025906
-0.010626
-0.020001
-0.028915
-0.032184
-0.030946
-0.024929
-0.016688
-0.0095165
-0.0060625
-0.0046848
-0.0031059
-0.00056096
0.0017581
0.0013828
-0.00078292
-0.0022176
-0.0026438
-0.0018244
-0.0024735
-0.0052878
-0.0071777
-0.012615
-0.017741
-0.022093
-0.022358
-0.012433
0.0042832
0.02296
0.034732
0.034277
0.023704
0.013961
0.013831
0.020003
0.024048
0.025164
0.025239
0.025203
0.024351
0.020722
0.016397
0.013937
0.012427
0.010625
0.0083702
0.0048738
-0.00067494
-0.0067951
-0.013047
-0.017099
-0.017136
-0.022013
-0.029243
-0.027733
-0.017966
-0.0067651
-0.00011459
-0.00053466
-0.0045101
-0.0070957
-0.0076074
-0.007543
-0.0070188
-0.0069878
-0.0074895
-0.0064469
-0.0043048
-0.0033591
-0.0036647
-0.0044632
-0.0054566
-0.00497
-0.00231
0.00032015
0.0010918
0.0008062
0.00085568
0.00061887
-0.00024834
-0.0002243
0.00049188
0.00019931
-0.0010234
-0.0014838
-0.0013124
-0.0013631
-0.0012886
-0.00099906
-0.00049177
-0.00028922
-0.00074908
-0.00086856
-0.00032191
-0.00037763
-0.00095066
-0.00086195
-0.00063038
-0.00086757
-0.0011998
-0.0013193
-0.001365
-0.0018319
-0.0020805
-0.001521
-0.0007996
-0.00043871
-0.00056483
-0.00091424
-0.0010616
-0.0013469
-0.0019728
-0.0021523
-0.0014255
-0.00086321
-0.00081495
-0.00065028
-0.00019401
0.00031542
0.00033481
0.00019275
-1.5183e-06
-0.0005371
-0.0010499
-0.0015702
-0.0018243
-0.0015241
-0.0010525
-0.00056179
-5.9447e-05
0.00022808
0.0002468
0.00025235
0.00026251
0.00024775
-4.8403e-06
-0.00052341
-0.00070958
-0.00048088
-0.00018001
-0.00048036
-0.0011346
-0.00098288
-0.00030733
4.1693e-06
-1.8811e-05
-0.00030398
-0.00032953
0.00038274
0.0010513
0.00095522
0.00043645
0.00020099
0.0003096
0.00033325
0.0004696
0.00080888
0.0009235
0.00087874
0.00084876
0.00049336
-0.00010428
-0.00016196
0.00024165
0.00033787
0.00020131
-6.1095e-05
-0.00012934
0.00022712
0.00035187
0.00040519
0.00016623
-0.00050989
-0.0010448
-0.0011997
-0.00066309
-4.2229e-05
4.1871e-05
-1.2604e-05
0.0001426
0.0001322
-7.9604e-05
-0.00022859
-0.00018518
0.00018744
0.00029192
6.8413e-05
7.0447e-05
8.5484e-05
3.7328e-05
1.3258e-05
-0.00016517
-0.0002763
-0.0004323
-0.00067547
-0.00056891
-0.00067105
-0.0011452
-0.0013486
-0.0010984
-0.00028208
0.00032494
1.5188e-05
-0.00028006
-0.00035046
-0.00050605
-0.00073928
-0.00089728
-0.00061029
-0.00032638
-0.0003505
-0.000352
-7.8607e-05
0.0001963
0.00015455
0.00025103
1.9691e-05
-0.00090986
-0.0012273
-0.00075871
-0.00017
0.00034023
0.00042067
0.0003196
0.00065186
0.0010251
0.00049907
-2.157e-05
0.000103
0.00016659
0.00023536
-2.4675e-05
-0.00063097
-0.00055424
8.685e-05
0.00028047
0.00012346
9.5083e-06
-0.0001333
-6.9502e-05
-0.00012337
-0.00064679
-0.00068968
4.6668e-05
0.00067042
0.001014
0.0011676
0.0010433
0.00081348
0.00043241
0.00031523
0.00049573
0.00042355
0.00041072
0.00031649
1.8191e-05
5.3259e-06
0.00012182
7.7698e-05
-7.1001e-06
0.00012103
0.00014568
-0.00010394
-7.1136e-05
0.00026463
-2.9904e-05
-0.00056813
-0.00024122
0.00014957
2.8244e-05
4.5328e-05
0.00026393
0.00032424
5.8938e-05
-0.00026002
-0.00037321
-0.00029211
-5.6585e-05
0.00024882
0.00051549
0.00029698
-6.6804e-05
-9.7192e-05
2.2895e-06
0.0001084
0.00011928
0.00012524
-3.321e-05
-0.0002513
-0.00015368
-1.9938e-05
-0.00037244
-0.00086905
-0.0007398
-0.00062895
-0.00088456
-0.00037448
0.00040188
6.2153e-05
-0.00028411
0.00018328
0.00034094
0.0002445
0.00021376
8.0667e-05
-9.5072e-05
-0.00029881
-0.00019873
0.000156
0.00040763
0.00037889
6.1218e-05
-4.7644e-05
-5.6694e-05
-0.00012256
6.4526e-05
9.225e-05
-5.0852e-05
-0.00011372
-0.00025326
-0.00024778
2.9626e-05
0.00031329
0.00024773
-0.00016628
-0.00024123
4.0629e-05
0.00016831
0.00010181
-2.9459e-05
-4.7766e-05
-4.191e-05
-5.6177e-05
-0.00012156
-0.00015249
6.6252e-05
0.00028515
0.00030767
0.00020536
0.00016603
0.00025668
0.00035685
0.00030161
0.00021002
0.00034987
0.00030811
-0.00011368
-0.00026113
-1.7778e-06
0.00020214
9.3847e-05
-5.7932e-06
0.00023456
0.00019925
-4.4483e-05
6.7011e-05
0.00018279
0.00010085
-4.1248e-05
-0.00036021
-0.00039906
1.345e-05
0.00029334
0.00023542
9.2713e-05
0.00020801
0.00028383
-0.00010151
-0.00038492
-0.00016279
1.9589e-05
0.00017036
0.00032685
1.5747e-05
-0.00052723
-0.00042386
0.00027401
0.0005071
7.4269e-06
-0.00024884
0.000137
0.00026709
-0.00011161
-0.00024529
5.5596e-05
1.4129e-05
-0.0002525
-5.3916e-05
-4.9763e-05
-0.00044602
-0.00052549
-0.00013958
-2.957e-05
-0.00047187
-0.00057843
-0.0002408
-7.1662e-05
-0.00022078
-0.00031842
0.00010769
0.00051044
0.00025787
-6.2342e-05
-0.00019636
-0.0002851
-8.1699e-05
0.00017593
0.00017341
-0.0001345
-0.00055225
-0.00039105
-0.00010185
-0.00015417
1.9253e-05
0.00010324
-0.00015225
-0.00029606
8.305e-05
0.00043384
6.1282e-05
-0.00039657
-0.00029444
5.319e-05
5.8119e-05
-0.00020646
-0.00023632
-8.2204e-05
-2.3085e-06
1.7566e-05
0.00012965
0.00031271
0.00033257
0.00022264
9.3378e-05
-0.00013632
-0.00038972
-0.0002997
0.00015203
0.00041595
0.00036465
0.00027548
0.0004383
0.00058453
8.2259e-05
-0.00041734
-0.00040868
-0.00036071
-0.00048555
-0.00017223
0.00054098
0.00057114
0.000288
0.00013147
-0.00021662
-0.000411
-0.00025532
-0.0002196
-0.00017803
0.00015709
0.00033237
7.3444e-05
-0.00027753
-0.00034575
7.8411e-05
0.00042537
0.00014876
-8.0505e-06
9.2905e-05
6.9238e-05
0.00015492
0.00031318
3.1204e-06
-0.00057135
-0.00034385
0.00043953
0.00057186
0.00018858
-0.00013648
-0.00046964
-0.0006799
-0.00052898
8.6444e-06
0.000453
0.00045789
1.003e-05
-0.00065596
-0.00071895
-0.00039098
-0.0001421
0.0001435
0.00024481
0.00017559
4.3745e-05
-0.00022471
-0.00033291
-7.7938e-06
0.00027481
0.00021643
-2.6759e-05
-0.00016554
-7.2504e-05
2.725e-05
6.7256e-05
0.00015797
0.00036161
0.00023267
-0.0004772
-0.00083849
-0.00041082
7.0597e-05
0.00040466
0.00028986
-0.00025225
-0.00026969
0.00020108
0.00035569
0.00017196
-8.7388e-05
-0.00026211
-2.7699e-05
0.00027693
0.00034513
0.0001085
-0.00044584
-0.00036837
0.00027739
0.00018565
-0.00028207
-0.00032098
-0.0001049
0.00016023
0.00049143
0.00075648
0.00018011
-0.00053264
-0.0003662
-0.00018193
-0.00018901
5.0343e-05
0.00045909
0.00037371
0.00010107
0.00012963
-0.0002338
-0.00037148
0.00017998
0.00044469
6.5473e-05
-0.00025932
-0.00014976
-0.0001189
-6.0111e-05
0.00010074
1.9205e-05
-0.0001057
-0.00016818
-1.149e-05
0.00045974
0.0007537
0.00022161
-0.00076513
-0.0007595
0.00022985
0.00054758
7.7438e-05
-0.0001624
-0.00036686
-0.000396
0.00028432
0.00062818
-3.8425e-05
-0.00049373
-5.7581e-05
0.00032986
4.0425e-05
-0.00025162
-0.00032387
-0.00041687
-0.00033252
-0.00016322
-7.1319e-06
-3.8524e-05
-0.00017638
0.00014587
0.00030596
0.00011435
0.00016256
-0.00011252
-0.00046328
-0.00028124
-0.00017367
-9.7608e-05
0.00012621
8.4652e-06
-0.00027972
-0.00026561
9.6224e-06
0.00014348
2.3821e-05
0.00011959
0.00048835
0.00034984
-0.0001426
-0.00022394
-0.00011007
-6.3358e-05
-0.00011258
-0.00019722
-0.00011916
-0.00010657
-0.00012499
7.8261e-05
0.00021945
0.00014871
4.2953e-05
-8.8823e-05
-1.5351e-05
0.00035904
0.00032815
4.9248e-05
8.8251e-06
-3.4252e-05
6.8452e-05
9.321e-05
-7.3742e-05
-2.2641e-05
-0.00013918
-0.00044835
-0.00030017
5.807e-05
0.00036005
0.00051277
7.5567e-05
-0.0003989
