-3.435e-05
-4.9538e-05
-4.2061e-05
0.00029498
0.00062447
8.7632e-05
-0.00021717
0.00027981
0.0001364
-0.0010633
-0.0015021
-0.00024073
0.00074822
0.00061689
0.00052883
0.00045598
0.0007065
0.0011886
5.7668e-05
-0.00048891
0.00081912
0.00032797
-0.00088383
-3.139e-05
0.00031844
-0.00093827
-0.0013664
-0.00015255
0.00082286
0.00064548
0.0010261
0.001552
0.00022928
-0.0015689
-0.0016365
-0.0004551
0.00035535
5.2481e-05
-7.6603e-05
-1.2882e-05
8.2854e-05
0.00085899
0.0010595
-5.6991e-05
-0.00060279
-0.00013828
-0.00026444
-0.00046329
-0.00017575
0.00012818
0.00010901
0.00046884
0.0002898
-0.00039677
0.00053662
0.0015788
0.00034336
-0.0013058
-0.0006901
-0.00019616
-0.00057222
-0.00030393
0.00032671
0.0011802
0.00088255
-0.00057908
-0.0011139
-3.3546e-05
0.00080557
0.00050404
7.7261e-05
-6.506e-05
-2.6042e-05
-2.7347e-05
1.2826e-05
0.00014276
-0.00047451
-0.0010296
-0.00024586
0.00044338
0.00053658
0.00076046
0.00072006
-1.9071e-05
-0.00047813
-0.00027776
-0.00010255
3.2254e-05
7.4931e-05
0.00028997
-7.9725e-05
-0.00098531
-0.0010171
-0.0010111
-0.0003437
0.0012113
0.0014774
0.00068438
5.8516e-05
-0.00018963
0.00010452
0.00036532
-5.7998e-05
-4.4053e-05
0.00062752
0.00068423
-6.3308e-05
-0.00077709
-0.00074673
-0.00026756
-0.00049178
-0.00079721
-0.00047714
-0.00016719
2.0188e-05
0.00035809
0.0010861
0.0011648
-4.4365e-05
-0.0011053
-0.00043928
0.00025541
0.00027422
0.00063367
0.00032375
-0.00025246
-0.00025354
-0.00061431
-0.00058656
0.00061854
0.00086598
9.4859e-05
2.2126e-05
0.00025133
-0.00065824
-0.00098279
0.00039349
0.0007114
1.9446e-05
-0.00069173
-0.0014897
-0.00087588
0.00083676
0.0013752
0.00069964
0.00034597
0.00058734
0.00062296
1.4357e-05
-0.00073158
-0.0013277
-0.0012071
0.00010767
0.0011928
0.0010534
0.00010918
-0.0010343
-0.001785
-0.00089668
0.00039581
0.00047326
0.00079453
0.0012287
0.0011175
0.00070149
-8.0365e-05
-0.00076053
-0.00016586
0.00066605
-5.2612e-05
-0.00048376
-7.2141e-05
-0.00025147
-0.00045765
-0.00025452
-8.1775e-05
-3.3787e-05
2.7386e-05
7.5177e-05
-0.00047057
-0.00082522
0.00034225
0.0011303
0.00067924
0.00054981
0.00020947
-0.00066417
-0.00083949
2.0416e-05
0.00092507
0.00059727
-0.00048373
-0.00080914
-0.00040539
0.00025804
0.00053086
-3.9564e-05
-0.00093864
-0.0012591
0.00032376
0.0020052
0.0016141
0.00025541
-0.0010181
-0.0012528
-7.4812e-05
0.00080511
0.000105
-0.000317
5.7856e-05
-0.00014913
-0.00040091
-4.5108e-06
0.00034299
-3.0338e-05
0.00018674
0.00064815
-0.00022657
-0.00090847
-0.00056955
0.00013814
0.0011293
0.0010245
-0.00049093
-0.0011317
-0.00025262
0.0012501
0.0013703
1.3338e-05
-0.00055701
-0.00098086
-0.0011516
-0.0004835
1.2661e-05
0.00018118
0.0001455
-2.1183e-05
-6.9473e-05
2.6202e-05
-2.5623e-05
-8.961e-05
0.00030306
0.00050335
-0.00011323
-0.00049103
-0.00026996
-3.8008e-05
0.00010923
0.00061433
0.0014185
0.00084193
-0.00090045
-0.00087026
0.00023953
0.00017885
0.00034835
0.00039984
-0.00069536
-0.00051763
0.00043373
-0.00011163
-0.00047256
0.00018215
0.00043063
0.00024471
0.00010337
-0.00027015
-0.00023756
0.00014001
-0.00040623
-0.00078324
0.00023727
0.0015204
0.00089914
-0.00045308
-2.1834e-05
0.0012725
0.0014639
0.00035451
-0.0004476
-0.0012326
-0.0015293
-0.00019215
0.00075371
0.0011217
0.0016825
0.0013739
0.0015113
0.0027095
0.0040764
0.0057965
0.0071025
0.0091504
0.01147
0.013315
0.016173
0.018056
0.037784
0.07337
0.079779
0.061496
0.051723
0.051475
0.052172
0.052636
0.055238
0.058834
0.061829
0.064129
0.065335
0.066034
0.066801
0.066576
0.065251
0.063649
0.061963
0.060131
0.057735
0.052512
0.046676
0.045914
0.04864
0.053816
0.062521
0.094195
0.13212
0.10968
0.054328
0.023771
0.013472
0.0084584
0.0015003
-0.0055778
-0.010178
-0.013686
-0.016406
-0.017764
-0.020946
-0.027319
-0.035119
-0.040783
-0.042549
-0.041011
-0.038311
-0.039377
-0.051435
-0.068672
-0.083093
-0.093691
-0.10074
-0.10698
-0.1138
-0.11955
-0.12395
-0.12993
-0.13401
-0.12901
-0.12309
-0.1202
-0.11515
-0.10763
-0.09512
-0.078315
-0.070731
-0.080401
-0.093788
-0.09837
-0.095807
-0.0877
-0.076681
-0.067682
-0.058817
-0.050719
-0.047519
-0.049847
-0.051718
-0.048512
-0.03968
-0.031648
-0.0228
-0.015356
-0.0086262
-0.0016011
0.0044914
0.0088561
0.015138
0.028819
0.04363
0.054942
0.062445
0.066247
0.07045
0.078678
0.090946
0.098746
0.1018
0.1026
0.10347
0.1096
0.11779
0.11782
0.11264
0.10941
0.10433
0.093198
0.078718
0.083761
0.10504
0.099697
0.075736
0.064875
0.058863
0.040332
0.01808
0.0067402
0.009902
0.023061
0.038364
0.0472
0.044554
0.032949
0.017991
0.0071321
0.0040381
0.0071323
0.010141
0.010643
0.0073956
0.00040716
-0.0093954
-0.01974
-0.031725
-0.046543
-0.061914
-0.076412
-0.087335
-0.093002
-0.094159
-0.095449
-0.098224
-0.10095
-0.10563
-0.11285
-0.11623
-0.11259
-0.10602
-0.095446
-0.082813
-0.11965
-0.18938
-0.18677
-0.12396
-0.079245
-0.063172
-0.058286
-0.051337
-0.040462
-0.029987
-0.024381
-0.023949
-0.030106
-0.03609
-0.03285
-0.024227
-0.0154
-0.008248
-0.0056717
-0.0088568
-0.011231
-0.0076211
0.0016637
0.046061
0.11523
0.1342
0.10943
0.095597
0.098915
0.10608
0.10553
0.10008
0.10331
0.11575
0.12861
0.13616
0.13553
0.12479
0.10645
0.084635
0.062075
0.043318
0.075589
0.14719
0.15404
0.098
0.049368
0.018443
0.0014149
3.6553e-05
0.011419
0.02727
0.037278
0.0386
0.030647
0.016258
0.0064793
0.004008
0.0038069
0.0032802
0.002837
0.0010126
-0.004899
-0.013308
-0.023313
-0.035806
-0.049803
-0.067007
-0.087133
-0.10156
-0.10319
-0.098658
-0.16088
-0.26865
-0.26322
-0.16661
-0.096933
-0.072718
-0.07024
-0.067726
-0.064713
-0.065064
-0.06914
-0.072809
-0.073883
-0.072061
-0.065802
-0.058698
-0.05362
-0.047705
-0.038462
-0.031741
-0.032085
-0.036003
-0.038293
-0.035972
-0.029036
-0.019388
-0.010558
-0.0051408
-0.0044283
-0.007596
-0.0098417
-0.0059167
0.0035382
0.012796
0.022488
0.034258
0.04806
0.059996
0.069054
0.077366
0.088772
0.09947
0.10698
0.11069
0.10614
0.10219
0.10764
0.12051
0.13923
0.15094
0.14135
0.11835
0.095682
0.0776
0.063163
0.053975
0.051638
0.053466
0.056693
0.060196
0.061447
0.060102
0.057413
0.051723
0.041273
0.028468
0.020478
0.02066
0.029218
0.03816
0.040301
0.036482
0.027435
0.015952
0.0085453
0.0065675
0.0077559
0.0090093
0.0070645
0.00082074
-0.0075595
-0.016449
-0.02599
-0.093205
-0.2057
-0.22707
-0.16254
-0.1147
-0.10007
-0.10035
-0.10315
-0.10639
-0.10939
-0.1078
-0.10044
-0.091123
-0.083335
-0.075276
-0.065084
-0.062259
-0.068589
-0.076027
-0.077233
-0.07188
-0.06335
-0.056571
-0.05335
-0.048023
-0.041001
-0.035828
-0.035914
-0.038598
-0.037202
-0.031435
-0.021782
-0.013
-0.0090542
-0.009462
-0.011217
-0.0087131
0.0012149
0.014517
0.026606
0.040824
0.056826
0.070892
0.080609
0.089898
0.10151
0.1104
0.10968
0.10439
0.10501
0.11281
0.12603
0.13548
0.13223
0.12231
0.10938
0.092315
0.079219
0.072708
0.066921
0.061112
0.06023
0.061662
0.06033
0.057895
0.057469
0.057633
0.054695
0.048425
0.041267
0.035305
0.035126
0.040112
0.044434
0.047775
0.052252
0.039651
0.019014
0.0052097
-0.0032319
-0.0094972
-0.015927
-0.02584
-0.038546
-0.050875
-0.066132
-0.085391
-0.10167
-0.11007
-0.11185
-0.11067
-0.11011
-0.11049
-0.11096
-0.11026
-0.10921
-0.10937
-0.10729
-0.10005
-0.091176
-0.083599
-0.07488
-0.067857
-0.066963
-0.068673
-0.070556
-0.07352
-0.073177
-0.06657
-0.059709
-0.05526
-0.049143
-0.059631
-0.084892
-0.072594
-0.035509
-0.010999
-0.003216
-0.0054333
-0.010434
-0.011971
-0.0074488
0.0021086
0.013594
0.022616
0.029297
0.043006
0.060238
0.074005
0.085281
0.09808
0.10585
0.10775
0.1053
0.097958
0.094907
0.10446
0.12146
0.13441
0.13645
0.13197
0.12109
0.10182
0.084286
0.071672
0.06037
0.052403
0.051349
0.052194
0.05517
0.08275
0.11678
0.095988
0.050456
0.031422
0.033232
0.040346
0.038948
0.028274
0.015698
0.0077466
0.0069654
0.0093002
0.008634
0.0043541
-0.0028328
-0.011887
-0.019639
-0.029008
-0.041794
-0.054327
-0.068745
-0.087492
-0.10583
-0.11231
-0.10793
-0.10265
-0.10075
-0.10076
-0.10473
-0.11328
-0.11619
-0.1109
-0.10357
-0.095425
-0.08659
-0.078296
-0.070929
-0.065987
-0.063322
-0.065293
-0.070786
-0.07254
-0.068071
-0.061806
-0.056457
-0.053135
-0.068544
-0.09541
-0.082044
-0.042322
-0.016712
-0.007846
-0.0076774
-0.0099902
-0.012573
-0.012866
-0.0073125
0.0030677
0.013409
0.021742
0.029309
0.040084
0.057044
0.074723
0.086927
0.095901
0.10469
0.11193
0.10804
0.099896
0.098137
0.16901
0.28597
0.27653
0.1605
0.075629
0.04533
0.044457
0.051845
0.060708
0.065134
0.063097
0.059323
0.056762
0.054498
0.049229
0.037587
0.027489
0.024069
0.02629
0.031925
0.037132
0.036359
0.030828
0.022253
0.012738
0.0075933
0.0078373
0.009102
0.0076924
0.0034423
-0.0023972
-0.010047
-0.018655
-0.07803
-0.17646
-0.19787
-0.14616
-0.10642
-0.094873
-0.097896
-0.10604
-0.11559
-0.11599
-0.10834
-0.099634
-0.09079
-0.084263
-0.078875
-0.071563
-0.065801
-0.064286
-0.063838
-0.064535
-0.065137
-0.06353
-0.059957
-0.057891
-0.057385
-0.054399
-0.048145
-0.041261
-0.038166
-0.03851
-0.038302
-0.034203
-0.027337
-0.020467
-0.014338
-0.010895
-0.0099429
-0.0088105
-0.0058862
0.00042625
0.0085412
0.014974
0.019385
0.059927
0.13353
0.16112
0.13771
0.11381
0.09993
0.094326
0.095988
0.10803
0.12459
0.1334
0.13315
0.12337
0.10669
0.092514
0.079491
0.069063
0.064364
0.060874
0.059693
0.062291
0.064536
0.064587
0.061888
0.058887
0.057944
0.057146
0.053861
0.050596
0.049421
0.051679
0.054549
0.053421
0.05011
0.046831
0.043359
0.040698
0.032777
0.01769
0.0044343
-0.0029753
-0.0061747
-0.047597
-0.12316
-0.1454
-0.11568
-0.090522
-0.084016
-0.091926
-0.099843
-0.10346
-0.1077
-0.11373
-0.11777
-0.11624
-0.10967
-0.10526
-0.10706
-0.10779
-0.10022
-0.086061
-0.075283
-0.076788
-0.083946
-0.08584
-0.083584
-0.081624
-0.078043
-0.068786
-0.055322
-0.040506
-0.028183
-0.024685
-0.026506
-0.029502
-0.028052
-0.021013
-0.014858
-0.0085534
-0.0015977
0.0018097
0.001439
0.0012796
0.0024114
0.0047558
0.03868
0.10328
0.12978
0.11644
0.10893
0.10816
0.10457
0.10082
0.10517
0.11551
0.11966
0.11741
0.11209
0.1041
0.09618
0.088772
0.079133
0.069315
0.062602
0.056361
0.05331
0.055258
0.05479
0.05297
0.054281
0.05446
0.050326
0.045716
0.043393
0.044849
0.049468
0.05228
0.050121
0.046348
0.040519
0.032105
0.025059
0.021882
0.015216
-0.0015398
-0.021205
-0.035551
-0.047685
-0.06494
-0.08236
-0.086825
-0.081676
-0.078779
-0.076807
-0.074117
-0.072815
-0.073385
-0.077623
-0.089528
-0.10336
-0.10775
-0.10433
-0.099933
-0.095264
-0.089451
-0.086152
-0.086581
-0.080975
-0.069235
-0.065079
-0.066365
-0.066454
-0.068009
-0.068904
-0.06919
-0.068526
-0.057153
-0.0363
-0.021127
-0.017295
-0.021384
-0.026783
-0.026442
-0.020651
-0.015256
-0.0095031
-0.001885
0.0050073
0.010312
0.015729
0.021469
0.024709
0.026646
0.035953
0.051731
0.070254
0.086124
0.09322
0.092579
0.090697
0.08868
0.090197
0.09897
0.10699
0.11009
0.10802
0.099158
0.091201
0.085208
0.074498
0.06311
0.057171
0.054881
0.051716
0.04974
0.047674
0.043768
0.041095
0.038522
0.036457
0.03921
0.042158
0.043319
0.04582
0.048158
0.047185
0.042838
0.036802
0.034152
0.031117
0.013008
-0.0067171
-0.015616
-0.022818
-0.035523
-0.049485
-0.065924
-0.083869
-0.086116
-0.072209
-0.056289
-0.046875
-0.04842
-0.055146
-0.058806
-0.062167
-0.070991
-0.08232
-0.088715
-0.090762
-0.090687
-0.086907
-0.081978
-0.080748
-0.080666
-0.072619
-0.061106
-0.057416
-0.059861
-0.061989
-0.063162
-0.065452
-0.066818
-0.06272
-0.048688
-0.028039
-0.025816
-0.042395
-0.040066
-0.018891
-0.00096715
0.0070751
0.0072067
0.0053567
0.0052503
0.0073366
0.011221
0.017138
0.02205
0.022691
0.024525
0.037137
0.05725
0.074813
0.082882
0.076383
0.06682
0.06709
0.075958
0.085897
0.090913
0.090262
0.087141
0.083294
0.076916
0.07033
0.064584
0.058365
0.0537
0.048957
0.042659
0.037765
0.034199
0.030355
0.025903
0.023622
0.02512
0.028904
0.033386
0.036941
0.038925
0.039444
0.03814
0.035416
0.034703
0.033698
0.021592
0.0013226
-0.014604
-0.022123
-0.027297
-0.034168
-0.046621
-0.068568
-0.087131
-0.083797
-0.063691
-0.039974
-0.024911
-0.025912
-0.033336
-0.037394
-0.04284
-0.051798
-0.062863
-0.071514
-0.071768
-0.068426
-0.069183
-0.072759
-0.076055
-0.078376
-0.071466
-0.057044
-0.050106
-0.050368
-0.051046
-0.053109
-0.054681
-0.058473
-0.05923
-0.046437
-0.025513
-0.0091995
-0.0042375
-0.010991
-0.020172
-0.024058
-0.02056
-0.011234
-0.0035479
0.00065703
0.0051225
0.0080858
0.0073288
0.006292
0.0080509
0.012013
0.016809
0.020301
0.017054
0.011666
0.016276
0.03138
0.044811
0.051161
0.05385
0.054016
0.053981
0.058938
0.0657
0.070363
0.072041
0.069921
0.065536
0.063529
0.064324
0.058353
0.045509
0.038862
0.036949
0.033825
0.03312
0.032881
0.026636
0.018564
0.012251
0.010378
0.018026
0.030144
0.036054
0.032098
0.024417
0.019923
0.021025
0.021156
0.015405
0.0078517
0.0015364
-0.0032085
-0.018768
-0.045608
-0.059333
-0.060306
-0.064296
-0.06826
-0.059475
-0.036701
-0.014688
-0.0043174
-0.0062817
-0.012078
-0.01475
-0.014439
-0.018483
-0.031141
-0.044467
-0.051475
-0.052788
-0.052939
-0.054257
-0.057637
-0.06098
-0.054993
-0.044668
-0.039628
-0.038973
-0.039693
-0.042633
-0.059013
-0.075221
-0.060356
-0.030107
-0.015364
-0.012575
-0.012135
-0.010661
-0.0075395
-0.0019848
0.0044416
0.0091368
0.011018
0.01124
0.012347
0.015149
0.019412
0.02242
0.017571
0.0076672
0.007646
0.019135
0.030262
0.036846
0.065366
0.11121
0.11366
0.077077
0.049344
0.038022
0.036524
0.03629
0.030421
0.025365
0.02365
0.020461
0.017235
0.014227
0.0096173
0.00346
-0.002631
-0.0040974
0.0025644
0.01584
0.026022
0.025643
0.018351
0.012114
0.0094952
0.0080703
0.0051851
0.00028537
-0.005097
-0.0089709
-0.010233
-0.009881
-0.010134
-0.014141
-0.021634
-0.052474
-0.087574
-0.061228
-0.00023245
0.025782
0.01923
0.0096545
0.008428
0.0071073
-0.0022111
-0.015871
-0.025142
-0.028707
-0.030615
-0.032217
-0.039746
-0.051407
-0.05124
-0.038039
-0.027912
-0.026099
-0.028434
-0.031766
-0.040377
-0.04333
-0.028693
-0.010827
-0.0019912
0.00068433
0.0013801
0.0032703
0.0038456
0.0036251
0.0054056
0.009407
0.012988
0.014998
0.017372
0.020872
0.022734
0.019542
0.0086112
-0.0048168
-0.0092879
0.00049663
0.013621
0.034773
0.060164
0.059847
0.040518
0.02787
0.023666
0.022697
0.022399
0.01838
0.0089953
0.0052303
0.0091537
0.0080863
0.0045477
-2.8882e-05
-0.011467
-0.025669
-0.033764
-0.02887
-0.012097
0.0070336
0.018086
0.015616
0.0075558
0.002308
0.00012115
0.0012501
0.0012665
-0.0039158
-0.011714
-0.017767
-0.02139
-0.037513
-0.063368
-0.067425
-0.048905
-0.022855
0.0063881
0.031294
0.043512
0.041073
0.033292
0.031722
0.035539
0.034609
0.025987
0.013081
0.00049731
-0.0073533
-0.011441
-0.013755
-0.018774
-0.029024
-0.032281
-0.024544
-0.017351
-0.016916
-0.018268
-0.025018
-0.029278
-0.01947
-0.0012947
0.0042049
0.0035198
0.0044305
0.0032709
0.00058626
0.0032769
0.0093599
0.0111
0.0097451
0.0081611
0.0079105
0.011109
0.015687
0.018756
0.01792
0.0088341
-0.0044642
-0.012326
-0.0127
-0.0051156
0.0040664
0.008151
0.010893
0.012426
0.0093535
0.005436
0.0035133
0.00086625
-0.0036822
-0.0096437
-0.01101
-0.0050342
-0.0027254
-0.0067365
-0.013882
-0.023247
-0.035145
-0.041917
-0.034698
-0.017786
-0.0018162
0.0063493
0.0051002
-0.001841
-0.0087861
-0.012973
-0.015312
-0.016875
-0.018376
-0.020352
-0.020653
-0.016269
-0.010856
-0.0083461
-0.020979
-0.041035
-0.029821
0.012062
0.04568
0.059675
0.056826
0.04827
0.044201
0.044705
0.043664
0.038667
0.032645
0.026855
0.019996
0.012816
0.0070904
0.0011883
-0.0073096
-0.012141
-0.0046476
0.0078064
0.014217
0.013994
0.010214
0.0093423
0.01467
0.025602
0.038248
0.046627
0.069699
0.10492
0.098911
0.060751
0.03475
0.025564
0.021684
0.019351
0.019369
0.019097
0.015504
0.0075188
-0.0044288
-0.020079
-0.034409
-0.03927
-0.032359
-0.020055
-0.012381
-0.013236
-0.018916
-0.024646
-0.027387
-0.028481
-0.028858
-0.02843
-0.028909
-0.052313
-0.083767
-0.073143
-0.037303
-0.010598
0.00265
0.00371
0.0013771
0.0061334
0.019348
0.033907
0.04308
0.048446
0.049937
0.052058
0.057018
0.063347
0.068259
0.072881
0.07746
0.078742
0.0733
0.060311
0.045985
0.035796
0.030364
0.025101
0.015763
0.0037791
-0.0084977
-0.017361
-0.0061838
0.023621
0.035789
0.026456
0.015275
0.0094519
0.0096142
0.01077
0.0085119
0.0025397
-0.0058475
-0.016889
-0.031465
-0.04054
-0.03504
-0.018539
-0.0030885
0.0031526
0.0033349
0.0034725
0.0058561
0.0151
0.030305
0.044431
0.05221
0.054757
0.049306
0.039511
0.032793
0.032396
0.036697
0.056897
0.080977
0.067038
0.030962
0.002316
-0.017288
-0.02996
-0.040749
-0.047315
-0.053779
-0.061366
-0.074623
-0.091577
-0.10413
-0.11122
-0.11069
-0.1044
-0.09849
-0.095315
-0.094029
-0.095477
-0.095421
-0.091342
-0.088703
-0.088524
-0.081319
-0.06241
-0.042358
-0.026447
-0.014454
-0.0072029
-0.0020969
0.003574
0.010102
0.02684
0.050918
0.056257
0.041295
0.028688
0.025115
0.026076
0.029447
0.036219
0.040798
0.037886
0.029196
0.015717
-0.0033475
-0.022491
-0.032797
-0.027199
-0.0058757
0.017057
0.02839
0.026806
0.01622
0.0047494
-0.0011702
-0.0018641
0.00040792
0.0025692
0.0020624
0.00021239
-0.0014593
-0.0029212
-0.0049565
-0.010887
-0.023298
-0.03461
-0.034135
-0.018953
7.4339e-05
0.0126
0.018085
0.020853
0.025331
0.033499
0.046036
0.057338
0.062107
0.062747
0.088807
0.13385
0.12802
0.082391
0.046003
0.02792
0.023055
0.020965
0.013658
0.00023746
-0.015264
-0.031555
-0.043978
-0.045352
-0.049923
-0.062806
-0.077263
-0.091002
-0.099192
-0.098254
-0.092115
-0.086091
-0.081685
-0.076658
-0.071473
-0.066408
-0.060418
-0.053457
-0.053254
-0.058315
-0.052163
-0.034034
-0.01805
-0.0062694
0.0051046
0.016607
0.023577
0.026637
0.030374
0.032838
0.031593
0.030718
0.029833
0.026698
0.026846
0.032942
0.04063
0.044878
0.049438
0.058137
0.084916
0.1143
0.090449
0.032025
-0.0076584
-0.023638
-0.025867
-0.014525
0.0055822
0.019253
0.019168
0.0089823
-0.0019389
-0.0071938
-0.0073682
-0.0051988
-0.0022283
-0.00059292
-0.00068775
-0.00087106
3.4683e-06
-0.0013259
-0.011545
-0.028573
-0.036636
-0.02971
-0.013286
0.0072758
0.024255
0.030774
0.030249
0.029745
0.037185
0.050957
0.062935
0.070916
0.072238
0.06533
0.05617
0.049837
0.050166
0.05593
0.06129
0.06166
0.055828
0.04433
0.03261
0.024952
0.0061414
-0.027431
-0.051182
-0.056669
-0.060973
-0.068621
-0.077775
-0.082499
-0.082549
-0.081763
-0.081946
-0.081436
-0.07852
-0.07381
-0.06806
-0.061426
-0.051459
-0.049558
-0.056651
-0.052031
-0.037211
-0.026363
-0.015981
-0.0029799
0.010024
0.019553
0.02586
0.034175
0.04167
0.04467
0.040404
0.034503
0.032123
0.033706
0.037076
0.042488
0.050135
0.056452
0.060718
0.062466
0.060696
0.054721
0.038123
0.0080744
-0.014701
-0.013888
-0.00039218
0.007704
0.0077646
0.0042427
-0.0023011
-0.0095946
-0.014062
-0.015262
-0.013384
-0.010571
-0.0077742
-0.0049571
-0.0062487
-0.014073
-0.028135
-0.046285
-0.055374
-0.046718
-0.027573
-0.0094589
0.0017503
0.0048012
0.0042543
0.0058685
0.014227
0.029109
0.045781
0.05699
0.059064
0.05323
0.043963
0.038968
0.04298
0.050266
0.053993
0.05384
0.047669
0.035788
0.025528
0.011189
-0.014277
-0.030059
-0.033487
-0.038435
-0.056239
-0.078958
-0.10142
-0.11383
-0.1061
-0.090328
-0.079195
-0.075132
-0.076937
-0.079348
-0.076705
-0.069212
-0.058526
-0.050175
-0.049501
-0.046633
-0.034363
-0.020797
-0.0087169
0.0016151
0.011577
0.021927
0.033601
0.042744
0.045238
0.044998
0.041745
0.034456
0.029541
0.032269
0.037957
0.039615
0.040803
0.045043
0.051362
0.057409
0.059484
0.056446
0.048915
0.036603
0.018774
-0.014187
-0.047505
-0.042671
-0.014726
-0.00024982
-0.0023634
-0.010419
-0.01647
-0.018604
-0.018558
-0.017547
-0.015815
-0.014156
-0.013464
-0.013729
-0.017802
-0.030175
-0.045576
-0.050692
-0.043834
-0.027262
-0.0070243
0.0079338
0.012649
0.0097718
0.0070199
0.014367
0.030798
0.047916
0.059876
0.060347
0.0552
0.048229
0.046739
0.051263
0.055261
0.05737
0.055554
0.046634
0.035618
0.026648
0.014429
-0.0083789
-0.028709
-0.036551
-0.044415
-0.056082
-0.072496
-0.090702
-0.10248
-0.1035
-0.096341
-0.086804
-0.075422
-0.063401
-0.054815
-0.049928
-0.045994
-0.042643
-0.046102
-0.054572
-0.049271
-0.033042
-0.018875
-0.0049498
0.0098089
0.023438
0.036413
0.042643
0.043501
0.046209
0.047629
0.04379
0.036531
0.031923
0.035203
0.040361
0.04414
0.049482
0.054685
0.059688
0.065076
0.066181
0.059566
0.048693
0.035491
0.017317
-0.012224
-0.037598
-0.033419
-0.013273
-0.004385
-0.0085722
-0.018407
-0.024132
-0.023487
-0.021667
-0.019486
-0.016602
-0.01435
-0.014058
-0.018068
-0.029649
-0.047344
-0.054529
-0.041052
-0.020074
-0.00087036
0.012734
0.014477
0.0094494
0.0073685
0.015389
0.03149
0.048451
0.059983
0.062734
0.057859
0.047803
0.043413
0.04557
0.048845
0.053343
0.055461
0.051038
0.044913
0.033813
0.0079536
-0.021224
-0.032383
-0.031513
-0.032184
-0.044577
-0.063463
-0.082101
-0.092671
-0.090388
-0.080003
-0.072483
-0.069156
-0.064781
-0.059165
-0.054879
-0.049157
-0.043158
-0.046619
-0.05219
-0.043138
-0.025319
-0.012782
-0.0026661
0.011371
0.026628
0.039758
0.051375
0.058838
0.060723
0.059741
0.054955
0.045578
0.036107
0.030875
0.035286
0.042243
0.046941
0.055804
0.064045
0.068338
0.069154
0.061328
0.043542
0.014332
-0.014284
-0.02018
-0.0092883
-0.0020553
0.00060334
-0.0017745
-0.0096051
-0.018561
-0.025271
-0.028672
-0.027926
-0.023443
-0.01864
-0.016775
-0.016581
-0.020076
-0.03302
-0.05156
-0.059577
-0.050534
-0.030472
-0.0071704
0.0085153
0.010563
0.0079953
0.0088245
0.013686
0.027821
0.04735
0.059555
0.063485
0.059338
0.051089
0.048788
0.052127
0.055309
0.057945
0.056383
0.0481
0.03783
0.030493
0.025645
0.019234
0.0093829
-0.0021701
-0.013585
-0.025217
-0.029918
-0.084738
-0.18019
-0.19518
-0.1318
-0.081617
-0.060698
-0.056374
-0.054028
-0.04993
-0.044397
-0.03834
-0.039405
-0.044807
-0.040249
-0.025145
-0.011253
0.00071431
0.011822
0.022895
0.036502
0.047686
0.052581
0.054214
0.051962
0.047333
0.045055
0.047962
0.049396
0.048367
0.049089
0.051316
0.057586
0.067784
0.073699
0.071275
0.063413
0.049787
0.032674
0.015975
-0.0014512
-0.017714
-0.030387
-0.037617
-0.035309
-0.026151
-0.01763
-0.012623
-0.013908
-0.021777
-0.02916
-0.029622
-0.027334
-0.0271
-0.026522
-0.02399
-0.022983
-0.025312
-0.031117
-0.042222
-0.054818
-0.056737
-0.046524
-0.03061
-0.014635
-0.0061878
-0.0046451
-0.0044901
-0.0042079
0.0020226
0.014702
0.030448
0.046225
0.055706
0.056553
0.053077
0.053256
0.053707
0.052165
0.052837
0.053407
0.0491
0.039669
0.027981
0.018404
0.011261
0.0041723
-0.0041698
-0.011678
-0.018928
-0.025718
-0.030846
-0.044216
-0.064156
-0.083069
-0.095547
-0.098485
-0.09552
-0.089687
-0.085952
-0.082272
-0.069888
-0.057005
-0.048352
-0.036923
-0.028816
-0.031888
-0.042135
-0.043469
-0.030619
-0.015536
-0.00060462
0.015725
0.032642
0.0487
0.059803
0.058697
0.052136
0.045905
0.039752
0.038273
0.039588
0.039141
0.040202
0.041214
0.044317
0.048673
0.054499
0.06351
0.069008
0.063989
0.053011
0.039477
0.016882
-0.010072
-0.027998
-0.038466
-0.041737
-0.032223
-0.018146
-0.011207
-0.011129
-0.016646
-0.025594
-0.032621
-0.034184
-0.032636
-0.031531
-0.03101
-0.028046
-0.024289
-0.023026
-0.024776
-0.037715
-0.058725
-0.062414
-0.046698
-0.027341
-0.0096756
0.0029576
0.0070494
0.0044015
0.0012398
0.0065903
0.023662
0.04443
0.058333
0.061143
0.054201
0.046324
0.045482
0.047727
0.052402
0.059437
0.058998
0.04969
0.037713
0.027737
0.013323
-0.011318
-0.028821
-0.030275
-0.031261
-0.044266
-0.066392
-0.082636
-0.08912
-0.091297
-0.087832
-0.075875
-0.061006
-0.050754
-0.045713
-0.043482
-0.03782
-0.029889
-0.031609
-0.040241
-0.037404
-0.023039
-0.011103
0.00010348
0.017027
0.035664
0.051615
0.061053
0.062893
0.059515
0.055675
0.048552
0.041226
0.039528
0.040914
0.043826
0.049388
0.053641
0.086277
0.14024
0.12499
0.054871
-0.0009245
-0.028504
-0.038442
-0.037071
-0.025372
-0.010642
-0.0029948
-0.0029766
-0.0099294
-0.019408
-0.026101
-0.030003
-0.033623
-0.035495
-0.032834
-0.028354
-0.025504
-0.025184
-0.027673
-0.037424
-0.053193
-0.058049
-0.045334
-0.027676
-0.015034
-0.0088101
-0.004471
-0.00016913
0.036837
0.1048
0.11805
0.075799
0.042697
0.035462
0.043366
0.052059
0.054928
0.052647
0.045756
0.033323
0.021766
0.014016
0.00564
-0.0058021
-0.01756
-0.027089
-0.026551
-0.022848
-0.030931
-0.051849
-0.071359
-0.082245
-0.086954
-0.085224
-0.078121
-0.070331
-0.064515
-0.060243
-0.05325
-0.045945
-0.041685
-0.035251
-0.028017
-0.028608
-0.028742
-0.017873
-0.0030385
0.042063
0.11313
0.12806
0.092236
0.061444
0.044711
0.040897
0.046368
0.051173
0.053696
0.05507
0.058381
0.065021
0.071303
0.071036
0.062337
0.048342
0.030726
0.011381
-0.0057294
-0.018901
-0.031681
-0.041581
-0.039593
-0.029615
-0.021778
-0.015906
-0.015655
-0.023509
-0.031912
-0.035858
-0.037086
-0.037606
-0.036432
-0.032992
-0.029508
-0.029312
-0.032957
-0.041813
-0.0561
-0.063921
-0.054823
-0.038019
-0.0214
-0.012193
-0.011563
-0.011358
-0.0067461
0.0030932
0.018029
0.035291
0.050404
0.082606
0.12493
0.11953
0.078332
0.047255
0.03159
0.024801
0.020761
0.015802
0.0078403
-0.0015576
-0.011753
-0.021501
-0.023888
-0.019892
-0.028417
-0.048925
-0.071627
-0.087903
-0.088822
-0.081736
-0.07504
-0.067318
-0.062838
-0.060051
-0.053276
-0.044017
-0.035446
-0.026813
-0.024699
-0.031897
-0.032739
-0.0214
-0.0066208
0.0059244
0.016987
0.028549
0.041028
0.052757
0.059799
0.080206
0.11733
0.11577
0.082258
0.056289
0.04815
0.053747
0.063189
0.068209
0.064044
0.051139
0.032026
0.009335
-0.012866
-0.029198
-0.041421
-0.045964
-0.037949
-0.025045
-0.016896
-0.015589
-0.022941
-0.034363
-0.041869
-0.043
-0.041786
-0.040552
-0.037005
-0.031747
-0.0276
-0.027672
-0.032218
-0.043612
-0.060393
-0.066644
-0.054913
-0.03457
-0.016382
-0.0069727
-0.0058426
0.011425
0.052013
0.073345
0.061122
0.046774
0.043527
0.046224
0.050343
0.053927
0.052454
0.045318
0.035326
0.026365
0.020684
0.015645
0.0081555
-0.0024766
-0.013166
-0.022023
-0.025698
-0.02654
-0.031344
-0.044966
-0.066928
-0.083712
-0.086145
-0.081358
-0.073979
-0.067067
-0.059564
-0.050893
-0.043848
-0.037413
-0.027629
-0.015761
-0.016215
-0.026588
-0.026008
-0.016163
-0.0061973
0.0079266
0.025663
0.082318
0.15996
0.15603
0.091731
0.048724
0.035096
0.039325
0.048697
0.059152
0.06879
0.072188
0.072136
0.067668
0.057205
0.045764
0.033017
0.015091
-0.0056189
-0.022288
-0.036549
-0.045508
-0.041864
-0.03264
-0.026373
-0.023632
-0.025817
-0.033282
-0.041939
-0.045936
-0.046013
-0.065589
-0.10024
-0.10487
-0.086694
-0.071528
-0.056267
-0.040958
-0.02949
-0.026746
-0.032494
-0.043599
-0.054079
-0.059363
-0.055113
-0.036665
-0.012016
0.0048595
0.0081189
-0.0022647
-0.016332
-0.021837
-0.019214
-0.014873
-0.011958
-0.012127
-0.016134
-0.022786
-0.031129
-0.034765
-0.03027
-0.025138
-0.022543
-0.028332
-0.03549
-0.014908
0.029427
0.064369
0.07485
0.071239
0.062549
0.054793
0.049818
0.045342
0.04114
0.037809
0.03291
0.028575
0.032718
0.043899
0.055948
0.065553
0.069507
0.063997
0.054392
0.048833
0.052232
0.063571
0.076688
0.078751
0.068579
0.0568
0.048864
0.045557
0.044743
0.042661
0.03917
0.035671
0.033383
0.031538
0.026429
0.019608
0.012523
0.0038547
-0.0091178
-0.026546
-0.042673
-0.048914
-0.040452
-0.024022
-0.012245
-0.027494
-0.067776
-0.08423
-0.069847
-0.051256
-0.038813
-0.0359
-0.03978
-0.04764
-0.059458
-0.06861
-0.065413
-0.053766
-0.045776
-0.044977
-0.051386
-0.063386
-0.074971
-0.077864
-0.069749
-0.054069
-0.035903
-0.026035
-0.029099
-0.036519
-0.043674
-0.050472
-0.051755
-0.047594
-0.046236
-0.047256
-0.045866
-0.043772
-0.041198
-0.036044
-0.029789
-0.027603
-0.030557
-0.041052
-0.039484
0.0035736
0.053388
0.07246
0.074989
0.076294
0.074811
0.073812
0.0733
0.067029
0.056265
0.048847
0.045602
0.044255
0.047661
0.0537
0.055557
0.053105
0.048112
0.043116
0.041145
0.044223
0.053034
0.060875
0.061911
0.057673
0.053161
0.04936
0.045347
0.042171
0.0376
0.031053
0.02775
0.02714
0.024537
0.018611
0.012271
0.0065886
-0.0024348
-0.015524
-0.030611
-0.045316
-0.057154
-0.061673
-0.057026
-0.061956
-0.081605
-0.082544
-0.066178
-0.060094
-0.063779
-0.067493
-0.069151
-0.069519
-0.067669
-0.065543
-0.065954
-0.068009
-0.066985
-0.061357
-0.057965
-0.059445
-0.058577
-0.059424
-0.069155
-0.083197
-0.092735
-0.089441
-0.071234
-0.046137
-0.031848
-0.034578
-0.042512
-0.04768
-0.048975
-0.046928
-0.043536
-0.040367
-0.040391
-0.041956
-0.038895
-0.030817
-0.023086
-0.022563
-0.018491
0.0053151
0.038415
0.062017
0.076097
0.08837
0.10107
0.11246
0.12147
0.12374
0.11638
0.10573
0.096928
0.088346
0.0816
0.077275
0.073206
0.07289
0.07917
0.090426
0.097168
0.093796
0.085181
0.078527
0.078602
0.084807
0.087459
0.080405
0.067908
0.057998
0.053761
0.051442
0.049647
0.055246
0.063063
0.049789
0.022956
0.0031382
-0.01343
-0.032291
-0.049708
-0.062717
-0.067713
-0.064262
-0.057746
-0.053026
-0.052176
-0.052927
-0.053026
-0.057406
-0.067053
-0.073393
-0.076658
-0.083284
-0.084533
-0.075601
-0.067867
-0.067135
-0.069587
-0.073907
-0.074623
-0.068781
-0.063198
-0.058465
-0.052944
-0.053371
-0.062742
-0.076713
-0.084766
-0.077955
-0.05896
-0.039603
-0.029264
-0.028981
-0.034125
-0.040817
-0.045875
-0.046567
-0.043211
-0.054015
-0.073223
-0.061794
-0.03078
-0.0096736
-0.0013785
-0.0019391
-0.0071523
-0.0076548
0.008788
0.035844
0.059164
0.079902
0.0987
0.11227
0.12325
0.13043
0.12554
0.11212
0.10186
0.095635
0.090884
0.087672
0.08346
0.077782
0.075804
0.078969
0.082052
0.084059
0.088308
0.087274
0.076264
0.067519
0.069456
0.075208
0.075008
0.068154
0.059996
0.053248
0.049679
0.046139
0.03936
0.03032
0.026446
0.026615
0.014513
-0.0072861
-0.029443
-0.052218
-0.070107
-0.076301
-0.076656
-0.076549
-0.075518
-0.074231
-0.072155
-0.069662
-0.070033
-0.075709
-0.086373
-0.099411
-0.104
-0.096778
-0.088197
-0.080522
-0.073101
-0.070386
-0.070442
-0.067846
-0.065485
-0.066422
-0.06641
-0.06463
-0.064571
-0.06944
-0.080344
-0.08878
-0.085112
-0.069889
-0.0525
-0.043557
-0.044544
-0.047574
-0.049556
-0.052746
-0.052285
-0.048776
-0.046476
-0.042435
-0.035917
-0.026837
-0.017445
-0.0093143
0.00080558
0.0098985
0.014325
0.028162
0.049301
0.067765
0.087587
0.10582
0.1192
0.13223
0.13694
0.12897
0.11874
0.11044
0.1039
0.10137
0.098971
0.091701
0.082956
0.078609
0.079821
0.083994
0.085314
0.082181
0.077262
0.075507
0.077925
0.080573
0.078555
0.073117
0.06764
0.059568
0.052281
0.051429
0.052378
0.048442
0.038419
0.027042
0.017963
0.012025
0.0082433
0.0059397
0.0030419
-0.003349
-0.014844
-0.031183
-0.052056
-0.071602
-0.083478
-0.090593
-0.09143
-0.087381
-0.087616
-0.090876
-0.088879
-0.080235
-0.075181
-0.083418
-0.10002
-0.11453
-0.11872
-0.10964
-0.093971
-0.080165
-0.071374
-0.067593
-0.063026
-0.05879
-0.063055
-0.070291
-0.068247
-0.064763
-0.069203
-0.078096
-0.083808
-0.077977
-0.061056
-0.046524
-0.040757
-0.040788
-0.042915
-0.043423
-0.042789
-0.042925
-0.041382
-0.038188
-0.034116
-0.025307
-0.014136
-0.0056442
-0.00035701
0.0026018
0.0056737
0.011749
0.01881
0.026056
0.035804
0.047794
0.05934
0.072702
0.089927
0.10714
0.12332
0.20391
0.31471
0.29106
0.17605
0.10166
0.076137
0.074684
0.076645
0.076537
0.074126
0.072639
0.074296
0.074592
0.075434
0.080066
0.078488
0.072066
0.066061
0.057799
0.051329
0.050737
0.051334
0.047994
0.041332
0.032047
0.020651
0.011758
0.0063451
0.0025959
-0.00052546
-0.0047192
-0.013004
-0.026127
-0.041797
-0.059903
-0.1399
-0.25049
-0.24116
-0.14696
-0.090601
-0.083312
-0.099024
-0.11597
-0.12056
-0.1067
-0.087484
-0.076063
-0.071507
-0.067665
-0.061949
-0.059483
-0.06198
-0.064203
-0.06441
-0.064742
-0.066027
-0.070624
-0.075264
-0.07055
-0.057066
-0.044275
-0.036171
-0.034325
-0.036697
-0.037685
-0.036568
-0.035314
-0.032313
-0.028282
-0.025352
-0.022024
-0.015236
-0.0053321
0.0044765
0.031462
0.075164
0.092383
0.081687
0.081302
0.095532
0.11298
0.1249
0.12689
0.12346
0.12119
0.11764
0.11199
0.10761
0.10519
0.10301
0.097714
0.086179
0.072885
0.067017
0.11001
0.17889
0.1708
0.10677
0.06256
0.042419
0.040176
0.045064
0.048544
0.04665
0.039298
0.029845
0.021317
0.015428
0.011295
0.0068288
0.0026056
-0.0027209
-0.010182
-0.01876
-0.027653
-0.040396
-0.061037
-0.082087
-0.14693
-0.234
-0.2213
-0.13657
-0.086725
-0.083246
-0.10307
-0.12307
-0.12484
-0.10859
-0.089239
-0.074595
-0.064552
-0.055505
-0.048133
-0.047723
-0.054413
-0.063909
-0.069006
-0.066712
-0.063447
-0.064106
-0.064979
-0.058331
-0.046473
-0.038547
-0.034074
-0.031903
-0.033333
-0.032853
-0.029177
-0.024569
-0.020153
-0.017169
-0.016769
-0.016026
-0.010865
-0.0011154
0.035415
0.091585
0.10764
0.087506
0.073662
0.077077
0.091629
0.10517
0.11131
0.11337
0.11571
0.11733
0.11797
0.11559
0.11033
0.10512
0.096302
0.086028
0.077163
0.067928
0.064083
0.066434
0.062443
0.054195
0.052074
0.055168
0.080027
0.12133
0.11143
0.068018
0.038745
0.026849
0.022684
0.020086
0.01728
0.010848
0.0018912
-0.0040707
-0.006291
-0.0085692
-0.014804
-0.025534
-0.036783
-0.049982
-0.06799
-0.086805
-0.09953
-0.15855
-0.2489
-0.24414
-0.16657
-0.11655
-0.10179
-0.097265
-0.087397
-0.074734
-0.064031
-0.055378
-0.04995
-0.050613
-0.05645
-0.063921
-0.069403
-0.067877
-0.062625
-0.060659
-0.057605
-0.04881
-0.039387
-0.033384
-0.030124
-0.028491
-0.0277
-0.026275
-0.022438
-0.01883
-0.016524
-0.014167
-0.01278
-0.009259
0.015579
0.056803
0.081131
0.084515
0.076618
0.064779
0.063985
0.075816
0.089594
0.097836
0.10004
0.10241
0.10676
0.10956
0.11064
0.10851
0.10368
0.099717
0.094697
0.086654
0.078314
0.067171
0.084197
0.12851
0.12539
0.080525
0.048108
0.032361
0.027887
0.02819
0.029363
0.030352
0.027792
0.022966
0.019862
0.018392
0.015681
0.0077
-0.003028
-0.010155
-0.012581
-0.013829
-0.018843
-0.027281
-0.034868
-0.043661
-0.12167
-0.2412
-0.2419
-0.15084
-0.095191
-0.086796
-0.095985
-0.10527
-0.10687
-0.097685
-0.085365
-0.076488
-0.068617
-0.057705
-0.047327
-0.045793
-0.056517
-0.072208
-0.082224
-0.084798
-0.080866
-0.074255
-0.070223
-0.064554
-0.056192
-0.051838
-0.049965
-0.049049
-0.049738
-0.044622
-0.036243
-0.02837
-0.023131
-0.020424
-0.019374
-0.020028
-0.019328
-0.013301
-0.0038735
0.042058
0.12129
0.1526
0.12701
0.10935
0.11232
0.12018
0.12293
0.12196
0.12562
0.13267
0.13532
0.13426
0.13105
0.1253
0.11498
0.10181
0.091026
0.078979
0.065808
0.058817
0.056298
0.055992
0.05795
0.058827
0.057205
0.05123
0.036677
0.018232
0.0057742
0.0040551
0.011507
0.020298
0.022936
0.018397
0.010265
0.002557
-0.0045347
-0.010783
-0.021933
-0.035246
-0.035911
-0.03158
-0.036632
-0.048858
-0.070246
-0.093432
-0.10332
-0.1004
-0.094541
-0.091739
-0.096649
-0.10541
-0.10862
-0.1054
-0.099726
-0.089399
-0.076403
-0.067459
-0.059423
-0.048384
-0.039445
-0.037237
-0.04476
-0.060742
-0.071802
-0.070724
-0.063618
-0.05716
-0.053884
-0.053616
-0.057375
-0.062838
-0.067406
-0.069423
-0.065824
-0.058871
-0.048273
-0.037072
-0.03232
-0.042177
-0.056091
-0.041627
-0.011185
0.0095499
0.026184
0.047521
0.0687
0.08332
0.094459
0.10403
0.10954
0.11496
0.11998
0.12059
0.12157
0.12682
0.1371
0.14545
0.14021
0.1266
0.11295
0.098621
0.089809
0.085562
0.076377
0.063596
0.055322
0.052063
0.050838
0.066203
0.087918
0.07122
0.034334
0.016179
0.015761
0.017587
0.012298
0.0017592
-0.0090317
-0.014531
-0.01382
-0.012073
-0.011021
-0.010755
-0.012187
-0.014343
-0.016592
-0.01944
-0.025822
-0.03546
-0.048885
-0.069743
-0.089868
-0.10012
-0.10102
-0.098003
-0.095706
-0.095234
-0.093396
-0.091436
-0.091585
-0.090091
-0.08353
-0.07487
-0.066833
-0.05651
-0.045234
-0.038075
-0.039848
-0.049162
-0.05896
-0.064955
-0.067422
-0.065449
-0.061991
-0.061674
-0.060301
-0.055808
-0.052939
-0.053688
-0.05278
-0.049677
-0.048409
-0.045302
-0.039243
-0.034272
-0.031894
-0.028465
-0.020591
-0.0036454
0.025931
0.055645
0.072037
0.084435
0.10233
0.12081
0.13535
0.14522
0.14411
0.1277
0.11458
0.11951
0.13681
0.15517
0.16374
0.15917
0.14332
0.15224
0.17662
0.14716
0.087396
0.051947
0.036447
0.031652
0.027731
0.017979
0.005103
-0.0013099
0.0013337
0.0097597
0.018316
0.020627
0.016542
0.0086249
-0.0025273
-0.012333
-0.016621
-0.016769
-0.015851
-0.016101
-0.017953
-0.018956
-0.01797
-0.016955
-0.019428
-0.029181
-0.10175
-0.21236
-0.22232
-0.15054
-0.10159
-0.084479
-0.082305
-0.083297
-0.079514
-0.071769
-0.065179
-0.057191
-0.04351
-0.034346
-0.037887
-0.051151
-0.06567
-0.073769
-0.071681
-0.063844
-0.0576
-0.054479
-0.053028
-0.053711
-0.055639
-0.059253
-0.061768
-0.060552
-0.056557
-0.048973
-0.038302
-0.030697
-0.030473
-0.030483
-0.027351
-0.016279
0.012745
0.048308
0.075422
0.092801
0.10448
0.1112
0.11973
0.13114
0.13832
0.1352
0.12645
0.1263
0.13759
0.14707
0.15081
0.14682
0.12988
0.107
0.12235
0.1622
0.14607
0.086526
0.046931
0.034257
0.032419
0.026611
0.013143
0.001731
0.0021617
0.012956
0.023451
0.025147
0.018165
0.0061869
-0.0080877
-0.018411
-0.020381
-0.016231
-0.01179
-0.010686
-0.011953
-0.013238
-0.014143
-0.016565
-0.022179
-0.034194
-0.051673
-0.070264
-0.086231
-0.097176
-0.099202
-0.094683
-0.091044
-0.091717
-0.14457
-0.22459
-0.20244
-0.10753
-0.044611
-0.027552
-0.036328
-0.051671
-0.064013
-0.069676
-0.067789
-0.063818
-0.062125
-0.063622
-0.064314
-0.059161
-0.052312
-0.048665
-0.049816
-0.052871
-0.052961
-0.047167
-0.038251
-0.031342
-0.028004
-0.025327
-0.023191
-0.021083
-0.017606
-0.010835
0.038934
0.13118
0.17309
0.15173
0.12953
0.1255
0.12199
0.11274
0.11123
0.11841
0.1285
0.1428
0.15328
0.14945
0.13441
0.11518
0.095157
0.077198
0.058767
0.043634
0.040601
0.045929
0.049817
0.052701
0.053742
0.049494
0.039835
0.021123
0.00034274
-0.0088779
-0.0059757
0.0023196
0.012683
0.018357
0.014161
0.0018875
-0.011939
-0.020651
-0.021517
-0.016267
-0.011767
-0.012992
-0.015071
-0.013992
-0.013943
-0.01802
-0.023826
-0.031916
-0.04713
-0.069056
-0.088366
-0.098073
-0.099042
-0.097866
-0.096171
-0.093419
-0.094159
-0.095745
-0.092653
-0.088548
-0.08328
-0.074532
-0.065533
-0.058013
-0.048675
-0.04082
-0.041107
-0.050219
-0.0609
-0.066426
-0.065416
-0.061194
-0.057317
-0.053851
-0.051121
-0.047802
-0.047929
-0.048312
-0.050986
-0.057748
-0.056835
-0.04795
-0.038661
-0.030214
-0.024911
-0.023909
-0.022296
-0.018478
-0.014204
-0.0077545
0.0025759
0.017234
0.036518
0.057712
0.078106
0.097648
0.11355
0.12361
0.13319
0.14219
0.13715
0.11987
0.10799
0.11004
0.12765
0.15213
0.1677
0.1667
0.15318
0.13271
0.10629
0.079274
0.054928
0.040552
0.041817
0.04793
0.049782
0.049486
0.048234
0.045059
0.03697
0.021351
0.0043002
-0.008078
-0.01091
-0.0031192
0.0085244
0.013651
0.012166
0.0056524
-0.013661
-0.035223
-0.038225
-0.027418
-0.01903
-0.017044
-0.018912
-0.023575
-0.032315
-0.046343
-0.065468
-0.083428
-0.095333
-0.09973
-0.096539
-0.092478
-0.093882
-0.094591
-0.094719
-0.095947
-0.092517
-0.083537
-0.071227
-0.058921
-0.048251
-0.036642
-0.027316
-0.030711
-0.043593
-0.057043
-0.065577
-0.067864
-0.064839
-0.059646
-0.056659
-0.055506
-0.052778
-0.053485
-0.057656
-0.05613
-0.055559
-0.054781
-0.051025
-0.044306
-0.038111
-0.034794
-0.031982
-0.026293
-0.021086
-0.016096
-0.0042696
0.012446
0.027584
0.043502
0.06428
0.16831
0.31601
0.3215
0.20203
0.11407
0.095274
0.11654
0.14704
0.16827
0.16417
0.14299
0.11873
0.095899
0.076189
0.056193
0.041679
0.039671
0.043164
0.045802
0.048057
0.048626
0.045259
0.03754
0.024753
0.0065241
-0.010215
-0.015675
-0.0082151
0.0042524
0.012879
0.013643
0.0062889
-0.005469
-0.014874
-0.01682
-0.015026
-0.01387
-0.013051
-0.013204
-0.036387
-0.082807
-0.10821
-0.10498
-0.099899
-0.10144
-0.10449
-0.1023
-0.099652
-0.099012
-0.097386
-0.094436
-0.08946
-0.082732
-0.074871
-0.065151
-0.053961
-0.04222
-0.034103
-0.035549
-0.044629
-0.057419
-0.06831
-0.071918
-0.065377
-0.055843
-0.05345
-0.053042
-0.050748
-0.049632
-0.052622
-0.057565
-0.057861
-0.05288
-0.043826
-0.034241
-0.027396
-0.023121
-0.024226
-0.023547
-0.0050567
0.025108
0.05289
0.074374
0.090211
0.1037
0.11332
0.11925
0.1247
0.12289
0.11419
0.11318
0.1248
0.14144
0.15583
0.15828
0.14314
0.12018
0.10131
0.086917
0.10017
0.13029
0.11762
0.075077
0.048736
0.039682
0.036838
0.029616
0.016617
0.0058595
0.0065893
0.014481
0.021961
0.023518
0.017001
0.0057471
-0.007246
-0.018163
-0.020751
-0.014623
-0.0072731
-0.0055577
-0.008186
-0.011994
-0.01487
-0.018142
-0.02314
-0.031649
-0.048549
-0.070094
-0.087305
-0.098669
-0.10398
-0.14902
-0.2236
-0.21736
-0.14315
-0.089638
-0.068741
-0.063881
-0.062947
-0.057195
-0.048944
-0.049703
-0.058396
-0.067282
-0.072678
-0.070743
-0.062833
-0.057801
-0.056119
-0.052336
-0.0502
-0.050803
-0.053443
-0.056319
-0.054943
-0.05058
-0.043207
-0.033946
-0.027404
-0.024966
-0.023854
-0.02068
-0.016829
-0.012077
-0.0038384
0.043901
0.1274
0.16091
0.14141
0.12367
0.11909
0.11893
0.11832
0.11891
0.12207
0.13164
0.14365
0.14864
0.14403
0.13003
0.10982
0.091836
0.07815
0.063558
0.050928
0.046697
0.049225
0.074955
0.10813
0.089795
0.039607
0.010783
0.007872
0.016909
0.026763
0.028302
0.018188
0.0028283
-0.0096886
-0.014275
-0.011197
-0.0054002
-0.0014481
-0.0021885
-0.0077585
-0.013463
-0.016692
-0.020755
-0.027955
-0.039161
-0.056387
-0.078727
-0.097283
-0.10268
-0.10056
-0.099558
-0.097564
-0.097122
-0.099879
-0.10222
-0.10169
-0.13472
-0.18223
-0.15528
-0.084409
-0.048829
-0.048456
-0.058658
-0.064375
-0.064639
-0.061681
-0.057083
-0.054226
-0.051803
-0.046758
-0.04344
-0.043737
-0.045088
-0.045916
-0.042834
-0.036121
-0.029649
-0.026015
-0.023432
-0.020982
-0.018714
-0.012915
-0.0033478
0.0075649
0.020553
0.035303
0.053847
0.074126
0.0913
0.18371
0.31704
0.30964
0.19909
0.13569
0.13115
0.14883
0.15752
0.14455
0.11977
0.096931
0.076599
0.058508
0.046311
0.043632
0.049013
0.053047
0.052187
0.050987
0.048036
0.038889
0.023534
0.0062578
-0.0051342
-0.0045156
0.0049883
0.017176
0.025165
0.023635
0.014505
0.0018504
-0.0077967
-0.017791
-0.028314
-0.028196
-0.023185
-0.025851
-0.037038
-0.055374
-0.075775
-0.092963
-0.1038
-0.10678
-0.1047
-0.10176
-0.10163
-0.10303
-0.10466
-0.10339
-0.096684
-0.087066
-0.076713
-0.066982
-0.058351
-0.04855
-0.039161
-0.037471
-0.045639
-0.059227
-0.070198
-0.072596
-0.068682
-0.064178
-0.061549
-0.058366
-0.053543
-0.052595
-0.05554
-0.05752
-0.05511
-0.049534
-0.040289
-0.032031
-0.0291
-0.026742
-0.023902
-0.020581
-0.016463
-0.010732
-0.0024164
0.048105
0.13622
0.17431
0.15242
0.13379
0.12855
0.12041
0.11082
0.11025
0.11982
0.13745
0.15175
0.15391
0.14294
0.12358
0.10204
0.083615
0.068728
0.057673
0.053038
0.054977
0.056652
0.05485
0.052382
0.049649
0.045982
0.039229
0.027218
0.013381
0.0055062
0.0062087
0.014446
0.022981
0.025497
0.019748
0.0063647
-0.013801
-0.03113
-0.031341
-0.023338
-0.020201
-0.022329
-0.028937
-0.040866
-0.058543
-0.078403
-0.094125
-0.1005
-0.099567
-0.098184
-0.097835
-0.097654
-0.09703
-0.097915
-0.10149
-0.10033
-0.091392
-0.082965
-0.075389
-0.063241
-0.05078
-0.044504
-0.045213
-0.05323
-0.063904
-0.071091
-0.071743
-0.066219
-0.058653
-0.052621
-0.048421
-0.045045
-0.040756
-0.039258
-0.040272
-0.042681
-0.045184
-0.042577
-0.03495
-0.026747
-0.01867
-0.012817
-0.01125
-0.010654
-0.0063206
0.0021479
0.012766
0.021572
0.085913
0.19523
0.2288
0.17646
0.12083
0.086988
0.080063
0.0944
0.11813
0.13905
0.14989
0.14861
0.13451
0.11015
0.087572
0.070503
0.054806
0.046722
0.051376
0.059191
0.064002
0.068196
0.073232
0.07684
0.073931
0.061124
0.045143
0.034727
0.029973
0.032426
0.041613
0.052687
0.059514
0.05671
0.04982
0.044328
0.033333
0.012132
-0.017063
-0.041221
-0.057819
-0.070085
-0.080454
-0.08908
-0.091923
-0.089452
-0.09277
-0.10056
-0.10466
-0.10981
-0.11756
-0.12107
-0.11821
-0.11104
-0.10375
-0.10165
-0.10383
-0.10272
-0.095083
-0.083562
-0.075482
-0.078335
-0.085182
-0.083839
-0.074685
-0.066267
-0.061992
-0.059841
-0.055849
-0.047574
-0.041083
-0.039957
-0.037747
-0.032516
-0.027131
-0.021606
-0.017675
-0.015754
-0.013564
-0.0098757
-0.005009
0.001236
0.0072371
0.010505
0.013523
0.020113
0.079813
0.1796
0.20432
0.15312
0.10845
0.091691
0.10073
0.11998
0.13145
0.13089
0.1206
0.10507
0.092868
0.084617
0.076526
0.069996
0.064598
0.058446
0.055789
0.057452
0.056031
0.054522
0.058759
0.06289
0.063072
0.059905
0.052202
0.043402
0.038875
0.039181
0.063043
0.09804
0.086953
0.044688
0.012732
-0.0058233
-0.014635
-0.018931
-0.025167
-0.037951
-0.055158
-0.072055
-0.083878
-0.088259
-0.088954
-0.08988
-0.090057
-0.087957
-0.088951
-0.10024
-0.11261
-0.1158
-0.11349
-0.111
-0.11032
-0.10869
-0.10792
-0.10877
-0.10105
-0.085425
-0.075906
-0.076727
-0.080846
-0.082105
-0.0776
-0.069922
-0.064602
-0.059567
-0.05164
-0.041531
-0.03455
-0.033932
-0.035284
-0.034605
-0.030209
-0.022716
-0.017607
-0.012282
-0.00084833
0.011495
0.017467
0.019973
0.026088
0.035645
0.049776
0.06827
0.084895
0.098395
0.10733
0.10924
0.10867
0.11082
0.11332
0.11656
0.12157
0.12347
0.1193
0.11152
0.10335
0.091238
0.078546
0.071349
0.063412
0.056892
0.054628
0.052208
0.051521
0.053088
0.052235
0.053169
0.055096
0.050066
0.044831
0.044213
0.044223
0.045595
0.046993
0.04511
0.038828
0.030882
0.025907
0.023985
0.020948
-0.0031796
-0.043953
-0.070779
-0.082397
-0.085676
-0.078974
-0.068071
-0.061159
-0.05902
-0.060137
-0.06404
-0.070131
-0.081035
-0.094102
-0.10089
-0.10031
-0.098086
-0.097645
-0.098487
-0.10051
-0.10124
-0.098202
-0.091369
-0.081947
-0.074542
-0.07087
-0.071435
-0.073211
-0.071403
-0.068022
-0.063245
-0.050645
-0.031847
-0.017726
-0.012432
-0.01372
-0.01854
-0.020882
-0.018331
-0.013608
-0.0091123
-0.0060834
-0.0033073
0.0061059
0.025722
0.037423
0.036754
0.039603
0.05143
0.06762
0.081752
0.089436
0.089689
0.088859
0.091576
0.09964
0.1104
0.11498
0.1114
0.10485
0.097543
0.088946
0.081752
0.076281
0.069197
0.063671
0.060534
0.055966
0.050941
0.047818
0.044718
0.040711
0.038749
0.039521
0.039766
0.039508
0.043129
0.045613
0.043153
0.041643
0.041411
0.036775
0.029171
0.022239
0.01639
0.0086672
-0.0026867
-0.011863
-0.014483
-0.015181
-0.061052
-0.14111
-0.15076
-0.095083
-0.05054
-0.032693
-0.036367
-0.047467
-0.056239
-0.065348
-0.077935
-0.090853
-0.098164
-0.099066
-0.097558
-0.094793
-0.090197
-0.084243
-0.077317
-0.070213
-0.066718
-0.070475
-0.07359
-0.068635
-0.064948
-0.064832
-0.058691
-0.042904
-0.024078
-0.0098424
-0.0073934
-0.01109
-0.012051
-0.013785
-0.015159
-0.013454
-0.012687
-0.01306
-0.012084
-0.0065723
0.0025874
0.01245
0.019379
0.02161
0.040246
0.075739
0.087395
0.076582
0.06754
0.065142
0.070613
0.078816
0.083836
0.085048
0.083092
0.07984
0.077525
0.074709
0.070138
0.063881
0.055394
0.048713
0.04617
0.044942
0.042851
0.041253
0.037504
0.028443
0.018871
0.01519
0.019967
0.030904
0.038858
0.0384
0.033587
0.029625
0.025562
0.018561
0.0093372
0.0033042
0.0051203
0.0083217
0.0020928
-0.011892
-0.04763
-0.09947
-0.11338
-0.089541
-0.060525
-0.03352
-0.01715
-0.013475
-0.01658
-0.023878
-0.032813
-0.042435
-0.055533
-0.068732
-0.074493
-0.073465
-0.072088
-0.075216
-0.082159
-0.08593
-0.079115
-0.065016
-0.053877
-0.051143
-0.055018
-0.063312
-0.074074
-0.077236
-0.067441
-0.046276
-0.022
-0.0081838
-0.0072656
-0.012768
-0.018232
-0.018889
-0.012849
-0.0056146
-0.0036919
-0.0041546
-0.0025938
0.00096289
0.0043719
0.0072091
0.010308
0.01159
0.019634
0.039451
0.052691
0.052586
0.049655
0.04904
0.051356
0.055919
0.062133
0.067377
0.068284
0.066485
0.064846
0.062168
0.059477
0.05552
0.04799
0.041989
0.040366
0.04309
0.045749
0.043205
0.034229
0.022714
0.0152
0.013946
0.017641
0.025416
0.030513
0.029632
0.026607
0.023968
0.020926
0.015879
0.0099614
0.0040296
0.00017891
0.0010865
0.0043385
0.0060354
0.001207
-0.013142
-0.030339
-0.041325
-0.047872
-0.055658
-0.059415
-0.055659
-0.047183
-0.031278
-0.0078647
0.0054038
-0.0081886
-0.03397
-0.048982
-0.052995
-0.057033
-0.060974
-0.065024
-0.070595
-0.066093
-0.051593
-0.044108
-0.047109
-0.053768
-0.061345
-0.066086
-0.065846
-0.059378
-0.043208
-0.021754
-0.0086109
-0.010369
-0.019556
-0.022335
-0.016028
-0.011087
-0.01134
-0.0098759
-0.0056416
-0.00031747
0.0056851
0.011892
0.016629
0.016253
0.013442
0.012581
0.021863
0.040239
0.048345
0.0459
0.045613
0.047714
0.050733
0.055616
0.059782
0.058445
0.053068
0.050873
0.051699
0.051438
0.048018
0.039007
0.02834
0.024721
0.029244
0.034328
0.03393
0.026602
0.011311
-0.0041874
-0.006721
0.0040348
0.018383
0.02679
0.024231
0.017635
0.012525
0.008481
0.0060435
0.0058201
0.0058267
0.0060861
0.007037
0.0071534
0.0050769
-0.0012138
-0.011769
-0.048003
-0.099474
-0.094613
-0.039922
0.0060671
0.027804
0.034673
0.037769
0.037805
0.028719
0.0098456
-0.010838
-0.026378
-0.036489
-0.042734
-0.045102
-0.050355
-0.05954
-0.057896
-0.044793
-0.035324
-0.033952
-0.040655
-0.052747
-0.062419
-0.065461
-0.058721
-0.040823
-0.014761
0.0065176
0.0093562
-0.0015419
-0.0083749
-0.0061508
-0.002402
-0.0010428
-0.0015507
-0.0007771
0.0039026
0.010027
0.014295
0.014011
0.011415
0.010401
0.0084749
0.005035
0.00079132
-0.005315
-0.0070276
0.0018969
0.013874
0.020433
0.024511
0.028622
0.033075
0.03813
0.040507
0.039692
0.03881
0.037665
0.035559
0.034078
0.034116
0.030011
0.021254
0.016375
0.016137
0.019363
0.024046
0.021775
0.0089541
-0.0085102
-0.021678
-0.021811
-0.0082865
0.0091772
0.019775
0.019541
0.01399
0.0094978
0.005515
0.00080452
-0.0023625
-0.00063747
0.0041104
0.0036892
-0.0068406
-0.019602
-0.026394
-0.030461
-0.035041
-0.037448
-0.032673
-0.020792
-0.0031004
0.016725
0.031333
0.041263
0.051724
0.056232
0.046593
0.025631
0.0014005
-0.016985
-0.028411
-0.035626
-0.040341
-0.047131
-0.054953
-0.053429
-0.042501
-0.033839
-0.033699
-0.040752
-0.052281
-0.062447
-0.060984
-0.048106
-0.026854
-0.0016449
0.016322
0.015535
0.00096243
-0.0094523
-0.0056665
0.0029437
0.0051153
0.002694
0.0018788
0.0049274
0.010152
0.011633
0.009495
0.0084615
0.0062572
0.0020704
-0.0025288
-0.0074005
-0.014395
-0.022657
-0.024813
-0.017393
-0.0080103
-0.0013252
0.0049365
0.012624
0.019284
0.022244
0.021996
0.020959
0.020737
0.019252
0.016584
0.015601
0.010851
-0.00032908
-0.0058505
-0.0020665
0.0036083
0.0065643
0.0013324
-0.012481
-0.026762
-0.034276
-0.034161
-0.024464
-0.0095032
0.0011275
0.0050983
0.0056933
0.0026391
-0.0022062
-0.0061472
-0.0091043
-0.0097738
-0.0072533
-0.0040761
-0.0022291
-0.0031266
-0.0082993
-0.014142
-0.017562
-0.019611
-0.021363
-0.023783
-0.022963
-0.014426
0.00079245
0.024319
0.049132
0.061596
0.064499
0.067668
0.070042
0.065649
0.054354
0.039135
0.022792
0.008034
-0.0032388
-0.011236
-0.021167
-0.032999
-0.037455
-0.032783
-0.030592
-0.034663
-0.035659
-0.031413
-0.028281
-0.029195
-0.030825
-0.02796
-0.017791
-0.0060486
0.00018523
0.00035143
-0.0007576
0.0006843
0.0042563
0.0083594
0.011278
0.011325
0.010411
0.0079355
0.0059447
0.0070864
0.0083165
0.0077656
0.0064177
0.0041712
-0.0069986
-0.024195
-0.032376
-0.026092
-0.013129
-0.0010986
0.0061614
0.0069493
0.0049308
0.0038738
0.0029825
0.0014704
0.0014498
0.0036076
0.0046087
0.0034312
0.0020086
-0.0014729
-0.0074849
-0.010518
-0.0096347
-0.0081267
-0.0085472
-0.015102
-0.028093
-0.043068
-0.050131
-0.044163
-0.029888
-0.012576
-0.00046349
0.0019845
-0.0010893
-0.0089796
-0.016149
-0.015817
-0.01244
-0.0090843
-0.0039935
0.0013587
0.00073705
-0.0061651
-0.012982
-0.01571
-0.01539
-0.014383
-0.012582
-0.0098253
-0.0050384
0.0045867
0.020274
0.041796
0.065431
0.080127
0.084599
0.089719
0.092818
0.08573
0.073899
0.060045
0.043261
0.028123
0.016792
0.0081965
-0.0034171
-0.017126
-0.02352
-0.019933
-0.014448
-0.015658
-0.024325
-0.032113
-0.029448
-0.021727
-0.017522
-0.013105
-0.0040783
0.0078314
0.013847
0.011601
0.0095755
0.0094249
0.01014
0.013227
0.015294
0.01421
0.013038
0.012535
0.011558
0.011677
0.012234
0.0098485
0.0059578
0.00073937
-0.01171
-0.028622
-0.038865
-0.036662
-0.025668
-0.014089
-0.0098434
-0.010656
-0.010965
-0.012791
-0.016541
-0.018617
-0.018173
-0.017792
-0.01881
-0.018174
-0.016883
-0.019914
-0.027333
-0.030199
-0.026703
-0.025764
-0.02858
-0.03395
-0.04532
-0.058638
-0.065592
-0.058446
-0.040749
-0.023753
-0.013595
-0.010739
-0.012024
-0.017675
-0.024986
-0.027808
-0.023282
-0.015513
-0.01063
-0.0085614
-0.0080992
-0.0090167
-0.008314
-0.0067383
-0.0044717
-0.000936
0.0030663
0.0052058
0.0080551
0.015617
0.030161
0.054683
0.080074
0.094461
0.10139
0.10516
0.10633
0.10478
0.097427
0.082609
0.063462
0.043936
0.03101
0.02623
0.018553
0.0032237
-0.0078219
-0.0083847
-0.0056856
-0.0091392
-0.015952
-0.018751
-0.01527
-0.0074689
-0.0028327
-0.001362
0.0050014
0.011405
0.014079
0.016741
0.019005
0.021657
0.022519
0.019487
0.016254
0.014402
0.013326
0.012633
0.0114
0.0079608
0.0051012
0.0058269
0.0038322
-0.0050341
-0.0196
-0.037735
-0.050897
-0.054064
-0.048794
-0.041452
-0.0361
-0.03342
-0.033746
-0.036821
-0.040614
-0.040406
-0.038817
-0.0398
-0.040534
-0.038416
-0.036436
-0.041817
-0.05127
-0.049776
-0.038182
-0.035151
-0.042618
-0.051478
-0.061206
-0.073697
-0.083332
-0.080346
-0.063591
-0.042796
-0.027705
-0.02055
-0.022648
-0.030529
-0.03577
-0.033132
-0.026468
-0.023397
-0.022792
-0.021673
-0.019931
-0.016221
-0.01063
-0.0029736
0.0048252
0.010992
0.016577
0.021503
0.027487
0.039291
0.059513
0.083853
0.1011
0.10836
0.11062
0.11165
0.11195
0.11136
0.10935
0.10021
0.083076
0.06505
0.051194
0.043885
0.035567
0.016701
-0.00037427
-0.0027935
0.0032989
0.0048911
0.0024831
0.0043979
0.011157
0.016225
0.017642
0.015344
0.010389
0.0087933
0.014146
0.023872
0.033447
0.037715
0.034532
0.025273
0.016431
0.013709
0.013871
0.012728
0.011089
0.0083214
0.0035388
-0.0015597
-0.0058344
-0.011529
-0.021752
-0.035419
-0.047284
-0.05599
-0.056736
-0.051658
-0.049229
-0.04828
-0.047195
-0.050826
-0.056098
-0.056916
-0.056061
-0.05644
-0.056693
-0.056018
-0.054535
-0.055537
-0.060118
-0.057753
-0.048939
-0.046462
-0.05294
-0.060981
-0.069725
-0.079629
-0.085647
-0.080972
-0.066456
-0.048564
-0.033927
-0.02921
-0.034588
-0.041015
-0.040722
-0.033747
-0.027615
-0.026756
-0.030585
-0.033585
-0.030875
-0.022842
-0.01043
0.0034243
0.01171
0.016299
0.02366
0.033694
0.044332
0.057532
0.077417
0.10017
0.11667
0.12296
0.12091
0.11707
0.11672
0.11757
0.11787
0.11657
0.10904
0.093373
0.07589
0.062536
0.050688
0.035163
0.021007
0.018441
0.024555
0.027748
0.023203
0.01809
0.017673
0.020142
0.026204
0.031582
0.03238
0.029909
0.028372
0.029579
0.031977
0.031266
0.026899
0.022596
0.02042
0.020317
0.020334
0.018092
0.013595
0.008898
0.0043914
0.00090639
-0.0026456
-0.0091856
-0.022357
-0.042885
-0.059941
-0.06311
-0.060203
-0.056753
-0.051617
-0.049763
-0.053019
-0.060221
-0.070492
-0.077882
-0.077835
-0.074247
-0.070514
-0.066702
-0.065428
-0.068114
-0.071852
-0.070989
-0.06316
-0.057635
-0.061248
-0.069071
-0.07806
-0.088482
-0.095335
-0.091647
-0.076637
-0.058414
-0.046724
-0.044825
-0.048545
-0.050666
-0.047781
-0.041447
-0.03471
-0.031656
-0.033829
-0.038182
-0.039204
-0.032393
-0.017207
0.0019659
0.01809
0.030764
0.042225
0.052766
0.060214
0.067129
0.080205
0.099646
0.11543
0.12293
0.12399
0.12254
0.12294
0.12334
0.12153
0.11652
0.10947
0.10332
0.0921
0.076844
0.064834
0.050057
0.03438
0.03128
0.039367
0.043521
0.038389
0.035302
0.039237
0.043109
0.040947
0.035603
0.030971
0.027655
0.029729
0.038475
0.045422
0.045453
0.040385
0.032805
0.027238
0.024948
0.024862
0.025015
0.021549
0.014704
0.0072323
0.0019987
0.00166
0.00044673
-0.0099293
-0.025435
-0.03014
-0.023126
-0.016087
-0.014316
-0.016272
-0.019159
-0.022174
-0.024667
-0.028802
-0.034982
-0.037076
-0.035001
-0.03151
-0.025535
-0.019967
-0.018253
-0.018764
-0.020515
-0.023484
-0.023439
-0.017677
-0.011551
-0.0099478
-0.010455
-0.0097299
-0.0086246
-0.0074619
-0.0058838
-0.0056155
-0.0072775
-0.0087735
-0.0080554
-0.0078787
-0.0096351
-0.0091882
-0.0072325
-0.0067644
-0.0076038
-0.010028
-0.0119
-0.011111
-0.01022
-0.0098447
-0.0089321
-0.0085992
-0.008456
-0.008972
-0.010314
-0.010626
-0.010939
-0.010862
-0.0090131
-0.0074535
-0.007302
-0.0075357
-0.0076098
-0.0075644
-0.0073968
-0.0077365
-0.008429
-0.0083421
-0.0080405
-0.0079425
-0.0078572
-0.0074458
-0.00676
-0.0067048
-0.0068708
-0.0073378
-0.0073526
-0.0069668
-0.0081598
-0.0090175
-0.0085439
-0.0088874
-0.0083013
-0.0060172
-0.0046468
-0.0041405
-0.0035234
-0.0028199
-0.0033507
-0.004345
-0.0032763
-0.0016746
-0.0023363
-0.0039154
-0.0042431
-0.0051151
-0.0064174
-0.0058765
-0.0045594
-0.0035703
-0.0033509
-0.003593
-0.0024343
-0.00031115
0.00089928
0.00087657
0.00034636
-9.6627e-05
-0.00044144
-0.00049587
0.00050338
0.0021768
0.0021295
0.00089763
0.00067304
0.00080322
0.00135
0.0013344
-0.00025446
-0.00090889
0.00018255
0.0012649
0.00081247
-0.0001573
-0.00022074
-0.00010583
-0.00062664
-0.0026014
-0.0041311
-0.0025768
-0.00081826
-0.0012192
-0.0015739
-0.001435
-0.0021816
-0.0029565
-0.0023201
-0.00079044
-0.00018306
-0.0010144
-0.0011914
-0.00011051
-5.0543e-05
-0.00050393
-0.00022291
-0.0015406
-0.0032486
-0.0022575
-0.0016122
-0.0040605
-0.007402
-0.0092232
-0.0093091
-0.0083564
-0.0059132
-0.0042464
-0.0052551
-0.0061737
-0.0069311
-0.0075574
-0.0066581
-0.005755
-0.0052497
-0.0041754
-0.0037455
-0.0046416
-0.0044088
-0.0030381
-0.0025092
-0.0021771
-0.002801
-0.0040268
-0.0041804
-0.0039617
-0.0028159
-0.0014127
-0.0019021
-0.0028372
-0.0019552
-0.00072109
-0.0013331
-0.0013096
0.00012917
-0.00012771
-0.00092456
-0.00080321
-0.00077917
-0.0011257
-0.002018
-0.0021158
-0.00083029
-0.00083976
-0.0024357
-0.0030373
-0.0023578
-0.0016842
-0.00085608
0.0011273
0.0026996
0.0021889
0.00163
0.0023841
0.0027068
0.0016051
0.00096858
0.00082732
-0.00012152
-0.00012912
0.0007714
0.0012828
0.0013074
0.00042073
3.3736e-05
0.00027643
1.0398e-05
-0.00043321
-0.00081387
-0.00079365
-0.00093623
-0.00088796
-9.4749e-05
0.00038093
0.00014452
-0.00013802
0.00010134
0.00046516
0.00064924
0.00023672
-0.00059549
-0.00058069
-4.3673e-05
-0.00013757
0.00015324
0.0010483
0.00055351
-0.00030236
-0.00024082
-2.7151e-05
0.00065514
0.0011118
0.00038747
-0.00071097
-0.0010451
-0.00049301
-9.6335e-05
-0.00046025
-0.0013839
-0.0019819
-0.001452
-0.00073039
-0.00037052
-0.00043364
-0.0010523
-0.0010594
-0.00076247
-0.00086132
-0.0016607
-0.0026755
-0.0021432
-0.0010504
-0.00029923
0.00048469
0.00053567
-3.9753e-05
-0.00030527
-0.00041651
-0.00016013
7.8338e-05
-3.3153e-05
0.00020186
-0.00027805
-0.00084445
-0.00026543
0.00033414
0.00011608
-0.00039268
0.00018241
0.00072251
-0.0001875
-0.00060055
4.5125e-05
6.0159e-05
-0.00028824
8.8032e-05
0.00047197
-0.00021527
-0.00082806
-0.00076897
-0.00040413
0.00047888
0.0009912
0.001639
0.0022385
0.001291
-0.00014601
-0.00029914
0.00019058
0.00048699
0.0010736
0.0014469
0.0014379
0.0007912
-0.0007796
-0.0012307
-0.00026015
0.00044379
0.00084102
0.00091858
0.00062545
0.00018757
-0.00069294
-0.0010953
-0.00018336
0.0004162
0.00039731
0.00018526
-0.00044797
-0.00066945
-0.00027319
0.00058146
0.00098219
0.00032734
-0.000348
-0.00025539
-1.1324e-07
-6.7807e-05
0.00016659
0.00082248
0.00070836
-0.00054427
-0.00089034
-0.00030242
-0.00022451
1.8343e-05
0.00050048
0.0001367
-0.00039461
-8.0726e-05
0.00014527
-0.00014815
-0.00029636
-0.000211
-0.00065843
-0.0011374
-0.00093152
-0.00055842
-0.00076077
-0.0012342
-0.00078784
-0.00046597
-0.00028545
0.00024257
0.00011369
0.00012093
0.00018665
-4.4102e-05
-3.6864e-05
0.00022358
0.00058811
0.00032929
4.1242e-05
-0.00075992
-0.0024058
-0.0021498
-0.00017122
0.00099215
0.00071642
-7.2657e-05
-0.0001176
-0.00012702
-0.00095537
-0.00089765
2.3511e-05
0.00023306
-0.000162
-0.0010845
-0.0012641
8.6601e-05
0.001121
0.0015787
0.0012852
-0.00023702
-0.00095969
-0.00063476
6.2696e-06
0.0010612
0.00090811
5.354e-07
0.00035075
0.00078748
0.0001654
-0.00031087
0.00043096
0.00082772
-9.3937e-05
0.00011591
0.00063797
-0.00070002
-0.0016768
-0.00079812
0.00039925
0.0010832
0.0012658
0.00090241
0.00061093
-0.00018141
-0.0013672
-0.0013905
-0.00076418
-0.00031929
6.4191e-05
0.00033938
0.0002336
0.00010507
0.00029621
-5.3801e-05
-0.00055518
0.00083544
0.0024969
0.00066222
-0.0016315
-0.00085958
0.00031005
0.00019931
-0.00029432
-0.00067169
-0.00026351
0.0010625
0.0012183
-0.00029552
-0.0012393
-0.0011459
-0.00024596
0.0009864
0.00056911
-0.00032972
-8.6434e-05
-7.1009e-05
-0.00035699
-0.00020175
-0.00039058
8.159e-05
0.00094916
-0.00052317
-0.0022424
-0.0017304
-9.0073e-05
0.00085299
0.00066373
0.00020782
1.568e-06
2.3902e-05
0.0001532
0.00031773
-0.00052236
-0.00068381
0.00061054
0.00026504
-0.0007467
-0.00049453
0.00028604
0.00049467
-5.6653e-05
-0.00020933
7.97e-05
0.00021971
0.00015622
0.00042249
0.00056306
-0.00030172
-0.00084892
-0.00029348
0.00062108
0.0013535
0.00088919
-0.00034107
-0.00068955
-0.00060418
-0.00034042
3.5362e-05
-0.00055304
-0.00026971
0.0010512
0.00037913
-0.00092107
0.00024081
0.0016346
5.6543e-05
-0.00075268
0.00089369
0.001081
0.00059161
0.00047611
-0.00076264
-0.0013963
0.0001873
0.002006
0.0014424
-0.00017883
-0.00041265
0.00046209
0.00036785
-0.00087257
-0.0010792
-0.00022747
0.00056184
0.0010498
0.00079902
-0.0003436
-0.0010628
-0.00078946
-3.8113e-05
0.00033526
0.00017037
1.774e-05
-2.9567e-05
0.00031739
0.00071001
-7.6335e-05
-0.0013049
-0.0006033
0.0012173
0.0012867
0.00019416
-0.00074005
-0.001982
-0.0014148
0.0015768
0.0027477
0.0010668
-0.0011922
-0.0018665
-0.0009896
-0.00073709
-0.00061564
-0.00048186
-0.00014335
0.00010112
-0.0003537
-0.00016951
-0.00049857
-0.0013633
-0.0007418
0.00030133
0.0004851
0.00056668
0.00069934
0.00056226
-8.0796e-05
-0.00098091
-0.0012947
-0.00091089
0.00050865
0.0019464
0.0013525
0.00012897
-0.00039891
-0.00089515
-0.0010151
-0.0001615
0.00080234
0.00068963
0.00021282
-0.00025379
-0.00039617
-0.00030112
-0.00029314
0.00042798
0.00039669
-0.00011101
0.00090247
0.0011134
-0.00070524
-0.0014083
0.00035507
0.0013979
-0.00027244
-0.0012554
0.00077892
0.0022615
0.00092823
-0.00080555
-0.00087811
0.00032549
0.00058392
-0.00026253
-0.00073562
-0.00087883
