0.0051997
-0.0041891
-0.0027462
0.0034625
0.0044941
0.0012194
0.0026891
0.00076593
-0.0038767
-0.0058967
-0.0014255
0.0015292
-0.0039685
0.0029776
0.00069094
0.0018929
0.0043839
-0.0045424
0.0026962
0.0038447
-0.0019176
-0.0050223
0.0016
-0.0010812
-0.0039488
-0.0033114
0.00032932
-0.0020881
-0.0062726
-0.0012983
0.0011271
0.0065058
0.001206
0.0016913
0.0069756
0.0062341
0.0024438
-0.00054768
0.00090828
-0.0017525
0.00031864
-0.0020091
-0.00065567
-0.0016042
-0.0021499
-0.0011204
-0.0012767
0.0022572
0.001195
-0.0019144
-0.0002371
0.00029053
-0.00097534
-0.00037256
-0.0021226
-0.0044795
0.00039337
-0.0014058
-0.0049692
-0.0034797
-0.00058017
-0.00087153
0.00046289
0.001585
-0.003647
0.00018667
-0.0025897
0.003423
-0.00014678
0.00047775
0.0018985
-0.002865
0.0016137
-0.0010058
0.0011611
-0.0073417
-0.0021174
-0.0025568
-0.0003878
0.0011319
-0.0015046
-0.0033769
-0.0017396
-0.0025957
-0.0012188
-0.0018975
-0.0010928
0.0019316
0.0029618
-0.0021226
-0.00032521
0.002172
-0.0030379
0.0012247
-0.0032658
-0.0047382
-0.00050623
0.0035907
0.0037844
-0.0053332
-0.00088762
-0.0023573
0.00083535
-0.00589
-0.0015486
0.0016505
0.00056889
0.0029539
0.0013985
-0.0016749
0.00094134
-0.00072674
-0.0070712
-0.0035441
-0.0037188
-0.0073232
-0.0017272
-0.005142
-0.00021658
-0.0021782
-0.0021235
-0.00040935
-0.0040061
-0.0049516
-0.00057212
-0.00031206
0.00036657
0.00026503
0.0029658
0.00070762
-0.0010773
-0.0034865
0.0047275
0.0022359
-0.0020258
-0.0019508
-0.00469
-0.00023598
-0.0010182
-0.0027546
0.0013461
-0.0071651
-0.0023332
-0.0018516
-0.0020436
-0.00067912
-0.0040047
0.00036598
0.00026281
-0.00080132
0.00028623
0.0019379
0.0013775
0.002989
-0.0053076
-0.0038489
-0.0011442
0.0015306
-0.00024889
0.00056352
0.0013834
-0.0048535
0.0042061
-0.0013101
-0.0031562
-0.00034913
0.004088
0.0035994
-8.3075e-05
-0.002373
-0.0019261
-0.0027001
-0.0025685
0.0037094
-0.003435
-0.003538
0.002488
-0.0039575
0.0017747
-0.0035736
-0.00057939
0.0047346
0.00017424
-2.5828e-05
0.0030263
0.0038126
0.00037049
-0.0020709
0.00040626
-0.008278
-0.0027311
-0.0070377
-0.0062651
-0.0048946
-0.0033105
-0.0020418
0.002859
0.0025088
0.0035521
0.0066611
0.0010378
-0.0056452
-0.0031653
0.0022162
0.0038002
-0.0028051
-0.0023317
0.0055517
0.0029777
0.002308
0.00053684
0.0018322
0.0043288
-0.00049576
-0.00066997
-0.00083653
0.0048076
-0.0032903
-0.0027355
0.0026367
0.0049019
-3.6193e-06
0.00026203
0.0030582
-0.0048085
-0.0026255
-0.002388
-0.0030299
-0.0055679
0.0043427
0.0021594
0.0025226
0.0021238
0.0012485
0.0013564
-0.0027848
9.7634e-07
-0.00087144
-0.0024494
-0.0019512
0.0033059
0.0042153
0.00081757
0.0035076
0.0035107
-0.0041583
-0.00023088
-0.0014477
-0.0038119
-0.0062113
0.004214
0.0030224
0.0046801
-0.00031641
0.0039783
0.0014099
-0.0016635
-0.0067343
-0.0027553
-0.0014001
0.0042784
0.004058
0.0026477
0.0020276
0.0016345
0.0014238
-0.0057809
0.0026293
-0.0036303
-0.0045943
-0.0010337
-0.00045192
-0.0037035
0.003666
0.0025059
-0.0026078
-0.0041559
0.003138
-0.00048701
-0.0025126
0.0022025
0.0019324
-0.010783
-0.015029
-0.021617
-0.02548
-0.029485
-0.033636
-0.043307
-0.03955
-0.048683
-0.030915
-0.035591
-0.046561
-0.027641
-0.020066
0.012575
0.017376
0.017949
-0.01692
0.0045078
0.073179
0.061302
0.013406
-0.018608
-0.006008
0.018462
0.066991
0.084068
0.092415
0.099533
0.088302
0.11256
0.13887
0.13947
0.21818
0.48169
0.48061
0.41668
0.32836
0.16712
-0.046172
-0.12836
-0.18295
-0.072682
-0.035924
-0.1941
-0.06397
0.0433
0.010522
-0.010926
0.021968
-0.06706
0.043534
0.03531
0.043149
0.023624
-0.017117
-0.15516
-0.23792
-0.38915
-0.48129
-0.12346
-0.19154
0.03356
0.027313
0.092407
0.12222
0.14138
0.16694
0.21475
0.19358
0.21291
0.16168
0.066796
0.014963
-0.063518
-0.14158
-0.25139
-0.44427
-0.54725
-0.335
-0.25399
-0.22858
-0.25765
-0.21207
-0.14702
-0.095005
-0.065322
0.03736
0.26544
0.3536
0.34703
0.22718
0.092933
0.055555
0.052377
0.16368
0.32204
0.20088
0.3463
0.43119
0.45153
0.31086
0.14415
-0.1694
-0.41445
-0.22428
-0.26282
-0.42665
-0.46344
-0.51178
-0.42265
-0.35314
-0.49925
-0.50237
-0.52203
-0.42693
-0.29349
-0.20386
-0.14059
0.026944
0.15816
0.3435
0.41677
0.4421
0.40311
0.25701
0.066453
0.041729
0.31857
0.19411
0.15659
-0.027176
-0.11174
-0.0097055
0.10802
0.17784
0.22824
0.10396
0.059006
-0.03771
-0.063991
-0.075765
-0.16883
-0.26446
-0.37082
-0.4171
-0.21236
0.1639
0.07083
0.38837
0.2076
0.11772
0.19117
0.16659
0.17251
0.29623
0.37477
0.43944
0.34161
0.10963
-0.042032
-0.1143
-0.22821
-0.34704
-0.40018
-0.44565
-0.43514
-0.18232
-0.13197
-0.037332
-0.035942
0.10945
0.089316
0.24139
0.27909
0.35165
0.32155
0.15477
0.13941
0.11983
0.11555
0.22312
0.24883
0.24769
0.22721
0.25576
0.35518
0.44337
0.39099
0.29754
-0.20219
-0.34512
-0.42138
-0.27683
-0.2218
-0.59076
-0.69737
-0.73783
-0.71553
-0.57431
-0.40283
-0.047941
0.16771
0.32582
0.4167
0.30956
0.17261
0.19788
0.06312
-0.0051157
0.14291
0.27758
0.13498
0.11533
-0.15739
-0.17016
-0.10078
-0.077506
0.019719
-0.076876
-0.073084
-0.075882
-0.072662
-0.049353
-0.1447
-0.26983
-0.37517
-0.24917
0.012381
0.12769
0.46857
0.41995
0.36927
0.31134
0.30945
0.29015
0.30282
0.36819
0.41585
0.34195
-0.072898
-0.17847
-0.26839
-0.44789
-0.42211
-0.4135
-0.32089
-0.308
-0.31428
-0.25472
-0.11731
-0.004771
0.03013
0.16083
0.23743
0.38108
0.28922
0.19553
0.1642
0.12073
0.087963
0.26445
0.29617
0.31089
0.29359
0.30205
0.27952
0.33847
0.42823
0.57338
0.36906
0.13849
-0.21451
-0.22569
-0.12079
-0.25213
-0.44104
-0.27659
-0.21612
-0.1772
-0.47112
-0.61194
-0.77658
-0.74731
-0.51538
-0.22958
0.081215
0.20812
0.29381
0.31821
0.28984
0.29737
0.25334
0.2241
0.1132
0.11399
0.055075
-0.00055318
0.085213
0.039224
-0.0042445
0.024657
-0.20972
-0.31991
-0.21331
-0.077692
-0.14254
-0.081954
-0.052327
-0.12416
-0.15642
-0.21937
-0.16905
-0.14306
-0.16914
-0.32239
-0.43696
-0.36148
-0.24163
0.10577
0.15701
0.42709
0.4157
0.34225
0.34618
0.41449
0.35237
0.25039
0.087396
-0.026916
-0.13271
-0.13964
-0.39085
-0.41358
-0.39999
-0.23558
-0.26253
-0.37354
-0.36021
-0.35015
-0.12704
-0.021877
-0.0066451
0.22611
0.26039
0.18726
0.22443
0.066595
-0.0036477
0.07623
0.058247
0.25133
0.26715
0.23458
0.20187
0.23598
0.25947
0.34368
0.39669
-0.011107
-0.093197
-0.17035
-0.099721
-0.32337
-0.40965
-0.14203
-0.12457
-0.39144
-0.4249
-0.64234
-0.58943
-0.48741
-0.20509
-0.082272
0.17282
0.15599
0.23563
0.23135
0.33412
0.29773
0.29914
0.30688
0.29891
0.23571
0.068387
0.048706
0.046934
-0.071836
-0.097887
-0.18131
-0.28364
-0.17471
-0.10846
-0.10974
-0.15022
-0.11011
-0.16341
-0.15066
-0.18892
-0.29874
-0.40379
-0.36341
-0.17829
0.060403
0.29423
0.4088
0.44145
0.4023
0.39608
0.33644
0.35779
0.38164
0.39391
0.40712
0.29206
0.15893
0.00067914
-0.11084
-0.17335
-0.25253
-0.49275
-0.39339
-0.34061
-0.33294
-0.34177
-0.35557
-0.31265
-0.26892
-0.086365
0.027917
0.068679
0.14517
0.18871
0.29807
0.20551
0.11123
0.24248
0.28594
0.3363
0.3304
0.38949
0.49581
0.7401
0.45466
0.22792
-0.28178
-0.11273
-0.24606
-0.31607
-0.38728
-0.26514
-0.12921
-0.26207
-0.43787
-0.66845
-0.7639
-0.64507
-0.42009
-0.26772
0.017967
0.18228
0.29427
0.28825
0.32257
0.34673
0.29602
0.22939
0.09178
0.023094
-0.045048
-0.064822
0.042009
0.10199
-0.23426
-0.27985
-0.13216
-0.1049
-0.085814
-0.14196
-0.23041
-0.14183
-0.13999
-0.15149
-0.15877
-0.25346
-0.39005
-0.5208
-0.39802
-0.13818
0.11868
0.27088
0.57017
0.45646
0.43568
0.37292
0.29025
0.334
0.40684
0.49478
0.34692
0.16796
0.030878
-0.088655
-0.12991
-0.17359
-0.39974
-0.33429
-0.43981
-0.26663
-0.2812
-0.35739
-0.37391
-0.26781
-0.12049
0.025393
0.065699
0.14796
0.2457
0.29359
0.22282
0.10153
0.24995
0.25324
0.19265
0.2223
0.2349
0.30197
0.34477
0.56538
0.63025
0.38003
-0.13962
-0.055285
-0.25814
-0.1276
-0.31602
-0.44023
-0.06987
-0.19274
-0.42435
-0.63009
-0.82017
-0.80847
-0.63477
0.26313
0.26744
0.21585
0.26471
0.17242
0.22194
0.19151
0.2061
0.20437
0.07075
0.11661
0.13271
0.0099093
-0.047129
-0.1474
-0.26634
-0.21286
-0.074751
-0.13362
-0.11169
-0.12079
-0.16489
-0.1958
-0.22086
-0.17312
-0.16058
-0.24816
-0.28482
-0.40709
-0.43118
-0.27162
-0.055001
0.15572
0.53262
0.36439
0.28337
0.41175
0.44479
0.51292
0.37124
0.18149
0.0377
-0.10296
-0.11106
-0.15346
-0.38825
-0.3016
-0.42888
-0.33696
-0.39497
-0.37649
-0.34914
-0.20029
-0.056602
-0.015725
0.16614
0.22019
0.22849
0.31426
0.20801
0.18334
0.1469
0.17465
0.21963
0.30421
0.31633
0.27061
0.25678
0.24775
0.28223
0.33599
0.47001
0.67798
0.47941
0.12908
-0.24998
-0.42229
-0.33146
-0.20763
-0.30626
-0.51154
-0.69086
-0.67077
-0.50918
-0.34836
-0.15498
0.041581
0.21621
0.23448
0.27476
0.26912
0.28451
0.26345
0.23233
0.17959
0.21499
0.11282
0.14779
0.0014344
0.06843
0.02993
-0.024694
-0.074044
-0.082749
-0.027563
-0.040206
-0.058464
-0.07896
-0.087676
-0.023332
-0.13656
-0.36759
-0.37048
-0.32852
-0.26106
-0.31398
-0.25628
-0.065004
0.226
0.24874
0.33547
0.3041
0.36651
0.36707
0.30136
0.098579
-0.03
-0.19251
-0.17845
-0.13593
-0.14761
-0.42818
-0.63176
-0.55581
-0.35074
-0.30435
-0.36904
-0.045499
0.22073
0.20786
0.093183
0.029943
0.030648
0.12925
0.23744
0.31992
0.25765
0.24756
0.10485
0.11849
0.11057
0.13266
0.2544
0.29139
0.31002
0.37155
0.44204
0.41768
0.46986
0.52341
0.40939
0.03361
-0.38955
-0.25367
-0.21542
-0.36803
-0.47805
-0.55138
-0.38623
-0.36508
-0.11491
-0.031235
0.071532
0.088998
0.14441
0.29927
0.29284
0.28383
0.33013
0.21982
0.16105
0.12477
0.11257
-0.090751
-0.14867
-0.1988
-0.21118
-0.1803
-0.24096
-0.16945
-0.16348
-0.085855
-0.064187
-0.051238
-0.11856
-0.26289
-0.17479
-0.32931
-0.50486
-0.41935
-0.1786
0.079741
0.36654
0.22222
0.15956
0.31127
0.26688
0.14121
0.14045
0.26967
0.39626
0.30808
0.16341
0.025278
-0.068498
-0.17385
-0.16965
-0.12092
-0.12064
-0.21343
-0.55994
-0.41228
-0.28736
-0.28573
-0.1989
0.25165
0.30038
0.32406
0.16852
-0.047672
0.0099151
0.28417
0.4393
0.40279
0.25232
0.19488
0.11558
0.093237
0.089278
0.12974
0.2047
0.30587
0.33164
0.32225
0.54943
0.34398
-0.11368
-0.40935
-0.38558
-0.32299
-0.10548
-0.2585
-0.379
-0.48021
-0.53515
-0.50348
-0.427
-0.27618
-0.11355
-0.0029895
0.13103
0.1069
0.11078
0.3828
0.26656
0.40646
0.27379
0.24072
0.21124
0.30259
0.41681
0.091571
-0.16186
-0.33905
-0.26896
-0.24493
-0.21662
-0.12526
-0.13411
-0.20984
-0.14953
-0.06856
-0.13414
-0.19479
-0.2445
-0.50291
-0.36207
-0.20073
0.034672
0.24672
0.4547
0.35634
-0.071473
0.11742
0.14397
0.15333
0.046616
0.14029
0.15882
0.061489
-0.036912
-0.055948
-0.11925
-0.11837
-0.092908
-0.044107
-0.021427
-0.31643
-0.34848
-0.15078
-0.14653
-0.091889
0.31458
0.51775
0.51397
0.19151
-0.15825
-0.19515
0.17614
0.49587
0.4435
0.28777
0.12871
0.0078212
0.087548
0.10972
0.17957
0.27312
0.18786
0.21636
0.16069
0.41906
0.2746
-0.30922
-0.36055
-0.37698
-0.17913
0.013001
-0.24863
-0.31369
-0.41695
-0.44846
-0.476
-0.27245
-0.15359
-0.068972
0.091051
0.089014
0.094042
0.18565
0.26001
0.36343
0.25419
0.30046
0.29315
0.42891
0.56276
0.27567
-0.14569
-0.42673
-0.30885
-0.1994
-0.1577
-0.1964
-0.17965
-0.20762
-0.20572
-0.12595
-0.10167
-0.21323
-0.28438
-0.48683
-0.50242
-0.30949
0.0012286
0.39449
0.46573
-0.042313
-0.099415
-0.039247
-0.01638
-0.063978
0.024113
-0.058187
0.14897
0.18604
-0.013296
-0.013722
-0.17065
-0.20209
-0.16881
-0.063974
0.022288
0.040458
0.071981
-0.5012
-0.15435
-0.17849
-0.13202
0.18845
0.49936
0.49989
0.36807
-0.051401
-0.18579
0.012499
0.3002
0.5198
0.41699
0.21501
0.10009
0.033684
0.04031
0.051282
-0.060712
0.10169
0.12123
0.055199
0.062025
0.065596
0.0058365
0.04595
0.22345
0.52256
-0.12965
-0.29071
-0.26769
-0.16179
0.052709
-0.14868
-0.19396
-0.1715
-0.22112
-0.11481
-0.020935
-0.0042324
0.034401
0.069622
0.087887
0.21772
0.52631
0.12517
0.24169
0.091388
0.13422
0.23572
0.56136
0.48835
0.082978
-0.35488
-0.58363
-0.29747
-0.1457
-0.052488
-0.21377
-0.25821
-0.32154
-0.2494
-0.18613
-0.2245
-0.29829
-0.3163
-0.3298
-0.2987
-0.22672
-0.36632
-0.21021
0.22923
0.10164
-0.060676
-0.19265
-0.13527
0.0076003
0.021244
-0.37389
-0.35804
-0.15313
0.037193
0.081842
0.0060696
-0.089407
-0.081705
-0.15003
0.012852
0.11891
0.50564
0.060303
-0.16524
-0.14127
0.054251
0.64806
0.47283
0.40241
0.039627
-0.37276
-0.27795
0.40578
0.21072
0.12419
0.010796
-0.1189
-0.14567
-0.15108
-0.02777
-0.021492
-0.047604
-0.018855
-0.07156
-0.1093
0.39728
0.20291
-0.25233
-0.29012
-0.21471
-0.055613
-0.014426
-0.17062
-0.10248
-0.099956
0.011677
0.083983
0.065717
0.084527
0.039418
0.07548
0.20734
0.13665
0.17233
0.2398
0.59963
0.77839
0.36632
-0.19337
-0.50205
-0.40567
-0.099739
0.021814
0.014629
-0.11275
-0.25027
-0.19246
-0.1079
-0.1309
-0.23964
-0.25456
-0.27542
-0.32607
-0.32961
-0.33837
-0.27872
0.030615
0.32079
0.23969
0.23464
-0.22453
-0.032247
-0.22074
-0.44659
-0.41107
-0.34892
-0.15279
-0.11628
-0.13219
0.023079
0.14833
-0.092665
0.53388
0.27777
-0.38091
-0.04133
0.22108
0.25906
0.88236
0.64113
0.57668
0.28486
-0.14733
-0.22132
0.1869
0.1366
0.027824
-0.047763
0.047376
-0.092632
-0.089244
0.02078
-0.12634
-0.20977
-0.18939
-0.17723
-0.24636
0.16675
0.66256
-0.017148
-0.42145
-0.4622
-0.30128
0.0085399
0.02307
-0.12432
-0.040913
0.013884
0.0012498
0.052609
0.042877
0.074457
0.083664
0.2281
-0.092032
0.075029
0.066776
0.74173
0.99235
0.74481
-0.019932
-0.46038
-0.65299
-0.14865
0.05369
0.072089
-0.065907
-0.18829
-0.22033
-0.13842
-0.092246
-0.13322
-0.16897
-0.16464
-0.1598
-0.2035
-0.25612
-0.19454
-0.082577
-0.24334
-0.43237
-0.38638
-0.2919
-0.16011
-0.61586
-0.64903
-0.44966
-0.084159
0.023808
-0.0035188
0.037097
0.087368
-0.052106
0.23306
0.53786
-0.034911
0.057049
0.21498
0.33463
0.26362
0.68374
0.44583
0.43628
0.019511
-0.22786
0.25414
0.11088
0.16449
-0.064289
0.0069786
-0.059838
-0.10785
-0.11556
-0.037309
-0.044097
-0.094709
-0.22017
-0.23142
-0.3241
-0.19422
0.17877
0.11292
-0.16211
-0.25429
-0.11162
0.00097992
0.031972
-0.072188
0.016132
0.061536
0.11699
0.10162
0.12429
0.10558
0.36646
0.043125
-0.13777
-0.063357
0.22099
0.2265
0.77484
0.89018
-0.12684
-0.60194
-0.33632
0.083517
0.1561
0.029912
-0.14675
-0.11421
-0.020675
-0.054496
-0.080014
-0.0869
-0.17799
-0.25919
-0.29416
-0.18268
-0.05591
-0.050806
0.082055
0.15521
0.27398
-0.26168
-0.22177
-0.25982
-0.31112
-0.46985
-0.42881
-0.346
-0.30837
-0.10058
-0.056673
0.077573
0.17782
0.16217
0.97923
0.31865
-0.24655
0.051939
0.21657
0.34089
0.58743
0.56689
0.1418
-0.0058857
-0.49191
-0.20851
0.20231
0.26351
0.23616
-0.0014861
0.21957
-0.033771
-0.042397
0.022567
0.048411
-0.12476
-0.085062
-0.06345
-0.041049
0.1101
0.58512
-0.0251
-0.13489
-0.11655
0.10473
0.12562
0.079829
0.16144
0.14087
0.013704
0.047456
0.052532
-0.10098
-0.0092611
-0.016824
0.048446
0.01271
0.025787
-0.27418
0.11843
0.12437
-0.040232
-0.31691
-0.092213
-0.1169
0.074851
0.24763
0.16784
0.24173
0.23409
0.26884
0.21771
0.19624
0.22004
0.2729
0.31782
0.34586
0.41765
0.28415
0.20398
0.39943
0.25702
0.37533
-0.2462
-0.53998
-0.53125
-0.076957
-0.24982
-0.13503
-0.17759
-0.29742
-0.24296
-0.14273
-0.048048
0.057882
0.20678
0.40291
0.0070855
-0.60873
-0.56331
-0.21478
-0.075156
0.020346
-0.22248
-0.45447
-0.66281
-0.56874
-0.53137
-0.48642
-0.26525
-0.082488
-0.024612
-0.095333
-0.20566
-0.16807
-0.24097
-0.17154
-0.076495
-0.088265
-0.057101
0.093101
0.056309
0.12134
0.034085
-0.092757
0.1656
0.32209
0.31021
0.46575
0.3098
0.13739
0.073614
0.014372
-0.048262
-0.060582
0.080797
-0.024769
-0.098019
0.046414
0.28467
-0.12339
-0.19637
-0.26185
-0.33934
-0.23071
-0.28164
0.10824
-0.12702
-0.30392
-0.11909
0.24819
0.016219
0.11839
0.43863
0.37945
0.36766
0.33638
0.24779
0.35714
0.44098
0.44775
0.57656
0.50531
0.39871
0.32545
0.09602
-0.41447
-0.26832
-0.0975
0.21199
0.1566
-0.013482
-0.17449
-0.23581
-0.18345
-0.21245
-0.054081
-0.16993
-0.102
-0.14312
-0.06604
-0.10006
0.68839
0.35617
-0.18009
-0.51055
-0.47011
-0.48468
-0.13724
0.0123
-0.30347
-0.57097
-0.56747
-0.62076
-0.48129
-0.19025
-0.061218
-0.10667
-0.13906
-0.26079
-0.0044902
-0.035032
-0.032965
-0.18067
-0.29506
-0.13996
-0.093181
-0.011987
-0.38069
-0.56441
0.027674
0.16567
0.35422
0.83768
0.56989
0.16873
0.13667
0.11785
-0.012115
0.038857
0.108
0.0013457
0.12518
0.093423
-0.047234
0.42333
0.1687
-0.16552
-0.045549
-0.40012
-0.35417
-0.54783
-0.14358
-0.092711
-0.081588
-0.3741
0.1612
0.27775
0.24007
0.32569
0.14337
0.27246
0.44369
0.3284
0.35896
0.33931
0.36571
0.36904
0.50414
0.55652
0.47705
0.43427
0.23651
0.44507
-0.11646
-0.33584
-0.0019869
0.17784
0.071089
-0.058142
-0.1596
-0.25728
-0.043202
-0.22475
-0.22165
-0.11836
-0.13452
0.007407
0.10822
0.32623
0.58313
-0.20482
-0.53463
-0.65909
-0.62117
-0.35431
-0.10243
-0.23068
-0.66393
-0.5918
-0.60334
-0.58716
-0.49115
-0.28926
0.051162
-0.035881
-0.1343
-0.049506
-0.066797
-0.017477
-0.067596
-0.064139
-0.03847
-0.17961
-0.10156
-0.14619
-0.079348
0.11319
0.00043221
0.26669
0.34774
0.29268
0.17651
0.092809
0.26069
0.18368
0.19981
0.14408
0.16544
0.21254
0.15212
0.32046
0.35285
-0.084184
0.12214
-0.061916
-0.32215
-0.28361
-0.2757
-0.043259
-0.13766
-0.22146
-0.17257
0.080452
0.33022
0.28487
0.14634
0.26459
0.34692
0.26442
0.29942
0.29186
0.31259
0.3483
0.40706
0.45321
0.46012
0.45557
0.44878
0.35432
-0.20373
-0.39279
-0.14535
0.07041
-0.078171
-0.0095471
0.011668
-0.19652
-0.25719
-0.21809
-0.27797
-0.1455
-0.12679
0.1506
0.13377
0.61339
-0.025828
-0.27508
-0.57613
-0.50778
-0.31867
0.065992
-0.051048
-0.3794
-0.56109
-0.69851
-0.68263
-0.5051
-0.32415
-0.016138
-0.10704
-0.26823
-0.29613
-0.33247
-0.072158
-0.15221
-0.10271
-0.023141
-0.19449
-0.12176
-0.14465
-0.10794
-0.02732
-0.12217
0.044931
0.39866
0.5681
0.80799
0.62536
0.0042486
-0.011699
-0.011594
0.37119
0.23831
0.095394
0.022625
-0.018036
-0.028351
0.41114
0.44403
0.00677
-0.026047
-0.18365
-0.22733
-0.39994
-0.32369
-0.11395
-0.1998
-0.068611
-0.13049
0.05398
0.34443
0.030289
0.086936
0.1699
0.38063
0.22603
0.24687
0.40687
0.15839
0.25469
0.33005
0.3819
0.53084
0.55445
0.60389
0.38158
0.25783
0.25717
-0.18402
0.11822
0.092449
0.026744
-0.13554
-0.12976
0.0017574
-0.22223
-0.25109
-0.20389
-0.087494
0.066819
0.2901
0.40899
0.41274
-0.25623
-0.49658
-0.70983
-0.48267
-0.19891
-0.011878
-0.1969
-0.56515
-0.64083
-0.58018
-0.59972
-0.46586
-0.29897
-0.14303
-0.058518
-0.15379
-0.080187
-0.17678
-0.054804
0.079694
-0.043741
-0.13394
-0.11143
-0.26316
-0.072169
-0.095887
-0.045685
-0.18693
-0.011851
0.39813
0.36395
0.25225
0.18773
0.11768
-0.057319
-0.095558
-0.07231
0.078342
0.10289
0.22589
0.45591
0.38005
-0.047365
0.20159
-0.068665
-0.2749
-0.4829
-0.38083
-0.21477
-0.10725
-0.19611
-0.21374
0.078234
0.22042
0.21033
0.21179
0.22412
0.26005
0.42389
0.22952
0.39926
0.37643
0.29662
0.37315
0.45665
0.41078
0.43472
0.49112
0.29421
0.2996
0.27227
0.10674
0.0047591
0.070517
0.058478
-0.073424
-0.13416
-0.10691
-0.19293
-0.27292
-0.10533
-0.093997
-0.095313
0.10391
0.13365
0.67243
0.20613
-0.89105
-0.57462
-0.38634
-0.16322
-0.049673
-0.30999
-0.66969
-0.7197
-0.65601
-0.67971
-0.23066
-0.088497
0.076125
-0.23296
-0.19942
-0.1188
-0.12153
-0.0194
0.027654
-0.11036
-0.03966
-0.1586
-0.25427
-0.080331
0.056055
-0.57306
-0.037408
0.20095
0.6101
0.64512
0.5014
0.063099
0.040277
-0.01861
0.097565
0.15666
0.097563
0.041687
0.19338
0.23446
0.51002
0.39414
-0.026361
0.21922
-0.11821
-0.25124
-0.4713
-0.48244
-0.19897
-0.050252
-0.027565
-0.02088
-0.029011
0.25002
0.13612
0.30128
0.17689
0.30523
0.4526
0.17329
0.30467
0.37063
0.29087
0.4169
0.4453
0.47019
0.5421
0.24791
-0.021374
-0.20806
0.025345
0.14936
0.014054
0.060732
0.0083623
-0.061699
-0.023766
-0.22015
-0.21963
-0.1395
-0.035542
0.055098
0.26284
0.43168
0.30907
-0.18578
-0.56884
-0.79966
-0.48172
-0.33294
-0.12879
-0.23374
-0.58759
-0.64795
-0.82182
-0.66515
-0.36506
-0.35555
-0.23831
-0.085976
-0.31721
-0.30713
-0.11403
-0.12867
-0.011708
-0.06663
-0.073384
-0.1683
-0.20465
-0.017495
-0.083658
0.0081868
-0.29724
-4.1551e-05
-0.21461
-0.20578
0.25173
0.367
0.50468
0.058629
0.11846
0.11803
0.082723
0.13081
0.23639
0.21729
0.43604
0.48281
0.012081
0.16361
-0.0081624
-0.10325
-0.36428
-0.59359
-0.33811
-0.024856
-0.14837
-0.16554
0.1212
0.32808
0.19619
-0.0071017
0.26163
0.4237
0.3338
0.32811
0.17974
0.22335
0.20558
0.32486
0.38957
0.38913
0.38441
0.31611
0.23886
0.26347
0.38187
0.00057833
-0.37559
-0.25709
0.13233
0.073959
0.077377
-0.13334
-0.076631
-0.071813
-0.17909
-0.10374
-0.027172
-0.12656
-0.0028023
0.10524
0.03587
0.43603
-0.19649
-0.32287
-0.57895
-0.45684
-0.43007
-0.030387
-0.039754
-0.22167
-0.38603
-0.52444
-0.48129
-0.47803
-0.2936
-0.47812
-0.31621
-0.41674
-0.33021
-0.2069
-0.14844
-0.23351
-0.045689
-0.064303
-0.11639
-0.24116
-0.20942
-0.082556
-0.1268
-0.12303
-0.55246
0.069559
-0.43175
0.075573
0.34562
0.51113
0.46177
0.23887
0.17744
0.18455
0.092659
0.16705
-0.012796
-0.00018037
0.00094486
-0.096303
0.19667
0.17423
0.70823
0.36337
0.089853
0.20762
-0.13818
-0.24835
-0.60649
-1.0353
-0.27922
0.053349
0.10136
-0.035706
0.18577
-0.068401
0.070833
0.11592
-0.028227
0.41578
0.31087
0.14621
0.39141
0.23863
0.19314
0.33699
0.26078
0.51009
0.5351
0.5754
0.29264
0.36099
0.29808
0.017031
-0.14975
-0.34166
0.049972
0.24971
0.046404
-0.059912
-0.084435
-0.15157
0.021831
-0.20642
-0.15668
-0.085405
-0.065755
0.066371
0.18132
0.38789
0.42525
-0.37854
-0.52178
-0.52082
-0.5081
-0.17346
-0.23725
-0.50247
-0.67693
-0.6119
-0.5932
-0.3336
-0.38923
-0.085357
-0.03204
-0.17983
-0.13047
-0.12361
-0.0074975
0.01319
-0.098095
-0.15904
-0.22993
-0.23912
-0.1092
-0.082526
0.0004281
-0.34801
-0.21229
-0.071945
0.46131
0.64779
0.51516
0.11784
0.045952
-0.20269
-0.15852
-0.045308
0.16792
0.22164
0.21561
0.30182
0.62718
0.19012
0.25514
0.02832
-0.1437
-0.6175
-0.45916
-0.46572
0.017236
0.066674
-0.040996
-0.032715
0.067002
0.2734
0.056076
0.16576
0.24518
0.28531
0.26178
0.33546
0.35245
0.35581
0.33752
0.35174
0.24132
0.28715
0.22166
0.1407
-0.041213
-0.31362
-0.062375
0.25425
-0.061529
-0.069076
0.0063205
0.069556
-0.13998
-0.12667
-0.12153
-0.063701
0.0063715
0.094701
0.089454
0.4576
-0.048502
-0.33298
-0.61041
-0.43871
-0.25362
-0.13194
-0.31917
-0.45808
-0.79673
-0.84124
-0.70602
-0.67837
-0.030457
-0.31165
-0.30416
-0.088279
-0.10724
-0.088417
-0.023137
-0.055118
-0.25357
-0.11556
0.034427
-0.11024
-0.32903
-0.030805
-0.64058
0.14316
0.478
0.37475
0.47344
0.61733
0.20664
0.00023295
0.042301
-0.070052
0.046052
0.13604
0.15348
0.18661
0.1357
0.23534
0.46681
0.56743
0.02735
0.30247
0.0093832
-0.10547
-0.27573
-0.55545
-0.47048
0.082437
0.25978
0.18202
0.12839
0.17958
0.30599
0.46349
0.30339
0.18602
0.21301
0.3522
0.37273
0.53372
0.43703
0.41341
0.19647
0.21144
0.35966
0.29372
-0.1953
-0.42137
-0.01444
0.1833
-0.012212
0.016586
0.063301
0.081597
-0.08288
-0.11778
-0.069461
-0.056369
-0.034034
-0.010849
0.091503
0.24143
0.48852
-0.33341
-0.50411
-0.58154
-0.38858
-0.25397
-0.22372
-0.33421
-0.46768
-0.5271
-0.61832
-0.50848
-0.43982
-0.36643
-0.37863
-0.26296
-0.4105
-0.097155
-0.090482
-0.18448
-0.16923
-0.17153
-0.12678
-0.083657
-0.18401
-0.40014
-0.29388
-0.65835
0.24987
0.55565
0.37968
0.43746
0.21113
0.11609
0.18471
0.13066
0.18609
0.087701
-0.027956
0.055243
0.2348
0.19935
0.10405
0.83952
0.31695
0.14753
0.13393
0.01657
-0.58666
-0.76808
-0.072699
-0.18617
-0.029182
0.089552
0.12036
0.37284
0.033916
0.42788
0.20032
0.12929
0.14584
0.20619
0.25394
0.31926
0.3986
0.41272
0.4866
0.31696
0.36413
0.39241
0.038209
-0.33532
-0.19847
0.21324
0.048722
0.10959
0.017228
-0.070705
0.0090456
-0.1297
-0.16348
-0.071513
-0.071328
-0.011196
-0.02549
0.59207
0.0015332
-0.54547
-0.75627
-0.52899
-0.39069
-0.24924
-0.063235
-0.28061
-0.57041
-0.63402
-0.64477
-0.18726
-0.22815
-0.30669
-0.041882
-0.10895
-0.071895
0.048459
-0.15444
-0.18198
-0.17895
-0.027099
-0.098765
0.16546
-0.26448
-0.31427
-0.4165
-0.093502
0.28862
0.67216
0.42376
0.30055
0.24213
0.10893
0.14067
0.008779
0.0098594
0.058516
0.11618
0.042561
0.10581
0.23177
0.50108
0.66555
0.25423
0.36757
0.10295
-0.094953
-0.59145
-0.74625
-0.60358
0.2025
-0.019186
0.17127
0.26632
0.026842
0.33288
0.19812
0.23075
0.28087
0.18403
0.24751
0.2977
0.405
0.34092
0.35599
0.23191
0.28749
0.32078
0.29861
-0.023785
-0.30582
-0.077868
0.24722
0.11368
0.099251
-0.053992
-0.079875
-0.024801
-0.041369
-0.063792
-0.03517
0.2103
0.36033
-0.38205
-0.49506
-0.41974
-0.1547
0.31846
0.54371
0.30488
-0.044605
-0.29937
-0.42369
-0.45111
-0.18361
0.0047777
0.16685
0.094634
0.20478
0.20305
0.1284
-0.030236
-0.038505
-0.0055212
0.049901
0.0053599
-0.058355
-0.11242
0.017877
-0.033569
0.48438
0.43707
0.2437
-0.49327
-0.86956
-0.22975
-0.36426
-0.086426
-0.13609
-0.018748
0.069957
0.12812
0.084722
0.18754
0.049488
0.037351
-0.043713
5.4e-05
0.09737
0.76271
0.55101
0.054126
-0.31978
-0.52107
-0.23352
0.14344
0.60493
0.30685
0.27673
0.13629
0.25445
0.27301
0.08634
0.096227
0.035378
-0.061279
-0.02449
-0.13351
-0.10122
0.018991
0.071329
0.17059
0.15938
-0.12532
-0.18966
-0.16722
-0.058229
-0.084135
-0.043746
0.13392
0.13727
0.26717
-0.1424
-0.13659
-0.13188
-0.069914
-0.068726
0.49417
0.0018988
-0.3013
-0.26482
-0.35893
0.19389
0.57988
0.46207
-0.002993
-0.39098
-0.52556
-0.30014
0.047149
0.14262
-0.029114
0.081479
-0.090694
-0.13763
-0.094693
0.047763
0.19839
0.086956
0.10707
0.0053613
-0.077087
-0.1166
0.041798
0.09169
0.27337
0.28181
0.14127
0.15227
-0.36787
-0.24966
-0.21366
-0.38883
-0.29347
-0.19473
-0.051274
0.029233
0.13926
-0.024303
0.038028
0.043725
0.037435
0.10944
0.27186
0.24481
0.3259
0.46115
0.18485
-0.1772
-0.35964
-0.27101
-0.0098913
0.14827
0.15146
0.087449
0.051626
0.07522
0.14111
-0.05491
-0.08355
-0.018355
-0.11773
-0.13355
-0.127
-0.16552
-0.17684
-0.1156
0.070994
0.18277
0.080371
-0.010143
-0.05062
0.033859
0.11878
0.074345
0.073897
0.35482
0.33269
0.29089
0.22321
0.011976
-0.0311
0.061516
0.097049
0.2213
-0.26808
-0.40542
-0.22313
-0.22477
-0.17738
0.34658
0.6877
0.47292
0.11942
-0.18111
-0.33733
-0.070535
0.233
0.33224
0.19399
0.064248
-0.079732
0.0013635
0.076315
0.10442
0.13727
0.06693
0.091298
-0.0054455
-0.017256
0.051766
0.1299
0.10164
0.16183
-0.57835
-0.43896
-0.21213
-0.35293
-0.38014
-0.25468
-0.11995
-0.28365
-0.13836
0.056253
0.19055
0.037699
-0.14028
0.055725
0.11765
0.019048
0.018104
0.12747
0.22978
0.47415
0.10175
-0.25992
-0.46291
-0.42788
-0.037328
-0.044145
-0.0023838
-0.16309
-0.19191
-0.042948
-0.03218
-0.017233
-0.11316
-0.22316
-0.23008
-0.14933
-0.078383
0.0074974
0.01592
0.15835
0.017803
0.13122
0.11787
0.14047
0.13513
0.28041
0.43782
0.50957
0.42943
0.37109
0.13673
0.060543
0.010778
0.051476
0.015359
0.15216
-0.20291
-0.32304
-0.41489
-0.33008
-0.35568
0.021964
0.38048
0.4373
0.13881
-0.063893
-0.25021
-0.076313
0.11013
0.13852
0.23161
0.14494
0.20043
0.09051
-0.0098829
0.09066
0.11121
0.19226
0.069999
0.05345
0.14427
0.20113
0.32313
0.22293
0.20552
-0.07198
-0.35886
-0.66168
-0.35908
-0.50127
-0.38466
-0.38847
-0.096089
-0.05623
-0.2413
-0.051146
0.0049238
-0.047888
-0.10297
0.11546
0.20113
0.13079
0.16869
0.13181
0.12853
0.29768
0.26264
0.016921
-0.23534
-0.56728
-0.37333
-0.050298
0.045436
-0.057177
-0.20812
-0.12098
-0.11404
-0.060414
-0.033903
-0.12924
-0.1547
-0.223
-0.24594
-0.25331
-0.059276
-0.013016
0.20425
0.1835
0.32423
0.21962
0.17955
0.18208
0.14972
0.35989
0.61367
0.60555
0.45665
0.25314
0.086542
-0.033514
-0.11291
-0.0098155
-0.088273
-0.050662
-0.3167
-0.3537
-0.28998
-0.31955
-0.25212
0.038293
0.2211
0.27676
0.10145
-0.064047
-0.02284
0.1133
0.29938
0.24119
0.1081
0.023861
0.017888
0.052874
0.10371
0.12574
0.14877
0.1423
0.11428
0.14228
0.16524
0.16742
0.16131
0.25803
0.44941
-0.0010065
-0.39336
-0.36647
-0.61321
-0.55804
-0.43893
-0.23839
-0.31325
-0.23388
-0.093717
-0.046472
8.9726e-05
0.012759
-0.0069578
0.18118
0.21726
0.31064
0.29786
0.25651
0.33499
0.37669
0.075547
-0.23773
-0.39242
-0.44312
-0.26549
-0.14786
-0.22409
-0.32739
-0.2667
-0.19418
-0.15627
-0.12063
-0.23322
-0.26409
-0.28394
-0.34531
-0.41067
-0.43336
-0.47142
-0.2258
-0.17693
0.13658
0.34434
0.38182
0.35469
0.36298
0.33371
0.33121
0.17787
0.17661
0.47052
0.72923
0.69376
0.54651
0.34095
0.080216
-0.052614
-0.10295
-0.19073
-0.17552
-0.32725
-0.3781
-0.30247
-0.19679
-0.40252
-0.008571
0.2396
0.22003
0.12826
0.10977
-0.023278
0.071322
0.23958
0.18606
0.17745
0.11218
-0.0015421
0.056304
0.085389
0.16136
0.1461
0.12748
0.16725
0.18173
0.12258
0.17155
0.23691
0.2309
0.19616
0.065471
0.20162
-0.043503
-0.071715
-0.26446
-0.37682
-0.57002
-0.62772
-0.54725
-0.52346
-0.31573
-0.16073
-0.17686
-0.026892
0.2426
0.28585
0.44798
0.42097
0.35654
0.27953
0.24421
-0.057971
-0.23134
-0.28699
-0.34629
-0.14546
-0.069483
-0.1084
-0.25457
-0.2181
-0.23769
-0.15227
-0.16445
-0.15817
-0.20569
-0.28682
-0.34772
-0.43626
-0.51033
-0.49901
-0.51359
-0.31902
-0.20999
0.26683
0.43303
0.46505
0.56034
0.45731
0.49072
0.65381
0.63606
0.50834
0.20017
-0.064584
-0.1404
-0.17348
-0.28516
-0.33044
-0.46914
-0.40876
-0.34587
-0.3457
-0.36471
-0.07317
0.12507
0.18455
0.18108
0.11836
0.066084
0.11396
0.13195
0.15513
0.10239
0.073078
0.11007
0.1216
0.10977
0.14799
0.16885
0.15222
0.18758
0.25067
0.28679
0.30855
0.37319
0.29984
0.053148
-0.23465
-0.44977
-0.43972
-0.38589
-0.4192
-0.36941
-0.28582
-0.10834
-0.093035
-0.049113
-0.0030543
0.060646
0.14353
0.36104
0.43115
0.50332
0.43244
0.37197
0.26381
-0.2119
-0.2929
-0.14814
-0.26443
-0.36959
-0.26573
-0.25433
-0.23549
-0.19449
-0.2304
-0.29315
-0.27264
-0.36353
-0.40364
-0.48544
-0.51132
-0.52935
-0.5211
-0.37163
0.091962
0.57795
0.57816
0.5756
0.49332
0.34867
0.61726
0.77413
0.7041
0.54842
0.23809
-0.041947
-0.1549
-0.28509
-0.48186
-0.4455
-0.40932
-0.28743
-0.22526
-0.36887
-0.24889
-0.098468
-0.023947
0.009291
0.115
0.1068
0.13954
0.16887
0.14437
0.13428
0.082684
0.079955
0.094841
0.14239
0.16758
0.25063
0.20903
0.1474
0.22357
0.27292
0.29004
0.36883
0.26736
0.08337
-0.054524
-0.31518
-0.35719
-0.43392
-0.47422
-0.4026
-0.41904
-0.33597
-0.21076
-0.09679
-0.00916
0.13168
0.24897
0.24655
0.36756
0.43161
0.43191
0.40169
0.44958
0.37253
0.16024
0.032134
-0.14706
-0.1323
-0.14511
-0.22564
-0.25207
-0.21442
-0.21257
-0.2324
-0.1829
-0.17785
-0.22486
-0.47396
-0.50949
-0.50454
-0.50606
-0.5512
-0.46123
0.13604
0.66094
0.46272
0.58549
0.55313
0.31964
0.27451
0.29627
0.43104
0.18898
-0.04105
-0.32236
-0.32795
-0.51576
-0.53808
-0.47545
-0.35247
-0.29502
-0.29461
-0.33562
-0.21907
0.020157
0.018899
0.11563
0.17127
0.10636
0.09995
0.13762
0.12176
0.12042
0.10163
0.1509
0.13325
0.10939
0.21939
0.21404
0.17781
0.33505
0.3629
0.39218
0.3576
-0.11414
0.096424
0.2112
-0.1456
-0.30971
-0.37727
-0.36911
-0.35553
-0.40145
-0.19433
-0.016503
0.016488
0.026282
0.16732
0.21694
0.2484
0.42837
0.50226
0.52599
0.41415
-0.11299
-0.15706
-0.13885
-0.1809
-0.24158
-0.31535
-0.19999
-0.20841
-0.23721
-0.18231
-0.2124
-0.20589
-0.16516
-0.12605
-0.23724
-0.40483
-0.45496
-0.48792
-0.43906
-0.45113
-0.41894
-0.23335
0.41463
0.53837
0.52443
0.35904
0.43647
0.49539
0.46925
0.32929
0.15647
-0.010875
-0.16714
-0.26831
-0.37173
-0.79177
-0.51599
-0.33258
-0.20618
-0.27416
-0.22824
0.0052302
0.088124
0.13536
0.22844
0.22449
0.2544
0.24814
0.23488
0.27493
0.13693
0.13798
0.10459
0.13811
0.20763
0.24469
0.2619
0.26199
0.31326
0.42102
0.55785
0.55328
0.71235
0.39863
-0.045042
-0.14948
-0.52984
-0.68106
-0.33876
-0.43399
-0.38909
-0.45863
-0.34807
-0.26256
-0.093404
0.0728
0.1602
0.30042
0.17564
0.35078
0.41832
0.33077
0.32303
0.18698
0.10654
0.010348
0.0015426
0.13749
0.092317
0.067779
-0.016503
-0.19548
-0.32188
-0.29154
-0.26276
-0.32478
-0.21677
-0.2534
-0.19219
-0.2387
-0.23257
-0.24996
-0.30181
-0.33306
-0.38495
-0.10335
0.32608
0.62977
0.43001
0.4417
0.33499
0.43004
0.49726
0.60321
0.4617
0.283
-0.025688
-0.19917
-0.25248
-0.20606
-0.60385
-0.5363
-0.43014
-0.16666
-0.080674
-0.24334
-0.38047
-0.36188
-0.20709
-0.018437
0.03675
0.2676
0.44683
0.27131
0.26029
0.14387
0.10108
-0.08536
-0.036681
0.14565
0.27838
0.1997
0.19534
0.24795
0.2672
0.37186
0.40856
0.33578
0.09387
0.033358
-0.026234
-0.30148
-0.45203
-0.32595
-0.30355
-0.39563
-0.4327
-0.55723
-0.52205
-0.26123
-0.12797
-0.059062
0.064892
0.022506
0.090004
0.17667
0.30538
0.33821
0.33909
0.28788
0.31149
0.24046
0.063506
0.045661
0.18155
-0.24795
-0.23412
-0.15232
-0.14678
-0.19745
-0.23611
-0.26632
-0.23777
-0.18514
-0.24222
-0.298
-0.40521
-0.47084
-0.49446
-0.51009
-0.27124
-0.0069218
0.35032
0.52038
0.49859
0.39059
0.31584
0.29317
0.31915
0.38359
0.35301
0.34643
0.23416
0.089582
-0.0076731
-0.105
-0.20663
-0.25537
-0.57729
-0.29567
-0.23203
-0.099866
-0.12452
-0.082735
-0.034897
-0.024791
0.12921
0.24896
0.29042
0.39442
0.40722
0.3815
0.35732
0.27958
0.32382
0.23007
0.31927
0.35558
0.31163
0.30158
0.31676
0.42623
0.45727
0.46979
-0.014831
-0.34543
-0.23354
-0.33808
-0.46609
-0.45758
-0.24057
-0.1844
-0.44024
-0.72453
-0.84862
-0.94069
-0.79496
-0.55439
-0.18216
0.013683
0.23385
0.092621
0.15458
0.18554
0.33865
0.13602
0.30166
0.17256
0.10604
-0.17551
-0.31195
-0.25456
-0.14758
-0.18447
-0.20997
-0.10762
-0.10914
-0.13691
-0.16104
-0.088019
-0.082479
-0.16306
-0.27944
-0.4058
-0.48597
-0.28928
-0.10976
0.16064
0.4948
0.55821
0.48565
0.44095
0.41263
0.37875
0.26961
0.16724
0.020171
-0.1876
-0.26348
-0.29598
-0.54269
-0.47767
-0.056234
-0.090198
-0.17048
-0.2641
-0.21154
-0.035339
-0.019768
0.081444
0.36048
0.32449
0.36856
0.54283
0.13746
0.2877
0.13334
0.0027724
0.092022
0.16215
0.29422
0.327
0.36033
0.41099
0.44611
0.36026
-0.13768
0.048509
-0.1163
-0.17323
-0.32236
-0.60435
-0.17885
-0.40297
-0.48123
-0.73837
-0.73343
-0.62649
-0.48998
-0.12214
-0.058077
0.064494
0.1016
0.17845
0.18818
0.20691
0.33871
0.1468
0.015199
0.20552
0.093236
-0.15444
-0.23967
-0.33682
-0.24101
-0.15627
-0.20767
-0.11601
-0.10999
-0.16395
-0.18462
-0.20778
-0.20665
-0.21842
-0.33589
-0.43618
-0.47249
-0.30096
-0.13421
0.057884
0.50866
0.51156
0.37146
0.307
0.2903
0.32068
0.37241
0.4713
0.4842
0.4424
0.20614
0.0073869
-0.29916
-0.49781
-0.26324
-0.32277
-0.17221
-0.21799
-0.17697
0.031266
0.050005
0.19338
0.1314
0.32233
0.22894
0.37863
0.31819
0.29844
0.23256
0.16127
0.1129
0.19326
0.23165
0.20858
0.34606
0.3999
0.45767
0.45182
0.54957
0.80337
0.47635
-0.15311
-0.16981
-0.3165
-0.22563
-0.17715
-0.51404
-0.69959
-0.85931
-0.88507
-0.76115
-0.43962
-0.28467
-0.039331
0.1096
0.2018
0.3149
0.24894
0.18748
0.18921
0.12559
0.053177
0.062756
-0.016432
0.17357
0.29366
0.14268
0.042177
-0.27271
-0.31825
-0.28118
-0.25692
-0.17838
-0.16964
-0.13032
-0.21522
-0.15151
-0.14739
-0.11627
-0.14552
-0.17883
-0.34483
-0.44146
-0.20698
-0.10253
0.20934
0.62281
0.54756
0.46996
0.41501
0.34715
0.30156
0.32464
0.3835
0.35719
0.2251
0.12
-0.00020097
-0.1165
-0.17694
-0.18734
-0.52455
-0.39235
-0.40962
-0.20544
-0.15765
-0.088815
-0.17485
-0.15434
-0.0055077
-0.0021406
0.078822
0.18299
0.28461
0.35053
0.23809
0.40293
0.3154
0.33509
0.2664
0.19627
0.39834
0.32543
0.40977
0.4174
0.544
0.5181
0.52089
0.74754
0.5133
0.20519
-0.27678
-0.2621
-0.28675
-0.20219
-0.39852
-0.42781
-0.16592
-0.080863
-0.2052
-0.48735
-0.82414
-0.97346
-0.97578
-0.70524
-0.53205
-0.36325
-0.080431
0.12117
0.26026
0.25311
0.13646
0.098225
0.15837
0.1086
0.098116
-0.013833
0.15976
0.26014
0.1494
-0.04308
-0.24745
-0.33054
-0.2459
-0.32056
-0.12898
-0.18072
-0.093609
-0.15358
-0.10403
-0.070786
-0.0018156
-0.060357
-0.34905
-0.32028
-0.14208
0.14868
0.54214
0.64109
0.54757
0.41898
0.43719
0.4064
0.44706
0.50191
0.4665
0.38295
0.26643
0.07039
-0.11638
-0.24379
-0.32379
-0.41204
-0.68955
-0.34141
-0.3516
-0.068128
-0.19873
-0.13815
-0.16676
-0.11971
-0.034791
0.076778
0.13603
0.30856
0.35661
0.37968
0.32011
0.30273
0.30381
0.27357
0.22163
0.22617
0.3027
0.40101
0.48417
0.53101
0.4964
0.53187
0.79596
0.49016
0.02678
-0.31424
-0.11416
-0.26503
-0.18614
-0.11753
-0.1296
-0.4166
-0.69892
-0.99345
-0.83365
-0.49704
-0.45005
-0.18661
0.0028504
0.12003
0.23957
0.1543
0.1436
0.14217
0.15637
0.12574
0.10959
-0.053208
0.037685
0.24294
0.21916
0.12173
-0.1598
-0.31139
-0.26187
-0.22583
-0.23829
-0.17455
-0.10597
-0.11753
-0.17175
-0.14122
-0.11763
-0.11779
-0.27706
-0.44562
-0.23268
-0.14742
0.088301
0.52416
0.55619
0.4734
0.37749
0.46902
0.49867
0.4422
0.28532
0.16907
0.0042466
-0.15678
-0.29081
-0.60844
-0.52399
-0.42444
-0.21775
-0.2176
-0.13121
-0.20908
-0.2768
-0.13751
0.052383
0.063845
0.14107
0.32934
0.32063
0.37192
0.19574
0.11533
0.06451
0.078924
0.050015
0.2601
0.29795
0.30097
0.31099
0.40099
0.3513
0.34057
-0.19167
0.029979
-0.094353
-0.35041
-0.36236
-0.17801
-0.18504
-0.38646
-0.58841
-0.8308
-0.83498
-0.74065
-0.40017
-0.18597
-0.07685
0.067052
0.15688
0.18801
0.31435
0.25938
0.29294
0.23826
0.060547
0.11811
0.20837
0.052496
-0.13298
-0.25471
-0.28938
-0.21939
-0.16875
-0.1898
-0.043761
-0.088235
-0.16959
-0.18388
-0.19633
-0.15737
-0.19863
-0.25743
-0.3444
-0.44752
-0.3949
-0.21343
0.19973
0.30131
0.46588
0.45541
0.43787
0.44116
0.35383
0.34654
0.41666
0.3283
-0.038106
-0.10699
-0.15478
-0.22529
-0.62261
-0.33819
-0.25625
-0.096602
-0.1936
-0.30582
-0.3038
-0.18886
0.011068
0.057414
0.18597
0.38752
0.28995
0.36215
0.19898
0.19937
0.11234
0.061791
0.033104
0.1925
0.25442
0.26587
0.26726
0.34735
0.40839
0.44872
0.53507
0.52011
0.409
-0.19282
-0.17157
-0.37463
-0.27836
-0.15702
-0.25568
-0.37594
-0.57745
-0.72579
-0.54677
-0.3636
-0.11567
0.0049443
0.12144
0.17031
0.29005
0.2985
0.27329
0.20114
0.25355
0.099154
-0.052127
0.15701
-0.0041301
-0.14348
-0.28672
-0.39498
-0.1558
-0.16416
-0.14512
-0.14483
-0.23187
-0.19688
-0.24187
-0.15511
-0.2219
-0.25451
-0.43252
-0.41583
-0.50389
-0.20334
0.011583
0.24841
0.54611
0.49147
0.37378
0.37583
0.38399
0.4792
0.55412
0.45216
0.32622
0.17238
0.01217
-0.073831
-0.14447
-0.41272
-0.15834
-0.22463
-0.2089
-0.25395
-0.17259
-0.033187
0.058354
0.28238
0.28407
0.31371
0.4408
0.25069
0.22109
0.289
0.075323
0.26999
0.2974
0.29879
0.31909
0.32869
0.40624
0.45029
0.57651
0.75064
0.46254
0.23454
-0.30248
-0.086356
-0.21125
-0.19497
-0.44875
-0.46854
-0.20259
-0.7858
-0.91987
-0.82907
-0.29713
-0.13098
0.007989
0.2076
0.28864
0.26304
0.18338
0.15714
0.11696
0.14307
0.15469
0.008621
0.035084
0.21292
0.18
0.1373
-0.085459
-0.23805
-0.29398
-0.23808
-0.25164
-0.19639
-0.15554
-0.10331
-0.14685
-0.15522
-0.088412
-0.42674
-0.39935
-0.21713
0.2176
0.48122
0.61595
0.52719
0.46802
0.37195
0.39011
0.48399
0.52716
0.46299
0.31546
0.19368
-0.0066582
-0.11847
-0.22407
-0.24841
-0.25882
-0.55136
-0.45365
-0.40395
-0.15826
-0.18169
-0.25109
-0.22271
-0.13841
-0.0034146
0.051567
0.12138
0.22597
0.31225
0.29479
0.24822
0.12544
0.078582
0.19386
0.29557
0.32211
0.28994
0.28142
0.36995
0.39979
0.48523
0.51852
0.77905
0.45337
0.11396
-0.15852
-0.28408
-0.40227
-0.17693
-0.33024
-0.53741
-0.7054
-0.8044
-0.75839
-0.59024
-0.2697
-0.047526
0.068557
0.091138
0.13769
0.11457
0.1429
0.18207
0.2487
0.28941
0.29721
0.089755
-0.0068486
0.11153
0.18695
0.033646
-0.052502
-0.34256
-0.29211
-0.15098
-0.14714
-0.10874
-0.13076
-0.16894
-0.21101
-0.23229
-0.20463
-0.31586
-0.42099
-0.34397
-0.10337
0.2361
0.66115
0.45493
0.42157
0.39362
0.30864
0.46752
0.52457
0.51585
0.38791
0.19037
-0.044159
-0.14417
-0.19353
-0.30687
-0.54739
-0.34025
-0.36559
-0.27529
-0.23172
-0.18263
-0.25227
-0.29082
-0.18079
-0.055867
0.010096
0.15916
0.25571
0.28845
0.41765
0.38281
0.35012
0.2554
0.18606
0.27907
0.33858
0.34223
0.41567
0.3991
0.41316
0.41813
0.51037
0.71904
0.33291
0.14749
-0.35169
-0.090826
-0.17427
-0.14224
-0.12521
-0.40508
-0.65468
-0.84466
-0.93202
-0.74591
-0.51214
-0.040255
0.086767
0.2692
0.28956
0.23327
0.065249
0.14153
0.01253
-0.12035
-0.20527
-0.17809
-0.042607
0.072111
0.33113
0.22951
0.091869
-0.048238
-0.12571
-0.11356
-0.03883
0.018105
0.028658
-0.0006356
0.019145
-0.011846
-0.17186
-0.3503
-0.28113
-0.016119
0.15988
0.23282
0.39013
0.24932
0.33947
0.36272
0.43323
0.47136
0.42801
0.21239
0.055788
-0.090901
-0.13968
-0.16957
-0.17834
-0.17615
-0.37486
-0.58995
-0.52546
-0.38167
-0.38972
-0.55747
-0.55431
-0.3573
-0.19521
0.045126
0.17099
0.13558
0.21685
0.31044
0.20298
0.16372
0.17968
0.22906
0.26733
0.34778
0.36056
0.35618
0.41326
0.42387
0.45021
0.5257
0.56761
0.59344
0.52726
0.31614
0.16419
-0.17201
-0.10861
-0.19265
-0.37778
-0.58381
-0.72226
-0.5455
-0.41646
-0.28501
-0.11022
0.044274
0.063749
0.064435
0.22481
0.26509
0.35596
0.33496
0.29694
0.18021
0.098027
-0.0046197
-0.009972
-0.078735
-0.029669
-0.082386
-0.06305
-0.15089
-0.24534
-0.16357
-0.17118
-0.11368
-0.15929
-0.15635
-0.25781
-0.32933
-0.31938
-0.30627
-0.12518
0.072217
0.23614
0.22827
0.26668
0.36067
0.25395
0.29513
0.39019
0.44811
0.26391
0.083581
0.056116
-0.037235
-0.11379
-0.1329
-0.11094
-0.077836
-0.38181
-0.48168
-0.40874
-0.31826
-0.35965
-0.36803
-0.24293
-0.05989
0.12696
0.062857
0.062506
0.17693
0.25776
0.27445
0.21104
0.15107
0.10585
0.11469
0.2424
0.23944
0.27506
0.25241
0.31729
0.49923
0.51884
0.51262
0.336
0.037117
-0.31702
-0.21942
-0.34371
-0.23875
-0.19359
-0.35718
-0.51101
-0.54276
-0.51729
-0.4211
-0.24407
-0.10139
-0.033882
0.10001
0.10955
0.046112
0.31999
0.31889
0.29121
0.33
0.16342
0.15633
0.13128
0.00070613
-0.10847
-0.15369
-0.12981
-0.22596
-0.18111
-0.10754
-0.15126
-0.099874
-0.072506
-0.039107
-0.075585
-0.13518
-0.14652
-0.18554
-0.43855
-0.53521
-0.51337
-0.25383
0.3578
0.11303
0.20515
0.072836
0.16446
0.024534
0.11461
0.1817
0.30831
0.17485
0.071717
0.023184
-0.030371
-0.074426
-0.08931
-0.060351
-0.18358
-0.25512
-0.45437
-0.32402
-0.31696
-0.25545
-0.22232
0.010088
0.15145
0.15375
0.092954
0.01067
0.071388
0.20402
0.22341
0.16262
0.15266
0.078619
0.14383
0.079892
0.0597
0.11695
0.18425
0.26707
0.26601
0.29385
0.55388
0.38562
-0.0026024
-0.16655
-0.24582
-0.1389
-0.26568
-0.44172
-0.55723
-0.56616
-0.42149
-0.22675
-0.15472
-0.047006
0.056354
0.096751
0.095154
0.054389
0.37062
0.16062
0.39949
0.40171
0.24809
0.22552
0.311
0.24662
-0.0074762
-0.3069
-0.20244
-0.19846
-0.20329
-0.15791
-0.020514
-0.068208
-0.10698
-0.09809
-0.11831
-0.11062
-0.20852
-0.14454
-0.47099
-0.54111
-0.28672
-0.2695
0.1252
0.22614
0.37891
0.41772
0.033619
-0.094076
0.0039368
0.056687
0.21992
0.25034
0.16308
0.10922
0.10853
-0.012403
-0.045587
-0.10809
0.16221
-0.18255
-0.31825
-0.12244
0.020163
-0.10325
0.041194
0.17511
0.086195
-0.046985
-0.20179
-0.13276
0.081322
-0.10476
0.10073
0.10834
0.012406
0.071008
-0.0012265
0.065843
-0.11867
-0.096408
0.038228
0.046425
0.021247
0.077439
0.23363
0.21473
0.19397
0.35989
0.29873
-0.18974
-0.17777
-0.25592
-0.33198
-0.33885
-0.32527
-0.2429
-0.097701
-0.033749
0.036313
0.07427
0.094183
0.090555
0.1425
0.29153
0.25168
0.18193
0.23516
0.1891
0.55033
0.52809
0.29906
-0.16332
-0.38613
-0.26269
-0.17929
-0.12671
-0.063622
-0.13163
-0.054687
-0.11239
-0.19466
-0.33521
-0.37531
-0.24582
-0.48828
-0.53312
-0.37993
-0.32419
-0.039966
0.16954
0.3167
0.020338
-0.10416
-0.060893
-0.23178
-0.21344
-0.1419
0.0038701
0.072758
-0.086641
-0.15522
-0.02214
-0.007357
-0.065889
-0.044526
-0.068792
-0.4756
-0.39834
-0.32378
-0.16472
0.062657
0.57437
0.37444
0.16847
-0.29031
-0.38165
-0.045814
0.12151
0.31109
0.1619
0.088622
0.046426
0.015543
0.024205
-0.046414
-0.059344
-0.094344
0.004333
0.0082434
0.058242
0.17366
0.18536
0.21902
0.16227
0.45631
0.21658
0.0080387
0.018736
-0.061831
-0.11665
-0.13273
-0.11848
-0.067635
0.010876
0.060279
0.059234
0.037774
0.12205
0.27986
0.19489
0.21508
0.066644
0.10727
0.35681
0.59202
0.39023
0.19689
-0.22899
-0.38968
-0.27053
-0.23552
-0.14351
-0.16482
-0.22033
-0.25846
-0.18102
-0.18993
-0.25028
-0.29401
-0.38406
-0.40298
-0.30496
-0.054017
0.051179
-0.036879
0.018841
0.19692
0.26387
0.37972
0.40998
0.19709
-0.1337
-0.21732
-0.51109
0.25875
0.09908
-0.10336
-0.083904
-0.14257
-0.026981
-0.17969
0.60913
-0.011834
-0.37222
-0.17765
-0.068736
-0.040844
0.34397
0.56221
0.28183
-0.038646
-0.43817
-0.44761
0.12398
0.29158
0.2571
0.26898
0.12962
0.16522
0.22495
0.047035
0.015354
-0.039493
0.071786
0.06603
0.022649
0.07956
0.090809
0.028635
0.24393
0.45759
0.052448
-0.13755
-0.1326
-0.11895
-0.1642
-0.1303
-0.12925
-0.057971
-0.058209
-0.051316
-0.037511
-0.03389
0.1901
0.17702
-0.031494
-0.13353
-0.15195
0.1831
0.52752
0.87305
0.75525
0.1221
-0.52411
-0.49456
-0.21261
-0.08709
-0.016137
0.081368
-0.14018
-0.19828
-0.21904
-0.2193
-0.23292
-0.29666
-0.30993
-0.26939
-0.13319
0.092872
-0.041786
0.11954
0.080597
0.35269
0.30957
0.14107
-0.094149
-0.76635
-0.83018
-0.47254
-0.17839
-0.019874
-0.16598
-0.1137
-0.075297
-0.031404
0.027353
0.29283
0.38993
-0.33297
-0.25159
-0.10725
0.0053966
0.58839
0.79788
0.4685
0.2971
-0.35267
-0.63304
-0.15711
0.23848
0.49641
0.33516
0.14915
0.11856
0.28378
0.16365
0.041113
-0.016345
-0.033201
-0.044314
-0.031716
-0.03319
-0.063711
0.064438
-0.075788
0.058499
0.54309
0.13334
-0.11364
-0.10744
-0.07918
-0.10518
-0.064331
-0.14245
-0.12688
-0.13739
-0.12067
-0.10476
-0.0012649
-0.046925
0.0087968
-0.00044304
-0.0071083
0.14256
0.18904
0.026686
0.033385
-0.15817
0.16427
0.49921
0.87821
0.81701
0.39586
-0.24126
-0.25607
-0.056882
0.020579
-0.033498
-0.1068
-0.14549
-0.20493
-0.26931
-0.27168
-0.28485
-0.29047
-0.24632
-0.11635
0.028552
-0.068526
0.0013598
0.21153
0.22517
0.29824
0.04099
-0.33198
-0.35932
-0.61906
-0.89222
-0.46934
-0.24857
-0.082354
-0.087119
-0.017555
-0.18358
-0.093768
0.040331
-0.1491
0.77925
0.079047
-0.34502
-0.14102
0.14789
0.24969
0.60834
0.5877
0.37567
-0.245
-0.68984
-0.41636
0.24706
0.40344
0.37565
0.19902
0.01341
0.10297
0.059267
0.14738
-0.061907
-0.045834
-0.027376
0.017637
-0.11252
-0.045603
-0.019095
-0.037892
-0.12102
-0.0045729
0.68068
0.13865
0.16625
-0.029329
-0.066625
0.011797
-0.069923
-0.083384
-0.18668
-0.10076
-0.073987
-0.037667
0.0039213
0.013153
0.055924
0.025921
-0.012544
0.14576
0.17048
-0.13851
0.036723
0.051374
0.34656
0.8032
0.76991
0.38389
-0.017765
-0.1432
-0.18495
-0.013185
0.06955
0.043457
-0.036
-0.12421
-0.099237
-0.12525
-0.18679
-0.19202
-0.27782
-0.19535
-0.14423
-0.017244
-0.094931
0.073489
0.0042008
0.022811
-0.045883
0.038477
0.068587
-0.19993
-0.3138
-0.34917
-0.43482
-0.76267
-0.91179
-0.744
-0.64305
-0.35915
-0.27516
-0.10686
-0.1403
-0.083931
-0.015413
0.065275
0.41325
0.40688
-0.018215
0.027242
0.2252
0.25384
0.47622
0.6687
0.43164
0.44402
-0.022059
-0.16715
0.16167
0.30522
0.4707
0.39522
0.2224
0.24569
0.20749
0.10988
0.098805
0.098248
0.045071
0.075276
-0.066326
-0.0769
-0.1353
-0.19264
-0.13291
0.076075
0.67485
0.089935
-0.24758
-0.26597
-0.15105
-0.065321
-0.078445
-0.13398
-0.091478
-0.055959
-0.035231
-0.0040265
-0.088639
-0.088603
-0.063826
-0.023117
0.012033
0.041722
0.046866
-0.20504
-0.20793
-0.19167
0.1384
0.55919
0.92747
0.86279
0.29942
-0.37465
-0.13631
-0.022143
-0.05013
0.065951
0.22366
0.1372
-0.14759
-0.10971
-0.11326
-0.13123
-0.19338
-0.13575
-0.060126
0.01568
0.017504
0.14584
0.091885
-0.032246
-0.098928
-0.082583
0.13462
-0.05241
-0.26467
-0.4276
-0.58969
-0.71341
-0.87345
-0.97196
-0.62132
-0.47311
-0.31324
-0.31892
-0.30831
-0.20206
-0.006183
0.065575
-0.11072
0.8819
-0.079642
0.060473
0.35951
0.49554
0.77128
0.52372
0.5441
0.17474
-0.28405
-0.2313
0.32231
0.52824
0.3856
0.20851
0.20189
0.1291
0.075843
0.058552
0.023539
-0.0079692
-0.019808
-0.056682
-0.19805
-0.21833
-0.21799
-0.22228
-0.17662
0.3585
0.1615
-0.18336
-0.20861
-0.079968
-0.11341
-0.059784
-0.13382
-0.11308
0.0038327
-0.014475
-0.073025
-0.010474
-0.025056
-0.0026963
0.0054923
-0.0029547
0.054324
0.043602
-0.21204
-0.039332
-0.067429
0.073234
0.29784
0.84695
1.0146
0.41319
-0.20516
-0.14049
0.015368
-0.0077519
0.099788
0.27364
0.19373
-0.024228
-0.056418
0.025628
-0.026856
-0.062952
-0.046436
-0.092588
-0.027732
0.012086
0.093298
0.11414
-0.061494
-0.15316
-0.097517
-0.12054
-0.0025534
-0.25816
-0.62608
-0.68946
-0.58429
-0.87911
-1.0466
-0.83433
-0.82921
-0.44132
-0.21883
-0.11054
-0.16343
-0.15366
-0.15499
-0.035955
0.8159
0.28248
-0.090152
0.10974
0.4011
0.50049
0.63558
0.58278
0.48974
0.47097
0.0086197
-0.096696
0.20444
0.39005
0.11094
0.22365
0.094509
0.03975
0.12186
-0.060598
0.12828
-0.012916
-0.0050888
-0.047134
-0.17118
-0.19258
-0.33199
-0.25152
-0.23682
-0.20384
0.78487
0.10679
-0.10364
-0.20742
-0.067486
0.092642
-0.020357
-0.11253
0.035867
0.062127
-0.018395
-0.0057096
0.040361
0.035044
-0.00091954
0.064569
0.0088555
0.013027
0.018899
-0.21561
-0.053483
0.0032848
0.1948
0.61963
0.79947
0.65227
0.31281
-0.20983
-0.20905
0.12963
0.18917
0.36813
0.31824
0.093291
0.015481
0.11179
0.13266
0.11359
0.029701
0.050081
0.043731
0.080145
0.10777
0.16279
0.090127
-0.11615
-0.18069
-0.15705
-0.18472
-0.3285
-0.55884
-0.4861
-0.60413
-0.60826
-0.84315
-0.94531
-0.84145
-0.99727
-0.59389
-0.15588
-0.12022
-0.14368
-0.14529
-0.060567
0.36352
0.72135
0.31248
0.20572
0.42826
0.54715
0.42619
0.45751
0.35215
0.21249
0.10727
-0.016094
0.15372
0.21735
0.11133
-0.0096767
-0.093815
0.0615
0.025842
4.2543e-05
-0.11532
-0.052629
-0.061567
-0.17428
-0.15095
-0.17637
-0.29233
-0.28551
-0.31061
-0.29975
0.15086
0.16501
-0.046291
-0.0098524
0.063268
0.019728
-0.033051
0.15828
0.13151
0.069875
0.035801
0.066755
0.013277
0.02619
0.0037034
0.034271
-0.039155
-0.00077675
-0.28965
-0.10589
-0.16791
0.043626
0.2748
0.7365
0.96216
0.42992
-0.053202
-0.29882
-0.1574
0.28878
0.45925
0.40163
0.17502
0.073203
0.15733
0.2214
0.20319
0.21936
0.30002
0.11222
0.093802
0.25472
0.22476
0.38159
-0.038639
-0.12545
-0.096906
-0.27345
-0.32978
-0.61775
-0.61963
-0.52388
-0.50048
-0.75607
-0.75013
-0.7537
-0.84626
-0.876
-0.5934
-0.32259
-0.12127
-0.13777
-0.042202
-0.034909
0.90146
0.38272
-0.10842
0.27057
0.42573
0.50968
0.6044
0.52756
0.34627
0.38583
-0.058427
-0.15527
0.068166
0.099453
0.14153
0.04629
-0.031821
0.14611
-0.086657
-0.11772
0.0089288
-0.12047
-0.17495
0.0027758
-0.13999
-0.22976
-0.22163
-0.30598
-0.25681
-0.13151
0.59304
0.037318
-0.111
-0.025994
0.18451
0.087136
0.025737
0.11199
0.14552
0.1335
0.14822
0.013874
-0.066915
-0.036763
-0.093854
-0.047123
-0.27462
-0.092133
-0.32249
-0.22768
-0.096111
-0.014143
0.37646
0.76621
0.7721
0.13387
-0.11367
-0.1244
-0.096759
0.39719
0.52847
0.29889
0.1098
0.019231
0.10988
0.24561
0.26114
0.31337
0.3485
0.32672
0.22486
0.25893
0.27381
0.12482
-0.096307
-0.074893
-0.35207
-0.35873
-0.65999
-0.69588
-0.65176
-0.66017
-0.6188
-0.70801
-0.78619
-0.90657
-0.79241
-0.59625
-0.31172
-0.17701
-0.066458
0.037269
-0.081498
0.50099
0.60535
0.11127
0.16978
0.42202
0.57923
0.50382
0.41806
0.37774
0.26683
0.19585
0.071174
0.095464
0.10276
0.0042684
-0.13057
-0.093893
-0.084198
-0.0683
-0.077382
-0.13012
-0.1449
-0.20231
-0.1623
-0.13532
-0.20228
-0.26522
-0.33646
-0.43185
-0.41016
0.13375
0.1174
-0.356
-0.30314
0.10532
0.34558
0.26415
0.17666
0.27731
0.37915
0.43356
0.33219
0.2435
0.17249
0.10173
0.090411
0.14327
0.15226
0.15283
0.12226
0.068486
-0.0092798
-0.042204
-0.048056
-0.070134
-0.10609
-0.12019
-0.17024
-0.1986
-0.2245
-0.22923
-0.23679
-0.21745
-0.1855
-0.14751
-0.12309
-0.075735
-0.010222
0.070647
0.10579
0.12271
0.1183
0.11102
0.1088
0.11228
0.075611
0.069544
0.060052
0.049576
0.066633
0.075826
0.051135
0.037688
0.0072487
-0.0032989
-0.028342
-0.048077
-0.064332
-0.071132
-0.073719
-0.078873
-0.053585
-0.055034
-0.026933
-0.0044026
0.021318
0.025846
0.044134
0.041487
0.051795
0.046145
0.040788
0.030355
0.038452
0.027644
0.01725
0.021955
0.010741
0.0065327
0.0022994
-0.0068829
-0.0022379
-0.0094799
-0.030911
-0.033136
-0.036763
-0.049928
-0.029017
-0.026271
-0.0080853
0.00068498
-0.0061956
5.1942e-05
0.014604
0.02427
0.038386
0.0096052
-0.0069722
-0.0096207
-0.0096267
0.0059234
0.0038818
-0.01468
0.0042548
-0.022137
-0.012811
-0.010084
-0.039206
-0.055007
-0.043476
-0.066559
-0.049553
-0.044441
-0.047144
-0.020558
-0.020128
-0.012505
-0.0075771
0.0036263
0.013023
0.019103
0.045943
0.036151
0.03525
0.02767
0.02294
0.031261
0.022436
0.030092
0.017038
-0.0013014
-0.0060745
-0.020321
-0.02011
-0.01256
-0.016356
-0.022166
-0.013103
-0.02316
-0.016864
-0.0044986
-0.0062127
-0.0177
-0.0011559
0.027534
0.057069
0.060822
0.027732
0.016139
0.02592
0.038395
0.058768
0.056263
0.041858
0.041709
0.014654
0.015479
0.025103
0.026875
0.035965
0.048054
0.015618
0.0049098
-0.012075
-0.026129
-0.027926
-0.032815
-0.032694
-0.027546
-0.027697
-0.021567
-0.0073589
-0.01684
-0.0036371
0.0012608
-0.0065436
-0.0076431
-0.013246
0.0057496
0.0053437
0.0037807
0.0056467
0.011991
0.022988
0.012784
0.024578
0.011266
0.0054961
0.0084528
-0.014847
-0.020357
-0.023833
-0.017769
-0.021209
-0.04281
-0.041478
-0.041154
-0.040977
-0.029186
-0.025377
-0.031424
-0.025209
-0.028975
-0.023486
-0.027185
-0.020926
-0.013879
-0.00042879
-0.0013566
0.0075984
0.0091487
0.013826
0.011902
0.019316
0.025359
0.023482
0.02324
0.029575
0.013224
0.011884
0.0015034
0.0017714
-0.0035213
-0.0067853
-0.013482
-0.011398
-0.018356
-0.014568
-0.021424
-0.023179
-0.01615
-0.012157
-0.0072499
-0.0020643
-0.0016584
0.0023164
0.0092297
0.016791
0.020876
0.024349
0.030031
0.028236
0.031705
0.030214
0.02642
0.024258
0.035207
0.023573
0.022645
0.023285
0.010857
0.014591
0.010383
0.001109
-0.0061708
-0.015883
-0.01498
-0.015917
-0.030741
-0.021257
-0.021161
-0.020627
-0.011254
-0.014566
-0.0032097
-0.0030202
0.0020064
0.0089473
0.010158
0.0092639
0.0086476
0.012668
0.017403
0.015802
0.0060716
0.0067634
0.0019046
0.00043562
0.0020024
-0.0077766
-0.0072818
-0.0067396
-0.0058358
0.0015367
-0.0051979
-0.015301
-0.0081516
-0.021728
-0.0067068
-0.013336
-0.0068859
-0.015184
-0.010661
-0.018677
-0.016413
-0.015999
-0.01298
-0.0093502
-0.0095252
-0.0082278
-0.0028044
-0.0056673
-0.0023642
0.0008071
0.0051448
0.010766
0.0096531
0.012792
0.0085845
0.01237
0.013697
0.0083429
0.008852
0.0070664
0.0027906
0.0015625
-0.0036527
-0.0095835
-0.0091478
-0.013436
-0.011964
-0.0047225
-0.0086855
-0.0040428
-0.0024108
-0.0010234
0.0012927
-0.0015055
0.0083933
0.0042402
0.016855
0.013187
0.0016552
0.010342
0.016244
9.7098e-05
0.013574
0.0092828
0.03042
-0.0052961
-0.0044848
0.0094553
-0.0063651
-0.0051023
-0.0069716
-0.0049541
-0.006254
0.0023458
0.0030224
-0.0076601
0.0016357
-0.0064079
-0.0056185
-0.0017866
0.0034007
0.00034678
0.0052053
0.018443
0.010699
0.0063639
0.0096965
-0.0033138
0.0052882
0.0031059
0.0024291
0.0028483
0.0085412
0.010978
-0.0013743
0.00025178
-0.0013229
0.00051206
0.0047062
0.0019123
0.0084803
0.0010358
-0.0036237
-0.0047089
-0.011906
-0.011325
-0.00633
-0.0053901
-0.00016039
0.00242
-0.0023862
-0.0026497
-0.0089444
-0.0068684
0.0034176
-0.0022237
-0.0027432
-0.00074556
-0.00042635
0.0039465
-2.8408e-05
-0.0031459
0.0014653
0.0027605
0.0008769
0.0035003
0.00072843
-0.0011023
0.0090932
0.0051457
0.0066463
7.2992e-05
-0.00038035
0.0042673
-0.0064379
0.001698
-0.0016984
-0.001025
0.0040769
0.0022566
-0.00083506
-0.00090219
0.00061904
0.0069038
0.0029346
-0.0047627
-0.0034039
-0.0030571
-0.00057892
-0.0029945
-0.0056399
0.00014443
0.0014273
0.0027512
-0.0038199
-0.0024308
0.0040934
4.5042e-05
0.0089178
-0.00095143
-0.0041547
0.0045149
0.0032816
-0.0009763
0.0013548
0.010066
0.0027176
0.0035432
0.0033604
-0.00078629
-0.00028378
-0.0019972
-0.0022217
-0.0053057
-0.0033734
-0.0035274
-0.0050043
-0.0059817
-0.0010574
-0.007869
-0.0091169
-0.0031044
-0.0064988
-0.0044975
-0.0026966
-0.0042938
-0.0020014
-0.0021701
-0.0023268
-0.0013894
0.00072174
-0.00033442
-0.0026335
0.0028715
0.0029306
0.01208
0.005145
0.0083438
0.0041765
0.0063748
-0.0030392
0.0042384
-0.00071323
-0.00011409
-0.0025238
-0.00096394
-0.0078675
-0.0010327
-0.011217
-0.0046864
-0.0087121
-0.0056358
-0.0055465
-0.0061032
4.1864e-05
-0.0012387
-0.0025921
-0.0070288
-0.000343
0.0046202
0.0034262
0.0093594
0.0051588
0.0024644
0.004486
0.0014224
0.0037066
-0.0021634
0.0046799
0.0042762
0.0072041
0.001223
0.002302
0.0012256
-0.0019535
-0.0063052
-0.0028664
-0.0035197
0.0024331
-0.0033154
-0.0024397
0.00045986
-0.004324
-0.0010357
0.0018944
0.0059608
0.0084053
0.004266
0.0056096
0.0038411
0.0086479
0.0012521
0.015852
0.001209
0.00261
0.010236
0.0040856
0.012009
0.0036705
0.0026588
0.0031318
0.0044531
0.0033574
0.00090574
0.0029971
-0.0028287
0.0014737
-0.0027527
-0.00050629
-0.0013558
-0.0070482
-0.0089863
-0.0011852
-0.0077094
-0.002159
0.00063349
-0.008438
-0.0050991
0.00021851
-0.0042041
-0.00077893
-0.0037508
-0.011494
-0.00026488
0.0010016
-0.0018155
-0.0026733
0.0022745
0.0046211
-0.0016201
0.0061073
0.0026089
0.0003048
0.0065208
0.0020155
-0.0026724
0.0017556
-0.00087931
-2.2839e-06
-0.0016921
-0.0018922
-0.0027167
-0.0020957
-0.0037082
-0.00011842
-0.0025991
0.0053223
0.0030659
0.0054439
0.00033061
-0.0030593
-0.0050334
