0.0094078
0.0069093
0.0021818
0.004089
0.0045419
-0.00030288
-0.0057875
-0.0049682
-0.0050389
-0.0037636
-0.0070111
-0.0071984
-0.0026903
-0.0061173
-0.0057253
-0.0040034
-0.00132
0.001332
0.0059434
0.0060617
0.003536
0.0088863
0.0044209
0.0096883
0.0082943
0.0091411
0.0049552
0.002187
-0.0014584
0.0047479
0.0013743
-0.0019118
-0.0030173
0.00087123
-0.0033196
-0.0020279
-0.0039343
-0.0069553
-0.010604
-0.0074232
-0.0037349
-0.0048593
-0.0013569
-0.006926
0.0002151
-0.0030477
-0.0022429
-0.00015534
-0.0019878
0.00085871
-0.0023165
-0.0015481
-0.0063368
-0.0043406
0.0007024
0.0028393
0.0034144
0.00062057
-0.0013589
0.0013429
-0.00052892
-0.0014838
-0.0061265
-0.007596
-0.00034775
-0.002197
-0.0024231
0.0051608
-0.0045546
0.0037982
0.00010056
0.001006
0.0022265
-0.00086191
-0.0010616
-0.0042069
-0.00087329
-0.0028758
-0.0015168
0.0037983
0.0038707
-0.0027573
0.00096306
0.0035919
0.0022235
-0.0020456
-0.0019584
-0.00038847
-0.0005242
-0.0034372
0.0036297
-0.0014486
0.00016145
0.0033182
0.0049776
-0.0019325
0.0076825
0.0075816
0.0063819
0.0063087
0.00050224
-0.00011273
-0.00058616
0.00079136
6.9012e-05
-0.0020082
-0.0059589
-0.0068588
-0.0037182
-0.0053709
-0.0076877
-0.0061824
0.0034032
0.00064436
0.003483
0.0086308
0.0029378
0.0066299
0.006885
0.0078637
0.0055018
0.0075074
-0.0015103
-0.00072939
-0.0031734
-0.0040835
-0.0062552
-0.0023933
-0.0042601
-0.005494
-0.0049595
-0.0029575
-0.0091949
-0.0012107
-0.0038271
-0.013239
-0.0023538
-0.001361
-0.0035639
-0.0030224
-0.0046933
-0.00091286
0.0019852
-0.00022156
-0.0047982
-0.0034976
-0.0019965
-0.0020371
-0.0055211
-0.0020727
-0.0055658
-0.0015572
-0.00197
-0.0028394
-0.0035308
-0.0071943
-0.0056026
-0.0075544
-0.0060252
-0.0026936
-0.0035889
0.0035179
-0.0018479
0.0039521
0.0018524
0.0034884
0.0026876
0.0023546
0.0045056
0.0015313
0.0050484
0.0011456
0.0053066
-0.0023181
0.0043463
0.0011786
-0.0036595
-0.0024625
-0.011726
-0.0078934
-0.0030733
-0.002144
0.001138
0.0033559
0.00057999
0.0053074
-0.0011101
0.010853
0.0047124
0.0029208
-0.00045897
-0.0042091
0.00082725
-0.0022717
0.00031055
-0.0036402
0.00090696
-0.0020796
-0.001933
-0.0035519
-0.007184
-0.0029761
-0.0026767
-0.0046643
-0.00020557
-0.0012398
-0.0016248
0.0027945
0.00091466
0.0050353
-0.0033831
0.0034565
0.0019533
0.00063722
0.00088346
0.0028151
0.0013259
-0.0025817
-0.001624
-0.0016643
-0.0037406
-0.0038555
-0.0056317
-0.0014156
-0.0079652
-0.0043661
-0.0026798
-0.0093992
-0.0036727
-0.0038882
-0.0046695
-0.0025394
0.0011819
0.00069949
-0.0032489
0.0047464
-0.0055409
0.0042916
0.00012077
0.0023927
-0.0017843
0.0047138
-0.0016091
-0.00206
-0.00017824
-0.0019383
-0.0020117
0.0011215
-0.0030202
-0.0010418
8.0135e-05
-0.0060093
-0.0022808
0.0012748
-0.0021961
0.00014437
0.0052548
-0.00021112
6.4155e-05
0.0046126
0.0046852
0.0023122
0.0049391
0.004451
0.0038578
0.005847
0.0093365
0.0027529
-0.001077
0.0011274
0.0018395
0.00063995
0.0017886
-0.0021237
0.0008785
-0.0044069
0.00010828
-0.0017632
-0.0053059
-0.0016711
-0.0042368
-0.0021338
-0.0054696
-0.0079456
-0.0024903
0.00082768
0.00063093
0.0028338
0.0063777
0.012637
0.02223
0.021566
0.021889
0.03179
0.05116
0.033539
0.030946
0.034123
0.023309
0.0065942
-0.010313
0.0082077
-0.044366
-0.00018622
-0.077217
-0.013747
-0.018438
0.011718
0.047761
0.104
0.10376
0.095398
0.087471
0.049284
0.0029754
-0.038868
-0.035537
0.17739
0.067539
0.17483
0.010629
-0.14443
-0.18057
0.039837
0.079644
-0.03853
-0.29829
-0.33579
-0.15406
-0.17423
-0.11293
0.039605
-0.14185
-0.13333
-0.13576
-0.26138
-0.23573
-0.13935
-0.11391
-0.079828
-0.13234
-0.47688
-0.79655
-0.49766
-0.32413
-0.16242
-0.034283
-0.013872
-0.10768
-0.16674
-0.032551
0.060358
0.10391
0.17713
0.12405
0.18667
0.108
0.070694
-0.11974
-0.62475
0.26269
0.5406
0.63941
0.42954
0.45843
0.21357
0.35748
0.6408
0.74618
0.71224
0.78896
0.67251
0.4677
0.37513
0.50092
0.27029
0.2965
0.21953
0.26728
0.18356
0.27585
0.34429
0.46733
0.47722
0.40915
0.46686
0.046389
0.064296
-0.75077
-0.60619
-0.81146
-0.67171
-0.46146
-0.25333
-0.63158
-0.65074
-0.79255
-0.67959
-0.78547
-0.75384
-0.40406
-0.34023
-0.25081
-0.37855
-0.28606
-0.29028
-0.16025
0.058272
0.46185
0.56178
0.049579
-0.031376
0.086567
-0.082311
-0.26409
-0.46047
-0.23006
-0.2975
-0.22277
-0.16675
-0.19546
-0.19254
-0.20375
-0.11664
-0.16149
-0.058987
-0.073415
0.052671
-0.45226
-0.29632
-0.45426
0.1904
0.1162
-0.037551
-0.15092
-0.085575
-0.086278
0.14817
0.14626
0.030073
-0.10743
-0.092477
-0.17005
-0.19888
-0.21739
-0.0039067
-0.41956
-0.20204
0.15223
0.60414
0.57387
0.63848
0.46609
0.52418
0.29669
0.48625
0.15507
0.3313
0.25258
0.35375
0.53706
0.63395
0.34423
0.40146
0.38113
0.32602
0.24901
0.24726
0.39123
0.41771
0.38062
0.41784
-0.41358
-0.062578
-0.17082
-0.27108
-0.47456
-0.6106
-0.49655
-0.402
-0.48388
-0.45008
-0.43683
-0.23084
-0.24131
-0.44968
-0.46658
-0.013927
-0.12504
-0.14339
0.34337
0.70152
0.11307
0.31747
0.10155
-0.20879
-0.13661
-0.25932
-0.4398
-0.29985
-0.14271
-0.083408
-0.17128
-0.3046
-0.36037
-0.38985
-0.483
-0.23677
-0.22369
-0.28562
-0.25618
-0.33625
0.3707
0.2078
0.087458
0.047525
-0.028912
0.081366
0.17813
0.24412
0.07791
0.015388
-0.18064
-0.21527
-0.18898
-0.44906
0.1128
0.27095
0.6138
0.49744
0.32628
0.13312
0.45382
0.28889
0.32596
0.45611
0.4638
0.52352
0.52661
0.39745
0.49853
0.22566
0.089591
0.011535
0.14671
0.13734
0.094161
0.13371
0.19885
0.18545
0.19822
0.36945
0.13137
-0.12619
-0.41565
0.26366
-0.087299
-0.1226
-0.42999
-0.78289
-0.34753
-0.38008
-0.19903
-0.2564
-0.32989
-0.22508
-0.24914
-0.050765
-0.20084
-0.25833
-0.14577
-0.71286
-0.095652
0.0069696
-0.010679
0.062111
0.19861
0.45569
0.36199
0.34511
0.18373
0.27562
0.14299
-0.0093775
-0.13122
-0.26585
-0.25467
0.0051101
-0.16972
-0.41065
-0.14068
-0.15354
-0.13404
-0.15552
-0.23586
-0.28745
-0.22889
-0.33221
-0.20101
-0.29459
-0.17751
-0.35031
-0.017484
0.16241
-0.052703
-0.01054
0.17689
0.16895
0.077006
-0.099551
-0.15067
-0.17124
-0.23001
-0.13161
-0.42021
-0.07651
0.2309
0.45469
0.33976
0.43407
0.18474
0.1879
0.30707
0.39514
0.39098
0.51959
0.54817
0.276
0.32964
0.31284
0.18127
0.21593
-0.065117
0.11476
0.036825
-0.11097
0.083622
0.020139
0.094095
0.025866
-0.0048634
-0.17368
0.29645
-0.016282
-0.069533
-0.30027
-0.66662
-0.27789
-0.22247
-0.14627
-0.13766
-0.25558
-0.16001
-0.13718
-0.022903
-0.029306
-0.11278
-0.18686
-0.42717
-0.32377
0.049772
-0.10437
0.086958
0.06627
0.45048
0.45161
0.42243
0.077082
0.40679
0.20957
-0.0010921
-0.14892
-0.11968
-0.16054
-0.2387
-0.1845
-0.23487
-0.27247
-0.13043
-0.33753
-0.25277
-0.30622
-0.28166
-0.26081
-0.15813
-0.14787
0.23573
0.26846
0.10114
-0.034294
-0.024887
0.078399
0.15905
0.17129
0.13326
0.10415
-0.12323
-0.25129
-0.25231
-0.32998
-0.22567
-0.30509
-0.33463
0.081821
0.32541
0.38166
0.33419
0.4756
0.27108
0.26521
0.45022
0.40394
0.43958
0.28141
0.41674
0.41308
0.37736
-0.018466
0.05842
0.022429
0.18587
0.14448
0.0099695
-0.010451
0.064087
-0.30172
0.031079
-0.15373
0.15202
0.033621
-0.063954
-0.24111
-0.18435
-0.33427
-0.24556
-0.15117
-0.24154
-0.2113
-0.12387
-0.13863
-0.048127
-0.16696
-0.16007
-0.17676
-0.59663
-0.073857
-0.022575
-0.12764
0.16565
0.2769
0.42498
0.29729
0.29716
0.20194
0.37306
-0.096766
-0.13784
-0.30368
-0.34383
-0.35406
-0.21177
-0.034504
-0.060007
-0.10959
-0.1701
-0.26486
-0.27329
-0.28176
-0.23236
-0.26592
-0.15809
-0.31045
0.057238
0.2948
0.12532
0.060478
-0.034902
0.12651
0.10312
0.080079
0.02174
0.065751
-0.098361
-0.085636
-0.1215
-0.076886
-0.084215
-0.53322
0.138
0.13231
0.72301
0.34694
0.49124
0.23856
0.15915
0.2993
0.32846
0.38328
0.27269
0.50126
0.48611
0.33744
-0.028235
0.058071
-0.025778
-0.056706
0.09489
0.1465
0.10715
0.033457
-0.080915
-0.14444
-0.25311
-0.012717
0.2904
-0.039043
-0.030262
-0.26997
-0.53451
-0.21047
-0.47246
-0.20466
-0.15815
-0.33674
-0.1077
-0.18781
-0.2299
-0.40158
-0.40896
0.0062375
-0.044262
0.054652
0.19667
0.4026
0.43994
0.47461
0.18967
0.27459
0.46184
0.032365
-0.15156
-0.18599
-0.20718
-0.057771
-0.41303
-0.38734
-0.22319
-0.1646
-0.022323
-0.14951
-0.18232
-0.3494
-0.28144
-0.20077
-0.18549
-0.23703
-0.25523
-0.22108
-0.066708
0.33838
-0.055068
0.14169
0.17716
0.21651
0.11767
0.038551
-0.11729
-0.25299
-0.35705
-0.21007
-0.25507
-0.28043
0.2791
0.18555
0.55598
0.35024
0.37437
0.27504
0.23532
0.2937
0.33861
0.43554
0.52494
0.52871
0.52853
0.42018
0.26981
0.11531
0.017467
-0.020635
0.10074
0.16266
0.16266
0.25321
0.26012
0.25206
0.18729
0.13569
0.16175
-0.20824
-0.10824
0.052117
-0.43837
-0.47838
-0.18524
-0.0077051
0.047721
-0.0056902
-0.070564
-0.034669
-0.11109
-0.11167
-0.10082
-0.099022
0.013602
-0.35126
0.099059
-0.14237
-0.15505
-0.057738
-0.078399
-0.37949
-0.50445
-0.35512
0.024254
0.4474
0.71606
0.329
-0.094524
-0.045719
0.18161
0.12634
0.029904
0.12094
0.04946
0.054524
0.18359
0.17381
0.21919
0.13496
-0.040428
0.075523
-0.29402
-0.52965
-0.38515
0.11712
0.29589
0.27606
0.39533
0.22486
0.042813
0.075488
0.12389
0.047598
0.026413
0.055869
-0.064065
-0.72258
-0.38995
-0.057472
-0.064599
-0.2472
-0.49458
-0.59727
-0.59748
-0.46015
-0.15414
0.19817
0.3116
-0.031015
-0.50877
-0.40638
-0.15859
-0.18622
0.056203
0.017522
0.1389
0.111
-0.00096001
0.073901
0.089824
0.06823
0.090454
0.24931
0.16481
-0.28485
-0.48495
-0.50064
-0.24831
-0.27915
-0.13586
0.26823
0.21064
0.16088
0.11444
0.1679
0.2338
0.1973
0.16021
0.14901
0.28601
0.0958
0.29084
0.26599
-0.0071872
0.04095
-0.46514
-0.6478
-0.43124
-0.0033707
0.21746
0.32044
0.047122
-0.24598
-0.1002
-0.037389
-0.032084
0.0070884
0.012295
0.017757
0.0087433
0.086446
-0.11395
-0.048604
0.040881
0.0038421
-0.17766
-0.27068
-0.44277
0.039301
0.47914
0.29032
0.23826
0.34105
0.39572
0.45752
0.43022
0.40758
0.32389
0.22308
0.088715
0.014059
-0.093485
-0.15418
-0.58648
-0.81868
-0.22218
-0.17688
-0.23542
-0.47639
-0.74121
-0.87262
-0.46006
-0.16922
0.16545
0.41892
0.23487
-0.23986
-0.51585
-0.37713
0.069854
0.10401
0.11104
0.048497
0.049806
0.087739
0.1071
0.32368
0.30804
0.2528
-0.20275
-0.27793
-0.081094
0.48201
0.31995
-0.023274
-0.35773
-0.035678
0.20837
0.18516
-0.087804
-0.071784
-0.01599
0.15243
0.15001
0.19783
0.13312
0.12957
0.13961
0.070506
0.17914
0.12311
0.16724
0.029143
-0.12898
-0.53993
-0.74318
-0.27239
0.088859
0.30344
0.28664
-0.083361
-0.16263
-0.20198
-0.025285
0.043699
0.05918
0.01144
0.0024645
-0.019335
-0.0061058
0.043203
-0.19868
-0.15862
-0.15368
-0.51016
0.078144
0.19983
0.69915
0.40875
0.54099
0.36522
0.57257
0.57843
0.51592
0.35571
0.1843
0.099305
-0.033103
-0.030187
-0.056715
-0.12572
-0.69686
-0.54767
-0.45455
-0.25912
-0.56633
-0.62582
-0.79405
-0.58733
-0.24075
0.04728
0.35869
0.32681
-0.13662
-0.39543
-0.33912
0.0067547
0.13265
0.0028547
0.081555
0.14508
0.19198
0.3098
0.4016
0.33812
0.26222
0.0039468
-0.38053
0.26719
0.25966
0.15576
-0.18507
-0.14407
0.21195
0.018247
-0.14856
-0.18226
-0.097967
-0.063909
0.024583
0.14519
0.17464
0.16086
0.09189
0.28582
0.29987
0.25042
0.31067
0.14578
-0.028174
-0.45248
-0.67613
-0.41231
-0.044695
0.20202
0.11818
-0.096441
-0.21968
-0.25667
-0.11717
-0.042912
-0.017892
-0.017788
-0.024728
-0.035253
-0.13394
-0.17254
-0.16274
-0.18607
-0.14158
-0.39946
0.087133
0.45703
0.70225
0.54428
0.46031
0.53165
0.5826
0.54007
0.70084
0.57113
0.47246
0.30213
0.063885
-0.037455
-0.034298
-0.0323
-0.12167
-0.55615
-0.83089
-0.32113
-0.37265
-0.37789
-0.58787
-0.7027
-0.5223
-0.33521
-0.084789
0.12197
0.19719
0.067594
-0.12249
-0.26119
-0.11374
0.12164
0.13487
0.075486
-0.049356
-0.033895
0.099634
0.045112
0.11147
0.21093
0.2369
0.2331
0.29713
0.30101
-0.034837
-0.19677
-0.1564
0.1744
0.14931
0.028519
-0.1138
0.10791
0.071807
-0.099314
-0.026371
0.021688
0.053377
0.13849
0.12037
0.082306
0.13656
0.084926
0.068163
0.41866
0.16251
0.23316
0.017539
-0.175
-0.44629
-0.39131
-0.22046
-0.033345
0.12585
-0.032484
-0.29015
-0.35401
-0.23602
-0.13133
-0.1067
-0.1054
-0.14952
-0.1692
-0.24813
-0.2922
-0.3049
-0.23247
-0.28834
-0.23165
-0.23734
0.16942
0.53001
0.70823
0.69472
0.69321
0.5097
0.41476
0.59074
0.6174
0.76195
0.74714
0.62378
0.36042
0.13814
-0.0072066
-0.10704
-0.22335
-0.44538
-0.75679
-0.71694
-0.38513
-0.28986
-0.65641
-0.61519
-0.35791
-0.061264
0.014037
0.17792
0.27348
-0.078451
0.046216
0.091496
0.059592
0.0055831
-0.01248
0.049683
0.065002
0.14988
0.19606
0.25
0.25542
0.18466
-0.0089875
-0.38363
-0.017542
0.037829
0.068356
-0.15231
-0.021148
0.078984
-0.064288
-0.12882
0.14753
0.13319
0.088763
0.065662
0.044417
0.27855
0.39685
0.40664
0.13904
-0.031822
-0.37456
-0.39544
-0.28807
-0.12045
-0.0084644
-0.067079
-0.20625
-0.30343
-0.34767
-0.25773
-0.1438
-0.13211
-0.17584
-0.21292
-0.26645
-0.304
-0.32649
-0.29325
-0.22492
-0.27999
-0.26306
-0.12554
-0.1323
0.20178
0.52197
0.50919
0.33285
0.39248
0.45198
0.61525
0.77948
0.65122
0.42109
0.20632
-0.076578
-0.18873
-0.12341
-0.65116
-0.63965
-0.38889
-0.39586
-0.47179
-0.67928
-0.55558
-0.27636
-0.078522
-0.049759
0.035496
0.10838
0.098285
0.098164
0.056079
0.026907
-0.0047276
0.052199
0.088572
0.083252
0.13853
0.21898
0.20475
0.21583
0.31312
0.063692
-0.1701
-0.25099
0.0016476
0.1492
-0.022589
-0.048281
0.076155
0.012892
-0.13314
0.045639
0.098514
0.10205
0.13422
0.11509
0.22688
0.37969
0.47231
0.22304
0.10223
-0.13205
-0.18017
-0.14628
-0.087647
-0.12837
-0.12469
-0.23751
-0.28656
-0.39238
-0.36004
-0.23019
-0.20857
-0.2196
-0.21001
-0.27548
-0.33431
-0.37294
-0.34659
-0.27943
-0.40326
-0.39576
-0.26984
0.44188
0.62624
0.42742
0.5253
0.38683
0.45074
0.57481
0.66001
0.5427
0.34664
0.15755
0.029129
-0.068795
-0.19558
-0.40908
-0.60111
-0.46722
-0.27685
-0.40383
-0.41906
-0.45747
-0.18347
-0.10673
-0.11367
-0.10188
-0.086507
0.15812
0.10029
0.081893
0.049923
0.083016
0.011155
-0.0070646
0.055405
0.059442
0.05948
0.11615
0.14881
0.21005
0.23726
0.2066
0.098314
-0.25894
-0.12429
-0.05221
-0.067914
-0.08978
0.027174
0.077841
0.028618
-0.042767
0.1695
0.17982
0.17862
0.19928
0.37101
0.45586
0.39128
0.23955
0.080199
0.049065
-0.072317
-0.16352
-0.17747
-0.18726
-0.2555
-0.28773
-0.30338
-0.38002
-0.35681
-0.25221
-0.25174
-0.21645
-0.2477
-0.32341
-0.4089
-0.39695
-0.42527
-0.37586
-0.44781
-0.45065
-0.16784
-0.078764
0.15683
0.45764
0.37663
0.32223
0.19025
0.24132
0.41198
0.63849
0.72342
0.39751
0.18298
-0.015563
-0.10048
-0.12913
-0.33268
-0.5242
-0.36265
-0.22496
-0.25779
-0.42668
-0.36217
-0.11259
0.091669
0.051529
-0.055914
-0.10526
0.02975
0.06176
0.038079
0.11478
0.071446
0.047501
0.038963
0.079191
0.17287
0.15051
0.1634
0.13553
0.16293
0.14357
0.021988
-0.3209
-0.18419
-0.11781
-0.087582
-0.11798
0.010734
0.00029919
-0.12715
-0.067836
-0.097119
-0.04464
0.12735
0.21145
0.33521
0.28904
0.31066
0.42242
0.22239
0.18056
0.072938
-0.078545
-0.11522
-0.079733
-0.11009
-0.18651
-0.19603
-0.21735
-0.26808
-0.22389
-0.18428
-0.17986
-0.21649
-0.19447
-0.26709
-0.31618
-0.36457
-0.37664
-0.46341
-0.55527
-0.46772
-0.22742
0.027658
0.23201
0.40675
0.3492
0.27636
0.25894
0.28318
0.52849
0.66473
0.59709
-0.053565
-0.17711
-0.12757
-0.1636
-0.3296
-0.35987
-0.32277
-0.18662
-0.22884
-0.30293
-0.26548
-0.15821
-0.19475
-0.12593
-0.034219
0.029583
0.1245
0.012714
-0.051852
-0.14229
-0.23095
-0.14458
-0.070276
0.041669
0.017752
-0.095464
-0.10694
-0.099256
0.23675
0.29317
0.30853
0.14246
-0.17714
-0.20262
-0.085051
-0.069657
0.1045
0.19357
0.14319
0.058725
-0.0091247
-0.0051526
0.078421
0.17208
0.24933
0.25035
0.2672
0.4033
0.42384
0.45737
0.40512
0.25845
0.17492
0.072326
-0.092274
-0.14095
-0.14224
-0.11852
0.017022
-0.093147
-0.2312
-0.27684
-0.24402
-0.28755
-0.32034
-0.36076
-0.40671
-0.42404
-0.41048
-0.45531
-0.38645
-0.13029
-0.078633
0.3326
0.45773
0.42798
0.35311
0.35061
0.24727
0.16476
0.20346
0.38296
0.61937
0.7855
0.72149
0.50951
0.26022
0.021167
-0.12758
-0.16951
-0.35521
-0.33142
-0.34821
-0.19641
-0.11008
-0.23358
-0.24355
-0.17979
-0.13104
-0.12716
-0.05875
0.075005
0.24329
0.16263
0.096348
-0.0091835
-0.084733
-0.094841
-0.018376
0.021845
0.049422
0.046457
0.13984
0.19846
0.18
0.26669
0.16116
-0.31109
-0.25057
-0.19309
-0.16594
-0.236
-0.19971
-0.18226
-0.25963
-0.32683
-0.24423
-0.18598
-0.14831
-0.010389
0.046604
0.18279
0.22664
0.41323
0.5169
0.48855
0.38514
0.30964
0.22081
0.20359
0.26031
0.056632
0.15588
0.0035954
-0.043198
-0.16435
-0.19862
-0.20208
-0.16546
-0.18035
-0.15553
-0.2148
-0.20126
-0.23532
-0.24646
-0.29236
-0.25534
-0.30681
-0.32013
-0.41898
-0.20133
-0.071119
0.22766
0.38824
0.2191
0.30359
0.38353
0.24499
0.42071
0.56363
0.58204
0.45916
0.29135
0.15283
-0.024887
-0.07563
-0.11984
-0.21227
-0.41201
-0.39649
-0.32635
-0.25758
-0.21412
-0.34825
-0.35104
-0.18309
-0.15595
-0.038448
-0.026947
0.16787
0.19712
0.12316
0.0086149
-0.17534
-0.079384
0.0136
0.098653
0.095408
0.028309
-0.0025014
0.018174
0.11005
0.20149
0.27322
0.28817
0.2926
-0.10102
-0.023845
-0.094314
-0.066485
0.0086958
-0.10451
-0.18775
-0.21672
-0.084625
-0.034797
0.076429
0.16371
0.17446
0.26947
0.36893
0.43678
0.47644
0.40254
0.27914
0.17224
0.16539
-0.089269
-0.054296
-0.009715
-0.093285
-0.10215
-0.14961
-0.27072
-0.34169
-0.32749
-0.3277
-0.32325
-0.23412
-0.25115
-0.28524
-0.34001
-0.39054
-0.44133
-0.36078
-0.38762
-0.41676
-0.41697
0.41147
0.42355
0.45697
0.37699
0.42278
0.33084
0.25706
0.48666
0.73719
0.62956
0.45756
0.11198
-0.08907
-0.10997
-0.15587
-0.41326
-0.30418
-0.25074
-0.084446
-0.1817
-0.2862
-0.35482
-0.28798
-0.20993
-0.15336
0.040215
0.14426
0.22628
0.20618
0.049534
-0.040708
-0.079786
-0.096267
0.060557
0.12412
0.076241
0.095968
0.032684
0.042514
0.080885
0.17572
0.22026
0.31715
0.29656
-0.25214
-0.19695
-0.30566
-0.34529
-0.15122
-0.12648
-0.26811
-0.1747
-0.26174
-0.1586
-0.054741
0.08171
0.21276
0.2038
0.24077
0.3343
0.34333
0.40905
0.41376
0.34765
0.30036
0.21138
0.047888
0.12697
0.087156
-0.01772
-0.010166
-0.10936
-0.23016
-0.2498
-0.21687
-0.20262
-0.11965
-0.22138
-0.23682
-0.21123
-0.28396
-0.36303
-0.3218
-0.36018
-0.40288
-0.48832
-0.3923
-0.18846
-0.036112
0.2103
0.28815
0.30496
0.22366
0.35635
0.63178
0.55671
0.42297
0.2794
0.078766
-0.069453
-0.12017
-0.12366
-0.30939
-0.4593
-0.39584
-0.17976
-0.20324
-0.2537
-0.4254
-0.34933
-0.15797
-0.12522
0.11898
0.10376
0.26922
0.22376
0.077028
-0.014281
-0.12526
-0.073605
-0.0054645
0.07497
0.13071
0.079609
0.0013516
0.023047
0.04506
0.1804
0.22402
0.30198
0.24335
-0.082877
-0.037271
-0.070684
-0.21487
-0.22118
-0.2636
-0.22959
-0.11657
-0.079729
-0.027266
-0.0097352
0.071624
0.13122
0.21398
0.4387
0.49479
0.47145
0.40985
0.29695
0.27837
0.3125
0.029904
0.019089
0.0062924
-0.036753
-0.046145
-0.16344
-0.22337
-0.28719
-0.3005
-0.2983
-0.24074
-0.26726
-0.27243
-0.29214
-0.37003
-0.43281
-0.45828
-0.44128
-0.42244
-0.46832
-0.38928
-0.24208
-0.020671
0.3035
0.3754
0.32761
0.3179
0.4622
0.63043
0.66291
0.69043
0.59553
0.29491
0.09108
-0.2079
-0.30618
-0.15806
-0.27588
-0.26924
-0.10218
-0.032529
-0.19136
-0.36549
-0.35099
-0.21813
-0.067901
0.117
0.21607
0.36936
0.20622
0.13111
-0.092437
-0.039103
-0.086719
0.04459
0.14531
0.1643
0.059035
0.017974
-0.022994
0.10428
0.15715
0.21726
-0.25789
-0.19691
-0.25209
-0.21506
-0.21149
-0.40874
-0.27118
-0.18456
-0.24187
-0.119
-0.17919
-0.12066
-0.067488
0.013698
0.078765
0.16639
0.21361
0.41945
0.47418
0.39286
0.36166
0.23899
0.21309
0.2359
0.027546
0.076417
0.07543
-0.027753
0.046289
-0.15619
-0.22453
-0.32051
-0.35672
-0.2672
-0.26908
-0.24006
-0.25615
-0.34135
-0.36216
-0.47641
-0.41148
-0.37031
-0.4004
0.074479
0.19137
0.44748
0.3038
0.38558
0.38456
0.42097
0.48821
0.62471
0.57474
0.57166
0.47212
0.23915
0.038957
-0.025311
-0.094479
-0.28377
-0.37474
-0.37873
-0.2247
-0.090426
-0.17954
-0.38793
-0.32677
-0.22781
-0.12432
0.048621
0.21064
0.2132
0.32301
0.20765
0.027659
0.036491
-0.03096
0.01745
0.083308
0.15499
0.11614
0.086362
0.061219
0.11659
0.17744
0.17855
0.26245
0.29462
0.28853
-0.097262
-0.32573
-0.040454
-0.1301
-0.23323
-0.37285
-0.22626
-0.20018
-0.17321
-0.1015
-0.024485
0.075741
0.18606
0.22508
0.32824
0.38056
0.43586
0.41967
0.37164
0.39731
0.42539
0.18342
0.16778
0.08234
0.073733
-0.029372
-0.12088
-0.17336
-0.19775
-0.20603
-0.15719
-0.23658
-0.1889
-0.3175
-0.27863
-0.31441
-0.38976
-0.3786
-0.43979
-0.51703
-0.57888
-0.36347
-0.29765
0.063963
0.23657
0.45763
0.32864
0.25031
0.33402
0.33033
0.42565
0.42757
0.53566
0.5815
0.36193
0.17523
0.086658
0.0079661
-0.092795
-0.092919
-0.38549
-0.32435
-0.30489
-0.10468
-0.22122
-0.24084
-0.34886
-0.20544
-0.06058
-0.022123
0.067954
0.25811
0.26789
0.26789
0.25346
-0.025886
-0.011748
-0.024721
-0.046423
0.064534
0.17793
0.098325
0.070075
0.099069
0.16944
0.18128
0.24182
0.26962
0.28837
0.2951
-0.2641
-0.077657
-0.1826
-0.1042
-0.27804
-0.41068
-0.29494
-0.2946
-0.31909
-0.24486
-0.26816
-0.11793
-0.23956
-0.10518
-0.023441
0.077356
0.16505
0.19747
0.40783
0.45778
0.44099
0.36242
0.33162
0.40173
0.44512
0.099635
0.045562
0.0067083
-0.0056215
-0.13102
-0.11124
-0.23391
-0.24486
-0.14491
-0.27967
-0.30512
-0.25116
-0.29916
-0.31499
-0.37325
-0.4782
-0.42282
-0.5068
-0.49629
-0.46745
-0.37664
-0.22398
0.0047169
0.25701
0.44792
0.3992
0.2316
0.23883
0.3474
0.30993
0.48974
0.69194
0.68503
0.6171
0.48992
0.18416
-0.016275
-0.093159
-0.10845
-0.34074
-0.5174
-0.38361
-0.17461
-0.14636
-0.3668
-0.30909
-0.19463
-0.068805
0.13629
0.20264
0.322
0.29035
0.26925
-0.0076469
-0.038997
-0.12801
0.022967
0.10226
0.10613
0.085232
0.028831
0.044736
0.042983
0.1382
0.17811
0.29498
0.30648
0.19041
-0.24347
-0.22486
-0.26369
-0.36331
-0.34896
-0.1929
-0.17907
-0.15957
-0.042522
-0.14311
-0.18532
-0.10854
0.027638
0.26258
0.32261
0.42041
0.40503
0.34914
0.30637
0.29678
0.28754
0.094873
0.035016
0.083878
0.060688
-0.065544
-0.16164
-0.30166
-0.37108
-0.34736
-0.34574
-0.31388
-0.32275
-0.33577
-0.41915
-0.46231
-0.4852
-0.50319
-0.27412
-0.24576
0.012888
0.2958
0.36299
0.37804
0.32481
0.27993
0.36003
0.4786
0.66566
0.78034
0.79091
0.68941
0.47672
0.21114
0.033954
-0.050173
-0.03298
-0.38195
-0.3563
-0.23993
-0.10182
-0.17434
-0.18779
-0.398
-0.24906
-0.12733
0.038726
0.12185
0.23332
0.35088
-0.047988
0.01069
0.097046
0.099445
0.099293
0.11668
0.042348
0.0035696
0.15949
0.26595
0.24261
0.31587
0.22745
-0.21986
-0.12339
-0.21428
-0.29425
-0.34228
-0.53338
-0.54318
-0.44389
-0.37302
-0.32509
-0.22131
-0.13881
-0.1472
-0.12302
-0.028561
0.068732
0.19809
0.21249
0.30524
0.40033
0.31869
0.30959
0.32325
0.35517
0.4287
0.22048
-0.039047
-0.19701
-0.27757
-0.3252
-0.22003
-0.15993
-0.32133
-0.24071
-0.31221
-0.33585
-0.4423
-0.39828
-0.46443
-0.51694
-0.55161
-0.36124
-0.30977
-0.073425
0.096235
0.50215
0.48958
0.12425
0.25975
0.40976
0.44405
0.49735
0.58382
0.73311
0.56693
0.38604
0.17072
0.033552
-0.073702
-0.11229
-0.23447
-0.57925
-0.35088
-0.24959
-0.11645
-0.22443
-0.41564
-0.33917
-0.11744
-0.059887
0.067202
0.23313
0.31332
0.34445
0.19515
0.10214
0.023541
-0.015079
0.13568
0.10257
0.067242
0.050751
0.18121
0.2884
0.36828
0.39578
0.38954
-0.089911
0.051037
-0.25576
-0.3112
-0.24476
-0.32285
-0.25936
-0.29098
-0.29595
-0.32343
-0.2685
-0.16465
-0.06536
0.00052282
0.042022
0.16312
0.29879
0.15138
0.33864
0.43667
0.36471
0.32912
0.45575
0.3529
0.040229
0.05247
-0.022596
-0.061511
-0.20833
-0.21706
-0.28893
-0.33387
-0.28831
-0.29089
-0.28148
-0.38983
-0.40825
-0.41104
-0.43879
-0.51443
-0.57501
-0.2833
-0.20997
0.090884
0.21723
0.56902
0.38796
0.13094
0.31407
0.30791
0.44151
0.601
0.70082
0.7032
0.50214
0.23854
0.057124
-0.051115
-0.074382
-0.49352
-0.3591
-0.31017
-0.14342
-0.21063
-0.2928
-0.40057
-0.31019
-0.12983
0.030995
0.23309
0.26109
0.062633
-0.019574
-0.0095359
0.031424
0.12423
0.15947
0.056055
0.042668
0.12182
0.20622
0.2353
0.33465
0.1826
0.43238
-0.040032
-0.12402
-0.046437
-0.25048
-0.32814
-0.41145
-0.30463
-0.40976
-0.26895
-0.31877
-0.16347
-0.13386
-0.12501
-0.069721
0.050873
0.066468
0.12572
0.12517
0.223
0.38509
0.37482
0.40961
0.30311
0.41182
0.44356
0.10898
0.0033418
0.027664
-0.25313
-0.32209
-0.22915
-0.30482
-0.31431
-0.30471
-0.30755
-0.34516
-0.49945
-0.49071
-0.47882
-0.5229
-0.61392
-0.36183
-0.34782
-0.087309
0.097094
0.44076
0.44849
0.33095
0.30662
0.3827
0.42933
0.53548
0.70341
0.60987
0.5827
0.47312
0.28696
-0.16356
-0.51611
-0.20975
-0.15066
-0.1204
-0.24715
-0.27606
-0.28896
-0.19954
-0.031257
0.12613
0.27048
0.38589
0.32739
0.21137
-0.012544
-0.063889
-0.097511
-0.092161
0.013961
0.10809
0.059181
-0.0096718
-0.061273
-0.037634
0.06854
0.16734
0.18424
0.17604
-0.053702
-0.5361
-0.029563
0.23552
0.25137
-0.17341
-0.1276
-0.21497
0.084563
0.12785
0.12542
0.1637
0.19986
0.33869
0.45962
0.41011
0.35005
0.28201
0.18502
-0.043219
-0.11654
-0.20879
-0.09908
-0.083989
-0.17166
-0.42624
-0.54157
-0.50705
-0.40515
-0.40504
-0.37816
-0.41305
-0.36571
-0.42176
-0.44191
-0.43766
-0.52486
-0.5693
-0.6478
-0.68222
-0.59451
-0.3508
-0.14795
0.44957
0.68693
0.55589
0.49116
0.43406
0.42729
0.45148
0.51218
0.7304
0.33815
0.12289
-0.034165
-0.033315
-0.076995
-0.59371
-0.43975
-0.30892
-0.27938
-0.3964
-0.61777
-0.57563
-0.32515
0.082796
0.36077
0.51355
0.25624
0.28216
0.17428
0.049709
0.0060847
0.058202
0.11672
0.029902
-0.008039
0.016505
0.015494
-0.022549
0.032005
0.085942
0.15382
0.16407
0.12138
-0.0037819
-0.13283
-0.16113
0.13647
0.00838
-0.14665
-0.33574
-0.11367
-0.013248
0.11119
0.24301
0.1668
0.1228
0.10824
0.14233
0.35092
0.40941
0.42379
0.30703
0.23064
-0.026406
-0.33954
-0.26553
-0.15796
0.037603
0.0252
-0.22671
-0.48811
-0.58669
-0.44448
-0.47809
-0.47123
-0.44963
-0.26548
-0.34995
-0.32091
-0.39113
-0.43614
-0.47339
-0.58117
-0.54029
-0.37217
-0.35521
-0.089708
0.38729
0.78736
0.75852
0.57248
0.4463
0.47367
0.51834
0.67758
0.72395
0.64582
0.51464
0.168
0.038222
-0.12732
-0.34815
-0.77547
-0.39452
-0.065382
-0.13468
-0.17654
-0.44123
-0.59658
-0.82211
-0.4405
-0.0043218
0.23511
0.42751
0.11381
0.03204
-0.11286
-0.13874
-0.056026
0.032669
-0.026643
-0.10151
-0.13946
-0.16542
-0.15328
-0.15513
-0.017228
-0.002069
0.012169
-0.010868
-0.032872
-0.23432
0.89768
0.75965
0.47834
0.46006
0.016167
-0.18309
-0.049097
0.34106
0.4187
0.29134
0.17147
0.16538
0.14459
0.27087
0.4973
0.53141
0.50404
0.40986
0.18577
-0.35362
-0.33652
-0.24296
-0.0094351
0.0696
-0.19303
-0.40405
-0.58235
-0.54869
-0.50904
-0.56428
-0.46924
-0.43829
-0.46815
-0.43963
-0.52113
-0.51892
-0.36618
-0.28948
-0.02619
0.56287
0.77732
0.61851
0.43278
0.40155
0.57232
0.52776
0.62674
0.69738
0.60331
0.52428
0.32837
0.087661
-0.0062086
-0.17466
-0.18572
-0.73257
-0.3935
-0.22916
-0.019677
-0.2071
-0.254
-0.53791
-0.68831
-0.59113
-0.1352
0.17121
0.37054
0.15545
0.017506
-0.079429
-0.14976
-0.16229
-0.25852
-0.16576
-0.10664
-0.17615
-0.10408
-0.23722
-0.10322
-0.097472
-0.032047
-0.024006
-0.16064
-0.41571
-0.36864
0.13747
0.712
1.0416
0.26923
0.24515
0.17091
0.023115
-0.058089
0.090044
0.46706
0.28929
0.10793
0.14104
0.21587
0.21957
0.40021
0.53772
0.49222
0.42769
0.29454
-0.22154
-0.26582
-0.21693
0.019476
0.26417
0.18979
-0.37641
-0.5582
-0.52652
-0.33362
-0.41713
-0.37005
-0.37509
-0.40068
-0.33771
-0.40086
-0.36185
-0.4084
-0.46691
-0.30282
-0.25259
0.83226
0.64085
0.42111
0.38464
0.38539
0.40134
0.49092
0.50702
0.54437
0.63919
0.51375
0.3711
0.18096
0.076903
-0.05708
-0.2441
-0.49363
-0.82725
-0.26264
-0.038461
-0.11448
-0.13194
-0.39983
-0.57468
-0.68668
-0.40223
-0.020755
0.23069
0.31233
0.037564
-0.1272
-0.23388
-0.15012
-0.031074
-0.10403
-0.079271
-0.10732
-0.1334
-0.16484
-0.23426
-0.081848
-0.086296
-0.064584
-0.0023867
0.0072457
-0.197
-0.49479
0.35831
1.2279
0.69333
0.76684
0.35137
-0.046321
-0.19784
0.20376
0.48709
0.48359
0.37377
0.20896
0.086942
0.133
0.33643
0.4573
0.40367
0.46335
0.40268
0.090105
-0.55244
-0.37286
-0.19188
0.21931
0.35804
0.0051511
-0.52046
-0.38702
-0.26437
-0.35031
-0.3143
-0.33835
-0.33934
-0.31469
-0.35824
-0.27396
-0.32643
-0.26563
-0.25329
-0.32167
-0.447
-0.23676
-0.046597
0.58777
0.75864
0.47852
0.40351
0.32946
0.24505
0.27977
0.38824
0.42216
0.48862
0.51329
0.41586
0.24789
0.11838
-0.055398
-0.15343
-0.1606
-0.79136
-0.36608
-0.13541
0.013427
0.021545
-0.034332
-0.68639
-0.81132
-0.70136
-0.26144
-0.024315
0.30947
0.16799
-0.1172
-0.27714
-0.31206
-0.15777
-0.031126
-0.21708
-0.082808
-0.27525
-0.19272
-0.21278
-0.21529
-0.19683
-0.029388
-0.1662
-0.21992
-0.16947
-0.525
-0.81885
-0.43326
0.51084
0.84954
0.58852
0.684
0.68869
0.46733
0.36996
0.097184
-0.038214
0.23381
0.71262
0.14049
0.062289
0.37214
0.3739
0.3546
0.084066
-0.13923
-0.75904
-0.25523
-0.0044235
0.44862
0.64232
-0.26632
-0.55391
-0.5452
-0.30075
-0.094498
-0.2127
-0.25066
-0.10983
-0.21242
-0.1218
-0.2014
-0.1087
-0.18393
-0.23446
-0.14148
-0.2374
-0.44815
-0.21883
0.095516
0.81966
0.66844
0.24103
0.12408
0.25913
0.26334
0.25404
0.23006
0.14265
0.11038
-0.040862
-0.10489
-0.4664
-0.63845
-0.037515
0.18007
0.069788
0.0049336
-0.26523
-0.5695
-0.72634
-0.4337
-0.11708
0.1766
0.15374
-0.070883
-0.19064
-0.32389
-0.30328
-0.16989
-0.061283
-0.20243
-0.2359
-0.18109
-0.28351
-0.22643
-0.22254
-0.10053
-0.016396
-0.13048
-0.22665
-0.44803
0.78774
0.82161
0.70857
0.68144
0.474
0.25082
0.10029
0.4786
0.62524
0.52383
0.26921
0.28956
0.15307
0.10243
0.1516
0.23228
0.19825
0.28809
0.20957
-0.063136
0.38612
0.5742
0.14245
-0.322
-0.28327
-0.15279
-0.27607
-0.22845
-0.25633
-0.21365
-0.1842
-0.15504
-0.13911
-0.15102
-0.13475
-0.14055
-0.092614
-0.30385
-0.32487
-0.17152
0.4991
0.58981
0.26121
0.12953
0.29531
0.16616
0.14136
0.19313
0.11003
0.12405
0.10741
-0.039093
-0.075465
-0.61932
-0.086551
0.020899
0.16848
0.064072
-0.03097
-0.39249
-0.71792
-0.69877
-0.30083
-0.018358
0.20208
0.10499
-0.23538
-0.3321
-0.31715
-0.38239
-0.2243
-0.141
-0.17148
-0.26092
-0.1408
-0.25314
-0.24429
-0.10002
-0.0028082
-0.35934
-0.25373
-0.36171
-0.7033
1.1539
0.7259
0.77153
0.90669
0.35059
0.31561
0.35753
0.58026
0.68523
0.47397
0.37714
0.45075
0.17073
0.19168
0.14842
0.15601
0.019873
0.13808
0.12655
0.047158
-0.35399
-0.51723
-0.23848
0.18951
0.30346
-0.041049
-0.22267
-0.10538
-0.068007
-0.09408
-0.13163
-0.10007
-0.089845
-0.039552
-0.13055
-0.017085
-0.055016
-0.1577
-0.1762
-0.11274
0.43154
0.32286
0.0042301
-0.054905
-0.1183
-0.092802
0.11307
0.014348
0.074279
0.075223
-0.036392
-0.05308
-0.39404
-0.25564
0.19613
0.32691
0.13525
-0.053063
-0.26472
-0.5009
-0.65561
-0.27306
-0.16418
0.032227
0.048951
-0.16133
-0.18149
-0.26393
-0.2236
-0.22054
-0.1033
-0.21112
-0.23701
-0.26306
-0.26648
-0.35789
-0.11357
-0.074394
-0.14778
-0.21949
-0.25612
0.17351
1.0724
1.0113
0.62828
0.62518
0.53665
0.54285
0.40378
0.59005
0.70816
0.52539
0.35658
0.27586
0.21111
0.016222
-0.10235
0.093783
0.030898
-0.076968
-0.32993
-0.013472
0.26072
-0.036017
-0.17276
-0.23974
-0.060528
-0.21492
-0.16051
-0.14396
-0.075687
-0.058159
-0.1147
-0.054662
-0.08318
-0.039865
0.0035172
0.017691
-0.0082148
0.025882
-0.18351
-0.11591
0.21962
-0.02827
-0.19986
-0.30657
0.021789
-0.11981
-0.069517
-0.033541
0.037169
0.07896
0.11744
0.083368
-0.026625
-0.4194
0.30868
0.54952
0.035276
0.089011
-0.069939
0.073515
0.26388
0.34183
0.45618
0.39784
0.25594
0.12463
0.025782
0.11372
0.028575
0.077983
0.0034612
0.040485
0.040829
0.051785
0.023472
-0.031975
-0.1146
-0.17649
-0.16411
-0.23216
-0.053168
-0.10786
0.024651
-0.05268
-0.19514
-0.47529
-0.087409
-0.062743
0.118
0.054849
-0.00065963
-0.057567
0.021229
0.037829
-0.040554
0.11126
-0.43239
-0.10827
-0.045826
-0.10299
0.087433
0.19174
0.36022
0.34577
0.3394
0.35038
0.26323
0.12431
0.083283
0.11531
0.052398
-0.045897
-0.025849
-0.2864
-0.16912
-0.21979
0.0083822
0.013804
-0.060397
-0.022637
-0.14771
-0.12062
-0.24018
-0.4902
0.048633
0.10893
-0.11739
-0.22955
-0.12489
0.038737
-0.054888
-0.073573
-0.080648
-0.11109
-0.14289
-0.19233
-0.13525
-0.10205
-0.39409
-0.051422
0.27074
0.4188
0.42458
0.29399
0.18131
0.073946
0.22093
0.37657
0.32829
0.33711
0.26407
0.065924
0.11
0.13765
0.11814
-0.051879
-0.29314
-0.2552
-0.13255
-0.19099
-0.10182
-0.04045
-0.034808
0.019137
-0.087685
-0.61425
-0.22426
0.36532
0.071615
-0.10463
-0.1653
-0.050074
-0.11886
-0.07104
0.038001
0.10938
0.029401
0.079194
0.090998
-0.02735
-0.026667
-0.20081
-0.19544
-0.31208
-0.1571
-0.27619
-0.1273
0.096743
0.32358
0.30305
0.1695
0.31988
0.44496
0.0067024
-0.0958
-0.10782
-0.21752
-0.081193
-0.020875
-0.047838
-0.050023
-0.14615
-0.17778
-0.14009
-0.076791
-0.064702
0.081259
-0.14156
-0.14992
-0.38916
0.029117
0.11424
0.059632
-0.09718
-0.28023
-0.18157
0.0019324
0.034012
-0.022892
-0.088672
-0.20194
-0.25793
-0.16147
-0.14797
-0.14883
-0.10154
-0.29283
0.27253
0.38376
0.50822
0.44164
0.57916
0.58952
0.44027
0.49565
0.47567
0.52918
0.32552
0.31599
0.051112
0.2106
0.22482
0.24852
0.2487
0.14023
0.10822
0.041461
0.039746
0.014074
0.077681
-0.041896
0.10733
0.12407
-0.21036
0.087201
-0.18189
-0.03778
-0.08556
-0.3453
-0.13802
-0.011654
0.006762
0.078233
0.020882
-0.089532
-0.018655
-0.078725
-0.18884
-0.20754
-0.7528
0.062402
0.22186
0.46453
0.051162
0.24066
0.25369
0.12695
-0.0016092
-0.06915
-0.093656
-0.061778
-0.19764
-0.31069
-0.18897
-0.070427
-0.057611
-0.09488
-0.13569
-0.1901
-0.21144
-0.15779
-0.19272
-0.1427
-0.20353
-0.50641
0.0063077
0.027851
0.13537
-0.060972
-0.077583
-0.032162
-0.0077587
-0.15224
-0.16499
-0.19869
-0.15935
-0.12432
0.021676
0.03963
0.27983
0.68612
0.56604
0.47261
0.24149
0.10829
0.16195
0.30288
0.31992
0.43146
0.26965
0.19302
0.45404
0.15584
0.2953
0.18715
-0.17244
-0.30317
-0.30174
-0.061985
0.084963
0.059142
0.13121
0.15358
-0.37583
-0.15367
0.26896
-0.0016671
-0.072507
-0.087378
-0.3422
0.050824
-0.11508
-0.051981
-0.077945
0.0036751
-0.021132
0.016764
-0.05855
-0.11283
-0.20623
-0.39529
-0.48278
-0.20886
-0.24834
0.65269
0.44086
-0.041034
0.11076
-0.05674
-0.05548
0.036725
-0.023875
-0.14343
-0.19575
-0.35135
-0.26959
-0.086554
-0.09225
-0.10193
-0.13191
-0.31058
-0.22789
-0.31543
-0.18257
-0.16228
-0.11956
-0.16592
-0.14261
0.11794
0.15835
-0.02611
-0.18907
-0.069378
0.056289
-0.008646
-0.018396
-0.039486
-0.043961
-0.14715
-0.1429
-0.057749
-0.01955
0.3971
0.36031
0.48167
0.48299
0.38911
0.39916
0.32327
0.39784
0.33237
0.41665
0.3522
0.27886
0.26287
0.33652
0.19293
0.18888
-0.036506
-0.054218
-0.055944
-0.093816
0.0014198
0.1235
0.033204
0.0057168
-0.091369
0.06278
-0.083665
0.14314
-0.029556
-0.034008
-0.0013632
-0.10676
-0.16277
-0.055275
0.046306
-0.012392
-0.067445
-0.014437
-0.12022
-0.17819
-0.31368
-0.6284
-0.1635
-0.30233
-0.22246
0.072366
0.19956
0.45461
0.42912
0.29107
0.24017
0.30596
0.13658
-0.018681
-0.12517
-0.03619
-0.090471
-0.43995
-0.12417
-0.39076
-0.22319
-0.06893
-0.10992
-0.074553
-0.16358
-0.23319
-0.21297
-0.21084
-0.046396
-0.21754
-0.42284
-0.029628
0.054786
0.036142
-0.15213
-0.18085
-0.10118
-0.046503
-0.033903
-0.037122
-0.097172
-0.036458
-0.14821
-0.18639
-0.20625
-0.12634
0.010109
-0.22908
0.034716
0.23493
0.513
0.42415
0.59974
0.40025
0.32217
0.27006
0.17082
0.19475
0.13641
0.23237
0.1424
-0.098414
0.1612
0.34827
0.23517
0.31426
-0.039146
0.071975
-0.055917
0.038165
0.075847
0.12149
0.1181
-0.052558
0.069107
-0.19201
-0.19051
-0.072184
0.13789
0.20634
0.026708
-0.18675
-0.14335
-0.12059
-0.21456
-0.15043
-0.036895
-0.0067389
0.1133
-0.069758
0.11347
0.031648
-0.1856
-0.23157
-0.49017
-0.52887
-0.18326
-0.22034
0.012169
0.40894
0.65194
0.66642
0.24133
0.14389
0.19059
0.13763
-0.092511
-0.12961
0.022985
-0.12536
-0.1984
-0.32154
-0.30837
-0.098112
-0.067088
-0.0126
-0.18895
-0.13868
-0.30374
-0.088297
-0.1445
-0.26538
-0.19659
0.25907
0.13681
-0.023179
-0.26002
-0.19466
-0.019854
-0.092446
0.025277
-0.078098
-0.078613
-0.13819
-0.16713
-0.27114
-0.19487
-0.19138
-0.1589
-0.28895
0.38042
0.19644
0.63474
0.34943
0.53823
0.47302
0.42032
0.47663
0.37909
0.33959
0.25542
0.23649
0.067114
0.055823
0.31701
0.40016
0.40822
0.11687
-0.16995
-0.2539
-0.082795
0.09658
0.26612
0.15629
-0.107
0.084309
-0.28424
0.148
-0.32426
0.52265
0.080043
-0.014752
-0.21347
-0.24727
-0.096259
0.077814
0.064931
0.0028708
0.0016204
-0.12998
-0.25971
-0.18423
-0.56334
-0.27689
-0.1771
-0.020445
0.16299
0.34808
0.56321
0.65033
0.28876
0.1951
0.14082
0.15649
0.027253
-0.15001
-0.11944
0.023868
-0.11598
-0.22458
-0.33132
-0.20271
-0.081774
-0.099586
-0.18087
-0.20267
-0.23211
-0.19976
-0.30829
-0.16989
-0.18612
-0.43444
0.053231
0.033109
0.010465
0.1266
0.076147
-0.0059259
0.016456
-0.20536
-0.17746
-0.18675
-0.24264
-0.14701
-0.2116
0.13665
0.36325
0.39982
0.25667
0.5536
0.35102
0.18182
0.36395
0.44884
0.34008
0.29008
0.34862
0.27544
0.22126
0.40146
0.26726
0.20677
0.093379
-0.28348
-0.11557
-0.15531
-0.032455
0.019338
0.086355
0.027828
-0.24903
-0.23027
0.31749
-0.048583
-0.15035
-0.14039
-0.0063619
-0.037183
-0.132
-0.0038622
0.0087418
-0.058354
-0.10503
-0.045449
-0.091553
-0.19318
-0.19189
-0.34712
-0.37112
-0.05366
-0.17878
0.083229
0.51135
0.35351
0.25598
0.20026
0.10724
-0.090409
0.040694
-0.19512
0.0053514
-0.13482
-0.33392
-0.17494
-0.062149
-0.066747
-0.072219
-0.13623
-0.19977
-0.24769
-0.28512
-0.11052
-0.065865
-0.27386
-0.25307
-0.043801
0.12192
0.18011
-0.047018
-0.02078
0.064852
0.063738
0.078353
0.13063
-0.073033
-0.18826
-0.14409
-0.12116
-0.13774
-0.32413
0.34606
0.46263
0.4968
0.40179
0.40107
0.20853
0.19364
0.33935
0.32705
0.41375
0.45496
0.21417
0.20993
0.19619
0.44377
0.26302
0.023489
-0.22506
-0.26693
-0.087018
-0.064722
-0.050746
0.063219
0.15413
0.048782
0.0017592
-0.17976
-0.44326
-0.072514
0.031678
-0.14797
-0.32955
-0.17911
-0.21021
-0.085177
0.056187
-0.11577
-0.063745
-0.10824
-0.14431
-0.22941
-0.36998
-0.66208
-0.21359
-0.11728
0.087951
0.39489
0.68187
0.48663
0.21743
0.24548
0.12943
-0.046274
0.017253
-0.22089
-0.14528
-0.29687
-0.2277
-0.06566
-0.072165
-0.071009
-0.12399
-0.13624
-0.24523
-0.21368
-0.18509
-0.074565
-0.126
-0.26467
-0.41403
0.045849
0.18485
0.0054526
0.0031603
0.022588
0.030654
0.024887
-0.033862
-0.099325
-0.14139
-0.18763
-0.18263
-0.18107
-0.12892
0.2634
0.51025
0.30757
0.49119
0.45105
0.35319
0.36618
0.37162
0.34016
0.35226
0.21376
0.27846
0.33312
0.22907
0.4283
0.088792
0.066775
-0.0014152
0.012522
0.026001
-0.039663
0.084833
0.069956
0.13347
0.040899
-0.10391
-0.003826
-0.22868
0.14425
0.065729
-0.13127
-0.31291
-0.30614
-0.20318
0.049169
0.076035
-0.0041702
-0.11524
-0.25437
-0.30367
-0.42695
-0.3774
0.010986
0.022602
0.14407
0.17135
0.54007
0.60207
0.33574
0.28967
0.32149
0.29028
0.27658
-0.038935
-0.070496
-0.066797
-0.2309
-0.19737
-0.35079
-0.3858
-0.09667
0.041276
-0.055401
-0.10083
-0.32516
-0.32524
-0.3125
-0.081565
0.11401
0.3357
0.075417
0.0055122
0.018231
0.08363
0.11731
0.070655
-0.010818
-0.14002
-0.13731
-0.18671
-0.23415
-0.13774
-0.20291
-0.111
-0.12548
0.30422
0.29411
0.40454
0.47062
0.45427
0.27382
0.35984
0.45308
0.42428
0.43618
0.1988
0.30164
0.12298
0.24969
0.31841
0.070354
-0.080828
-0.12482
-0.11515
-0.087507
-0.09203
0.044837
0.10839
0.083542
-0.091203
-0.068467
-0.39264
-0.031086
0.10766
-0.088435
-0.21245
-0.12426
-0.18917
-0.17125
-0.12015
-0.087803
-0.027394
0.013457
-0.0097734
-0.08654
-0.081429
-0.22605
-0.47645
-0.18913
-0.17978
-0.27697
0.16475
0.47665
0.6765
0.37497
0.077503
0.10685
0.24394
0.27884
-0.088126
-0.1715
-0.10012
-0.12856
-0.27303
-0.3277
-0.16677
-0.17577
-0.18997
-0.19074
-0.23245
-0.19494
-0.14972
-0.17828
-0.17581
0.0015451
0.3318
0.075674
-0.059727
0.023878
-0.058062
-0.00051288
-0.018464
-0.084654
-0.070398
-0.12339
-0.18447
-0.18748
-0.25413
-0.19695
-0.50182
0.085999
0.22247
0.2455
0.33434
0.43542
0.46903
0.21691
0.19578
0.16252
0.20244
0.29193
0.25688
0.33495
0.30286
0.36889
0.42522
0.2644
-0.010717
-0.01024
0.023486
-0.020026
0.16811
0.14114
0.21283
0.17905
0.2037
0.19872
-0.51624
-0.25999
-0.45824
0.47062
0.26812
-0.14494
-0.033021
-0.066575
0.14925
0.22958
0.07059
0.033166
0.00057564
-0.10702
-0.22627
-0.20876
-0.37242
-0.061022
-0.3796
-0.16987
-0.10704
-0.063602
-0.24058
-0.37733
-0.23549
-0.023706
0.4426
0.62554
0.34166
-0.030878
0.10838
0.092197
0.10367
0.072735
-0.059735
0.13382
0.16232
0.012098
0.10686
0.20843
0.20146
-0.37222
-0.51903
0.016395
0.24334
0.22947
0.26716
0.36182
0.28276
0.017813
0.025625
0.12478
0.15495
0.11224
-0.023925
-0.037156
-0.08438
-0.12463
-0.25857
-0.30312
-0.046564
-0.069317
-0.24197
-0.42059
-0.5632
-0.80311
-0.66544
-0.30396
0.21582
0.079853
-0.093436
-0.14655
-0.31697
-0.3109
-0.25332
-0.050548
-0.064541
0.028223
0.14373
0.12691
0.11386
0.079606
0.052397
0.13089
0.21265
-0.05967
-0.11309
-0.46022
-0.29525
0.37103
0.68299
-0.36043
0.11037
0.24472
0.19062
0.50623
0.38571
0.31527
0.33118
0.38769
0.33106
0.32206
0.094311
0.29144
0.15288
0.15545
0.13833
-0.048132
-0.39351
-0.44765
-0.13052
0.16069
0.61317
0.4324
0.15793
-0.10331
-0.037416
0.074264
0.027866
-0.062137
0.020956
0.023682
-0.049904
0.036924
-0.10931
-0.35315
-0.29191
-0.65863
-0.0018363
0.29056
0.21886
0.31664
0.46123
0.43222
0.23788
0.12579
0.027893
0.085805
0.054701
-0.053047
-0.098636
-0.10523
-0.14851
-0.19785
-0.73754
-0.21479
-0.068385
-0.16181
-0.39675
-0.42395
-0.75833
-0.77781
-0.53302
-0.024365
0.19005
-0.032757
0.091874
-0.19976
-0.39323
-0.2789
-0.26529
-0.18541
0.016077
0.096492
0.29772
0.25923
0.13952
0.2841
0.31415
0.052233
-0.23057
-0.4269
0.8124
0.52036
0.48483
-0.11407
-0.175
0.15434
0.21412
0.1552
0.1846
0.11858
0.15917
0.20913
0.21117
0.20179
0.22952
0.31532
0.15698
0.22881
0.17267
-0.036303
0.15871
-0.28057
-0.54416
-0.23872
-0.12888
0.26608
0.33826
0.12141
-0.17129
-0.084961
-0.11666
-0.11682
-0.075545
-0.12864
-0.027459
0.051963
-0.0014859
-0.14802
-0.052058
-0.19535
-0.017567
-0.31176
-0.2309
0.26462
0.44849
0.52146
0.51561
0.674
0.5819
0.38929
0.39772
0.34468
0.25423
0.11118
0.11139
0.0078522
-0.14754
-0.16532
-0.75075
-0.61873
-0.11397
-0.23274
-0.57492
-0.6333
-0.72311
-0.93199
-0.68449
-0.069324
0.19678
0.21214
0.096618
-0.022927
-0.13564
-0.23018
-0.13228
-0.092066
-0.098555
0.16285
0.32036
0.1902
0.25172
0.24645
0.317
0.30628
-0.18047
-0.33257
0.14649
0.44373
0.1545
-0.070177
0.040886
0.14099
0.075618
-0.05405
-0.080601
-0.023496
0.071249
0.17911
0.17223
0.11523
0.082405
0.011468
-0.059362
0.32425
0.056913
0.054865
-0.015136
-0.094763
-0.49225
-0.56756
-0.25553
0.095859
0.19737
0.071675
-0.039767
-0.05961
-0.1076
-0.11615
-0.11601
-0.038406
-0.12075
-0.14806
-0.080726
-0.16008
-0.16066
-0.12629
-0.20718
-0.23402
-0.32987
-0.24288
0.076581
0.024268
0.61327
0.67191
0.66315
0.52447
0.37565
0.33657
0.2941
0.30808
0.17634
-0.0020724
-0.11274
-0.078402
-0.97511
-0.57687
-0.13695
-0.33315
-0.66523
-0.62805
-0.96642
-0.95508
-0.63111
-0.062716
0.45496
0.18902
0.054472
0.24628
-0.29968
-0.31873
-0.23177
-0.35786
-0.097189
0.08659
0.25968
0.23275
0.23198
0.32492
0.34896
0.40423
0.35576
0.39968
0.32856
0.063565
-0.36621
0.22222
-0.22731
0.0018375
0.044167
-0.19161
-0.19479
-0.085494
-0.019749
0.067817
0.18092
0.20537
0.1707
0.1405
0.18857
0.23237
0.39258
0.30824
0.14719
0.056921
-0.46365
-0.52383
-0.33283
-0.076149
0.20256
-0.16173
-0.24147
-0.15147
-0.23633
-0.20702
-0.13447
-0.29003
-0.093371
-0.15635
-0.13007
-0.27893
-0.29099
-0.4434
-0.36868
-0.32953
-0.29335
-0.23904
0.50433
0.62102
0.68179
0.63267
0.80423
0.6779
0.55689
0.59977
0.46538
0.33808
0.23118
-0.025106
-0.15016
-0.23933
-0.54888
-0.74315
-0.39083
-0.31818
-0.39337
-0.56654
-0.64535
-0.74054
-0.46055
-0.10688
0.18448
0.22754
0.028968
-0.076622
-0.21882
-0.22928
-0.17581
-0.092606
-0.10847
-0.073997
0.024629
0.036431
0.061878
0.091922
0.14842
0.18623
0.22137
0.33446
0.32249
0.34383
-0.078562
-0.15059
0.16162
0.22845
0.23821
0.10073
-0.07921
0.0030317
0.086765
0.12621
0.17052
0.10891
0.070398
0.012466
0.25254
0.29688
0.20685
0.25262
-0.042773
-0.27243
-0.46856
-0.44669
-0.38856
-0.15247
0.037214
-0.025969
-0.25004
-0.24928
-0.30997
-0.32066
-0.26057
-0.2018
-0.169
-0.23164
-0.26958
-0.29167
-0.30376
-0.26493
-0.13535
-0.074349
-0.10501
0.13105
0.27259
0.4757
0.36217
0.26784
0.58291
0.48676
0.49439
0.59117
0.6426
0.59619
0.52673
0.018176
-0.17272
-0.26609
-0.22062
-0.97522
-0.59123
-0.25246
-0.18911
-0.38823
-0.52562
-0.62699
-0.71855
-0.47094
-0.14962
0.17569
0.12164
-0.095409
-0.17637
-0.17826
-0.27176
-0.17124
-0.093526
-0.080894
0.013252
-0.018708
0.016138
-0.0089194
0.061076
0.1319
0.2294
0.26674
0.28942
0.052284
-0.25989
-0.11331
0.19126
0.19684
0.0011653
-0.032874
-0.024276
0.082945
0.12901
0.18781
0.10812
0.10706
0.060829
0.13408
0.32249
0.44303
0.32474
0.2239
-0.068164
-0.33688
-0.40588
-0.52357
-0.30259
-0.030237
-0.018154
-0.20506
-0.33337
-0.35513
-0.40055
-0.30618
-0.26912
-0.1996
-0.21409
-0.25325
-0.29242
-0.35535
-0.35986
-0.2985
-0.041619
-0.12303
0.059529
0.13185
0.48222
0.25997
0.47781
0.59503
0.64513
0.82791
0.90941
0.85418
0.39645
0.11807
0.069447
-0.11681
-0.26113
-0.27303
-0.60522
-0.73646
-0.42663
-0.32346
-0.43133
-0.51908
-0.72985
-0.56791
-0.25408
-0.059108
0.19083
0.28759
0.091452
-0.021027
-0.12186
-0.15995
-0.057274
-0.034492
-0.10449
0.0028458
-0.030531
0.019484
-0.0067892
0.018588
0.10449
0.18056
0.25992
0.25668
0.347
0.10516
0.0045623
-0.1028
-0.015694
-0.014769
0.13687
0.15901
0.1787
0.14735
0.032665
-0.045393
-0.008253
0.059524
0.1058
0.17982
0.18483
0.094302
0.091891
0.074539
0.3181
0.37083
0.30146
0.23698
0.021988
-0.12102
-0.23255
-0.33494
-0.23391
-0.17702
-0.2756
-0.3975
-0.44502
-0.34659
-0.3387
-0.31365
-0.21874
-0.20949
-0.22445
-0.23999
-0.29459
-0.31578
-0.29185
-0.16614
-0.15726
0.36639
0.49229
0.61445
0.37206
0.58011
0.50145
0.42428
0.48746
0.81847
0.82851
0.73596
0.57798
0.33105
0.031981
-0.079332
-0.17897
-0.20636
-0.30256
-0.78858
-0.53482
-0.35349
-0.36883
-0.43385
-0.4967
-0.42158
-0.36783
-0.22393
-0.029538
0.038504
-0.08354
-0.10144
-0.10663
-0.16976
-0.18066
-0.1798
-0.15846
-0.15113
-0.17025
-0.06076
-0.080732
-0.024893
-0.017214
0.042312
0.083768
0.1504
0.2194
0.26819
0.2481
-0.074203
-0.061083
-0.065491
0.0059569
0.12524
0.26174
0.29473
0.29566
0.23543
0.12975
0.08602
0.14069
0.27801
0.37264
0.42005
0.37176
0.22643
0.27254
0.34782
0.43713
0.2107
0.017104
-0.082822
-0.13497
-0.20448
-0.10616
-0.11843
-0.21633
-0.21039
-0.3934
-0.39995
-0.37418
-0.33012
-0.27962
-0.29722
-0.33284
-0.40136
-0.45823
-0.4999
-0.50077
-0.44624
-0.28881
-0.21271
-0.11763
0.022827
0.22351
0.32909
0.47359
0.26125
0.38484
0.35987
0.2555
0.31647
0.41954
0.52849
0.56881
0.70968
0.66127
0.40402
0.21877
0.15892
0.081897
-0.0024127
0.034047
-0.28478
-0.40994
-0.47503
-0.35238
-0.3921
-0.52884
-0.45305
-0.16092
0.033586
0.041713
0.065196
0.0040181
0.072415
0.212
0.10202
0.21225
0.15338
0.11477
0.012498
-0.049247
-0.049827
-0.01181
-0.025351
-0.0071691
0.00784
0.045964
0.090448
0.15727
0.16595
0.12366
0.094759
-0.19715
-0.14155
-0.061947
0.0027937
-0.052387
0.047342
-0.029039
-0.1255
-0.076008
-0.021908
-0.013096
0.081009
0.14076
0.13579
0.19699
0.17729
0.23596
0.42761
0.39828
0.24483
0.22652
0.023912
-0.034033
-0.11352
-0.10448
-0.078037
-0.20563
-0.32707
-0.2807
-0.35626
-0.38587
-0.40087
-0.38468
-0.27498
-0.24691
-0.27996
-0.36625
-0.48506
-0.51011
-0.4561
-0.31179
-0.20467
-0.16054
0.025596
0.14993
0.27245
0.42257
0.414
0.37105
0.32911
0.24962
0.27281
0.27329
0.35101
0.40057
0.55803
0.62425
0.51526
0.25914
0.14184
0.047161
0.044374
0.017271
-0.075601
-0.19166
-0.40513
-0.33646
-0.26444
-0.38746
-0.075749
0.0020768
0.12156
-0.00079272
-0.068823
0.074437
0.1412
0.21117
0.23755
0.17627
0.13716
0.052865
-0.057451
-0.07551
-0.081525
-0.055247
-0.05579
0.0089427
0.040857
0.072004
0.065743
0.047929
-0.019894
0.10435
-0.17607
-0.16996
-0.11394
0.050869
-0.026194
0.029262
-0.062481
-0.16091
-0.12339
-0.067727
0.011876
0.1201
0.12429
0.17034
0.15519
0.1509
0.16177
0.39239
0.34345
0.35697
0.25367
0.15143
0.099777
0.090005
0.088389
-0.053826
-0.27048
-0.32429
-0.30228
-0.36022
-0.45418
-0.33813
-0.34125
-0.3666
-0.3384
-0.29968
-0.39501
-0.52228
-0.55438
-0.48574
-0.38664
-0.1867
-0.15534
-0.072121
0.10696
0.17128
0.36344
0.5823
0.40129
0.34735
0.17264
0.10993
0.19686
0.17559
0.2062
0.33743
0.48324
0.38781
0.24928
0.18816
0.047545
0.012752
-0.058647
-0.039431
-0.16951
-0.44374
-0.38915
-0.23327
-0.12205
-0.27822
0.0078949
0.12691
0.15475
-0.052005
-0.1319
-0.071886
0.14546
0.2323
0.26392
0.2465
0.076253
-0.027855
-0.06633
-0.13366
-0.012023
-0.043036
-0.065399
-0.063679
-0.047773
-0.029759
0.014832
0.077466
0.027981
-0.018215
0.20912
-0.26904
-0.18651
-0.10568
-0.1226
-0.054809
0.02942
-0.046412
-0.090561
-0.027684
0.036147
0.080988
0.13931
0.21881
0.17334
0.20478
0.16839
0.23192
0.40655
0.37098
0.3191
0.27739
0.18051
0.2429
0.18249
0.093164
-0.10392
-0.37604
-0.40654
-0.25506
-0.30288
-0.29538
-0.3354
-0.38925
-0.43629
-0.35216
-0.35853
-0.47432
-0.52889
-0.49112
-0.46913
-0.33566
-0.14793
-0.092477
0.05262
0.13324
0.2625
0.44669
0.24873
0.24846
0.085334
0.031494
0.095544
0.068348
0.059336
0.062072
0.20565
0.21688
0.28712
0.32539
0.18985
0.057732
-0.017486
-0.031674
-0.042553
-0.082108
-0.35786
-0.22754
-0.30275
-0.23794
-0.22188
0.23808
0.17091
0.22875
0.039057
-0.10672
0.17812
0.32531
0.33949
0.32175
0.2525
0.16314
0.020107
0.0031336
-0.049466
0.044372
0.049648
-0.070591
-0.054472
-0.052001
-0.081712
-0.017486
-0.04084
-0.0067795
0.17047
-0.22828
-0.23551
-0.12765
-0.10115
-0.045888
-0.092661
-0.014586
-0.034934
0.00020455
0.029982
0.06652
0.11601
0.1941
0.20951
0.24811
0.21117
0.45034
0.36038
0.41748
0.32095
0.22346
0.19904
0.36728
0.52491
0.10055
-0.29727
-0.51053
-0.4207
-0.18302
-0.16761
-0.24387
-0.42263
-0.35602
-0.34794
-0.32734
-0.36617
-0.41087
-0.39086
-0.44221
-0.44861
-0.19001
-0.18137
-0.083209
0.041549
0.10005
0.27025
0.29917
0.053379
-0.0073792
-0.047972
-0.00033815
0.10125
-0.1065
0.033515
0.11264
0.14909
0.10359
0.25743
0.267
0.15648
0.044296
0.065004
0.03911
0.36873
-0.27996
-0.48151
-0.10781
0.045204
-0.12737
0.23274
0.4411
0.38836
0.30039
-0.10207
-0.16424
0.20422
0.32062
0.40288
0.33357
0.15772
0.10724
-0.076789
-0.13233
-0.016552
-0.087099
-0.11211
-0.036104
-0.10522
-0.11004
-0.056672
-0.13374
-0.0025055
-0.0074822
0.08483
-0.43175
-0.39998
-0.18853
-0.1024
0.04431
0.017144
-0.070259
-0.11585
-0.16832
-0.12894
-0.045789
0.045293
0.17256
0.16867
0.16037
0.046863
0.43066
0.18277
0.27373
0.24933
0.21698
0.39446
0.76236
0.70441
-0.0047402
-0.36577
-0.5204
-0.50194
-0.06243
-0.095755
-0.27507
-0.28438
-0.33223
-0.26625
-0.13995
-0.2083
-0.34817
-0.37902
-0.29419
-0.37473
-0.31298
-0.004468
0.12187
0.057289
0.18302
0.18287
-0.0079515
-0.19566
-0.20089
-0.090023
-0.12485
-0.14921
-0.17212
-0.15635
-0.22484
-0.028939
0.029207
0.18533
0.27037
0.13515
0.056128
-0.13105
0.10194
0.094099
-0.48128
-0.11081
0.070297
0.1028
0.17197
0.50624
0.46289
0.40421
0.15818
-0.042336
0.17033
0.37621
0.47205
0.36016
0.33126
0.25397
0.080775
0.043784
0.036881
0.052472
0.031123
0.012006
0.03089
-0.0090437
0.014306
0.080224
0.020086
0.094451
0.28258
-0.14565
-0.60647
-0.40917
-0.15671
0.17688
-0.12554
-0.17158
-0.19867
-0.29258
-0.24224
-0.24272
-0.16939
-0.031455
-0.0074847
0.053467
0.084753
0.027009
-0.0097181
-0.0097135
-0.036748
-0.028423
0.025857
0.036305
0.0032539
0.018762
0.0082034
0.036904
0.08277
0.065316
0.12116
0.080467
0.078633
0.07311
0.056276
0.079858
0.040288
0.028682
-0.006316
-0.025179
-0.016527
-0.011105
0.0088421
0.016137
-0.0010449
-0.013423
-0.018265
-0.015893
-0.021921
0.0059487
0.0045187
-0.01864
-0.020449
-0.040952
-0.032991
-0.019439
-0.010465
-0.009814
0.0024404
0.027207
0.027304
0.053431
0.038583
0.022924
0.016503
0.0054
-0.0048006
0.017138
0.0058001
0.011824
0.031881
0.047637
0.048601
0.039905
0.017786
0.022968
0.0095838
-0.013182
-0.0076165
-0.013691
-0.031957
-0.026701
-0.032579
-0.038344
-0.023597
-0.012312
-0.013876
-0.0055526
-0.013521
0.0061557
0.0098116
-0.0034741
0.01591
0.017946
-0.0086105
-0.0019951
-0.013864
0.016154
0.037487
0.01963
0.011912
-0.0042748
-0.042902
-0.029643
-0.058796
-0.056065
-0.050492
-0.063693
-0.06923
-0.043
-0.072713
-0.04727
-0.045511
-0.054828
-0.027907
-0.027492
-0.015081
0.0015536
-0.0012304
0.014404
0.013531
0.014826
0.031125
0.043806
0.048439
0.052597
0.050129
0.021751
0.028885
0.014124
0.015415
0.014943
0.01214
0.0044479
-0.0057547
-0.021234
-0.030169
-0.031302
-0.032333
-0.030769
-0.037859
-0.03257
-0.028156
0.00049269
-0.018291
-0.002843
0.016519
0.021265
0.06336
0.081456
0.051656
0.057541
0.053989
0.05948
0.089065
0.093645
0.095599
0.097226
0.067124
0.029958
0.029631
0.0061934
-0.0019094
-0.0052754
-0.010294
-0.012291
-0.030331
-0.025804
-0.053533
-0.054928
-0.07326
-0.069058
-0.059295
-0.05534
-0.033653
-0.024209
-0.012468
0.0017432
0.00025731
0.0092614
0.021991
0.022901
0.035619
0.036591
0.032486
0.0405
0.031657
0.030516
0.027428
0.023029
0.026924
-0.012252
-0.019826
-0.048978
-0.0738
-0.073599
-0.075015
-0.059729
-0.053985
-0.054028
-0.050245
-0.046193
-0.044642
-0.045877
-0.042093
-0.035607
-0.015451
0.0034597
0.0085173
0.015652
0.025483
0.028325
0.033609
0.03497
0.039557
0.038593
0.042059
0.028518
0.015601
0.015862
0.0088297
-0.0023337
-0.0050103
-0.013629
-0.020455
-0.020338
-0.030159
-0.03138
-0.033066
-0.029804
-0.020404
-0.018256
-0.01689
-0.011738
-0.0038441
0.0046696
0.0016541
0.012522
0.025052
0.033398
0.042729
0.043044
0.051775
0.048482
0.048938
0.04536
0.049913
0.030275
0.021888
0.027304
0.016171
0.022321
0.012635
-0.00090086
-0.0075216
-0.016051
-0.024093
-0.024341
-0.025042
-0.019664
-0.017491
-0.024646
-0.019464
-0.017909
-0.015134
-0.014798
-0.010216
0.000977
0.0066248
0.011134
0.017639
0.016675
0.01839
0.021109
0.02172
0.019441
0.013738
0.017032
0.0085407
0.0034737
-0.0019358
0.00072216
-0.0070015
-0.010572
-0.025383
-0.03411
-0.023442
-0.040846
-0.022197
-0.033755
-0.019426
-0.037284
-0.022574
-0.028722
-0.02347
-0.022503
-0.016157
-0.0087013
-0.0055739
0.0032797
0.0059866
0.0029647
0.0038405
0.0081963
0.0099815
0.0093236
0.0067384
0.014269
0.011869
0.0094259
0.0071466
0.00267
0.0055807
0.0024838
-0.0021031
-0.0062744
-0.0036755
-0.0074329
-0.0042841
-0.012236
-0.0095583
-0.0054892
-0.0046166
-0.0053219
-0.0069792
-0.011254
-0.0012971
-0.00091564
0.00089942
0.0066802
0.0021579
0.012863
0.003596
0.013396
0.03218
0.010098
0.01467
0.019738
0.043987
0.016822
0.016542
0.020581
-0.0053974
0.0031376
-0.003485
-0.0076352
-0.012312
-0.0094465
-0.01255
-0.013474
-0.0080854
-0.014015
-0.0068708
-0.010434
0.00030351
0.0012404
0.0045265
0.0203
0.013026
0.011782
0.010998
-0.0013667
0.0089983
-0.0042599
0.0027227
0.0083356
0.010963
0.0015454
0.0042494
-0.0033471
-0.00035927
0.00062113
-0.0053615
-0.0078327
-0.0078591
-0.0059234
-0.0047126
-0.012241
-0.0081436
-0.0065059
-0.0059158
-0.0045616
-0.010007
-0.0069533
-0.0089326
-0.01073
-0.010741
0.001203
-0.0020667
-0.0021791
0.0020069
0.0010632
-0.0059329
-0.0075598
0.0080815
0.0026081
-0.0047965
0.0059092
-0.0011659
0.0046801
0.0013289
-0.0004298
-4.8364e-06
-0.0042513
-0.0043514
0.0014403
-0.00089629
0.0014478
6.8396e-05
9.2901e-05
0.0046713
-0.0015508
-0.0013336
-0.0014876
-0.0031334
-0.00097269
0.0035664
-0.0016497
-0.003001
-0.00082339
-0.0026056
-0.0019373
-0.0075552
-0.0007422
-0.009832
-0.0036403
-0.0015613
-0.0051506
0.008901
0.0031186
0.0048291
0.0040728
0.0032812
0.0067106
0.0030092
0.004019
0.0088863
0.0063276
0.0074063
0.0072101
0.0035242
0.0047313
0.0082437
-0.0050895
0.00060936
-0.0030147
-0.0044028
-0.0035138
-0.0067581
-0.010762
-0.0023665
-0.0034895
-0.0083468
-0.0080813
-0.0088315
-0.006713
-0.0046281
-0.0076024
-0.0055191
-0.0023358
0.0012648
0.00049112
-0.0011284
-0.0010781
-0.0013707
0.0084107
0.0038558
0.0058619
0.0045661
0.0003789
0.0046166
0.00474
0.0042665
0.0070236
-0.0017758
-0.0027295
-0.00080146
-0.0086807
-0.0037175
-0.003001
-0.0065114
-0.0084839
-0.0065436
-0.0064923
-0.011054
-0.010643
-0.017209
-0.0076627
-0.0020173
-0.0083535
-0.00067749
-0.0041881
-0.0056527
-0.0014236
-0.0063699
0.0031366
0.0029228
0.0064815
0.0097297
0.0024287
0.00634
0.0041096
0.0070477
0.0062894
-0.0077901
-0.0013837
-0.0015437
-0.0087128
0.0023147
-0.0043207
-0.0035493
-0.0032977
-0.0093304
-0.0057445
-0.0054359
-0.0045478
-0.0030494
-0.0031041
-0.0043636
0.0068768
8.0436e-05
-0.0015263
0.0068336
0.0081829
0.016642
0.002145
0.016904
0.0093243
0.011929
0.01535
0.0081252
0.01074
0.0053026
0.0035089
0.0056105
0.006492
0.0032798
-0.0024858
-0.00083064
-0.0018797
-0.0068232
-0.0082166
-0.0068308
-0.0028795
-0.0060948
-0.001851
-0.0032332
-0.0075649
-0.0029741
-0.0073031
-0.0082814
-0.0061604
-0.0071228
-0.002742
-0.0040934
-0.0032742
-0.0063101
-0.0014768
-0.0036214
0.001014
-0.0026226
-0.0023799
0.0020681
-0.00041572
0.0016563
-0.00090317
0.00026434
0.0025051
-0.0027508
0.0043326
-0.0021358
-0.0067318
-0.0045997
-0.004365
-0.0013073
-0.0013082
-0.00038775
0.0018851
-0.0039126
-0.0070953
-0.0031776
-0.0047084
-0.0055926
-0.0025617
0.0015872
-0.0043241
