0.0024017
0.00031781
0.0046698
-0.0009101
0.002068
-0.0026582
0.00079482
-0.0030688
0.00053025
0.0081062
0.0088448
0.00059468
-0.0013338
0.0058423
-0.00065592
-0.0038803
0.00048823
-0.0039187
-0.0020481
-0.0023578
0.0064609
-0.00080898
-0.0024305
-0.0071994
-0.0013192
0.00010477
0.00077226
-0.0018335
0.00022603
0.0056914
-0.0030129
-0.0010424
0.0051032
0.0020234
-0.0046559
0.0017428
0.0012795
0.0041664
-0.0061987
0.0016978
0.0068592
0.0019959
0.0051369
-0.00053854
-0.00058733
0.00057077
-0.0013823
-0.0010112
-0.0061578
0.00047578
-0.0025222
0.0036616
0.00057883
0.0027229
-0.0026269
-0.00091038
0.00080344
0.0044429
0.0048945
-0.0056284
-0.0055295
0.00051493
-0.00033639
0.0015474
-0.0053183
-0.00026927
-0.0021739
-0.0028615
-0.0036345
0.0013
-0.0018128
0.00072806
-0.0019554
0.0019198
0.00018223
-0.00095206
0.0026994
0.0056041
-3.7381e-05
0.0028646
0.0028343
0.00014588
-0.0054947
0.0013794
-0.0015779
0.0041777
-0.0060904
-0.0032145
0.0041367
-0.002484
0.0013581
-0.00053022
-0.003651
-0.002555
-0.0022464
0.0050656
0.0023654
0.0077506
-0.0008358
0.0018379
0.0014153
0.0028958
-0.0016343
0.0012496
0.0023391
0.00033793
0.0014327
0.0043085
-0.0026513
-0.0053905
0.0051101
-0.00038991
-0.00023514
0.00082916
0.00036402
-0.0006059
-1.0785e-05
0.0018922
0.00024231
-0.0018979
0.0045396
-0.00247
-0.0027838
0.0021666
0.0020482
0.0032927
-0.00033952
0.00068249
0.0035058
-0.0024978
-0.00097459
-0.0039741
0.0019487
0.00068026
-0.0018559
0.0011304
-0.00078646
-0.0015063
0.004864
-0.002002
0.0016487
-0.0016118
-0.0060871
-0.0043627
0.0019827
-0.0018184
0.0027339
-0.0012897
0.0016451
0.0013221
0.0008821
0.0010731
-0.0027579
4.9412e-05
-0.0019104
0.0011328
-0.0011202
-0.0047374
0.0030619
0.003305
0.0012202
-0.0048229
0.0058147
0.0026308
-0.0045106
-0.0015686
-0.0031242
0.0002654
-3.7414e-05
-0.0028475
0.004771
0.004012
-0.00076194
0.0019066
0.0038492
-0.000245
0.0014631
-0.00038375
0.0066192
0.0012483
0.0035833
0.0021806
0.0011834
0.0031722
-0.0039584
0.0018151
0.0010037
0.00061479
0.004198
-0.0023723
-0.00075023
-0.0020195
0.0048211
0.00045921
-0.0062717
-0.001786
-0.00032982
-0.0042785
-0.0026255
0.0032493
-0.001203
0.002019
-0.00093728
-0.00575
-0.0010387
0.0031076
0.00030737
0.007126
0.0037097
0.0024855
-0.0059383
-0.0054364
-0.0044134
0.0018563
0.0023153
0.0020261
-0.0038181
0.0045954
0.0029182
0.0025668
0.0054367
0.0018899
0.0043333
-0.0077336
0.00094929
0.0047786
-0.0022613
0.003156
-0.0034587
-0.0027011
0.0026989
-0.00022316
0.00054257
-0.00053955
-0.003514
0.00052495
0.0059286
-0.0011305
-0.00030454
-0.002981
0.00036916
-0.0035991
0.0090941
-0.0021336
0.0011309
0.0053512
-0.001309
0.00090281
0.0056923
-1.875e-05
-0.00029932
0.0043872
-0.0047976
-0.0010039
-0.00038452
-0.0011384
0.0041406
-0.0014319
0.005788
-0.0028571
0.0022917
-0.0030524
0.0017036
0.0020533
0.0088561
0.0019752
0.0021832
0.00090963
0.0017651
0.0024871
0.0020681
0.0058269
0.0038381
-0.0014518
0.00069277
-0.0005572
-0.00097307
-0.0016677
-0.0021638
0.0024338
0.0037616
0.0013265
-0.0017449
-0.011498
-0.0092655
0.0010523
-0.011545
-0.003491
0.00031996
0.010603
0.0017014
0.012417
0.0035859
0.0040858
-0.012745
0.0092612
0.0088559
-0.0046477
0.0075868
0.02716
0.023853
0.036635
0.0068111
0.010864
0.0017585
0.0033235
-0.0099832
0.024844
0.039203
0.017332
0.029677
0.056196
0.067167
0.079477
0.056822
0.0020407
0.1757
0.14312
0.084061
0.03385
-0.015779
0.050416
0.12499
0.2603
0.36685
0.44318
-0.17212
-0.23506
-0.25093
-0.16675
-0.21308
-0.21079
-0.25097
-0.13406
-0.12485
-0.10268
-0.0082755
0.016166
-0.07522
-0.089627
0.0055795
-0.23664
-0.21366
-0.1414
-0.043996
-0.2388
-0.27766
-0.044122
0.10603
0.078659
-0.0097017
-0.055353
-0.010112
0.060488
0.018508
0.030317
0.094513
0.13074
0.23139
0.11193
0.008995
-0.32075
-0.21476
-0.29576
-0.38066
-0.42872
-0.48753
-0.64168
-0.67711
-0.7099
-0.6037
-0.43434
-0.13735
-0.012891
0.41654
0.12195
-0.021679
-0.031389
0.10698
0.28594
0.19615
-0.021122
-0.26603
-0.37671
-0.57071
-0.71604
-0.33662
-0.06514
0.011234
0.10194
0.036311
0.12413
0.24048
0.29006
-0.092044
0.10255
0.04247
-0.080481
0.040705
0.098252
0.39335
0.49633
0.41434
0.13445
0.0079594
-0.062684
-0.16821
0.18946
0.31753
0.35597
0.6996
0.6062
0.19789
-0.046602
-0.49917
-0.50917
-0.57283
-0.30905
-0.12587
-0.22803
-0.24595
-0.24563
-0.18082
-0.041481
0.1252
0.27583
0.28556
0.18135
-0.19891
-0.32553
-0.39222
0.021056
0.001103
0.064916
0.09566
0.27137
0.34496
0.28248
-0.041392
-0.1416
-0.15265
-0.10914
-0.037314
-0.08632
-0.10748
-0.09538
0.053904
-0.094418
-0.22407
-0.32414
-0.51985
-0.59564
-0.76738
-1.0427
-1.048
-0.88165
-0.56696
-0.30122
-0.17984
0.14559
-0.066386
0.089551
0.29797
0.44002
0.53368
0.47186
0.3243
0.114
-0.13067
-0.45421
-0.62789
-0.46838
0.07328
-0.072201
0.0051228
0.27171
0.0097959
-0.027641
-0.043987
0.17691
0.29924
0.38573
0.44303
0.36856
0.33651
-0.0041079
-0.17176
-0.13595
-0.046404
-0.10007
0.19424
0.16295
0.78036
0.5641
0.32067
0.06835
-0.30469
-0.36501
-0.14109
-0.20563
-0.15713
-0.16153
-0.27717
-0.4127
-0.40523
-0.23013
-0.15165
-0.013955
0.017814
-0.076848
-0.21958
-0.27996
-0.095401
-0.22555
-0.098863
0.24744
0.33362
0.23327
0.061959
0.15028
0.042656
-0.052699
-0.11108
-0.072939
-0.065791
-0.21773
-0.38104
-0.17657
-0.33904
-0.22903
-0.33237
-0.38363
-0.65175
-0.94361
-0.9919
-0.83286
-0.47779
0.11862
0.30336
0.48648
0.54125
0.24933
0.1259
0.11324
0.22594
0.40342
0.43892
0.45618
0.30558
0.095914
-0.17664
-0.54973
-0.3715
-0.074953
-0.027424
0.16709
0.25314
0.1652
0.23824
0.51829
0.26048
-0.16288
-0.24796
-0.12742
0.086827
0.054723
0.42576
0.66571
0.45915
0.11621
-0.1423
-0.3676
-0.10854
-0.10908
-0.14812
-0.12108
0.055694
0.1667
0.17912
0.47408
0.40715
0.35992
0.28215
0.086572
-0.092133
-0.3217
-0.57148
-0.48734
-0.53736
-0.11649
0.20629
0.14203
-0.034342
-0.1169
-0.19961
-0.15005
0.010631
0.048848
0.1136
-0.1648
-0.13464
-0.35552
-0.027039
-0.016963
0.086724
0.16638
-0.25324
-0.2478
-0.08581
0.0058582
-0.01671
0.030942
0.09046
0.051721
-0.1493
-0.29077
-0.14936
-0.070818
-0.113
-0.17682
-0.30617
-0.34069
-0.36058
-0.59254
-0.92765
-0.77511
-0.38849
-0.056746
0.27688
0.53433
0.44185
0.23703
0.08773
0.069414
0.2138
0.4122
0.36877
0.4559
0.30624
0.12828
-0.065557
-0.030306
-0.091923
0.34266
0.29667
0.25852
0.23075
0.39421
-0.10898
-0.18949
-0.16787
-0.025709
0.060392
0.25612
0.617
0.5548
0.2195
-0.064417
-0.29862
-0.011329
0.086458
-0.010412
-0.024831
-0.072105
0.19088
0.22166
0.26999
0.3775
0.76428
0.24112
0.15267
-0.0052592
-0.228
-0.5286
-0.41292
-0.35559
-0.11926
0.23871
0.21378
-0.30712
-0.19023
-0.093797
-0.060889
-0.14527
-0.37414
-0.32855
-0.033785
-0.064992
-0.11608
-0.068395
0.11445
0.33157
-0.015835
-0.19418
-0.20943
-0.088147
0.044308
0.13062
0.25425
0.26851
0.19825
-0.074653
-0.2612
-0.22006
-0.1737
-0.15723
-0.12391
-0.20547
-0.38299
-0.19741
-0.34682
-0.76338
-1.0211
-0.85293
-0.43398
-0.088554
0.35498
0.083417
0.25155
0.45491
0.42011
0.18794
-0.053687
-0.27777
-0.37208
-0.13539
-0.10185
-0.074798
0.10345
0.26295
0.16685
0.25052
0.68744
0.1667
-0.15934
-0.35535
-0.19852
-0.0022873
0.26828
0.79463
0.66971
0.24322
-0.10747
-0.27971
-0.45483
-0.06622
0.005079
-0.0018309
-0.15168
0.076544
0.060637
0.24589
0.37862
0.5165
0.36829
-0.3179
-0.50148
-0.53308
-0.36518
0.17021
0.27674
0.05308
-0.19669
-0.34178
-0.29943
-0.12714
-0.061519
-0.0084447
0.062128
-0.13185
-0.22204
-0.53457
-0.23685
-0.14722
-0.15848
-0.11949
0.11332
0.21706
0.06637
-0.1289
-0.088847
-0.04327
0.0079655
0.2023
0.23155
0.15695
-0.05426
-0.011886
-0.23815
-0.18762
-0.37405
-0.20361
-0.16007
-0.30672
-0.24868
-0.49783
-0.59745
-0.9691
-0.79763
-0.5487
-0.10342
0.28424
0.12609
0.20589
0.4263
0.49281
0.44225
0.50013
0.28507
0.046352
-0.28719
-0.063287
-0.013915
-0.055282
0.015781
0.46374
0.20964
0.21255
0.14218
0.34097
-0.02675
-0.24889
-0.30425
-0.1334
0.034291
0.54173
-0.18094
-0.25581
-0.084284
0.0098981
-0.064391
0.10388
0.073132
0.2601
0.30684
0.58327
0.41939
0.68235
0.42777
0.16903
-0.099864
-0.27817
-0.71907
-0.50594
-0.55599
-0.025367
0.17052
-0.033969
-0.10573
-0.19445
-0.26448
-0.30821
-0.086187
-0.022651
0.084397
0.032625
-0.26431
-0.34314
-0.23187
-0.0093184
0.13261
0.1999
-0.17418
-0.26761
-0.25134
-0.1077
-0.053739
0.12639
0.26116
0.10402
-0.19718
-0.30269
-0.19594
-0.027258
-0.23052
-0.11345
-0.12223
-0.1288
-0.074449
-0.30755
-0.49342
-0.74005
-0.5797
-0.10976
0.26709
0.55138
0.56987
0.21588
-0.087126
-0.040383
0.15326
0.30097
0.48641
0.47926
0.47379
0.37504
0.16763
0.010912
-0.062093
0.1453
0.014141
-0.25117
0.30686
0.46216
0.15394
-0.17848
-0.28147
-0.11679
0.19678
0.36098
0.312
0.36427
0.1514
0.078566
-0.042043
-0.16399
0.1353
0.17568
0.062481
-0.063365
-0.063828
0.047746
0.24291
0.32854
0.61563
0.74494
0.90764
1.2243
1.0618
0.58704
0.47941
0.47234
0.63116
0.66533
0.79962
0.83927
0.74611
0.70431
0.87869
0.78564
0.63591
0.56533
0.089885
-0.07968
0.065752
0.10291
-0.039004
0.14108
0.16072
-0.0084273
0.084163
0.093679
0.010483
-0.024884
0.020178
0.12059
-0.024162
-0.022361
-0.18095
-0.37377
-0.52521
-0.6941
-0.65964
-0.39011
-0.021788
0.22528
0.60794
0.47159
0.57987
0.70853
0.66981
0.76643
0.9202
0.94928
0.88249
0.98954
0.98985
0.94555
0.82533
0.71744
0.54581
0.43621
0.32962
0.15377
0.19925
0.66339
0.81398
0.66585
-0.035211
0.15978
-0.054595
-0.088632
0.054774
0.084751
0.047991
-0.014829
0.045944
0.029062
0.036041
0.023953
0.0688
0.056139
0.10007
-0.024171
-0.13443
-0.0042772
0.13763
0.46656
0.41486
0.51658
0.52616
0.70349
0.7076
0.68097
0.8316
0.70961
0.52799
0.48981
0.54677
0.49508
0.4275
0.55022
0.69896
0.52
0.82457
0.94666
0.23192
0.0226
0.14629
0.33703
0.25779
0.20155
-0.006767
0.050912
0.14851
0.1755
0.035327
-0.011629
-0.0053369
-0.050652
-0.060427
-0.016495
0.011936
0.10239
0.080938
-0.10806
-0.27144
-0.45631
-0.51111
-0.55972
-0.56603
-0.30136
0.18183
0.34847
0.69804
0.47425
0.66021
0.42836
0.34453
0.5006
0.76797
0.90589
1.0077
0.94681
0.89213
0.74165
0.63034
0.249
0.29455
0.37202
0.84728
0.79014
0.21353
-0.60503
-0.33371
-0.14106
0.10228
0.2406
0.097959
0.064519
-0.021376
-0.057714
-0.1802
0.017128
0.074792
-0.010327
-0.09497
-0.012584
0.02297
0.22388
0.38416
0.13691
-0.10075
-0.08758
0.055063
0.44267
0.62774
0.61889
0.58936
0.53089
0.64377
0.64719
0.6951
0.56376
0.39854
0.42053
0.4544
0.45673
0.59426
0.6678
0.7728
0.8227
0.3842
0.46498
0.24626
-0.22054
0.23917
0.25701
0.23391
-0.025529
0.13193
0.24125
0.19222
-0.02337
-0.0008974
-0.14488
-0.10812
0.022851
0.10341
0.14192
0.04498
-0.051474
0.040461
0.0016432
-0.23749
-0.40619
-0.5088
-0.60575
-0.32292
-0.15717
0.2431
0.52553
0.63739
0.62569
0.51411
0.52133
0.51465
0.65953
0.73131
0.88785
0.69639
0.56992
0.59409
0.25423
0.25417
0.22642
0.27207
0.67641
0.56866
-0.33637
-0.16187
-0.074017
0.21106
0.15039
0.14898
-0.052382
-0.087382
-0.17045
-0.063686
0.031829
0.020442
-0.017072
-0.010861
0.085677
0.068458
0.15232
0.34395
0.15493
0.10732
-0.11386
0.069323
0.34022
0.49283
0.47666
0.4062
0.39317
0.75988
0.57315
0.62932
0.47361
0.5536
0.42695
0.43135
0.41215
0.55957
0.63479
0.65013
0.63447
0.70798
0.53257
0.24714
-0.085107
0.016102
0.25528
0.14358
0.086015
0.0036501
-0.028738
0.17478
0.14209
0.19439
0.034182
0.0991
-0.052177
-0.057932
0.05057
0.15568
0.17614
-0.1096
0.05186
-0.13871
-0.44535
-0.55804
-0.52825
-0.55446
-0.40817
-0.21105
0.18362
0.26931
0.5961
0.50959
0.60957
0.32745
0.4267
0.62737
0.8159
0.99303
0.8698
0.82421
0.7242
0.62133
0.61698
0.55432
0.51222
0.45227
0.38886
0.36732
0.29527
0.53868
0.48093
0.26763
-0.16455
-0.17831
0.10243
0.20926
0.1108
-0.084284
-0.062374
-0.021529
0.027449
0.022233
-0.024497
0.0043908
0.040096
0.06494
0.026117
0.13736
0.36997
0.15968
0.044984
-0.12237
0.099379
0.60265
0.54403
0.405
0.55794
0.54972
0.48575
0.63674
0.60721
0.49836
0.31578
0.36444
0.5475
0.67801
0.69944
0.65833
0.62644
0.64594
0.61609
0.24477
0.17208
0.15856
0.21723
-0.011191
-0.071947
-0.16348
-0.20452
-0.045887
0.11864
0.29604
0.32227
0.21934
0.065358
-0.057514
-0.11844
-0.10432
-0.057026
0.092675
0.10317
0.098791
0.2193
-0.1193
-0.45453
-0.54066
-0.64868
-0.2929
0.055601
0.38456
0.5078
0.61269
0.53629
0.28475
0.41259
0.57631
0.75207
0.86549
0.84364
0.76341
0.55926
0.49683
0.37602
0.36584
0.29713
0.17155
0.9969
0.56097
0.18223
-0.33888
-0.070099
0.14221
0.14832
0.061927
0.038473
-0.029778
0.030049
0.031698
0.038257
0.013906
0.11208
0.10724
0.25528
0.24134
-0.20594
0.0758
0.259
0.52529
0.47216
0.35281
0.48811
0.52869
0.56999
0.72835
0.48863
0.37687
0.41853
0.49535
0.53005
0.6262
0.65939
0.7158
0.75047
0.80891
0.72701
0.037359
0.25026
0.29895
0.17484
0.36808
0.31055
0.098773
0.04863
0.16526
0.31337
0.22534
0.0741
-0.10532
-0.046293
-0.031345
-0.063004
0.041273
0.18178
0.28771
0.092843
-0.56414
-0.44817
-0.50305
-0.57497
-0.38263
-0.25937
0.26286
0.37063
0.59067
0.61013
0.52529
0.6395
0.87656
0.93906
0.80504
0.78168
0.58435
0.52014
0.41828
0.42167
0.31004
0.23555
0.20832
0.55206
0.53356
-0.0029675
0.28161
-0.085334
-0.11707
0.017398
0.096658
0.07264
-0.013263
0.045132
0.034588
0.024251
0.081063
0.10049
0.041638
0.080736
0.2508
0.056318
0.11469
-0.03052
0.23969
0.30054
0.41899
0.38829
0.33793
0.59304
0.73003
0.40992
0.39764
0.49559
0.48214
0.44076
0.56697
0.64359
0.64023
0.72625
0.76534
0.76374
0.34302
0.17068
0.22539
0.11021
0.040613
-0.254
-0.23635
0.16066
0.34052
0.48272
0.16832
-0.05924
-0.012614
-0.070774
-0.059289
-0.051402
-0.02353
0.12361
0.24869
-0.080777
-0.41554
-0.65061
-0.71929
-0.48539
-0.061744
0.11072
0.33257
0.38623
0.67889
0.070767
0.27741
0.51516
0.62949
0.81524
0.84949
0.7144
0.72412
0.63891
0.45714
0.3764
0.28586
0.19822
0.17327
0.27366
0.66857
0.30266
0.12512
-0.020183
-0.015953
-0.094444
-0.060741
0.039499
0.10081
0.039726
0.012162
0.089541
0.08153
0.054407
0.0664
0.34302
0.19803
-0.25587
-0.19693
0.004025
0.19321
0.26814
0.2419
0.4521
0.97748
0.73771
0.53048
0.50222
0.32171
0.31415
0.42692
0.51837
0.69352
0.67905
0.72804
0.71922
0.70266
0.69665
0.37178
0.19102
0.1521
0.21667
0.20629
0.038092
-0.090244
-0.034176
-0.016975
0.22025
0.24999
0.20866
0.071663
0.056706
0.0029656
-0.080922
-0.0094123
0.072218
0.30632
0.11801
-0.31754
-0.41381
-0.62535
-0.69257
-0.67642
-0.39003
0.14635
0.38982
0.26683
0.57116
0.38584
0.32653
0.22355
0.23765
0.88754
1.0167
0.69364
0.71759
0.63865
0.64076
0.55404
0.44901
0.27745
0.35522
0.22742
-0.020895
-0.014946
-0.01833
-0.060456
-0.012186
-0.13205
-0.11119
0.059287
-0.021203
-0.06451
0.019092
0.16576
0.15081
0.10765
0.072691
0.0064665
-0.11589
0.10125
0.68457
0.6757
0.39977
0.36441
0.21435
0.29934
0.042859
-0.20188
-0.31954
-0.54581
-0.52053
-0.26872
-0.22164
-0.28354
-0.4122
-0.54155
-0.63128
-0.50625
-0.24393
0.13031
0.1991
-0.20685
-0.16183
-0.35478
-0.46153
-0.16924
-0.27
-0.30816
-0.079038
0.012023
-0.45152
-0.37181
-0.18833
0.18981
0.26808
0.10931
0.097522
0.14071
0.035993
-0.064039
-0.0074082
0.01649
-0.083551
-0.0039487
-0.22205
-0.48591
-0.73978
-0.66007
-0.63195
-0.37043
-0.17931
0.11919
0.11963
-0.099664
-0.22081
-0.23199
0.12337
0.41414
0.50759
0.4263
0.27133
-0.035698
-0.033443
-0.080136
-0.40768
-0.19844
0.18072
0.15277
0.20158
0.17404
0.17493
-0.033791
-0.17723
0.057984
-0.011178
0.091164
0.13571
0.24667
0.39726
0.43699
-0.018479
-0.059643
0.15263
0.25088
0.151
0.018671
-0.12294
0.19317
0.0059821
0.24502
0.1586
-0.02858
0.22298
-0.1058
-0.26444
-0.14906
-0.35233
-0.52801
-0.15009
-0.095487
0.027683
0.23714
0.26099
-0.17433
-0.30222
-0.35911
-0.18561
-0.33056
-0.23416
-0.14363
-0.13209
-0.12903
-0.14684
0.095438
0.11433
0.013622
0.060208
-0.0083225
-0.29555
-0.20828
-0.060444
0.030805
-0.02076
-0.0016333
0.031211
-0.16187
-0.31946
-0.42351
-0.37298
-0.43871
-0.47691
-0.34746
-0.27857
-0.6937
-0.79615
-0.65252
-0.20319
-0.054111
0.22126
0.082477
-0.16378
-0.22829
0.25191
0.29299
0.53821
0.36676
0.27888
0.15145
0.10672
-0.37165
-0.36607
0.26443
0.08757
0.29373
0.31394
0.00084932
-0.24464
-0.26156
-0.28291
-0.012479
0.47638
0.42276
0.26614
-0.05154
-0.23508
-0.15306
-0.33716
-0.067765
0.3406
0.10617
0.19481
0.17599
0.13322
0.30194
0.77548
0.24463
0.11879
0.062923
-0.037577
-0.0236
-0.1951
-0.37976
-0.22539
-0.47325
-0.42758
-0.24592
-0.19513
-0.16357
-0.21843
-0.3143
-0.16761
-0.14539
-0.087462
-0.53678
-0.55737
-0.28308
-0.3867
-0.17161
-0.096045
-0.05904
-0.063462
-0.13491
0.29501
-0.040035
-0.19055
-0.2125
-0.28793
-0.18977
-0.091202
0.0286
0.264
0.43877
0.017001
-0.25063
-0.16816
-0.10774
-0.11882
-0.36909
-0.21214
-0.24255
-0.53843
-0.69905
-0.64256
-0.44598
-0.069468
0.30683
0.19309
-0.18094
-0.40509
-0.33116
-0.022862
0.30421
0.37622
0.3381
0.2737
0.12509
-0.045454
-0.0094013
0.034524
0.4067
0.3286
0.21352
0.12031
-0.013262
-0.10001
-0.070005
0.081583
0.42153
0.35246
0.17172
-0.21044
-0.32158
-0.19421
-0.26157
0.015359
0.001095
0.32861
0.0065185
0.17711
0.14204
0.27814
0.18008
0.12767
0.10187
-0.097131
-0.19521
-0.15629
-0.1745
-0.080655
0.14932
-0.20413
-0.11456
-0.077448
-0.15484
-0.27495
-0.35458
-0.40363
-0.21883
-0.20643
-0.07655
-0.22306
-0.26914
-0.15316
-0.15735
-0.21734
-0.159
-0.23403
-0.15057
0.12299
-0.078295
-0.14639
-0.23347
-0.14068
-0.019209
0.0046925
0.095898
0.025802
0.029065
-0.047733
-0.24866
-0.20539
-0.14702
-0.17925
-0.32117
-0.32369
-0.62328
-0.8533
-0.83003
-0.53445
-0.31509
-0.060661
0.10676
0.26197
-0.052468
-0.13206
-0.20451
-0.0077512
0.19809
0.3343
0.38714
0.32727
0.17253
0.017863
-0.043346
-0.25805
0.38208
0.076494
0.08319
0.22631
0.09296
-0.51426
-0.30043
-0.18461
0.2631
0.25224
0.0239
0.059341
0.24666
0.20698
-0.096192
-0.14919
0.057296
0.18375
0.21412
0.15677
0.18534
-0.013439
0.44911
0.45016
0.35352
0.17109
0.11535
-0.02851
0.062884
-0.15395
-0.21938
-0.39812
-0.37324
-0.22527
-0.19853
-0.060325
-0.11401
-0.22798
-0.22969
-0.18119
-0.079018
-0.090035
-0.1595
-0.4204
-0.58497
-0.14573
-0.2747
-0.11281
-0.0044756
-0.053707
0.23161
-0.067569
-0.13724
-0.25009
-0.20145
-0.090755
-0.032046
0.016876
0.2282
0.24794
0.054379
-0.15632
-0.12634
-0.11747
-0.13765
-0.43037
-0.47575
-0.52268
-0.72655
-0.58527
-0.37789
-0.15467
0.16058
0.33609
0.37459
-0.10195
-0.26638
-0.32898
-0.24156
0.079146
0.20889
0.20934
0.18366
0.19525
0.10738
-0.0078865
-0.031048
-0.040143
0.35985
0.28009
-0.035197
-0.097368
-0.28073
-0.026037
0.2285
0.37973
0.48965
0.21612
-0.01705
-0.21541
-0.22439
-0.20932
-0.022408
-0.030639
0.082609
-0.0057964
0.24575
0.2925
0.37573
0.14533
0.19701
0.05071
-0.082075
0.079612
0.11352
-0.10327
-0.23937
-0.30243
-0.18821
-0.39762
-0.21392
-0.0050853
-0.08873
-0.076559
-0.15493
-0.17776
-0.20784
-0.040822
-0.16279
-0.57009
-0.50164
-0.42308
-0.21058
0.048133
-0.079085
-0.12873
0.026816
-0.047129
-0.16282
-0.1775
-0.18128
-0.14733
-0.05873
0.11037
0.17564
0.2375
0.10903
-0.18732
-0.11684
-0.02627
-0.16042
-0.28017
-0.078374
-0.30883
-0.57489
-0.68998
-0.55338
-0.13257
-0.10507
0.23686
0.16398
-0.043788
-0.22302
-0.30105
-0.15001
-0.039622
0.2387
0.30178
0.26851
0.18105
0.15609
-0.25303
-0.57866
0.19124
0.21892
0.2855
0.40856
0.012903
-0.14272
-0.14615
0.10882
0.37427
0.47608
0.4207
0.085457
-0.13423
-0.26279
-0.383
-0.056515
0.33137
0.12837
0.27463
0.12382
0.15614
0.14689
0.25247
0.2355
0.30243
0.05599
0.12833
-0.030314
0.23842
-0.021708
-0.23392
-0.4104
-0.4494
-0.19514
-0.18798
-0.023811
-0.011906
-0.15868
-0.20541
-0.25249
-0.17206
-0.5461
-0.31737
-0.17106
0.056712
0.031526
-0.1237
-0.174
-0.20246
0.21325
-0.16293
-0.24248
-0.27338
-0.25167
-0.085115
0.048719
0.12073
0.34173
0.30095
0.0080306
-0.26525
-0.044842
0.072334
-0.048287
-0.18307
-0.48547
-0.3141
-0.46064
-0.51627
-0.49937
-0.2718
-0.062928
0.16886
0.21992
0.02938
-0.065739
-0.098909
-0.1266
0.074541
0.23969
0.29331
0.23817
0.089691
-0.072368
-0.20477
-0.068365
-0.43815
0.00017359
-0.30263
-0.029159
0.28053
0.16478
0.19578
0.18371
0.54581
0.5547
0.26275
-0.058479
-0.19913
-0.0995
-0.036962
-0.14549
-0.013411
0.024689
0.095838
0.081452
0.18779
0.24001
0.38783
0.37846
0.42631
0.41263
0.061218
-0.032198
0.084565
-0.19028
-0.33142
-0.088617
-0.22775
-0.19813
-0.14309
-0.17654
-0.18466
-0.26493
-0.25388
-0.1496
-0.23083
-0.2637
-0.30233
-0.40065
-0.47176
-0.27101
-0.26819
-0.33794
-0.36047
-0.16703
-0.055741
-0.10039
-0.31888
-0.24063
-0.13114
-0.04302
-0.0038333
0.14485
0.23516
0.20241
0.18624
0.11322
0.094955
0.092464
-0.09188
-0.083081
-0.16973
-0.34506
-0.44274
-0.48941
-0.7358
-0.96639
-0.81318
-0.5552
-0.1923
0.25926
0.40583
0.55919
0.11025
-0.0011056
0.021711
0.041883
0.072973
0.20508
0.25191
0.20955
0.10918
-0.081613
-0.32528
-0.21314
-0.53438
0.02411
-0.050777
0.25569
0.31371
0.26298
0.15091
-0.13243
-0.24411
-0.1872
-0.17377
0.1191
0.24756
0.18684
0.21011
0.21961
0.01546
-0.013559
-0.25999
-0.022615
0.13001
0.09339
0.2094
0.20468
0.10712
0.063458
0.33374
0.003617
0.32198
0.30323
0.12785
0.32644
0.029559
-0.077158
-0.19026
-0.49624
-0.36955
-0.12297
0.030252
0.058535
-0.067436
-0.17712
-0.19022
-0.3525
-0.20912
-0.16568
-0.34717
-0.77894
-0.65887
-0.28641
-0.099329
-0.19356
-0.076501
-0.073345
-0.19415
-0.13097
-0.086203
0.33051
-0.09224
-0.26178
-0.15967
-0.19354
0.027706
0.17038
0.19492
0.25953
0.19716
0.014578
-0.25805
-0.043547
-0.12149
-0.34189
-0.18017
-0.34491
-0.53299
-0.65347
-0.54655
-0.22095
0.19004
0.39754
0.26571
-0.045508
-0.21576
-0.34275
-0.27144
-0.045075
0.11532
0.33254
0.23583
0.17624
0.086436
-0.032204
-0.10587
-0.52887
-0.024457
0.45159
0.35216
0.30031
0.28309
-0.36131
-0.34203
-0.24771
0.21885
0.78003
0.50514
0.040936
-0.075502
-0.063217
-0.33564
-0.21667
0.087638
0.35126
0.11197
0.21997
0.31113
0.23613
0.16532
0.37072
0.19182
0.068378
-0.040905
0.18192
0.037344
-0.14499
-0.29706
-0.32422
-0.11633
-0.030632
0.030805
-0.069013
-0.1147
-0.31913
-0.04991
-0.61827
-0.47256
-0.2905
-0.17247
-0.19102
-0.12613
-0.067581
-0.044532
0.031499
0.23488
-0.076414
-0.30479
-0.32608
-0.34207
-0.23504
-0.040782
0.055482
0.12672
0.15141
0.12467
0.082917
-0.14158
-0.041804
0.025871
-0.12207
-0.19686
-0.22007
-0.25108
-0.58683
-0.64169
-0.45643
0.057248
-0.071332
-0.2896
-0.33164
-0.33534
0.015197
0.31272
0.37199
0.15
0.12418
0.036253
-0.12091
-0.39261
-0.11024
-0.284
0.28991
0.31383
0.28559
0.37784
-0.16289
-0.29978
-0.26011
-0.092857
0.16528
0.40606
0.50679
0.1942
-0.12234
-0.2028
-0.21259
-0.084728
0.075849
0.051193
0.026434
0.1125
0.20823
0.14813
0.34203
0.27768
0.017523
0.012569
-0.025295
-0.16613
-0.35404
-0.19546
-0.49204
-0.061789
0.066387
-0.08866
-0.25813
-0.19514
-0.24988
-0.16586
-0.13853
-0.25817
-0.75053
-0.6035
-0.44991
-0.23507
-0.319
-0.23996
-0.11169
-0.11223
-0.097761
-0.17544
-0.172
-0.12073
-0.13881
-0.035003
0.0031986
0.13351
0.2262
0.3084
0.2851
0.28617
-0.081324
0.049455
0.04001
0.038254
-0.17861
-0.084175
-0.29485
-0.41474
-0.71139
-0.89909
-0.59169
-0.34842
0.014491
0.32645
0.35603
0.78707
0.007812
0.059617
0.24296
0.33687
0.062638
-0.012572
-0.18769
-0.20684
-0.54744
-0.2673
-0.12102
0.42302
0.37617
0.58923
0.50288
-0.12573
-0.34729
-0.16654
-0.073656
0.26394
0.6614
0.43257
0.086984
-0.15927
-0.10499
-0.046915
-0.24189
-0.19817
0.33058
0.32988
0.15294
0.087325
-0.036479
0.60928
0.40134
0.25511
0.18494
-0.039408
0.019347
-0.052488
-0.18375
0.021348
0.079198
0.010872
-0.15245
-0.18746
-0.13598
-0.077623
-0.014836
-0.17535
-0.38756
-0.57236
-0.48586
-0.091039
-0.15929
-0.23586
-0.21067
0.022717
-0.0078935
-0.12162
-0.015957
-0.084888
-0.0060873
-0.081229
-0.14256
0.056007
0.17545
0.23218
0.22978
0.060253
-0.17019
-0.18687
-0.14914
-0.08075
-0.26294
-0.38581
-0.33874
-0.54402
-0.6348
-0.60907
0.4364
0.50317
-0.19196
-0.31447
-0.25375
-0.024308
0.16054
0.27759
0.34504
0.29669
0.083348
-0.0065013
0.034766
-0.38094
-0.43562
-0.45155
-0.012948
0.24995
0.4882
0.55533
0.058579
-0.13772
-0.34233
-0.29854
-0.17824
0.26686
0.57255
0.45726
0.096793
-0.21057
-0.18364
-0.18535
-0.16807
0.017438
0.11277
0.14066
0.03776
0.46842
0.19141
0.37735
0.085834
0.38395
0.036111
-0.028218
-0.19062
-0.42884
-0.40467
-0.038056
-0.07849
-0.013522
-0.22745
-0.32305
-0.28953
-0.12371
-0.21075
-0.43355
-0.49777
-0.5376
-0.48544
-0.31943
-0.29346
0.016694
-0.1656
-0.21625
-0.07352
-0.077885
-0.016524
-0.12891
-0.22145
-0.21835
-0.11608
0.33382
0.3064
-0.011045
-0.021888
0.28078
0.30888
0.50915
0.33697
0.108
-0.23821
-0.6996
-0.75558
-0.48181
-0.019757
0.54078
0.48659
0.16659
-0.071748
-0.18824
-0.151
-0.14257
0.064739
0.17997
0.019972
-0.16168
-0.27274
-0.5039
-0.42215
-0.43033
0.0079452
-0.11787
-0.36052
-0.3347
-0.34341
-0.3037
-0.063721
-0.054602
0.063839
0.12304
0.20301
0.27138
0.30566
0.19007
0.095116
0.018934
-0.16873
-0.19102
0.12134
0.51289
0.062248
-0.15161
-0.27748
-0.503
-0.55442
-0.57938
-0.58022
-0.65449
-0.90759
-0.97542
-0.85715
-0.75226
-0.86482
-0.88281
-0.76398
-0.63804
-0.62599
-0.63491
-0.48358
-0.53814
-0.72769
-0.8622
-1.1623
-0.58824
-0.097466
-0.3481
-0.45954
-0.35614
-0.092581
0.07821
0.18666
0.11014
-0.1148
-0.054232
0.0038017
0.051605
0.02766
0.19724
-0.060014
-0.026598
0.084058
0.3462
0.334
0.2926
0.37121
-0.16332
-0.58923
-0.65183
-0.7353
-0.58977
-0.23276
0.13653
0.09929
0.11578
-0.13759
-0.3452
-0.54053
-0.60552
-0.7065
-0.54083
-0.4913
-0.50427
-0.44757
-0.4423
-0.43378
-0.32629
-0.2859
-0.37912
-0.078876
-0.51147
-0.26895
0.039417
0.051507
0.08269
0.026894
0.0079019
0.045054
0.086901
0.10615
0.086778
0.1353
0.23242
-0.0306
-0.2819
-0.09294
-0.025182
0.09437
-0.15142
-0.31622
-0.58035
-0.64366
-0.65785
-0.62945
-0.51242
-0.68612
-0.8283
-0.92306
-0.96961
-0.94499
-0.98976
-0.95323
-0.86638
-0.59903
-0.52468
-0.45308
-0.46211
-0.67732
-0.88285
-0.9819
-0.61427
-0.25612
-0.040929
-0.088289
0.10783
0.11582
0.16945
0.086195
0.036639
0.00070139
-0.099416
0.027695
0.046412
0.035534
-0.0054464
-0.12987
-0.21294
-0.26899
-0.090838
0.15119
0.29002
0.24557
0.20874
0.2498
-0.05833
-0.35404
-0.45281
-0.6566
-0.48491
-0.12456
0.05151
0.16516
0.2943
-0.0028695
-0.12597
-0.257
-0.37429
-0.36564
-0.38161
-0.45442
-0.54097
-0.56624
-0.48623
-0.3508
-0.11127
-0.045146
-0.12207
-0.22431
-0.27575
-0.012359
0.038588
-0.12928
0.052663
0.13485
0.22939
0.23255
0.34848
0.33725
0.18288
0.064765
0.038173
0.051017
-0.035284
0.12212
0.32699
0.040166
-0.11801
-0.40273
-0.41323
-0.48503
-0.36214
-0.56851
-0.85305
-0.98322
-0.99634
-0.98877
-0.91729
-0.82533
-0.44392
-0.48492
-0.56021
-0.66605
-0.78632
-0.72516
-0.48855
-0.097896
-0.050771
0.029371
-0.028641
0.081182
0.042246
-0.12522
-0.15906
-0.12361
-0.11774
-0.089656
-0.017853
0.014014
0.042616
-0.026153
0.021122
-0.060257
-0.05905
-0.13343
0.09372
0.31693
0.41027
0.33991
0.48376
0.084586
-0.30391
-0.44501
-0.65815
-0.62769
-0.36605
-0.045657
-0.0001968
0.11195
-0.18326
-0.30843
-0.37746
-0.43653
-0.43849
-0.42066
-0.35177
-0.47037
-0.34956
-0.12186
0.049811
-0.11582
-0.15203
-0.35318
-0.25457
-0.29348
-0.23485
-0.179
-0.036243
0.021612
0.018272
0.11993
0.1122
0.12101
0.13095
0.22011
0.21601
0.19266
0.00174
-0.021811
0.07818
0.20531
0.26234
0.24418
-0.058739
-0.31136
-0.47817
-0.57409
-0.50821
-0.37679
-0.53635
-0.84443
-0.96394
-0.8071
-0.88217
-1.0007
-0.97827
-0.94294
-0.83627
-0.76485
-0.66711
-0.75134
-0.73949
-0.11493
-0.15936
-0.10386
0.042224
0.03264
0.015667
0.10227
0.097204
0.05322
-0.0076326
0.0067196
-0.010024
-0.0013528
0.0021694
-0.060512
-0.10407
-0.098479
-0.2178
-0.18351
-0.26231
-0.11917
0.17011
0.24974
0.30596
0.33642
0.25552
-0.061045
-0.45368
-0.81603
-0.85481
-0.71113
-0.38675
-0.042298
0.025336
0.033556
0.15701
-0.076262
-0.34785
-0.52025
-0.60657
-0.56938
-0.51623
-0.40702
-0.4767
-0.34646
-0.12953
-0.25682
-0.35041
-0.20512
-0.21574
-0.26889
-0.12379
0.041875
-0.015398
0.053543
-0.0034344
0.011964
-0.0051401
0.14424
0.2154
0.21917
0.27271
0.10503
0.049618
-0.028174
0.013355
0.1774
0.43452
0.1005
-0.17358
-0.5235
-0.50927
-0.48531
-0.41192
-0.6118
-0.90815
-0.98573
-0.82095
-0.88584
-1.0009
-0.97011
-0.8987
-0.77962
-0.6916
-0.50427
-0.35592
-0.43032
-0.61187
-0.69201
-0.53913
-0.16425
-0.041296
0.062621
0.18665
0.13841
0.11141
0.019742
0.049161
-0.00072548
-0.043676
-0.028202
-0.018197
-0.0036842
-0.038406
-0.068161
-0.080409
-0.14499
-0.065572
-0.15962
-0.077861
-0.14564
0.074208
0.28393
0.30959
0.35214
0.32422
-0.052
-0.41215
-0.64602
-0.71616
-0.77365
-0.5092
-0.0779
0.10548
0.21732
0.11124
0.061961
-0.25138
-0.56597
-0.64053
-0.5525
-0.52211
-0.43614
-0.30713
-0.28549
-0.24388
0.10066
0.19139
0.0074212
-0.20406
-0.15034
-0.15776
-0.08396
-0.26882
-0.23391
-0.22448
-0.085464
-0.17331
-0.23485
-0.11239
0.20554
0.16586
0.085941
0.025807
0.058144
0.22776
0.43152
0.38423
0.063569
-0.26759
-0.55427
-0.53953
-0.67736
-0.52575
-0.43609
-0.74367
-0.90377
-0.91124
-0.80182
-0.80454
-0.92448
-0.91996
-0.75316
-0.72056
-0.59795
-0.44241
-0.37315
-0.4027
-0.75748
-0.74786
-0.33582
0.17564
0.031245
-0.11169
-0.13475
0.062598
-0.12728
-0.1221
-0.063676
-0.0032831
-0.0090754
-0.03601
-0.080014
-0.12343
-0.061304
-0.14544
-0.29963
-0.12619
0.18434
0.17525
0.26255
0.25142
-0.11887
-0.46675
-0.66653
-0.80397
-0.75426
-0.51581
-0.16326
-0.030062
-0.081584
-0.029721
-0.19432
-0.3667
-0.53754
-0.48435
-0.46677
-0.40901
-0.35374
-0.37477
-0.28575
-0.028435
0.064803
-0.47047
-0.3169
-0.064949
-0.20332
-0.15833
-0.13358
-0.087123
-0.15431
-0.14019
-0.062535
-0.0057973
0.11618
0.15614
0.10198
0.22395
0.17432
0.058565
-0.027274
0.11362
0.30052
-0.59542
-0.56168
-0.72602
-0.36858
-0.55284
-0.81197
-0.7801
-0.7
-0.85677
-0.92996
-0.88324
-0.84212
-0.73459
-0.6739
-0.53979
-0.44258
-0.37412
-0.53138
-0.68495
-0.414
0.015971
0.037193
0.021739
-0.049615
0.1158
-0.00094248
-0.073437
-0.080404
-0.04692
0.013008
-0.03916
-0.014573
-0.15472
-0.016614
-0.10143
-0.10608
-0.081055
0.096409
0.27761
0.28188
0.29357
0.23477
-0.26614
-0.61265
-0.80683
-0.73815
-0.66774
-0.3213
-0.074014
0.074643
0.071116
-0.15702
-0.3745
-0.46625
-0.47006
-0.39312
-0.3163
-0.33289
-0.40756
-0.3378
-0.29699
-0.187
0.11223
-0.23251
-0.2528
-0.030587
-0.066944
-0.090142
-0.1347
-0.1536
-0.12366
-0.13414
-0.18852
-0.1249
0.055658
0.12751
0.093147
0.12279
0.085201
0.033152
-0.076351
0.043001
0.20802
0.33121
0.1579
-0.097613
-0.20513
-0.52886
-0.67308
-0.89008
-0.76971
-0.75022
-0.87301
-0.87367
-0.74736
-0.70636
-0.64616
-0.469
-0.37894
-0.42129
-0.54683
-0.66142
-0.31063
0.12933
0.14154
0.00043532
-0.21169
-0.0053453
-0.0084375
0.071297
-0.059029
-0.027145
-0.059329
-0.1035
-0.1248
-0.13231
-0.053101
-0.076121
-0.27957
-0.040287
0.1242
0.14979
0.25677
0.024775
-0.34659
-0.64297
-0.72807
-0.73798
-0.71152
-0.42015
-0.059458
0.014817
-0.069755
-0.14836
-0.38135
-0.52701
-0.53371
-0.55912
-0.36772
-0.33676
-0.33303
-0.33469
-0.27273
0.0085013
-0.24019
-0.2683
-0.199
0.040336
-0.09074
-0.13692
-0.13664
-0.17985
-0.18876
-0.24269
-0.22488
-0.12298
-0.078628
-0.069981
-0.020637
0.20802
0.21767
0.074857
-0.022235
0.03992
-0.11748
-0.2379
-0.49319
-0.44111
-0.50379
-0.62786
-0.78511
-0.76339
-0.8191
-0.91976
-0.93083
-0.87112
-0.73577
-0.74496
-0.71957
-0.50641
-0.36738
-0.34017
-0.40743
-0.62174
-0.56329
0.20414
0.1552
-0.0018383
-0.10872
0.096509
0.11697
0.083034
-0.013425
-0.042837
-0.025596
-0.047596
-0.089996
-0.13885
0.018684
-0.057407
-0.27897
-0.2323
-0.17437
-0.23153
-0.3325
-0.34628
-0.39482
-0.53085
-0.5998
-0.4041
-0.17941
-0.13843
0.066705
-0.048367
-0.18304
-0.2567
-0.12266
0.06061
0.262
0.26779
0.20692
0.021669
0.010903
0.015036
0.071927
-0.039581
-0.017524
0.41023
0.39775
0.47429
0.37019
-0.25868
-0.24514
-0.10218
0.087165
0.20351
0.21932
0.12161
0.14827
0.085222
0.033627
-0.13516
-0.034525
0.09936
0.18105
0.14389
0.050812
0.037658
0.012184
0.21037
0.25971
0.24224
0.1922
0.081374
-0.03671
-0.2603
-0.25089
-0.23944
-0.38155
-0.17781
-0.25484
-0.052075
-0.10513
-0.071546
-0.047559
0.038122
0.07295
-0.23578
-0.30881
-0.20618
-0.052354
-0.076484
-0.033569
0.034831
0.025131
-0.11228
-0.12488
-0.16716
-0.098145
0.11923
0.16229
0.094201
0.0095938
0.024228
-0.081509
-0.12355
-0.31917
-0.17113
-0.092272
-0.25603
-0.33829
-0.43833
-0.69436
-0.89406
-0.7538
-0.34081
0.034724
0.36249
0.42648
0.52134
0.078553
-0.17087
-0.16921
0.049553
0.2916
0.46264
0.53363
0.51139
0.42445
0.24274
0.23234
-0.08695
-0.29565
0.1366
0.31222
0.59054
0.43386
0.13755
-0.16456
-0.18512
-0.058347
0.29418
0.53033
0.50861
0.25556
-0.062727
-0.28531
-0.31822
-0.34561
-0.077793
-0.0062978
0.0025171
0.03639
0.12024
0.23115
0.52415
0.45083
0.37911
-0.15981
-0.29889
-0.35611
0.0093527
0.20762
0.1167
-0.018016
-0.11977
-0.26639
-0.28972
-0.15447
-0.11587
-0.061131
0.0012245
-0.18186
-0.25864
-0.19382
0.038877
-0.11417
-0.14031
0.066816
0.098204
0.064491
-0.077367
-0.19277
-0.15631
0.0068147
0.098777
0.088111
0.15653
0.11758
0.082739
-0.087982
-0.23364
-0.28713
-0.13158
-0.2598
-0.09103
-0.16634
-0.23327
-0.16117
-0.27688
-0.53088
-0.83949
-0.76236
-0.55777
-0.31175
-0.01095
0.1386
0.1179
0.10827
0.098407
0.26127
0.4788
0.52936
0.55726
0.21984
0.051494
-0.61223
-0.27786
-0.0039208
0.24953
0.13622
0.26918
0.3698
0.24091
-0.028469
-0.24436
-0.17549
0.039838
0.35183
0.62992
0.65917
0.40732
0.16603
-0.053323
-0.21389
-0.076395
0.14723
0.21812
0.39554
0.33203
0.14369
0.073
-0.035769
-0.1554
-0.4419
-0.36988
-0.30925
0.021925
0.22648
0.037677
-0.071619
-0.16644
-0.29076
-0.21146
-0.075701
0.019715
0.037122
0.089105
-0.061265
-0.33995
-0.26537
-0.059261
-0.07441
-0.12805
-0.00024576
-0.087495
-0.16655
-0.087369
-0.2089
-0.10896
-0.015029
-0.023099
-0.010848
-0.016815
-0.019631
-0.30144
-0.16109
-0.13162
-0.23222
-0.2526
-0.56448
-0.75127
-0.8111
-0.74546
-0.27044
0.2043
0.2642
0.48859
0.70028
0.065731
-0.013572
-0.086679
0.13002
0.26643
0.44248
0.52434
0.51894
0.32321
0.020876
-0.0031367
0.020334
0.36606
0.34018
0.52747
0.60775
0.57814
-0.19882
-0.3006
-0.055806
0.092325
0.65026
0.58314
0.25877
0.014223
-0.20832
-0.39353
-0.33843
-0.0080885
0.033892
0.11237
0.60305
0.5028
0.44561
0.024701
0.016418
-0.13982
-0.45386
-0.41015
-0.3405
-0.1073
0.12891
0.11075
-0.077895
-0.17685
-0.23641
-0.29925
-0.058752
0.0075416
0.011616
0.001453
-0.10576
-0.39193
-0.48253
-0.063232
-0.090866
-0.15402
-0.062115
0.10355
0.3165
-0.043973
-0.14582
-0.18307
-0.10672
0.016149
0.13386
-0.15696
-0.17787
-0.20464
-0.078262
-0.063725
-0.13143
-0.14436
-0.25871
-0.46976
-0.78673
-0.96009
-0.65357
-0.25874
0.15033
0.35741
0.74316
0.38362
0.17012
0.09091
0.27366
0.42334
0.55169
0.59957
0.54911
0.36753
0.02575
-0.24981
-0.33859
0.078568
0.10795
0.15339
0.35587
0.43568
-0.021843
-0.30689
-0.27355
-0.045612
0.24593
0.78687
0.60009
0.20471
-0.12139
-0.25647
-0.25052
-0.098813
-0.08378
-0.012658
-0.021782
0.22928
0.24341
0.30138
0.55859
0.47304
0.47042
0.3177
0.10117
-0.25702
-0.40829
-0.53656
-0.45808
-0.058453
0.12699
0.15105
0.017484
-0.11934
-0.34458
-0.42066
-0.28496
-0.073704
-0.096832
0.080532
-0.10301
-0.48334
-0.16376
-0.15969
-0.1222
-0.16695
0.067477
0.32019
0.15721
-0.044667
-0.16147
-0.071523
-0.062719
-0.089221
0.048313
0.13506
0.062511
-0.021758
-0.0052482
-0.16753
-0.11083
-0.03464
-0.030731
-0.16884
-0.23293
-0.2681
-0.4387
-0.66358
-0.90098
-0.92803
-0.89704
-0.59883
0.065138
0.19365
0.57099
0.36896
0.25542
0.3552
0.21091
0.36744
0.44601
0.45604
0.39975
0.18975
-0.15376
-0.54669
-0.035768
0.069574
0.14707
0.030139
0.25192
0.18759
0.27644
0.44707
0.51312
0.26715
-0.092775
-0.42552
-0.26433
0.20716
0.53757
0.87848
0.59594
0.052287
-0.2419
-0.33996
-0.29525
-0.14053
-0.061386
0.075462
0.21348
0.24278
0.53502
0.41147
0.61152
0.45609
0.13299
-0.042397
-0.25029
-0.40598
-0.46412
-0.34977
0.05531
0.29012
0.12718
-0.11328
-0.25766
-0.45561
-0.41868
-0.27304
0.10983
0.052632
-0.21464
-0.3847
0.011695
-0.20062
-0.22442
-0.040926
0.17683
0.39036
0.062883
-0.10949
-0.18881
-0.081543
-0.025761
0.014818
0.061571
0.16258
0.040517
-0.10587
-0.26638
-0.18793
-0.061702
-0.24126
-0.10547
-0.15043
-0.14708
-0.13473
-0.29864
-0.66369
-0.88108
-0.89398
-0.6603
-0.33381
0.11889
0.39715
0.79001
0.42301
0.24918
0.17817
0.12664
0.23714
0.4282
0.37118
0.17786
-0.093394
-0.21861
-0.06285
0.1135
0.19662
0.27575
0.27107
0.25753
0.43007
0.13303
-0.28879
-0.31016
0.434
0.67708
0.46251
0.10783
-0.1737
-0.29516
-0.41319
-0.14898
0.019737
-0.053667
-0.014321
0.249
0.27658
0.38486
0.61972
0.40691
0.37446
0.29643
0.080404
-0.039403
-0.18102
-0.43256
-0.361
-0.39764
-0.076721
0.044964
-0.070248
-0.2249
-0.30686
-0.41257
-0.27614
-0.034631
0.077379
0.10894
-0.18597
-0.37588
-0.030973
0.095607
0.19308
0.38154
0.031522
-0.10032
-0.089875
-0.072844
-0.0085318
0.066856
0.044792
0.09744
-0.071401
-0.17044
-0.12319
-0.090119
-0.061286
-0.15691
-0.23161
-0.26131
-0.37213
-0.70645
-0.99068
-0.92261
-0.52679
-0.10294
0.32543
0.63036
0.80488
0.41438
0.055154
0.082978
0.12105
0.30516
0.47638
0.55347
0.51472
0.40134
-0.033952
0.047637
0.037027
0.19027
0.32996
0.37661
0.23167
0.2252
-0.1266
-0.2403
-0.17531
0.17853
0.40859
0.40083
0.27615
0.00061887
-0.16435
-0.33407
-0.26221
0.10155
0.089197
0.058054
0.29102
0.58557
0.40422
0.39892
0.18978
-0.027804
-0.13856
-0.44958
-0.26183
-0.487
-0.046364
0.18384
0.13841
-0.080945
-0.20672
-0.37707
-0.37223
-0.24947
-0.12425
-0.065248
-0.019696
-0.093971
-0.31795
-0.23877
-0.12715
-0.13081
-0.15768
-0.046599
0.13248
0.055011
-0.063477
-0.13505
-0.13311
0.040069
0.1207
0.12658
-0.045951
-0.10235
-0.19258
-0.17968
-0.018392
-0.11047
-0.10361
-0.18452
-0.3077
-0.55543
-0.86654
-1.0053
-0.57276
-0.12713
0.29054
0.63631
0.80211
0.38654
0.10559
-0.0027192
0.11446
0.30149
0.49418
0.58878
0.48505
0.41523
0.25982
-0.081725
-0.175
0.0067943
0.13595
0.093578
0.29336
0.46798
0.32008
-0.044379
-0.28316
-0.25352
0.3499
0.6265
0.56068
0.21217
-0.089429
-0.33841
-0.32784
-0.036931
-0.0078444
0.02009
0.1897
0.30501
0.48647
0.54257
0.573
0.29556
-0.053959
-0.2803
-0.52203
-0.45985
0.072133
0.25309
0.20031
0.007917
-0.17243
-0.37078
-0.37106
-0.21751
-0.01885
-0.024523
-0.013312
-0.11003
-0.25028
-0.36696
-0.10028
-0.12739
-0.13794
0.21395
0.13265
-0.0047185
-0.11924
-0.12071
-0.064239
0.087988
0.14274
0.17476
0.1684
0.11601
-0.14313
-0.14657
7.5825e-06
-0.16005
-0.2225
-0.29335
-0.40251
-0.60774
-0.95616
-0.81184
-0.51122
-0.10313
0.31252
0.54848
0.2945
0.29989
0.25108
0.35404
0.43382
0.49593
0.46418
0.37814
0.16808
-0.10777
-0.35106
-0.48056
-0.19542
0.0084609
0.12622
0.3097
0.19108
0.21615
0.40176
0.53613
-0.18533
0.13753
0.55784
0.37229
-0.098583
-0.28418
-0.34287
-0.22793
-0.029976
-0.061571
-0.084341
-0.023771
0.19578
0.37325
0.44718
0.51592
0.41044
0.24844
0.19194
-0.08711
-0.30613
-0.55006
-0.47419
-0.41771
-0.026984
0.1595
0.15263
-0.10431
-0.23169
-0.35813
0.014788
0.22501
-0.083193
-0.31256
-0.14
-0.063756
-0.15528
-0.0018622
0.10103
0.29852
-0.094346
-0.21303
-0.17029
-0.0096601
0.035898
0.11342
0.11574
0.093798
-0.054758
-0.19057
-0.25603
-0.21477
-0.012065
0.060179
-0.084945
-0.14533
-0.30512
-0.30195
-0.51437
-0.8733
-1.067
-0.64705
-0.2433
0.18122
0.52977
0.65449
0.090358
0.0086574
0.17348
0.26959
0.43772
0.51021
0.48798
0.39566
0.26936
-0.061279
-0.069585
-0.069943
-0.02523
-0.032807
0.24583
0.44299
0.53581
-0.12967
-0.32629
-0.064233
0.095371
0.29455
0.45143
0.39786
0.08464
-0.10028
-0.23108
-0.30092
-0.050869
0.05777
0.05579
0.03971
0.27547
0.21176
0.26055
0.52571
0.41139
0.43713
0.25466
0.12215
-0.35358
-0.49679
-0.51379
-0.33793
-0.0085016
0.059303
-0.032813
-0.14577
-0.34297
-0.40366
-0.010713
-0.028765
-0.076664
-0.21905
-0.15932
-0.10029
-0.061541
-0.14727
0.33652
0.24957
0.0031681
-0.1747
-0.23388
-0.11254
-0.079813
0.074094
0.17893
0.15446
0.013316
-0.16266
-0.22492
-0.10237
-0.021523
-0.018058
-0.14273
-0.085922
-0.10334
-0.1182
-0.29375
-0.61653
-0.92266
-0.88083
-0.40407
0.090611
0.47008
0.57398
0.31452
0.158
0.092622
0.22975
0.39855
0.46478
0.56577
0.51537
0.39248
0.11872
-0.083115
0.1849
0.076342
0.026742
0.024485
-0.091403
0.59678
0.19828
-0.23652
-0.41998
-0.1853
0.17128
0.41773
0.4514
0.15442
0.003403
-0.089012
-0.023158
0.065126
-0.033229
-0.1376
-0.22448
-0.17784
0.030754
0.22531
0.29502
0.43935
0.8762
1.0067
1.1763
1.0093
0.73506
0.54319
0.48505
0.57679
0.65035
0.6373
0.81057
0.87272
0.80204
0.86002
0.93676
0.078151
0.010412
0.25491
0.2424
0.23697
0.10131
-0.055209
0.044087
-0.050159
-0.0067021
-0.075225
-0.19975
-0.20345
-0.1093
-0.03764
0.020091
0.176
-0.075963
-0.12978
-0.20933
-0.47061
-0.37346
-0.4487
-0.37066
-0.21776
0.16932
0.25637
0.52883
0.58303
0.46034
0.51148
0.78544
0.76541
0.62466
0.8122
0.97455
1.0225
0.97425
0.843
0.67065
0.53155
0.43671
0.38151
0.34175
0.36161
0.50295
1.0629
0.90406
0.47353
-0.14493
-0.15708
-0.20497
-0.15216
-0.103
0.034085
0.041999
0.041622
-0.0060114
0.075464
0.055533
0.036196
-0.1488
0.027052
0.077797
-0.025123
-0.055318
0.09814
0.28527
0.37034
0.359
0.37932
0.80247
0.93423
1.0273
0.98189
0.78206
0.47356
0.38853
0.45729
0.78222
0.93812
0.85518
0.94562
0.76388
0.3369
0.19588
-0.064232
0.34838
0.18063
0.13949
0.068761
0.032436
0.14732
0.093368
0.062547
-0.10792
-0.20371
-0.19282
-0.14052
-0.15409
-0.047156
0.08747
0.24399
0.17737
-0.12499
-0.4179
-0.359
-0.49065
-0.60194
-0.5331
-0.17751
0.18064
0.26563
0.42996
0.48034
0.63091
0.76184
0.87757
0.84164
0.71405
0.79409
0.79281
1.1253
0.93513
0.73179
0.67362
0.37906
0.36192
0.70583
0.93309
0.66578
-0.42016
-0.15956
-0.25729
-0.031855
0.092172
-0.029712
-0.09383
0.14897
0.054681
-0.08704
-0.11064
-0.077997
-0.042652
-0.0054633
0.028564
0.079613
0.054092
0.22541
0.11969
-0.13729
0.0052346
0.23634
0.35375
0.37716
0.44348
0.89339
1.1297
0.84467
0.71605
0.71546
0.41707
0.30316
0.45211
0.39372
0.35064
0.52199
0.78651
0.69893
0.64516
0.8719
0.84751
0.307
-0.22645
0.1323
0.35273
0.34012
0.11517
-0.15994
-0.012472
0.043476
-0.087309
-0.098764
-0.27073
-0.11843
-0.10581
-0.060242
-0.11314
-0.14368
0.17724
-0.069681
-0.14734
-0.29794
-0.32884
-0.281
-0.21545
-0.12648
-0.066082
0.19394
0.49835
0.12891
0.12316
0.50513
0.67973
0.92299
0.66037
0.78748
0.8572
0.94863
0.93247
0.84969
0.68987
0.63466
0.5748
0.34974
0.98862
0.97721
0.81742
-0.14676
-0.14601
0.14049
0.27037
-0.077228
-0.15566
-0.064331
-0.046245
-0.074407
-0.084175
0.010319
-0.067553
0.026649
0.0041743
0.019431
0.18855
0.35636
0.13019
-0.12091
-0.10599
0.091403
0.35066
0.48882
0.63542
0.87232
0.84561
0.66843
0.50378
0.50493
0.64229
0.32348
0.40243
0.44353
0.42401
0.39805
0.65082
0.56314
0.61873
0.76257
0.44057
0.42985
0.13217
0.088975
0.18992
-0.064035
-0.11038
-0.26233
-0.35358
0.11297
0.27568
0.15841
0.050618
0.2737
0.084416
-0.084921
-0.041381
0.095176
0.23988
0.074151
-0.23975
-0.13192
-0.21127
-0.13944
-0.15179
-0.40369
-0.43683
-0.1292
0.011928
0.40112
0.31249
0.40778
0.64883
0.84373
0.7252
0.86025
1.0073
0.89145
0.95569
0.8849
0.66122
0.6034
0.47764
0.3498
0.17293
0.26968
0.30556
0.68916
0.63249
0.16888
-0.051086
-0.080271
-0.11592
-0.0025973
-0.034913
-0.020872
-0.022694
-0.0066704
0.0056253
0.041466
0.05939
0.094198
0.14493
0.2217
0.10375
0.20816
0.059834
0.044431
0.58558
0.77682
0.82732
0.73703
0.75381
0.44057
0.29586
0.30617
0.071657
0.26431
0.53816
0.58585
0.60534
0.49334
0.52951
0.49379
0.3565
0.32661
0.40382
0.34273
0.28885
0.038866
-0.1795
-0.043762
-0.31791
-0.3011
-0.1623
-0.10448
0.079163
0.049821
-0.097969
-0.34336
-0.12873
-0.011149
-0.019242
0.059087
-0.024101
-0.060093
-0.36256
-0.40681
-0.44539
-0.41559
-0.22545
-0.29399
-0.19359
0.06253
0.31569
0.3845
0.44793
0.56584
0.47898
0.40024
0.43166
0.43695
0.59872
0.67621
0.72822
0.76616
0.67747
0.54877
0.45924
0.4088
0.29974
0.25253
0.1667
0.17622
0.86685
0.39476
-0.00038339
0.13286
0.19386
0.089501
-0.087247
-0.050245
0.06433
0.038793
-0.0022139
-0.021506
0.017869
0.051515
0.17765
0.19309
0.038028
-0.009849
-0.21831
0.084886
0.49133
0.48707
0.65833
0.74777
0.82482
0.50168
0.37343
0.45287
0.43256
0.37614
0.41621
0.48727
0.53373
0.55385
0.54513
0.41171
0.26673
0.35607
0.26856
0.33013
0.18956
0.28671
0.044711
-0.24866
-0.66883
-0.6682
-0.48867
-0.48643
-0.24584
-0.25083
0.36167
0.029912
-0.15605
-0.24977
-0.20698
-0.15354
-0.04129
0.16446
0.058062
-0.38653
-0.1892
-0.18051
-0.35568
-0.30403
-0.18471
-0.062478
0.46263
0.64285
0.70335
0.81935
0.67815
0.46399
0.40638
0.46648
0.48722
0.61227
0.63787
0.62363
0.59153
0.53512
0.49212
0.41899
0.34196
0.39296
0.27263
0.41375
0.49667
0.1503
0.3258
0.095441
-0.080173
-0.067595
-0.10476
0.033821
-0.02726
0.0056227
-0.043553
0.035053
0.081696
0.069619
0.32146
0.25378
0.14269
0.023722
0.12873
0.24209
0.53779
0.46768
0.38252
0.40382
0.41689
0.36917
0.26889
0.52833
0.14655
0.16858
0.37939
0.45318
0.49905
0.6118
0.62859
0.38285
0.36792
0.30899
0.25703
0.22691
0.32006
0.067918
-0.63451
-0.99363
-0.76919
-0.37899
-0.2527
0.025499
0.15936
0.20517
-0.2453
-0.28282
-0.19612
-0.24934
-0.2296
-0.2152
0.089826
0.28592
-0.12898
-0.32188
-0.33965
-0.31868
-0.3215
-0.036335
0.21927
0.27423
0.41413
0.57212
0.59435
0.60772
0.65054
0.51407
0.60429
0.609
0.54997
0.50618
0.64134
0.65331
0.44447
0.41828
0.49926
0.38958
0.34725
0.40143
0.3351
0.27218
0.8005
0.67603
0.03168
0.30634
0.33839
0.17773
0.18465
0.050975
-0.13232
-0.074953
0.047499
0.065752
-0.062871
0.006087
-0.085276
-0.042764
0.05318
0.024283
0.10634
0.13063
-0.02178
-0.13985
-0.04835
0.20332
0.39083
0.4467
0.55008
0.49547
0.46563
0.33408
0.33518
0.35718
0.23711
0.38625
0.42682
0.49228
0.55657
0.52665
0.38143
0.40607
0.51308
0.37696
0.28307
-0.26333
-0.51884
-0.84719
-0.8772
-0.64531
-0.28977
-0.23071
-0.45085
-0.073728
0.35778
0.097002
-0.11406
-0.056761
-0.25206
-0.30921
-0.24143
-0.23367
-0.084511
0.18898
0.12098
-0.34785
-0.20876
-0.11389
-0.18816
-0.33128
-0.069904
0.25178
0.48634
0.4259
0.57025
0.49823
0.60365
0.43298
0.34147
0.42163
0.47213
0.51599
0.52657
0.48925
0.56466
0.51822
0.44521
0.44656
0.34266
0.32043
0.29126
0.1195
0.25637
1.1806
0.30814
0.2703
0.32828
0.16468
0.19095
0.028179
0.051797
0.051291
0.019501
0.091369
0.068304
0.0098397
-0.026903
-0.037988
0.026414
0.028765
-0.057958
0.20518
0.38454
0.0027962
-0.12363
0.080768
0.20592
0.33022
0.59394
0.72809
0.72371
0.78601
0.42976
0.34069
0.38456
0.3784
0.31311
0.38409
0.49127
0.66884
0.75867
0.67374
0.50123
0.54766
0.2018
-0.066558
0.20419
0.41162
0.23484
-0.21006
-0.57771
-0.99269
-0.76785
-0.38557
-0.15327
0.1999
0.37592
0.2917
0.21824
0.066795
-0.062055
-0.11687
-0.18697
-0.16772
0.048436
0.052151
0.065628
0.087276
0.068569
-0.34079
-0.51718
-0.71733
-0.65701
-0.3788
0.10519
0.62078
0.76505
0.74374
0.4043
0.60384
0.5391
-0.00027734
0.099057
0.20561
0.33455
0.52444
0.66083
0.62387
0.62791
0.6233
0.59662
0.55609
0.51841
0.54401
0.45858
0.27858
0.29672
0.71383
0.17947
-0.15379
-0.029112
0.048951
0.30474
0.22759
0.045475
-0.0099541
0.03903
-0.022301
-0.07443
-0.081889
-0.10339
-0.053165
0.045498
0.082144
0.066412
0.19601
0.2413
0.010426
-0.059348
-0.027188
0.025105
0.09489
0.21876
0.35904
0.52856
0.51959
0.42103
0.28606
0.40169
0.26775
0.38697
0.42939
0.47768
0.65905
0.73558
0.66807
0.52577
0.6076
0.32533
0.11293
0.2299
0.36158
0.038359
-0.30698
-0.5931
-0.95328
-0.89139
-0.57106
-0.11226
0.39837
0.44209
0.49363
0.29913
-0.0061022
0.12339
0.056232
-0.045
-0.17956
-0.17944
0.015855
0.055036
0.14546
0.15167
-0.74691
-0.67269
-0.76214
-0.50625
-0.14776
0.30633
0.71536
0.73979
0.74242
0.7102
0.41046
0.12795
-0.012954
0.17198
0.42854
0.4942
0.5323
0.68094
0.5773
0.5414
0.5373
0.50614
0.47118
0.4762
0.37278
0.32669
0.38266
0.72193
0.44921
-0.085587
0.035831
0.063638
0.2829
0.1834
-0.00046896
-0.0468
-0.039137
0.032787
0.031506
-0.081033
-0.12031
-0.11547
0.046313
0.11089
0.11622
0.080022
0.22563
0.12701
-0.022731
-0.061206
0.024992
-0.087715
0.15064
0.29177
0.30436
0.58532
0.60501
0.44165
0.51044
0.43196
0.40789
0.43004
0.4491
0.56339
0.70848
0.64919
0.45344
0.37649
0.23001
0.12956
0.36744
0.36841
0.10183
-0.17455
-0.50777
-0.93137
-1.077
-0.85003
-0.28762
0.22345
0.45229
0.50438
0.45473
0.12341
0.03257
0.058097
0.06736
0.074928
0.087414
0.040977
0.21792
0.18279
0.087194
-0.11895
-0.60135
-0.73756
-0.81827
-0.91051
-0.37269
0.11635
0.47576
0.69718
0.84636
0.46066
0.73924
0.36225
0.042589
0.071537
0.42288
0.56253
0.6734
0.6393
0.62096
0.54315
0.56627
0.53786
0.50898
0.48918
0.48507
0.36214
0.24776
0.20345
0.55716
0.16507
0.080017
0.33869
0.14266
0.19644
0.21987
0.040958
-0.04739
-0.011995
0.013493
-0.047498
-0.098073
-0.13564
-0.0059341
0.064291
0.10321
0.11834
0.2475
0.43076
0.23621
-0.037026
-0.018108
-0.04551
0.33083
0.2559
0.46699
0.41461
0.5099
0.52215
0.55709
0.4548
0.15952
0.16443
0.50478
0.63963
0.68364
0.70613
0.65441
0.36556
0.30267
0.20011
0.089481
0.11682
0.29135
0.051796
-0.22446
-0.77964
-1.012
-0.794
-0.306
-0.035892
0.40359
0.54959
0.58846
0.17147
-0.12924
-0.15351
0.038689
0.16894
0.006868
-0.066237
-0.042496
0.047332
0.12335
0.095306
-0.092154
-0.87052
-1.0611
-0.91114
-0.25247
-0.061867
0.53314
0.74806
0.85329
0.66603
0.71223
0.4119
0.072901
-0.032638
0.24354
0.37319
0.51339
0.66375
0.53121
0.51495
0.60988
0.49579
0.55805
0.62367
0.55849
0.4011
0.31218
0.29898
0.28624
0.35917
-0.25988
0.04216
0.21486
0.239
0.0041374
-0.095379
0.030425
0.14671
0.086551
-0.0074958
-0.046037
-0.039001
0.051409
0.065444
0.080021
0.070652
0.29693
0.18341
0.014134
-0.1952
-0.1066
0.10314
0.17086
0.39806
0.30553
0.34478
0.92593
0.65205
0.60839
0.3856
0.24313
0.31472
0.57924
0.76247
0.79611
0.89491
0.65858
0.37826
0.28163
0.3569
0.48124
-0.043853
-0.046356
-0.099604
-0.41522
-0.88905
-0.76322
-0.53593
-0.15357
0.16345
0.68896
0.72767
0.43675
0.049441
-0.095426
-0.11669
0.059797
0.24407
0.138
0.067687
0.055905
0.13316
0.43725
-0.084671
-0.8263
-0.74055
-0.99895
-0.92748
-0.35466
0.18569
0.403
0.58186
0.85449
0.29839
0.55685
0.23692
0.0095148
0.1741
0.35843
0.64268
0.61165
0.77384
0.77594
0.67289
0.55646
0.54027
0.52018
0.40218
0.40182
0.31248
0.28255
0.29541
0.32462
-0.27137
0.0068798
0.3044
0.31889
0.33835
-0.019936
-0.13347
-0.064098
0.074858
0.090691
0.028888
0.0027158
-0.047792
0.053484
0.070446
0.14282
0.1578
0.25192
0.18291
-0.057702
-0.16709
-0.20242
0.1477
-0.012363
0.34125
0.41299
0.62941
0.8907
0.61364
0.74589
0.72211
0.39439
0.18735
0.44362
0.6997
0.72595
0.74259
0.61457
0.51494
0.31861
0.34551
0.064974
0.075106
0.24525
-0.17011
-0.39546
-0.57269
-0.41613
-0.28278
-0.15768
0.23511
0.62559
0.47639
0.22342
0.02402
-0.04988
-0.050373
0.20613
0.22725
0.10628
0.039392
0.050982
0.024107
0.096875
-0.44511
-0.72126
-0.93923
-1.0019
-0.26895
-0.23601
0.44326
0.69624
0.71064
0.38483
0.73874
0.39005
0.097551
0.2705
0.36195
0.49412
0.66947
0.66077
0.63094
0.62968
0.64176
0.59859
0.46237
0.41624
0.28435
0.24246
0.24601
0.29703
0.52803
-0.1939
-0.47511
-0.18365
-0.085338
-0.076982
-0.1465
-0.03424
-0.019874
0.021367
-0.025188
0.020742
-0.15246
-0.14928
-0.05594
-0.018007
0.050757
0.067124
0.015485
-0.0063659
0.014956
0.023754
0.013426
0.014473
-0.0085997
-0.0037645
-0.0091383
0.025698
0.03811
0.023732
0.037626
0.062937
0.054186
0.050818
0.032844
0.067445
0.068869
-0.0097987
-0.0021315
0.0011116
0.017416
0.01249
-0.0086484
-0.02965
-0.01179
-0.0069056
-0.026049
-0.037636
-0.018405
-0.0043936
-0.010887
-0.0085843
-0.0023043
0.0037638
0.0084565
-0.0011699
0.015754
0.042088
0.024676
0.015716
0.024083
0.0072038
0.012628
-0.01211
-0.0023789
0.0065044
0.0069829
-0.0058369
0.0017958
0.0037843
0.011912
0.011565
-0.0033462
-0.014324
-0.0037126
-0.0039885
0.0035602
-0.022656
-0.0051109
0.017168
-0.0087629
-0.0079116
0.0073579
0.019401
0.010383
-0.00058009
0.0047769
0.00056143
-0.0032881
-0.00024455
0.016126
-0.0014867
0.001968
0.0061091
0.0082822
-0.013238
0.0083624
0.01976
-0.003186
0.015044
0.027534
0.014083
-0.0057719
-0.014129
0.008484
0.0044894
-0.007559
0.00065818
-0.0033765
0.0037186
0.014162
0.000494
-0.01054
0.018315
-0.0022915
-0.002928
0.002563
0.00074382
-0.0030643
-0.011536
-0.0073207
0.0013267
0.004924
0.0023199
0.005337
0.0033966
0.0083105
0.016173
-0.0082858
0.0075003
0.0070437
-0.0006118
0.002171
0.013368
0.017763
0.012141
-0.0047142
0.0048938
0.0030779
-0.005337
-0.0012794
0.0017658
0.0093098
-0.0027179
-0.031625
0.0028848
0.033549
0.023264
-0.019739
-0.012075
0.011139
-0.0010316
-0.013749
0.0090449
0.01648
0.031411
0.020033
0.018932
0.01155
-1.5725e-05
-0.010984
0.010467
-0.015241
-0.0016343
0.013903
0.0039121
0.0093621
0.0072493
0.0059858
-0.010016
0.00061249
-0.013123
0.0020058
-0.0052147
-0.0084116
0.0012073
0.015691
-0.0026365
-0.0090058
0.0051568
0.0078813
-0.00841
-0.0028061
-0.00038238
0.0088886
-0.0011787
0.013756
0.017125
0.018938
0.012002
0.013323
0.031412
0.019882
0.00074802
0.01308
0.024003
0.0016889
0.0084029
0.012765
0.018679
0.0011895
-0.0082199
-0.0084603
-0.010632
0.0081639
0.00675
0.0044752
0.0070049
0.0047314
-0.00068705
0.0040211
-0.0037995
-0.0090038
0.0042284
0.0023098
0.0033586
-0.00028609
0.0048384
0.0080998
0.0017724
-0.0045989
0.0049319
0.0032427
-0.0001461
-0.0073639
0.0037046
0.0028507
0.0037479
0.0069732
0.0083932
-0.0011158
0.0011312
0.0017403
-0.0010094
0.0019213
0.00014615
-0.0012733
-0.0013096
-0.0047656
-0.0094366
-0.0044196
-0.012016
-0.0028384
-0.0065794
-0.0053464
0.0029854
0.0051405
0.0087592
0.0064134
-0.0035751
0.001441
0.014222
0.0045976
-0.0014816
0.0019931
-0.0016374
-0.0079613
0.0011431
-0.0029678
0.0035473
0.0030395
0.0065816
-0.0020345
0.0035299
0.0033538
-0.00044489
0.005359
0.00060046
0.00056325
0.00048919
0.002099
0.0034536
-0.0057099
-0.0056229
0.0074081
0.00053547
-0.0063573
0.0015263
0.0040057
0.0052878
-0.001028
0.0037205
0.0052628
0.00025815
0.0063598
0.012272
-0.0013297
0.017344
0.027424
0.0093454
-0.0028137
0.0086024
-0.011483
-0.00486
-0.0081561
-0.0037605
-9.2263e-05
0.012801
0.010651
0.0063153
0.00018698
0.0014624
-0.0045388
-0.0023792
-0.0053578
-0.0013889
0.0079114
0.0026494
-0.0016327
0.0068711
0.0073888
0.0040905
0.0026508
-0.0018934
-0.0018706
-0.0038446
0.0051597
0.0069974
5.378e-06
-0.0013685
0.0037724
0.0029001
0.0034366
-0.0021375
0.00068913
0.0039886
0.0011645
0.00075241
0.0060068
0.0024284
0.0047123
0.0031645
0.0030421
-0.0084668
-0.011009
-0.0031522
-0.0072011
-0.017511
0.029247
0.036377
0.01586
0.015968
0.017931
0.0032624
-0.0062947
-0.016843
-0.0075892
-0.0099738
-0.0073082
0.00038409
0.00085
0.0081064
0.013308
0.0034307
-0.0013066
-0.00091703
-0.00032108
-0.0015085
0.0056184
0.0071758
0.011233
0.017945
0.010599
0.00892
-0.0056046
-0.0092773
-0.015588
-0.0041093
-0.003287
0.0027251
0.0083857
0.0096827
0.0010176
0.0062805
-0.00061904
-0.0052734
-0.0048228
-0.0033159
0.0006341
0.0019796
0.0064738
0.0046275
0.012447
0.0096925
0.0030926
-0.0039378
-0.001604
-0.002168
-0.0011428
-0.0016957
-0.00053784
0.0063952
0.0057726
0.00033824
0.002484
0.0051862
0.0040794
-0.00030615
0.0047562
0.0055171
0.005679
0.0091606
0.002049
-0.00025953
-0.0013081
-0.001578
-0.0023365
-0.0001875
-0.00027333
0.003452
-0.0049133
0.0074357
0.014472
0.004552
-0.0027757
0.0044306
0.0050745
-0.0064498
-0.0055107
-0.005702
-0.0016128
0.0015565
0.0088549
-0.0026851
-0.0050239
-0.00057449
-0.00016171
-0.0075857
-0.0048222
-0.0017812
-0.0064498
-0.0016804
-0.00079198
-0.005545
0.0076015
0.0061265
-0.0022042
-0.0062184
0.00058739
-0.001986
-0.0045478
0.0030328
0.0073932
0.010919
0.0032418
0.0017456
0.0053964
0.0041316
-6.0959e-05
-0.0023292
0.0022696
-0.0010815
-0.0068435
-0.0031941
0.0088914
0.0070991
0.0026166
0.0021482
0.0033383
0.007859
0.00056925
-0.0015453
-4.7763e-05
-0.0015337
0.0061513
0.001314
0.0029911
0.0083652
0.001106
0.0040967
0.0057372
-0.0011894
0.0039566
6.4172e-05
0.0079996
-0.00067408
0.0077219
0.01297
0.006436
-0.0051941
0.0080263
0.002726
-0.0025793
0.0017239
0.0099947
-0.0074629
0.004041
0.0015981
-0.0029774
-0.0098789
0.0083625
0.0054953
-0.010712
-0.0042297
0.0016602
-0.00039293
0.0063336
0.0070473
0.0040921
0.0035578
-0.00044702
0.00091635
-0.0033565
-0.00010226
0.0016323
0.0031108
-0.0021727
0.003378
0.004349
0.00026393
0.0018643
-0.0063323
-0.011
-0.0045966
-0.0031292
0.0049802
0.0048316
0.002726
0.00083219
-0.0039358
-0.002597
-0.00032845
-0.0063386
-0.0089308
-0.0071789
0.010932
0.00071641
-0.00011304
-0.00034679
0.0018564
0.005104
-0.0015916
-0.0029405
-0.00048915
-0.0040985
0.0077583
0.002258
0.0019344
0.0029646
0.0031959
0.0005174
0.0011386
0.0041345
0.0035321
0.0037205
0.0074354
0.0026019
0.0054526
0.0048349
0.0048167
0.0034862
0.0048516
-0.00013374
-0.0084192
0.0032143
0.0045465
-0.0015524
0.0061747
0.0060369
0.0014787
0.0062767
0.00013888
-0.00088476
-0.0034666
-0.002419
0.0013159
-0.00096523
-0.00014591
0.00016203
0.0085497
0.0044901
0.0085611
0.0048385
-0.0068771
-0.003957
0.0020389
0.0024035
-0.0031734
-0.0032315
-0.00015852
-0.0030263
0.0080493
0.0023253
0.0035771
-0.00080088
0.0083975
