0.0047417
-0.012614
0.034871
0.01261
-0.026066
-0.0059269
-0.0025472
0.0063055
0.014554
0.041537
0.003601
0.014448
0.022722
0.010262
0.0088908
-0.0091758
0.013327
0.0217
0.019457
-0.0014262
-0.010506
0.011557
-0.0094431
0.038809
-0.0015594
0.047797
-0.0096905
-0.039876
-0.0098374
-0.010504
-0.0088897
0.023786
0.0022402
0.010004
-0.010067
-0.0091371
-0.0045118
0.013087
0.00094916
0.0010723
0.0039077
0.023192
0.01214
-0.028378
-0.00775
-0.026124
0.025482
0.024034
-0.0078491
0.0017291
0.001815
0.023268
-0.017224
0.031336
-0.036484
0.011749
-0.013449
0.024227
0.0022728
0.02202
-0.016808
0.015194
0.0041505
0.001501
0.011664
0.011608
-0.0053004
-0.0058516
-0.017437
0.030942
0.0015849
0.024067
0.0024952
-0.0081315
0.0010532
0.011688
0.013457
0.011773
0.0090556
0.009323
0.0081648
0.010918
0.0094865
-0.010798
0.0083742
-0.019735
0.012168
0.030228
0.0082776
0.0075991
-0.00063388
0.011072
0.028857
-0.011791
0.016817
-0.012876
-0.0084499
-0.00068105
-0.0010328
0.0083583
0.017854
0.010598
-0.00083204
-0.039429
-0.00073046
-0.0083269
-0.0062388
0.031848
0.0093898
-0.00083217
0.018947
0.012702
0.0089248
-0.0013195
0.0086168
-0.020704
-0.0071433
0.010863
-0.018638
0.010529
0.0022738
-0.0057865
0.002472
-0.0084992
-0.0081434
0.002026
0.014669
0.0026985
0.0018444
0.02065
0.0097977
0.0039375
-0.017786
0.030802
-2.2784e-05
0.011528
0.012491
0.0015163
-0.0094517
0.010616
0.009456
-0.0071696
0.0014958
0.010067
0.0014086
0.01846
0.0024094
0.01965
-0.00084254
-0.0016173
0.020959
-0.0091986
-0.0013018
-0.01073
0.011316
0.00028027
0.0094457
0.0085045
0.008699
0.0014175
0.019618
0.017638
0.015874
-0.0019142
0.029069
0.025914
0.0048964
0.004095
-0.0048147
0.0081644
0.0052016
0.0049656
-0.024189
0.014443
0.017182
0.0064078
-0.0040027
0.0049204
-0.0041445
-0.029812
-0.010753
-0.00249
-0.040381
-0.00031874
0.018183
-0.0009434
0.0023099
0.038107
-0.011911
0.0278
0.00058647
0.0098772
-0.040708
-0.010364
-0.028144
0.014019
0.012024
0.029319
-0.00084986
-0.028762
0.0034089
0.0027755
0.020674
-3.7524e-05
-0.0070357
0.013854
0.012162
0.0012144
-0.00014109
-0.02714
0.031064
0.019407
-0.00088715
0.011797
-0.018898
0.028439
0.010116
0.021153
-0.028861
0.019584
0.007879
0.027925
0.010308
-0.0011298
0.016971
-0.013136
0.0073469
-0.009648
-0.0099452
0.018319
-0.011618
-0.0068202
0.010241
-0.0090489
-0.020369
0.0098024
0.012217
0.0089036
-0.020633
-0.016161
-0.044962
-0.0059969
0.024606
0.0068442
0.0046977
0.012379
0.0031475
0.01492
-0.0049687
0.0028378
-0.0072306
0.0023149
-0.0038838
0.0052444
-0.015254
-0.0054408
-0.013045
-0.020225
0.017874
0.0060631
0.024277
0.0044595
0.0071393
0.016145
-0.0055969
0.0036823
0.0041594
0.026481
0.0019334
-0.014501
0.026053
-0.006383
0.0035138
0.0031136
0.025254
0.023067
0.010117
0.00050948
0.029939
0.028765
-0.01877
-0.01879
-0.0093459
-0.0091518
0.022177
0.01371
0.021383
0.00067279
-0.00043306
0.039188
-0.027347
0.040072
-0.086037
0.04133
0.00071787
0.041617
-0.010099
0.038484
-0.068533
0.050085
-0.00024999
-0.00067307
-0.015352
0.039976
0.018009
0.0067935
-0.10647
-0.080061
-0.051618
0.1134
-0.11444
0.0094613
-0.16075
0.026589
0.12097
-0.084998
0.21014
-0.13816
0.050044
0.0059913
0.11948
-0.092036
0.12926
0.12709
0.33792
-1.3969
0.33576
-3.1909
-5.8641
-2.0802
-0.82712
-3.4659
-1.2051
-2.0655
4.0576
6.4253
2.1879
-1.9801
3.8504
8.6049
4.5108
-0.3076
5.704
-2.3496
6.7379
-4.7365
-4.9217
1.8573
0.52093
11.41
-14.732
-8.8871
-4.4345
10.665
-0.71537
-1.6865
-2.45
-3.1758
2.5388
-4.2478
1.2401
-1.9511
-0.78165
0.5953
-0.12262
2.2096
-0.1913
3.4728
7.2862
-17.022
6.3759
3.2074
2.5989
3.7403
-4.7363
-8.6242
-5.2126
2.2983
-1.4315
5.1241
-1.5061
0.9267
0.16368
-1.0036
-0.82619
-0.60518
-1.1856
-0.89103
-0.86948
-0.52242
-0.74301
-0.50853
-0.95258
-0.6873
-3.8169
-10.3
-5.9657
3.604
5.744
0.96358
-11.191
-2.4002
-1.1961
0.23987
-0.55107
0.085535
0.26086
-0.1637
0.37377
0.81808
0.064291
0.52776
-1.0348
0.53768
-0.54083
-0.86596
0.0010591
-6.666
-10.678
-14.328
13.184
8.2593
0.35424
9.259
1.0322
-1.1594
0.31817
3.6689
4.0996
4.5972
2.9899
6.2377
-3.3124
-3.2542
-0.39202
4.3961
-10.672
-3.4376
-27.297
-7.9375
22.02
-12.662
10.699
-5.2089
0.59224
-4.5646
0.22333
-2.5268
-0.20217
-1.8566
-0.23786
-1.6351
5.7476
-0.28308
6.1076
1.3965
8.3751
-3.392
-7.5481
-13.101
-7.9091
-5.2975
3.7408
4.3156
0.99065
6.8927
-1.6656
0.60736
-0.63086
0.033427
0.69904
-0.67397
0.064897
-0.413
0.0033335
-0.015733
2.791
3.1738
-10.947
21.587
6.2913
-6.7059
-13.196
-18.333
0.11484
2.0034
-0.31567
1.0935
0.35329
0.20158
0.27087
0.68614
0.20021
1.102
-0.51599
0.94186
-0.10622
0.18857
1.3711
-5.4164
-7.6502
-3.8807
4.1352
-5.0089
5.257
3.5832
6.0897
0.72717
-2.6886
6.2856
10.095
3.4825
3.249
-1.0919
-1.7029
1.5706
-15.924
-8.1172
9.6229
-10.199
5.8203
13.537
-0.42089
-3.1301
-2.0242
-0.23925
4.1436
0.97546
-2.028
-1.4139
-2.0513
-1.6364
4.6757
0.81638
1.0271
6.9608
4.0736
8.9816
2.0871
-5.0652
-13.872
-11.999
3.294
3.717
4.8629
-2.0553
-0.44656
-0.59656
-2.6328
-2.3269
-0.63089
-0.67149
-0.93822
-0.65833
-0.86796
-0.8149
-0.77668
-1.1319
-0.64851
-0.75257
-0.48613
-1.1699
1.7462
2.548
20.543
5.3256
5.0589
-15.448
-8.8286
0.74487
-0.21777
-0.20638
0.17187
-1.049
-0.8002
-0.76306
-0.39257
-0.98507
-0.39223
-0.5757
-0.19729
-0.72018
0.029866
-0.69536
-0.35893
-0.049064
-0.57503
-1.1044
-2.4805
-9.376
0.15927
-5.1274
1.7601
-0.7194
5.6371
-3.068
-0.55896
5.2229
10.508
-3.2279
6.4607
8.7706
1.7069
-0.58727
1.4292
-11.981
-6.239
-3.3514
10.659
2.8149
-0.36706
-3.736
-4.7913
-5.8679
3.1819
-4.3301
-0.97177
-3.1005
8.7364
0.99251
-0.76076
0.47629
-0.74927
2.1227
3.2886
-6.6266
8.9315
9.6593
3.236
2.8623
-7.8306
-7.8703
-6.3968
-0.13104
-2.0487
1.0052
1.9479
-0.94665
0.43432
-0.97824
-2.1059
-0.83128
-0.027596
-0.48659
-0.37437
-0.64004
-0.51438
-0.36402
-0.49783
-0.99114
-0.77257
2.105
-1.2517
8.9568
6.6584
-16.416
-3.026
1.5616
0.098663
-1.8768
-0.042401
-0.37595
-0.16854
0.13977
-0.68692
-0.28702
0.24885
-0.71748
-0.64461
0.48468
-0.19883
-0.069891
0.7895
-0.36485
-0.84422
-2.6403
-9.0588
-3.2889
4.8336
-5.3102
3.2473
-1.4507
5.2438
3.1381
6.4606
3.5512
-3.2348
-3.7144
8.6502
0.46085
2.6019
-16.547
2.4453
-1.0034
-12.144
10.962
2.5986
4.8311
-6.259
-6.0948
-3.4969
0.37619
-2.7278
-2.3224
-2.2118
3.3995
3.25
1.134
-0.60028
-6.0636
-0.76572
2.3344
-18.605
8.6159
7.106
2.1981
3.1704
-13.516
-4.0692
5.6897
-0.67462
-1.6219
-1.286
-1.0022
-0.42619
-0.80742
-0.95624
-0.86889
-0.45982
-0.52963
-0.93051
-0.76607
-0.78528
-0.89724
-1.5114
-0.79653
1.7031
-1.8485
12.204
3.4606
-16.166
-16.617
0.50659
0.10675
-0.65648
0.46323
-0.16418
-0.18914
0.24889
-0.56479
-0.17702
0.36628
-0.17666
-0.63295
0.25388
0.56069
0.024067
-0.65576
-0.40365
-7.0124
-4.2593
3.7754
-1.4262
-5.9026
3.9091
1.2185
10.01
4.1393
1.305
6.5853
3.6744
-2.1673
2.6617
2.0705
0.22661
3.4264
-10.581
-15.275
3.4908
-3.64
-10.366
8.3021
2.0423
-8.4065
-2.4125
-4.9158
0.48982
-5.5278
-0.34122
3.2457
2.5078
-0.17226
-2.3981
-1.4008
-2.4279
-2.5139
4.0379
-10.619
5.9242
2.5154
5.7575
2.1557
0.13897
4.0405
-2.2087
-1.5346
-1.9371
-0.46628
-2.0155
-1.2166
-0.85948
-0.56139
-1.2543
-0.53554
-0.93873
-0.39308
-0.97855
-0.84793
-0.95967
-0.73555
-0.83826
-1.297
0.73631
0.21753
14.965
1.3364
-0.78306
-1.2519
-0.10542
-0.81157
-0.9368
-0.36225
-0.78408
-0.87815
-0.14454
-0.30673
-0.73037
-0.76313
-0.0051907
-1.0712
0.25296
-0.43275
-0.58491
-0.44
-3.1661
-9.8997
0.01882
-4.1594
5.7152
-8.002
-5.6107
5.3229
6.3114
2.025
6.2667
1.3347
8.9776
1.3515
4.0828
2.0661
-18.992
4.2536
-8.2559
-13.312
1.8247
12.593
2.844
2.8159
-3.8052
-0.75517
-4.0177
-3.8644
-2.4393
1.5883
1.0966
-0.50009
-0.48554
-1.0528
-2.2279
-3.2283
1.2534
-4.6405
5.709
7.236
2.3655
1.2042
-1.2633
-3.8006
-6.6239
2.8305
-0.65922
0.25942
-0.87914
-0.4089
0.048669
-0.73907
-2.5975
-0.85453
0.052404
-0.64342
-1.1525
-0.23271
-0.74995
-0.77162
-0.69007
-0.72357
-0.86802
1.0253
0.23283
14.959
3.0356
-7.6049
-12.863
-0.21273
0.3342
-1.1338
-0.15357
-0.36541
-0.65019
-0.29514
-0.59656
0.022432
-0.76909
-0.25362
-0.99463
-0.85356
0.63681
0.81292
0.38172
4.0096
5.7882
-2.6378
-5.0661
9.1672
-2.6208
-0.16602
-0.90357
0.22421
-4.3734
5.0102
-1.0473
7.0271
-4.782
5.8794
0.60233
-2.0447
-2.9441
19.004
-20.327
-4.3897
0.7823
-3.028
1.5832
1.3874
-0.049415
-0.47561
-0.61119
-0.92168
-3.5563
0.19564
0.24404
-0.49663
-0.64677
-1.6849
1.1446
2.5329
-1.1852
-10.213
-2.6982
5.389
13.931
7.3654
-1.9666
-0.75164
-0.086133
-1.0944
-0.11634
-0.20915
-0.53331
-1.0696
-0.085556
-0.40481
0.43025
-0.1457
0.39608
-1.2569
0.062009
-0.718
-0.25102
-0.44819
-0.48826
-0.9269
-0.14693
0.51535
2.2039
4.6215
3.652
-7.7301
-9.5851
1.4971
-1.097
-0.032034
-0.14253
-0.60725
-0.17955
-0.25845
-0.13378
-0.26819
-0.31568
0.15709
-1.4339
0.50471
0.77837
1.7014
5.5
0.70099
1.2091
-0.36424
9.0726
-17.405
8.5231
1.7231
-1.1902
-9.8689
4.9232
-1.9121
1.0947
4.5007
-1.4456
6.1279
2.492
-14.204
-12.091
-0.48021
6.5293
-13.279
-0.22625
-1.8847
2.2197
0.46449
-3.376
0.93691
0.051644
-0.56601
-0.47452
-1.2054
-0.67904
-0.68782
-1.4349
0.037449
0.29738
2.0907
1.3412
-0.10882
-5.7679
-4.4563
-1.5834
6.35
20.354
-1.1522
-0.93779
-0.30022
-0.95839
-0.029759
-0.44152
0.45077
-0.33036
-1.3866
-0.17025
-0.15619
-0.5139
-0.045539
-0.74574
-0.1231
-0.29318
-0.2947
-0.048506
-0.3977
-0.20734
-0.21113
-0.0006228
2.9483
3.9549
4.2613
-9.0544
-5.7061
0.48348
-0.85285
-0.28557
-0.73572
0.12237
-0.16093
-0.15201
-0.12631
-0.10685
-0.44934
-0.013192
1.4463
-2.6222
0.92319
0.37222
1.886
2.867
4.3008
-0.4374
4.5127
8.5677
-16.802
6.296
1.5748
-0.60749
2.6044
3.3457
-1.4071
8.8573
-1.0395
-3.4401
2.2758
-5.1189
-8.3361
4.1374
9.9487
-14.501
-4.3803
-1.8071
0.8073
-0.78773
-5.7465
0.20463
1.2417
-1.2957
-1.1956
-2.6224
0.39699
0.4378
-1.5193
2.7946
0.43447
-0.56249
-0.48643
-0.144
-3.0307
-12.14
-4.5595
6.8427
19.091
2.1769
-1.9142
-0.024792
0.28552
-0.18945
-0.56534
0.66287
-1.8976
-0.18444
-0.23076
-0.042173
-0.49124
-0.25257
-0.34874
0.015489
-0.31782
-0.15386
-0.21877
-0.0090899
-0.3097
0.085902
-0.63797
2.0659
-2.161
-2.6519
-2.5393
0.2351
0.10044
-0.37158
0.13493
0.12795
-0.046492
0.25639
0.053254
0.12397
0.30283
-0.094832
1.6151
-1.7566
0.3928
0.37776
0.8016
0.34255
6.4619
2.6064
-3.4529
4.7254
8.055
-11.834
9.1814
2.7497
-3.3884
-7.024
1.8199
-0.61253
1.3629
0.45656
2.2279
-4.6964
-0.63551
4.4396
2.2117
9.7497
-4.1994
-3.8183
-12.172
-1.5769
0.13575
0.12915
-2.0833
-1.7918
1.7409
-0.88194
-2.3697
-1.4884
-1.3397
-0.053925
3.5295
-1.0394
-1.4141
0.87584
1.0822
-0.50145
-1.2203
-20.083
-2.3862
-1.6818
15.252
12.948
-3.9619
0.40031
-0.37935
-0.68872
0.57358
-0.88205
-1.6736
0.31867
0.11071
-0.16846
0.35913
-0.4858
-0.73793
-0.66389
-0.3382
-0.35707
-0.17101
-0.025172
-0.35034
-0.15445
-0.11185
-0.26502
0.11519
-0.3612
0.15172
0.39395
0.02964
-0.60621
0.43277
-0.23776
0.039239
-0.28961
-0.36738
-0.10514
0.016343
-0.21888
0.021828
-0.17256
-0.07279
2.0214
-2.5148
0.52123
0.086262
2.1491
4.2081
2.4658
-8.1037
5.3614
10.21
-2.154
9.5553
5.4293
-2.2686
-3.4595
-3.6822
-7.3501
-0.77529
1.1245
-0.72593
2.7998
-5.2235
-3.3258
2.4634
7.5981
-0.33449
-7.0523
-1.8634
-3.407
0.29066
0.24819
-1.8498
0.60899
-1.6911
0.23892
-0.67198
-0.81331
-1.5051
-0.50346
-1.0571
2.2296
0.38593
-0.31823
0.13821
0.35775
-0.92419
-15.74
-5.0959
9.6729
-0.31648
-0.62508
0.5788
-0.75825
0.44641
-1.7768
-0.0065783
0.70757
-0.091391
1.1901
-0.56975
0.19508
-0.24186
0.16096
-0.27282
0.544
0.25352
0.042025
0.051064
0.046248
0.24708
0.075216
-0.016757
-0.217
0.23863
0.11799
0.014832
-0.26639
-0.3006
0.29903
0.22207
-0.089599
0.0077424
0.20657
1.6304
-1.3378
-0.090991
0.52253
1.1002
3.8876
3.4492
-3.7714
2.8403
6.3101
6.8548
5.1548
7.877
-2.7297
-3.6335
-1.885
-3.8652
-2.2858
1.2446
-1.7035
-0.082619
0.17658
-1.6977
-3.8151
9.9023
-9.115
-7.4239
-6.5636
0.70363
0.33068
-1.8741
0.2387
1.3159
-2.1114
-0.6603
-1.0176
-0.82759
0.14012
0.18951
1.1749
-0.04488
-0.36032
-0.10529
0.68535
0.62203
-13.88
-8.2682
-0.49235
1.4198
-0.33676
0.82648
0.74593
0.66636
-1.035
1.0193
0.34857
-0.57095
0.78198
0.46761
-0.1592
-0.063227
0.56859
0.19861
-0.13063
0.17518
0.11246
0.421
0.58478
0.13036
0.23759
-0.22069
0.71019
0.011951
0.35853
8.9817e-05
0.10135
-0.087125
0.22711
0.32285
0.07879
-0.14208
0.19427
1.8339
-1.3942
-0.086547
1.0916
0.69421
5.2217
1.2538
-1.9615
1.7717
4.3488
10.972
0.034632
5.3909
1.3909
-4.1734
-1.2447
-1.5951
-2.969
-7.5978
-1.0027
-1.9808
-0.82917
-1.0076
9.9849
5.5868
-0.25399
-4.1703
1.3789
-0.37936
0.38985
-0.88482
-0.67706
0.072372
-0.53733
-0.19172
-0.56958
-0.14474
0.048054
-1.5907
-0.89423
0.55038
-0.44367
-0.42529
-0.61474
1.4028
-7.6879
-0.83502
7.7831
0.40755
0.44592
-1.0042
-0.51213
-0.00083175
-0.23579
-1.0104
0.52494
-0.69753
-1.2188
0.42604
0.12274
0.21133
0.40149
-0.1895
-0.44847
-0.25767
-0.074134
-0.59037
0.0059823
0.1312
-0.38088
0.24368
-0.2013
-0.61294
-0.38417
-0.16612
-0.17561
0.049247
-0.19857
-0.1092
-0.0072593
-0.053197
-0.1934
0.1338
1.428
-1.9778
1.7158
1.1082
0.68602
-0.90768
0.95905
0.98243
2.644
5.8452
-6.6441
1.8146
1.318
-2.9962
-6.1575
0.30257
-2.705
-4.5932
-0.24665
-0.51741
-1.8295
-0.91507
2.2867
5.7755
8.3322
4.2123
-3.1732
-0.6576
-0.55767
1.157
1.0534
-0.17551
0.3987
-0.31255
-0.96336
-0.50621
-0.4853
-0.50225
-0.2794
-0.96855
-0.31734
0.038755
-0.37547
0.30658
-2.3989
-5.5525
-6.7929
-3.0658
1.6498
14.033
0.3451
-0.23986
0.028295
-0.10856
0.5125
-0.49229
-0.12509
-0.16427
-0.11534
-0.49251
0.38708
0.10137
-0.14266
-0.18246
0.23887
-0.078695
0.01032
0.18489
0.09331
0.48679
-0.52387
-0.1107
0.27654
-0.15565
-0.018319
0.33521
-0.19361
-0.42898
-0.27724
0.23866
0.18614
-0.49652
2.5467
-3.1872
2.5976
0.72495
-0.39342
0.1772
0.56444
1.7909
4.7745
4.7692
7.5793
8.8141
6.3999
5.5938
0.86391
-4.5975
-4.3738
-1.2434
-6.3992
-6.2291
-4.0539
-4.6425
-3.508
-3.6966
-1.7273
-8.0911
-0.5874
-5.8608
-1.227
1.2844
3.5165
-0.75196
2.4673
1.4329
-0.028739
-0.24205
2.0888
4.7541
3.3355
-1.0774
0.91958
0.1081
0.96815
-0.8303
-3.9268
-0.2672
1.3954
6.4798
3.2653
-1.0837
-6.8746
1.6567
-0.56816
0.65944
-0.44543
1.5725
0.0067629
1.0636
-0.25505
0.027677
-0.10093
0.44849
0.45475
-0.63785
0.30304
0.12603
-0.14728
-0.2171
0.53442
-0.2474
0.22896
-0.75945
1.6884
-0.85807
0.64104
0.085989
-0.029915
-0.3284
0.58788
-0.16368
0.47206
0.48234
0.053346
0.029365
-0.058533
1.0631
-1.6311
1.4094
0.096346
-0.0026341
-0.47817
0.7545
2.0928
8.1718
6.0877
5.7107
5.4998
2.3802
-3.2085
-2.2105
-3.0775
-5.2504
-1.3339
-2.1391
-1.8481
-2.9357
-3.5886
-12.036
-4.0217
8.5468
-2.0387
1.6385
-2.1573
0.9866
0.88751
0.45781
-2.3952
0.401
-0.36197
-0.089852
-0.70869
-0.041466
-0.33244
-0.355
-0.14067
-0.91813
0.65739
0.87093
0.27187
-1.2333
-1.9612
-6.1028
-2.1837
2.3076
7.1593
0.65185
-1.9756
0.14972
0.020163
-0.26951
0.1816
-0.41049
0.21073
-0.30526
-0.30471
0.32027
-0.048721
-0.064377
0.55833
-0.83711
0.49772
-0.17639
-0.42955
0.23525
-0.12966
-0.11687
-0.23175
-0.26049
0.95799
1.3455
1.2803
-0.10337
-0.051384
-0.21494
-0.10898
0.15417
-0.16873
-0.19555
-0.019541
-0.27899
-0.022919
0.97048
-1.053
0.35838
-0.03288
-0.028392
-0.076466
-0.2715
0.25987
0.53284
0.96943
2.5624
6.6552
7.8692
6.3763
6.9371
5.3295
3.4057
-4.7947
-5.472
-5.6719
-3.2713
-3.6607
-7.5754
-5.2609
-6.6305
-9.4133
-3.8802
8.9851
-2.9174
-3.1885
-4.5771
4.0695
2.0811
-1.9542
-3.9019
4.3281
-1.9421
0.025409
0.10885
0.27359
-1.9973
-1.2931
0.56265
1.901
1.6399
0.64451
1.6348
-4.9075
-6.2194
1.0429
3.7337
6.5601
1.6938
-8.8831
0.51761
-0.02025
-0.95107
1.4665
0.73753
-0.66894
-0.4791
0.014861
-1.4888
0.069691
-0.32175
-0.16235
-0.049279
-0.47345
-0.02463
0.30024
-0.6109
-0.030227
-0.4606
-0.88779
1.1635
-0.19287
0.10385
-0.55916
0.17174
-0.11638
-0.37165
0.095056
0.1882
0.052043
-0.26102
-0.21699
-0.52551
-0.013017
-0.54696
0.40269
0.31007
-0.50319
-0.096514
0.57687
-0.11792
1.4094
0.66392
0.7998
8.8956
8.9524
2.6133
5.1374
6.6428
4.8484
-2.9724
-4.7237
-1.535
-1.138
-3.2666
-4.5534
-10.904
-6.4372
4.2292
3.7514
-0.048896
-1.8766
-0.56844
-0.38083
-0.73589
-4.4956
3.7505
-0.61732
0.059713
1.0693
-2.0269
-1.7255
1.1305
1.4321
0.84365
-0.26674
0.81991
0.56292
-4.9719
-5.7822
1.2436
4.7807
4.6826
4.3433
-4.1597
-0.074177
-0.64456
-0.50572
-0.56284
0.67489
-0.35313
-0.2675
-0.46555
-0.043596
-0.94261
0.13666
-0.067721
-0.26665
-0.18633
-0.3354
-0.14355
-0.02362
-0.17908
-0.41107
-0.1887
-3.5015
3.6255
3.2484
-1.8133
0.56466
-0.64273
0.080819
-0.72185
-0.014931
-0.38228
-0.25939
-0.24134
-0.10526
-0.2149
-0.37987
1.3723
-2.1387
0.93185
0.23292
-0.55818
0.55755
0.51728
-0.16331
0.21463
1.2903
7.4275
8.005
1.9305
8.1768
2.9266
4.027
1.4311
-5.6847
-4.0354
-1.275
-5.2342
-3.8749
-1.8792
-1.464
-10.04
-8.9891
4.1726
2.0678
-6.1429
1.1608
3.6137
-2.263
-3.2257
3.5891
-1.2988
-0.44841
-1.0092
0.041116
-0.62813
-2.1293
-1.3872
2.3018
2.4277
1.2944
0.11509
-4.1041
-8.4704
1.1005
5.1403
5.2163
3.1043
-6.5704
0.54586
0.39714
-0.82229
-1.0322
-0.94162
2.3301
-0.98677
-0.21204
0.90937
-1.8603
0.38
-0.071958
7.8363e-05
-0.32369
-0.23253
0.35644
-0.61864
0.094725
-1.4834
2.1845
-0.79516
-0.21543
-0.24568
0.026191
-0.40064
-0.2616
-0.014347
-0.30764
0.013034
-0.32685
0.28175
-0.60529
-0.11363
-0.36781
1.5918
-2.4213
1.7722
-0.15519
-0.48876
0.39081
0.055562
0.64593
0.02765
0.74836
7.8235
9.2986
2.6907
7.9373
3.5454
6.2308
0.24521
-4.9216
-4.0159
-2.6744
-3.7375
-1.7839
-0.99171
-3.6033
2.8343
-1.9538
-3.8769
0.54902
-6.8594
4.4924
2.3954
-2.839
-2.9454
-4.3745
3.577
-1.4547
1.4743
-4.1591
-0.61502
1.1236
1.7933
-0.75066
0.8934
-1.5506
2.0314
-7.901
-4.2908
1.2543
4.2445
3.8727
2.9018
-4.4279
-4.2547
0.54018
-0.17821
-1.3249
-1.3422
3.6966
-2.4152
-0.65262
-1.9903
0.3241
-0.9142
-0.73883
-0.0028656
-0.25896
-0.36322
-0.43216
-0.34078
-0.20222
-0.41127
-2.6865
-1.9091
0.92166
1.948
-0.21607
-0.33675
-0.27315
0.275
-1.1795
0.70484
-0.43281
-0.82165
0.42047
-0.61513
-0.10716
-0.61557
0.68477
-0.42203
-0.1861
-0.21358
-0.1507
-0.34939
-0.069402
0.092783
0.64943
0.03928
-1.5232
8.3101
9.0405
6.3162
3.2905
2.8792
3.3596
-0.59675
-4.4056
1.2263
-7.7492
-4.3037
-1.4896
-11.668
6.7409
-10.245
7.0963
-8.8646
-0.84312
3.9281
-1.898
-3.5613
-3.6586
3.9444
0.41687
-2.0598
-2.136
-1.4159
-0.74923
0.3972
1.0009
2.0389
2.032
1.8746
-0.73741
-9.7491
-3.4246
0.079172
7.8894
-0.17408
5.3495
-8.4111
-1.1536
1.2438
-1.4378
-0.04601
1.9542
-1.9221
0.33444
-1.6749
-0.28872
-0.48547
-0.626
-0.26775
-0.53223
-0.2854
0.10378
-0.61385
-0.18479
-0.15247
-0.24579
-2.0318
-6.4069
-1.4387
4.1348
3.0918
-1.3705
-0.41999
-0.22687
-0.30689
0.14036
0.027723
-0.46945
-0.20393
0.0022078
-0.56109
0.54187
-0.15788
-0.98497
-0.47446
0.20711
-0.60989
0.44264
0.26071
0.46221
-0.22867
-2.256
7.5218
5.2289
3.4409
1.6041
5.5549
0.40712
-1.9308
-0.75555
-4.3216
-3.1858
2.2913
-6.9271
-6.4648
-2.5147
-1.5235
-10.43
-8.7571
3.145
-5.7734
3.5097
-13.283
7.997
2.9822
-0.81864
-5.0892
1.7383
4.6587
4.5881
-2.1302
-0.39573
2.9554
4.2421
-1.0561
0.070114
3.0263
-0.67294
4.4007
-4.6873
-8.1761
3.6948
6.0611
3.0284
2.3028
-9.0491
-2.8331
-1.9882
2.8473
-0.94856
3.5441
-0.89515
-0.58251
-1.5955
-0.17708
0.19163
-1.6992
-0.19589
-0.26318
-0.042176
-0.27935
-0.031244
-0.17319
0.10458
-0.23918
-0.12176
0.32323
-0.35872
-0.63347
-1.2706
-1.9117
3.2801
-0.95618
-0.053095
0.10938
0.16295
0.23981
-0.16085
0.54352
0.537
-0.26771
0.0082209
-0.0025903
-0.55862
0.065002
1.6192
-2.029
0.084756
-0.098308
-0.069086
0.13033
-0.073815
0.78135
-0.81226
0.095737
4.2151
10.063
5.6669
9.6917
-1.4441
0.42269
2.9708
-5.2884
-3.206
-1.936
-3.1565
2.4647
-6.4951
-5.6897
-3.1992
-6.2697
-16.152
5.2566
0.85863
-1.7524
2.9148
-8.1671
5.2752
3.6558
-2.7422
-3.7163
0.73387
5.7899
-1.4017
-1.5331
0.067867
-0.49631
-0.35281
1.6328
2.9387
2.2814
4.1062
-7.6315
-8.0615
3.5607
5.1418
-0.097417
8.7899
-3.7132
-0.93003
0.88868
-0.30099
0.37543
0.66196
0.088396
-0.35236
-0.70734
-0.0076658
-0.44574
-0.20986
-0.37534
-1.0264
0.92539
0.030171
-0.62248
-0.28057
-0.27314
-0.32922
-0.64697
-1.4852
1.5275
-0.17979
-1.0513
0.15026
0.23964
-0.011072
-0.3032
-0.12097
0.1959
-0.56326
-0.29509
0.014225
0.0991
-0.56039
1.2709
-1.7712
-0.070807
-0.011029
-0.62726
0.55086
-0.50044
0.60676
-0.35761
0.44972
5.325
5.6249
10.164
2.9344
2.8697
1.2806
-6.5165
-0.019767
-0.25583
2.7911
-2.1684
-6.6325
-7.0584
-12.378
-4.3044
-0.68786
0.49102
3.1981
-3.7985
-0.1609
1.3031
-3.0807
-2.3093
0.46073
1.0378
2.2998
-1.6397
-1.2302
-1.6999
0.046461
1.4068
2.6028
3.4064
3.0266
4.2743
-3.6634
-7.95
1.1962
2.8444
0.10462
0.67418
0.9632
-0.87063
-1.9661
6.5646
-1.6241
0.67531
-0.29856
-0.47003
0.099236
-0.063563
0.2471
0.28343
0.1179
-0.040225
-0.32581
0.16454
0.0042998
-0.086694
0.12055
-0.5686
-1.5454
-6.9594
2.4167
5.9846
-0.65459
-1.492
0.20955
0.63132
-0.95154
0.91016
0.22826
-0.30666
0.21717
-0.11853
0.050198
-0.11229
0.56663
-0.27577
-0.14821
0.0011286
0.46251
-0.088185
0.086732
-3.5589
6.3548
8.9842
7.6764
0.56808
-2.3161
-1.7122
-0.39629
-2.2484
-6.8389
3.7472
-2.3037
-6.9192
-4.1104
2.6173
-13.853
-9.0713
3.5035
-5.5521
8.4772
-7.9258
14.814
3.1596
3.5503
-2.8098
-3.2591
4.805
5.9636
0.46523
-4.5287
0.96657
3.377
3.6166
0.57327
1.0031
0.70956
6.0282
-1.6162
-14.163
0.29705
2.7534
1.2425
5.7855
-0.8143
-1.7328
-0.90673
1.8819
-1.1414
0.21009
-1.7473
-1.0474
1.0325
0.31577
-1.9861
0.35324
0.35164
-1.2987
-0.32033
-0.20932
-0.34394
-0.27995
0.0024908
-1.0454
-0.62031
-1.6465
1.7824
-0.48765
1.2606
-1.6629
-0.21269
-0.37777
-0.38564
0.18952
-0.17941
-0.22633
-0.086754
-0.41673
-0.39459
-0.38804
0.28369
1.2969
-0.53025
-0.6138
-0.20419
-0.021669
-0.54977
0.41919
14.529
1.0732
3.9398
1.2855
6.4173
-4.2257
-10.077
5.3641
-3.6052
7.1587
-1.5212
-4.6395
-2.8488
-2.5405
-2.3862
-17.362
2.2851
-6.5458
-1.5185
-1.7006
11.786
2.187
2.1904
-5.0604
-5.1822
5.3849
2.2938
0.13827
-0.73672
2.7089
0.02649
-0.67426
0.70144
-0.056748
3.7631
0.45241
-12.128
-3.9996
4.7397
-2.8459
-3.5245
2.7893
-1.5211
-2.6955
2.8294
0.14482
-1.5716
-0.55147
-1.6584
0.48379
-0.75917
-0.062826
-0.81974
-0.23251
-0.43821
-0.41655
-0.11232
-0.22906
-0.32643
-0.12667
-0.74636
-1.8791
-0.90248
0.56746
0.82354
-0.54872
-0.50294
0.018504
-0.37076
0.37677
0.14821
-0.58081
-0.36384
-0.19359
-0.3324
0.085593
-0.30727
-0.18708
1.4708
1.4864
-0.13355
-0.32797
0.15667
-0.50541
-6.1078
8.9546
8.8592
10.361
-0.63203
3.2285
-2.9059
-3.7008
-2.7424
-2.8899
8.6879
-0.41054
-6.1629
-5.395
0.44949
-0.97971
-23.47
5.3591
-11.376
3.6994
3.6093
11.344
3.3644
3.229
-6.7159
-0.29939
-0.65233
-2.2795
-1.5731
4.0685
3.6558
2.1516
-0.86232
4.7964
-5.2747
-7.3787
-0.72052
4.8521
9.4903
8.0948
-9.2493
-13.846
-8.3927
2.9963
0.57462
-0.2162
-0.022889
-0.012826
0.59367
-0.16196
-1.7786
0.42045
0.077168
-0.29178
-0.031514
-0.14329
0.034325
-0.30702
-0.31829
-0.25316
-0.096883
-1.6772
0.63777
-0.031428
-0.053396
-0.13776
0.08988
0.15744
-0.30298
0.5474
0.29218
0.36365
1.5855
0.32594
0.085608
-0.75694
1.5686
1.5485
0.050459
-0.93333
0.021666
0.38652
-2.5714
-1.5253
-6.839
2.0699
0.61063
3.3669
6.8306
-6.1484
-3.6021
2.8155
1.4847
-8.6634
-1.2557
2.6106
0.45642
0.85676
1.3946
3.3112
-0.57154
4.1373
-15.104
9.5427
0.74347
-0.9534
-4.5464
-4.0905
4.1005
5.5474
1.2075
-0.84658
-1.5679
-0.75536
2.5595
0.91759
-3.3683
0.39341
2.3667
3.7822
-5.7232
-6.3514
5.3496
9.0712
-1.5981
10.246
-12.968
-10.591
-2.5345
0.92341
-0.27568
-0.74491
-0.17489
0.41511
-0.88091
0.15463
0.62205
-0.18254
-0.41797
-0.68818
0.11928
0.64938
-0.55394
-0.16707
-0.25723
-0.1838
-0.72954
-0.7379
1.2777
-0.10804
-0.086517
-0.59842
0.079587
-0.23804
-0.27164
0.39144
0.054973
-0.29214
0.27996
-0.18364
-0.71176
0.70244
2.3378
-6.1626
-0.9598
0.75047
-0.48094
-0.38005
-0.66707
0.21532
-3.894
-7.2632
0.1238
1.9634
8.5721
-5.3577
1.0254
4.6546
-4.939
0.73336
-3.0015
-3.9299
7.6631
2.7738
2.1362
1.3117
1.3893
-14.688
2.1225
0.83267
15.365
1.1964
-1.0946
-0.63106
-0.46194
-0.77622
-0.52499
-0.70223
0.10013
-1.7587
-0.61993
-0.24333
1.3085
0.6283
-0.54751
-0.28418
2.1535
-2.4752
-9.1998
0.82806
11.033
11.87
1.7819
-10.84
-15.287
-7.4741
1.9582
-0.82192
-0.58343
0.2032
-1.1781
-0.56722
0.12277
-0.16888
0.0055627
-0.34826
-0.58821
-0.25369
-0.10012
-0.13439
-0.20422
-0.11828
0.17427
-1.1937
-0.13002
0.91479
-0.48632
-0.0020944
-0.020864
0.34864
-0.00081645
-0.31325
-0.077889
0.23887
0.90767
1.5014
1.5166
-0.13335
-3.3333
0.0098375
-4.8028
0.10432
0.54386
-0.62269
0.93235
-0.92582
-2.0675
-6.2788
-0.45292
3.0263
1.414
-6.5815
-0.67318
-1.6218
3.192
2.1425
4.1486
6.6637
-1.4274
4.5605
6.8501
-21.666
13.468
3.5958
-0.44825
-3.8641
-0.92385
-0.92636
-2.2981
-0.71216
-0.55184
-1.1896
-1.228
-0.23627
-3.3416
-1.6995
-0.36796
2.2495
-3.2405
-1.4893
1.6838
2.8462
-1.2284
-8.8953
2.153
6.9172
7.7483
1.8572
-7.0221
-9.8686
-10.798
1.2538
-0.71579
-0.27227
-0.41245
-0.77207
-0.14355
-0.45915
-0.60186
0.071745
-0.39999
-0.094078
0.036867
-0.28714
-0.19524
-0.22722
-0.44597
-0.0078183
-0.078432
-0.90529
-1.2825
2.016
-0.070089
-0.18248
-0.37894
0.083028
0.029687
-0.20274
-0.39157
-0.33227
0.78199
0.23264
0.70059
0.10501
-1.2847
-1.2367
0.39982
0.98496
-0.19832
-0.29639
-0.28136
-1.1135
-5.0944
-1.9954
-13.106
-13.012
2.0762
2.013
4.7493
-6.7665
-5.3607
-3.4646
-1.6744
1.6973
-0.33152
7.2086
1.5827
3.2461
-2.26
-10.715
4.9415
3.7713
3.6095
-1.5955
3.2224
-0.70693
-2.0034
0.30666
0.65425
0.037096
-0.38292
1.2751
-0.81158
-0.086652
1.7197
-0.98702
-1.3183
0.1506
-0.27381
2.1133
1.2344
-8.3555
0.13398
10.457
7.14
4.3911
-2.6137
-15.493
-4.2721
1.2514
-0.29154
-0.25447
0.092393
-0.37117
0.25731
-0.095939
-0.076271
0.091901
0.053802
-0.7612
0.17255
-0.14356
-0.00030272
-0.24938
-0.10844
0.16143
-0.031451
0.23584
-0.61306
2.1172
-0.063372
-0.14388
-0.32479
-0.46137
-0.19267
-0.30157
-0.080994
0.2138
-0.043434
0.83324
0.41259
-0.39657
-0.88223
0.86398
0.55905
0.85766
-0.13791
-0.52823
-1.3742
-4.8415
-1.34
-15.631
1.0159
-2.7374
1.0777
-3.5662
-5.9128
3.882
1.5336
-0.91055
-3.9307
-2.798
6.2845
0.57109
5.9332
2.9211
3.1475
-0.071445
16.34
-28.816
5.5394
0.87988
3.2599
-2.3955
2.3267
-0.78791
-3.0173
0.75522
-0.009727
-0.94404
-0.086943
1.5322
-0.12156
-0.45186
1.5411
1.9917
-2.7063
-3.9093
-3.0565
5.7517
1.3305
-6.2597
-3.3881
6.5001
9.6735
3.4871
-13.017
-7.554
-5.7131
1.348
-0.88194
-0.052414
0.32
-0.49844
0.64656
0.022646
-0.10977
-0.049253
-0.66421
0.57326
-1.2749
0.9533
-0.70696
0.28849
-0.058927
0.007486
-0.11062
-0.14741
0.032962
-0.0022213
-0.58065
-1.1639
0.62468
1.2431
0.79411
-0.37213
0.1341
-0.057105
0.92794
1.5839
0.42221
-2.4676
0.51741
0.62171
0.40372
-0.073115
-0.65952
0.96717
1.2308
-6.8213
-2.1654
-14.674
-10.272
-4.937
4.577
-0.81186
-6.8905
0.42614
3.8567
-2.6765
-6.4903
0.081165
5.204
4.2992
5.1877
5.3378
2.196
0.81962
-0.34502
3.8412
4.0487
0.91356
1.3832
-0.69324
-3.1435
2.6476
-1.235
-0.63675
1.3575
-0.94536
0.12446
-1.313
-1.7546
0.11482
-1.4429
2.0493
2.4619
-5.839
-0.23572
5.2538
0.64597
7.9643
-2.0309
-9.5954
-1.3761
0.84461
-0.12518
0.18948
0.067883
-0.93425
0.2719
-0.16442
0.073679
-0.036327
-0.050041
-0.64053
0.36974
-0.16693
0.18894
0.11526
-0.11085
-0.021994
-0.67722
-0.70622
-0.60016
2.2104
-0.27282
-0.44262
0.086798
-0.85042
0.0057156
0.2437
-0.12157
0.75319
0.15918
0.63812
0.39183
-0.49321
0.45035
-0.44747
1.0629
-3.8347
-3.4342
-13.884
-12.589
2.9823
1.4275
-1.1391
-5.4018
-1.0275
6.1144
-5.4464
-3.2409
1.2048
4.5766
3.5407
2.5301
5.2407
3.875
0.72676
-0.38109
3.0293
0.031723
0.49506
1.0087
-1.494
-1.9977
0.57964
0.12972
-0.011373
-0.63954
-0.23589
0.65957
0.54836
-3.6821
-0.693
-1.5689
1.3857
2.8688
-4.0685
-1.993
7.8371
1.608
5.4895
2.3334
-6.8225
-2.0988
0.55279
-0.42078
0.0048785
-0.11911
-0.46694
0.083938
0.074112
0.1108
-0.45674
-0.19495
-0.31849
-0.33861
-0.25645
0.75277
-0.21634
-0.20232
-0.19627
-0.26184
0.044444
-0.80203
-0.053208
-0.69317
-1.8192
2.4611
2.3611
-3.4527
-0.25809
-3.295
0.098653
0.17729
0.27114
-0.048924
-0.1243
0.098071
1.0011
-0.42469
0.14576
-0.10019
3.6576
-5.7827
0.30138
-2.8976
-12.57
1.2007
-4.8016
-7.5791
-0.8973
2.8463
-1.2016
-0.79306
5.7774
3.0888
3.3041
5.5902
5.3629
-1.0099
-2.0525
-0.6764
12.555
-12.043
-0.40555
-0.34451
-1.3595
0.038033
0.29356
0.16636
-0.010511
-0.25786
0.85166
0.66135
-1.4149
-0.59255
-2.1956
1.2674
1.1086
-1.8193
-1.5947
3.5485
3.2774
0.58011
1.8208
-2.4637
-0.74448
0.56637
-0.56872
0.28674
-0.87777
-0.21805
0.016079
-0.23061
-0.1609
-0.44556
-0.12421
0.68358
-0.37955
-0.35138
-0.15258
-0.33278
-0.043041
-0.01418
-0.5961
-1.7019
-1.6519
2.8819
4.7349
-8.9267
0.372
-0.21755
-0.65721
0.17356
0.14262
-0.097837
0.38422
-0.75189
-0.49676
0.20891
-0.45707
0.24469
1.6143
-2.9397
0.32275
-1.2547
-11.154
-2.9942
3.1717
-2.9047
-5.7544
-3.5579
4.9592
-1.6002
1.8331
0.73361
2.8445
4.1381
2.8757
6.3328
0.029767
-0.13297
-0.21378
3.4845
1.1373
-1.583
1.7327
0.67376
-0.90512
0.46728
0.32482
-0.39003
0.58204
1.324
-0.12971
-0.38767
-0.28409
-0.31456
0.51193
1.0655
-1.9752
-2.207
2.418
2.1717
-2.9286
0.48021
0.2474
0.56365
0.10773
0.22711
0.56727
-0.63369
0.1144
-0.22159
-0.1664
0.13834
-0.43737
-0.21379
0.11647
0.4738
0.060965
-0.19785
0.1116
0.070062
-0.14528
0.10518
-0.020457
0.018956
2.4529
1.1869
4.4005
-0.98247
-10.644
1.0441
0.36071
-0.49286
0.35418
0.042289
-0.24761
0.026509
-0.07715
-0.21972
0.20885
0.25317
-0.2705
0.58141
0.057842
-0.6026
0.067773
0.33595
-0.6724
-1.4138
-5.5294
-3.6027
-5.1061
-4.2061
-4.7734
-3.5996
-3.755
3.7957
2.8411
6.1443
5.0712
5.307
6.5057
11.271
9.031
-1.3024
-0.16126
-5.2116
-4.1568
0.27838
1.6233
-2.4126
-0.89467
-0.13907
-2.6936
-1.3309
-0.52071
1.2511
0.60441
0.60487
-0.047157
-1.8674
-2.5591
0.32397
0.18809
-6.003
1.9395
1.33
2.0812
-3.6464
-0.55188
-6.7119
-1.697
0.39529
-2.3492
-0.78181
0.81087
-0.67434
-1.3515
-1.2766
-0.82373
-1.041
-0.94066
-0.63751
-0.76412
-0.76209
-0.51297
-0.88827
-0.47967
-0.46824
-0.6121
-0.83496
1.4831
3.3421
4.669
-8.1846
-3.5498
0.033466
-0.25515
-1.1364
0.059517
-0.089176
-0.69905
-0.062904
-0.0014514
-0.71771
-0.12243
-0.42151
0.5899
-1.0165
-0.043864
0.022077
-0.7708
-5.2904
-8.0404
-8.4924
-10.383
-1.492
-1.0329
-8.4956
-1.4669
6.7946
2.6905
4.6376
8.3069
5.4645
3.366
3.4204
3.3708
3.4741
1.0599
4.2385
3.1387
-13.55
-6.0035
7.2897
-6.5867
0.67505
3.37
-1.6202
-4.2816
-1.9913
-4.8708
-0.51443
-1.5587
1.0722
-1.9281
2.7605
0.99556
-1.3424
-3.4695
-1.719
-1.338
3.8078
-6.6529
2.7398
4.1788
-0.25466
2.8385
-0.89846
-2.1964
-4.5789
-2.4
-1.4537
0.2581
-1.3079
-0.51075
-0.11683
-0.31722
-0.18343
-0.81223
-0.45059
-0.30455
-0.45034
-0.43104
-0.15989
-0.36058
1.579
3.935
1.3619
8.9158
-0.71367
0.38291
-18.394
-10.531
1.2207
0.53258
-0.1707
0.080125
-0.013613
1.2228
-0.66696
0.40888
-0.2222
0.26645
0.18741
-0.21231
-0.11593
-1.7863
-9.5822
-9.2596
-9.5059
1.1132
-7.1893
0.46453
-5.2529
5.6894
4.9374
5.6631
7.2816
7.522
7.091
4.7691
6.3541
2.1185
3.9975
8.4049
3.0046
-2.3062
2.6072
-0.062764
-1.3948
-1.9885
-3.857
-0.16046
0.49061
-1.253
-0.013418
-2.5997
1.8337
-2.275
-0.69442
-0.25037
1.6396
-5.1827
2.6726
2.4536
0.9157
-0.3108
0.34988
-4.7831
-4.2483
-1.7045
-0.9482
0.10735
-0.2611
-0.95402
-0.36683
-2.0916
-0.31339
-1.1726
-0.29182
-0.73627
-0.61498
-0.71659
-0.70257
-0.69471
-0.50395
-0.31422
-0.60091
1.0258
7.2703
2.4199
-4.4021
-7.7662
-4.3719
-0.14357
-0.53234
-0.95386
-0.31626
-0.1056
-0.72861
0.0067514
-0.76674
-0.6642
-0.44613
-0.13555
-0.38084
0.02834
-0.42776
-3.9886
-8.9943
-10.342
-10.553
-6.6189
-7.7945
0.008642
-0.49342
2.5854
4.4907
2.2773
4.6355
9.1715
4.1425
5.2656
2.8905
3.7539
6.1746
2.2537
-8.9541
-9.0327
0.55909
-1.0671
-6.0144
8.2993
-1.9055
3.0107
-3.5909
0.083522
-0.13981
-0.079378
-1.4048
-0.73625
-1.0945
0.29661
0.43715
-1.7677
-5.3744
0.94738
1.2164
0.76282
-1.2726
-1.4278
-4.1316
-0.53743
0.73246
1.096
0.37789
0.25487
-0.0065789
-0.50395
-0.16436
-0.54942
0.22036
-0.092514
0.17487
-0.057705
-0.22282
-0.18608
-0.23454
-0.47219
0.58504
2.5656
9.5182
3.7524
-6.0216
-8.862
-2.6362
1.4075
-0.33115
-0.75073
0.66769
0.15246
-0.50998
0.065064
-0.36272
-0.22711
0.4834
-0.77785
-1.0028
0.6061
-0.2216
-0.54621
0.38825
-0.10493
-0.72601
-1.5887
-6.0234
-11.083
-10.139
-5.2225
-2.6079
-4.9163
-2.0546
1.0275
8.3176
4.2169
8.3998
4.615
5.8412
4.3581
3.8054
4.7988
6.5548
0.87946
-16.814
3.4302
2.1503
-5.2797
6.9278
-1.8696
0.71435
-3.4779
-3.1779
-0.044546
-3.8066
-1.9569
-0.018775
-1.7346
2.586
-3.0407
-1.6521
2.6306
-1.8119
1.789
-0.064418
-5.8111
2.978
3.1252
-0.26848
-0.69382
-0.32419
-3.8813
-3.9747
-2.0985
1.6294
1.5017
3.57
-0.19014
-0.20633
-0.19828
-0.58647
0.59704
-0.53396
-0.30091
-0.28521
-0.13907
-0.23656
0.042856
-0.43438
-0.41263
-0.0081939
0.34655
0.32711
-0.11318
2.2192
9.5162
2.1743
6.8925
-2.4448
-2.9903
-12.671
-4.3568
-1.3374
0.31188
-0.2913
0.43939
0.85165
-0.10771
0.19649
-0.27589
0.15286
0.71951
0.82312
-0.47891
0.59449
-0.44463
0.035794
-0.0034208
0.20119
1.0583
-2.6413
-8.0433
-13.373
-10.833
-3.2267
-9.099
-4.7234
5.5655
4.4813
10.251
7.3272
3.9046
4.2302
7.8207
3.8107
5.0513
-4.4168
-3.8981
2.533
-5.654
1.5267
5.2963
-1.4706
-1.981
-1.0007
-2.6119
2.7005
-1.7205
2.393
-2.0255
1.532
1.3478
-0.056499
-1.796
-0.27357
0.16497
2.7982
-5.0661
3.5167
3.8754
2.8062
0.77291
-1.1692
-2.1818
-5.9117
-1.9195
0.58861
2.1252
1.974
0.073557
-0.64889
0.44449
-0.79769
-0.4429
0.14158
-0.38663
0.31021
-0.55417
0.2931
-0.15681
0.23061
0.15505
0.31977
8.2994
8.1074
-0.84776
-2.4619
-12.649
-7.5764
-2.1128
1.1373
-0.96503
0.55853
0.78751
-0.13596
0.35404
-0.16916
0.0027177
0.82305
0.77382
-0.54687
0.77212
-0.53356
0.18884
-0.18353
0.28374
-0.68891
-0.82708
-8.8203
-11.55
-12.561
-2.8673
-4.2073
-4.3784
3.7575
6.0402
5.19
10.868
7.0472
5.868
6.5065
-7.8293
-8.8879
-1.4372
2.7056
-3.6686
-0.91774
3.2005
-0.67411
-1.8171
0.86396
-1.3662
0.35015
-1.6279
0.87299
-0.49595
0.40563
1.3097
-0.15042
-0.92167
-0.74999
3.5738
-3.1634
6.1294
0.9521
2.702
-0.49486
-0.066727
-2.7243
-3.8449
-2.6066
0.83118
0.98697
0.93121
-0.33076
-0.5973
-0.020271
-0.28918
0.013259
-0.44923
-0.21393
-0.3175
0.20361
-0.27969
-0.13468
-0.39179
-0.12012
1.3257
2.9665
4.1898
0.53198
-10.751
0.30279
0.46745
0.39974
0.69856
-1.4904
-0.16991
-0.13924
-0.060615
-0.20196
-0.092458
0.43832
-0.69667
0.50673
-0.51014
-0.11815
-0.49948
0.18393
-3.6378
-10.028
-9.156
-10.264
-2.0426
-6.6845
-0.84971
1.3582
4.6138
3.4121
2.3009
8.6573
8.3019
5.3734
6.0468
5.055
4.6482
1.9418
0.62857
-12.274
-5.8154
-0.91817
-4.3584
-1.2094
-1.3237
-2.0538
-1.877
-1.9767
-1.5969
-1.1639
-0.82518
0.52821
-3.1358
-0.38413
1.4623
-1.4694
0.74162
-2.1871
2.2728
3.5663
1.8723
-0.88934
-0.46503
-2.325
-5.5526
-1.8393
-1.2676
-0.17751
-0.1057
-1.5183
-0.23438
-1.4102
-0.38231
-1.0421
-0.20838
-0.4822
-0.446
-0.57169
-0.54145
-0.49387
-0.42153
-0.81192
-0.61459
-1.1722
1.5963
10.842
-1.3736
-5.343
-0.4055
-0.31836
-0.68431
-0.58385
-0.46754
-0.48865
-0.23986
-0.20271
-0.47176
-0.052137
-0.063756
0.10745
0.34952
-0.76787
-0.16512
-0.55886
-0.39154
-4.4856
-10.484
-9.0285
-8.0933
-0.52683
-4.1251
0.30368
1.5965
6.3406
4.3489
1.8121
8.2319
6.3044
5.9241
4.9786
4.3934
3.7051
1.7147
-15.905
-5.1827
6.2063
-2.0601
-1.4563
4.9043
-3.5062
-3.1834
-1.9263
-1.8425
-1.4253
2.398
-0.57869
0.91312
-0.75172
-2.3294
-1.3017
-2.8714
-2.1923
1.8567
2.0633
0.19864
2.2488
-1.872
1.7186
-6.091
-2.5236
-1.4192
2.4138
0.50635
1.6151
-0.19161
-0.28613
-0.48329
0.094757
-0.31951
-0.21433
-0.21617
0.030044
-0.12506
-0.16872
-0.45825
-0.61741
0.22488
2.3566
5.4454
10.014
1.9511
-5.4964
-1.297
-2.2839
-0.22249
0.26453
1.0859
0.317
-0.041526
-0.3325
0.0038176
-0.22076
0.16453
0.021441
0.44866
-0.3256
0.16353
-0.099625
-0.092034
0.084887
-0.47905
-2.0169
-3.9853
-10.459
-9.0365
-3.0179
-3.3906
7.6057
4.3743
4.9218
5.5772
4.4132
5.6214
2.1509
2.7321
8.035
-17.133
-3.0698
-3.0891
-0.0059813
-2.6854
2.1544
0.1466
-0.68029
-3.6204
-1.2703
-2.4129
-0.74338
-0.44597
-0.49093
-0.10122
-1.2838
0.089074
-0.37474
-3.0338
-1.624
0.42041
0.67968
0.59189
2.6634
1.5971
0.67956
-0.73238
-5.5037
-1.8438
1.5841
-1.2636
1.2725
-0.52555
-1.3076
-1.2606
-0.28425
-0.72987
-0.12522
-0.26973
-0.46967
-0.37363
-0.27633
-0.49442
-0.66159
-0.82549
-0.69381
0.069891
2.576
4.0046
2.1844
-1.6731
-8.0063
-4.858
1.0498
0.8087
-2.7535
0.24802
-0.12926
-0.32228
-0.14872
-0.15918
-0.32703
0.19773
-0.21725
1.1166
-1.3311
0.49322
-0.11098
-0.20224
-0.18247
-2.2933
-4.3776
-11.426
-12.508
-3.4647
-8.3034
-0.24688
5.2656
3.7676
6.2288
8.6659
3.6214
5.2
0.87313
3.2449
-11.712
-3.8764
-1.2593
1.7866
-4.0309
0.27329
4.437
-2.9061
-3.8564
-0.56346
-0.78254
0.18514
-3.0106
0.3785
-0.94242
1.851
1.0445
-1.5533
-1.0915
-0.76898
-0.041828
-0.16867
-2.9152
4.1992
2.4349
0.68735
-1.95
0.54208
-1.2801
-3.481
-1.1988
0.42369
-0.67441
2.801
0.087832
-0.078426
-0.39836
-0.393
-0.12443
-0.058694
0.38625
0.028385
-0.39366
-0.009476
-0.17408
-0.10055
-0.29163
0.23886
3.3698
4.5445
7.165
-3.3381
-6.0986
-2.1175
1.2089
-0.0041445
0.37121
0.43144
-0.3507
-0.022242
-0.12005
-0.17705
0.041953
0.35772
2.1713
-1.9941
1.7021
-1.3735
-1.0545
1.807
-1.4115
0.82087
2.9143
4.3066
0.70267
3.6281
1.4785
2.5037
1.2122
1.1268
1.4917
-0.67309
-0.24704
0.35007
-3.3193
-1.3787
-14.772
-19.203
-2.3432
-16.364
-1.8624
-1.6564
3.7773
-0.61919
-0.30009
-0.23802
1.1578
-4.7703
-0.64236
0.29136
4.5461
-0.26695
-1.1148
0.09976
0.4274
1.7648
1.2477
-1.2992
-8.489
4.6242
6.069
8.4763
-1.5418
0.68481
-1.2396
-0.47455
-0.67894
-0.30806
-0.78464
-0.90589
-0.55946
-0.96663
-0.18195
-0.2354
-0.4662
-0.43901
0.20931
-0.37453
-0.6246
-0.38273
-0.28316
-0.48644
-0.30881
0.93311
0.15901
-0.24314
2.5635
-0.046633
5.5569
-1.0033
4.9824
4.7907
0.15478
-0.067912
-0.39291
-0.68813
-1.2596
-0.57256
-0.76956
-0.53585
-0.42917
0.87361
-2.0952
0.76806
0.024486
-1.9524
3.5674
0.43948
1.6747
0.64023
1.3696
0.43339
2.9844
-2.9753
0.061332
1.3576
-0.38135
-1.185
1.9152
-1.0102
-8.6072
6.9682
-7.1162
-11.081
-1.6328
-13.592
-0.21377
-4.1401
2.9754
0.5735
-0.3624
-0.35019
-0.61924
-5.5929
0.71579
2.2675
-0.86805
1.1668
1.0007
4.2149
-0.07425
-0.58952
-0.052148
-0.14596
-11.014
3.8617
3.7269
10.712
1.0921
-0.60886
-1.9229
-1.5421
-1.4913
-1.4113
-1.0893
-0.84093
-1.0305
-1.616
-0.87176
-0.61309
-0.87647
-0.76131
-1.3182
-1.1406
-0.82149
-0.82302
-0.77989
-0.75824
-0.071754
1.6112
-1.9185
3.5319
2.2221
-7.2951
1.7556
-1.2049
-0.19977
-1.3395
-0.45742
-0.93057
-0.9366
-0.34844
-0.5759
-0.55211
-0.41558
-0.47612
0.44388
-1.8856
1.3499
0.26756
-1.7891
2.0853
-2.3324
5.2072
5.8774
-5.0548
-6.7177
6.6373
-0.7363
-1.3777
-0.58084
2.2017
1.0006
-0.85512
3.6281
3.9963
-6.2009
-15.065
2.5787
5.0456
-12.288
-1.8142
-0.93698
-3.0059
1.4601
1.5605
0.29622
-1.9899
-5.4309
-3.325
-0.65924
-0.6417
2.8729
-0.97065
-3.3788
-1.9205
4.9835
1.2055
-0.0074546
1.9282
-10.234
2.259
9.0168
3.4525
-1.3637
-0.82821
0.092882
-1.2404
-0.60906
-0.7793
-0.33685
-1.2417
-0.62894
-0.43226
-1.3881
-0.22058
-0.26607
-0.43106
0.12644
-0.39538
-0.80374
-0.3387
-0.40346
-0.43332
-0.7483
0.15375
0.29075
3.6546
2.8235
-16.712
1.802
-0.041459
-0.96134
-0.93502
-0.43863
-0.65689
-0.31884
-0.61145
-0.53103
-0.38872
-0.482
-0.26277
1.2182
-2.0226
0.27384
0.74348
-0.26764
0.25794
4.1833
-1.6982
6.2711
-6.985
-0.31142
2.2294
3.9519
1.8687
1.615
0.92528
2.3867
-0.24842
4.9286
-1.8813
-3.0253
-5.3284
-5.6274
4.139
-3.5581
-3.4184
-8.0727
3.5367
-8.5932
3.3481
-3.6189
3.5244
-0.20502
3.7531
3.9844
1.624
1.0291
-1.5991
1.2839
-1.3241
-2.1947
-3.9778
1.4818
0.32709
-4.2217
9.5376
4.9495
8.0351
-5.542
-3.869
1.4698
-1.4598
-0.75882
-1.0442
-0.65183
1.7926
0.1104
-3.2907
-1.2071
-0.61189
-0.36668
-0.79065
-0.049966
-0.49505
-0.85282
-0.62189
-0.33585
-0.24147
-1.3303
-0.1664
0.51359
5.7634
-4.5944
-5.2282
-0.60196
-0.060025
-0.34084
-0.37197
-0.40334
-0.00097267
-0.21154
-0.24784
-0.14333
-0.17968
-0.17657
-0.045724
0.44328
-0.69067
1.6116
6.7209
-0.013227
1.4302
0.30328
3.1929
-0.77365
-6.1524
5.2714
0.054074
1.3815
-0.44502
-8.6563
7.5852
7.5074
-6.0177
4.083
2.9961
-4.1973
-9.718
-1.3708
-1.2447
-13.704
-1.4554
0.57182
-9.1034
-3.7306
1.986
0.92962
-0.50296
-0.56197
-0.37711
-3.8193
-0.55281
2.1205
2.0331
1.5388
-1.7805
0.83404
-0.39616
-0.52754
2.5481
0.89549
-8.3017
1.0097
2.8397
7.8262
0.42115
-1.1908
-1.0992
-0.11706
-0.88938
0.77983
0.25328
-1.0419
0.083702
-0.64225
-1.2758
0.69729
-1.27
-0.36749
-0.012365
-0.97903
-0.068191
-0.63719
-0.20728
-0.31226
0.57869
-0.75603
0.791
-0.51473
-0.27485
0.084003
0.014427
-0.12237
-0.40144
-0.30288
-0.078913
0.014938
-0.19833
-0.18715
0.011668
-0.16236
-0.19938
-0.032318
-0.32225
-0.41657
1.1328
4.2989
2.3072
-8.8282
-2.3278
11.752
6.1589
-9.5613
0.014431
-0.77661
-0.10648
3.8859
-1.3146
-0.81912
-2.1717
0.29673
0.15794
2.9677
-2.4325
6.9468
-5.0594
0.57346
8.8843
4.8189
-2.8196
-5.6969
-14.542
6.4948
4.1444
7.0275
0.8692
-7.5658
-0.41801
4.8957
1.2336
-3.4121
0.56113
-0.19906
1.4656
3.2575
2.1699
-1.5839
-16.356
-2.2928
-2.2552
9.1604
0.69991
-2.3152
-0.47084
-0.65407
-0.75699
0.66984
-0.54784
-0.60284
-0.15157
-1.0559
-0.17386
-0.53663
-0.11378
-0.72866
-0.16319
-0.90733
-0.63773
-0.14506
-0.43639
-0.24634
-0.39085
-0.027895
0.092913
-0.39301
-0.15175
-0.090603
-0.29364
-0.96145
-0.093825
-0.51356
0.012278
-0.26178
-0.30688
-0.25103
-0.19744
0.04542
0.20013
-0.22409
-0.86103
0.58627
2.7
11.826
0.97661
-9.139
-0.62243
6.6235
6.6073
-13.571
10.703
1.0641
-0.86111
-2.5004
2.8909
-2.0488
-4.0075
-0.15983
-0.3468
4.1962
1.0959
0.19346
-3.7564
-5.7066
-13.801
5.3016
-13.919
-8.2223
8.8493
5.4837
9.9607
-1.7178
-7.8605
0.13947
1.1816
3.3169
-0.87926
-5.0382
-0.33018
-2.5274
2.7988
5.4759
3.3743
-16.578
-1.8009
-0.12643
3.0541
3.1838
-2.6045
-0.41184
0.50019
-0.12084
0.23921
0.64007
0.19673
-0.075632
0.7845
-1.6154
-0.045835
1.0866
-2.0836
0.38066
-1.3725
-0.54802
0.96415
-0.87361
-0.10773
0.52502
0.029273
-0.16161
0.27383
-0.35392
0.23203
-0.10286
-0.21455
0.069432
0.461
-0.28879
0.16649
-0.10183
-0.33556
0.17299
0.058593
-0.016082
-0.19774
-0.089386
0.045517
0.051219
0.78138
-0.24221
-0.76121
3.0268
9.489
-1.35
-9.6709
1.9256
10.555
8.0417
-16.169
11.025
2.9565
-6.6048
3.189
-5.8558
-2.2345
3.0156
-0.93205
1.3953
-1.4265
1.4622
-0.53106
-0.44752
-7.472
2.1482
-4.9236
5.9627
-17.064
-4.5711
-4.5162
7.5221
6.0769
8.5942
-6.8205
-6.2639
0.15643
4.7733
0.50782
1.225
-7.7561
-3.9327
7.1329
7.5033
2.8979
-8.9724
-9.7266
1.9368
-1.2479
1.3347
-0.88585
-0.016133
0.44819
-0.0049098
0.24
2.2783
-1.0807
-0.44398
1.0786
-0.91874
0.10612
0.11613
-0.89782
0.82993
-0.25907
1.2978
-2.1233
0.22024
0.1854
-0.22732
0.71475
0.67724
-0.12021
-0.14072
1.0767
0.1344
0.1327
0.12502
-0.37363
-0.28041
-0.044491
-0.042731
-0.40053
-0.34671
-0.067666
-0.06507
0.29532
-0.2092
-0.060483
0.098318
-0.030653
0.59585
0.45648
-1.2375
0.95176
3.7375
5.0756
-3.8344
-4.1312
4.2478
11.42
2.7297
-15.911
7.5364
1.3061
-5.5602
-0.0736
0.30184
2.5803
0.7527
2.0608
-6.0529
0.12495
3.1284
-2.0601
-1.1917
3.4969
4.3478
-5.9739
-5.5203
-3.962
-1.4881
1.5719
-18.065
7.6757
7.9885
2.6402
0.64575
-0.79302
0.76002
0.097253
-4.8261
-2.1491
6.461
1.627
-4.247
-1.4074
3.0453
0.99378
2.3508
-15.324
-10.995
-1.3724
6.6375
9.4665
3.2711
-1.7999
0.78616
-0.12445
-0.43161
1.1093
1.0182
-0.28498
0.61779
-0.43023
0.45288
-0.52732
0.74661
0.047125
-0.23598
0.20002
0.04398
0.20642
-0.079642
0.26828
-0.14404
-0.12181
-0.22638
0.033537
0.11299
0.10693
0.47287
-0.16149
0.21316
-0.20977
0.20544
-0.30963
-0.24509
0.12452
0.069404
-0.33225
0.23494
0.01489
0.077324
-0.010939
-0.070861
0.66664
-1.2667
0.53465
0.32474
2.4233
-0.090386
2.6035
-0.31851
4.3772
7.6508
8.2157
0.57381
13.715
-1.3165
-0.32127
-1.6724
-0.028882
0.010535
2.2811
-2.2711
-2.1112
4.8195
-6.3291
-0.85427
4.3643
0.23055
-3.7343
-7.4054
-5.0175
0.065903
-8.5693
-8.2803
4.7283
-2.2811
1.2642
-0.70811
-0.068528
-0.34052
0.14962
-5.8445
5.3787
0.55251
-3.3572
-2.6848
3.7047
0.47486
0.54034
-1.5279
-17.057
-5.1664
0.014671
-0.11002
18.732
-2.352
-0.13879
0.16027
-0.49055
0.79808
1.1005
-0.86367
0.13961
0.14663
0.54198
0.076496
0.012427
0.42067
-0.34671
0.66296
-0.3463
0.44865
0.3342
0.11014
-0.12639
-0.012536
0.037585
0.39794
-0.14597
0.38878
0.25636
0.2067
0.048658
-0.1808
0.13954
-0.36431
0.075771
0.14331
-0.00010056
0.012829
-0.037332
0.092382
-0.011037
0.23758
-0.14652
0.85881
-1.8594
1.1103
-0.20526
-0.22462
-0.059588
3.129
0.068366
3.9878
8.0479
7.6927
1.2688
12.664
0.43686
-8.1133
1.1674
-0.36031
-3.5883
-0.018465
-4.5045
1.4702
4.6857
-0.62818
0.23293
1.2526
2.6147
-10.111
-1.827
-1.1177
-6.135
-0.8405
-8.3752
0.1286
-0.55374
1.4272
-0.20929
-0.1416
0.82792
-1.264
-1.2326
-3.3125
7.4559
-0.23066
-1.4456
-0.78799
1.1477
0.96062
0.21514
-0.39644
-15.279
-7.284
-1.0532
3.1937
21.329
-3.4185
0.44359
0.77173
-0.57036
0.50903
1.4252
-0.59127
-0.057929
0.66304
0.37684
0.094752
0.95981
-0.92537
0.55731
-0.011563
0.35283
-0.084622
-0.40539
0.49466
0.018764
-0.056635
0.018389
-0.098086
0.41437
0.46293
0.68372
0.0060464
0.31984
-0.14069
0.26498
-0.29167
0.29973
0.0199
0.25693
-0.023112
0.069937
-0.043934
0.15448
0.15319
0.035059
1.4553
-1.5663
0.19895
0.44707
0.085986
-0.013502
1.6105
-0.55582
1.0366
8.7518
8.2723
0.89519
4.766
1.2237
-4.9356
0.84758
4.0617
-4.8756
-6.3437
0.8509
-2.6867
1.3256
2.1903
-0.74376
-1.6446
3.3844
-0.14079
-0.29989
-1.6648
-6.2598
-9.6477
-6.8719
3.1952
-0.85346
1.7612
-0.94399
-0.049181
-0.35165
-0.3103
-0.39375
-0.98459
-0.65419
1.9928
-1.2222
-0.071846
-1.7244
-0.65243
-0.62224
1.1136
2.302
-15.891
-7.1082
0.51445
9.3708
13.66
-5.4191
1.0104
-0.36898
0.0064823
-0.58133
0.77798
-0.64469
-0.14432
0.077578
0.00093972
-0.34188
0.057432
-0.15367
0.066739
-0.16762
0.049361
-0.03237
0.26787
-0.079661
-0.22103
-0.10971
-0.14166
0.22665
0.087306
-0.25759
0.43551
-0.58338
0.22121
-0.14009
-0.050498
0.030659
0.21684
0.037916
-0.042886
0.1749
-0.045073
0.03934
-0.05901
-0.072867
1.5367
-1.8452
0.38692
0.37041
0.13181
0.14253
0.9435
-1.0079
0.64115
2.7181
6.3805
-6.7074
7.9514
3.3659
-4.2533
-0.69019
3.2335
-7.1768
-2.5382
2.9569
-1.4101
-1.1887
0.94773
2.7115
1.9988
0.9921
-7.5603
-5.1424
7.325
-6.1955
-2.5754
-3.7575
1.7734
-1.5365
0.95357
0.29627
-0.44229
-0.24746
-0.19157
-0.017554
0.16618
-0.52733
0.70436
-0.16024
-0.045545
-0.82628
0.028203
0.2008
0.87151
-8.8529
-9.429
-3.2906
-1.8795
12.629
1.3676
-1.9774
0.38425
0.3707
-0.15127
0.94211
0.29209
-0.12973
0.50749
0.033321
0.37559
0.26455
-0.18895
0.73136
0.46842
-0.098226
0.51566
0.23795
0.043678
0.17626
0.22687
0.17463
0.070007
0.14968
0.69689
0.21528
0.51833
0.10105
-0.22853
0.086371
-0.27915
-0.41955
0.59801
-0.29686
0.45785
0.23872
-0.14358
0.23524
0.095741
0.4896
1.6592
-2.547
1.6789
0.12011
0.0045159
0.24926
1.1922
-0.35513
2.6987
2.6688
-11.846
-0.36019
6.4412
2.4341
-5.773
0.30441
2.0772
-5.3025
-3.261
0.40325
-0.41779
-0.37181
2.6533
4.1953
6.0274
1.4784
-8.015
-0.52934
-0.19318
-0.84871
-2.3163
0.83027
0.012034
0.48892
0.56775
0.32933
-0.083548
0.043137
0.22971
0.036282
0.1414
0.32806
-0.026381
-0.14662
-0.14265
-0.21057
0.43582
0.78808
-3.9725
-9.9624
-5.2253
1.2595
11.22
1.1611
-2.7296
0.34517
0.13119
0.062221
0.23546
0.26831
0.2288
-0.025077
0.43624
0.4458
0.26529
0.39605
-0.27655
-0.27378
0.35627
0.12502
-0.17977
0.62443
-0.18375
0.23682
0.34073
0.024313
0.23984
0.79759
0.76373
1.6124
-1.4446
-0.81231
-0.81646
-0.25691
0.49522
0.024091
-0.20242
0.24175
-0.004226
0.092555
0.18905
0.094063
0.146
0.38172
-0.074572
0.25625
-0.10148
-0.019678
0.20817
0.11173
0.054677
-0.030093
0.10703
0.044654
0.20139
-0.021623
0.11229
-0.07837
0.031698
0.19494
-0.10587
0.34803
0.21244
-0.016307
0.049215
0.16836
0.035476
-0.016784
0.047928
0.070459
0.055432
-0.037963
-0.020033
0.072952
0.030849
0.17692
-0.20159
-0.09256
0.14921
0.0052416
0.12375
-0.017488
0.050751
0.013328
0.049385
0.056563
-0.047793
0.029775
0.063699
0.025338
0.094992
-0.060609
-0.0020393
0.13443
-0.014475
0.12415
-0.00029294
-0.0065995
0.076848
0.13417
-0.032951
-0.0083425
-0.057337
0.024872
0.10924
0.0060744
-0.020967
0.023659
0.07146
0.04191
0.067754
-0.070834
-0.011802
0.05286
0.055816
0.055905
-0.059711
-0.011802
-0.0061297
0.090752
0.019458
-0.011197
0.033817
0.055656
0.08144
0.066562
-0.054403
-0.0028133
-0.0016801
0.017705
0.069362
-0.024328
-0.036913
0.0023183
0.057482
0.034111
0.03021
-0.036979
0.023608
0.047068
0.053957
0.082985
-0.022869
-0.013987
0.029564
0.043227
0.051768
-0.046393
-0.027358
0.0071615
0.096742
0.054703
-0.01396
0.047623
0.035014
0.052401
0.069419
-0.026707
0.030208
0.0054316
0.033842
0.027101
-0.063872
0.021136
0.066431
0.049332
0.050996
-0.020453
0.047491
0.034772
-0.017207
0.16216
-0.044336
0.013375
-0.032359
0.11102
0.037643
-0.050552
-0.050225
0.019077
0.070049
0.050259
-0.041829
0.039128
-0.018417
0.0047237
-0.016882
-0.0089151
0.062053
0.072089
0.030806
-0.091141
-0.0040997
-0.024044
0.1076
0.040481
-0.0059235
0.013532
0.022891
0.058688
0.057037
-0.050563
0.016189
0.051986
0.038319
0.021956
-0.065169
0.01959
0.014012
0.074419
0.037991
-0.076884
0.038624
0.0011199
0.060032
0.061039
-0.041195
0.047078
0.0032164
0.076945
0.0025855
-0.20189
0.093243
0.0094612
0.0909
0.078312
-0.057213
0.030603
0.051217
0.02887
0.070082
-0.056287
0.031784
0.03502
0.055721
-0.0036955
-0.041843
-0.012287
0.049973
0.051905
0.041504
-0.035241
0.015978
0.046087
0.065914
0.060899
-0.049855
0.016505
0.022691
0.056313
0.01536
-0.060079
0.012942
0.055704
0.054046
0.027999
-0.030007
0.023728
0.041678
0.061734
0.068831
-0.060768
0.006434
0.067067
0.037785
0.0071045
-0.044106
0.013132
0.046594
0.03651
0.050454
-0.017515
0.035394
0.061884
0.068981
0.036802
-0.12731
0.039336
0.043807
0.067012
-0.019613
-0.021226
-0.03061
0.022219
0.055841
0.059815
-0.059278
0.025955
0.053199
0.066662
0.067633
-0.028495
-0.0024135
0.053601
0.058126
0.032256
-0.080077
0.01215
0.027438
0.066297
0.045715
-0.031126
-0.016461
0.04834
0.053023
0.045918
-0.018574
0.037796
0.036933
0.036352
0.0087209
-0.033029
0.041486
0.019529
0.070508
0.05031
-0.060327
-0.011739
0.055757
0.021235
0.074861
-0.027453
0.022954
0.017067
0.041698
0.016586
-0.07091
-0.022062
0.040268
0.066224
0.049384
-0.063903
0.00046639
0.067887
0.026369
0.065983
-0.021611
-0.0013901
0.017752
0.060154
-0.0024125
-0.037343
0.010718
0.041132
0.07639
0.031401
-0.06854
-0.0070865
0.063026
0.043018
0.059916
-0.04114
0.010202
0.028237
0.043046
0.0059906
-0.039145
0.0087913
0.011864
0.049027
0.080678
-0.063962
0.024419
0.04493
0.077557
0.064708
-0.039826
0.023694
0.037974
0.0107
-0.034621
-0.038235
0.0035723
0.031491
0.067336
0.073884
-0.027972
0.0073582
0.056319
0.063533
0.07324
-0.040999
0.0096936
0.064658
0.047236
-0.014499
-0.0072075
-0.0090753
0.025377
0.052319
0.044132
-0.026101
-0.0060392
0.040102
0.07249
0.054941
-0.031306
0.022197
0.058406
0.056414
-0.0177
-0.024973
-0.0023543
0.046959
0.069952
0.022211
-0.041078
-0.0082192
0.032952
0.034891
-0.0047942
0.017185
0.053419
0.073128
0.021894
-0.04398
-0.014142
0.032406
0.064625
0.026152
-0.040501
-0.0077291
0.035533
0.052635
0.048418
-0.013107
0.0089125
0.054489
0.046778
0.0094462
-0.044129
0.0069893
0.034439
0.042892
0.038743
-0.046848
-0.016632
0.066399
0.073402
0.046429
-0.01191
0.0053997
0.068993
0.062985
0.022239
-0.038091
0.0099757
0.040507
0.054875
0.05331
0.0093964
-0.055759
-0.0136
0.057181
0.037598
0.078652
-0.044016
-0.0019852
0.07744
0.02678
0.07167
-0.030067
-0.028351
0.034207
0.072383
0.01595
-0.059927
-0.013945
0.059997
0.048631
0.074693
-0.054524
0.01218
0.052156
0.053241
0.04247
-0.051267
0.030124
0.023261
0.056423
0.030523
-0.063911
-0.00035841
0.033949
0.060173
0.067187
-0.022194
0.016075
0.030961
0.042327
0.041054
-0.053409
-0.0023087
0.046738
0.051662
0.031963
-0.046692
-0.026159
0.032877
0.05694
0.051041
-0.049905
0.016397
0.046457
0.033033
0.047499
-0.023565
0.018187
0.0083757
0.060418
0.019124
-0.047192
-0.011458
0.056584
0.052143
0.026421
-0.052382
0.022952
0.06254
0.032564
0.04049
-0.054011
0.009808
0.046399
0.038963
0.032036
-0.02274
-0.027268
0.056126
0.0091741
0.064286
-0.037993
0.0034733
0.036982
0.048505
0.050561
-0.068225
0.013655
0.056122
0.0091096
0.02688
-0.054455
-0.017696
0.059048
0.030881
0.051526
-0.043695
0.016331
0.061157
0.048154
0.046435
-0.074865
0.017404
0.028756
0.058939
0.029446
-0.054745
0.0028517
-0.015665
0.11349
0.045547
-0.036546
0.047396
0.061399
0.056419
0.05125
-0.043687
-0.0085502
0.04723
0.060447
0.022487
-0.010818
-0.033822
0.046342
0.026375
0.052798
-0.045048
0.0021906
0.032542
0.061144
0.058921
-0.043038
0.016667
0.031881
0.051529
-0.0053669
-0.045813
0.001501
0.035041
0.067685
0.028377
-0.079913
0.029975
0.017453
0.05061
0.05196
-0.015684
-0.017453
0.044374
0.060589
0.014047
-0.027486
-0.005249
