-0.0039853
0.045197
0.012775
-0.035364
-0.032594
-0.041375
0.056165
0.015336
-0.014829
-0.053333
0.01655
0.054317
0.032212
-0.035779
-0.062751
-0.01201
0.083016
0.041632
-0.016838
-0.044674
-0.041893
0.044829
-0.0040941
-0.013905
-0.022077
0.015861
0.073949
0.0045442
-0.024523
-0.062035
-0.021358
0.084028
0.033555
-0.034881
-0.052187
-0.0402
0.085903
0.024298
-0.043889
-0.042027
0.055006
0.061135
0.021823
-0.035227
-0.024868
-0.013899
0.070896
0.048888
-0.028656
-0.0463
-0.035021
0.042048
-0.014764
-0.016249
-0.021896
-0.051837
0.075586
0.032556
-0.034669
-0.014626
0.0051923
0.080562
0.039191
-0.04845
-0.036934
-0.02574
0.061594
0.021205
-0.046734
-0.056146
-0.042759
0.07252
0.022136
-0.025837
-0.0445
-0.0046921
0.072063
0.02166
-0.046554
-0.034483
-0.052947
0.036494
0.014946
-0.022443
-0.041006
-0.028106
0.057226
0.02602
-0.022664
-0.040353
0.00034478
0.057543
0.025185
-0.021554
-0.032376
-0.048858
0.077266
-0.0028425
-0.030745
-0.048417
-0.028043
0.069023
0.017965
0.0080287
-0.050218
0.0093028
0.056643
0.024388
-0.051915
-0.04983
-0.028989
0.10596
-0.012933
-0.030878
-0.01141
-0.028781
0.0679
0.025099
-0.0031311
-0.022689
0.017536
0.07336
0.003794
-0.034524
-0.04295
-0.032216
0.064832
-0.0044205
-0.023686
-0.04219
-0.067984
0.068781
-0.010501
-0.011113
-0.038473
0.019885
0.066272
0.026001
-0.032632
-0.022151
-0.049849
0.039326
-0.0015565
-0.030513
-0.00012072
-0.067155
0.069286
-0.00055845
-0.019418
-0.047547
0.068076
0.037628
-0.031636
-0.030141
0.046961
0.0072399
-0.021744
-0.039958
-0.028525
0.058812
0.026042
-0.013789
-0.050852
0.009684
0.08449
0.013674
-0.024153
-0.051378
-0.020152
0.085254
-0.0139
-0.022443
-0.039549
-0.058494
0.058369
0.02826
-0.00075902
-0.029807
-0.00015232
0.07813
0.025557
-0.033515
-0.030262
-0.030057
-0.048916
-0.035964
0.070879
-0.019143
-0.045364
-0.0068459
0.071081
0.057777
-0.029364
-0.038289
-0.017022
0.067874
0.017108
-0.031844
-0.038988
-0.026251
0.050238
0.020102
-0.01977
-0.046663
0.031942
0.077366
0.035928
-0.0031966
-0.042087
-0.00025573
-0.020403
-0.03948
-0.046834
0.050454
-0.0083242
-0.056558
0.012704
0.078475
0.019067
-0.011963
-0.049305
-0.0096651
0.077481
0.016805
-0.032076
-0.049192
-0.037005
0.050784
0.011071
-0.0099202
-0.036972
0.098645
0.016748
0.025711
-0.059726
-0.029883
0.057325
-0.049403
-0.065568
0.042702
0.012965
-0.036066
0.02188
0.079453
0.0093491
-0.048784
-0.026638
0.050707
0.039352
-0.020183
-0.037483
-0.045953
0.062426
0.030531
-0.017436
-0.027079
0.022184
0.069558
0.026887
-0.022296
-0.041125
-0.029057
0.058323
0.045479
-0.032056
-0.049823
-0.028775
0.077325
-0.060085
0.028959
0.06547
-0.022866
-0.022514
-0.031255
0.074208
0.023702
-0.044691
-0.041809
-0.012553
-0.011998
0.037802
-0.002077
-0.040681
-0.048612
0.020031
0.08593
0.033995
-0.0043068
-0.042625
-0.0030495
0.06541
0.013271
0.0067027
-0.016566
-0.042705
0.044416
-0.032373
-0.014201
-0.029429
0.0065473
-0.019748
-0.029112
0.10629
0.013584
-0.024685
-0.061298
0.0022809
0.087366
-0.032417
-0.017286
-0.12362
0.018893
0.054183
0.025416
0.022084
0.05483
-0.11747
0.086728
0.070029
-0.037579
-0.077865
0.0659
0.05305
0.0934
-0.77383
-0.62949
0.3091
-0.69796
-0.57417
-4.0444
-3.5911
-3.6881
-3.5355
-2.1507
0.90739
2.3738
0.34516
1.2666
2.3032
2.0488
2.8818
2.1381
1.2666
4.6552
1.0628
0.53777
2.1498
1.8831
0.16474
0.81088
-3.4856
6.8756
-8.0258
1.7107
-0.73456
-0.47127
-0.002685
0.50173
-1.1218
0.80492
-0.70057
-0.042536
0.099361
0.0081026
-1.0927
0.45582
0.58828
-1.047
-1.1933
-1.4953
2.1765
-1.2331
-2.5902
-2.9979
2.6018
1.998
1.8171
-0.4529
0.34893
-2.8478
0.84105
-0.86457
-0.18151
0.18438
0.54401
0.11943
0.22539
0.3842
0.061275
0.34002
0.03387
-0.015617
0.30019
0.11633
2.7999
6.9825
7.7969
4.5361
-0.25008
-2.9361
-6.5789
-12.856
7.217
-0.36752
-0.22099
0.23871
-0.1647
0.17793
0.55429
-0.44549
-1.8935
1.2045
-0.62225
-0.065472
-0.23474
0.1004
-7.8658
-9.5443
-11.695
-4.8318
-5.9205
-5.488
0.16685
0.0088906
5.7179
5.3833
4.5271
6.6207
6.3789
3.4986
4.831
0.73516
5.2575
3.9708
4.1252
0.43912
-2.1704
-11.786
17.88
-11.969
0.91614
1.2098
1.4646
-4.8601
4.4391
-2.4914
1.1695
-1.2996
-1.0033
-0.57896
-0.95779
-0.053486
-1.698
-0.41952
-2.0583
-0.81995
-2.4549
0.13949
1.8458
2.5101
0.56858
2.3369
0.40207
-2.4305
-0.17835
-4.5609
1.7093
-0.1961
0.29075
0.24171
-0.91301
0.17921
-0.30234
0.30796
-0.26468
-0.22158
1.1635
2.0003
6.0218
0.40937
-0.01262
0.033791
-2.1021
-7.3292
-1.02
1.1212
-0.82774
-0.058366
-0.23494
-0.063086
-0.23812
0.056759
-1.4469
0.53084
-0.36421
-0.5736
0.40785
-0.88535
-1.9489
-5.4432
-8.7442
-5.0131
-8.9315
-5.5832
-0.24023
3.2405
3.3898
0.9658
8.1378
5.4474
5.0556
4.4122
3.2606
3.9887
3.4395
2.7153
-0.83304
-2.7331
-4.4668
2.1563
-10.973
-0.70994
0.13238
-0.77966
-1.2654
0.33407
-2.5516
-0.73704
0.16406
-1.5434
-0.3825
-1.0204
0.025975
-0.93643
1.0249
-0.49646
-0.77785
-4.9571
-1.8766
1.5839
4.7155
5.0746
-0.43923
-2.37
-1.7782
0.46
-0.18958
-0.69397
0.65494
1.0337
-0.089612
0.011377
-0.11044
-0.08337
0.15783
0.065439
0.15918
0.271
0.26718
0.12603
-0.18595
0.15731
0.31097
3.3668
-2.042
-1.0692
-1.0558
4.9474
-0.10312
1.2047
-0.79897
-0.76623
-0.052676
0.018945
0.073138
0.073218
-0.10028
-0.10096
0.033271
0.45233
-0.29044
0.16276
-0.025615
-0.070262
0.038293
-0.58578
0.69644
-0.91847
-5.6309
-5.2091
-7.8715
-4.0928
-6.2536
-3.5658
-4.3713
-0.44053
4.9826
3.0053
-0.33989
9.6776
4.7779
3.2105
4.1697
2.8523
2.5801
0.42881
2.6687
-0.058794
-2.7734
-3.2715
-1.3123
0.92017
1.7853
2.3273
-0.77491
-0.4394
0.86041
1.5218
-2.8101
-1.9734
0.093496
0.64965
1.1025
-0.99743
-1.5861
5.1937
-1.7523
-3.5505
-4.591
-1.5787
4.5359
3.5522
3.3328
-0.16423
1.071
-0.41896
-1.1536
0.34949
-1.5426
0.72364
1.2115
0.14688
0.27147
0.082361
-0.29763
-0.32907
0.47517
-0.034616
0.1778
-0.045682
0.44006
0.92614
4.2742
-2.6815
-0.38972
5.2883
0.43661
0.63256
-0.68687
0.55805
-0.47095
0.13333
-0.22197
-0.027397
-0.082004
0.013473
0.096754
0.0278
0.61181
-0.36877
-0.28298
-0.26716
-0.11776
0.02221
-0.3017
-4.9099
-3.9263
-6.9202
-7.9972
-2.8657
-3.4657
2.8062
-0.36439
5.6249
4.9999
2.9868
6.8995
6.6521
0.84693
4.0413
0.68379
-2.2936
-4.3255
2.5391
5.4778
-6.4829
-1.6073
-3.4487
1.2871
3.2029
0.30115
-0.92139
-0.43581
2.0983
-0.59735
-2.0999
-2.1927
-0.60937
0.74543
1.6285
-0.1607
-1.2795
4.1667
-2.3333
-2
-4.8533
-3.0664
7.6983
2.3872
-1.881
-0.21342
0.74059
1.3507
1.0718
0.19486
0.81109
0.6353
0.34561
0.72714
-0.033134
0.44123
0.072964
0.53642
0.34181
0.40114
0.61527
0.77603
5.999
-4.0832
-0.33785
4.7058
1.523
0.48492
0.13426
0.53131
0.22123
-0.24031
0.15177
-0.10419
0.0016729
0.13243
-0.095755
-0.052358
1.6444
-0.85595
-0.076349
-0.34546
0.39227
-2.1286
-8.0586
-7.6703
-8.1931
-4.8381
-3.2119
-3.5313
3.5718
2.2706
1.4488
7.564
5.3365
5.3317
5.6733
3.3936
3.8903
4.2092
2.0738
3.1263
-1.028
-6.9863
4.1898
7.6195
-3.8439
-4.3928
1.8226
1.4605
0.66562
-0.41367
-0.41537
0.23532
-2.425
-2.4931
-1.5572
1.3076
0.13731
0.63903
-0.87213
-0.15493
0.32082
-0.92989
-0.71487
-4.222
-3.3851
-0.074231
-1.5365
0.081253
1.6496
1.3869
-0.79076
0.72471
1.0506
0.11645
0.66648
0.67255
0.2125
0.36663
-0.18831
0.24331
0.35447
0.023654
0.14078
0.00588
0.56524
-0.14369
3.6786
-4.1608
-0.77302
0.59193
0.67012
-0.20107
0.39928
0.14548
0.11082
0.38619
0.32545
0.012048
0.17455
1.114
-0.18646
0.48731
0.86767
-0.88281
0.31683
0.1784
-0.52114
-4.5832
-5.308
-9.3373
-4.8429
-9.5286
-2.9792
0.14352
1.0824
3.2162
1.8165
-0.34217
6.7225
1.4485
6.2379
4.0991
3.0046
-1.6948
-4.1513
3.3445
10.803
-5.8091
-2.386
-5.7509
-5.6631
1.1635
0.02219
0.50983
0.51916
0.54214
-1.4663
-0.85531
0.64649
0.6051
0.74807
0.27862
1.8605
0.69547
0.58525
1.322
-4.5733
-1.3079
-1.3951
0.69215
2.1172
2.7982
-1.3233
1.2257
-0.25285
0.21031
-0.051493
-0.57201
0.088148
1.8261
0.72725
-0.25177
0.46648
0.46752
0.049685
0.50683
0.3631
0.38599
-0.057468
0.65216
0.070974
3.1958
-5.2112
-0.66135
3.7498
1.5327
0.67476
-0.0081943
0.017238
-0.044029
0.00099646
0.11934
-0.034572
0.32832
-0.1442
0.09826
0.58076
1.8987
-0.79588
0.19051
-0.70923
-0.97854
-1.3099
0.014899
3.9685
2.0866
-3.8045
3.3641
2.8059
3.311
1.1908
2.0293
0.75334
0.79153
0.9416
-0.25937
-1.7356
-1.1781
-0.69983
-4.4159
2.5603
-6.7394
-2.055
-0.29138
-0.092505
0.065646
-1.1256
-0.37452
-0.64017
-0.039926
-0.4497
-0.4368
-0.24557
-0.51038
-0.056542
-0.40857
-0.23529
-0.28968
-1.1625
0.0077736
1.7918
6.081
2.3306
-3.6701
-9.0851
2.9956
-1.3437
-0.29593
-0.11113
-0.29047
0.0014914
-0.86182
0.057125
-0.70042
0.29748
-0.83735
-0.35828
-0.49442
-0.096518
-0.083864
-0.29069
-0.26967
0.17011
-0.21536
-0.3366
-0.43552
-1.0285
-3.9999
-6.2805
-0.51661
8.8812
3.8276
0.6998
0.17767
0.14181
0.011205
-0.069393
0.042378
0.026776
-0.15411
0.016817
0.32373
1.5823
-0.69821
0.16106
-0.59348
-0.75444
-0.054187
0.17561
-1.7282
-2.3882
-2.5427
6.065
0.27574
1.3257
0.084426
2.1769
3.4261
3.5408
2.4117
2.3082
0.95084
1.3611
-1.4958
-1.3757
-7.0869
-9.5578
-11.473
7.1569
0.27056
-0.41042
-0.01945
1.2662
0.10474
-0.0333
0.49905
-0.71331
-0.13621
0.030282
0.0016504
0.28961
0.0078218
0.014896
-0.27682
0.058739
0.25824
-0.034158
-0.81232
7.8673
3.4083
2.062
-4.7531
1.4193
-0.68798
-0.75194
-0.11825
-0.90395
0.21783
-1.0568
-0.79934
0.11921
-0.68615
-0.091939
-0.71001
-0.64217
-0.02872
-0.464
-0.34219
-0.10612
-0.30541
-0.036216
-0.37863
-0.33485
-0.51886
-2.6239
-2.4946
1.6564
2.5173
2.3534
0.026685
-0.33734
-0.41662
-0.76022
0.098404
-0.050752
-0.30545
-0.16554
-0.37778
0.043207
-0.10143
-0.23908
1.1932
-1.2665
0.23498
-0.074742
0.31861
1.1734
-0.89122
-3.711
-1.0186
1.4494
0.82609
2.5196
1.4635
4.2119
3.7371
1.6999
4.324
0.38052
0.21737
-1.0353
-2.9202
-10.12
-9.2491
-13.105
4.0273
0.11483
-0.99739
-0.54526
1.4693
-1.1844
0.48119
0.051134
-0.63509
-0.20223
-0.97816
0.055929
0.0021215
-0.65996
1.0247
0.18706
-0.22323
-0.39151
-0.43762
-0.12649
2.2555
2.3925
4.4566
0.66312
-0.56026
0.16416
-0.96305
-1.0724
-0.95302
-0.20054
-0.74834
-0.11617
-0.72514
-0.054084
-0.49604
-0.4362
-0.15185
-0.53493
-0.4065
-0.29962
-0.36311
-0.035185
-0.049888
-0.89601
-0.13855
-0.9967
1.8585
-1.4324
0.13997
0.13718
0.30456
-0.31449
-0.3785
0.11002
0.10724
0.065482
-0.3197
-0.30768
0.010946
-0.2741
0.016942
-0.34016
0.5081
-0.32997
-0.32274
0.023079
0.24132
1.5527
0.53204
-1.2971
-2.4953
-1.1861
0.023952
2.6808
3.4597
1.0861
1.4536
5.114
2.1294
3.1039
1.7669
2.9269
-2.492
-2.7425
-2.5623
-7.4646
-4.3479
-13.401
-0.67247
-11.1
1.6088
-0.70432
0.82674
-1.3459
0.7894
0.64613
0.21616
-0.60593
-0.19002
-0.63311
0.40465
2.4394
-0.59071
-0.40304
1.1853
0.63646
-0.20126
-0.36621
-7.1113
8.5379
2.1107
7.5218
-3.2318
1.6769
-1.1031
-0.29949
-0.33944
-0.14349
-0.38524
-0.51291
-0.49202
-0.23296
-0.43681
-0.55023
-0.1611
-0.48698
-0.52871
-0.15296
-0.35358
-0.27597
-0.43977
-0.11932
-0.27409
-0.27931
-0.16919
-0.071369
-0.65143
-0.079039
1.319
-0.070195
-0.061825
-0.44473
-0.24009
0.082549
-0.31795
-0.18681
-0.14057
-0.19767
0.12396
-0.24277
-0.1149
-0.24354
-1.6787
2.3167
-1.9129
1.129
0.81721
2.5815
1.2621
-3.6491
-0.14597
-0.12681
0.72877
2.9781
7.3307
0.32669
1.516
-0.56193
0.20492
3.8368
3.2264
2.7818
4.4262
-0.95303
-9.0257
-2.946
-6.0308
-10.665
-7.7563
1.414
-0.29194
-0.048755
-0.65911
-0.22695
-0.4176
-0.31237
-0.38682
0.27389
-0.56616
-1.8142
-0.42139
0.04847
2.4361
0.057752
-0.071111
0.29536
0.19898
-0.79379
-11.534
6.6166
10.068
0.034069
-0.55869
-0.45513
-0.31213
0.50695
-1.8803
0.041688
-0.13459
-0.034183
0.046255
-0.4399
-0.095299
-0.46852
-0.32559
-0.095109
-0.36789
0.022961
-0.1032
-0.23167
-0.13664
0.085988
-0.37787
0.4997
-0.63715
0.055747
0.24443
-0.57625
0.14072
0.14034
-0.34776
-0.078173
-0.10936
-0.17052
-0.038628
-0.83196
1.0344
-1.1453
0.54356
0.6145
3.2138
2.6514
-2.7929
-0.37438
-0.12275
3.321
4.0891
8.1293
-0.040169
-1.0799
3.4067
0.46239
2.8534
5.4523
0.55443
1.9293
2.2861
-0.24518
-4.8725
-6.6149
-6.4584
-10.874
-11.24
0.26844
-1.678
-1.2236
-1.1284
-0.68611
-0.58483
-0.59805
-2.3194
-1.6387
-0.90264
0.88896
1.1304
-0.62464
-1.1117
0.079876
0.59851
-0.076903
-19.048
1.4962
-0.12692
0.063089
-0.39429
0.39444
0.080306
-1.0086
-0.61158
0.32224
0.33962
-0.40898
-0.010728
0.10355
-0.30152
-0.26818
0.14543
-0.2219
-0.11958
0.10659
0.11329
-0.33618
-0.17537
0.26964
-0.51143
-0.52214
-0.32346
-0.014455
0.029369
0.21014
-0.42777
-0.021746
0.19092
0.082562
-0.10263
-0.075474
0.28602
-0.33964
0.49578
-0.66552
0.27405
0.13368
5.6594
2.3681
-0.4279
-0.53522
0.89249
7.7109
-0.13428
9.3689
4.2827
-2.2993
3.055
1.6544
1.8948
-7
3.8131
-2.4835
-9.9017
4.0184
9.7087
-6.3066
2.1003
-2.4298
-1.6506
-0.99996
-1.0662
-1.4974
-0.42072
-0.59486
-0.71979
-0.97296
-0.84167
-0.67851
-0.83389
-1.7018
-0.94865
-0.057932
-0.46138
-0.44139
-0.64713
1.5742
-18.564
2.8881
3.1968
0.4882
-0.20629
-1.2914
-0.61156
0.1124
-2.0732
-0.58447
-0.6046
-0.091336
-0.83014
-0.51558
0.93237
-0.73334
0.52957
-0.54554
-0.84362
-0.41907
-0.51298
-0.50935
-0.21242
-0.29544
-0.14174
-0.63146
-0.64359
-0.27928
-0.13445
-0.22588
-0.42365
-0.2255
0.045595
-0.22759
-0.1514
-0.22122
-0.23751
-0.060033
0.049731
-0.89608
0.029856
0.53947
3.4723
-3.3989
3.5195
0.85561
1.6885
3.7432
-8.523
4.1987
8.8872
-3.4358
-1.1689
8.378
0.066511
-3.519
10.804
2.8054
-1.7028
-0.10876
-2.6719
5.3589
-4.0175
-15.04
-4.1038
-0.090447
-2.4442
0.53104
-0.11129
-1.4723
0.45463
-0.96311
-1.0786
-0.39127
-0.69915
0.1983
-0.61901
-1.3275
-1.0734
-1.9582
-1.2932
3.4617
-16.09
-15.964
7.2028
-0.56078
1.8421
8.1426
-0.62431
-0.38352
0.68145
-0.7504
0.31235
-0.84736
-0.53627
-0.3882
-0.10531
-0.38648
-0.025054
0.3177
-0.34483
-0.053319
-0.29097
0.14886
-0.13223
-0.10608
0.058023
0.25276
-1.1477
1.5597
-0.69691
-0.20144
0.086764
0.0068458
-0.026303
0.46949
0.18514
0.21236
-0.098905
0.14447
0.56142
-0.88253
0.014877
-0.38285
0.12892
0.074708
-0.097024
-0.26751
0.2024
-2.8244
-0.014525
-10.818
5.7155
3.9889
-12.077
-0.086945
0.74164
2.7745
-1.4163
1.321
3.984
7.949
2.0329
-4.6905
0.6395
10.66
-15.266
-10.377
-10.509
-2.0464
8.5354
-7.753
2.0918
-0.14552
-3.527
-1.3786
4.6521
7.5921
3.3248
-3.6521
-1.2498
-1.3769
0.65693
-6.503
-10.828
3.7994
4.2735
4.256
-1.1332
1.1531
-16.849
1.0632
-1.4867
-0.36055
-1.5896
0.1877
0.043647
-1.4265
-1.1084
-1.0386
-0.89806
0.27227
-0.32381
-1.2918
0.088459
-0.6144
-0.31172
-0.30951
-0.25514
-0.51704
-0.72464
0.69778
-0.38234
-0.63641
-0.33507
0.09125
-0.0057584
-0.31428
0.20461
-0.042946
-0.16236
0.084079
-0.16765
-0.23403
0.45785
-0.67987
-0.67294
-0.072128
-0.57229
-0.3302
0.55358
-5.9207
-3.1333
5.8877
-2.8172
-3.8388
1.8565
-6.2039
-1.2111
2.947
-4.2288
-1.9612
4.3325
7.311
10.541
4.6581
1.6457
-16.818
-5.5337
-0.23514
-2.4629
2.8119
-2.986
0.92736
-0.2124
-1.2002
-3.7694
0.79854
0.34112
-0.57056
-0.68033
-0.36631
-0.33743
-0.97776
-0.64091
-1.1798
1.2129
0.52792
1.6185
-5.1728
-8.791
-2.2998
3.9655
2.7247
1.7702
-1.2866
-1.728
0.3759
-0.59898
-0.5145
0.55635
-0.73652
0.22725
-0.18959
-0.67886
0.40442
-0.35904
0.31503
0.56004
-0.54339
0.14462
0.18516
-0.0068155
-0.1898
0.48574
0.46251
0.83844
0.72259
-1.4072
0.78576
0.74935
-0.2571
0.11602
-0.47593
0.18363
0.3496
-0.23897
0.029395
-0.049309
-0.70476
0.1601
0.38294
-0.8272
-0.17133
-0.4437
-0.43313
0.046078
0.57888
-0.62125
-0.40112
-0.37462
-6.8678
0.10902
3.0476
-1.8205
-2.3217
-0.22691
2.19
-5.3285
-2.716
-1.5161
8.5343
4.6533
-0.1971
-1.5095
16.603
-16.525
-9.7013
7.4471
-0.68248
-1.5957
-9.3008
3.4557
5.8143
-6.2588
-4.1846
6.2819
-1.8953
-1.0451
1.2727
-0.043255
-3.0263
-2.0712
-0.52014
5.0275
4.8658
1.4246
3.8671
-9.772
-3.0515
5.612
1.1446
4.4097
1.8651
-11.925
1.3996
0.054174
-0.80977
2.1257
-0.3416
-1.0462
-1.1978
-0.63445
-1.4626
-0.27398
-0.33812
-0.10787
0.024955
-0.42395
-0.47355
-0.19244
-0.0045313
-0.50105
0.48425
0.10369
1.9814
-0.94812
-0.26931
-0.29229
-0.16597
-0.010543
-0.54032
0.30321
-0.27819
-0.059984
0.097006
-1.0114
-0.10335
-0.22928
-0.47611
-0.17886
-0.44091
-0.64246
-0.38106
1.2727
-0.9027
-2.5923
-3.2692
-8.1213
-0.059033
4.1389
-4.3436
-6.0806
6.915
3.3638
-1.9021
-3.0982
-0.44134
7.5576
5.8915
-0.26197
-7.2943
-9.6851
-1.4291
2.4128
2.0532
-0.16026
0.6753
-0.025233
-3.0895
-6.7846
5.7744
-2.1054
1.5422
1.7768
-3.4866
-0.54144
0.87391
1.0042
1.2038
-1.7247
1.2406
0.89656
-11.161
-4.1177
6.801
8.3695
-1.4491
-0.92217
-2.233
-0.87579
0.26195
-0.72995
-0.22012
0.54146
0.085446
-0.52029
-1.039
-0.046847
-0.27664
-0.38009
0.044904
0.27745
-0.36062
0.1025
-0.30417
-0.0019536
-0.26249
-0.086893
-0.23137
0.24416
5.6312
1.1769
0.52387
-0.95564
-0.42853
-0.51461
-0.11207
-0.49277
-0.40617
-0.28832
-0.40214
-0.22214
-0.21328
0.24639
-1.0704
-0.63776
0.08082
-0.76145
-0.36411
0.32786
-0.57638
-0.69515
-1.4262
-5.3377
1.1923
-2.6449
-4.7942
1.6431
-5.0073
2.8122
2.745
-5.328
-0.67814
4.3638
5.4539
7.0315
4.2594
18.079
-0.86384
-17.485
-1.408
4.2999
-6.3743
-0.23512
3.2168
-4.1111
-3.3863
4.3643
-1.0716
-0.99186
-0.68895
-0.63982
-1.3364
-2.6028
-2.0855
2.9474
4.4017
1.9368
0.032887
-6.4727
-8.6391
5.0714
4.0016
-0.70779
2.5414
-7.7715
0.86904
0.93893
-0.64982
-0.42887
-0.084628
1.3173
-0.99266
-1.0452
0.48066
-1.1879
0.28887
0.18811
-0.21956
0.11298
-0.22199
-0.28718
-0.26286
0.5568
-1.175
2.4668
-0.56249
0.060201
-0.057718
-0.25478
0.20365
0.071582
-0.082156
0.016316
0.20536
-0.49518
0.034646
-0.31183
-0.47844
0.59567
-0.7475
0.29066
-0.043341
-0.7662
-0.018324
0.31583
-1.2432
0.092604
-1.0823
-4.2936
-2.8543
3.1216
-7.9824
2.0029
-1.9577
2.7436
2.2327
-4.3826
0.27181
2.831
4.7812
7.5372
6.8899
4.4165
1.8308
-7.7616
-2.5024
1.3192
-4.2383
1.895
-0.16647
-1.4229
-4.6678
-3.4493
4.0604
-1.1168
3.259
-3.6985
-0.74359
-0.53856
3.0934
-0.45306
1.1693
-2.733
4.0534
-10.805
1.1324
2.6975
3.2548
-1.9392
-0.58186
-3.177
-3.0996
0.77299
0.19474
-1.2925
-1.1747
3.3097
-2.7304
-0.33914
-1.7859
0.95924
-0.93771
-0.71312
0.10364
0.023921
-0.61858
-0.25557
-0.36254
-0.26178
-0.26897
-2.5713
-0.87793
4.1478
-2.7081
0.0093827
-0.40201
-0.48648
-0.51408
-0.14467
-0.31525
0.73683
-0.43912
-0.03307
-0.24788
-0.60646
-0.10096
0.16695
-0.55677
-0.38895
-0.42923
-0.3719
-0.053972
0.0023044
-0.62225
-0.73362
-1.2576
-7.8442
-4.242
-0.36836
0.036757
-2.6307
-4.1036
4.1405
0.35412
6.6876
9.1365
0.93706
0.86658
20.313
-12.069
-1.3408
-3.7248
4.2306
-4.9006
-0.83999
2.9688
-1.5971
-3.9212
-3.6677
4.1406
-0.050467
-0.44433
-2.2074
-1.5745
-0.53447
0.17638
0.7232
2.3683
3.4282
1.3499
-0.65989
-11.601
2.0797
1.5344
7.1392
-6.7527
3.7632
-8.5632
-0.072702
0.73473
-0.71925
0.89255
0.023788
-0.81618
-0.40231
-1.4032
0.22778
-0.52382
-0.59019
0.04824
-0.76914
-0.26772
-0.3983
-0.37574
-0.20428
-0.17508
-0.24701
-2.2716
-3.4392
4.781
4.6787
-2.2556
-0.16589
-0.66029
-0.20114
-0.5999
-0.015344
-0.07053
-0.28155
-0.76335
-0.38044
-0.17392
-0.28535
-0.59818
-0.56205
-0.18806
-0.8152
-0.124
0.00011229
-0.55269
-0.50609
-1.6531
-6.9516
-4.1973
-4.0778
-6.6561
-3.2506
2.6734
3.2321
0.065509
0.15126
1.6896
6.8338
6.2202
3.2091
-0.20329
3.1542
12.293
0.91295
-14.895
1.6225
-4.1488
1.6606
-8.8661
3.4542
0.17484
-0.044198
-7.8088
-0.22515
2.6982
4.0604
-3.3449
0.25778
1.7263
2.0789
-1.231
-0.31341
1.2279
-1.0749
4.7498
-8.5126
-4.6776
4.7956
2.3362
0.091101
-0.25815
-8.7237
-2.1571
-0.84085
1.7018
-0.43251
2.6596
-0.72465
-0.98561
-1.6232
0.015244
-0.22681
-1.2991
-0.10081
-0.57444
-0.45782
-0.40132
-0.28981
-0.51355
0.0042713
-0.54306
0.031638
-0.3851
-0.0082692
-1.6217
1.2894
0.38701
-0.3156
-0.38924
-0.55644
-0.084196
-0.016371
-0.028413
0.11485
-0.29011
0.23585
-0.32721
-0.35593
0.07562
-0.60035
0.68089
-0.68014
0.011259
0.22615
-0.62769
-0.44623
0.20029
-0.85967
0.5862
0.061106
-6.5326
-8.3902
1.2933
-2.1861
0.46496
-8.5712
-4.0279
3.915
-5.2685
-1.152
5.4608
5.8797
9.1735
3.0341
1.5047
4.2446
17.972
-15.739
2.0539
4.1383
-1.579
2.8636
-5.147
3.0569
1.594
-2.9455
-3.5788
0.95024
3.5236
-1.4502
-2.2438
-0.17744
-1.1278
-1.7373
1.5455
2.4351
1.4635
4.9136
-11.45
-3.8462
7.438
3.0529
-4.1018
4.0817
-2.7501
-0.43588
0.19101
-0.97965
-0.69861
0.64664
-0.53557
-1.3265
-0.97934
-0.58852
-0.32243
-0.07626
-0.92498
-0.85899
0.52868
-0.56093
-0.5098
-0.60249
-0.38967
-0.42571
-0.83273
-2.0007
2.0672
-0.011001
-0.15085
-0.35282
-0.40351
-0.14031
-0.098006
-0.35442
-0.042541
-0.76349
-0.076887
-0.48338
-0.2781
0.50723
-1.0519
0.25471
0.43614
-0.83806
-0.5498
-0.16793
-0.35185
-0.38736
-0.77543
-4.8225
-6.2701
-4.1258
5.7656
-8.118
-7.7274
-4.5229
-3.6922
4.4799
9.1439
6.9653
6.1881
0.68353
2.3909
-4.9491
-1.3333
-9.4125
-1.1266
1.7304
-0.5711
0.64571
-1.0502
-2.7778
-2.2662
0.29049
0.57787
1.062
-1.8281
-2.1128
0.20516
-0.64605
0.15976
2.3909
2.355
2.1907
4.1491
-4.4149
-6.7228
6.2593
2.7827
-0.28902
1.0192
-0.0026776
-0.90972
-1.5964
3.7034
-1.9058
-0.27633
-0.49309
-0.16494
-0.061161
-0.17191
-0.15758
-0.20852
0.01023
-0.26391
-0.20313
-0.21738
-0.31179
-0.14682
-0.15868
-0.7018
-1.3315
-2.0494
4.9968
0.23455
-0.70956
-0.91548
-0.68241
-0.3873
-0.25534
-0.05172
0.34643
-0.41376
-0.25626
-0.21424
-0.18666
0.20377
0.6118
-0.32481
-0.14462
-0.20093
-0.33994
-1.1865
0.068365
-9.0825
-6.6972
-4.3962
-4.9637
-6.3956
-0.37609
4.0365
-0.14471
2.0802
3.4633
9.7299
5.1086
2.5313
2.0286
17.278
-2.9296
-9.4694
-4.0561
-2.259
5.0531
-1.9594
10.495
-2.8114
6.317
-5.9031
-1.2803
2.235
3.5857
1.3398
-2.9462
1.2934
1.5321
1.5068
1.1372
0.27126
-0.36169
4.8266
-2.2255
-11.196
4.3853
0.94908
-1.3087
1.2122
-1.1068
-0.89717
-0.34199
0.59328
0.024352
0.17264
-1.2732
-0.1945
0.66854
0.39945
-0.54437
0.031509
-0.033467
-0.21448
-0.10374
0.23036
-0.33728
0.18943
-0.19119
-0.31667
-0.27211
0.58269
1.8879
0.76901
0.7308
-0.9983
-0.10192
-0.047358
-0.27041
0.29149
-0.30615
-0.26616
-0.046541
-0.53914
-0.16823
0.032022
-1.4107
0.14929
0.26667
-0.66945
-0.14337
0.33211
-1.6773
-8.0239
-0.042739
-7.219
-5.2317
-4.1788
1.25
-0.70085
-2.9087
5.0671
6.0187
8.5624
6.7397
4.1334
5.012
7.4579
16.48
-19.079
0.86811
-1.5749
-1.8353
0.025368
7.5641
-2.8048
3.0708
-6.2202
-3.3941
2.558
1.3751
0.37873
0.033921
0.70953
-1.682
-0.13413
-0.26216
-0.65041
4.0736
-0.89199
-9.898
1.8796
3.0775
-2.3646
-1.302
0.44269
-0.85378
-1.258
0.85023
-1.104
-1.0462
-0.55059
-1.2993
-0.30613
-0.086582
-0.96534
-0.4258
-0.48269
-0.89455
-0.27039
-0.49056
-0.76726
0.015597
-0.90487
-0.10991
-1.1664
-0.61485
1.4691
0.13052
-0.85975
-0.34314
-0.1689
-0.49902
0.26638
-0.69844
0.032139
-0.21769
-0.6657
-0.31967
-0.22393
-0.26464
0.49529
-1.2074
-0.37577
0.36201
-0.56344
-1.0905
-0.61266
-9.9936
-5.5357
-3.7394
-2.9914
-5.1175
-0.4671
-1.7163
-1.1929
1.9601
4.8353
9.207
8.4797
3.6688
3.1946
7.6895
15.5
-18.361
-0.40558
-7.3439
2.5289
1.3629
4.9318
-0.29014
1.0128
-4.5027
-1.4235
-0.99887
-2.6321
-2.1301
2.0919
1.4652
0.69875
-0.91171
4.9873
-7.9272
-2.2428
-0.44393
1.8973
1.6663
2.2318
-6.933
-9.5033
-3.7671
0.87156
-0.078613
-0.22475
-0.13599
-0.12455
-0.060366
-0.49411
-0.47467
-0.53024
-0.26508
-0.16387
-0.3378
0.069695
-0.058125
-0.5288
0.03169
-0.20206
0.25036
-0.80132
1.3631
-0.03747
-0.96215
-0.31828
0.065411
-0.24262
-0.096518
-0.56524
-0.064145
0.16446
0.047288
-0.51122
0.19186
-0.2096
-0.40099
-0.76459
0.61395
-0.86007
0.73118
-0.69466
-2.3717
-2.5442
-8.5893
-7.3513
-3.106
-0.52015
3.368
-5.2721
0.30521
3.4903
5.4039
-0.85442
3.2938
6.2557
3.7777
3.1886
4.7459
5.3016
-0.40249
11.981
-22.344
4.4528
2.7346
-0.74518
-2.9023
-2.1868
0.50355
1.0327
-0.47644
-0.99064
-1.6128
-0.5247
1.0187
-1.1248
-1.4805
-0.95041
0.57649
1.9557
-6.644
1.2595
1.9069
1.7545
-4.9472
3.9128
-6.3903
-3.1468
-0.14301
-0.054745
-0.65171
-0.3028
-0.22385
-0.28992
-0.37999
-0.13459
-0.28788
-0.44231
-0.33221
-0.30483
-0.35644
0.23876
-0.37118
-0.37588
-0.098161
-0.055011
-0.058822
-1.2384
-0.25721
0.94194
-0.94318
-0.12278
0.22968
-0.66812
0.46931
-0.43875
-0.30296
0.10623
-0.15402
0.07339
-0.020539
-0.24638
-0.68166
1.9783
0.51936
-0.67853
0.17317
-0.50363
-0.012992
-1.238
-4.2749
-5.7412
-6.3265
-1.1865
0.09738
-5.4385
1.6259
3.5711
2.154
2.8401
1.2539
1.9403
5.7343
4.5034
4.3626
3.367
6.9552
-9.7989
-4.1038
-0.83506
-2.5942
1.9167
0.68079
-0.9216
-0.29987
-0.022754
-0.36454
-0.45755
0.048185
-0.46641
0.30961
-0.25316
-0.1698
0.01512
0.24553
-0.34271
1.1081
-1.6359
-0.60202
3.8299
2.8655
1.0238
-4.3837
-2.0863
-0.59636
0.94714
-0.62843
-0.50076
0.0061666
-0.82226
0.73973
0.13264
-0.37034
-0.26956
-0.19491
-0.51283
0.082047
-0.45981
-0.29183
-0.097355
-0.35908
0.042547
-0.0063751
-1.3482
-1.1575
1.9545
-0.092431
-0.41995
-0.27715
0.77122
-0.90195
0.2039
-0.4781
-0.032735
0.29519
-1.3231
-1.6145
0.51618
1.6025
-0.53639
2.5959
0.53612
-0.73676
0.3649
-0.046785
-0.68963
-1.1349
-2.9239
-1.7707
-2.2732
-2.4676
1.5165
2.2277
1.9432
2.508
1.6591
2.3419
3.9303
0.9407
2.6313
8.7611
-10.874
-0.21711
-3.0533
-1.3084
0.77372
-0.16326
-1.6931
-0.37307
-1.4829
-1.2115
-0.55205
-1.1224
-1.0473
-0.7688
0.04253
-0.68417
-0.52656
-2.1931
-0.2114
-0.93016
0.41142
-1.1046
-0.76911
2.9664
0.34751
-0.981
-4.8837
-1.6037
-0.18573
2.0585
-0.76072
0.019881
-0.93113
-0.033251
-0.19537
-0.48616
-0.21266
-0.32155
-0.33105
-0.061801
-0.40304
-0.35802
0.3347
-0.49985
-0.47646
-0.20087
-0.039896
0.25158
-0.95414
-2.235
1.9097
-0.02556
0.020668
-0.85332
-0.3074
0.082989
-0.25686
-0.17463
0.24715
0.0085286
-0.43119
-1.039
-0.55366
1.5372
1.4695
-1.0066
-0.56693
0.18628
0.024569
0.019703
-0.40524
-1.3475
-1.0447
-5.0381
-4.5306
-3.8552
-3.7187
-0.29848
-2.5256
0.99435
1.782
4.7579
2.6021
1.8134
3.4387
2.2757
2.989
3.4113
-4.1496
-1.6261
-0.32019
-0.53087
-0.42676
-1.9956
0.78664
-0.56618
-0.17905
-0.1842
0.048885
-0.1311
-0.028428
-0.2504
0.73874
-0.631
0.46352
0.20754
-1.2276
-0.07313
0.13097
-0.1076
-0.51026
4.1226
0.56303
-1.1154
-3.418
-0.47092
3.5472
1.2603
-0.69095
-0.35696
0.011947
-0.2858
-0.57033
-0.21666
-0.023668
-0.46402
0.072875
0.0010373
-0.2294
-0.076621
-0.3018
-0.034488
-0.30247
0.13593
-0.3427
-0.20326
-0.090917
-0.2387
1.1647
0.88476
-0.9069
0.31002
0.495
-1.4201
0.29078
-0.31614
-0.062636
-0.3403
-1.0936
-0.39735
-0.33546
0.74451
-0.87148
-0.87408
-1.319
0.022857
0.46164
-0.29443
0.20798
-0.85276
-2.3439
-2.5559
-5.8611
-1.3981
-3.4551
1.4006
-0.10759
5.0097
2.984
3.5445
3.5391
2.7692
1.8385
0.8115
1.9952
-0.3441
0.53833
6.4218
1.177
-5.8912
0.21646
-0.38623
-0.40513
-1.1995
-0.1922
0.90453
-1.1429
-0.88021
0.62617
-0.4185
-0.75294
-0.39748
0.32037
-0.53559
-0.31637
0.74672
0.13918
-0.31031
-0.98878
0.45348
-0.67949
4.6072
-1.1336
-2.7032
-2.3216
0.056435
4.4688
3.4021
-1.2429
-0.12097
0.37136
-0.59536
-0.16298
-0.44955
-0.063991
-0.076146
-0.31655
-0.0034548
-0.19782
0.19253
-0.48101
0.11649
-0.30039
-0.32097
-0.10615
-0.17265
-0.01933
-0.079608
-0.27392
0.77991
-0.52326
-0.4893
0.57369
0.46533
-0.3606
0.015033
0.058464
-0.65583
-1.7608
-1.1994
2.8119
-0.85497
-1.0752
-1.4784
0.2273
0.28923
0.36961
-1.3203
2.5198
-0.70764
-2.0226
0.86012
-5.3765
-0.68893
-3.0207
-0.0753
3.6725
-0.010715
4.2113
4.497
3.9212
2.7391
0.31501
1.693
1.7443
0.15072
0.048602
0.97835
-6.5467
0.70743
-0.74069
-0.57158
-0.12475
1.2266
-1.7631
0.81557
0.1682
-0.40543
0.36633
-0.30177
0.68226
0.57665
0.24117
-0.2886
-0.43063
-0.57367
1.5322
2.6159
-2.5618
-1.0131
-6.4285
-4.1463
7.0326
1.6198
-0.73243
-0.25175
0.64573
-0.16304
0.65315
-0.55773
0.45716
-0.044267
0.15733
-0.025316
0.40694
-0.16731
-0.076289
-0.12535
0.10881
0.033031
-0.39189
0.23436
0.17891
-1.5595
0.095773
0.7182
-0.71724
0.8526
0.3294
0.019701
-0.6087
0.28693
-0.024977
-0.66602
-1.2463
-0.065658
-0.71146
0.41215
-0.19301
0.23344
2.2808
1.5663
2.713
3.3636
-4.282
-3.4491
-3.7282
1.6066
1.322
-0.99684
7.0624
3.5199
2.4823
0.8812
-0.10134
-0.36443
-0.3924
-0.57735
-0.44518
0.4609
-0.61972
-0.29542
-0.46045
-1.0878
1.0148
0.96894
-0.41534
-0.033688
-0.23185
0.34978
0.43895
-0.35178
-0.98997
3.3368
0.074178
0.85958
-0.49868
-1.065
1.2482
2.6061
-4.0969
-2.073
-5.3662
-7.8599
9.0773
2.0307
-0.25806
0.23253
-0.15064
0.76426
-0.55434
-0.66456
-0.63174
0.24195
-0.24774
0.6808
0.22883
0.22597
0.12972
-0.38098
0.16803
-0.16611
0.18726
0.25669
0.026693
-0.050111
0.28584
-0.20658
-1.0214
-2.6417
-0.91243
5.6764
0.15293
-0.25738
1.0106
-0.5886
-1.0898
1.2275
-0.50216
0.23704
-1.5869
-0.0096793
0.38518
-0.19902
-2.8623
3.4493
1.1099
-0.08735
9.5204
-4.3209
-0.2821
0.81113
1.3494
-0.11141
0.7757
4.1714
0.18921
0.90794
0.35538
-0.59791
-2.1923
1.3616
1.7071
0.7985
-1.3524
-2.4737
-1.1896
0.61966
0.27923
-0.2426
-0.68094
-0.71493
0.042078
0.26595
-1.451
-1.1835
1.1884
0.18881
2.0212
-0.81948
-0.88202
0.80634
2.1377
-2.2884
-5.1459
-6.537
-4.77
5.4107
0.38076
0.30706
0.95962
0.94589
-0.31981
1.3239
-0.3128
0.20454
0.65133
0.24372
0.15977
-0.79716
0.87725
0.62688
0.30245
0.33405
0.16442
0.31279
0.48998
0.39482
0.76804
-3.943
-3.74
10.402
-0.71921
-0.78793
1.3603
-0.27305
0.47051
0.12887
-0.27301
1.8368
-1.4512
2.4756
-1.7713
1.1494
-1.3991
2.1566
0.86204
0.04836
12.834
3.1356
-6.3792
-2.3585
1.9865
2.6002
-4.561
0.70607
2.9194
0.28142
2.0124
-1.1815
-1.2226
-3.447
1.159
1.9155
2.4556
-11.489
-1.605
-0.073025
-1.5514
0.90109
0.59645
-0.4879
1.0999
0.63338
-0.67446
-1.4384
1.2144
0.90874
1.0127
0.28455
-0.057188
-1.207
2.159
4.1195
-0.74661
-6.5349
-3.6814
-2.768
0.36648
0.71316
0.72682
1.4064
0.50622
1.2725
-1.0345
0.47213
1.3974
-0.44456
0.91797
-0.90445
2.0065
-0.52723
0.23462
0.25326
1.2553
0.14946
0.11845
0.59144
0.17093
1.0942
1.1603
-4.246
-6.6805
4.9695
9.6378
-0.055006
-0.56714
1.6573
0.21507
0.60038
0.30215
0.42936
0.47187
0.47456
0.37004
0.3281
1.2394
-0.25301
-0.22482
0.91097
-0.71873
0.97106
0.37268
0.49319
2.3539
-1.5165
-3.7067
-4.742
-2.1788
-2.5807
-3.4016
1.8202
-4.99
-1.5697
-1.4964
1.1722
-0.83661
-4.9004
5.186
-11.041
2.3751
12.197
7.7993
-2.6313
-5.6354
5.4974
-0.2191
-0.084725
4.9889
2.5353
1.2826
-2.5039
-3.888
-0.8288
-0.2495
1.8208
3.838
-0.25785
-3.3815
11.774
-0.016441
-0.73152
-9.1477
-5.102
2.8706
14.761
4.8508
-2.4455
5.7321
1.6289
-4.076
-3.7904
1.3404
1.4426
1.0145
3.0228
0.65621
0.010192
1.1438
0.56351
0.64651
0.57216
0.49386
0.50238
1.0275
1.2117
-0.72506
-9.8144
-4.1957
8.8206
3.1367
-0.17713
0.57595
0.94864
0.73328
0.47395
0.49371
0.043259
-0.13845
1.497
0.030101
0.1557
2.4419
-0.84835
-0.40794
-0.17459
0.31514
-1.3387
-1.2948
0.63256
-1.2653
-10.193
-6.2029
6.1816
4.8028
-4.6119
-1.5822
4.3376
-0.2211
0.1542
8.0865
5.6224
-1.4471
-1.4898
6.225
0.59714
0.073068
11.141
-0.48286
-10.125
13.184
-6.6138
-7.2396
-3.724
4.2003
5.9719
7.1381
0.022226
0.015919
-1.3986
0.23317
-4.5118
-3.6487
1.0493
5.1337
1.8419
0.12031
-4.1815
7.2004
-3.9754
-7.5683
-5.6121
-9.091
2.6796
2.938
11.871
4.3658
3.9045
-0.75536
1.7933
2.044
-1.7905
0.59903
0.36381
0.93645
0.50774
0.55427
0.67749
0.49039
0.051471
0.22612
1.7371
-1.3151
9.1328
-8.6357
0.56397
-3.4468
23.371
10.691
-1.3739
-0.1798
-0.10339
-0.93143
-0.57055
-1.4388
-0.1439
-0.85524
0.5006
-0.89788
-0.81746
-0.090649
-1.4234
-2.6518
3.7846
-1.4799
-0.24238
-13.149
-1.4887
-5.6205
2.2665
-1.7316
-1.9901
-2.3474
0.99198
-0.49379
-3.4443
4.4805
-5.6089
4.6575
4.3721
-3.0688
-7.9788
1.6735
-8.3649
-2.8528
0.89559
5.064
8.7844
-1.568
-1.5786
1.467
-0.58159
2.9375
-2.6049
2.3662
0.9177
-1.1049
-3.8623
7.8091
-1.8242
-4.2017
-5.8549
-7.3814
0.61628
11.441
11.487
6.1241
0.94936
0.038261
-2.7419
2.7239
-0.53835
1.4816
3.4179
0.52271
0.61383
0.90124
1.1149
0.55008
0.59899
1.3451
0.65644
1.106
0.14287
1.5853
-5.2206
-3.1631
5.9784
12.157
6.1179
-1.1382
0.88974
1.3175
0.17875
0.25198
0.62636
0.27308
0.2341
-0.049208
0.038153
0.14986
-0.91326
0.84824
-0.42423
-3.2951
4.6676
0.91965
-0.95663
-3.471
-2.0641
-3.9873
-1.9371
-1.2806
-0.11612
-1.4909
6.2701
-1.4625
2.2143
1.1659
6.9603
0.681
-2.6026
2.9704
10.581
0.93127
-1.7301
4.0522
-2.4825
-7.4501
-3.0183
-6.4694
4.599
2.6419
-1.8479
-1.2069
0.99174
2.7484
2.126
1.8256
-1.2396
1.4261
13.213
-3.5178
-3.1107
-6.3124
1.2493
6.736
9.6565
3.996
2.1123
-5.4681
1.0738
-1.4483
0.11296
0.22814
0.26216
1.4774
-0.42921
-0.079045
0.44587
-0.12898
0.47815
0.37785
0.39743
1.2188
-0.10472
-0.34847
-2.9397
-6.0628
4.1499
11.702
-0.10302
1.5025
-1.985
1.6719
-1.0921
-0.23748
0.40028
0.20821
0.614
0.23741
0.056409
-0.69257
-0.60948
0.22946
-0.078563
0.64941
-0.42508
0.30843
-0.055032
-0.88132
-0.21973
0.99144
-1.2392
-3.7911
-6.2745
-5.1722
-2.2191
-2.541
-2.2993
-0.36588
4.4637
3.8009
2.521
2.9352
2.6943
2.1618
-3.0704
-0.11193
20.933
-15.322
0.68494
9.9758
-14.555
-1.2201
-6.1483
5.0344
8.0531
-1.7215
4.2189
4.2486
-1.6894
-0.49954
-4.1289
2.8947
-0.32452
-2.8303
1.3844
-3.361
-1.1219
10.869
-5.0727
-4.4794
-6.4155
-3.3153
3.199
10.773
8.9926
10.296
-4.2669
-5.2693
-5.4286
2.3269
2.5709
2.4568
1.1523
-0.99075
0.045018
0.9384
0.89933
0.75402
0.095279
-0.19542
0.53289
0.50974
0.13877
-0.53662
-0.51399
0.76478
-2.8693
-8.5927
8.074
-7.7461
0.92729
5.0249
16.78
0.49122
3.4507
-1.3163
-0.13544
-1.7553
-0.70959
-0.38792
-0.59004
0.33241
-0.62037
-0.75135
1.4525
-0.91084
-0.43592
-0.14687
-0.64977
-0.74686
-0.097914
-1.5308
-0.14295
0.96215
2.318
0.58915
-10.393
-0.18625
-1.2119
-0.80285
0.070509
-2.0858
3.0806
3.7903
2.5208
-6.1502
4.5852
1.9499
8.8056
-3.0396
-0.79178
18.634
-8.4107
-10.15
-3.9033
1.7398
4.3443
4.6602
-5.0437
1.5911
-1.3543
0.43617
-4.4852
-3.0883
-1.4473
1.1713
0.2688
-0.96486
-3.6402
7.7585
-4.28
-6.9496
-8.8997
-9.3721
3.1628
6.8122
14.268
4.5931
1.6647
-7.412
-6.4436
-2.7746
5.675
-2.2688
-1.9929
0.86888
-0.10386
0.074337
0.12758
0.52597
0.029049
0.905
0.040041
0.15934
-1.2826
-8.0905
-9.4688
0.70716
2.7395
19.895
6.2378
3.8375
-1.6756
0.62245
-0.88237
-1.6139
0.16767
-0.71017
0.44601
-0.42768
-0.51605
1.2728
-0.82475
-0.40091
0.056903
-0.44109
-1.052
0.48899
-0.68555
-2.1313
1.4743
2.0361
3.031
-11.249
-6.8318
-0.94399
-0.92258
-3.4157
-0.90308
-2.0271
3.4822
0.26845
-1.5223
10.85
4.5345
-0.49816
3.0015
16.273
-3.8241
-5.3975
-3.2286
0.88874
2.0671
1.5467
-1.5463
1.3586
-1.5418
-1.2
-1.29
-2.5846
0.072092
1.8992
0.91556
-3.914
2.7849
-6.802
-2.0514
-7.284
-5.7899
0.37097
7.4752
11.366
10.727
-3.8233
-0.53636
-4.2052
-0.37625
0.18935
-0.96206
0.27479
0.17655
0.58765
-0.55783
-0.34343
0.23436
0.56345
0.16587
-0.054678
0.26701
-1.1388
1.236
-10.475
-3.446
14.371
2.2943
1.6431
-2.7633
-0.66706
2.5921
-0.23247
0.012346
-0.10186
0.28395
0.051427
-0.1113
-0.84692
-0.20842
0.37978
-0.62103
0.27274
-0.014922
-1.463
2.167
1.4507
-3.0639
-11.747
-1.6397
-2.5749
-0.97322
3.2263
-3.7045
-1.9702
-0.83217
-1.373
-0.57972
3.5676
-0.075609
0.10148
2.7278
4.7032
11.841
-1.271
-6.3848
10.645
2.1994
2.3399
2.3504
2.618
1.6765
1.7813
-2.5982
-0.14279
-0.74584
2.9192
1.4811
-3.9956
0.54793
-2.1498
0.29848
0.81331
-4.6576
-4.864
-9.5404
-1.0999
7.8554
13.81
4.3147
1.8686
1.1327
-3.3229
2.1083
-0.74779
-0.84609
1.0245
0.92455
-0.95341
0.37381
0.36313
0.20706
0.29012
0.40387
0.32791
0.22964
0.38779
0.34775
0.45955
-18.768
0.17949
4.1987
3.619
-1.4151
0.95234
0.8866
-0.056027
0.37938
-0.13728
-0.048858
0.47387
-0.073905
0.50681
1.084
-0.017615
-0.15585
-0.49669
-0.53377
0.017244
-1.4272
1.2169
-0.17093
-0.090703
-10.113
-5.4297
-4.0698
1.1923
-6.2495
-0.25909
1.4245
4.5545
1.3659
0.68418
3.4348
-1.7796
2.3092
5.5973
17.499
2.3221
-15.137
17.98
17.291
-11.937
-1.1037
1.4672
4.7431
4.5889
1.77
-6.1516
-2.6636
-3.8154
0.33573
2.3571
3.2937
2.0813
-1.7515
2.7311
-3.2091
-1.4697
-12.069
-0.27767
0.86271
12.224
9.4227
4.2678
-4.9917
-5.1622
-4.5918
0.32274
-1.52
0.93311
0.54879
0.20775
0.46906
-0.31806
0.28474
0.17365
0.57513
-0.11289
0.59034
0.41712
-2.0525
0.32387
-14.687
-2.8176
8.0536
-2.1431
7.6088
-1.7401
1.0383
-2.0053
-0.74221
0.19714
0.429
0.12997
-0.17059
0.52056
0.1709
1.3541
-0.78041
0.052443
0.26588
-0.47577
-0.05184
0.0022966
-1.3038
1.9712
-0.60748
-1.1755
-7.2025
-8.1578
-4.3031
-1.4683
-1.906
3.8305
3.092
-0.55303
1.4008
4.2286
-2.8825
16.738
-1.5679
2.0866
2.666
10.721
-8.542
-6.0759
0.19544
5.3501
2.9355
0.736
-1.281
-0.67188
0.73712
-1.0986
-0.0062229
-1.6808
1.2686
3.2797
1.9093
-0.93072
-3.6553
2.6045
-3.0325
-3.5674
-8.9994
-1.6643
12.813
7.6427
-7.3773
3.5387
-3.8852
-0.59996
0.39951
1.9981
-0.34479
2.297
0.15198
-0.53082
0.7792
0.094022
0.26648
0.56223
0.43558
0.78247
0.8907
0.51634
-3.0152
0.95759
-5.1833
-0.14711
16.872
7.7505
-0.82171
-4.5334
4.1221
-1.6072
-0.12658
0.57353
-0.13899
0.12369
0.23612
0.15176
0.31858
1.7485
-1.0842
0.43498
-0.44009
-0.090244
0.068918
-1.7386
0.96599
1.9349
1.4879
-6.0333
-3.0754
-6.4057
-3.0322
-4.0822
4.9067
-1.6413
5.0042
-0.86702
3.5559
2.5697
14.474
0.8371
-7.5741
2.6338
19.455
-11.446
-9.6469
-2.0545
6.1677
4.3944
2.3118
-0.18914
5.2466
-0.99755
0.80863
-3.917
-3.9839
-0.65896
1.851
-1.4656
0.23426
0.928
6.6161
-6.1751
-6.6363
-3.597
-1.5095
-0.42372
4.3589
9.5802
3.8009
1.2795
2.2946
-8.5538
-1.406
1.0209
-0.34877
1.086
1.728
-0.52646
0.14386
0.29183
0.30227
0.21745
0.35527
0.049866
0.25407
-0.89447
-5.737
5.1747
-10.05
3.2147
3.6338
2.5991
-0.83696
-0.62983
-0.60859
-1.067
0.75883
0.16129
0.26676
0.37057
-0.092982
0.88281
4.1977
-1.6122
-0.90789
0.3637
2.32
-3.1873
2.5198
-1.9248
-1.7776
-0.77594
-5.6083
0.69268
1.7199
0.2168
0.49794
4.1135
-2.0876
-1.5186
-2.9886
-5.6172
-1.0107
-1.7608
10.351
11.156
1.1228
20.767
-0.18383
2.6611
-6.4174
0.70093
0.098019
0.63628
-1.6782
6.3489
1.6612
-0.52443
-4.7534
-1.912
1.1534
0.58347
-0.58221
-2.0847
-2.6813
1.8009
13.426
1.8966
-4.9225
-19.803
-0.4468
1.4561
-1.3385
0.19778
-0.342
-0.65716
1.0737
-0.33611
0.096557
-0.018234
0.85061
-1.0534
0.48828
-0.052549
-0.48548
-0.42287
0.26194
0.025518
0.17157
-0.40781
-1.4394
-5.7257
-12.118
-2.3197
13.196
7.4548
11.943
-1.9121
-9.5179
-9.2216
1.2372
0.15606
-0.017936
0.2425
0.87592
0.16364
0.5047
0.12187
0.24602
3.6009
-1.1713
0.59828
-1.575
1.4872
-2.0904
-1.2746
-1.6745
0.84309
0.44206
3.5271
-0.47429
4.5338
1.9652
-1.5116
-0.83382
0.049036
-3.6818
-2.0735
4.9459
-7.168
0.32912
-3.4767
-6.2006
19.074
-0.80029
2.857
-1.6265
-2.6434
0.49984
0.25159
0.25368
5.2935
-0.2942
-2.7486
-0.93397
-0.009721
-0.31522
-3.8564
-1.1632
0.45479
0.057961
0.65967
11.573
4.6493
-0.37671
-11.583
-14.6
4.388
-0.25039
0.10389
0.5364
0.91238
0.26329
-0.47781
0.41103
2.3715
-1.1641
0.87922
-0.65144
0.15484
0.3524
0.7228
0.20486
0.50654
0.44433
-0.11981
-0.86291
-8.1461
-4.478
-7.3789
4.1116
14.979
7.937
-2.8838
1.0469
0.10986
0.052598
0.49555
0.29904
0.061586
0.28025
0.24551
0.063877
0.28883
2.4269
-1.1561
1.0087
-2.4558
0.4744
-0.48985
2.2525
-5.9442
-7.7561
3.7466
3.1283
-3.9033
2.3734
1.995
3.6272
2.1724
2.0617
0.92533
-0.59984
-0.83852
1.3302
3.994
-4.8463
-10.878
-6.6101
4.9104
-0.16684
2.238
-2.2545
-1.5184
-0.28557
0.93464
3.4994
1.9445
-0.056416
-0.15509
-0.12339
-0.71413
1.4121
1.5751
-1.3636
-2.4464
-0.79366
-1.6812
4.4913
2.566
-0.13038
-1.4576
-5.7343
1.5356
1.1203
-0.68505
0.46038
-0.87534
0.67314
-0.37029
-0.64034
-0.090952
0.80898
-0.30746
-0.46997
0.21548
-0.66536
0.14683
0.15482
-0.047513
-0.046892
-0.313
-0.21167
-0.94109
-3.9868
-3.3078
0.35015
10.483
3.976
-1.0878
0.32469
0.15352
-0.20069
0.086038
0.014779
-0.0039019
-0.022532
0.15289
-0.16966
0.58085
1.6755
0.28133
-0.82419
-0.41442
0.1708
-0.35761
-1.2457
-0.04899
-5.0572
1.427
-7.1547
0.97473
0.64907
0.11541
4.923
2.8684
2.1484
3.0428
0.52186
0.69929
0.98347
-1.7201
-4.9208
-10.773
3.8899
9.1984
3.1535
-2.7772
2.4932
0.73066
-0.13537
-2.4824
-0.69757
-0.91615
-3.1488
-1.3495
-0.15247
0.78423
-0.55252
0.79556
1.2829
1.3383
-1.3742
-1.0703
6.6455
0.37404
-2.0596
-7.5892
0.21476
3.0617
-0.60404
-0.018008
0.62833
-0.20165
0.40911
-2.0513
-1.2178
1.8478
0.78512
0.029933
0.089726
0.24616
-0.60017
-0.69334
0.83087
0.28294
-0.10995
-0.16963
0.10825
-0.8098
-0.18425
-4.008
3.1602
4.8459
-0.94494
-0.30994
0.10469
0.097114
-0.58778
-0.56242
0.43098
-0.20755
0.027843
0.10213
-0.25331
0.7391
-0.32675
1.4741
-0.60663
-3.1058
-0.94658
1.4446
0.94176
-2.3995
-3.7682
-3.6839
3.395
2.3616
0.66574
1.2236
4.5364
3.0138
3.0587
3.1802
1.0142
-6.3598
-4.7902
-7.0881
-7.8858
-7.763
3.1709
5.3675
1.8595
9.6202
-4.9487
1.3752
-0.36973
-0.85841
-0.8321
-0.03724
0.77117
1.4158
0.44826
0.40844
-0.61556
-1.1696
-0.93815
0.7943
0.898
-0.69894
-1.023
7.0633
4.5501
1.4394
-3.958
-1.0421
1.3656
-0.9633
0.083923
0.30028
-0.8544
-0.85762
-0.081725
-0.63552
-0.097316
0.12803
-0.59352
0.36755
-0.23578
0.023745
0.4071
-0.39702
0.49013
-0.54196
-0.33332
-0.89251
-0.27569
0.50418
-0.11786
-0.19884
-0.16611
-0.40539
0.26969
-0.2986
0.066599
-0.3652
0.072419
-0.18092
0.10854
-0.3066
0.052816
-0.20924
-3.1458
5.316
-4.6461
2.4166
-1.7892
0.34556
2.2375
0.64855
-5.257
-1.3009
-0.014804
-3.2056
5.2163
1.4485
0.79497
7.3491
2.2793
0.90647
1.7838
1.0218
0.15969
-1.2104
-3.9222
-5.9859
-3.1726
0.88922
0.71132
1.0657
8.4384
-3.1203
0.82683
-1.8029
-1.9914
0.37173
0.97469
1.0821
-0.04192
0.495
1.2777
0.56566
-0.94862
-1.9244
-1.8458
0.25948
-0.26641
1.9929
6.6267
2.1514
-0.43451
-5.368
2.5048
-0.30859
-0.58154
0.44128
-0.50668
-0.57644
0.034911
-0.65955
-0.086237
-0.3609
0.27363
-0.71575
0.58379
-0.45606
0.16341
-0.42961
-0.22561
0.045891
-0.027575
-0.44573
-0.31371
-0.52236
1.0295
-0.085817
-0.10403
-0.38267
0.21401
0.051537
0.22537
-0.24711
-0.21768
0.16529
-0.073037
-0.020201
-0.11479
-1.6343
2.4289
-1.4718
0.1468
-1.1483
-3.7834
0.27562
0.20853
1.7341
-4.1192
-5.4384
1.1803
0.54358
0.95416
0.055029
4.086
2.8518
3.5933
0.027579
0.57353
-1.0282
-1.1084
-4.1933
-1.5612
-3.2166
3.8253
-4.892
0.68423
-1.899
0.66967
1.7394
-0.89752
-0.65325
1.0973
-0.25077
1.6313
0.75666
1.0407
0.42268
-0.57303
-0.57254
-1.8645
-0.60142
0.259
-0.087575
0.17192
6.8403
1.3836
0.36937
-4.7759
1.8235
-0.023518
-0.73305
-0.3215
0.40212
-0.44195
-0.64377
-0.028012
-0.69175
0.71857
0.42576
-1.456
1.158
-0.61747
-0.2487
0.45189
-0.99937
0.64
0.49498
-0.47873
-0.11358
-0.32933
-0.18805
-0.35524
-0.054544
-0.84063
1.5039
-1.0427
0.50534
0.055077
-0.26655
-0.036932
-0.1242
-0.18179
0.057306
-0.31584
0.025019
-0.018998
0.13792
-0.3714
-2.7685
2.8979
-1.3252
-0.57036
-1.7263
0.66639
-0.084425
-0.88347
-5.1771
-3.8285
-0.045125
0.7298
0.69485
4.1946
4.754
4.6224
3.4348
-1.0824
-2.9641
-1.8193
-1.8021
1.7664
-2.8439
2.2839
1.7215
-2.7626
0.023167
5.5212
-0.96875
-0.76962
1.5454
1.8575
-0.91948
0.75047
-0.68861
-0.14811
1.328
1.115
0.5924
2.0023
-1.2567
-0.8082
-1.2845
-0.71729
1.0046
-1.176
2.4592
3.2972
-0.12217
-3.9667
0.8381
-0.3398
-0.058562
0.051623
0.082459
0.13448
-0.74818
0.053941
-0.82515
0.35218
-0.082297
-0.41381
0.42883
-0.64644
0.10756
-0.73475
0.62666
-0.65918
-0.56643
0.49584
-0.37418
-0.35504
-0.044683
0.1246
-0.19488
0.052199
0.046548
-0.77383
0.99999
0.11541
-0.13195
-0.12408
0.31314
-0.028417
0.25606
0.24712
-0.50897
0.30643
-0.011716
0.03666
-0.11705
-0.70971
-0.68285
1.4198
-1.6275
0.092784
0.78912
-1.2144
0.14848
-1.0843
-3.3149
-0.23924
-3.1013
4.5303
2.0796
0.74266
5.0636
3.4116
2.7525
1.0517
1.7953
-0.50634
0.43612
-1.4167
-7.3066
-5.5395
0.1794
-3.9498
-4.8164
-0.0097263
-2.8566
-0.11643
5.7676
-4.8142
2.8306
2.9241
1.5513
-0.27746
-0.063517
0.49761
-0.64861
-1.7445
0.094976
1.0651
-0.35172
-1.5716
0.33675
0.23951
-0.09364
0.95076
-6.1929
1.2264
5.8204
3.8378
-3.5051
-2.7983
1.9756
-0.673
-0.21774
-0.092498
0.49852
-0.13976
0.02726
-0.22262
0.10307
0.1505
-0.17582
-0.18879
0.028314
-0.10265
-0.22772
0.039822
-0.24333
-0.013406
-0.016798
-0.10207
-0.0054
0.013083
-0.34586
-0.22274
-0.1818
0.55624
-0.12517
-0.22374
0.19708
-0.10936
-0.069977
-0.19406
0.12686
-0.18598
0.19683
-0.25938
-0.034203
-0.10972
0.001512
0.15185
-0.94763
1.7074
-1.5298
-0.12899
0.28902
0.39439
0.78922
-0.84375
-0.52827
-3.1015
-1.8041
1.1372
4.8213
0.93282
2.5392
3.233
1.9725
-0.00025747
2.4281
0.22336
-1.1789
0.90256
-7.0164
-4.8151
3.5921
-5.7918
-3.9829
-3.9859
-1.9908
-1.8146
0.89963
1.1405
-0.19984
-0.82326
1.1018
0.72374
0.3983
1.0144
0.28451
-3.0933
2.3898
1.1846
-0.69014
-1.0949
2.6214
0.86859
0.83734
-0.43097
-6.2416
7.2966
3.5499
0.41508
-5.5294
1.3256
-0.055824
-0.32289
0.022867
0.18871
0.55005
-0.71307
-0.056038
-0.013249
0.18897
-0.048609
-0.033538
0.2109
0.026016
0.0011808
-0.11412
0.0018672
0.0065382
0.10983
-0.084078
-0.037328
-0.0073261
-0.22959
-0.16139
-0.37698
0.48057
-0.31691
0.19906
0.087511
-0.18875
-0.026744
-0.20282
-0.12577
0.029534
-0.025403
-0.16599
-0.054116
-0.035419
-0.017973
0.043689
-1.1139
1.9765
-1.8041
1.3531
0.51829
0.29471
1.6088
-1.2868
0.84682
-1.789
1.8279
0.79792
5.5657
1.4982
-1.506
3.1422
0.54711
-2.2659
1.1504
-2.0299
0.20943
3.5442
-3.8606
-2.575
2.9513
-4.7051
-11.106
-1.4846
-2.3771
-1.6341
-0.42698
2.9931
-0.8845
-1.4169
2.1124
1.2071
-0.091592
0.56364
0.48408
-0.7634
-1.6487
5.8459
0.6343
-0.33666
-0.36735
1.9648
1.5324
0.55444
0.073618
-10.817
5.8349
3.645
2.5428
-0.78768
1.8098
-0.47634
0.23745
-0.2206
0.4303
1.1229
-0.64673
0.19599
0.37167
-0.011732
0.34138
0.10629
0.033929
0.15576
0.15202
0.33485
0.023417
-0.19098
0.34647
-0.12428
0.15602
0.036975
0.0088655
0.053165
-0.44154
0.52014
0.28837
0.10977
-0.096874
0.019416
0.087362
0.064017
0.017112
0.03592
0.093524
0.00043146
0.039915
0.046972
0.01028
-0.036804
-0.56409
1.0004
-0.8517
0.48309
0.22238
-0.06684
1.936
-0.5167
0.5209
1.8733
4.4506
-1.2709
4.8829
3.0384
-3.0042
5.7517
3.0357
-1.9413
-4.4631
3.6112
0.15197
-1.0085
-2.4341
-4.6896
-1.5109
0.224
1.5852
-4.4139
-1.2842
-7.316
-6.2158
-0.025082
1.415
-1.2084
1.1016
-0.24215
0.67358
0.23298
0.25106
-0.083187
-1.3231
0.31931
2.3629
-0.27052
-0.52657
-1.6216
0.59078
0.56511
1.9393
1.7711
-20.431
2.4365
8.9093
8.1972
3.5444
1.5392
-0.87253
-0.53583
-0.72616
-0.083144
-0.060122
-0.6517
-0.39659
-0.095698
-0.040099
0.21784
-0.59493
-0.19422
-0.31774
-0.15616
-0.55304
-0.26783
0.23514
-0.45307
-0.21696
-0.14118
-0.1751
-0.17675
-0.39225
0.83186
-0.33209
-0.1435
0.054529
-0.13668
-0.20321
-0.15213
-0.12182
-0.0030525
-0.13561
-0.22905
-0.01214
-0.01517
-0.24329
-0.03433
-0.68775
0.89728
-0.9652
0.27538
-0.047361
-0.006472
1.5411
-1.6018
1.1231
1.6189
-0.07588
-3.0322
8.9441
4.708
-3.3552
5.7966
4.7162
-6.9792
1.7994
6.717
1.9182
-1.3378
-1.3595
-4.5864
-3.9261
-4.1071
1.5238
-9.5983
6.4742
-14.318
0.62056
-1.258
1.6701
-1.5105
0.68066
0.25038
0.020762
0.16433
-0.42279
-0.12908
-0.2551
-0.61874
1.1638
0.3696
-0.12547
0.13562
-0.34843
0.35755
0.48059
-20.964
-5.5541
9.5474
-0.34379
9.0822
-0.21851
0.16489
0.13958
-0.61241
0.19442
0.48353
-0.40468
-0.095057
-0.15525
0.16823
0.1417
-0.3554
-0.12547
0.40082
-0.16623
0.012097
-0.097387
0.0097058
-0.066038
0.038679
-0.069506
0.01039
-0.14395
-0.029554
-0.083728
0.25533
1.246
-0.95927
-0.062191
0.062488
0.046013
0.17942
-0.088841
-0.011442
-0.058278
-0.15613
0.070348
0.032114
-0.073781
-0.0032412
-0.073619
-0.067299
-0.39887
-0.18199
0.4035
0.39176
2.0347
0.30227
-0.12603
1.6417
-4.6967
1.49
14.017
5.4944
-6.7349
5.9084
6.7356
-4.5739
-2.5913
6.7324
3.6471
0.52635
-2.8974
-5.4584
-5.88
1.6091
-8.2631
-4.0693
-4.8479
-0.03781
-0.3873
1.1642
-0.79906
0.028947
0.58204
0.68803
0.16056
0.061953
-0.12479
0.045737
0.44656
-0.15638
0.22194
0.44432
-1.292
-0.70483
0.97632
2.052
-18.139
-14.439
7.5704
8.7691
10.175
-0.96936
-0.0023695
0.17276
-0.44288
-0.44415
0.34716
-0.43941
-0.2396
-0.075263
0.15878
-0.057134
0.15394
-0.37373
0.18141
-0.25214
-0.29823
0.078632
0.026412
0.090568
-0.33525
0.21164
-0.36175
-0.093716
0.36649
-0.33525
-0.60619
1.7073
3.6004
-5.5557
0.31117
-0.12635
-0.034597
0.0090544
0.15994
-0.033513
-0.047679
-0.11568
0.048472
0.084091
-0.086973
-0.11934
0.075678
-0.12124
0.043477
0.027062
0.044306
-0.050127
-0.091243
-0.00042752
-0.013148
0.026227
-0.07511
0.0061088
0.073798
-0.070476
0.0088704
-0.07328
0.013065
-0.089833
-0.057597
0.0046525
-0.045745
-0.042184
0.039999
0.0042476
0.014122
-0.034052
-0.038078
0.082962
-0.02542
-0.053493
-0.018407
0.0064448
-0.12626
-0.091838
0.057232
0.028632
-0.010138
0.033777
0.021046
0.0015825
-0.009983
0.01766
0.009542
0.055522
-0.028177
0.014764
-0.018378
0.071249
0.020598
0.066577
-0.071039
0.048587
-0.015583
0.057457
-0.031688
0.00093904
-0.037632
0.097296
0.028713
-0.0078716
0.035433
-0.024349
0.045701
-0.010443
-0.015141
-0.0055962
-0.014048
0.030492
0.011229
0.020754
-0.031909
0.069185
-0.037606
0.07028
-0.014472
0.035804
-0.054368
-0.022208
0.085388
-0.035955
-0.043012
-0.017111
0.05185
0.014006
0.013358
-0.02331
-0.078744
0.044387
0.027083
-0.046012
-0.0014128
-0.034091
-0.0112
-0.029371
-0.066847
0.0088921
0.036187
0.0045386
0.087696
-0.018542
-0.011343
0.005194
0.0015958
0.012509
-0.12378
-0.10825
0.048484
-0.041373
0.032353
0.031478
-0.036662
-0.010844
0.013696
0.033391
-0.015815
0.032982
-0.037796
-0.023955
-0.023867
0.011161
-0.0040725
-0.01921
0.021029
0.082889
0.037876
0.029488
-0.035344
0.018998
0.11295
-0.030064
-0.013604
0.081725
0.080098
0.024422
-0.016012
0.033533
0.0053244
-0.04959
0.011809
0.0064662
-0.045862
-0.040893
0.078611
-0.027414
-0.028913
0.038571
0.039223
0.036944
-0.021538
-0.023583
0.035818
-0.065498
-0.017494
-0.022554
-0.024487
-0.004663
-0.0046538
0.010045
-0.010833
0.0083036
-0.028306
0.018106
-0.0047216
0.029315
-0.020621
-0.049012
0.064518
-0.011702
-0.037577
-0.023853
-0.031577
-0.020634
0.10351
-0.069735
0.047646
-0.038513
-0.043662
0.065353
0.049843
-0.046818
-0.071078
-0.0044091
0.019182
-0.029146
0.0052495
-0.028207
0.010062
0.060369
0.0098944
-0.011926
-0.0082838
0.001265
0.00391
0.025218
-0.0060005
-0.02718
0.0071913
0.021685
0.014779
-0.015698
-0.011833
0.0095026
0.014645
0.023437
-0.019687
-0.0098935
-0.006512
0.038549
0.0039885
-0.020208
-0.019224
-0.030293
0.04015
0.011405
0.0049284
-0.022219
-0.024235
0.018975
-0.0029758
-0.0024512
-0.023673
-0.023032
0.035335
0.015891
-0.065967
-0.030068
0.01677
-0.002411
-0.029141
-0.0066306
0.020822
-0.040894
-0.014998
0.013083
0.06123
-0.019829
-0.031137
0.082142
-0.048631
0.017554
-0.0047049
0.014036
0.021857
0.023936
0.013706
-0.031939
0.008608
0.029075
0.0099168
-0.039353
-0.019414
-0.00043611
0.026287
-0.013985
0.0018132
-0.00096833
0.0052502
0.020071
-0.0053242
0.0041695
-0.0079483
0.0040471
0.055027
0.0041987
0.0040881
-0.026119
0.014044
0.0074242
0.013352
-0.020759
-0.016393
-0.009935
0.026965
0.010647
-0.0016634
-0.041315
0.0034193
0.036504
-0.0012572
-0.019417
-0.036874
0.043255
0.02027
0.0043027
-0.026018
-0.0036573
-0.018828
0.0092377
0.0088815
-0.0038454
-0.030717
-0.0024778
0.016285
0.0093159
0.0028258
-0.021591
0.0095876
-0.0089499
0.036518
-0.02542
-0.0059895
-0.011808
0.021857
0.011696
0.0084634
-0.016093
-0.021315
0.043071
0.0047063
-0.0012797
0.013668
0.024867
0.0090089
-0.006605
-0.027203
-0.068906
0.033983
-0.030897
0.012613
-0.014818
0.024736
-0.093524
-0.095439
0.089736
-0.019651
-0.010279
0.035801
0.01603
-0.018202
0.0038982
0.021855
-0.012328
0.051729
-0.0020262
-0.0079901
-0.040992
-0.0025652
-0.005106
-0.010914
0.0013921
-0.013601
-0.013035
0.036264
0.025581
-0.027013
-0.0048753
-0.022393
0.011825
0.0050139
-0.010291
-0.0008725
-0.015884
0.0032895
0.0059003
0.023354
-0.0074678
-0.012744
0.021183
0.023349
0.015987
-0.0030866
-0.018036
0.034132
0.0023318
0.028574
-0.023856
0.010573
0.013185
0.000457
-0.026944
0.011122
0.022464
0.012225
-0.0035926
-0.024423
-0.041258
0.033408
0.0015286
-0.023
-0.028107
-0.0058189
0.024947
-0.0032348
0.011945
-0.037038
0.0069729
0.025165
0.017601
-0.022437
0.0057747
-0.0035253
0.015292
0.0053207
0.0077419
0.004299
-0.0077538
0.0016395
0.016227
0.024507
-0.045961
-0.010638
0.020395
0.0038764
-0.026521
-0.010474
-0.010138
-0.015359
0.027542
0.023263
-0.011341
-0.0048174
-0.028859
0.033095
-0.0322
0.023316
-0.032243
0.01474
0.047695
-0.014964
0.015473
-0.018847
0.00050337
-0.013938
0.02263
-0.0030067
-0.029953
-0.0076781
0.0054566
0.013822
-0.020617
-0.010653
-0.037183
0.015944
0.0089495
-0.0095182
-0.00046007
-0.012469
0.010183
-0.020913
0.018952
-0.021253
0.0071082
0.016169
0.033155
-0.013809
-0.0073429
-0.0069379
0.01541
-0.021713
0.0031769
-0.0092838
-0.0027497
0.034064
-0.0037089
-0.013186
-0.00097214
-0.03999
0.02644
0.0034351
0.0031672
-0.0030126
-0.018253
-0.013762
0.043642
-0.015408
0.017962
-0.0098789
0.03355
-0.019652
-0.0010973
0.020247
-0.022892
0.015106
-0.010337
0.016862
-0.034805
-0.0057666
0.016537
0.015068
0.0021692
-0.01628
-0.0034367
0.04565
-0.0047499
-0.0020003
-0.016803
-0.0050285
-0.00052773
-0.003639
0.0053554
-0.0194
-0.0096022
0.031216
-0.0070519
-0.0011545
0.014468
-0.022469
0.0062985
0.014726
-0.0020863
0.0066444
0.0090724
0.00065908
-0.0091377
-0.024167
0.031029
-0.030797
0.0017149
0.051993
-0.035028
-0.0036864
-0.024156
0.02584
0.0057983
-0.048269
0.00076986
-0.038039
0.021976
-0.0071498
0.0080287
-0.0013823
-0.010173
0.012557
-0.0092631
0.0025648
-0.012856
-0.030316
0.023074
0.010096
-0.027575
-0.019558
-0.027864
0.016716
0.00021756
-3.2455e-05
-0.03047
0.0011086
0.0053682
-0.0045548
0.010451
0.012927
0.0013375
0.05601
0.0076344
-0.014123
-0.0051151
-0.022201
0.016297
-0.00094151
0.023614
0.00066938
-0.02074
0.023455
0.013495
0.012243
-0.024656
-0.0081539
0.047108
-0.012338
