0.0047712
-0.023952
-0.014339
0.0039979
0.0036082
0.0035236
-0.0035815
-0.014639
0.0045788
0.003733
0.015345
-0.0033745
0.0061463
-0.0059977
0.0031447
0.014378
0.037486
0.0064449
-0.015306
0.0036091
-0.0064796
0.016323
0.014665
-0.015091
0.0041967
-0.0041145
-0.0029889
0.0046502
-0.015905
0.0029409
0.014092
0.0075974
0.0059408
-0.0059942
0.0032286
0.003526
-0.0027097
-0.0042485
0.0036127
0.0036209
0.01651
0.037013
-0.0042415
-0.0064045
0.0040888
0.014179
0.017317
0.0067479
0.0040784
-0.016393
0.0038986
0.026427
-0.0057167
0.01478
-0.026193
0.0034353
-0.0030939
0.0061416
-0.016094
-0.015308
0.024853
0.017517
-0.0037435
-0.006406
-0.0060035
-0.0057069
0.0067312
-0.014436
-0.0065996
0.0036174
-0.016377
0.0073161
0.0056515
-0.015907
0.00361
0.014868
0.017214
-0.0042407
0.013701
-0.0059921
0.023427
-0.013956
0.015452
-0.0059048
-0.0062669
-0.026276
0.0066061
-0.0040431
0.024292
0.01373
-0.0052228
-0.013383
0.005958
-0.025897
0.024113
0.013239
0.016973
0.014768
-0.016081
-0.036532
-0.0058646
-0.0031096
-0.0046464
0.014645
-0.0066551
0.004958
-0.0035859
-0.004044
-0.026554
-0.0066532
-0.0058694
0.018054
0.0045882
-0.0060843
0.024582
0.0037108
-0.0033056
0.035731
0.014564
0.0042983
-0.014641
0.017005
-0.014928
-0.0061984
-0.006482
0.013904
0.0069075
-0.0052241
0.0041929
0.0038256
-0.017107
-0.0032116
0.01428
0.0047937
0.0036355
0.005447
0.0069009
-0.0043528
0.0038041
-0.005697
0.0034481
-0.0041762
0.014768
0.014013
-0.0052229
-0.026992
-0.0032146
-0.025007
-0.015791
-0.0066419
0.016985
0.0058237
0.013906
0.013807
0.016313
0.0050615
-0.0056949
-0.0062627
-0.0059724
-0.0034985
0.0058497
0.014689
0.0035533
0.0050593
0.007708
0.0056776
-0.0056972
-0.0065534
-0.0057967
0.0074936
0.0045896
-0.0056932
-0.0065823
0.003283
0.016704
-0.0042525
-0.01522
-0.0059735
0.024763
-0.013222
0.0055394
0.0139
0.0034995
0.0039152
0.023553
0.003645
-0.003226
-0.0053721
-0.0067371
0.014802
-0.0032272
0.0066055
0.0035009
-0.0064648
-0.0060945
0.0068879
0.0054516
0.0042217
0.0036334
-0.0063774
0.006201
-0.014646
0.0044071
-0.0066375
-0.0044711
0.0071802
0.0060335
-0.0052234
0.013617
-0.015521
-0.035477
0.0038394
0.013355
0.0063018
0.0042843
-0.016602
0.0051592
0.017269
0.0050402
0.0046926
0.0034522
0.014799
0.0071836
0.005351
-0.0058754
0.013237
-0.016247
0.0060957
-0.015037
0.0046974
-0.0064611
-0.012441
0.0054542
0.035525
-0.0071463
0.024012
0.026593
-0.0065464
0.002594
-0.0042892
0.0045632
0.0035445
0.015532
-0.0029312
-0.014933
-0.0065471
-0.016069
-0.013693
-0.01417
0.0042005
-0.0064588
0.013359
-0.0036198
0.0056279
-0.015985
0.01382
0.0051453
-0.02349
-0.024253
-0.0058021
0.0038218
0.0039172
0.0064962
0.016313
0.003809
-0.0066538
0.0039181
-0.012714
0.013053
0.015431
-0.012989
-0.0059019
0.0041952
0.0039109
0.0073005
-0.014142
0.013708
0.0036218
0.01479
0.014794
-0.0042737
-0.0054275
0.01352
0.013244
-0.0044481
0.0074816
0.016137
-0.01522
0.0036183
-0.014802
-0.0034903
-0.024215
-0.015826
0.0048863
-0.0063792
-0.013352
-0.01619
0.014896
0.0032038
0.015573
-0.025788
0.003918
-0.0022324
-0.0042254
0.0044012
-0.0068421
-0.0063223
-0.0034681
0.0033351
0.01557
-0.040039
0.045323
-0.045325
0.01571
-0.013328
0.025616
-0.026282
0.055971
-0.032468
-0.016106
-0.016034
-0.044126
0.048203
-0.12041
0.099053
-0.59943
-0.28589
4.2257
4.8879
1.3048
3.2777
-0.09843
-0.26276
-0.66529
-1.1721
-0.50064
1.8306
2.3092
1.7125
-0.60262
5.4014
-4.4467
-7.9174
0.84133
-1.4297
-4.4619
0.59171
0.51115
-6.84
-28.471
7.8743
7.4676
-35.756
6.8296
-1.5338
-1.213
2.0119
1.0776
-3.9192
2.5363
-1.0278
1.4242
0.64883
0.9103
-5.1875
3.2761
0.873
0.96255
1.272
5.3628
-15.434
-11.025
-5.4203
5.0322
2.8465
8.1258
1.7645
2.5101
0.36898
-1.0257
-2.6764
1.4245
0.84982
0.00027361
0.062022
0.0099978
-0.21609
0.074895
-0.037167
-0.11534
-0.37816
-0.14996
0.031186
-0.12179
7.1391
23.149
-17.674
-19.416
16.586
-6.7838
0.9313
2.705
-0.76061
-0.30816
0.019465
0.17034
0.0059576
0.014256
0.12483
0.30627
-0.31505
0.38009
-0.077983
0.25637
0.26856
-0.26175
2.2699
4.5176
13.963
17.962
-10.126
-13.797
10.444
-17.225
2.7967
3.4246
-3.5512
-3.5219
-0.77029
-18.646
-1.576
-17.755
8.9438
-6.1572
-0.67057
-31.85
25.198
-29.81
27.839
-45.558
10.646
3.5142
19.39
-29.598
20.913
-7.4979
5.9184
-4.1115
-4.1618
-4.5449
-2.0656
-0.37981
-4.7595
4.7959
-5.3241
1.2591
-3.865
-0.93813
-5.0076
0.53209
-3.8951
-1.835
3.4712
-2.3496
7.2334
9.8661
-1.0127
1.4561
0.81154
0.12259
0.19366
0.061918
0.10992
0.1124
-0.281
-0.069776
6.6442
23.167
-3.9806
-20.043
4.5956
-4.9836
11.043
1.8355
-0.15039
0.092388
-0.059456
0.008752
-0.067314
0.083775
-0.045412
0.057086
-0.22205
0.26737
-0.034925
0.27454
-0.11874
0.11796
-0.27198
0.57761
9.7899
10.191
-0.22932
-18.026
-6.5994
2.6766
-0.070789
-4.3195
4.2045
-9.0618
-7.9449
-8.6851
-16.856
-12.298
10.127
-6.2786
26.886
-21.438
-0.90941
13.417
-43.995
21.933
-1.1642
3.296
-5.8398
5.8372
-3.9632
-4.2146
4.4133
-5.4175
5.4923
-9.2839
9.4477
-1.0569
-5.5426
-1.9024
-4.6485
-2.8842
-6.6037
0.099197
-3.8928
3.9033
6.6162
3.5102
2.3379
0.20926
0.36209
-1.0497
-1.5389
0.23852
0.37115
0.23684
0.0051422
0.18381
-0.04461
0.048948
-0.01687
-0.11452
-0.15558
-0.11567
-0.061139
-0.092181
7.4073
19.361
-30.302
-3.4454
-3.2292
-7.6679
0.059937
0.65064
-0.14492
-0.14202
-0.029855
0.18952
-0.23927
-0.23623
-0.040356
0.20498
0.030399
-0.1135
0.38653
-0.030201
-0.045716
0.11712
-0.020425
0.11557
-0.038546
0.22189
-0.96351
6.0127
10.952
14.135
0.57907
3.2221
-3.2868
3.304
3.4516
-0.098838
-4.4763
7.1538
-3.2991
-6.0705
-11.495
-6.9101
-6.4959
3.7509
13.417
-12.183
4.8427
0.37178
-1.2989
0.038984
-1.9971
3.4215
8.0508
-5.164
0.96492
0.17894
3.8393
-2.9074
-3.4177
3.392
8.2464
-1.343
1.0404
-4.115
-10.891
-2.6534
-8.4786
-6.6731
4.0472
4.5874
1.0847
1.7801
0.26864
1.6426
0.78113
-2.4368
-1.0252
0.63152
-0.3457
-0.00040743
0.30396
-0.009133
0.083116
-0.28332
0.032269
-0.045166
-0.080182
-0.025005
0.37315
8.8896
20.156
-28.654
7.3325
12.013
0.69231
0.14809
-0.0070607
-0.0088345
-0.0022212
0.11089
-0.071338
-0.093736
-0.037032
-0.009959
0.011748
0.24639
0.097113
-0.055714
0.12485
0.019129
-0.11627
0.09732
0.14538
-2.0543
6.5701
9.2384
13.184
2.0688
-5.844
-1.5181
-2.738
-4.914
-0.52556
-5.4846
13.784
-4.1738
-13.064
3.7921
2.1293
6.8666
-5.3051
-2.2818
-2.4866
-15.102
10.981
-1.2027
0.59029
0.43254
-0.18674
0.82223
-1.7763
1.9056
-4.6827
-2.6035
-3.0585
-2.255
1.717
4.1812
1.0033
0.29484
13.32
-11.167
-2.5633
-6.9683
-8.0189
2.2885
1.0972
2.9578
-0.54639
-0.30343
0.1882
0.22191
0.60272
0.050796
0.14165
-0.24461
0.16735
0.21632
-0.17104
-0.049133
-0.07959
-0.10382
0.066898
0.083582
7.5157
19.489
-32.081
6.3246
11.626
0.40118
0.1265
0.44056
0.11261
0.16273
-0.052425
0.071297
-0.14871
-0.030796
0.011229
0.12377
-0.010982
-0.081378
-0.17114
0.13936
0.0013594
0.01321
-1.1397
6.0558
12.327
-9.643
2.5099
4.5923
-5.8389
-0.69266
1.9598
0.30566
4.1303
-9.2291
-3.4852
-4.0399
-8.4288
-4.3031
2.4552
-7.5561
4.5596
4.0235
-8.2913
7.725
11.417
10.606
-0.32303
-0.65077
4.481
1.0753
6.0769
-3.9102
1.0552
-7.1562
-1.2411
-6.0344
1.793
-0.47899
-0.23157
-2.6239
8.246
2.2574
-8.6547
-6.5016
-8.1662
-1.8347
6.0669
2.1622
0.58502
0.3304
-0.66055
-1.6314
-0.31803
0.44698
0.17855
0.15798
-0.042712
0.080235
0.014567
0.043726
-0.029773
-0.16814
-0.02643
-0.34846
0.014634
-0.040581
3.8406
11.087
-32.632
-5.7752
0.49859
0.23732
0.24591
0.044349
-0.095827
-0.11251
-0.0037354
-0.02104
0.20326
-0.083174
0.27195
-0.11906
0.036955
-0.28765
0.022519
0.10459
-0.096718
-0.82932
0.55639
4.7121
13.093
2.1417
-14.603
3.4869
10.009
-5.0559
4.0576
-2.4804
-4.1235
1.4499
-14.867
-4.0034
-6.6547
-6.6909
7.1701
5.5277
-3.9526
21.223
-35.533
19.474
-7.8606
-7.5826
1.4295
-0.35801
-2.9891
-2.9018
-4.3856
1.9714
-5.2363
0.87108
0.87418
-0.3432
-1.6509
3.7742
3.9367
-0.28348
-5.8414
-7.151
-2.4852
-1.6091
-4.3137
0.41578
2.8003
6.3003
2.1781
1.3597
0.71523
0.044546
-1.4664
-1.4922
0.0038008
0.33762
0.91302
0.20831
-0.0048779
0.0038603
-0.14164
-0.17192
0.045281
0.09412
-0.09384
4.6862
8.2302
-29.822
-8.7711
17.161
-0.073815
-0.047619
0.34888
-0.075762
-0.024974
0.16003
-0.02919
-0.037651
0.047625
0.030276
-0.096167
0.23268
0.06833
-0.18388
0.35255
1.0297
-1.3267
0.32366
3.5018
13.955
12.033
-0.85778
8.785
-12.623
-8.1624
-0.46028
-12.024
8.0347
-2.0179
-2.1037
1.7078
-3.7769
0.50353
-1.3037
-21.531
16.145
-21.884
0.51941
0.55786
0.13626
0.16507
0.308
0.1689
-0.00026591
0.31087
-0.066591
-0.91495
-0.18912
0.24904
-0.09941
0.10487
-0.0074436
-0.091098
-0.016243
0.44012
1.5367
1.3837
-1.3746
-5.0503
2.5869
0.36099
-0.43904
-0.36103
-0.10546
0.48689
0.28446
-0.2953
0.028901
-0.33023
0.43009
0.14744
-0.11755
0.32301
-0.32229
0.25407
-0.27887
0.037146
-0.12869
0.12655
-0.096712
-0.085696
0.53235
-0.36094
1.2262
7.6334
-20.306
6.8325
1.1117
0.1021
0.061424
0.044198
-0.013829
-0.0072833
0.0097964
0.0096291
-0.030969
0.11498
0.23729
-0.59146
-0.08843
0.31376
-0.058217
-0.12323
0.59012
0.33582
1.1508
13.353
26.821
-13.87
7.7536
-2.4873
-5.692
-5.2549
-2.8579
-3.8441
0.081991
-2.0377
1.7891
4.542
-8.7671
1.3501
-16.201
-16.478
21.275
0.19748
-0.22972
0.13675
2.0478
-1.1638
1.3631
0.29423
-0.3264
0.32955
0.33452
-0.471
0.067181
-0.48502
0.014279
0.22213
0.17827
0.075044
0.52354
0.79174
4.5014
-12.482
-7.2984
2.2286
1.3928
-0.10911
-0.28239
0.035314
0.18013
1.0565
-0.26111
-0.90877
-0.043208
-0.043687
-0.037366
-0.16571
0.063346
-0.21487
0.09978
-0.029251
0.041859
-0.0017358
-0.10815
-0.029196
-0.037525
0.36992
0.55598
0.97548
-5.355
0.74291
1.5793
-0.097609
0.09447
-0.21299
-0.065888
0.026595
0.0040232
-0.085441
-0.020028
-0.036975
-0.029755
0.0036224
0.087892
-0.2564
-0.18389
0.23122
-0.43988
-0.55473
0.66131
-0.51589
1.8281
14.116
27.561
-3.477
1.0735
-6.2434
0.77693
-7.5936
-5.3833
1.4152
-1.4029
-2.6152
2.6874
-4.7036
0.64492
-16.276
-10.705
28.494
0.10483
0.34211
-0.96338
2.9019
-1.4369
1.5363
0.71203
-0.23718
0.59311
0.14115
-1.0949
-0.25334
-0.0013962
0.52297
0.16254
0.055997
-0.23871
0.37169
0.64531
5.3081
-12.861
-7.0678
-0.34274
1.493
0.080347
-0.42173
-0.26734
-0.69551
0.47882
-0.16038
-0.46012
-0.017457
0.072783
-0.050372
0.083097
0.10398
-0.10942
-0.1558
0.013025
0.022796
0.036733
0.0093775
-0.062012
-0.10481
1.104
0.1901
-1.937
-0.024671
0.0051732
0.18673
0.0047685
-0.20123
0.10895
0.10907
0.049778
-0.1473
-0.05462
0.094892
-0.015874
-0.013359
-0.41755
-0.11406
-0.21786
-0.21701
-0.037294
-0.40896
-0.045568
-0.049788
-0.97362
1.1582
9.7307
27.256
-8.3136
2.7107
-2.939
5.0377
-12.035
-5.4008
0.065066
-2.1185
-1.5536
-2.0926
-1.8695
-11.808
-8.685
-12.02
15.306
0.95082
-5.1805
2.5807
-1.8163
1.1544
-1.0851
0.95647
0.77557
0.03932
0.37564
0.25848
-0.57212
-0.59311
0.52578
0.59718
0.2408
0.0095408
-0.0031915
0.12586
-0.12383
5.5899
-1.8455
-17.11
2.8761
2.9481
0.48327
-0.42253
-0.015687
-0.15752
1.2963
0.49762
-0.73081
0.15643
0.24792
0.38041
0.62543
-0.60318
-0.82244
-0.20093
-0.059667
0.22129
0.29652
-0.089284
-0.11981
0.045955
-0.044043
-0.071376
-0.014879
-0.087841
-0.055961
-0.34803
-0.034706
0.17075
-0.21474
-0.034043
0.099296
0.043278
-0.032754
-0.039972
-0.041168
0.057515
-0.032543
0.00038222
-0.0029323
-0.68207
0.25007
-0.59786
0.26917
-0.14072
-1.1617
1.0902
-0.2607
0.8215
7.1558
24.613
-15.175
12.464
-13.469
4.1266
-2.0966
3.645
-8.3883
-1.2297
3.34
-10.413
1.3991
-2.1755
-6.4377
-10.944
16.044
1.1912
-26.885
2.2812
0.86622
-2.0586
0.61109
0.15447
-1.3684
0.84657
0.82725
0.024304
-0.19811
0.27676
-0.70785
0.060922
0.096595
-0.13867
0.03291
-0.33818
0.37306
4.653
1.2104
-5.3728
1.1282
-0.19935
-0.20978
0.02626
0.44182
-1.4778
-0.024649
0.38658
0.10399
0.11445
0.40024
-0.89921
0.34107
0.11416
0.10374
0.19345
0.0026779
0.0030881
0.028768
-0.018559
-0.0061378
-0.15615
0.011141
0.13317
-0.16783
0.059875
0.030381
0.0135
0.095081
-0.16919
-0.051325
0.053534
-0.049695
0.089677
-0.068023
-0.0037947
-0.3437
0.0058956
0.47735
-1.3165
1.1534
0.10892
-0.53778
3.5277
16.74
-9.895
-10.794
6.1503
-4.9538
-2.1877
1.0936
-2.2806
-4.7045
-9.5887
3.8921
-4.3906
-0.5176
-2.1256
-13.639
24.311
-34.574
4.0337
0.64284
-1.3905
0.30964
-0.50309
0.69495
0.51033
0.28341
-0.08148
-0.2787
-0.014739
0.04582
0.2952
0.012137
-0.15882
-0.037841
-0.127
-0.1538
3.1268
2.0201
-0.22207
-0.79848
-0.032223
0.24422
0.16096
-0.36025
-0.10114
0.14136
0.12452
-0.015176
0.56656
-0.48803
-0.14532
0.021036
-0.3017
0.11818
0.68366
0.014079
0.016454
-0.062623
0.0048115
-0.023452
-0.058333
0.14725
-0.28806
-0.076242
0.014863
0.18602
-0.20212
-0.054249
-0.080606
-0.12361
0.1305
-0.084109
0.07125
-0.075506
-0.15742
-0.19944
-0.20247
0.52389
-1.1795
0.84497
0.40451
-1.2116
1.7879
13.578
-8.0189
-5.5546
-7.061
0.56308
0.042159
-8.2019
1.7905
-1.9086
-5.1419
-0.087111
-6.744
3.7862
0.38253
0.040392
-1.336
0.98048
0.9625
-1.2544
-2.84
0.51724
1.6428
0.7559
-0.23413
-0.019214
0.15701
-0.22436
0.32806
-0.11608
-0.17429
-0.069404
0.078498
0.080218
-0.23116
-0.026498
2.7036
-6.9216
-0.23653
-0.18618
-0.11163
-0.56633
0.32681
-0.044132
-0.58467
0.077508
-0.10398
0.19842
0.11234
0.26696
0.10441
0.10623
0.37379
-0.44591
-0.26014
0.8919
-0.083046
-0.092197
-0.020383
-0.15391
0.072492
-0.095921
0.20503
0.088353
-0.027385
0.048989
0.063946
-0.1425
0.086378
-0.071188
-0.060229
0.058599
-0.040245
-0.049687
0.67117
-0.3818
-0.62286
1.0139
-0.81482
0.50783
-0.23367
-0.82615
2.2087
3.2576
11.965
-23.108
-0.74383
4.1419
17.284
-17.978
-2.5276
5.8136
2.6107
-2.1902
0.86195
-2.9645
-14.362
-4.6071
10.624
7.5376
-0.53124
0.58677
1.3343
-0.41675
-2.291
-1.6993
2.4265
-0.20031
-0.1221
-0.16499
-0.045347
-0.14382
0.026871
-0.051917
0.091826
-0.0050707
-0.2792
0.015874
3.1258
0.17998
-2.1681
-9.2437
2.4919
1.2124
-0.23695
0.03449
0.29278
-0.095643
0.0092364
-0.01477
-0.0086988
0.05567
-0.0018654
0.058942
-0.04686
0.12672
-0.053382
0.2115
-0.094773
0.049446
-0.046232
-0.021493
-0.047476
-0.076272
-0.02553
0.40725
-0.24928
0.12787
-0.11423
-0.09494
0.049579
0.18266
0.21637
0.060601
-0.05152
1.0437
-0.84649
-0.11231
-0.65581
0.0071385
0.16109
-0.3003
0.82178
-2.6098
0.62839
4.2658
7.802
3.7238
20.127
0.88162
-17.657
9.9177
-0.45243
-9.2493
1.7322
-11.936
-11.559
-12.273
-3.2745
7.9366
-7.8416
-14.912
5.2485
12.055
17.112
-25.947
0.051487
-3.4098
1.609
1.5629
1.2612
0.93458
-1.4744
2.3274
1.6239
-1.6012
-0.072573
1.7777
-0.030764
4.2839
13.1
-8.6694
-5.1415
-7.2325
5.0232
1.415
6.2793
1.1207
0.43195
0.67157
0.85022
0.036703
-1.6045
-1.088
-0.62269
-0.0085215
-1.2157
0.54009
-0.41582
-0.33381
0.25533
-0.14214
0.03868
-0.06806
-0.046275
-0.012785
-0.0048736
0.7629
-0.90893
-0.030773
-0.17041
-0.073939
-0.051564
0.084753
-0.018835
-0.027871
0.018908
-0.16693
0.0013139
0.071086
0.20531
-0.12031
-0.041505
-0.16092
0.46707
0.071694
-0.89768
-0.21493
3.6258
2.9556
2.2477
-7.1728
0.061635
1.0723
10.543
0.94991
1.7625
3.3383
-13.268
-5.4052
0.62955
-3.1852
-5.9492
-2.0643
11.789
-13.725
13.98
1.8638
1.9371
0.14595
-6.2921
-2.6403
-2.0687
0.74087
0.78626
-0.033054
0.32389
0.34001
0.20435
-0.5095
-0.55161
0.70415
-0.52644
-0.50932
0.4245
0.080857
8.103
4.8873
-5.8833
-8.6084
12.922
0.62932
0.60504
0.22383
0.2168
-0.2058
0.39321
-0.37251
0.089238
-0.082435
-0.12208
0.027533
-0.11773
0.11494
0.21628
-0.08252
-0.086332
0.0063754
0.061242
-0.19325
-0.091826
-0.09053
-0.64997
0.51279
-2.0765
-0.22607
-0.21423
-0.16169
0.033567
-0.02308
0.044849
0.055769
-0.060423
0.03381
0.021095
-0.15289
0.013449
0.1699
-0.34468
0.07651
0.098678
0.069574
0.10172
-0.30214
-0.12403
0.19594
-0.24475
1.1693
7.2699
-6.7081
-0.0096541
5.5021
-7.292
-0.28921
7.3311
5.636
-2.97
-3.066
-4.9379
6.1295
-8.5487
-27.924
19.43
-2.2701
-11.54
13.229
5.9721
1.7802
-6.07
5.4805
-2.3572
0.11757
1.938
0.43291
0.43306
0.90316
-0.66257
-0.024464
-2.8415
0.063419
0.21872
0.20588
-0.73783
0.66588
9.9814
6.7975
-12.932
-4.6114
2.797
-2.2135
7.5851
1.6653
0.73522
0.21144
-1.8652
-1.486
0.27784
-2.4518
-1.2363
0.36795
-0.16345
0.11435
0.0013122
0.18577
0.032518
-0.068992
-0.071234
0.23478
-0.34886
0.21796
0.7947
0.0023657
-0.5532
0.2363
-0.030212
-0.061483
0.064395
-0.11673
0.11086
-0.074701
0.061491
-0.042163
-0.13516
-0.013126
0.40865
-0.19739
0.074845
0.32321
0.34189
-0.45013
-0.37688
0.064002
0.55578
1.1468
2.5121
-1.1311
-9.5122
6.5847
7.0125
0.42741
-1.0182
1.4905
5.5423
-8.0852
-11.961
-7.6437
-4.7933
-4.4363
13.089
-2.4594
1.8875
11.502
9.1236
1.5434
-2.1689
-3.9822
-4.0769
0.64375
3.4258
1.543
1.0986
1.21
1.4813
-5.5606
-2.4007
-1.7668
-2.3156
-3.3731
3.6906
9.1331
4.5133
-7.1834
-6.9686
-2.2422
-0.061654
3.3347
-0.62446
1.1994
0.16522
0.51398
-0.18695
0.44618
-0.98296
-0.945
0.79269
0.34505
-0.075928
0.074668
0.21144
-0.066015
0.076342
-0.14426
0.1032
-0.093029
-0.057818
-0.021451
1.2868
-6.8644
5.3675
0.98564
-0.10393
0.098227
-0.062606
0.027147
-0.052188
0.0020075
-0.0019306
-0.027412
0.040745
0.051431
0.15438
-0.34266
0.16933
-0.24235
0.11932
-0.3731
-0.34454
-0.43373
0.40472
0.8311
-1.9458
7.7349
-1.0955
0.1117
-2.2086
5.7152
-0.48036
-3.8173
3.072
0.71878
2.3305
7.8429
7.25
-9.9142
-27.44
-7.1934
17.364
4.2551
7.8889
1.7214
-1.2527
6.7823
-6.64
1.5561
1.7142
0.68265
0.91819
-0.14418
-0.23976
-2.2846
-1.5838
1.724
-1.1724
0.16767
0.19868
-1.9993
9.7053
5.6926
-10.095
-9.686
-2.9219
7.1638
-2.6162
0.058966
1.4491
0.27306
0.66255
-0.60162
0.18427
-1.4757
-1.7576
-0.19811
0.72651
-1.1604
1.327
0.26802
-0.055876
-0.063172
-0.1513
-0.1451
-0.0045141
0.32742
0.32449
-0.11145
-0.26513
-0.10794
-0.023069
0.089327
0.036231
0.021372
0.045533
-0.041123
-0.18619
0.17236
-0.088696
-0.095827
0.4908
-0.496
0.12916
-0.41573
0.19048
-0.17429
0.074811
0.32634
-0.45988
1.6624
-1.9333
4.6074
5.3755
-8.4288
2.4054
7.6682
-8.937
2.2635
1.4222
-0.21934
-4.659
1.6987
3.0933
-11.524
-9.1647
-0.92982
19.42
4.5303
21.099
3.963
-5.5574
-6.8461
1.1239
-4.2842
0.76905
2.3899
0.78452
1.0477
4.2186
-7.4786
-1.1913
-4.642
4.6875
-1.2044
-1.3854
1.9684
12.149
1.6416
-9.6836
-7.7239
3.0424
2.377
1.7541
1.8398
1.0478
1.4788
0.20605
1.1168
-0.32224
-0.41197
-1.5909
-1.222
1.3667
-0.12506
-0.42619
-0.016095
0.14529
-0.023386
0.015512
0.011101
-0.0023204
-0.15477
0.78796
1.56
-1.7409
-2.0854
0.41855
0.08121
-0.021433
-0.04091
0.13477
-0.064601
0.073718
0.015808
0.063178
-0.048301
-0.12232
-0.041606
0.22517
-0.30745
0.015601
0.11574
0.10703
-0.20352
-0.20594
0.53053
-0.12445
0.90941
11.823
8.3332
-4.9291
1.4173
8.7031
-3.4411
3.6861
-7.607
7.7225
-11.674
4.7826
-12.418
-22.944
-7.5001
-8.0925
14.672
-3.9148
5.269
2.3036
0.038685
-1.7317
-1.0632
-2.1171
1.7162
1.4077
1.4927
3.6207
-2.4247
-3.4136
-0.91722
-0.57251
-0.73977
0.96967
-3.6177
0.48095
11.562
4.2595
-12.21
-2.9977
2.0717
-1.1329
9.3037
2.0115
0.94443
1.155
0.59357
-0.083942
-1.4878
0.52277
0.3901
0.80574
0.081344
0.067428
0.24482
-0.22911
-0.02257
0.013136
-0.098765
0.16047
-0.15867
0.068374
2.7351
3.0513
1.9949
-12.796
1.9701
0.69013
0.29977
0.20579
-0.076416
0.023272
0.06065
0.042153
-0.1336
-0.046633
-0.031179
0.083557
0.035369
-0.11178
0.017962
0.026354
-0.26648
0.19031
-0.20496
0.064955
1.7801
8.1587
12.826
-5.758
8.0843
11.259
-12.364
-4.283
2.8655
-4.2989
-4.0752
8.1485
-25.292
6.2326
-6.5684
-11.161
-14.74
-2.0442
12.845
4.3278
21.191
11.653
-1.9507
4.285
-3.3308
0.30246
-0.52619
2.6131
0.75755
4.798
-1.9397
-3.7913
0.37886
0.59002
-3.3916
4.9504
-5.0434
-0.5881
3.8689
1.6909
10.981
-10.639
-13.092
5.2713
-5.2117
3.624
3.2718
3.6045
2.005
0.5707
1.343
0.010849
-1.729
-1.8689
1.0061
0.68666
-0.044231
0.35703
-0.081226
-0.12827
0.059234
0.040771
-0.078911
0.082879
-0.21934
0.27716
-0.17117
-0.031893
-0.42944
3.1975
-2.2247
-0.9108
0.70342
0.17114
0.16497
0.076104
-0.02643
0.079548
-0.073489
0.12831
-0.017283
-0.094272
0.051623
-0.29806
0.38278
-0.45054
0.20713
0.22407
-0.13909
-0.20374
0.35043
0.036546
-0.25384
0.76954
-1.8739
6.8728
8.2491
1.2752
-7.6702
7.5894
-1.9143
-3.059
4.0919
-6.7697
3.7934
3.6337
-3.9441
3.8785
-15.954
-13.032
-27.798
7.3521
-2.7322
3.4292
2.0204
17.862
3.8857
-2.7653
1.1772
-1.929
-1.3436
1.6017
1.3324
1.0987
1.4629
3.072
-1.3927
5.5174
-2.3706
-1.7813
-1.8384
0.85173
8.3526
8.3525
-10.318
-8.1059
4.5667
0.11214
-5.2622
0.23591
0.86285
0.97287
0.44887
1.8962
-2.4753
-0.00075523
0.86993
-0.71755
1.3556
0.39501
-0.054574
-0.46044
0.25474
-0.024195
-0.035245
0.050706
-0.065724
-0.26862
-0.16121
0.93612
-0.18105
0.14742
0.69682
-0.14493
-0.19835
0.10722
0.011033
-0.023972
0.10033
-0.05003
0.031056
-0.17144
0.006966
0.44208
-0.31208
0.12363
-0.080016
0.10599
0.01899
0.24377
0.10378
0.11536
0.89894
-0.66049
9.5935
3.1286
0.71789
4.8078
5.0306
4.7776
12.015
-15.174
2.3565
-13.912
-7.8082
-9.282
8.8467
-1.558
13.629
-18.511
0.57714
16.646
1.7474
-1.08
-5.882
-0.57661
-1.4936
1.3011
1.3092
0.69561
1.3129
1.996
2.7485
-4.5741
3.8284
-0.0060692
-3.7656
-1.4577
2.483
6.2346
6.5189
-5.2588
2.0624
2.138
1.6207
0.62568
-0.45857
1.0466
-0.90708
-0.54096
0.20657
0.91028
-0.13837
0.16222
0.10029
-0.017704
-0.061551
0.11377
0.10285
-0.1377
0.069734
0.018605
-0.15211
-0.047436
-0.08188
2.2378
2.1089
-3.9297
3.24
0.74835
0.35086
0.027034
0.038948
0.11588
-0.12448
0.20483
-0.025228
0.006141
-0.042494
-0.016423
0.065489
0.036599
0.0072964
-0.038211
-0.41603
0.015765
0.68115
0.65008
6.6996
12.506
5.1591
-3.2592
-1.6458
9.9033
10.434
-6.1879
1.9225
11.115
-8.4956
-8.0594
0.98437
-14.733
-20.012
-2.095
7.5535
-13.345
-0.016932
12.525
27.746
12.69
-8.7526
5.8154
-6.3269
3.3266
0.073546
1.0209
4.4783
-0.59982
-5.3764
1.4397
0.12909
-2.5151
-0.31108
-1.2331
-4.303
4.2005
15.613
-2.5023
-8.0139
-5.106
5.7097
-9.677
5.1378
0.96789
0.87812
-0.068907
1.1186
-3.3432
0.51822
0.68917
0.61447
-0.5813
0.21707
-0.013955
0.015195
0.0074982
0.10045
0.060274
-0.062423
-0.20006
-0.024821
-0.047312
2.7951
-2.2136
0.019847
1.0328
-0.17189
0.053821
0.12608
-0.022825
0.02165
-0.014161
0.037542
0.096105
-0.1517
-0.017432
-0.13939
-0.38705
-0.10967
0.093235
0.15861
-0.38885
-0.19633
2.6304
13.381
-3.1096
2.0278
3.8554
12.22
-9.2936
4.2819
10.846
-23.731
10.619
-15.791
4.5362
-11.896
-9.9104
-6.7189
-24.092
21.445
-6.1514
15.432
6.0109
22.563
3.1289
-10.924
10.29
-9.6321
2.0534
3.0615
1.7344
2.1656
-3.7628
-1.5943
-1.1803
2.9422
-3.3907
-0.23424
4.317
-1.5422
10.965
3.7871
-1.9279
13.756
0.53356
1.7185
0.53316
0.70909
1.8583
-2.4454
0.012416
1.1073
-0.703
1.1167
0.40242
-0.55811
0.039432
0.22206
-0.3145
0.22517
-0.080212
-0.17128
0.27353
-0.15868
-0.17901
-0.21897
1.0238
-0.33214
-1.6595
0.43224
0.25243
0.10711
0.011989
0.038241
-0.094074
0.10315
0.027789
-0.12722
-0.057736
-0.0097998
-0.15553
0.44009
-0.55573
-0.16025
-0.61692
0.0072027
0.27972
1.4094
1.1992
7.4141
9.347
1.8145
11.74
-12.215
2.3132
2.1598
-10.606
10.779
-25.934
6.0041
-12.115
-8.6864
-23.24
-14.356
22.93
-24.552
19.37
-4.4585
19.129
-9.0765
-1.6812
2.4464
-1.8638
1.7136
3.3901
-1.6794
-1.438
4.1791
-2.4733
-3.5116
3.0982
7.8239
-1.2135
15.515
-11.143
-9.3737
0.45069
-4.3683
5.1924
5.9277
4.5167
1.6062
0.46755
0.3056
0.34113
0.3413
0.40593
-0.25263
-0.15024
-0.2157
0.13965
0.025804
-0.044361
0.12658
0.22935
-0.072203
0.10415
-0.13706
-0.327
0.16258
0.082186
-0.66977
-0.3513
-0.16189
0.041511
0.097441
0.069334
-0.23954
-0.077763
0.020994
0.11827
-0.0015228
0.14389
0.090623
-0.0090887
-0.54652
0.37649
0.072486
0.71924
-1.4015
1.016
2.4989
7.8843
-3.7774
4.9403
0.31293
-7.4941
4.6045
-6.6847
-1.5873
1.1861
5.3462
-6.9446
-1.1554
-4.5581
-2.6867
-2.0556
-2.7463
-9.2635
-7.5875
-0.30972
6.6052
24.418
3.9106
-5.1229
1.23
1.1973
0.17723
1.1137
-0.016704
1.6588
-0.085084
-1.9669
1.832
1.5065
-3.6219
0.039843
3.872
4.4738
10.919
-6.1759
-9.458
-3.2769
-0.21815
5.7517
2.1784
1.0303
0.21221
0.015994
0.14386
0.40411
-0.1261
0.01062
0.18934
0.074819
-0.10075
0.063759
-0.22482
-0.085332
0.2582
-0.028841
-0.017343
0.11493
-0.11325
0.16834
0.4845
-0.58111
-0.113
-0.097669
0.033528
0.015161
-0.045823
0.014323
-0.029923
0.025472
-0.040121
0.13968
0.068112
-0.18136
0.1457
-0.11233
0.22229
0.27507
0.27214
0.35413
-0.55087
1.0357
0.78716
3.0454
15.175
-16.215
7.6522
-6.6058
-1.0122
-3.0695
-4.0641
6.808
4.8576
-2.2581
-2.1373
-8.4803
-1.2189
-1.5521
-3.3004
1.219
-6.7439
-7.5392
6.4488
10.524
5.136
1.2442
-2.0851
0.33857
0.013071
0.053188
-0.055886
0.61133
0.88455
0.44536
-0.4648
-1.9325
0.62376
2.2613
-2.4028
2.9623
1.9431
11.799
-1.7134
-9.349
-11.026
2.2456
8.1404
1.1747
0.46772
-0.36564
-0.045512
0.035906
-0.033592
0.19109
0.16768
0.18533
-0.09216
0.032412
-0.0044462
-0.086708
-0.00053625
-0.11348
-0.13547
0.14416
-0.040177
0.057322
0.1696
0.78313
-0.90548
-0.15464
-0.028139
-0.28356
0.27254
-0.33304
0.013118
-0.039144
-0.027303
-0.43549
0.52052
0.063168
0.062719
-0.1715
0.40979
-0.059617
0.077563
0.26188
0.90816
-0.59954
0.063414
2.6705
6.0879
16.46
7.2722
5.7029
0.77957
-0.085313
0.44113
-2.8955
-5.1293
-6.9892
0.62929
-1.882
-10.069
-3.0267
7.816
-2.1457
-0.48852
3.2355
0.21584
1.258
-1.6509
-0.84552
-0.059655
0.17257
-0.15148
0.14993
0.8675
1.7752
1.5599
-2.285
-1.6734
2.0797
0.26652
-3.1669
4.2017
-0.13219
9.5509
0.26484
-9.3772
-8.1238
1.139
8.748
1.4065
0.98313
-0.031655
-0.038479
0.17062
-0.094311
-0.24015
-0.28316
0.16584
-0.21168
0.11791
-0.13616
0.061736
0.065431
0.22254
-0.17387
-0.052806
-0.1138
-0.034029
-0.10285
-0.19038
1.3295
-1.0931
-0.21576
-0.12504
0.16786
-0.12386
-0.033397
0.0059536
-0.0022841
-0.1205
-0.091529
0.10447
-0.090692
-0.016116
0.10465
0.121
0.088689
-0.22459
0.2469
0.59367
0.5941
0.58767
1.2126
3.813
16.092
16.232
-4.5643
-4.4425
10.226
4.3774
4.514
-4.6851
6.6965
2.3405
-4.531
-3.6305
-2.0901
-16.099
1.97
7.1204
13.861
5.0902
1.9223
0.43445
0.71204
0.32226
-4.249
0.667
0.96842
0.3116
0.21492
0.39495
1.0087
1.0907
-1.9573
-0.84141
1.5211
-1.5844
-0.53182
1.5717
0.11764
7.9039
3.7534
-9.3637
-14.543
1.4667
1.1766
1.2962
0.23725
0.04264
-0.22827
0.17031
0.34903
-0.29774
0.3326
0.11784
-0.050839
0.062433
0.039258
-0.14407
0.015748
0.095344
-0.12439
0.0049717
0.051154
-0.095246
0.028826
-0.26665
0.19702
-0.92575
0.14233
-0.05616
-0.23501
-0.10638
0.018774
-0.1959
0.36509
-0.15577
-0.21572
0.1641
0.10869
-0.14774
-0.0020764
0.28172
-0.025579
-0.56643
0.3699
0.24144
-0.9178
1.7906
2.6875
17.496
1.362
-5.1235
3.7453
-6.3556
7.2951
-11.127
7.8989
-3.8673
0.79589
-5.7257
-2.3165
-0.64789
-6.9075
0.26096
-2.022
-1.5142
-12.967
9.5848
9.3474
4.9558
2.8661
-0.81515
2.5487
1.5517
-6.3361
1.7023
0.35075
0.61699
0.32133
0.80257
0.26173
1.448
-0.011118
-3.609
0.37308
1.8868
-1.8917
-0.20386
2.2766
2.5337
7.7448
-8.7205
-15.641
-2.7372
2.9163
0.54147
1.1723
-0.026561
-0.40757
0.091848
0.53031
-0.45412
0.42983
0.014824
0.082553
-0.10479
-0.060708
0.066235
-0.21578
0.090636
-0.0067523
0.20855
-0.16499
0.021006
-0.10168
-0.11831
-0.0085668
-0.073233
0.58152
-0.28817
0.58338
-0.094208
-0.075517
0.021362
0.015183
-0.045778
-0.0066281
0.2658
0.17491
-0.16141
0.46677
-0.20743
-0.43308
0.18159
0.22332
1.0058
-1.627
0.81123
1.394
12.484
21.976
-18.454
11.232
-7.778
-0.97155
13.572
-17.66
4.7577
-4.3435
-5.433
0.051876
-6.3979
-1.1074
-3.3753
-1.2937
-3.121
0.16959
9.8272
3.4861
1.6416
1.873
-1.6824
-4.3618
1.2758
0.25565
0.025189
0.45833
0.23798
-0.47352
-0.84524
-0.21016
-0.30848
0.11672
0.67376
0.96348
0.96653
6.4707
-4.905
-17.198
-1.8709
7.1177
0.022477
0.48404
0.43308
0.25796
0.49017
0.060146
-0.62324
-0.084006
0.026652
0.35113
-0.056664
-0.21933
-0.21349
0.16052
0.039653
-0.17978
0.023155
0.051262
-0.01382
0.16396
0.79548
0.61233
0.58255
-0.37298
-0.30451
0.16993
-0.74229
0.52149
0.063905
-0.20544
0.061219
-0.0044294
-0.049033
0.11272
-0.46957
0.14283
-0.0014987
0.91063
0.17933
1.074
12.143
16.85
-11.957
4.7902
-14.728
6.5949
4.1964
-9.4066
4.6714
-6.5675
0.50389
-3.3881
-4.4606
-0.39997
-1.0058
-3.7053
-0.87839
0.30956
2.3
0.6934
2.1794
1.9821
-1.717
-5.3626
1.2648
0.63839
0.26243
-0.048343
1.1544
-0.38307
-0.94733
-0.31909
-0.22197
-0.4299
0.61527
1.1982
1.1713
4.9833
1.2441
-18.772
-6.7354
9.3425
-0.060223
0.10021
0.66083
-0.059161
0.11775
0.95449
-0.62993
0.29127
0.29346
0.18927
-0.0074662
0.066371
-0.13566
-0.025945
-0.003275
0.18095
0.037738
-0.11074
0.038161
0.016368
-0.074718
-0.11639
-0.21777
1.1373
1.388
0.86577
2.2984
-1.9622
0.17934
-1.8809
0.42492
-0.025212
-0.064288
0.023211
-0.22335
-0.017228
0.20353
-0.12112
0.082103
-0.30045
-1.7765
0.51366
0.44867
2.3501
20.811
-9.8076
0.64805
-11.168
4.2559
-6.4991
-4.028
-3.0601
-1.1973
-3.3895
-3.9408
-1.5606
-3.785
-1.7908
0.41995
-2.8362
-3.0095
9.5591
0.40528
-0.61156
-3.4505
0.9743
0.55667
0.7637
-0.022207
0.59336
-0.76525
-2.28
-0.30994
-0.76096
-2.6783
1.3999
1.6565
-0.35963
2.2707
2.2479
-7.6102
-12.719
6.198
-0.33774
-0.21002
1.3366
-0.13795
0.65583
-0.6484
-0.27862
0.0243
0.27757
0.14642
-0.072516
-0.12862
0.38625
0.10197
-0.10915
-0.13376
-0.00052261
-0.0071072
0.030713
-0.18066
2.4975
-5.838
1.5241
0.86511
-0.48009
0.21511
0.14129
-0.2865
0.41549
-0.41132
-0.21096
-0.032437
-0.16529
0.10018
-0.17011
-0.48155
0.51304
-1.5912
0.21728
0.81842
1.4513
24.256
-2.0849
-15.07
-8.4338
2.6335
-1.3517
-11.677
-12.398
6.9307
-4.0666
3.452
2.694
-5.1373
-1.6842
-2.08
0.26756
-3.3123
6.6517
2.4955
-0.98467
1.3246
0.84812
-2.755
0.89628
0.5718
-0.76506
-0.051152
-0.77436
1.0057
-1.0036
-0.71178
-1.8952
0.41772
1.0102
0.41824
3.9763
-6.8349
-4.4533
-8.6417
4.3042
1.3449
1.24
0.25772
0.81871
1.2641
-2.2397
0.18953
-0.62302
-1.5637
0.53433
-0.17862
0.21981
-1.0463
0.93035
-0.16677
0.0086758
0.0046958
-0.0041176
-0.14599
-0.093978
0.35281
0.54808
11.495
-26.996
-9.5096
18.142
-0.46094
1.502
-0.07671
0.069995
-0.50967
0.22834
0.012737
0.084398
-0.039324
-0.062233
-0.089286
0.073642
0.04172
0.1762
0.61335
-0.035966
-0.36764
1.0262
-0.79717
1.1523
0.31479
11.967
4.4174
-2.7093
9.302
5.8638
-15.128
10.131
-10.465
-0.8561
-5.3452
-3.2339
-3.272
-10.356
-8.8235
-20.743
16.467
11.306
-2.3517
0.14185
-6.8337
-1.0166
1.7249
1.8321
3.4884
2.5346
-3.0677
5.3223
-4.5633
3.6195
-2.583
-4.406
5.3442
1.2112
-1.3827
13.625
-9.6879
-11.594
-5.2541
0.59785
-5.5481
7.8606
0.38568
2.2968
0.64236
1.8437
-0.54571
-0.10271
-2.3098
-2.0381
0.94753
0.17169
-0.21793
-0.24842
0.072272
0.0052286
-0.088525
-0.11638
-0.079846
-0.04979
0.35907
1.4032
4.5986
-13.159
-0.47832
1.9444
-0.33804
0.80707
0.46144
-0.96029
0.23134
0.3039
-0.076347
0.17136
0.35335
-0.48198
0.023197
-0.35867
0.56319
-0.20073
-0.34381
0.70511
-0.43083
1.2478
3.5
10.507
7.1267
-10.776
-0.94678
1.5716
7.2215
-1.9625
-7.3472
6.9731
-2.133
-14.986
-8.794
-1.2525
-13.338
-13.218
8.463
-6.7817
-6.9653
13.323
-13.836
-6.1799
28.347
-28.574
11.4
-2.6895
-0.62719
3.6902
-3.3795
-1.1155
-4.1071
2.6139
-4.1635
2.1421
-1.4801
-4.5622
1.0338
0.26996
-0.75887
5.3678
4.3497
-8.3286
0.64286
-6.7821
2.7491
0.34173
-3.2919
7.4185
-5.9211
1.4887
1.9335
-1.0824
1.0254
-1.6127
0.28758
0.22388
0.026366
0.12131
-0.28174
-0.071526
-0.016086
-0.013851
0.0022145
7.8651
22.01
-8.8547
-31.35
1.1171
7.3055
-4.246
-0.17847
0.40518
0.77565
0.30893
-0.25313
-0.085341
-0.29699
-0.37705
0.35451
-0.21493
0.021716
-0.61492
-0.020252
-0.0017511
-0.18906
3.2398
8.1296
12.461
1.1254
-3.0271
5.2416
-2.6675
-1.2595
-7.0521
2.1248
3.0374
-4.8118
-14.039
2.2764
-13.451
3.9266
-5.2201
-14.331
-11.171
-24.561
0.9909
7.8321
3.97
1.893
-2.8223
0.10716
-1.4499
-0.10764
-2.5942
3.9114
-4.6022
-1.4762
2.8145
-4.288
5.4352
7.8637
-8.6195
-4.2187
-5.5328
-7.0588
-6.6481
3.0188
1.0147
2.1527
2.232
1.011
1.9322
-0.92694
0.16456
-2.1254
-0.52808
-0.67257
0.36985
0.20683
-0.050374
-0.067812
-0.020924
-0.26256
-0.039853
0.91425
0.74462
8.1543
15.242
-8.4338
17.984
-11.703
1.9865
-0.77865
0.65707
-0.80189
0.4605
0.26215
-0.41688
0.03654
-0.55131
-0.16938
0.15133
-0.25494
-0.0063316
0.092372
-0.2099
-1.1323
2.2218
6.5404
10.034
3.5203
-17.423
6.167
2.0538
-8.0648
1.7649
-2.0012
11.389
-3.4903
-3.3105
-9.3978
18.157
-21.081
-5.091
-2.3411
16.793
-13.497
8.8163
6.8849
-39.773
15.101
-5.4715
5.1384
-0.96778
3.1793
-5.2299
-2.494
-4.1802
3.779
-2.1994
9.4221
0.58127
-0.57856
11.973
-8.7644
-9.6303
0.51613
-7.6232
6.3992
-0.91604
3.2614
3.9074
1.3102
1.9073
0.089314
1.4005
-3.1377
1.4593
-1.8359
0.77726
0.52913
0.31855
0.08157
-0.17911
-0.055397
0.042741
0.28654
1.5419
10.995
10.9
-6.0451
15.507
-6.0852
4.2694
0.97811
-0.64902
0.050656
0.21044
-0.089949
-0.10593
0.040085
0.14042
-0.082179
0.17835
0.14376
-0.32872
0.15453
0.20972
-0.37588
0.082189
-0.15977
0.50366
-0.19208
1.4418
2.5319
8.1939
7.9715
4.1992
-17.793
3.6079
-14.854
-3.2037
10.039
-1.4937
-7.2725
-6.4559
2.4549
-7.6934
-1.4984
-10.458
-1.2774
17.671
-23.139
10.19
-26.51
0.20091
4.7048
4.0381
1.3835
1.8977
-2.9575
-4.8205
3.9587
-2.0031
-11.139
1.1933
-5.342
-5.6165
9.5845
-4.0822
5.6736
-2.071
11.65
-4.3249
-2.0094
-11.516
-6.8327
-0.71211
-1.6994
0.018404
6.2531
-1.1619
6.6733
1.2085
1.496
-1.6121
-1.577
0.88042
1.0348
0.047023
-0.22656
-0.22233
-0.090468
-0.18986
0.10766
-0.16358
-0.16137
-0.040671
-0.098203
-0.096305
0.26227
7.2107
22.962
-10.447
-0.80912
1.5362
-13.303
11.086
-6.47
2.4927
0.6849
-1.1949
0.26783
0.18545
0.022857
-0.060864
0.13489
-0.063333
0.185
-0.12317
-0.14948
-0.079784
0.21504
0.046384
0.20304
-0.019494
-2.1001
1.1234
0.94393
1.9507
7.5831
5.8335
5.5444
-10.357
6.9798
1.5201
-2.565
-0.57174
-22.646
-15.022
-17.092
10.049
-11.87
2.8306
0.66058
-0.23194
3.0627
-26.822
11.94
-3.2198
1.1513
6.6487
-6.1028
3.254
-3.2303
4.0923
-6.0799
1.4706
-1.2185
-3.2623
-4.4024
-3.2781
1.0241
2.0884
6.5171
-10.583
0.21763
-6.0555
-6.3741
-3.7344
3.7076
-2.3592
3.0207
-1.9758
5.706
-0.46028
0.070435
0.56776
-0.2297
0.52029
0.15169
0.12028
-0.017368
0.23498
-0.1094
-0.0067043
0.12778
-0.12974
0.35777
2.2314
14.428
-1.0518
-3.8276
-5.4533
4.5811
-1.9812
0.57631
1.9463
-1.0323
0.25097
-0.54549
0.35292
-0.12982
0.19186
-0.067015
0.27963
-0.12221
-0.051746
-0.15449
0.027421
0.059369
0.26486
-0.46227
0.4939
0.41718
0.4688
-0.32859
8.465
9.0118
7.0921
-0.91709
9.7301
-5.6069
-3.4047
-0.44254
0.31352
-13.379
-12.334
15.274
-7.6174
7.9483
-6.8103
8.3274
-20.212
12.686
-2.8367
2.382
7.4628
-10.142
6.6243
0.85553
0.01023
-2.329
0.13194
-1.9952
1.9741
-0.15082
0.15676
7.9522
-2.7384
-8.4528
-4.3832
-10.738
-2.7581
-2.3859
-1.5253
7.7036
0.35706
2.8859
2.0624
1.6442
-0.6948
-1.3177
-0.49909
0.71738
0.080965
0.0095604
0.51275
0.11766
0.14654
0.035595
-0.21804
0.092651
0.29257
2.5929
8.411
-33.337
3.1715
2.4434
-0.42927
1.069
-1.3699
0.98499
-0.19723
0.049037
-0.047281
-0.055828
0.02363
-0.035384
0.32345
-0.024118
-0.24614
0.13241
-0.19174
0.23166
-0.11874
0.60988
3.1035
9.7175
8.0234
-14.154
2.0005
11.217
-10.712
12.221
-7.6328
0.34166
-3.9301
-2.3857
-13.312
-9.3317
-12.328
-7.2888
-0.9673
0.010873
10.141
-2.4311
-1.4987
9.7733
-2.2935
0.39054
2.2676
3.029
-1.9224
-5.5473
-5.4362
-2.4308
4.0919
-4.2164
-1.0932
1.1499
-0.95269
3.0215
2.863
-8.22
-3.8897
-7.3974
-10.461
-2.6863
-0.83917
7.8886
-1.0636
1.6008
0.80867
3.0166
0.29162
-2.0469
-0.98397
-1.3341
-1.1305
1.5463
0.51389
0.024724
0.16544
-0.21478
0.058628
-0.12621
-0.19397
0.5513
0.46691
2.9175
-26.28
-22.487
20.238
0.70068
-0.91572
0.45352
0.11367
0.042873
-0.054327
-0.062723
-0.021651
-0.074373
0.046586
0.071078
-0.018551
-0.11944
0.27293
-0.090331
0.0085479
0.294
1.3642
2.1441
8.3486
12.062
-2.4091
-11.369
8.8329
-3.6583
-2.1131
4.0108
1.146
4.6361
-14.12
-9.4095
-8.3549
-17.731
-5.1961
0.77106
25.751
-21.242
-6.7638
27.668
28.019
18.48
-6.3909
1.3458
-0.42041
-0.32744
-1.8037
-2.4232
0.73702
-2.4406
-1.4602
-2.5764
1.8709
-1.41
-2.1411
-5.1751
-11.554
-5.2779
2.0112
-9.5314
4.2281
-0.69447
1.532
0.34402
1.6996
3.8971
0.80756
-2.1327
1.58
-1.8651
0.33219
0.38638
0.15548
0.043619
-0.018127
0.14603
-0.1054
0.024219
-0.20716
-0.16469
8.3095
22.088
-29.787
10.062
-9.4425
4.3432
-1.7202
0.6181
0.36293
-0.56036
-0.056357
0.31873
0.097096
0.09024
-0.001147
0.039508
0.3811
0.066502
-0.051969
0.20676
-0.031871
0.1309
-0.14837
0.24962
-1.4113
1.9057
0.14354
11.039
10.517
-10.583
-0.32405
-1.9672
-3.4424
-3.6425
-1.2079
-5.9001
-3.0868
-0.0012839
-10.832
4.2915
1.6701
1.4994
3.7546
-6.8613
-12.276
11.046
1.8133
-0.24159
4.6578
-3.2631
-3.5185
-1.6411
0.59379
2.8935
-2.906
4.8817
-3.4312
-4.8346
-2.3984
1.8262
0.1748
3.4866
-10.127
-9.0821
-5.8348
-6.108
2.6861
4.5165
5.2419
0.55952
2.4423
0.72901
0.0052559
-3.4992
-0.040744
-0.37536
1.0335
0.44693
-0.08905
0.27228
0.1421
-0.2141
-0.19098
-0.30883
0.18045
0.82408
9.5136
12.057
-11.743
17.445
-18.779
0.033464
0.14768
1.1933
-1.0757
0.028009
-0.042691
0.19264
-0.064932
0.052593
-0.0057948
0.058483
0.34959
-0.096005
-0.29618
0.072341
-0.065106
-0.069388
0.22142
-1.2367
2.9303
2.1357
8.3513
9.9723
-17.195
3.486
-2.0641
-7.2727
9.521
-6.3346
-2.0623
-9.1573
-6.695
3.6252
13.813
1.3596
-11.963
-4.2881
-3.9274
-20.214
11.724
-1.8187
-0.62658
5.0796
-2.0037
5.6354
-3.0608
-3.1647
0.8958
-0.089763
-1.713
-3.9067
-1.8731
-3.4658
4.9203
-1.9125
10.87
-3.7878
-3.413
-6.1558
-5.6469
0.10791
-4.5788
3.162
2.6096
2.8076
3.7685
2.006
0.90621
0.54862
-1.4892
-0.52504
-0.17395
0.77588
0.24599
-0.042078
-0.050573
0.016419
-0.051672
-0.025948
-0.12543
0.55905
6.9899
23.461
-15.387
-1.335
0.768
-1.3055
1.6088
0.39722
0.19467
-0.48761
0.26204
-0.074481
0.059942
-0.0037473
0.1314
0.8427
-0.62928
-0.1466
0.49258
0.86374
0.37063
-0.26417
-0.12186
0.75897
6.6062
22.066
-2.3556
8.2768
-11.572
-9.7005
-0.11635
-9.9744
-1.2014
-2.2994
2.6472
2.5594
4.4532
-20.227
-5.1376
-9.454
19.828
-0.74936
0.64196
-1.4303
1.3722
-1.0622
0.37027
0.59623
-0.33915
0.48286
-1.7399
-0.57177
-1.2247
0.44907
0.32847
0.23671
0.1723
-0.43946
0.39308
1.0819
5.575
-9.7333
-9.3455
-2.594
-0.67192
1.5935
-0.33621
-0.51027
-0.086926
1.5956
0.13784
-2.091
0.090593
-0.18042
-0.10523
0.50797
-0.026588
-0.067281
0.17503
0.11004
-0.2239
-0.054459
0.033421
-0.0069366
0.27491
1.1987
1.7429
6.9332
-30.813
9.348
-10.645
7.1603
2.3883
2.689
1.8207
0.72837
0.12432
-0.073618
0.19279
-0.093836
0.023902
0.018594
0.15494
-0.077707
-0.19264
0.21841
0.50413
-0.16047
-0.20155
0.026149
2.127
-23.925
6.6509
1.8951
-9.4744
5.213
-5.9586
-0.48627
4.4606
1.9662
-1.882
0.99464
-6.538
-13.918
6.0973
-11.931
-13.898
28.325
1.8227
-1.3201
0.43134
0.16295
0.62086
0.60369
0.8124
-0.0022578
-1.7671
-2.7764
2.3514
-0.17508
-0.26402
1.7461
0.50455
0.049029
0.23124
2.1927
6.2163
-9.7605
-9.3666
-3.9875
-0.63814
0.42603
-0.22634
-0.42331
-0.22626
0.72009
2.1336
-2.228
1.7774
0.47404
0.3926
-0.046798
0.1256
0.072266
-0.35444
-0.12664
-0.10322
0.032461
-0.083202
-0.12522
0.23683
1.81
3.8869
5.0805
-18.244
3.7161
0.16575
0.71632
0.27176
-0.15368
0.0096646
0.11432
0.015418
-0.026233
0.024625
0.0062528
-0.0039961
0.041477
0.3673
-0.5744
0.29595
0.62546
-0.53066
0.033766
-0.73619
2.1814
8.606
19.278
14.43
-2.0347
5.7256
-12.806
-5.9698
-6.1317
-7.8688
-0.049028
-0.47318
-2.9758
2.0217
-17.692
0.080873
-26.695
6.1342
-18.762
-0.27505
6.3799
-10.06
2.3786
0.55192
2.0239
-0.33131
1.4276
-0.072502
-1.0952
-1.2831
1.8443
-0.53223
-0.26437
0.033155
2.649
-2.2208
0.68588
10.061
-7.5581
-10.503
-15.309
-4.5091
6.144
2.3549
-0.58512
-0.34407
0.83848
2.2638
0.37315
1.0026
-0.55162
-0.039624
0.069413
0.11105
0.51747
-0.083775
0.12491
-0.076102
0.062233
-0.063295
0.018673
-0.34026
-0.18431
2.1695
-2.9549
-13.25
8.5593
-0.061892
0.042613
0.070303
-0.019587
-0.11634
-0.069228
-0.055658
-0.067614
-0.022508
0.0095471
-0.052167
0.024701
0.34685
-0.50892
-0.14314
0.67964
-0.81374
1.0419
-0.60715
-0.45932
14.766
14.243
-0.23076
-12.664
5.6396
-4.71
2.6787
-4.9991
-3.6336
0.75396
-2.1677
-1.9779
-1.9986
-8.535
-0.080442
-19.28
-6.1935
25.356
-11.652
-5.7409
5.521
7.2365
0.49098
-0.39448
6.5061
-1.0126
-0.86062
1.0614
1.6022
-0.18124
-3.0959
4.2396
2.1635
-3.7503
1.4657
1.8572
-4.8246
-12.469
-10.119
-8
8.8279
4.7785
8.3534
-0.48687
-0.17389
0.55657
2.4192
-1.2345
-0.42552
-1.6145
-0.074515
1.0806
0.10928
0.43512
0.4374
0.21814
-0.26598
-0.074188
0.0019106
-0.0023546
-0.1752
-0.18604
1.821
0.20345
-2.5051
-1.2226
1.6355
-0.11815
0.039452
-0.051897
0.022067
-0.071622
-0.060947
-0.034682
0.073225
0.0033855
-0.02342
0.15211
-0.094106
-0.13576
0.74558
-1.554
0.063138
1.2503
1.0186
15.47
13.892
7.5323
7.0166
-8.0878
-5.6042
-7.2635
-0.23213
-8.395
-8.106
14.084
4.6255
5.042
6.176
-11.622
-4.6012
-4.3893
-24.802
5.7557
17.078
15.918
-20.357
0.37448
-1.6066
4.4899
4.4892
1.424
-0.080214
-2.7614
-2.5941
-2.5667
-0.6701
-2.1936
4.0309
-1.3037
-0.39196
1.131
-0.10651
3.2368
-5.9754
-16.09
2.0907
2.0523
0.95785
0.050634
-0.16667
1.4409
1.1422
1.3357
-1.0241
-0.62331
0.38808
-1.3711
-0.21301
0.3949
-0.37773
0.81099
-0.85966
0.7084
-0.021965
-0.06553
-0.019994
0.030576
-0.12277
0.36408
-0.028626
0.016048
-0.071348
0.047804
0.17805
-0.16198
-0.065967
0.065225
-0.16766
-0.012197
-0.012239
-0.080961
0.076116
0.0065204
-0.60049
-0.73635
-0.3418
0.81693
-0.54387
-1.6761
2.0052
-1.1577
4.0537
13.942
15.088
-3.6638
6.6715
-12.126
4.5497
-7.2939
0.21061
-2.5332
-6.0628
1.7629
-9.675
3.6313
1.7152
3.5417
-2.9577
-35.676
11.923
11.606
17.401
-16.464
5.6971
5.5358
2.3534
1.0022
3.0191
3.119
-8.6198
1.0835
-1.0385
-2.7409
4.0751
0.85525
1.478
0.46949
-0.025552
3.5105
1.7535
-11.733
-4.6173
-3.6579
2.4981
0.17559
-0.42724
1.3293
2.0561
-0.51079
-0.77965
-0.054466
-0.18448
0.053899
0.35569
1.0558
-0.50573
-0.36407
-0.80236
-0.25911
-0.086723
0.078269
0.074593
-0.11688
-0.056173
0.17378
0.042615
-0.024866
0.046985
0.059405
-0.22669
0.10978
0.061107
-0.19705
0.014804
0.025339
0.029517
-0.057487
0.046551
0.22684
-0.20102
-0.56975
-0.23391
1.4074
-0.92621
-1.5846
1.6232
-0.89673
3.123
12.922
23.937
-1.4964
-3.4658
0.4214
2.3359
-6.8896
3.2355
-3.274
-9.2435
-4.2811
4.221
4.5603
-4.3452
-13.482
15.081
-23.157
6.2547
-3.3237
-3.714
9.4946
5.1441
1.9533
0.5886
2.7229
4.2637
-5.2908
-1.4263
1.4068
-5.7949
5.2432
-1.095
0.5883
1.1517
-0.34349
4.2984
2.5897
-7.65
-13.952
-1.8283
1.4676
0.45723
-0.28139
-0.68552
2.2216
1.0466
-0.66493
-0.36201
0.1057
-0.50421
0.39117
0.2389
-0.59817
-0.12435
-0.50296
-0.23984
-0.066152
0.073223
0.38209
0.0437
0.034555
-0.13621
0.053327
-0.058629
-0.15288
0.11744
-0.0030063
0.090874
0.030157
0.046703
-0.1012
0.10452
-0.14044
-0.058745
-0.041571
-0.054693
0.004971
0.084385
0.040643
-0.096037
-0.12992
0.22732
-0.79962
1.4561
-1.6823
-0.34753
1.257
-0.32277
3.0506
12.967
25.587
-0.21442
-4.1381
-0.49901
-7.5059
0.94853
-2.0955
-5.2989
0.80707
2.0737
-3.5359
-17.297
-11.709
7.6946
5.4009
-12.793
6.1646
20.335
-1.5374
-7.0635
-2.6424
9.5616
4.4928
2.3871
2.7401
3.8564
-1.8711
-6.1015
-4.7891
2.1718
-5.4478
3.5517
1.6073
0.58127
0.64017
3.171
3.6129
-1.8909
-16.596
4.2855
0.34167
1.1661
0.11952
-0.42865
1.3562
2.5487
-0.32384
-1.0174
0.0045753
-0.56298
0.6747
-0.19886
-0.27776
0.89034
0.082914
-0.10825
-0.64948
-0.41816
-0.40365
1.0142
0.25627
0.25955
-0.037131
0.068287
0.082327
0.11895
0.119
0.095075
0.37392
-0.12363
-0.10917
-0.10906
-0.038154
0.032069
0.16368
0.16392
-0.1483
0.044103
-0.0051558
-0.0023512
-0.038394
0.88012
-0.5472
-0.31015
-0.46458
1.6209
-1.4365
0.11614
-0.049141
1.3825
3.9846
18.365
20.071
4.1539
-1.9649
-8.784
3.1952
-9.258
3.1108
2.4189
0.80577
-2.2437
-5.7467
0.91067
-2.1034
3.8703
-21.109
-19.516
-12.658
-5.2098
-1.1753
6.8354
21.012
-13.414
5.6427
5.9554
1.6272
0.26405
0.096034
-0.10755
-0.062342
0.23492
-0.0006424
0.13615
0.046589
0.49062
-0.69536
0.2108
-0.22168
-0.43893
1.2547
2.5618
-3.5927
-3.7537
-2.3224
0.65476
0.17485
-0.47331
-0.020028
-0.23156
0.39692
0.51778
-0.44063
0.47726
0.012315
0.24144
0.43372
-0.24269
0.13742
-0.33616
-0.26262
0.55778
0.10758
0.16515
-0.094886
0.081958
-0.024938
-0.034093
-0.12582
-0.18224
-0.31112
-0.03669
0.20082
-0.19162
-0.17
0.10183
-0.047966
0.068761
0.017941
-0.021122
-0.029757
-0.023195
-0.027043
-0.059177
0.02385
0.058206
-0.9852
0.034545
-0.38916
0.27043
0.37086
-0.38694
-0.6347
-0.024192
0.35679
1.1681
14.716
-4.0432
-9.5082
10.741
-15.494
-6.4069
1.2845
-6.4922
-9.1914
-2.0847
0.8233
0.61555
0.9434
-2.0321
-21.216
-10.539
-7.2593
-5.5359
-0.93712
-9.1047
17.454
3.6913
-4.5036
0.35888
0.77365
-0.45229
0.21254
-0.42574
0.010006
0.35192
0.72356
-0.17357
0.23415
0.12028
0.081397
-0.10446
-0.35879
0.19587
3.1692
-1.7091
-9.171
1.6476
0.31574
0.6087
-0.21212
0.21402
-0.12147
0.015935
0.90756
-1.016
0.41216
0.22306
0.012346
0.023147
0.26497
0.28602
0.1139
-0.01373
0.23823
0.089888
0.051837
-0.062538
-0.015927
0.0042203
0.074571
-0.015475
-0.31877
-0.048989
0.11646
0.10426
-0.11065
-0.12226
0.048094
-0.0039614
-0.022025
-0.070558
0.014345
-0.17724
0.11963
-0.028587
-0.0074841
0.031513
0.035336
-0.65989
-0.10661
-0.3338
-0.022768
-0.24986
-0.2761
-0.22104
-0.78619
1.3474
1.2375
12.397
-13.791
-14.929
19.654
-8.5357
1.3096
-2.4718
-0.77396
-2.102
0.61133
-6.2797
6.0365
2.23
1.1301
-22.56
-14.926
-8.5776
-11.653
-5.9565
9.7422
5.288
12.558
-10.431
2.9333
0.97958
-0.61009
0.36151
-0.28436
0.24534
0.1191
0.095525
0.025017
-0.046309
0.23184
0.075567
-0.18208
-0.31322
0.013416
-0.036991
2.0823
-0.70829
-5.6185
0.7385
1.7231
0.40389
-0.45872
-0.090989
-0.29137
0.068161
0.3988
-0.53635
0.29888
0.046694
-0.16652
0.084141
0.030954
0.17229
-0.36978
0.076131
0.19897
0.1063
0.092795
0.045968
-0.11837
0.036664
-0.056458
0.0061055
-0.085221
0.039307
0.30729
-0.12358
0.24911
-0.10673
0.0085548
-0.081797
0.10882
0.042252
0.0092152
-0.1061
0.051273
0.10349
-0.0090541
0.020431
-0.02888
-0.12371
-0.2223
-0.14042
-0.37555
0.21478
-0.21897
0.33942
-0.94618
0.38643
2.249
8.5641
-10.933
-3.273
-10.812
6.5841
4.5119
-10.228
4.9038
-1.5013
-3.774
4.1945
-5.1059
4.8642
-1.9402
-8.1917
-25.072
12.227
-16.613
-1.3349
-3.776
20.381
2.268
-0.87185
0.36364
0.2244
-0.50561
0.66351
-0.14517
-0.22451
0.028474
0.60816
-0.58503
0.14337
0.28527
0.18467
-0.029855
-0.33336
-0.32976
0.085947
-0.23261
1.6876
-2.0433
-4.3838
0.94718
0.38892
0.51989
-0.66208
-0.064511
-0.29441
0.081467
0.19946
-0.0070993
-0.066914
-0.1143
0.12898
0.35455
-0.076707
-0.0072666
-0.044713
-0.13608
0.23632
-0.19253
0.37499
-0.2691
0.10066
0.10237
-0.028573
0.038147
-0.12761
0.25781
0.061773
0.18688
-0.094589
0.11257
-0.14051
0.11028
0.039366
-0.045691
-0.0088924
-0.0034479
0.014333
-0.026497
-0.0019026
0.043614
-0.18266
-0.31636
-0.29102
-0.30293
0.19134
-0.087725
0.33243
-0.19881
-0.22367
2.2334
3.844
16.252
-23.069
-0.31258
3.2833
14.728
-14.228
6.1753
-5.3613
-3.9735
1.6613
-5.8469
2.049
2.2637
3.9982
-19.762
21.744
-8.4355
-10.399
0.65223
15.375
-0.2109
2.1263
-1.1536
-0.55617
0.98152
0.34859
-0.25175
0.14942
-0.17938
0.56677
-0.26542
-0.26062
-0.17096
0.040604
-0.41305
-0.092854
-0.0051528
0.0023944
2.6771
-2.2792
-2.8246
-4.8737
-4.0423
0.77536
0.40815
-0.44324
-0.27424
0.1954
-0.012754
0.081943
0.017356
-0.084004
0.063004
0.15735
-0.056575
0.047243
-0.06295
-0.13202
0.16307
-0.12235
0.0093541
0.024688
-0.038414
-0.091983
0.00086629
-0.11841
-0.019237
-0.085195
0.38334
-0.099938
0.13553
0.29925
-0.14671
-0.1175
-0.12983
0.16849
-0.087413
-0.087486
0.096144
-0.0211
-0.010629
0.040671
0.60393
-0.79703
-0.072027
-0.37614
0.21805
-0.12153
0.16614
-0.11022
-0.28209
-1.1324
0.43369
14.758
-3.8841
-16.456
5.3252
-15.022
10.71
-1.9756
-3.525
0.16214
-4.3095
0.67291
-6.1177
3.7113
2.1516
-3.8639
13.074
-2.4837
-15.403
-4.2445
7.3987
3.8184
1.2977
-2.672
-3.044
1.3516
0.72252
0.24925
-0.24564
0.038397
0.03414
-0.3898
0.29519
-0.18515
-0.13086
0.29455
-0.14307
-0.090932
-0.39081
2.2243
-0.48509
-3.8457
-2.7331
-2.9917
0.88029
0.20115
-0.20702
-0.15404
-0.14056
0.23173
0.040437
-0.073411
0.091593
-0.12344
-0.068618
0.033511
-0.17359
0.16487
0.08622
-0.11028
0.17646
0.1175
-0.10188
-0.011369
0.044218
0.0093582
0.074649
-0.23359
0.017533
-1.6334
0.97552
1.7892
-0.56289
0.2544
-0.28835
-0.059384
-0.075903
0.16298
-0.06235
0.0041358
0.010552
-0.010063
0.0028543
-0.080732
-0.036718
0.016344
-0.083819
0.046353
0.034372
-0.02072
0.010263
0.051013
0.043958
-0.0092949
-0.017508
-0.032072
0.023492
0.02149
-0.036184
0.0024243
-0.051932
-0.014741
-0.05505
-0.032089
0.012786
0.0010202
0.01886
-0.017998
-0.0074292
0.011523
-0.0094024
-0.01923
0.013642
-0.05775
-0.03966
-0.028622
-0.080844
0.0043896
-0.0070277
1.8989e-06
0.012235
-0.010171
-0.0073828
0.00135
-0.0082011
-0.0089362
-0.018813
-0.0071221
-0.007957
-0.019338
-0.0082998
0.00022479
-0.0063194
-0.017739
-0.0094884
-0.028505
-0.039536
-0.0082415
-0.017355
-0.019611
-0.040175
-0.0080385
-0.016965
0.023164
-0.008507
0.00064657
-0.0084302
0.012791
0.021491
0.010671
0.011205
-0.0092999
-0.0066712
0.0022666
-0.038629
-0.0092637
-0.0081389
-0.027532
-0.017006
0.0019735
-0.018981
0.0010804
0.0019174
-0.017538
-0.0092768
-0.02978
-0.0092966
0.0033248
-0.0078503
-0.0078492
-0.018563
-0.039996
0.012789
0.0028698
-0.018549
0.011068
-0.018962
-0.018673
-0.027816
0.00085298
0.011247
-0.028583
-0.02936
0.0031784
-0.0080774
0.0013274
-0.048728
0.0011008
0.012731
0.011045
-0.0093199
0.0008092
-0.019465
-0.017712
-0.018633
-0.0091301
-0.0091515
0.010834
-0.0075442
-0.008866
0.0020007
0.0008696
0.0010891
0.0024796
0.0015554
-0.0092816
-0.0091958
0.0011603
0.012874
-0.028556
0.021561
-0.0083517
0.0096347
0.023598
-0.0087607
-0.017922
-0.018903
0.0021618
0.002816
0.0024055
0.0019993
-0.029073
-0.0094521
0.022588
-0.018636
-0.0083974
0.021327
-0.00695
-0.038268
-0.029353
-0.008729
0.011896
-0.0062617
0.011781
0.0020803
0.00079215
-0.019436
-0.018208
0.0014444
0.0012739
-0.0090569
0.00095272
-0.0072821
0.0015076
-0.018825
-0.02905
-0.028308
0.0027793
-0.0080853
0.011446
-0.029789
-0.0080119
0.022897
-0.0091202
-0.018426
0.00060485
-0.009325
-0.0064236
-0.0096093
0.0023068
0.00027721
0.041298
0.095803
-0.028937
0.0012825
-0.020251
-0.019399
0.0028957
-0.018935
0.0011024
0.0010728
-0.029165
-0.016729
-0.028551
0.0011705
0.010889
0.0018536
0.0024942
-0.017689
0.0010407
0.010771
0.0012751
0.0026019
0.0017867
-0.019008
-0.019285
0.011003
0.0027138
-0.008152
-0.0087143
0.010884
0.0015128
0.003187
-0.0082653
-0.0091846
0.00082666
-0.01893
-0.0072913
0.0016169
0.0012758
-0.019333
-0.0094825
-0.017121
-0.0083161
-0.019218
-0.019036
0.021411
0.012811
0.0017892
-0.0095809
0.00091372
-0.0088283
0.0019702
-0.019079
-0.019253
-0.0090865
0.00072865
-0.016579
0.011277
-0.0082926
-0.00946
-0.0083419
-0.0071164
0.021731
-0.028386
0.00089185
-0.028994
0.0028779
0.0016666
0.01116
-0.019537
0.00085296
-0.0075355
-0.02809
0.010576
0.00069528
-0.0087548
-0.0067878
0.011461
0.011396
-0.0092121
-0.01887
-0.027585
0.0019708
0.0011175
-0.019094
-0.0088705
-0.0073584
0.0012918
-0.0087043
-0.0090371
0.011795
0.012361
-0.0086528
0.011288
-0.0094206
0.010917
-0.017079
-0.0079205
-0.019039
0.021017
-0.019294
-0.0074794
0.0014091
-0.018702
0.00075196
0.0019658
0.0030443
-0.027799
-0.019052
-0.0092123
0.010851
-0.0071764
-0.0080909
0.010775
-0.0089274
0.030789
-0.027753
-0.0080914
0.011566
0.010678
-0.0080919
-0.0077361
0.0020719
-0.0090541
0.00061522
0.0011829
0.013054
0.022078
-0.0090084
-0.0089951
-0.01932
-0.0071242
0.0017367
-0.018603
-0.0086599
0.012022
-0.017447
-0.0083197
-0.028601
0.0003874
-0.0090056
0.0024595
0.011612
-0.0090016
0.020937
-0.030155
-0.01865
-0.0076983
-0.029028
0.021466
-0.017366
-0.0074542
-0.0084156
0.0013848
0.0010302
-0.0094395
0.0027466
0.0016826
0.00088699
0.010413
-0.0093594
-0.007748
-0.028529
-0.0092012
-0.019129
0.0017506
-0.0078317
-0.0078775
-0.0089139
0.00091118
-0.029178
-0.0078178
-0.0081476
-0.018975
0.0006466
0.00071998
-0.0078739
0.0014092
0.011083
-0.019221
-0.018252
-0.017772
-0.038043
-0.018809
0.00066458
-0.0088484
0.0026115
-0.0081482
0.02157
0.00097384
-0.0080938
-0.01837
-0.029025
0.00039235
-0.038523
0.012562
-0.0079255
0.0012436
-0.0094543
-0.0091207
-0.027378
-0.018147
-0.0090262
-0.0093423
0.00093069
0.012116
0.0015224
-0.0089608
0.01062
0.011576
0.012555
0.0017926
0.00097878
-0.0088576
-0.0089071
-0.017489
-0.0079809
-0.0091378
-0.0092832
-0.029061
-0.02815
0.011794
-0.0089967
-0.019693
-0.0087903
0.0023844
0.011577
0.00082755
0.00078515
0.00079414
-0.018684
0.0027118
-0.027874
-0.019229
-0.0089032
-0.019734
-0.0073959
0.0013625
-0.0091545
0.010937
-0.019192
-0.0074469
0.0018966
0.0013716
0.00047431
0.021421
-0.0076712
-0.017875
-0.0091719
-0.019327
-0.019461
0.0024312
-0.0083642
0.010725
-0.019206
-0.019361
0.0024847
-0.018684
-0.0087915
0.00084968
0.021055
0.0025906
-0.018579
0.0013664
0.00058164
-0.02924
-0.0079462
-0.00825
0.0010537
-0.009042
-0.0090363
0.0024741
0.0014182
-0.018992
0.0008038
0.0011173
0.0025866
-0.0080483
-0.0089515
0.010846
-0.0095099
-0.01747
-0.0085776
-0.01899
-0.018886
0.00075471
-0.028265
-0.0081963
-0.008684
-0.0090243
0.0012167
-0.0074122
0.0015747
-0.0091512
-0.018873
-0.0089972
-0.017516
-0.018791
0.00096415
0.010793
-0.0090332
-0.0075293
-0.0083634
-0.02899
0.00090348
0.011116
-0.007617
0.0019471
-0.019149
-0.008687
0.030702
0.0021017
-0.0084736
-0.018833
-0.0092525
-0.0091908
0.002852
-0.018632
-0.0091486
0.0016373
-0.018997
-0.0075672
-0.017933
-0.019166
0.021313
0.011057
0.0022774
0.0013607
-0.019432
0.0013346
-0.009319
0.012708
-0.017967
-0.0090768
0.00083421
-0.019009
0.0027221
0.021738
-0.028579
-0.019865
-0.0093775
-0.0076115
0.0009348
-0.0091054
0.010849
0.00080508
0.0023167
-0.028367
-0.0089942
-0.019348
0.020954
-0.018051
-0.0078395
-0.009309
-0.01899
-0.01944
0.0023044
0.0015267
-0.0088839
-0.019584
-0.019263
-0.0079193
-0.0087745
0.021178
0.00094602
-0.028472
0.002656
-0.0084178
-0.029078
0.010592
-0.029119
0.002695
0.0011239
-0.018461
0.00088138
0.010629
-0.0080597
0.0018872
0.0010895
-0.0095165
0.021225
0.0023623
-0.0085288
