0.45508
0.43713
0.45923
0.42323
0.43647
0.46012
0.47798
0.43982
0.44893
0.4401
0.4762
0.43252
0.44552
0.43911
0.41052
0.45026
0.41042
0.44837
0.42033
0.45641
0.43349
0.43051
0.42036
0.45171
0.42628
0.46704
0.42284
0.43061
0.46752
0.42456
0.42088
0.473
0.43368
0.46418
0.43615
0.47367
0.43848
0.45872
0.4515
0.47084
0.42966
0.44821
0.41061
0.41544
0.46337
0.41983
0.44025
0.4649
0.42803
0.45239
0.42471
0.46218
0.42416
0.46409
0.44758
0.45087
0.41107
0.45817
0.42688
0.42954
0.46672
0.42422
0.43779
0.46615
0.43272
0.47092
0.42733
0.46989
0.43432
0.41844
0.43715
0.43153
0.45482
0.4458
0.4452
0.46674
0.45951
0.46324
0.45211
0.42678
0.44946
0.46171
0.42778
0.46554
0.41521
0.4641
0.43252
0.41173
0.43213
0.42428
0.4452
0.42179
0.42064
0.44858
0.40661
0.44197
0.45698
0.42348
0.44563
0.4623
0.41294
0.46929
0.42504
0.43459
0.47227
0.41588
0.48508
0.41571
0.44093
0.43082
0.42889
0.44893
0.42711
0.40941
0.3958
0.42064
0.45709
0.46045
0.42654
0.45638
0.4445
0.42811
0.46439
0.41151
0.45214
0.43715
0.43888
0.43091
0.43373
0.44629
0.43418
0.471
0.46288
0.41295
0.45258
0.44951
0.40957
0.45598
0.42282
0.46027
0.45795
0.39348
0.45087
0.40848
0.40786
0.45976
0.42427
0.42641
0.42829
0.45551
0.42277
0.46004
0.4386
0.42414
0.45875
0.43358
0.41845
0.43848
0.41229
0.45415
0.41738
0.42569
0.45316
0.41922
0.47387
0.40594
0.40668
0.40605
0.42121
0.4441
0.39439
0.42199
0.41017
0.4521
0.42491
0.46381
0.42496
0.4462
0.48117
0.46399
0.44797
0.41953
0.42461
0.42285
0.44543
0.41872
0.44943
0.40193
0.40712
0.4434
0.41544
0.4217
0.44923
0.42646
0.44219
0.43058
0.45469
0.41709
0.45527
0.45812
0.4265
0.42243
0.45805
0.40513
0.45679
0.41077
0.40192
0.43879
0.40422
0.45902
0.44404
0.45403
0.42346
0.42624
0.44571
0.41219
0.44838
0.44239
0.41022
0.45989
0.45441
0.4206
0.45938
0.40637
0.45904
0.43477
0.4222
0.44168
0.40508
0.39943
0.43515
0.41473
0.44472
0.41162
0.41138
0.44888
0.39652
0.38321
0.41317
0.45173
0.39658
0.45276
0.40361
0.45995
0.44083
0.44934
0.38963
0.45345
0.40619
0.42529
0.43215
0.45472
0.43231
0.42125
0.4197
0.42316
0.40375
0.44224
0.42105
0.43429
0.40375
0.42112
0.41681
0.4143
0.4805
0.4468
0.40525
0.47482
0.40741
0.45771
0.42144
0.45954
0.46108
0.42371
0.46319
0.41169
0.46354
0.40882
0.40887
0.4461
0.4089
0.4044
0.45437
0.40259
0.45593
0.41992
0.40125
0.4407
0.48417
0.43832
0.5211
0.47636
0.54324
0.52289
0.5119
0.58318
0.5131
0.50237
0.48963
0.5496
0.45241
0.48176
0.44958
0.41572
0.46843
0.36526
0.42041
0.41493
0.38893
0.42894
0.40186
0.46036
0.38658
0.38573
0.38
0.31814
0.31146
0.97632
0.93745
0.60021
0.31353
0.11663
0.091746
0.089623
0.008231
0.011189
0.022872
0.0061112
0.013688
0.0097184
0.010172
0.011122
0.0078022
0.0074461
0.0087686
0.0031828
0.0062815
0.0059753
0.0093598
0.0092868
0.0085868
0.0054048
0.080076
0.39251
0.31239
0.19718
0.18641
0.18313
0.27757
0.24539
0.13793
0.10636
0.06622
0.13338
0.076355
0.045321
0.0016108
-0.040568
0.14177
0.11725
0.06191
0.13744
0.095004
0.031603
0.10022
0.17858
0.36616
0.83958
1.4513
2.1419
2.0748
2.1649
2.0105
1.8261
2.4521
2.722
2.998
2.2133
1.755
1.512
1.7141
1.7876
2.4332
2.2074
1.8893
1.2496
0.27539
0.066452
0.052064
0.0041605
0.0015785
0.0022561
0.0071992
0.1827
0.39001
1.1396
0.74025
0.63091
0.78819
0.85175
1.2451
1.1415
1.5616
1.5321
2.0465
2.0648
0.33722
0.10185
0.049497
0.0086207
0
-7.7144e-05
0.00042526
-0.00056751
0
0
0
0
-0.0043987
-0.0042489
-0.0015325
-0.0043214
0
-0.0053069
-0.0059632
-0.0033562
-0.012773
-0.0065942
-0.011224
-0.2986
-0.38284
-0.83973
-0.84902
-0.41567
-0.4542
-0.51222
-0.64632
-0.64429
-0.6634
-0.64696
-0.64048
-0.58948
-0.61817
-0.59936
-0.69631
-0.56212
-0.54116
-0.61024
-0.45528
-0.52956
-0.88292
-0.91622
-1.0612
-1.0403
-0.99342
-0.75051
-0.71685
-0.68606
-0.38478
-0.060272
0.12776
0.45544
0.58514
0.51459
0.42943
0.32004
0.3616
0.29536
0.31598
0.87086
1.097
0.032679
0.0016668
0.00091601
0.00018946
0.0054878
0.045046
0.15527
0.17487
0.093955
0.077791
0.29953
0.49069
0.62958
0.78848
0.97881
0.59753
1.5953
1.4072
0.2682
0.095457
0.14128
0.00015852
0
0.00028162
0.00073981
0.0002875
-0.0002352
-0.00023498
-0.00028819
-0.00010193
-0.0057016
-0.0066157
-0.0052382
-0.002139
-0.0074622
-0.010828
-0.016458
-0.016547
-0.0096371
-0.16185
-0.38453
-0.5239
-0.38006
-0.40205
-0.42016
-0.53897
-0.51994
-0.57291
-0.53789
-0.32555
-0.29576
-0.3502
-0.39908
-0.35299
-0.35168
-0.28135
-0.2889
-0.0098761
-0.10848
-0.12208
-0.25832
-0.47008
-0.3494
-0.2259
0.24152
0.56662
1.1082
1.1299
0.94716
1.4905
1.2566
1.3635
1.9039
1.7636
1.5507
1.322
1.2886
1.1466
1.2131
1.1473
1.4247
1.8027
1.8618
0.9169
0.64464
0.10282
0.054038
0.0061408
0
0.0042777
0.090762
0.092758
0.37752
0.31785
0.33419
0.4151
0.81458
1.5819
1.5297
1.4103
1.4354
1.2799
2.4908
2.3668
2.2422
1.7295
0.96974
0.54
0.24758
0.088147
0.0017224
0.0019038
0
0.023528
0.0044935
0.0005885
0.0094902
0.0059835
0.00034241
0.0045621
0
0.0038513
0.00078895
0.00014728
0.00051851
0.00054288
-0.00062257
-0.0005156
-0.0038684
-0.023474
0.082745
0.37526
0.83001
0.68308
0.53672
0.43888
0.31396
0.22806
0.079177
0.027371
-0.033482
-0.05569
-0.02889
-0.011192
-0.037873
0.03469
0.063691
0.078776
0.060277
0.029939
0.047593
0.044754
0.1624
0.7209
1.0498
1.5513
1.8775
1.4114
1.18
1.2364
1.3244
1.5084
1.7912
1.7481
1.4179
1.2165
1.1769
1.0247
0.91812
0.60094
0.60621
0.35721
0.2558
0.099647
0.06768
0.0032372
0.010717
0.034837
0.19941
0.24706
0.27975
0.2919
0.58208
0.87737
0.87096
0.91128
0.92935
1.0113
1.0669
1.283
1.1309
1.3131
0.89364
0.46845
0.19371
0.1318
0.03695
0
0
0.0025436
0.0043125
0.010307
0.0074717
0.0092961
0.0017018
0.00028181
0.00030952
0.00058679
0.0021481
0.00091458
6.4797e-06
-0.000299
0.0039024
0.13329
0.43944
1.2987
1.0614
0.92593
0.94743
0.9769
0.68172
0.74382
0.64618
0.44049
0.30983
0.23217
0.11214
0.037128
-0.019704
-0.0058124
0.048144
0.037779
-0.011999
0.013393
0.16625
0.085996
0.19437
0.50756
1.0749
1.5551
2.1614
2.8896
3.12
3.453
2.3066
3.2329
3.175
3.1688
2.9498
2.3912
2.2925
2.142
1.8665
1.9011
1.4837
1.4988
0.94497
0.40951
0.12802
0.067006
0.011378
0.0027852
0.0087932
0.090646
0.10441
0.319
0.30274
0.24133
0.34067
0.54628
0.79929
0.77697
0.70927
0.47549
0.45774
1.4024
1.1548
0.86951
0.75092
0.35025
0.24079
0.14232
-0.00086932
0.00035972
0
0.0015275
-0.00019656
-0.0007197
0
-0.0042281
-0.0018267
-0.0026716
-0.0061389
-0.0075234
-0.0078968
-0.013736
-0.005848
-0.027392
-0.14378
-0.21349
-0.30588
-0.25427
-0.38548
-0.24909
-0.30431
-0.53413
-0.67036
-0.7573
-0.67649
-0.61354
-0.50438
-0.36866
-0.36062
-0.39364
-0.35789
-0.35237
-0.323
-0.2558
-0.27313
-0.052829
0.01677
0.0082622
-0.0023117
-0.12894
-0.22747
-0.057662
0.43151
0.66592
1.2587
0.89342
1.3961
1.5797
1.799
1.5463
1.1166
0.97457
0.91621
1.1118
1.412
1.5683
1.1669
0.93512
0.90844
0.14075
0.18866
0.086144
0
0
0.0060063
0.11014
0.095254
0.31533
0.30106
0.33854
1.1923
1.3052
1.5025
1.4541
1.8984
1.7515
2.0107
2.4433
1.0859
0.6264
0.26371
0.19878
0.0017844
0
0
0.019457
0
0.0056897
0.018027
0.0069133
0
0.0031215
0.0035778
0.00095062
0.00045837
0
-0.0011801
-0.0027337
-0.0027987
-0.0017595
-0.012967
-0.025624
0.027107
0.33437
0.68795
0.66928
0.55545
0.44477
0.33714
0.19511
0.10133
0.060553
-0.011377
-0.051687
-0.077378
-0.022845
-0.018816
0.042416
0.083992
0.069813
0.037109
0.049657
0.0054987
-0.061487
0.077234
0.53028
1.0048
1.7657
2.1618
2.194
1.6909
1.743
1.6205
1.9644
1.9417
2.0668
2.0473
1.9157
1.6555
1.697
1.5956
1.5005
1.5061
1.5513
1.2449
1.2371
0.0026605
0.00035162
0.0064107
0.0079658
0.098463
0.16848
0.23981
0.25464
0.37876
0.35809
0.40434
0.40582
0.35256
0.70045
0.69964
1.3171
2.0229
1.6582
1.3039
1.0301
0.55939
0.22359
0.12283
0.020623
0.0055089
0.012807
0.007265
0.0042057
0.0035292
0.0024462
0.00301
0
0.000964
0.0009773
0.00051403
0.0012504
0.00049055
0.0025055
0
0.0012442
0.0021223
0.0014568
0.95871
0.46372
0.54421
0.78668
0.89344
0.78766
0.58396
0.41428
0.36288
0.31424
0.33343
0.29004
0.29162
0.32408
0.3092
0.32828
0.26298
0.14777
0.11291
0.088199
0.060197
0.21393
0.62111
0.8867
1.011
0.79888
1.0994
1.1168
0.57636
0.12088
-0.1791
-0.1373
-0.31411
-0.11641
-0.0044448
-0.22832
-0.13516
0.090144
0.10668
-0.055261
-0.11518
0.23683
-0.21743
-0.044491
-0.0027288
0
-0.046283
-0.12592
-0.17882
-0.16666
-0.11896
-0.10939
-0.13042
-0.22502
-0.24945
-0.21697
-0.17858
-0.11334
-0.20172
0.75561
1.5054
0.99922
0.73158
0.29809
0.09946
0.070588
0.10039
0.022577
0
0
0
1.9713e-05
0.0059745
0.0024167
0
0.0012415
0.00064757
0.0007702
0.00090524
0.00087126
0.0032516
0.012861
0.20093
0.26934
0.79568
1.4826
1.6814
0.78649
0.70736
0.68224
0.93421
1.204
1.1594
1.0451
0.80146
0.56159
0.48868
0.41626
0.44126
0.40922
0.44566
0.60136
0.53042
0.57837
0.42329
0.29069
0.24048
0.22669
1.6049
3.3481
5.2012
5.96
3.9088
3.8515
3.3207
2.535
2.55
2.2394
1.7699
1.6126
1.2366
0.86871
0.62694
0.24096
0.20084
-0.0070498
0.14048
-0.055572
-0.13236
-0.010875
0.16827
0.067213
0.0091175
0.051502
0.12119
0.14329
0.22194
0.22209
0.12897
0.13757
0.24756
0.32428
0.38676
0.27493
0.19389
0.24862
0.25321
0.63027
-0.44933
-1.0013
-0.2167
0.10312
0.044982
0.025449
0.028343
0.014095
0
3.4886e-05
8.0822e-05
0
0.0016071
0.00099131
0.00076067
0.0020104
5.079e-05
0.0015895
0.0016254
0.0018501
0.0095149
0.084191
0.12363
0.35834
0.56604
0.97298
1.2197
0.88248
0.79154
0.88583
0.91393
1.0109
1.3483
1.0734
0.88436
0.60101
0.51207
0.43043
0.37104
0.36169
0.44174
0.36643
0.41926
0.36662
0.29844
0.22369
0.13125
0.10843
0.64281
1.384
1.9437
1.8821
1.4999
1.5519
1.3297
0.7643
0.60489
0.14769
-0.15349
-0.20644
-0.18611
-0.24672
-0.31259
-0.27928
-0.4207
-0.57733
-0.35125
-0.80088
-0.0062711
0.37968
0.14752
0.023722
0.066573
0.20773
0.19763
0.21042
0.2429
0.30617
0.4009
0.52117
0.44069
0.36766
0.26208
0.12376
0.24926
0.068047
0.31768
0.11396
0.11755
0.22777
0.080282
-0.0055716
-0.03362
-0.011691
0.0096826
0
0.0018306
0.0058815
0
0.0047152
0.0017219
0.002019
0.0049703
0.00098593
0.0024495
0.0036333
0.0065824
0.033403
0.18445
0.20892
0.51119
0.60136
1.4835
2.7031
2.7246
1.7138
1.5733
1.7595
1.8152
2.1385
2.1349
1.1657
1.0246
0.65497
0.59941
0.67996
0.72394
0.57287
0.59035
0.49879
0.60745
0.38607
0.30572
0.35218
0.20886
1.0485
2.4737
4.3523
4.4103
2.5326
2.1101
1.942
1.5468
1.3456
1.0093
0.49755
-0.17922
-0.72081
-1.163
-1.138
-1.1548
-1.4642
-1.5502
-1.5225
-1.6244
-1.7719
-1.4081
-2.2601
-1.777
-1.6851
-0.90211
-0.29167
-0.063382
-0.081749
-0.12132
-0.11573
-0.17969
-0.15765
-0.10339
-0.095641
-0.1877
-0.14886
-0.15299
-0.11489
-0.10574
-0.15597
-0.12443
0.34926
-0.71022
-1.1756
-0.31639
-0.13876
-0.10162
-0.12152
-0.095361
-0.018598
0
0
0.0046462
0.00047571
0.002593
0.0015876
0.0044315
0.0062073
0.0016946
0
0.0040368
0
0.0058467
0.0066689
0.48287
0.88148
0.94674
1.6327
2.0109
1.3726
0.48854
-0.020233
-0.065897
-0.1271
-0.089671
0.24519
0.37242
0.3313
0.25476
0.21768
0.23916
0.18769
0.15574
0.12691
0.11403
0.10876
0.091547
0.074455
0.1208
0.04613
0.2042
0.58201
0.87971
0.23986
0.20169
-0.69867
-1.2653
-2.162
-2.4618
-3.0556
-3.0283
-2.9015
-2.9506
-2.8642
-2.5323
-2.409
-2.4087
-2.7609
-2.1234
-2.16
-2.3846
-1.6606
-0.62944
-0.20139
-0.34165
-0.6677
-0.772
-0.96916
-0.9672
-0.84719
-0.85215
-0.74738
-0.75078
-0.67033
-1.2095
-0.56629
0.1442
0.15407
0.014971
0.037162
0.017375
0.054311
0.011
0
0.0055666
0.019777
0
0.012278
0.028008
0.023599
0.020588
0.0015984
0.010303
0.016057
0.0045207
0.014923
0.012004
0.025054
0.36791
0.40975
0.48609
0.82519
1.0972
0.73567
0.39028
0.5114
0.52485
0.53705
0.61341
0.53946
0.44542
0.41218
0.33313
0.37294
0.28409
0.17923
0.168
0.2167
0.19993
0.11952
0.18984
0.075053
0.40498
0.81173
1.2057
0.58132
-0.24046
-0.83141
-1.3753
-2.0854
-2.8496
-2.9252
-3.4864
-3.4343
-3.2709
-3.1197
-3.1089
-2.7529
-2.9214
-2.7204
-3.08
-2.5839
-2.3115
-1.0508
-0.5315
-0.16232
-0.19958
-0.33296
-0.42251
-0.65232
-0.65345
-0.64239
-0.74307
-0.62004
-0.64652
-0.71754
-1.1099
-1.2824
-0.30879
-0.23318
-0.08834
-0.052628
-0.038026
-0.017931
0.0034117
0.00066703
0.0058549
0.0041415
0.0053485
0.006989
0.013622
0.0075586
0.012332
0.0036605
0.0012995
0.011653
0.0081009
0.0089778
0.012242
0.019684
1.5867
2.389
2.5038
1.819
0.66618
0.42775
0.36405
0.42263
0.53804
1.1039
0.75681
0.55013
0.44117
0.32731
0.28509
0.24048
0.15654
0.14643
0.12696
0.17723
0.077333
0.035254
0.16985
0.05
0.23908
1.1182
1.4925
1.2758
0.85887
0.46775
-0.14876
-0.90146
-1.5046
-1.8634
-2.5136
-2.555
-2.5923
-2.3562
-2.6836
-2.6655
-2.5243
-2.4168
-2.7462
-2.6826
-2.9348
-3.0338
-1.3778
-0.86241
-1.0066
-1.4341
-1.6178
-1.486
-1.5371
-1.2617
-1.0812
-1.0121
-0.90681
-0.7058
-1.7002
-1.5191
-1.1324
-0.29836
-0.10275
-0.12256
-0.11472
-0.074476
-0.0038627
0
0
0.0056565
0.0041859
0.0005664
0.0091722
0.0067871
0.0046435
0.004437
0.0058565
0.0064851
0.0085686
0.013416
0.013622
0.020752
0.069908
0.16524
1.7664
1.1198
0.37169
0.11127
-0.013482
-0.19954
-0.38253
-0.19211
0.19985
0.35722
0.26215
0.16739
0.17708
0.16108
0.15842
0.087717
0.07837
0.088163
0.057302
0.021492
0.27352
0.095898
0.54931
1.3184
2.2124
2.5889
1.2102
0.34109
0.14777
-0.010296
-0.49587
-0.86385
-1.4639
-1.6761
-1.8562
-1.5554
-1.7534
-1.663
-1.802
-1.9877
-2.2055
-1.7535
-1.9489
-1.0414
-0.47537
-0.13882
-0.2693
-0.4014
-0.53273
-0.89001
-0.85535
-0.8533
-1.055
-1.1792
-1.2899
-0.8941
-0.74504
-1.3774
-0.93701
-0.27314
-0.080161
-0.076145
-0.10046
-0.059242
0.0008349
0.0021864
0.0056124
0.033248
0.0019278
0
0.010555
0.0082806
0.0075671
0.0081145
0.021842
0.0096949
0.012997
0.018368
0.0078174
0.021984
0.016408
0.011849
0.1395
0.37923
0.99402
1.9061
1.5003
0.63266
0.092415
0.028375
0.15329
0.20159
0.20599
0.23828
0.30367
0.30199
0.30866
0.38528
0.38992
0.40928
0.47966
0.30881
0.26422
0.16795
0.55021
1.0764
1.5854
1.4627
1.1142
0.55615
-0.73659
-1.1099
-1.6474
-1.8371
-2.5765
-3.0317
-3.8337
-3.9534
-4.4891
-4.2122
-4.6291
-4.0565
-4.0644
-3.8364
-3.2321
-3.7275
-2.448
-1.4884
-1.3003
-1.707
-2.8172
-2.813
-2.5207
-2.1824
-1.7196
-1.9701
-2.1175
-2.4183
-2.321
-1.8141
-1.3459
-1.3809
-1.4621
-2.1031
-1.4487
-0.45764
-0.11178
-0.12422
-0.045017
-0.026263
-0.01769
0
0
0.0014487
0.0038004
0.0064547
0.0041687
0.010614
0.0068362
0.004603
0.0038646
0.0061028
0.0062726
0.10672
0.099892
0.50532
0.78675
1.3952
0.76301
-0.22041
-0.6945
-0.88218
-0.89426
-0.89522
-0.89026
-0.67221
0.0026858
0.2133
0.13913
0.16482
0.10468
0.089573
0.069931
0.060804
0.10753
0.079888
0.056183
0.011835
0.046416
0.037657
0.091217
0.3349
0.37683
0.36948
-0.12182
-0.43437
-0.62615
-1.1356
-1.7558
-2.6187
-2.4386
-1.9704
-2.5654
-2.8565
-2.7992
-2.7012
-2.7788
-2.7499
-2.5238
-1.8535
-2.4891
-1.403
-0.16073
-0.079143
-0.13509
-0.17227
-0.49978
-0.84669
-1.3616
-1.0997
-1.2158
-1.6577
-1.7578
-2.0523
-1.8567
-1.9128
-1.8302
-1.7318
-2.6707
-3.7631
-1.8709
-1.3198
-0.45674
-0.13457
-0.09779
-0.11948
-0.027168
-0
0
0.00028381
0.00052881
0.0025915
0.015923
0.003195
0.0017696
0
0
0.01268
0.0016054
0
0.014229
0.15202
0.5134
0.75723
1.2766
1.7107
0.63911
-0.060713
-0.2934
-0.2274
-0.22536
-0.05225
0.17558
0.22469
0.29692
0.28177
0.16597
0.13349
0.16077
0.15203
0.19612
0.19494
0.17436
0.12507
0.113
0.10586
0.10818
0.48266
1.1413
1.5817
1.9802
1.8828
1.1652
0.18477
-0.51547
-1.2234
-2.4166
-2.2987
-2.6738
-3.3327
-3.6809
-4.2261
-4.0844
-4.262
-3.8879
-3.5994
-3.6716
-3.6905
-2.1972
-0.94018
-0.37787
-0.40171
-0.59727
-0.89397
-0.85335
-1.0089
-1.0743
-1.1995
-1.1184
-1.2683
-1.2732
-1.2333
-1.0503
-0.96194
-1.04
-1.7958
-1.7901
-1.35
-0.6511
-0.22589
-0.11048
-0.073406
-0.0075457
0.0014331
0
0
0.0022712
0
0.013728
0.0047184
0.002449
0.0020229
0.018514
0.013295
0.018733
0.0018598
0.0091001
0
0.0047537
1.5933
2.0458
1.8628
1.018
0.3496
-0.025213
-0.081677
-0.036292
-0.25039
-0.15106
0.13594
0.16645
0.13209
0.066847
0.036183
0.10689
0.11591
0.080138
0.078018
0.10603
0.10143
0.0066159
-0.0087365
-0.014354
-0.073069
-0.22544
-0.50913
-0.92295
-1.2404
-1.8166
-2.2281
-2.5387
-3.4834
-3.5715
-4.1381
-4.419
-4.6829
-5.051
-5.1166
-4.7214
-5.0037
-4.1705
-3.9703
-3.7092
-3.2051
-1.4285
-0.35284
-0.1678
-0.18728
-0.3612
-0.47374
-0.77625
-1.2949
-1.2844
-1.2722
-1.5928
-2.1171
-2.3084
-2.2269
-2.3315
-1.9041
-2.0456
-2.5687
-2.7796
-2.6052
-1.4889
-0.47826
-0.1844
-0.10542
-0.094018
-0.027132
0
0
0.00016488
0
0.0058261
0.019985
0.00996
0.0023472
0.022901
0.02288
0.011541
0.011531
0.0030692
0.0085082
0.016329
0.01902
0.011321
0.2141
0.32794
1.6204
0.90045
0.47187
0.36308
0.30171
0.38924
0.40576
0.49958
0.47864
0.46498
0.29928
0.22715
0.23776
0.25811
0.2873
0.30357
0.25286
0.23734
0.22847
0.12387
0.15526
0.58136
1.2663
1.8445
2.4952
2.4112
1.4112
0.22236
-0.7106
-1.0474
-2.022
-1.9748
-2.0518
-2.8522
-2.9211
-3.5628
-3.9011
-4.3375
-4.2485
-3.7189
-3.9123
-3.4205
-2.3825
-1.2787
-0.4195
-0.38895
-0.89992
-1.4909
-1.5906
-1.7759
-1.8175
-1.761
-2.05
-2.319
-2.5297
-2.7862
-2.3428
-2.4338
-2.2236
-2.9153
-3.6611
-2.5199
-1.3956
-0.49278
-0.18676
-0.17547
-0.076316
-0.0053554
0
0
0.0036498
0.00074445
0.010589
0.014514
0.0010778
0.0015907
0.0063537
0.010703
0.0098934
0.0035491
0.0057421
0.0070777
0.0027814
0.0061734
0.105
0.06492
0.46676
0.85158
0.64876
0.57565
0.40909
0.47038
0.44908
0.51539
0.52228
0.53296
0.36582
0.29082
0.19535
0.19357
0.28937
0.28354
0.27609
0.12498
0.11523
0.079326
0.073764
0.34554
0.92869
1.6902
1.9866
2.037
1.7503
0.87157
0.12501
-0.46877
-1.3128
-1.4557
-1.566
-2.169
-2.7573
-3.2666
-3.3444
-3.5647
-3.3947
-2.7648
-2.8785
-2.9635
-2.0655
-0.67004
-0.36933
-0.38048
-0.60002
-1.037
-1.2771
-1.4181
-1.3331
-1.1996
-1.4921
-1.9165
-2.0855
-1.7597
-1.6972
-1.6622
-1.553
-2.8022
-3.172
-2.5613
-1.5085
-0.52026
-0.24064
-0.1491
-0.077699
-0.023745
0
0
0
0.0013075
0.0068671
0.020081
0.0060289
0.0010609
0.016172
0.024745
0.0056429
0.0059464
0.007523
0
0.016147
0.012784
2.4556
2.4889
1.7591
1.0725
0.85045
0.84864
0.71267
0.65709
0.79221
0.8028
0.95164
0.63228
0.42476
0.37014
0.34314
0.35491
0.34854
0.38907
0.34388
0.26649
0.1779
0.10927
0.091108
0.3826
1.1266
1.8622
2.4484
2.6858
1.8322
0.88914
0.33701
-0.86751
-1.227
-1.3473
-1.4677
-1.8562
-2.2777
-2.5138
-2.9588
-3.3528
-2.9547
-2.8598
-3.0442
-3.1164
-2.7543
-1.9558
-2.1911
-1.9081
-1.8775
-0.22984
-1.2035
-1.1129
-1.3239
-1.4175
-1.7478
-1.8909
-2.2751
-2.3051
-2.1458
-2.1088
-2.1292
-2.9711
-3.0516
-2.7537
-1.7137
-0.69514
-0.30777
-0.18364
-0.09946
-0.014856
-9.2267e-05
0
0
0.0011094
0.0034526
0.016532
0.00084082
0
0.020427
0.02074
0.0122
0.0040014
0.014237
0.0055819
0.018026
0.0066005
0.0072516
0.16407
0.23726
0.71564
1.1226
1.2773
0.52992
0.40362
0.45059
0.39283
0.39651
0.66363
0.54775
0.55304
0.43199
0.29864
0.26883
0.27847
0.22025
0.30218
0.27308
0.3598
0.26937
0.19691
0.095083
0.033647
0.016975
-0.016112
-0.05427
-0.20466
-0.45111
-1.0259
-1.3495
-2.0203
-2.0658
-2.469
-2.9958
-3.4661
-3.5211
-3.9046
-3.8169
-3.9857
-4.0943
-3.8695
-3.5922
-3.2482
-3.3963
-3.3446
-2.883
-2.5252
-2.7865
-3.1208
-3.0133
-0.83892
-0.28442
-0.42488
-0.96801
-1.9587
-2.0751
-2.0291
-2.1722
-1.9398
-3.2871
-3.3971
-3.3707
-3.5887
-3.3088
-3.1275
-3.0682
-3.4482
-4.1446
-3.3395
-2.2013
-0.92499
-0.38148
-0.16256
-0.12918
-0.051685
0
0
0
0
0.0083214
0.025208
0.0059237
0
0.017855
0.011686
0.015341
0.012109
0.0056689
0.013501
0.0065793
0.015981
0.16222
0.1172
0.65961
1.0206
1.3728
1.9456
0.73342
0.22328
-0.13512
-0.086763
0.027775
0.13848
0.34116
0.43002
0.4213
0.39089
0.26666
0.20073
0.23907
0.21188
0.25634
0.25031
0.17312
0.14439
0.083635
0.054909
0.072119
0.36829
0.66306
0.95583
0.98683
0.49676
-0.6405
-0.5144
-1.101
-1.716
-1.9649
-2.1348
-2.64
-3.2567
-3.6707
-4.3395
-4.502
-4.1435
-4.1849
-4.041
-4.0511
-3.2615
-1.7545
-0.6447
-0.32994
-0.27834
-0.57835
-0.85704
-0.98795
-1.067
-1.2234
-0.98298
-1.3013
-1.6118
-1.8742
-1.4668
-1.2867
-1.2745
-1.3335
-1.6674
-2.0691
-1.8233
-1.0518
-0.282
-0.091847
-0.028557
-0.0027589
0.010857
0.00026655
0
0
0.00048785
0.0048451
0.017219
0.013664
0.0014793
0.010661
0.020545
0.013848
0.030432
0.11851
0.34932
1.0141
1.4848
2.094
2.1872
0.84812
0.56458
0.11004
0.21023
0.14022
0.30335
0.70245
1.0148
0.80705
0.50789
0.31161
0.23754
0.24205
0.22096
0.2158
0.18754
0.14646
0.073989
0.074297
0.053359
0.06257
0.27642
0.94415
1.5848
2.415
2.0833
1.2768
0.5456
0.92893
0.84779
1.0189
0.32964
-0.21196
-0.70397
-1.0483
-1.132
-0.97343
-1.132
-0.88639
-0.39783
-0.70081
-1.0872
-0.14725
-0.020557
-0.0373
-0.034212
-0.040517
-0.25664
-0.28976
-0.62216
-0.78921
-0.86762
-1.0211
-1.1867
-1.4038
-1.5262
-1.4348
-1.2095
-1.2768
-2.3381
-2.2088
-2.0569
-1.5983
-0.62037
0
-0.0019562
0
0.0028647
0.0041454
0.0029669
0.017998
0
0.0060911
0.015868
0.0087379
0.012262
0
0.006755
0.013274
0.013973
0.065198
0.098817
0.42277
0.94691
1.0305
1.1978
0.76638
0.20254
0.024233
-0.092305
-0.078237
-0.1595
0.12652
0.26377
0.22955
0.22546
0.18002
0.13707
0.1215
0.13018
0.21129
0.22747
0.19598
0.17867
0.21131
0.11466
0.15422
0.70204
1.1704
1.6528
2.0803
1.8174
1.5414
0.90277
-0.19124
-0.84802
-1.3955
-1.7102
-1.7655
-2.2747
-2.807
-2.5624
-2.7345
-2.5648
-2.6145
-2.1301
-1.7647
-1.4377
-1.7368
-0.56058
-0.31333
-0.34941
-0.52307
-1.0957
-1.2878
-1.5691
-1.5348
-1.6177
-1.9988
-2.4538
-2.5012
-2.6383
-2.4156
-2.0686
-2.0614
-2.45
-2.9605
-2.7547
-1.6467
-0.65152
-0.21377
-0.11888
-0.041199
-0.0085938
0
0
-0.00092875
0
0.0010566
0.0016619
9.8322e-05
0.0030944
0.0013904
0.0045085
0.0031248
0.0053519
0.0099983
0.042371
0.30372
0.50882
0.63537
0.09751
-0.08414
-0.54467
-0.95242
-0.79016
-0.61948
-0.57161
-0.21618
0.036622
0.097085
0.1033
0.086741
0.044037
0.0136
0.072497
0.10437
0.13829
0.10198
0.086463
0.11627
0.061972
0.054527
0.31372
0.48112
0.77899
0.71545
0.39971
0.22182
-0.57052
-0.39439
-0.77429
-0.93292
-1.3383
-2.0443
-2.4315
-2.375
-2.2895
-2.2981
-2.3794
-2.2398
-1.5021
-1.7542
-1.3737
-1.5556
-0.67743
-0.23705
-0.26165
-0.53745
-1.0345
-1.2501
-1.4393
-1.4014
-1.6406
-1.764
-1.7391
-1.8595
-2.1631
-1.9577
-1.6322
-1.7654
-2.3461
-2.64
-2.0671
-1.6606
-0.60894
-0.22794
-0.15385
0
0
-0.0021237
0.00033559
0
3.1026e-05
0.011129
0.0064307
0.005778
0.0056718
0.0014597
0.004491
0.0025168
0.0058997
0.035175
0.10315
0.29856
0.49679
0.41053
0.39265
0.062663
-0.5367
-0.84189
-0.99783
-0.85631
-0.66016
-0.2103
-0.079431
-0.034963
0.0093934
-0.046808
0.023231
0.039718
0.058388
0.079785
0.049929
0.067061
0.18699
0.28458
0.43978
0.63661
0.64799
0.41988
-0.3897
-0.66474
-0.9861
-1.8532
-2.0748
-2.6567
-2.8082
-3.0732
-3.5264
-3.2681
-3.163
-2.9329
-3.1584
-2.9404
-3.0062
-2.6048
-2.2086
-2.4677
-2.7002
-2.4384
-1.8226
-1.7947
-1.546
-1.7631
-2.0807
-2.2765
-1.9806
-1.9995
-1.844
-1.9422
-1.8118
-1.6439
-2.0217
-3.1819
-2.7783
-0.77732
-0.14819
-0.092465
-0.083225
-0.028524
0
0
0
0.0021499
0.0015069
0.010022
0.0022466
0.0053528
0.0060413
0.0063465
0.010629
0.0046778
0.011531
0.0072647
0.0090489
0.0062227
0.0048131
0.06277
0.14114
0.25089
0.61608
0.61221
0.76517
0.49732
0.1368
-0.12615
-0.076131
-0.22244
-0.10343
-0.099353
-0.075756
-0.030228
0.0072844
0.038951
0.018835
0.0091946
0.011188
-0.018879
-0.016403
-0.046331
-0.1955
-0.44776
-0.7078
-0.87536
-0.18356
-0.69896
-1.3629
-1.7602
-2.4923
-2.6233
-3.7553
-3.7713
-4.0494
-4.1709
-3.7787
-3.9295
-3.6057
-3.3581
-3.7474
-3.3426
-3.3446
-3.04
-3.1818
-2.5883
-2.6924
-0.80672
-1.1694
-1.2299
-1.2216
-1.6431
-1.62
-2.0258
-1.7823
-1.9151
-1.6104
-1.6244
-1.7222
-1.9158
-2.078
-2.4506
-0.95834
-0.42724
-0.081095
-0.075614
-0.075025
-0.033328
0
0
0.012594
0.0079208
0.0039066
0.010529
0.003562
0.0037529
0.0049798
0.0053611
0.0056866
0.0054314
0.0052745
0.0034575
0.0048277
0.0031316
0.027908
0.078495
0.18585
0.33891
0.29026
0.32625
0.33849
-0.084557
-0.75808
-1.0134
-1.1225
-0.75428
-0.30654
-0.096249
-0.054073
-0.049945
-0.035316
-0.0057101
0.02332
0.029443
0.029162
0.028841
0.043124
0.057878
0.047222
0.053214
0.21354
0.53309
0.99183
1.4327
2.049
1.3826
1.1508
0.15441
-0.30462
-0.51593
-1.1601
-1.3199
-1.1657
-1.4027
-1.5401
-1.7476
-1.6595
-1.7142
-1.6752
-1.5689
-1.6152
-0.67499
-0.52129
-0.6544
-0.6147
-0.59762
-0.40341
-0.3905
-0.31592
-0.36416
-0.54244
-0.52725
-0.50709
-0.49494
-0.54657
-0.48206
-0.47941
-0.6671
0.33658
0.22592
0.064895
0.019992
0.014799
0.018963
0.015584
0
0
0.0063799
0.0061274
0.014312
0.0077513
0.00050959
0.0083607
0.014266
0.0052936
0.0072664
0.015195
0.015769
0.3188
0.51676
0.94447
1.6735
2.3828
2.3632
1.4282
0.86158
0.70666
0.59373
0.42951
0.62702
0.77389
0.59778
0.34812
0.23735
0.20242
0.10677
0.085022
0.10467
0.063793
0.065073
0.062662
0.042531
0.034028
0.056345
0.049079
0.17615
0.50828
1.2323
1.6802
2.7533
3.3773
2.7123
1.6224
0.78424
0.78113
0.34836
0.31208
0.19516
0.09398
-0.070101
-0.30701
-0.23788
-0.46379
-0.55575
-0.7616
-0.74972
-0.66176
-0.6135
-0.2095
-0.043191
0.029768
0.21762
0.086323
-0.041847
0.046258
0.021824
-0.078922
-0.008909
-0.032125
-0.041225
-0.057599
-0.12602
-0.07268
-0.050792
0.024614
0.53742
-0.40464
-0.16756
-0.019802
-0.014554
-0.0065135
0.017018
0
0.0023207
0
0.0028528
0.0053838
0.009156
0.00088169
0.0033343
0.0026689
0.0054236
0.0049446
0.0041313
0.0064353
0.066276
0.21058
0.47115
1.0579
2.4975
3.3603
1.8776
1.2785
0.6001
0.37137
0.38529
0.59104
0.40967
0.33324
0.23154
0.1467
0.10569
0.086584
0.054734
0.047063
0.054114
0.0612
0.046776
0.021688
0.01254
0.050282
0.039079
0.069347
0.27835
0.74216
1.1039
1.522
2.0551
1.563
0.87827
0.55908
0.030307
-0.22294
-0.49355
-0.41754
-0.21496
-0.34085
-0.22045
-0.46329
-0.37647
-0.45395
-0.44157
-0.29102
-0.27269
-0.14958
-0.16748
-0.054458
0.08364
0.18822
0.5027
0.44306
0.18279
0.12011
0.15516
0.20214
0.29544
0.29547
0.38056
0.35924
0.37214
0.36749
1.2162
1.4812
0.14954
0.15701
0.032031
0.024285
0.040245
0.012387
0
0.0015565
0.0070594
0.016688
0.0050696
0.010735
0.0088657
0.002894
0.0075763
0.0065905
0.0068612
0.0051151
0.0019927
0.0042623
0.0021241
0.0034578
0.0042254
0.0064069
0.087351
0.25915
0.62596
1.8052
1.8424
1.2118
0.59277
0.17202
0.024555
0.074124
0.32019
0.3732
0.27047
0.12936
0.09841
0.082802
0.054426
0.052404
0.052502
0.031379
0.032227
0.031657
0.015757
0.0067541
0.028569
0.031565
0.049813
0.29468
0.67609
1.3043
1.6274
1.7197
1.9598
1.2517
1.0739
0.56844
0.4797
0.47293
0.25077
0.92889
0.72013
0.65532
0.565
0.35994
0.20082
0.43219
0.061774
0.1168
-0.073069
-0.41608
-0.7743
-0.086982
0.0064359
0.03105
0.16008
0.30376
0.18254
0.16275
0.10709
0.068572
-0.35761
-0.14367
-0.020276
-0.017953
0.38327
0.47847
0.24244
0.22262
0.036981
0.013964
0.011244
0.0080635
0
0
0.014073
0
0.0023913
0.0031609
0.0043265
0.00079703
9.5043e-05
0.0017981
0.00053319
0.0013896
0.00092151
0.00053992
0.00087733
0.0005132
0.00066673
0.00011358
-0.026837
0.030721
0.2931
1.5577
3.0477
1.3499
1.518
1.0242
0.47067
0.3226
0.22087
0.18666
0.18812
0.15797
0.095304
0.10946
0.074672
0.080322
0.085401
0.037426
0.10008
0.1083
0.22169
0.84948
1.6868
2.4265
2.7739
3.165
3.335
2.9104
3.0173
2.6808
2.617
2.8307
2.7358
2.4959
2.2869
1.9077
1.6063
1.3235
1.3839
1.3906
1.3383
0.99026
0.062614
0.0051955
0.1021
0.30571
0.59519
0.57792
0.43852
0.41994
0.52099
0.69806
1.1276
1.1172
1.1787
1.2308
1.1488
1.2644
2.089
2.3413
1.4312
0.3129
0
0
0.021254
0
0.013355
0.0053771
0.011943
0.0053202
0.0063141
0.0076714
0.0062675
0.0032366
0.0054067
0.0043904
0.0045366
0.0048862
0.0041246
0.004526
0.088736
0.13557
0.67184
0.99259
2.1651
1.8222
1.7823
1.7473
1.0238
0.44488
0.29667
0.21478
0.19405
0.17068
0.13257
0.10762
0.097843
0.095956
0.10218
0.10955
0.024825
0.10864
0.094782
0.16676
0.97114
1.6326
3.0561
3.949
4.6504
4.0267
3.5828
3.0657
3.0898
2.9223
3.6414
3.4612
3.1338
3.0103
2.5159
2.2012
2.1107
2.1282
2.1402
1.7054
0.31667
0.00025787
0.0028396
0.031244
0.16879
0.54989
0.52461
0.41558
0.406
0.47524
0.62543
0.77143
1.1011
1.311
1.3373
1.3182
1.2907
2.111
2.5507
1.6505
0.71085
0.12424
0.11692
0.16751
0.056908
0.0025049
0.016472
0.0043364
0
0.0054611
0.0056293
0.003851
0.0023665
0.001235
0.0015197
0.0025754
0.0030028
0.0020872
0.0013951
0.0020322
0.036859
0.12155
0.58864
1.9527
1.2311
0.91677
0.77257
0.20007
0.1708
0.15357
0.12169
0.13429
0.11654
0.096027
0.12935
0.12516
0.096362
0.16407
0.058726
0.12184
0.13412
0.48829
1.1121
1.9617
2.8
3.222
3.6999
4.0356
3.5913
3.415
3.5633
3.4174
3.8478
3.6031
3.3985
3.1772
2.793
2.5684
2.2099
2.5149
1.3673
0.92192
0.35821
0.0029175
0
0.0047813
0.12221
0.16988
0.39991
0.27506
0.44837
0.52158
0.91929
1.3337
1.8448
1.5988
1.9481
1.8023
1.9459
3.144
2.9765
1.3785
0.050199
0
0
0
0.0028741
0.0025307
0.0021952
0.00020432
-0.00019789
-0.002225
-0.0018278
-0.0022092
-0.0025711
-0.0038369
-0.002
-0.0017939
-0.0031991
-0.00089968
-0.0027871
-0.0038221
-0.1554
-0.084939
0.31313
1.5783
0.95731
0.77757
0.35552
0.14503
0.10691
0.091504
0.082678
0.08836
0.080626
0.064747
0.096725
0.056452
0.039031
0.048983
0.010021
0.024303
0.030199
0.16348
0.647
1.6243
2.7638
3.2416
3.4611
2.9602
2.7461
3.0371
3.0966
3.6505
3.9052
4.2732
4.0036
3.9094
3.3625
3.5092
2.7568
2.8342
2.6922
2.2618
2.4645
0.10027
0.1265
0.062476
0.098604
0.13717
0.30844
0.4771
0.37928
0.4627
0.74725
0.88882
1.1322
1.0128
1.2498
1.3329
1.1963
2.0893
2.092
1.6345
1.0948
0.54486
0.2439
0.15177
0.05711
0.011407
0.0015858
0.00052624
0.014385
0.0030462
0.012101
0.0090587
0.0081661
0.001204
0.0033449
0.0033281
0.0041905
0
0.00062255
-0.001148
0.00176
0.21344
0.64911
0.85299
0.8853
0.44131
0.64891
0.67686
0.5262
0.56234
0.31647
0.15435
0.08657
0.071183
0.014863
-0.017216
-0.026377
-0.029383
0.011876
0.013968
-0.016144
0.056988
0.13931
0.11721
0.10923
0.42545
1.0973
2.2282
3.8872
4.3238
5.0502
4.3646
4.223
4.4593
4.078
4.5016
4.6299
5.2754
5.3116
4.5565
4.3603
3.5165
3.0818
3.0368
2.5221
1.9777
1.2925
0.61237
0.084227
0.02089
0.0096486
0.052658
0.042387
0.18508
0.32424
0.25631
0.38674
0.63654
0.99105
1.1264
1.1132
1.2714
1.4671
1.3453
2.056
2.4564
1.6319
1.0222
0.54563
0.22504
0.16873
0
0
0.003542
0.0056775
0.0066133
0.0001398
0.00044806
0.0019668
0.00019421
-0.0015371
-0.0025845
-0.0031352
-0.0056321
-0.0039433
-0.0024648
-0.0044491
-0.08796
-0.11496
-0.05092
1.0928
0.74406
0.57038
0.76268
0.75766
0.61258
0.4911
0.37091
0.26164
0.12681
0.026882
-0.064295
-0.097331
-0.09608
-0.10109
-0.092514
-0.22054
-0.19903
-0.12886
-0.14165
-0.16236
-0.1738
-0.16839
-0.20571
-0.068046
0.12499
0.68913
0.85308
1.4915
1.401
1.5655
1.7318
2.1252
2.497
3.082
3.198
3.1468
2.8046
2.5597
2.4863
1.3848
0.98067
0.3464
0.065932
0.025568
0
0.0077427
0.0092803
0
0.11913
0.19957
0.21186
0.21334
0.45193
0.89437
1.4097
1.5994
1.7222
1.797
2.2032
1.6298
0.79159
0.39034
0.31283
0.09402
0.00018127
0
0.037509
0.0028289
0.0015534
0.0077204
0.0042924
0.00065176
-0.0010863
-0.0017672
-0.0027523
-0.0031505
-0.0010785
-0.0060979
-0.0068636
-0.010394
-0.0078619
-0.0093237
-0.16392
-0.41696
-0.43683
-0.3683
0.0073955
-0.022838
-0.0089397
-0.052585
-0.072328
-0.077205
-0.11422
-0.13255
-0.11324
-0.14038
-0.091586
-0.13043
-0.069727
0.1702
0.12364
0.13623
0.19073
0.46425
0.88229
1.4534
2.3504
3.1288
3.5822
4.2029
4.0226
3.8895
4.2319
4.4956
5.0274
4.9235
5.1821
4.6615
4.2811
3.7192
3.9104
2.6535
1.9387
1.1755
0.24838
0.094673
0
0
0.018569
0.063329
0.076712
0.22794
0.2944
0.36431
0.72206
0.99789
1.4647
1.6159
1.5045
1.9202
1.7404
1.2878
0.5212
0.23909
0.20365
0.029845
3.768e-05
0.0012034
0
0.00015651
0.0040031
0.0048788
0
0.0035764
0.0025614
0.0035209
0.001815
0
-0.00063143
-0.0024554
-0.0026491
-0.0048906
0
-0.0085484
-0.097571
-0.068627
-0.14245
0.65231
0.82644
0.62174
0.61322
0.47621
0.27212
0.20951
0.057897
-0.010762
-0.057887
-0.10215
-0.13578
-0.097105
-0.17378
-0.047638
-0.022123
-0.015421
0.027555
0.057503
0.17195
0.59293
0.87427
1.5696
1.9682
2.6394
2.6112
2.658
2.2843
2.8642
3.0684
3.6726
3.3882
3.3407
3.1769
2.5167
2.5322
2.3568
2.1971
1.9231
1.9824
0.029217
0.0004805
0.041468
0.020185
0.0078916
0.048991
0.13566
0.26363
0.21484
0.32303
0.66925
1.1604
1.5177
1.4754
1.5555
1.4819
2.22
3.0858
2.1625
2.0994
1.3513
1.0454
0.42794
0.34622
0.075813
0
0
0
0.0033345
0
0
0.0025295
0
0
0.0019759
0.00090768
0
-0.00035446
-0.0024896
-0.0035059
-0.0044098
-0.0019268
-0.003703
-0.054631
-0.14951
-0.090341
0.37869
0.59537
0.38657
0.46751
0.34561
0.26935
0.17596
0.095862
-0.0024065
-0.042017
-0.084552
-0.12268
-0.14498
-0.15404
-0.13944
-0.037163
-0.063039
-0.067946
-0.1147
0.12536
0.11598
0.12949
0.16962
0.50592
0.70697
1.152
1.5516
2.4623
2.9472
2.7543
3.0116
3.4794
3.3699
4.2462
4.6556
4.579
4.5933
3.7521
3.3885
3.1155
2.7718
2.7243
2.514
2.0755
1.8567
0.98803
0.62017
0.18903
0
0.0066868
0
0.0051329
0
0.37068
0.0035154
0.19796
0.14015
0.36867
0.62233
1.3288
1.8275
1.9201
1.9868
1.6906
2.7529
3.4577
3.2247
2.792
1.6491
1.2794
0.62073
0.33771
0.27017
0
0
0
0
0.0070654
0.010606
0.0023013
0
0.0036951
0.0022907
0.0018361
-0.0010035
-0.003098
-0.0055699
-0.019979
-0.058467
-0.12131
-0.15158
0.63654
0.53813
0.48362
0.49771
0.40177
0.32504
0.14924
0.063488
-0.036425
-0.0842
-0.10905
-0.15062
-0.14144
-0.19675
-0.21521
-0.19736
-0.20891
-0.1924
-0.16113
-0.032541
-0.041759
0.035833
0.089344
0.19954
0.63545
0.99619
1.3531
1.849
2.0325
2.766
2.2924
3.1363
2.4416
2.9371
3.1511
3.6319
2.9686
2.3379
2.1898
2.0754
2.3493
2.1672
1.9635
1.6522
1.6251
0.51051
0.41853
0.16024
0
0.19349
0.027881
0.11924
0.12498
0.26697
0.48331
1.1014
1.4894
1.6468
1.6938
1.5962
2.4429
3.3526
3.2961
3.1095
1.9498
1.1899
1.0595
0.6268
0.5369
0
0
0
0.0044803
0.019443
0.025379
0.028572
0
0.0098379
0.0067808
0.0044049
0.0026817
0.00067748
0.0018667
0.0018897
0.0020204
0.00036159
-0.0060002
1.2084
0.75089
0.92159
0.82028
0.69713
0.34334
0.27229
0.088618
0.080019
0.014106
-0.044082
-0.041384
-0.045116
-0.027479
-0.067351
-0.069815
-0.062341
-0.098282
-0.1244
-0.061636
-0.054362
-0.17351
-0.49087
-0.46362
-0.093029
0.042564
0.61674
1.09
1.1098
1.3015
1.1327
1.5811
1.8783
1.8618
1.8389
1.8277
1.5414
1.5855
1.1997
1.3
0.7114
0.44479
0.055896
0.015032
0
0.00094549
0
0.028061
0.0049113
0.039026
0.061614
0.12159
0.19226
0.31832
0.57258
0.53831
0.64046
0.8869
0.80393
1.6414
0.40921
0.27911
0.2408
0.23029
0.033227
0
0
0
0
0
0.0011765
0.0028767
0.00024925
-0.00013659
-0.00020311
-0.0006838
-0.0018144
-0.0018512
-0.0047285
-0.0054604
-0.0081219
-0.004177
-0.0023319
-0.12677
-0.090281
-0.12076
1.0935
1.115
1.0105
0.94658
0.8834
0.85876
0.65172
0.16876
0.070007
0.026535
-0.0027349
-0.010664
-0.014477
-0.12434
-0.089004
-0.1471
0.032707
0.04054
0.09985
0.26444
0.58557
0.9838
1.7401
2.3266
2.997
3.6991
3.0177
2.8106
2.3152
2.9903
3.2895
3.5299
3.3966
3.4518
3.0102
2.6075
2.44
2.3346
2.2617
2.1371
1.9722
0.050805
2.8523e-05
0.0064937
0.013518
0.11131
0.072843
0.20667
0.20328
0.25072
0.58215
0.97236
1.4578
1.4423
1.6477
1.5071
1.5721
2.3543
2.1212
2.4336
1.7327
0.9441
0.60455
0
0
0.0024835
0.0010192
0.00092546
0
0.0010655
8.2452e-06
-0.00010525
-0.0014522
0
-0.0017258
-0.00074154
-0.0046976
-0.0058033
-0.0070358
-0.0066426
-0.0069199
-0.084607
-0.13004
-0.04783
0.48574
0.37106
0.3195
0.1975
0.12196
0.074475
-0.065865
-0.1257
-0.17345
-0.17538
-0.2514
-0.25807
-0.18379
-0.19439
-0.10732
-0.093206
-0.16103
-0.15545
-0.19696
-0.44207
-0.60038
-0.49785
-0.24934
0.22378
0.13421
0.40414
0.61533
1.0172
1.4422
1.5066
1.8797
2.136
1.973
1.8923
1.5127
1.5586
1.4752
1.3663
1.6172
1.2975
1.0266
0.60334
0.42489
0.12038
0.0091014
0.0027327
0.047362
0.17973
0.1302
0.1724
0.54983
0.82086
1.1013
1.0235
1.0217
1.1067
1.9245
2.34
1.6762
1.249
1.094
0.71797
0.35418
0.194
0.1009
0
0.0035345
0.041547
0.02246
0
0.0063752
0.0043001
0
0
0.00069444
0.0010439
0
-0.00010319
-0.01861
-0.010331
0.083842
0.24001
0.76604
0.92543
0.91792
0.88713
0.79114
0.55717
0.53757
0.34238
0.22272
0.08348
0.033289
-0.016403
-0.03634
-0.05082
-0.052657
-0.0083534
-0.036953
-0.019168
0.018229
0.19827
0.15486
0.2199
0.5282
1.1086
1.7436
2.6288
3.4667
3.8846
4.2764
3.7803
3.5234
3.8947
3.5567
3.6368
4.2791
4.0845
3.9043
3.1361
3.0782
2.4341
2.457
2.109
2.4116
2.0729
0.058442
0.00083477
0.0093023
0.0030918
0.077009
0.039059
0.24721
0.21152
0.20323
0.47407
1.0081
1.3045
1.3396
1.4603
1.498
1.6278
2.1665
2.5171
1.4301
1.3597
0.6952
0.4923
0.1856
0.15161
0.028869
1.1514e-05
0
0.0020524
9.0064e-05
0.0012216
-6.4794e-06
-0.0012987
0
-0.0043571
-0.0060511
-0.0020095
-0.0076001
-0.0034057
-0.021536
-0.093017
-0.15731
0.051525
0.64876
0.37672
0.31686
0.48771
0.35265
0.24672
0.034591
0.017616
-0.045157
-0.02897
-0.050146
-0.10285
-0.1501
-0.18062
-0.17596
-0.21344
-0.19969
-0.15348
-0.16867
-0.010853
0.10551
0.085574
0.12589
0.23541
0.4594
0.59531
1.0558
1.6381
2.0424
2.4205
2.0268
2.1405
2.381
2.2958
2.5789
2.7593
2.5293
2.4173
2.4376
2.1859
2.3269
2.1236
2.2235
2.1981
1.5914
0.89365
0.0012121
7.1269e-05
0.037371
0.031549
0.034263
0.12323
0.2651
0.21786
0.64103
0.93649
1.3199
1.4554
1.4438
1.5499
3.3178
2.549
2.1231
2.0454
1.3458
1.1764
0.72286
0.33496
0.1938
0.042636
0.013158
0.020626
0.017459
0.0086038
0.0053134
0.0036893
0.0010895
0.00028611
1.5457e-05
0.00084809
0.00023277
0.00068304
-0.010159
0.036225
0.19752
0.44807
1.1292
1.2134
1.1141
1.2824
1.1738
1.051
0.78991
0.70025
0.47175
0.39263
0.37089
0.38652
0.34282
0.3205
0.31715
0.41984
0.39194
0.4375
0.61851
0.42808
0.17675
0.19669
1.1118
2.2079
4.3842
5.5268
6.647
5.4747
4.2291
3.7071
2.7329
2.8297
2.9777
3.031
3.4758
3.211
2.9163
2.426
2.3232
2.0182
1.7735
1.6248
1.5416
0.87825
0.62653
0.30034
0.0058367
0
0.032908
0.077674
0.28084
0.31009
0.5039
0.6567
0.73102
0.91911
1.0225
1.0309
1.2449
1.0681
1.4341
1.7107
1.1505
0.97163
0.55194
0.35979
0.18818
0.13012
0.040699
0.016088
0
0.0031622
0.0016201
0.00022478
-0.00033906
-0.00090227
0.00038459
0.0011899
0.003025
0.0036052
0.0027539
0.00064825
-0.0041317
0.009273
0.16727
0.7041
1.3387
1.257
1.0435
1.1767
1.5372
1.4428
1.1553
0.91138
0.68573
0.55965
0.56674
0.39495
0.36848
0.4042
0.36871
0.42986
0.48564
0.51689
0.62121
0.3371
0.21205
0.14719
0.72828
1.672
2.7621
4.027
4.2044
3.6263
3.1405
2.2979
1.8459
1.4325
1.3662
1.444
1.5915
1.7174
0.67394
0.41521
0.44213
0.68504
0.47822
0.16551
0.088447
0.18355
0.032599
0.030469
0.041727
0.042992
0.10656
0.23951
0.42177
0.53854
0.67843
0.86485
0.98438
1.2888
1.2473
1.4123
1.2737
1.0728
1.9545
1.8577
0.77644
0.66743
0.27838
0.11543
0.043144
0.036854
0.030819
0
0.0038158
0.0030171
0
-0.00015923
-0.00072245
0
-0.0010458
-0.00028841
-0.0012204
-0.00048896
-0.0032082
-0.0043318
-0.0058543
-0.18343
0.048967
0.24077
1.3403
1.4111
1.1918
0.90565
0.85913
0.87673
0.92416
0.91953
0.94143
0.91911
0.7616
0.65566
0.67042
0.59703
0.71769
0.81536
0.74558
0.73495
0.70061
0.50352
0.30272
0.30044
1.0807
2.001
3.5718
4.5963
5.0204
5.392
3.6815
2.8011
1.4807
0.92322
0.70104
0.70212
0.54435
0.12285
-0.13864
-0.14582
-0.064403
-0.05526
-0.32266
-0.4837
-0.48122
-0.56077
-0.053418
-0.017834
-0.043881
-0.053509
-0.1216
-0.11691
-0.16033
-0.2523
-0.3179
-0.3557
-0.271
-0.21402
-0.15354
-0.19204
-0.20691
-0.33613
-0.22571
-0.27748
-1.1818
-0.73036
-0.19213
-0.15206
-0.15276
-0.059112
-0.011196
-0.00013958
0.0016315
0.016878
0.0033944
0.0022079
0.0014571
0.00024009
0.00016822
0.0003753
0.0010401
0.00057996
0.0027593
0.0038681
0.0015103
0.0038261
0.1105
0.12291
0.14671
2.0267
1.2285
1.311
1.516
1.6559
1.7424
1.8271
1.7941
1.4536
0.98753
0.92026
0.6986
0.69553
0.74475
0.63745
0.59261
0.60236
0.58133
0.44937
0.21029
0.1448
0.15863
0.28827
0.70353
1.6915
2.106
0.88292
0.044189
-0.45373
-0.72778
-1.2656
-1.9727
-2.6014
-2.7937
-3.0545
-2.6201
-2.384
-2.1524
-2.1552
-1.967
-1.8788
-2.0997
-1.4352
-1.004
-0.1143
-0.17262
-0.43805
-0.55794
-0.44165
-0.46839
-0.57747
-0.5819
-0.65805
-0.71402
-0.63055
-0.59307
-0.48246
-0.49126
-0.40723
-0.65368
-0.36461
0.43574
-0.034465
-0.12827
-0.075015
-0.030685
-0.010714
-0.00012411
0.00070434
0.001126
-0.00072016
-0.0013604
-0.0040451
-0.0019764
-0.00074497
-0.0015121
-9.5936e-05
0.00042838
0.00042751
0.0010539
0
-0.0032825
-0.026106
-0.0014574
1.0959
1.2538
1.0203
1.4451
1.1458
0.87499
1.0687
0.99318
0.95128
0.92558
0.82676
0.57597
0.66249
0.41322
0.36244
0.40353
0.42334
0.40218
0.50082
0.39199
0.30133
0.23424
0.24704
0.91405
2.0842
3.5551
4.1814
4.1681
4.2641
2.9347
2.2538
1.9356
1.518
1.0354
0.38463
-0.12176
-0.76086
-0.89533
-1.0184
-1.267
-1.2051
-1.4725
-1.3316
-1.4293
-1.5237
-1.6437
-0.97629
-1.0342
-1.1108
-1.1401
-0.91623
-0.67443
-0.73217
-0.6611
-0.47028
-0.46854
-0.41671
-0.36887
-0.39894
-0.30387
-0.31258
-0.59726
0.033064
-0.22782
-0.38141
-0.15321
-0.14671
-0.19244
-0.06779
-0.0054817
0
0.0054422
0.0052609
0.012307
0.0018399
0.0015757
0.0061063
0.0050136
0.0056652
0.0057516
0.0055235
0.016268
0.063492
0.1293
0.16166
0.2152
0.14626
0.3607
0.54264
0.87269
1.1092
0.59223
0.14031
0.0064505
0.051379
0.18115
0.14632
0.20623
0.12622
0.11796
0.13574
0.13553
0.16663
0.13873
0.097508
0.088686
0.10635
0.11563
0.059061
0.14106
0.26709
0.35998
0.17765
-0.4116
0.2336
0.44066
-0.26864
-0.74764
-0.95638
-1.42
-2.0916
-2.3683
-2.6507
-2.7454
-3.0894
-3.1612
-3.06
-3.2449
-3.3694
-2.9449
-3.0498
-3.4651
-3.5993
-0.80397
-0.85588
-0.92388
-1.09
-0.98429
-1.0197
-0.9014
-0.72973
-0.46915
-0.60981
-0.54446
-0.55698
-0.43629
-0.42374
-0.54284
-0.60466
-0.0092191
-0.32689
-0.18979
-0.12306
-0.10165
-0.092493
-0.021008
0
0.00070735
0.015751
0.0041837
0.0027503
0.014427
0.011698
0.023093
0.019758
0.019395
0.0096977
0.018842
0.096247
0.1965
0.23392
0.34
0.41715
0.47239
1.5141
0.59337
0.1383
0.28996
0.46537
0.59728
0.83237
0.80794
0.82988
0.59053
0.58855
0.50469
0.46024
0.42521
0.46211
0.43735
0.29181
0.22324
0.20886
0.28279
0.21565
0.85082
1.921
2.7563
2.8623
2.542
1.9792
1.3225
0.64836
0.34364
-0.015866
-0.54791
-1.0265
-1.6072
-1.8939
-2.2582
-2.533
-2.8284
-2.9705
-2.8582
-2.8395
-3.1373
-2.8122
-3.6359
-2.8379
-2.7639
-2.1824
-1.914
-1.1188
-1.2118
-1.0279
-1.1839
-1.1126
-1.2305
-1.255
-0.95409
-0.90626
-0.68976
-0.61321
-0.65742
-0.58685
-0.62135
-0.64613
-1.0171
-0.85175
-0.63611
-0.2862
-0.072714
-0.019625
-0.01971
0.0013135
0.011394
0.0011188
0.00046008
0.024294
0.013452
0.027917
0.022387
0.036756
0.057829
0.044338
0.042436
0.049818
0.088767
0.18494
0.7731
0.95311
1.2671
1.5796
1.9508
1.6338
1.0684
0.89519
0.54885
0.567
0.91609
1.0193
0.81752
0.6906
0.68915
0.61739
0.45476
0.3656
0.31382
0.27569
0.29852
0.22944
0.18047
0.2621
0.14725
0.22048
0.24432
0.62201
1.8917
2.3907
2.5129
2.0009
2.1086
1.2702
0.87574
0.15291
-0.1271
-0.43912
-1.2138
-1.6107
-2.2297
-2.4332
-2.4978
-2.9543
-2.8961
-2.958
-3.2586
-3.0803
-3.3213
-3.3408
-3.6761
-3.404
-2.7528
-2.7798
-2.216
-1.9701
-1.8957
-2.3372
-2.2944
-2.2627
-1.6782
-1.5022
-1.1888
-0.81305
-0.65477
-0.33486
-0.27693
-0.20289
-0.25404
-0.26606
-0.29973
0.14033
0.025087
-0.00095109
0.012066
0.026408
0.027714
0.015503
0
0.031301
0.03935
0.02376
0.061189
0.064849
0.052187
0.063742
0.042393
0.033709
0.013506
0.03752
0.18946
0.2564
0.31266
0.85491
1.0038
1.2118
1.5477
2.378
1.7061
1.3236
0.86305
-0.00095
-0.39113
-0.33188
0.03478
0.25524
0.34882
0.63985
0.4195
0.28049
0.27517
0.26545
0.19407
0.23048
0.23615
0.20744
0.2604
0.17143
0.23086
0.17157
0.097881
0.49762
1.1671
1.7983
1.1781
0.94996
1.0491
0.73279
0.82845
0.47373
-0.055563
-0.43057
-1.1766
-1.7252
-2.0907
-2.1934
-2.4652
-2.5256
-2.6586
-2.9946
-2.9027
-3.036
-2.797
-2.518
-2.8162
-2.5926
-2.5303
-1.6658
-0.9132
-1.1181
-1.5165
-1.855
-1.5228
-1.4801
-1.4027
-1.3651
-1.5278
-1.6585
-1.4441
-1.3873
-1.1866
-1.0583
-1.1254
-1.6852
-1.3796
-0.85782
-0.27726
-0.027033
-0.0024144
0.018392
0.051973
0.016786
0.0097493
0
0.03785
0.0091342
0.016892
0.056025
0.049692
0.03194
0.031572
0.019893
0.022811
0.058989
0.15115
0.44684
0.49589
0.82912
1.1144
1.1209
1.3961
1.8969
1.7163
1.4794
0.79505
0.021668
-0.4546
-0.53179
-0.2864
-0.17306
0.036526
0.38774
0.32435
0.28502
0.30269
0.23451
0.23552
0.18946
0.19442
0.21267
0.23601
0.18033
0.16956
0.11545
0.048127
0.3101
1.0944
1.7923
1.9019
1.2206
0.87411
0.85916
0.69444
0.39619
-0.14664
-0.7384
-1.4268
-1.7264
-1.8938
-2.1004
-2.1693
-2.2032
-2.2201
-2.2943
-2.5821
-2.476
-2.8948
-2.3159
-2.2736
-2.3576
-2.9391
-1.617
-0.9551
-1.244
-1.613
-2.0265
-1.9137
-1.8153
-1.8135
-1.8514
-1.8659
-1.7601
-1.6542
-1.4752
-1.4651
-1.3743
-1.2104
-1.4583
-0.70061
-0.96566
-0.15604
-0.013516
0.015745
0.021052
0.046162
0.019133
0.0034879
0.007375
0.042177
0.0098225
0.045164
0.14136
0.051987
0.077018
0.048924
0.040409
0.040897
0.11187
0.32336
0.5744
0.52822
1.1597
1.3132
1.5118
1.951
2.5037
2.258
1.2289
0.71704
-0.44215
-0.40384
-0.26293
-0.10385
0.29719
0.8018
0.84034
0.4701
0.39173
0.303
0.34122
0.28231
0.26342
0.25315
0.29452
0.37732
0.31371
0.27859
0.24932
0.074691
0.54533
1.5988
2.3342
2.1704
1.334
1.3118
1.153
0.96052
0.82262
0.30272
-0.43984
-0.97875
-1.3573
-1.6205
-1.6279
-1.9644
-2.356
-2.3958
-2.1995
-2.3523
-2.2701
-2.2486
-2.3541
-1.7979
-1.6392
-1.5204
-0.61438
-0.27854
-0.33167
-0.53417
-0.56461
-0.68264
-0.73908
-0.5683
-0.6563
-0.68979
-0.62919
-0.69951
-0.57947
-0.6066
-0.59927
-0.57974
-0.89851
-0.68316
0.14563
0.071785
0.046568
0.067041
0.10805
0.10776
0.069322
0
0
0.022263
0.015284
0.039332
0.073627
0.032916
0.032646
0.0079663
0.03399
0.022449
0.051677
0.15907
0.24352
0.25669
0.56084
0.88208
0.79236
0.86969
1.1599
0.6549
0.19762
-0.68703
-1.65
-1.5681
-1.6002
-1.3321
-1.1805
-0.70343
-0.19904
-0.3513
-0.12085
-0.062303
-0.024787
0.013565
0.024338
0.035672
0.046579
0.068085
-0.0070454
-0.0002358
0.017648
-0.016393
-0.14587
-0.64106
-2.0946
-3.5447
-3.6184
-2.5564
-1.8988
-1.8496
-2.183
-2.9609
-3.1179
-3.6984
-4.1237
-3.9063
-4.0808
-3.7168
-4.1449
-4.208
-4.1086
-4.107
-4.2503
-3.8744
-3.9709
-3.0098
-2.6862
-2.7237
-1.954
-1.0024
-1.1681
-1.6593
-2.3425
-2.2013
-1.926
-2.0929
-2.1643
-2.3653
-2.372
-2.1355
-1.8972
-1.8934
-1.7539
-1.9271
-2.2336
-1.2357
-0.48736
-0.29487
-0.072391
-0.0072544
0.0055091
0.020736
0.010285
0.00065404
0.0056128
0.014487
0.0054441
0.010889
0.038617
0.010256
0.0075502
0.021733
0.011212
0.016204
0.018143
0.092371
0.1545
0.2772
0.51957
0.95712
1.1548
0.98415
0.78582
0.22972
-0.81574
-1.4756
-1.8296
-1.201
-1.2726
-1.2613
-0.83927
-0.53164
-0.61537
-0.53671
-0.28116
-0.13825
-0.11106
-0.072791
-0.052555
-0.037633
0.037729
0.08094
0.1136
0.14074
0.12757
0.0369
0.20258
0.72359
1.4075
1.6376
0.57666
0.60165
0.53886
0.56261
0.44874
0.1399
-0.48695
-1.0843
-1.5937
-1.5478
-1.4708
-1.6329
-1.6536
-1.5875
-1.6192
-1.8841
-1.9241
-1.9926
-1.5693
-0.98338
-0.51852
-0.80077
-0.53862
-0.23872
-0.27081
-0.50355
-0.84558
-1.0466
-1.2085
-1.2943
-1.3092
-1.7396
-1.6462
-1.9116
-1.4225
-1.5758
-1.2633
-1.4002
-2.3397
-2.366
-1.5794
-0.66733
-0.14872
-0.082094
-0.060309
-0.08809
-0.015541
-0.0021743
0
0.007009
0.0045764
0
0.020066
0.027153
0.017582
0.0087299
0.018161
0.015989
0.014243
0.03768
0.15537
0.22118
0.56519
0.89936
1.1879
1.1997
1.0679
0.69172
-0.054957
-0.30113
-0.51676
-0.53223
-0.70021
-0.75099
-0.94238
-0.96205
-1.0005
-0.72374
-0.29141
-0.19366
-0.13622
-0.10141
-0.11313
-0.08784
0.004701
0.12259
0.13047
0.10586
0.02948
0.0080887
0.042521
-0.034768
-0.26057
-1.3418
-2.0194
-1.6588
-1.2048
-1.3237
-1.3945
-1.7883
-2.2222
-2.5493
-2.5912
-2.6804
-2.2851
-2.6516
-2.5902
-2.6475
-2.5867
-2.4349
-2.3362
-2.0941
-1.0523
-0.8567
-1.5862
-0.70594
-0.11775
-0.00041931
-0.018139
-0.035599
-0.22336
-0.43172
-0.41754
-0.39682
-0.48964
-0.67295
-0.99963
-1.0578
-1.0551
-1.1349
-1.1783
-1.3314
-1.5371
-1.3698
-1.5269
-1.2844
-1.4054
-1.4658
-1.4237
-1.5009
-1.2594
-1.2993
-1.1596
-1.0543
-0.95716
-0.79243
-0.59706
-0.41033
-0.33425
-0.23292
-0.21614
-0.17415
-0.18499
-0.1477
-0.15106
-0.1467
-0.1711
-0.21805
-0.21338
-0.24871
-0.28461
-0.29045
-0.23479
-0.3593
-0.36604
-0.40426
-0.50017
-0.51567
-0.59943
-0.56884
-0.60908
-0.58576
-0.5706
-0.59792
-0.51142
-0.50352
-0.46265
-0.43747
-0.42676
-0.39778
-0.37215
-0.40335
-0.34517
-0.34474
-0.34319
-0.32193
-0.34305
-0.31031
-0.24941
-0.29879
-0.2679
-0.28396
-0.2957
-0.31461
-0.35869
-0.33088
-0.3499
-0.3471
-0.36009
-0.38997
-0.39176
-0.37418
-0.37537
-0.32826
-0.38053
-0.36803
-0.35165
-0.40295
-0.35597
-0.42206
-0.33738
-0.34916
-0.32402
-0.25814
-0.29471
-0.28808
-0.24203
-0.26699
-0.25503
-0.2458
-0.29005
-0.28896
-0.28601
-0.36467
-0.35709
-0.43034
-0.42833
-0.41997
-0.42313
-0.43244
-0.42484
-0.45713
-0.49973
-0.47939
-0.52771
-0.48098
-0.49077
-0.50275
-0.45971
-0.46587
-0.42715
-0.47854
-0.39493
-0.42063
-0.38396
-0.38764
-0.35264
-0.31026
-0.2914
-0.34133
-0.30903
-0.37759
-0.31894
-0.34486
-0.33242
-0.42446
-0.41437
-0.42678
-0.39424
-0.48489
-0.44423
-0.53679
-0.58368
-0.53051
-0.56256
-0.54814
-0.5195
-0.49775
-0.41063
-0.47
-0.43249
-0.37434
-0.36327
-0.28298
-0.27526
-0.25915
-0.21303
-0.1961
-0.17115
-0.11136
-0.14345
-0.13556
-0.17081
-0.18535
-0.19626
-0.27107
-0.29079
-0.32514
-0.33008
-0.33548
-0.41735
-0.38469
-0.39642
-0.44
-0.46505
-0.44126
-0.44613
-0.41026
-0.41843
-0.40125
-0.40654
-0.30399
-0.28169
-0.32095
-0.26851
-0.27681
-0.2264
-0.18307
-0.1929
-0.17422
-0.24463
-0.22826
-0.23283
-0.25098
-0.24442
-0.28334
-0.35756
-0.33292
-0.35893
-0.3885
-0.36185
-0.44693
-0.36715
-0.41589
-0.43804
-0.39714
-0.42679
-0.34375
-0.38636
-0.36134
-0.36117
-0.30432
-0.34602
-0.30519
-0.2984
-0.269
-0.25977
-0.29522
-0.29051
-0.26279
-0.29833
-0.31923
-0.3335
-0.3211
-0.36544
-0.33823
-0.38451
-0.38897
-0.37343
-0.43053
-0.38722
-0.43645
-0.38162
-0.40685
-0.4593
-0.39087
-0.41342
-0.45223
-0.36488
-0.41041
-0.34938
-0.39172
-0.32294
-0.28955
-0.28873
-0.29411
-0.23644
-0.27606
-0.23654
-0.23929
-0.23603
-0.2337
-0.2663
-0.24934
-0.29321
-0.3161
-0.31852
-0.3241
-0.32929
-0.34685
-0.38908
-0.38656
-0.37659
-0.42152
-0.38201
-0.39244
-0.36896
-0.38012
-0.38338
-0.36047
-0.3318
-0.34549
-0.32194
-0.34846
-0.30032
-0.30328
-0.30877
-0.31189
-0.30642
-0.33267
-0.30458
-0.32632
-0.24864
-0.30027
-0.33056
-0.30003
-0.33944
-0.33583
-0.37128
-0.33205
-0.33851
-0.39245
-0.36555
-0.36733
-0.34955
-0.33429
-0.33121
-0.36206
-0.34612
-0.37874
-0.3387
-0.31915
-0.32449
-0.29904
-0.33837
-0.3147
-0.29469
-0.3242
-0.3111
-0.33929
-0.31134
-0.34964
-0.31661
-0.32702
-0.3479
-0.29784
-0.3457
-0.36618
-0.32201
-0.36281
-0.36614
-0.3584
-0.36856
-0.34824
-0.39772
-0.34651
-0.3207
-0.35621
-0.34568
-0.32929
-0.31542
-0.29858
-0.33637
-0.28403
-0.3501
-0.299
-0.31029
-0.32358
-0.35143
-0.29889
-0.35748
-0.31855
-0.32788
-0.35166
-0.33243
-0.31474
-0.34316
-0.31767
-0.32722
-0.32368
-0.29967
-0.3578
-0.34162
-0.33938
-0.31938
-0.35285
-0.33036
-0.3091
-0.31813
-0.29302
-0.3139
-0.36148
-0.30747
-0.30521
-0.32951
-0.30489
-0.33854
-0.28813
-0.30155
-0.35158
-0.30414
-0.34784
-0.30355
-0.38329
-0.33573
-0.33036
-0.37035
-0.3126
-0.32992
-0.30918
-0.30726
-0.33704
-0.35287
-0.34151
-0.33923
-0.39035
-0.34059
-0.37883
-0.33869
-0.38173
-0.33192
-0.30828
-0.34316
-0.34187
-0.34969
-0.31012
-0.34066
-0.30133
-0.32864
-0.2949
-0.29935
-0.31508
-0.3449
-0.33055
-0.31685
-0.33846
-0.29684
-0.32838
-0.35805
-0.31988
-0.35802
-0.32654
-0.32257
-0.30584
-0.29789
-0.3133
-0.29921
-0.30087
-0.31445
-0.31894
-0.33581
-0.35184
-0.32075
-0.32269
-0.30411
-0.32435
-0.30299
-0.31743
-0.31127
-0.284
-0.3122
-0.32918
-0.30244
-0.34107
-0.32816
-0.33314
-0.32225
-0.33118
-0.33239
-0.325
-0.30834
-0.33526
-0.3255
-0.32879
-0.35482
-0.32872
-0.32865
-0.36625
-0.34181
-0.34225
-0.32295
-0.36043
-0.31599
-0.35965
-0.32257
-0.31021
-0.34994
-0.32106
-0.31522
-0.35044
-0.31967
-0.31405
-0.37439
-0.30638
-0.3486
-0.31017
-0.31652
-0.34001
-0.27841
-0.34211
-0.34219
-0.28944
-0.29017
-0.27074
-0.30462
-0.28306
-0.30432
-0.30847
-0.28878
-0.27287
-0.30045
-0.3028
-0.28834
-0.31729
-0.29175
-0.33216
-0.33359
-0.35449
-0.36693
-0.32848
-0.34327
-0.3105
-0.32977
-0.29323
-0.30622
-0.25957
-0.33181
-0.30001
-0.31284
-0.30513
-0.33991
-0.31679
-0.26311
-0.31307
-0.3469
-0.29445
-0.31382
-0.3221
-0.32326
-0.30592
-0.34905
-0.28847
-0.364
-0.34209
-0.31242
-0.34697
-0.32481
-0.34208
-0.33876
-0.35522
-0.33936
-0.36562
-0.35431
-0.34143
-0.33026
-0.35528
-0.3214
-0.32873
-0.31722
-0.31795
-0.30717
-0.31222
-0.28843
-0.34135
-0.33601
-0.34785
-0.35496
-0.31263
-0.31067
-0.32776
-0.34327
-0.33739
-0.35258
-0.32826
-0.37149
-0.36358
-0.33282
-0.36144
-0.33768
-0.36062
-0.37666
-0.34163
-0.38267
-0.33052
-0.36571
-0.3309
-0.38372
-0.39213
-0.36529
-0.35715
-0.39049
-0.33928
-0.36845
-0.37308
-0.34778
-0.37123
-0.3588
-0.34996
-0.35492
-0.3144
-0.37498
-0.36704
-0.33702
-0.37128
-0.3525
-0.36959
-0.36573
-0.39719
