10.569
9.691
10.17
9.5889
10.283
10.46
10.474
9.6336
10.17
9.676
10.486
9.5418
9.9334
9.8
9.5667
10.547
9.6279
10.209
9.6078
10.478
9.9585
9.8447
9.6013
10.527
9.6634
10.524
9.5295
9.6925
10.519
9.8226
9.7082
10.546
9.6174
10.569
9.6172
10.422
9.6989
10.164
10.081
10.542
9.6194
10.061
9.5687
9.6606
10.448
9.4849
9.9185
10.474
9.6054
10.517
9.5739
10.419
9.5782
10.459
10.126
10.182
9.234
10.27
9.5965
9.648
10.448
9.4944
9.8088
10.497
9.7025
10.532
9.5629
10.501
9.7062
9.6845
9.7602
9.6407
10.151
9.6039
10.266
10.407
10.283
10.368
10.367
9.5467
10.429
10.318
9.5793
10.433
9.2694
10.405
9.702
9.245
9.6802
9.5829
10.102
9.5547
9.5852
10.238
9.6094
10.087
10.364
9.5396
10.008
10.301
9.5273
10.44
9.4035
9.9445
10.454
9.2105
10.403
9.5345
10.09
9.5875
9.9158
10.072
9.6289
9.5655
9.31
9.5378
10.426
10.459
9.7083
10.367
10.029
9.6046
10.427
9.1916
10.079
9.7074
10.085
9.869
9.5658
10.215
9.6062
10.441
10.339
9.6063
10.159
10.11
9.5264
10.266
9.5208
10.362
10.34
9.2074
10.152
9.5381
9.1966
10.331
9.5954
9.6505
9.7169
10.332
9.5892
10.426
10.277
9.5932
10.38
10.191
9.5168
10.368
9.4332
10.383
9.5253
9.6714
10.321
9.562
10.398
9.524
9.555
9.1776
9.5329
10.379
9.2314
9.5626
9.5608
10.132
9.5449
10.374
9.4846
10.328
10.4
10.379
10.41
9.4273
9.5558
9.5076
10.044
9.4524
10.214
9.3201
9.4515
9.8889
9.5834
9.4173
10.31
9.4638
10.158
9.5175
10.403
9.235
9.8889
10.224
9.5329
9.4797
10.251
9.4286
10.318
9.249
9.3878
10.263
9.1172
10.294
9.9722
10.166
9.7731
9.5011
10.294
9.5174
10.331
10.248
9.5173
10.304
10.233
9.4514
10.343
9.1495
10.336
9.8385
9.5174
10.34
9.2393
9.1569
10.385
9.544
10.284
9.5093
9.4898
10.327
9.4585
9.1288
9.5334
10.389
9.3822
10.317
9.1702
10.37
10.296
10.148
9.1403
10.268
9.4901
9.9639
9.4419
10.247
9.7258
9.5112
9.476
9.5471
9.1035
10.332
9.4915
9.8005
9.4842
9.5907
9.4384
9.3793
10.461
10.023
9.4145
10.274
9.4966
10.257
9.3917
10.225
10.261
9.4595
10.338
9.5171
10.377
9.5243
9.5377
10.376
9.2354
9.4508
10.327
9.2417
10.341
9.8775
9.5355
9.861
11.575
10.3
12.226
11.653
12.891
12.505
12.156
13.338
11.67
11.638
10.808
12.261
10.684
11.032
11.597
10.631
11.988
10.431
11.663
11.654
10.762
11.1
10.023
10.714
9.2134
9.5737
8.6492
7.376
7.003
20.422
19.425
9.1117
4.6731
2.0871
1.8034
1.6329
0.15615
0.18201
0.32691
0.11783
0.28685
0.18797
0.21256
0.27093
0.23338
0.26208
0.32803
0.14777
0.31562
0.23997
0.29472
0.27491
0.32609
0.24773
3.9668
12.823
12.667
9.412
11.21
12.547
12.267
12.115
10.088
11.399
9.9962
9.8416
9.2042
8.7016
8.4496
8.4422
7.8959
9.1226
7.5907
5.4899
2.4868
2.207
3.779
9.6834
15.85
24.832
31.284
38.055
37.53
35.23
33.349
30.849
32.069
34.638
37.977
35.271
31.058
29.763
32.051
31.357
35.303
30.25
21.836
12.573
2.9309
1.1604
1.0854
0.48159
0.18354
0.081657
0.17206
3.9298
8.3009
16.772
16.476
14.591
16.631
21.328
28.804
27.604
29.084
27.758
32.566
31.947
11.834
8.3834
3.2616
0.5881
0
0.016255
0.2794
0.11958
0
0
0
0
0.12567
0.11082
0.038793
0.099992
0
0.096213
0.10905
0.066105
0.26369
0.16015
0.2075
4.8621
6.6184
16.378
18.041
8.8688
10.526
11.079
12.391
11.965
13.189
11.503
9.8897
8.1379
7.7893
7.3938
8.2232
7.9431
8.3195
9.3635
6.9584
8.8721
14.833
20.351
26.305
33.829
33.617
36.627
34.662
31.944
31.944
32.189
34.585
37.625
39.12
39.903
37.003
32.815
33.094
31.335
31.163
31.09
30.689
1.414
0.10262
0.062496
0.0059896
0.14759
1.5344
4.8175
7.6063
5.0139
4.664
9.5584
14.415
21.426
21.33
22.793
22.862
31.991
33.978
29.637
5.8673
4.3994
0.074238
0
0.018318
0.13677
0.052096
0.13169
0.013459
0.011587
0.0032233
0.25019
0.24755
0.13682
0.038283
0.13105
0.16996
0.25288
0.27092
0.16123
2.9427
7.1001
12.949
22.985
20.492
14.383
15.107
14.805
15.981
14.39
6.391
5.5446
5.7823
6.1031
6.6197
7.3579
6.4218
7.1357
5.2202
4.5392
4.7175
6.7701
15.197
22.693
27.16
36.43
37.887
43.459
37.526
35.33
31.836
30.495
32.503
41.591
41.342
41.847
37.078
36.658
33.246
32.993
31.943
34.371
32.521
31.776
21.481
14.084
2.6992
1.161
0.1223
0
0.093658
1.8596
1.5913
5.997
4.8592
5.3364
6.5392
11.949
19.388
19.473
17.012
19.897
19.663
29.854
30.869
25.01
21.701
13.722
8.1157
3.4676
1.3462
0.025198
0.029809
0
0.4743
0.088351
0.011576
0.18672
0.17304
0.016267
0.19891
0
0.14391
0.039191
0.018816
0.1079
0.11115
0.27562
0.07065
0.29548
3.0906
10.125
15.148
19.899
18.714
16.958
16.403
14.291
12.686
9.0142
8.161
8.394
7.3933
7.4199
6.9636
7.7034
6.845
5.7938
2.9953
2.1642
1.9188
8.8033
16.084
23.797
31.87
37.158
40.09
40.295
35.546
38.226
33.328
36.194
42.393
44.61
43.958
41.676
40.221
36.962
32.824
33.25
30.31
27.433
21.505
4.8408
1.4651
0.96274
0.073319
0.24323
0.63769
3.2913
4.1593
4.4046
5.4858
10.248
15.775
16.588
17.157
17.86
18.213
21.709
26.483
28.545
24.935
18.663
9.0324
4.4047
2.4143
0.71073
0
0
0.055803
0.10166
0.22696
0.13102
0.18552
0.058031
0.011576
0.049103
0.041192
0.23533
0.10688
0.037165
0.11232
3.507
7.8149
14.484
23.609
21.177
17.439
19.189
18.387
18.623
16.506
16.741
12.754
9.7973
8.7758
7.736
7.0155
6.7458
5.4975
6.1448
6.683
6.1978
5.7935
3.5748
1.9186
3.7256
9.2309
17.731
25.023
30.752
37.242
38.942
41.153
33.255
41.696
40.408
41.524
39.509
34.8
33.034
31.629
29.498
30.974
29.003
28.377
21.09
15.639
2.8212
1.1376
0.23356
0.074386
0.17913
1.8178
1.7323
4.8941
5.6109
4.3245
7.4203
12.311
16.997
16.978
17.69
17.836
19.657
27.227
32.844
26.445
22.267
12.38
7.0251
3.6179
0.142
0.12072
0
0.15522
0.14774
0.026738
0
0.12455
0.055102
0.072303
0.17017
0.16478
0.1589
0.26292
0.11724
0.57879
3.2961
11.084
17.567
25.473
21.619
18.636
18.524
19.696
17.972
18.4
16.88
14.201
11.279
7.4287
6.2295
6.664
5.8172
6.4303
6.6168
6.3671
6.274
4.2465
2.8061
1.513
2.6729
7.6329
14.969
21.589
30.561
34.335
37.283
33.163
39.153
40.552
41.986
39.746
35.569
35.046
31.222
32.171
32.153
31.545
29.554
28.95
22.508
15.66
3.2982
1.2419
0
0
0.11241
1.8694
1.5684
4.7329
4.5189
6.063
16.502
18.245
19.456
21.593
30.333
28.958
25.657
23.679
11.245
7.3763
3.2483
2.3727
0.023063
0
0
0.29753
0
0.0988
0.26926
0.15422
0
0.13369
0.13078
0.03236
0.026598
0
0.17428
0.19666
0.25311
0.11375
0.71541
2.9509
9.7363
19.285
19.137
17.404
17.809
16.02
13.291
9.2497
7.4163
6.4626
6.8236
6.2308
6.7014
6.2244
6.9052
7.0362
6.1938
3.9036
2.5549
3.6802
6.7618
15.177
22.527
28.9
32.257
42.239
40.407
40.928
33.7
35.157
36.692
39.894
40.622
41.149
38.8
37.896
33.239
32.571
29.908
30.283
32.776
29.856
25.913
24.599
0.060804
0.037332
0.6827
0.44687
3.7765
5.0045
5.8031
7.2811
12.592
15.867
18.527
21.289
20.12
21.503
24.592
31.146
33.843
28.573
22.299
16.334
9.7737
6.0175
3.9463
0.64968
0.2036
0.46632
0.1475
0.10113
0.14541
0.12352
0.17932
0
0.13971
0.10867
0.058052
0.091951
0.02764
0.12214
0
0.13086
0.17979
0.19268
15.583
10.515
11.576
16.227
16.297
12.54
8.7135
6.7093
5.9844
4.9324
4.7921
4.2969
4.7089
4.3352
4.6763
5.4795
6.0023
4.4945
2.4952
2.1157
2.0883
12.201
29.882
41.771
51.301
40.717
33.879
34.181
37.937
38.46
42.05
39.429
44.624
45.769
42.035
41.729
37.162
34.947
36.005
32.58
33.497
33.019
28.283
1.963
0.06303
0
1.4779
3.4482
4.8512
6.8167
7.1948
8.9387
13.412
18.123
20.181
19.192
18.574
20.836
19.043
31.049
31.53
23.115
13.614
6.4187
3.3416
3.1711
3.2348
0.5922
0
0
0
0.00051744
0.19244
0.13618
0
0.13522
0.082487
0.12055
0.090805
0.031437
0.13754
0.48868
4.0082
4.0182
11.034
21.017
29.478
23.721
15.085
15.36
21.739
22.987
18.462
14.909
10.178
6.5974
5.7351
4.7701
5.0528
4.7478
4.4218
4.7695
4.6237
4.8957
2.7531
1.5605
1.3106
1.4328
11.386
26.199
40.266
49.715
38.681
37.933
33.603
33.431
39.947
39.084
42.525
43.073
42.157
41.348
36.473
32.609
33.835
30.513
28.365
28.37
25.258
20.439
5.7955
2.4516
0.23827
1.4155
3.0097
3.9073
6.1
6.2939
7.3081
14.869
17.529
19.996
22.305
19.427
20.751
21.605
19.493
34.475
28.526
25.607
13.138
5.3761
4.2862
2.9794
3.8337
1.2444
0
0.0015524
0.0041461
0
0.11582
0.055141
0.059658
0.18894
0.0078572
0.15861
0.085777
0.07329
0.26571
2.0347
2.7426
7.4939
12.3
20.142
29.566
23.172
16.775
17.903
21.863
20.894
20.019
15.836
11.319
6.9728
6.4596
5.2107
4.9556
4.3504
4.6284
4.2603
4.6145
4.0165
3.2907
1.9892
1.289
1.3293
9.793
23.206
40.297
46.782
44.139
38.195
32.964
37.354
44.61
42.18
43.091
40.405
35.455
34.991
31.559
31.497
33.654
29.357
28.423
29.268
23.268
11.839
3.958
0.60423
1.8838
5.7936
4.9693
5.1176
8.2604
11.323
15.746
20.228
21.3
20.947
20.52
18.481
21.925
21.168
34.154
32.824
22.647
12.597
6.4498
3.9625
4.5091
3.4691
0.70623
0
0.031671
0.11783
0
0.14704
0.061507
0.078953
0.15374
0.029957
0.061524
0.089812
0.16949
0.68574
3.0788
3.4502
9.9851
16.022
22.792
29.056
26.933
18.364
18.418
20.373
19.579
19.639
17.123
9.3961
8.2049
5.4519
5.2738
5.8818
5.7393
4.2275
4.4192
4.206
4.4904
2.8565
1.8545
1.956
1.4501
8.4117
22.648
41.858
51.398
42.247
35.8
34.205
34.869
39.067
39.861
44.656
43.975
43.561
45.125
42.547
40.751
39.892
37.059
37.925
35.75
37.709
33.933
33.017
34.243
30.732
24.479
10.119
3.3968
5.6278
9.5374
13.301
10.605
9.3542
12.679
14.817
17.681
17.93
16.751
16.748
16.169
16.14
16.121
27.617
30.842
21.378
9.8315
4.0842
3.0812
4.296
3.529
0.68237
0
0
0.30852
0.11802
0.19193
0.071825
0.19674
0.23104
0.092566
0
0.14063
0
0.11819
0.12533
8.4371
15.816
17.784
28.08
36.877
34.093
22.904
18.177
19.653
20.324
23.119
16.282
10.84
7.5485
5.2805
4.2433
4.4399
3.5474
2.657
1.738
1.5656
1.4377
0.80457
0.67554
1.504
0.92053
5.8167
19.316
38.629
36.925
39.907
38.68
41.409
46.876
44.29
46.647
43.36
40.895
39.879
40.233
35.037
35.392
34.056
35.817
32.663
32.645
31.417
23.076
11.062
3.4118
6.1877
13.127
15.827
16.904
18.48
17.628
16.597
16.469
16.709
15.889
29.026
30.293
21.626
8.7372
3.3416
3.4486
3.3965
4.1877
0.62278
0
0.091826
0.3
0
0.20635
0.43217
0.35279
0.31694
0.02574
0.14734
0.19867
0.052938
0.16028
0.11462
0.21457
3.4816
4.7262
8.1876
13.492
20.599
18.924
16.566
21.602
24.113
17.961
10.561
7.6366
5.6864
5.0963
4.1631
4.4569
3.2951
2.3843
2.4681
2.2985
1.6685
1.0264
1.8665
1.0561
6.2856
17.563
38.431
32.36
37.188
39.083
44.269
44.212
46.608
44.898
46.174
43.898
41.697
38.02
39.471
34.454
38.018
36.646
34.22
32.667
31.369
24.407
12.685
5.8301
8.1093
15.003
16.855
20.053
20.147
18.936
20.32
18.264
17.326
20
29.275
32.178
22.292
11.307
3.7802
2.9183
3.3718
4.348
0.43572
0.043642
0.14223
0.098027
0.12142
0.11994
0.20248
0.10575
0.16479
0.045561
0.014824
0.12354
0.078144
0.078048
0.099935
0.16393
19.486
32.587
40.567
27.915
20.351
18.917
17.787
23.531
24.095
23.649
11.892
7.8038
5.7106
4.2041
3.7773
3.0536
1.9604
1.8129
1.4537
1.7143
0.58132
0.22056
1.3945
0.50085
2.9768
18.397
30.272
31.038
37.332
39.104
44.557
44.957
44.743
45.895
45.173
40.901
41.771
36.561
39.473
38.647
37.306
36.19
38.169
33.105
35.308
27.23
15.697
10.641
12.768
17.993
19.84
18.891
20.177
17.595
16.32
17.148
15.233
12.15
28.805
28.63
19.255
7.5869
2.6821
3.0711
3.7251
3.1729
0.46085
0
0
0.22227
0.12563
0.013457
0.17373
0.12725
0.072232
0.054971
0.064967
0.069995
0.084911
0.12336
0.12335
0.19089
0.70587
1.7055
37.537
32.952
20.574
16.925
18.264
22.858
26.125
30.383
20.584
11.079
6.7894
4.0803
3.9295
3.6465
3.7257
2.0955
1.6959
1.2423
0.50894
0.14079
1.9568
0.87217
5.5877
15.89
34.366
49.397
42.021
34.942
30.597
31.954
44.787
44.155
45.359
42.739
41.216
36.085
37.452
33.348
36.244
36.269
36.066
35.669
36.559
26.812
16.032
6.1205
11.876
14.904
19.942
22.934
20.31
20.004
19.473
23.525
25.295
20.778
20.155
29.227
20.312
7.1289
1.7634
1.8736
4.2427
4.5121
0.13904
0.081746
0.1246
0.50761
0.031599
0
0.14196
0.10181
0.084368
0.085346
0.21033
0.092655
0.13288
0.19785
0.091841
0.29695
0.22758
0.16882
2.01
5.3886
12.712
22.225
30.707
24.966
21.583
21.293
20.194
15.026
12.588
11.394
11.397
8.2202
7.0319
7.0276
7.3443
5.8976
4.604
2.688
2.7093
2.0124
7.4235
17.071
26.419
32.011
41.503
39.323
35.458
35.824
37.53
36.337
44.247
42.524
46.36
40.093
42.236
38.382
38.849
34.752
35.898
34.842
31.829
31.576
18.985
10.877
10.235
13.828
23.074
25.189
21.711
18.474
15.355
18.083
19.207
23.062
22.243
20.125
16.292
16.256
20.592
23.73
18.427
7.1521
2.3419
2.0366
0.93582
0.7111
1.5202
0
0
0.056995
0.13167
0.15321
0.093622
0.18794
0.1266
0.10594
0.096344
0.14819
0.14418
2.8183
1.9491
10.902
19.971
33.501
37.76
26.172
23.541
22.363
20.662
22.043
24.006
24.728
19.945
12.131
7.7138
7.1808
5.7595
5.1442
4.0392
3.8932
3.6129
2.0756
1.416
0.22534
0.8802
0.82534
2.4471
10.799
27.048
37.164
38.952
37.606
29.946
32.29
36.939
40.673
40.119
35.732
37.347
36.359
34.826
34.173
33.44
30.783
33.17
29.714
29.94
19.946
3.6543
1.9226
3.8969
5.0366
12.585
17.393
19.795
16.539
16.311
20.287
23.669
28.486
27.575
26.638
23.987
22.979
31.847
36.672
25.694
18.464
7.4043
2.9387
2.8296
4.4153
2.1405
0
0
0.012524
0.022435
0.076899
0.34382
0.06107
0.0378
0
0
0.1937
0.022853
0
0.2026
2.0207
7.0134
11.559
23.167
31.542
22.92
18.921
18.884
23.565
21.532
17.924
17.64
12.863
10.545
8.1424
5.2259
4.8971
5.203
4.4833
4.5899
4.3818
3.501
2.4446
1.3508
1.0163
1.2285
5.8487
15.204
25.106
38.564
43.484
42.016
34.773
34.188
32.259
39.432
39.116
40.858
44.309
42.302
41.759
37.765
38.893
35.109
33.382
34.749
33.518
21.163
8.5359
4.3344
5.4622
8.5771
12.934
14.99
15.728
13.23
14.805
13.591
17.895
20.531
19.186
19.242
16.556
15.067
27.228
28.925
19.475
10.183
4.6458
2.2986
2.2045
0.56264
0.43834
0
0
0.053555
0
0.2629
0.075614
0.03285
0.026149
0.23494
0.17939
0.26957
0.026686
0.14005
0
0.078942
19.261
27.972
33.822
27.111
22.363
23.987
21.395
17.415
18.726
21.005
15.493
12.294
8.6575
6.9532
4.8607
5.2453
4.7311
4.7866
4.6445
3.5129
2.2724
1.0084
0.83162
0.7927
3.3939
10.475
19.952
28.843
36.564
34.97
33.892
30.665
34.1
34.603
38.362
41.261
43.304
42.745
39.449
34.712
36.168
31.909
32.459
31.345
27.875
13.976
3.9998
2.8325
3.1351
6.2921
9.4122
16.035
18.678
15.249
14.51
17.812
23.972
24.405
24.134
25.617
23.444
25.225
28.946
29.801
28.971
19.519
7.75
4.0747
2.3601
2.5236
1.5178
0
0
0.0051924
0
0.14032
0.34208
0.15012
0.0305
0.25975
0.28813
0.13189
0.12632
0.036275
0.099257
0.19254
0.23839
0.16413
2.7142
4.1698
23.576
19.965
20.798
22.325
19.609
19.597
14.957
12.111
9.8661
8.558
6.1488
5.2246
5.0376
4.683
4.9254
4.7964
4.056
3.2661
1.9925
0.97389
1.4506
6.4443
15.469
25.828
36.357
41.448
39.733
34.439
34.883
34.51
39.343
43.45
41.603
46.111
40.263
40.991
38.943
40.511
39.148
36.493
35.594
31.656
21.564
9.2716
3.261
3.3402
8.1671
14.52
14.652
15.367
14.425
13.49
16.304
19.156
23.378
25.525
23.08
23.516
19.259
27.117
31.422
25.043
16.671
6.719
2.7111
3.1043
1.9133
0.35329
0
0
0.1488
0.031631
0.34131
0.34441
0.023069
0.036486
0.14007
0.21294
0.19782
0.072785
0.12008
0.13451
0.061117
0.15336
2.4189
1.317
10.071
23.711
22.981
20.891
19.602
19.38
18.84
12.825
10.867
9.8657
5.9082
5.3685
4.5374
4.5374
5.1757
4.927
3.98
1.8774
1.2107
0.82348
0.87915
4.0418
11.821
23.368
30.988
36.013
40.491
35.449
32.262
34.01
37.307
39.774
39.817
43.413
41.658
39.561
36.554
36.468
35.858
30.063
30.771
29.095
16.04
4.5718
3.0657
3.4814
5.8179
10.919
16.042
17.266
14.771
13.267
16.138
20.89
25.566
23.5
23.57
23.42
21.527
31.097
31.352
26.896
16.728
7.3297
4.0008
2.715
1.9303
1.6988
0
0
0
0.035885
0.17414
0.33168
0.089442
0.014038
0.20317
0.31141
0.070656
0.071558
0.095955
0
0.19911
0.16405
24.106
29.238
25.447
21.997
21.975
22.568
17.825
18.192
16.77
12.957
12.025
7.2864
4.91
4.5072
4.5681
4.8435
4.2898
4.7793
3.9872
2.6472
1.4335
0.81634
0.7768
3.4054
11.257
20.508
28.904
34.563
38.564
34.898
32.052
31.407
31.774
36.072
37.613
42.277
39.673
38.311
36.914
36.79
33.502
30.945
32.277
34.427
33.202
30.338
30.176
23.201
15.868
2.8127
17.443
17.961
16.878
15.81
20.977
24.934
29.269
29.701
25.729
26.947
27.485
32.993
31.654
29.442
20.438
9.1943
5.2812
3.7821
2.6917
0.88379
0.024057
0
0
0.056205
0.085394
0.38446
0.01293
0
0.27585
0.27998
0.15458
0.045999
0.1798
0.073708
0.24829
0.098867
0.12167
2.412
3.2955
11.613
19.403
27.355
22.975
21.111
22.273
20.163
21.573
20.162
17.439
17.572
12.629
9.8243
8.5366
8.1956
6.8814
7.1292
6.5793
7.4915
5.5754
4.6021
2.4903
1.3142
1.5994
8.179
14.461
21.664
26.968
35.041
36.164
38.919
35.685
32.318
30.462
37.159
38.333
43.011
40.989
41.177
38.829
36.237
35.156
32.3
34.583
33.074
32.094
33.357
28.958
25.215
18.597
5.742
2.1028
3.5274
8.4212
17.184
16.795
16.596
15.847
14.576
22.493
24.405
25.733
29.295
26.575
26.041
26.967
27.693
33.501
27.136
18.452
8.9126
4.478
2.4145
2.0942
1.0528
0
0
0
0
0.1918
0.3591
0.086486
0
0.22849
0.14204
0.17677
0.12791
0.067137
0.15795
0.077774
0.20381
2.2102
1.3403
8.517
15.886
23.144
33.867
23.425
21.928
20.612
22.693
19.327
19.159
18.754
14.304
10.617
8.8654
6.2143
5.5223
5.5363
4.4891
4.6251
4.3745
2.6962
2.2539
1.1102
0.84436
1.2473
7.0785
15.316
23.995
35.343
37.784
40.323
31.964
31.596
31.605
35.026
37.548
42.344
43.362
44.192
41.06
40.789
35.502
35.557
33.722
32.345
29.939
19.367
8.3118
3.3127
4.0957
8.6106
14.051
18.308
18.032
15.656
13.675
17.502
21.467
26.999
24.697
25.735
23.992
20.494
31.56
31.774
25.632
18.959
7.0439
2.9715
3.1434
3.0511
1.1683
0.0093668
0
0
0.011462
0.096147
0.2646
0.17278
0.020973
0.15951
0.30694
0.19273
0.44698
1.4333
3.717
11.897
18.775
29.035
34.038
26.141
25.132
21.489
21.679
18.41
21.399
18.566
16.265
11.251
7.2852
5.4457
4.362
4.678
3.738
3.8983
3.5583
2.2709
1.2823
0.71625
0.48972
0.69979
3.1252
10.766
18.83
29.437
33.102
32.775
36.574
39.23
40.882
43.955
38.247
37.993
36.945
33.275
35.167
32.753
33.951
35.613
31.64
31.904
23.327
12.576
3.3694
2.1577
2.6695
5.2314
11.795
19.614
18.535
17.276
16.976
19.66
25.894
28.547
30.472
28.57
25.522
25.112
36.141
30.549
28.838
23.052
11.496
0
0.1125
0
1.1412
0.27143
0.10243
0.36863
0
0.11441
0.28571
0.14099
0.19025
0
0.1129
0.20823
0.2265
1.1154
1.3576
5.8171
14.03
20.724
25.793
23.167
21.148
22.759
23.558
18.97
18.861
17.082
16.002
11.509
7.1955
6.0668
5.2278
4.7392
4.7483
4.715
4.7992
3.6198
2.5681
2.3803
1.0924
1.5983
7.8956
14.416
21.845
29.732
32.938
39.399
36.285
36.407
33.007
43.197
43.153
37.201
37.903
36.485
32.563
36.139
34.672
34.012
31.738
34.418
26.499
18.786
7.2982
3.2911
4.0751
6.1054
14.319
17.057
20.529
15.166
14.59
18.113
22.078
24.034
27.626
25.492
22.251
20.939
28.359
33.535
27.364
16.575
7.634
3.1129
2.2662
0.93865
0.21098
0
0
0.2286
0
0.21239
0.14031
0.012056
0.17326
0.056108
0.17295
0.13917
0.275
0.53349
1.4168
7.5099
13.523
21.023
29.987
24.081
19.145
22.019
22.372
19.625
18.527
16.179
13.535
10.132
7.6941
5.2772
5.1577
4.541
4.4749
4.9741
4.7059
3.1314
2.3728
1.7934
1.1814
1.4245
7.8487
13.536
25.532
31.902
32.88
36.997
39.535
41.516
45.449
41.932
39.074
39.23
36.932
36.993
36.922
32.91
36.188
32.876
31.226
31.529
27.283
19.769
7.4768
2.6927
3.1541
6.9281
14.409
17.602
18.46
14.799
16.397
18.878
20.572
25.243
28.057
25.374
24.238
25.375
30.298
32.038
25.784
19.233
8.1754
4.0688
3.1247
0
0
0.20663
0.24597
0
0.0013784
0.33096
0.18095
0.15732
0.1632
0.049692
0.162
0.090033
0.23069
1.8124
2.2992
7.9584
16.281
23.368
29.055
25.818
22.8
23.225
22.311
21.187
19.691
19.97
15.995
11.632
10.395
4.8381
4.3657
3.3913
2.3823
2.0163
1.0382
1.0331
4.1422
9.915
17.441
26.454
31.404
38.776
42.146
38.415
34.732
36.776
36.924
42.123
43.137
43.211
44.845
39.938
37.725
33.556
36.033
35.88
36.476
34.555
29.898
31.99
29.654
19.994
15.497
18.122
14.552
15.14
18.059
21.002
20.855
20.948
18.609
19.91
19.041
20.511
28.07
32.615
24.572
8.9811
1.8617
1.3934
1.7442
0.86727
0
0
0
0.092762
0.066542
0.33136
0.073284
0.16199
0.19431
0.15798
0.24805
0.10487
0.24343
0.17086
0.25938
0.23972
0.23716
4.2943
4.8225
12.331
21.397
27.989
30.57
26.507
23.559
21.928
21.691
8.3492
5.157
4.447
3.5672
3.7975
2.83
2.5969
2.3566
2.0213
1.4507
0.86811
0.44442
1.0566
5.5801
11.972
21.69
27.136
39.739
42.999
39.822
34.523
34.977
33.858
41.703
42.793
47.53
48.684
44.946
42.7
36.617
34.503
37.383
35.09
37.259
31.667
28.996
25.517
23.334
6.0304
9.2914
9.8341
9.0617
12.878
13.172
16.864
16.211
18.065
15.705
16.716
17.715
20.518
26.97
31.815
19.819
8.2757
1.6744
1.5737
1.6212
1.0172
0
0
0.36926
0.27347
0.12567
0.30022
0.1059
0.10371
0.13321
0.14105
0.14793
0.15825
0.17354
0.12606
0.18564
0.18148
2.4067
3.8063
9.2672
17.625
23.233
31.722
32.533
30.819
28.951
18.214
17.324
14.541
7.4865
3.7887
3.3976
3.1879
2.4018
1.7085
1.3427
1.1552
0.96815
0.63821
0.51489
0.62088
0.6879
1.2255
7.2461
16.652
29.45
40.098
41.504
37.567
37.116
34.502
36.658
37.204
44.6
48.847
46.779
47.318
40.129
38.98
34.035
39.58
35.583
35.174
33.213
11.456
8.1384
11.633
15.536
17.938
13.028
12.204
11.643
12.188
14.787
16.663
16.33
13.931
15.994
14.28
16.583
29.778
29.649
17.486
5.3301
0.76536
1.0171
1.0478
0.71857
0
0
0.080123
0.073439
0.18326
0.10565
0.0069086
0.11661
0.19271
0.083605
0.098254
0.2181
0.26699
4.7612
7.6308
13.252
23.81
32.716
30.496
26.547
23.811
23.587
21.288
15.885
18.208
15.912
10.891
5.7411
3.8515
3.9071
2.0853
1.7476
1.5838
1.0375
1.0061
0.82881
0.47572
0.4489
0.80546
0.79638
2.7235
8.3598
19.35
26.874
39.318
44.379
39.293
37.267
33.804
34.787
40.24
43.643
44.44
47.556
44.179
42.853
32.318
35.614
33.908
29.515
28.792
22.597
17.973
8.283
4.3077
9.2249
11.618
10.42
11.903
10.857
11.182
11.791
10.881
13.502
15.423
13.494
15.819
16.303
18.544
29.182
33.478
17.198
6.2687
1.1614
1.2355
2.1064
1.3692
0
0.055236
0
0.072326
0.15803
0.237
0.029127
0.12059
0.091504
0.17601
0.18079
0.16366
0.18448
2.0429
4.9653
11.462
22.95
32.111
33.455
23.973
21.172
19.82
17.475
16.641
19.529
13.548
8.7021
5.2114
3.3488
2.5306
2.1365
1.232
0.90846
0.81758
0.94881
0.70717
0.26692
0.15627
0.58465
0.64014
1.5069
7.9854
20.081
29.947
41.268
40.508
36.973
34.486
35.494
37.878
38.904
43.152
44.487
46.518
42.582
42.287
37.193
38.297
33.908
36.832
23.677
20.373
14.078
5.4204
2.8835
9.0719
9.0059
12.649
10.008
6.3655
6.9722
10.196
12.76
14.46
12.212
15.072
15.076
15.945
17.276
31.387
33.498
18.614
6.0031
0.894
1.2916
1.8118
0.47375
0
0.032724
0.12533
0.32848
0.126
0.23115
0.20535
0.082675
0.2306
0.21787
0.22675
0.21099
0.11963
0.19805
0.10065
0.13801
0.17989
0.58794
5.3011
12.215
22.136
33.459
35.114
26.437
23.249
18.786
16.909
18.369
21.82
16.634
9.5961
4.4324
3.2848
2.8431
2.175
1.9539
1.3329
0.90076
0.865
0.9952
0.46682
0.16674
0.68154
0.77225
1.3368
7.5094
18.315
32.15
37.965
38.069
39.255
33.511
34.67
38.997
38.343
45.541
43.676
45.913
42.791
38.637
36.632
36.414
33.453
35.715
31.441
28.259
27.926
21.621
17.902
7.8462
1.4048
1.5976
6.0592
8.2474
9.2401
9.9755
7.4701
7.0412
17.174
17.039
20.12
18.193
33.585
35.683
21.876
7.7354
1.2766
1.3937
1.3369
0.59488
0
0
0.2978
0
0.099416
0.16802
0.24483
0.077986
0.037108
0.21903
0.11673
0.11612
0.13895
0.096283
0.16669
0.13796
0.27821
0.025777
5.26
4.5779
16.753
27.653
31.713
17.263
20.121
13.002
6.0257
4.3009
3.1355
2.8868
3.0134
2.5967
1.6275
1.7423
1.2866
1.37
1.0439
0.49269
1.0132
1.282
3.0357
13.761
27.16
38.703
41.422
43.041
40.056
37.089
39.95
39.573
42.887
47.435
43.531
42.365
41.547
37.105
35.956
31.567
33.251
29.938
30.874
25.232
1.4494
0.13404
1.6225
4.3003
7.2818
7.0741
5.618
5.4947
8.5728
11.357
16.009
15.996
16.198
18.665
17.644
19.457
30.218
34.441
21.595
8.248
0
0
0.44422
0
0.17274
0.082453
0.20444
0.1135
0.16618
0.21288
0.18707
0.11361
0.19316
0.13914
0.15573
0.16036
0.16213
0.15862
5.1103
4.3368
18.236
25.258
34.588
18.844
21.945
21.913
12.527
5.9522
4.0812
3.0759
3.0188
2.6905
2.2685
1.6052
1.512
1.4542
1.5771
1.1782
0.25434
0.93746
1.0229
2.1147
12.872
22.762
36.89
44.057
41.897
35.367
36.613
33.94
40.023
40.826
47.288
44.567
40.738
40.823
33.649
33.745
33.11
32.353
33.765
30.434
5.499
0.0062003
0.047762
0.40918
2.0077
5.8069
6.983
6.3017
6.8306
11.158
13.253
16.204
20.012
20.002
22.454
19.913
18.948
29.331
33.589
24.804
8.261
1.5308
1.3478
2.2186
0.8275
0.038139
0.3164
0.10273
0
0.20415
0.20778
0.15152
0.19291
0.10796
0.14506
0.18076
0.19229
0.14238
0.10052
0.19664
5.4871
6.0028
22.011
29.303
15.843
11.403
11.374
3.6097
3.1279
3.3488
3.092
3.3035
3.1909
2.8667
3.311
3.0112
2.5413
2.3872
0.73879
1.6793
1.8325
6.9218
17.566
30.717
41.109
40.934
41.754
40.507
38.386
38.487
43.08
42.031
45.577
41.711
40.496
39.561
34.25
34.713
30.838
33.594
16.769
11.532
4.7572
0.032985
0
0.063277
1.4137
1.9165
4.7679
3.6122
6.1792
8.344
13.017
16.681
20.933
18.344
20.607
18.958
21.484
31.917
30.597
26.411
1.0786
0
0
0
0.161
0.24267
0.24108
0.17752
0.02866
0.14422
0.10382
0.12174
0.11896
0.1509
0.095222
0.091511
0.20759
0.070242
0.16664
0.176
5.101
5.103
16.105
27.727
17.551
14.387
6.8564
3.2747
2.8242
3.0724
2.9327
3.2913
3.2356
3.0793
3.4127
3.5648
2.7682
2.6779
0.92663
1.6057
1.8681
8.3969
22.884
34.759
45.25
45.622
45.102
39.917
36.789
38.69
41.875
44.141
46.938
46.385
42.287
41.968
35.054
38.27
32.407
35.497
34.974
31.082
32.642
1.4645
1.4816
0.7161
1.2933
1.8477
3.9019
5.7633
5.0312
5.7218
9.291
12.05
16.078
14.462
16.536
16.361
15.793
25.257
26.189
22.674
16.08
7.9493
3.6597
2.1263
0.88644
0.21676
0.033834
0.013558
0.39183
0.066091
0.22492
0.19865
0.19356
0.050957
0.15692
0.19374
0.24269
0
0.19285
0.18103
3.187
11.525
19.697
29.745
22.069
17.062
17.971
20.942
18.135
16.838
12.197
8.9745
5.9611
5.6213
4.8876
4.5912
4.2156
4.7005
4.3362
4.7354
4.1421
3.4157
2.3167
1.7643
1.3597
5.9749
15.811
26.043
39.343
39.385
42.097
34.751
34.884
35.575
33.085
35.324
37.457
44.302
44.559
37.723
37.379
31.912
29.532
29.913
26.798
25.474
19.647
8.7
1.1582
0.33244
0.18349
1.1281
0.83213
3.3295
5.4089
3.4848
5.2063
8.5367
12.907
16.028
15.646
18.28
18.588
19.181
23.998
25.078
23.334
15.135
7.9581
3.3441
2.2815
0
0
0.061913
0.11789
0.187
0.0083265
0.071351
0.17809
0.15056
0.11468
0.13683
0.12619
0.19854
0.14817
0.083174
0.14931
3.3981
5.4471
13.139
27.251
19.519
14.298
16.505
16.684
16.597
17.457
14.307
12.426
10.604
8.0537
7.2246
6.926
6.236
5.7144
5.7754
6.8831
6.3305
5.906
4.1381
4.1357
4.6693
6.7645
14.171
22.091
27.826
35.251
37.227
39.503
38.125
34.799
31.606
32.419
34.637
39.917
39.195
38.001
35.22
32.562
31.941
22.698
15.917
5.4847
1.5434
0.37789
0
0.10458
0.12756
0
1.6213
2.4888
2.6552
2.5817
5.0985
10.053
15.595
16.719
17.472
17.248
22.243
14.897
7.7388
3.8829
3.924
1.4017
0.0032175
0
0.9027
0.072517
0.039295
0.20371
0.20055
0.11257
0.12742
0.10067
0.15635
0.10979
0.028645
0.12894
0.14585
0.23325
0.16494
0.18573
3.3846
7.5678
12.985
23.263
16.576
13.788
12.768
10.022
8.1879
6.5377
6.2212
5.9737
5.8862
5.5255
5.8264
5.6301
6.1863
5.6103
3.0722
2.2884
3.2502
9.3171
17.875
25.049
33.022
36.34
38.912
38.78
35.768
34.139
35.971
35.838
40.326
41.747
44.505
41.512
38.009
33.281
34.811
26.627
22.279
14.132
2.7904
0.78845
0
0
0.17173
0.61412
0.74358
2.1809
2.8799
3.4342
7.0193
9.5249
14.223
15.711
14.569
18.214
19.255
12.989
5.4168
2.3445
1.6762
0.29485
0.00045816
0.016181
0
0.0020681
0.057012
0.074269
0
0.11957
0.13122
0.22798
0.11903
0
0.086839
0.11628
0.12344
0.15044
0
0.25722
3.3842
4.6625
12.259
21.935
20.457
14.817
15.554
16.479
15.509
14.458
14.23
11.328
7.9538
6.3664
6.2425
5.9583
6.1162
3.9146
2.5656
2.0478
2.7178
7.1531
12.743
22.127
26.041
30.779
34.49
39.147
34.834
35.823
32.248
33.178
35.869
40.648
38.121
37.722
38.727
33.95
33.549
29.832
28.896
30.718
29.831
0.40928
0.0050497
0.4021
0.20702
0.088503
0.57905
1.4812
2.9187
2.7129
3.6241
8.1541
13.172
17.058
17.994
17.84
19.55
24.733
29.719
26.436
22.541
14.429
10.542
4.9064
3.6466
1.0043
0
0
0
0.054045
0
0
0.077967
0
0
0.16962
0.13004
0
0.036331
0.16578
0.17164
0.17825
0.070184
0.17959
3.6331
5.8185
13.26
25.731
22.022
15.162
16.413
16.335
13.968
14.44
13.388
11.807
9.1126
6.0584
6.057
5.6124
5.3524
6.0537
5.9375
6.8626
6.4043
6.3043
5.18
4.6589
5.1567
6.5902
14.555
20.949
26.032
32.167
37.931
39.648
41.292
38.148
34.915
32.27
37.878
39.676
38.286
38.734
34.855
33.07
31.53
28.474
29.877
28.936
25.525
24.026
13.94
7.0485
1.4914
0
0.052593
0
0.045914
0
3.522
0.033898
1.7821
1.1316
2.9506
5.0763
11.141
15.545
16.459
17.558
17.089
24.191
31.779
28.352
24.249
14.167
10.379
5.3702
3.7212
3.3108
0
0
0
0
0.080671
0.13803
0.044101
0
0.17123
0.11641
0.14797
0.080395
0.15141
0.17997
0.57497
2.4607
8.7954
15.945
23.834
21.217
15.766
15.535
15.95
15.87
14.692
13.05
9.6629
7.1398
5.7037
4.675
4.2136
4.5206
5.0179
4.7022
4.9643
5.351
4.8721
4.4026
4.0658
4.0608
6.9833
13.486
22.248
27.07
33.373
36.377
38.221
37.748
35.083
34.71
32.455
32.962
37.761
41.728
37.806
36.143
33.482
29.555
30.923
27.889
30.44
26.26
24.979
11.538
5.7593
1.5214
0
2.0989
0.31221
1.3492
1.3991
2.6149
4.5888
10.211
14.249
16.272
15.849
16.594
24.25
31.568
28.59
23.013
15.165
9.6398
7.9053
4.6904
4.3335
0
0
0
0.042582
0.17983
0.24803
0.30569
0
0.16826
0.14744
0.095732
0.061697
0.022897
0.11702
0.21811
0.15106
0.098513
2.2717
19.265
18.819
18.937
17.843
16.957
13.71
12.214
10.78
7.329
6.1043
5.7077
5.1479
5.2189
5.0332
5.3811
5.0927
5.4427
4.6907
2.8903
2.4758
2.6063
5.2076
14.512
24.353
29.847
36.515
40.18
39.145
40.086
35.04
36.228
35.289
41.327
43.788
42.912
42.882
36.775
37.366
31.703
32.674
25.771
17.614
3.2107
0.55006
0
0.04803
0
1.4043
0.19149
1.5625
2.351
4.5862
7.0791
11.051
16.435
14.958
17.241
21.383
21.31
30.966
12.665
8.0324
5.3194
3.7926
0.75115
0
0
0
0
0
0.027199
0.12011
0.022912
0.089463
0.16729
0.1481
0.10775
0.062056
0.12971
0.13886
0.18402
0.10743
0.064085
3.6353
4.9653
15.798
23.839
18.91
17.614
16.977
17.334
17.836
15.797
8.1852
7.0652
6.816
7.3501
6.4062
7.1363
7.0546
7.6684
6.5903
3.5035
2.4121
3.3317
9.7542
17.578
24.86
32.653
37.418
41.163
40.89
38.024
37.966
34.816
36.852
39.938
42.423
42.204
43.673
37.447
36.918
34.085
33.259
31.745
31.63
30.657
0.96825
0.00045811
0.085026
0.1616
1.517
0.98627
2.9369
2.9215
2.7856
6.607
11.177
16.987
17.102
19.691
18.25
21.815
30.14
30.47
30.196
21.331
11.376
8.6606
0
0
0.060657
0.022428
0.021954
0
0.087415
0.097458
0.012528
0.24093
0
0.093628
0.027654
0.1613
0.17539
0.19035
0.18376
0.18252
3.0714
10.855
17.275
26.729
21.369
17.452
19.208
20.335
17.662
17.862
15.813
12.694
8.8982
7.9636
7.796
5.938
5.7963
5.3028
3.5634
2.946
3.8599
6.187
13.536
21.991
29.71
34.027
39.069
38.574
41.49
36.673
34.862
33.03
32.741
38.223
41.996
37.803
39.302
33.748
33.119
30.188
29.99
32.883
29.964
26.534
20.103
8.6859
1.7676
0.15111
0.059481
0.80077
3.2152
2.6917
2.9534
7.6942
11.919
16.578
15.692
14.851
18.314
24.717
29.609
27.214
22.082
17.233
9.6156
4.2057
2.4499
1.3242
0
0.052322
0.70023
0.45757
0
0.13179
0.12651
0
0
0.11554
0.094007
0
0.019049
1.8982
3.0432
10.996
15.685
25.699
19.005
16.999
18.804
16.833
15.957
16.292
12.89
10.158
7.1508
6.5519
5.9751
5.7151
5.8967
5.6152
5.9043
5.7429
6.0499
4.9839
3.8825
2.6603
3.5437
6.9012
15.513
21.267
29.05
36.191
37.791
40.7
37.254
34.23
36.885
34.718
36.58
43.143
40.565
40.464
34.902
34.881
29.539
30.863
28.846
30.769
29.291
0.83237
0.011553
0.12893
0.042868
1.1572
0.55486
3.7117
2.3115
2.6711
5.8058
11.033
14.198
14.782
15.983
16.672
21.118
25.659
29.154
27.275
22.864
12.547
7.896
2.8515
3.0693
0.82227
0.00051769
0
0.30203
0.006761
0.11731
0.0041478
0.20725
0
0.13846
0.22216
0.06766
0.21507
0.083539
0.53452
3.8471
9.5824
17.77
27.025
22.218
16.52
17.465
18.747
17.079
16.609
15.139
13.647
8.5049
7.377
6.3648
6.7646
6.2954
6.6557
7.0958
7.1458
7.4148
7.294
4.9659
4.3048
3.5908
5.09
12.024
18.975
25.417
30.817
37.208
37.216
38.31
35.577
33.046
35.054
34.347
36.801
40.565
37.125
33.599
33.522
28.925
30.695
30.738
29.374
30.79
26.019
19.014
0.066414
0.0013754
0.77162
0.55085
0.59837
1.9515
3.5929
3.055
8.8412
12.224
17.684
18.688
17.138
20.412
36.468
30.117
30.539
24.188
15.722
13.986
13.212
7.2704
3.7866
1.0566
0.25108
0.31965
0.35456
0.22528
0.17919
0.18291
0.12023
0.081159
0.29346
0.14028
0.0581
0.1961
2.9736
3.1952
9.8304
15.57
20.454
21.114
16.295
16.776
15.116
15.293
11.584
10.645
7.7921
6.5774
5.7456
6.1446
5.3622
5.1556
4.973
5.4806
5.6713
6.2023
5.7523
3.3144
1.331
1.5214
9.6703
20.638
39.496
48.391
51.671
40.749
35.066
33.708
32.413
39.203
42.092
40.605
43.4
39.974
41.653
36.008
36.161
34.964
31.403
30.308
32.275
26.002
25.249
18.587
0.64068
0
1.5611
2.5168
7.4789
7.6217
9.5332
11.125
11.806
16.461
18.019
18.79
21.445
21.241
25.369
29.03
23.419
19.182
10.153
6.3197
4.6679
2.9657
0.94953
0.41623
0
0.096775
0.099583
0.16171
0.078571
0.13581
0.086906
0.11413
0.09631
0.17856
0.2103
0.19478
2.1254
3.9706
8.8849
18.102
23.021
19.992
15.196
16.625
20.125
17.992
15.436
12.183
10.063
9.2595
8.4806
6.0806
5.6036
5.5094
5.8703
5.7958
6.1675
6.9249
6.6151
2.8331
2.1337
1.7231
10.546
23.918
39.282
52.717
47.769
41.432
36.473
29.326
34.191
37.705
37.341
42.601
40.698
42.368
30.786
30.495
30.546
31.24
26.987
23.531
16.753
6.8705
1.1345
0.45219
0.50512
0.56854
1.4566
3.2501
5.6217
7.4001
9.102
12.763
16.154
19.33
18.507
20.426
18.207
18.381
30.314
25.587
23.54
16.686
6.9978
5.5038
3.477
2.5304
0.82774
0
0.086822
0.11179
0
0.2029
0.095756
0
0.092474
0.024758
0.24296
0.1523
0.1635
0.16486
0.13739
9.3657
13.712
19.295
26.577
23.678
19.392
19.285
20.434
18.953
17.846
15.796
14.489
12.579
10.791
10.109
9.4366
8.4311
9.5437
9.1555
9.6001
9.6105
6.9047
3.7063
2.8179
2.9004
11.561
23.227
39.118
47.998
45.891
45.849
35.647
33.308
31.168
35.899
39.608
40.991
41.268
43.873
40.812
39.783
38.555
34.053
30.862
30.733
24.351
13.676
3.8228
0.58961
1.4127
1.8596
3.8049
3.9134
6.3262
8.549
11.856
14.301
17.697
18.672
17.052
17.893
17.43
19.333
28.844
24.736
23.21
13.795
6.3463
4.9828
4.6352
2.217
0.42293
0.02849
0.10014
0.61063
0.096317
0.13653
0.1212
0.094164
0.043162
0.084609
0.12481
0.051002
0.16061
0.19398
0.061048
0.11386
3.3051
4.4525
7.3986
27.541
22.278
22.273
22.093
20.902
21.403
18.345
18.005
15.2
11.943
10.363
7.7196
7.6861
6.917
6.8557
5.994
6.0494
5.115
4.1171
2.4411
2.9687
5.1741
17.437
31.933
40.848
46.984
43.114
36.593
35.122
28.384
32.008
35.135
39.575
41.607
42.567
41.847
41.51
37.476
37.604
35.93
35.007
37.14
37.127
33.919
3.0976
3.4751
7.8931
10.808
10.928
12.521
13.938
16.687
19.233
21.802
21.315
20.175
18.772
19.737
18.754
27.816
28.499
25.407
15.653
8.146
4.9829
3.2079
0.68349
0.009259
0.12108
0.10062
0.33157
0.09883
0.14656
0.10777
0.19833
0.11617
0.018219
0.086839
0.033114
0.1214
0
0.20062
1.8553
4.2224
23.514
28.286
29.399
28.114
23.872
20.906
22.077
20.677
20.065
16.553
13.163
8.5145
7.6983
4.7746
4.4343
4.9959
4.4916
3.8398
4.4815
2.9623
1.7936
1.2996
1.602
6.8804
19.001
35.973
50.75
47.759
44.47
40.32
39.468
39.331
38.735
44.805
45.131
43.859
46.645
44.143
41.766
42.028
38.508
41.072
37.727
38.031
39.566
37.865
12.372
13.067
13.916
15.361
13.439
10.679
12.312
13.368
11.352
13.935
12.749
12.343
13.463
12.607
14.072
29.899
25.257
18.553
11.523
4.7044
3.9005
5.3327
2.4088
0.38017
0
0.31143
0.30667
0.75625
0.1419
0.15558
0.66551
0.30261
0.32535
0.29229
0.22523
0.53658
1.629
2.8586
4.2124
7.6235
10.724
15.114
18.211
22.978
25.383
25.563
32.804
24.779
23.407
22.652
8.2262
5.9781
4.7869
3.6125
3.9871
3.4651
3.1144
3.1215
2.2688
1.7438
1.4682
1.4718
1.305
5.4327
17.8
36.334
51.139
47.477
40.291
33.775
35.833
37.802
38.286
45.181
44.368
47.793
45.577
42.578
45.633
43.398
39.336
40.728
41.482
37.186
38.492
36.578
37.697
11.863
14.1
15.957
16.737
14.686
15.519
16.121
16.142
14.617
15.887
14.618
15.645
13.855
15.851
27.85
28.355
23.686
10.604
4.5194
3.3555
3.141
3.0993
1.1049
0
0.048027
0.5515
0.13675
0.15469
0.5953
0.38299
0.61506
0.50277
0.5238
0.23921
0.43032
1.8433
3.6581
4.1762
8.6251
11.417
16.342
32.886
24.601
24.706
22.471
22.061
16.928
12.342
9.0425
8.868
6.2896
5.8478
4.5405
4.1305
3.7663
4.1082
3.8161
2.119
1.6158
1.5038
1.6669
1.683
7.458
19.991
37.643
46.285
46.193
40.522
36.118
37.021
37.348
41.659
43.519
43.649
47.229
43.031
42.454
40.198
39.088
41.317
38.704
38.043
40.565
36.594
39.277
34.204
32.967
27.052
21.742
13.638
17.177
16.548
20.375
17.122
18.218
19.29
16.418
17.78
16.787
16.691
14.841
14.961
16.392
15.211
26.121
28.725
21.514
11.434
3.9485
1.8943
3.623
2.9479
1.0862
0.054695
0.01158
0.51082
0.31862
0.6234
0.5201
0.71051
0.98586
0.82211
0.83207
1.0129
2.0047
3.6
12.689
16.836
20.902
22.719
27.645
29.062
30.866
27.158
24.345
22.183
20.912
18.258
14.711
9.1827
8.4506
7.121
5.0711
4.0021
3.4664
2.7556
3.3419
2.5661
1.8341
1.9222
0.82803
1.5435
2.046
5.9861
21.977
35.613
49.188
47.666
43.758
37.632
39.556
39.08
41.174
42.399
47.536
46.031
48.069
45.749
41.588
43.984
40.713
39.455
42.687
40.404
43.126
41.359
41.277
38.663
35.406
33.617
24.201
22.239
23.343
29.456
28.105
27.338
21.504
20.189
19.583
17.409
17.548
12.289
9.4381
7.3651
8.1663
23.531
24.423
12.373
5.3571
2.1263
1.8922
2.2556
1.3076
0.39913
0
0.42557
0.51347
0.29383
0.65316
0.6842
0.5489
0.6954
0.4594
0.34321
0.12615
0.32118
1.5167
1.9804
2.3928
7.6544
11.207
16.375
20.639
25.928
28.828
28.11
33.095
30.216
23.264
21.8
22.682
22.893
17.177
14.269
10.445
7.2387
6.2496
5.7388
4.0229
3.8818
3.7444
3.1711
3.2409
2.1358
1.8236
1.4138
1.0484
6.2437
18.267
35.569
47.687
38.862
33.918
28.78
34.579
33.833
41.052
41.471
42.855
45.102
43.239
38.788
39.112
37.974
36.961
39.519
36.089
39.298
35.718
30.607
32.673
29.998
26.144
14.693
8.9541
11.305
16.276
20.196
16.956
16.859
16.992
17.122
19.679
21.96
18.545
19.618
18.377
16.516
18.185
27.957
30.137
22.106
8.9833
2.9405
3.3311
2.6764
4.0543
0.94474
0.29051
0
0.67508
0.19273
0.27749
0.82724
0.68827
0.40868
0.41526
0.24797
0.26039
0.6189
1.4867
3.6488
4.1006
8.33
13.913
16.292
20.622
26.325
27.583
30.373
31.076
32.03
23.655
21.798
22.291
21.917
17.869
14.834
9.9749
6.4478
5.8866
4.835
4.8013
3.6369
3.2532
3.4437
2.6784
1.375
1.0822
0.96903
0.51226
3.725
15.767
34.644
43.608
46.923
31.887
29.539
30.162
33.819
38.223
42.01
41.838
42.908
38.952
38.901
36.315
35.077
35.321
34.708
37.316
34.58
35.856
34.31
30.381
29.733
30.045
16.834
9.8668
13.667
17.594
21.302
19.598
18.75
19.382
21.711
22.841
20.882
21.15
19.308
19.312
19.572
18.526
28.09
30.515
23.012
10.414
2.4059
2.6001
3.9147
3.9854
0.53229
0.087423
0.12126
0.62117
0.13753
0.54002
1.5183
0.56424
0.82006
0.5075
0.40504
0.39937
0.9915
2.4267
4.0636
4.1652
10.404
13.821
16.469
22.024
26.515
29.977
29.805
32.34
32.163
24.082
22.737
23.558
21.886
17.841
13.676
7.6863
6.4718
5.1518
5.4093
4.1838
3.3776
3.4186
4.0631
3.6525
2.1652
1.6307
1.9209
0.71845
5.4718
18.965
38.164
49.688
43.069
34.789
27.117
30.439
36.633
38.411
42.757
43.547
40.718
42.478
37.642
37.051
38.481
38.518
35.668
37.464
36.649
35.211
33.278
34.154
34.373
31.505
17.934
9.0992
10.949
20.166
22.525
22.859
20.969
18.807
20.401
22.564
20.871
21.938
18.493
19.468
17.493
17.235
29.027
29.393
24.738
10.425
3.3465
2.484
3.0955
2.749
1.5547
0
0
0.30005
0.23921
0.5011
0.88856
0.40643
0.3937
0.082326
0.31277
0.20173
0.44231
1.3043
2.0314
2.5283
6.1348
12.82
17.021
20.663
25.614
27.431
31.498
35.182
31.687
24.062
26.734
24.354
26.656
22.33
18.945
11.776
5.9557
6.1385
5.4184
5.157
3.9712
3.7553
4.033
3.1484
1.8534
1.1899
1.9136
0.4815
3.4025
12.847
34.578
47.651
40.487
32.73
26.143
28.985
30.166
35.316
36.392
39.274
42.135
38.953
37.86
34.609
37.138
35.731
34.97
34.827
36.856
34.464
36.612
31.974
30.729
27.78
18.061
9.8591
13.009
17.534
24.093
22.144
18.532
20.526
21.715
24.348
24.994
24.252
21.358
21.143
20.678
21.804
29.634
33.669
24.621
9.6714
3.0011
3.2551
3.7825
4.61
0.68818
0.071521
0.19811
0.35275
0.12185
0.21072
0.62554
0.1569
0.10465
0.25777
0.12292
0.17774
0.21109
1.0238
1.6686
2.5703
5.0152
10.239
17.227
21.475
26.07
28.273
36.599
38.878
32.204
25.726
30.444
30.721
26.277
25.827
21.728
15.31
11.656
6.0689
5.9513
6.3009
4.3938
3.9519
4.257
2.4237
1.5484
1.1009
1.4612
0.54605
3.0377
13.997
32.102
42.85
45.649
30.617
26.756
26.774
30.106
35.273
35.216
36.045
41.462
37.721
38.639
35.598
32.714
31.235
30.045
34.526
33.461
36.833
31.309
31.009
32.42
25.465
11.207
5.4442
7.4244
16.808
21.516
21.935
21.113
20.057
20.617
26.801
26.174
28.056
21.499
24.295
23.314
23.479
34.058
32.63
29.324
14.874
3.9163
3.5502
2.6582
4.8755
1.9285
0.13239
0
0.47007
0.21536
0
0.431
0.55337
0.34404
0.13511
0.2553
0.19609
0.16313
0.36516
1.4422
1.898
4.7909
9.0016
15.234
17.749
24.274
32.238
37.024
32.957
29.226
24.76
28.178
27.033
26.468
22.8
20.846
14.824
7.3893
6.1796
6.1638
5.6979
4.8923
4.2649
3.3448
3.7314
2.0712
1.9066
1.1879
0.78533
6.6774
15.698
33.436
47.895
41.319
34.848
25.796
28.095
31.971
33.812
39.475
41.078
37.923
41.117
36.235
38.079
35.873
35.031
36.081
35.465
33.659
33.958
30.865
29.387
23.453
14.744
3.9944
0.031711
1.9713
4.1237
9.8339
12.312
11.761
11.868
15.393
18.974
24.665
23.458
22.633
23.918
23.611
27.796
29.517
27.9
29.076
26.158
28.453
27.016
27.488
28.173
24.464
25.479
23.591
21.943
22.483
19.582
16.628
14.946
14.229
12.578
12.604
10.781
12.263
11.683
13.76
13.847
14.608
17.192
17.057
17.865
20.276
19.356
20.447
22.766
21.613
23.386
23.838
22.451
24.166
21.84
22.794
21.768
20.89
22.15
19.288
20.385
18.174
18.41
18.458
18.144
17.314
18.526
17.128
18.459
17.47
17.901
19.262
18.579
18.375
20.231
19.208
20.602
19.031
20.395
21.004
19.592
19.547
19.342
19.422
20.739
18.921
20.165
18.977
18.034
19.961
18.445
18.016
19.662
17.603
19.658
19.665
19.154
19.265
16.936
19.222
18.242
18.05
19.566
17.754
20.115
18.628
19.789
19.414
18.991
18.396
20.421
20.144
20.069
19.926
18.522
19.176
18.903
19.939
18.465
20.136
18.535
19.798
18.957
20.386
20.462
18.807
20.313
18.48
20.22
18.486
19.426
19.651
18.109
17.522
19.399
17.583
19.411
17.746
17.334
19.395
19.101
18.131
19.808
18.296
20.415
18.515
20.539
20.928
18.266
20.312
18.048
18.1
20.059
18.359
19.236
19.045
17.152
18.532
17.905
16.534
17.905
16.257
17.526
15.945
16.006
17.511
15.671
17.666
16.795
17.567
18.392
17.567
18.081
19.048
17.753
19.318
18.342
18.256
19.94
19.764
18.297
19.127
18.074
19.212
17.578
19.112
17.206
16.739
18.659
16.814
17.962
16.349
17.606
17.118
16.571
17.504
17.786
17.292
18.436
17.424
17.681
19.135
17.688
17.673
19.246
17.279
19.413
17.469
18.786
19.37
17.163
18.982
17.452
18.627
17.142
18.655
16.771
18.605
17.08
18.583
17.207
17.25
18.159
17.687
17.4
17.315
17.385
18.772
17.134
18.973
17.604
18.274
19.138
17.698
19.156
17.814
19.021
17.486
17.753
19.709
17.557
18.062
19.004
17.928
19.084
17.02
18.707
17.383
18.443
17.312
18.793
16.576
18.413
17.183
18.673
16.958
17.234
18.494
16.654
18.604
18.707
18.273
18.756
18.172
17.32
18.993
18.968
17.135
19.159
17.648
18.593
18.769
17.904
19.088
17.799
17.63
18.953
17.477
18.748
16.527
17.129
17.851
18.09
17.03
18.472
16.989
18.585
17.377
17.079
18.811
17.336
18.507
17.559
19.135
17.019
17.413
18.778
17.276
17.544
18.878
16.761
18.862
18.038
17.221
18.723
18.519
17.124
18.713
17.323
18.308
17.749
16.752
18.731
17.391
18.373
16.887
18.885
18.157
17.459
18.71
16.634
16.819
18.467
16.96
18.617
18.667
17.163
18.642
17.226
18.69
18.153
17.266
17.592
18.664
17.489
18.607
17.343
18.838
17.31
17.85
17.395
16.472
18.111
16.827
16.256
17.984
16.197
17.133
18.344
17.116
16.748
18.097
17.052
18.069
17.077
17.568
17.916
17.676
18.436
16.378
18.407
16.859
16.698
17.925
16.671
16.596
18.015
16.505
16.644
17.602
16.45
17.335
16.585
16.684
17.869
16.905
18.204
16.835
18.474
16.855
17.283
18.288
16.305
18.292
16.737
16.77
17.326
17.924
16.356
16.203
18.275
16.813
17.548
16.958
18.203
17.881
16.743
17.461
16.696
18.075
16.004
17.976
16.621
16.73
16.446
16.494
16.642
17.857
16.392
17.018
17.882
15.894
17.179
17.746
16.404
17.799
16.245
17.736
16.518
16.359
17.651
16.235
16.017
16.42
16.093
17.609
17.276
16.543
17.734
16.541
17.825
17.258
16.472
17.559
15.768
16.305
17.617
15.909
17.741
16.383
17.34
16.384
17.593
17.747
17.886
16.609
17.883
16.541
17.423
18.014
16.452
16.673
17.863
16.704
17.968
16.65
17.984
16.672
17.331
17.048
16.45
17.318
18.059
16.541
18.009
16.86
16.101
17.856
16.948
17.944
17.49
16.734
18.108
16.288
17.954
17.6
16.636
17.287
16.396
17.46
18.045
16.494
17.458
16.776
16.62
17.719
16.683
16.613
17.847
16.404
18.183
16.763
17.915
18.189
16.622
17.518
16.666
17.411
16.309
16.658
16.151
17.765
16.373
17.296
16.482
17.008
17.773
16.254
16.948
17.516
16.649
18.072
16.654
17.763
16.651
18.184
16.379
16.757
17.545
16.837
18.256
17.721
16.873
17.081
18.346
16.803
17.888
18.035
16.757
18.038
18.037
16.627
17.975
16.522
17.943
16.673
17.39
16.289
17.94
17.47
17.968
18.184
16.332
16.752
17.448
18.215
17.591
17.626
16.721
18.099
18.092
16.774
18.105
17.153
16.184
18.008
16.435
18.118
16.797
17.641
17.198
18.229
18.231
17.674
16.813
18.105
16.875
18.319
17.755
16.754
18.018
18.15
16.693
18.209
16.458
18.071
17.725
16.264
17.647
16.714
18.331
17.041
18.445
