-0.00012527
-0.00022396
-0.0001901
-0.0012462
-0.001249
-0.00025522
-0.0012176
0.00074045
-0.0012488
-0.00016224
-0.00032018
-0.001152
-0.0012484
-0.0013816
-0.0011787
-0.0013451
0.00087306
0.00089978
0.00087047
-0.00015895
0.0010292
-0.001215
-0.0011812
-0.0011814
-0.0012774
0.00089946
-0.00022635
-0.00015627
0.00083935
0.00084014
-0.0011875
0.0011216
-0.0011129
0.00080308
-0.00031739
-9.503e-05
0.00096211
-0.0012462
-0.00035431
-0.00028626
-0.0014052
0.00096736
0.00093572
-0.0023068
-0.0012149
-0.00015899
-0.0013159
-0.00012603
-9.2567e-05
-0.0013769
-0.0011496
0.001096
-8.8439e-05
0.00077171
0.0008371
-0.0013731
-0.0014706
-0.00025312
-0.0012824
-0.00019023
-0.00015892
-0.00028718
-0.00045259
-0.00025341
0.0020548
-0.00015873
-0.00015822
-0.00022171
-0.0035269
0.0007383
-0.00025507
-0.00022156
-0.0013431
0.00086618
-0.0012777
-0.0011816
-0.002334
-0.0002533
-0.0013092
-0.00022372
-0.00028586
-0.0012153
-0.0023073
-0.00012069
-0.00012595
0.0020843
-0.0011897
0.00096933
0.00090995
-0.00024917
0.00083511
0.00089957
0.00093084
-0.0023986
0.00086859
-0.00022116
-0.0012515
-0.00022133
-0.00025738
-0.00025751
-0.001244
-6.4258e-05
-0.0014788
-0.0014093
0.0008378
0.00089949
-0.00035065
0.0031129
-0.00019025
-0.0023701
-0.0012163
0.0011247
-0.00018784
-0.00015946
-0.0011851
-0.0012554
-0.0012801
-6.3092e-05
0.0009332
-0.00022135
0.0019943
-0.00031804
-0.00019
-0.0024325
0.00073453
-0.00015682
-0.00012314
-0.00028617
-0.0024345
0.001899
0.00090216
-0.00015691
-0.0012159
-0.0023675
-0.0012832
0.00076853
-0.0015691
-9.0087e-05
0.0030127
-0.00034984
0.0010276
-9.2726e-05
-0.00025452
-0.0023419
0.00070461
-0.0036486
-0.0014701
-0.0013087
-0.00025428
-0.00034573
-0.00012621
-0.00015698
-0.0013464
-0.0013465
-0.00019015
-0.0013111
0.0020205
-0.0013441
0.0010245
-0.0012824
-0.00045138
-0.00028752
-0.0012139
0.0010322
-0.0023423
-0.00022501
0.00090177
0.00093728
-0.00237
-0.00021939
0.00090176
-0.00015701
0.0009019
-0.0014686
-0.001311
-9.0981e-05
-0.00018387
-0.00021877
-0.00012428
-0.0014044
0.0008653
-0.001344
-0.0012431
-0.0012801
-6.8268e-05
0.00093235
-0.00237
0.0010879
0.00093238
-0.0012804
-0.00025401
-0.00022111
-0.00031569
-0.0013744
0.00083603
0.00064631
-0.001311
-0.00018817
-0.0012166
0.0010591
-0.001278
-0.00024781
0.00093668
-0.0013716
0.00083626
-0.00022103
-0.0012455
-0.00015718
-0.0014709
-0.00012635
-0.0012164
0.0008976
-0.0013388
-0.0003169
-0.00019222
-0.0022487
0.00086682
-0.0012473
0.00070884
0.00083623
-0.0033985
0.00096297
-0.0012489
0.00086557
0.00083614
-0.0011225
5.8158e-05
-0.0011222
2.9385e-05
-0.0022472
0.00083847
-0.00021918
-0.00025223
0.001094
-0.0023349
-0.0010916
0.00093071
-0.0012802
-9.6791e-05
0.00099366
-0.0012142
6.3276e-05
-0.0011532
0.0032073
-0.0012183
-0.00012659
3.0961e-05
-0.0012778
-0.00028527
-0.0022089
-0.0011501
-0.00021515
-0.0011451
0.0018997
-0.0013415
-0.00015477
-0.00031769
-0.0015051
-0.00034953
-0.00019007
-0.0012163
-0.0011245
0.0010897
-0.00019194
0.00080663
-0.0024031
-0.00019036
-0.0013441
-0.0013132
-0.00028506
0.0008061
-0.0014063
-0.00022304
-0.0015004
-0.0014098
-0.00022126
-0.0024946
0.00099832
-0.0012201
-0.00015928
-0.003529
0.00089985
0.0022427
-0.0013155
-0.0012187
-0.00012765
0.000966
-0.00022125
0.00096582
-0.001278
-0.00038142
0.0041067
-0.00015685
4.7039e-06
-9.1163e-05
-0.0011825
-0.0001882
-0.00037832
-0.00016313
-0.002366
-0.0011854
-0.00015735
0.0008636
-0.0025312
-0.00015533
-0.00013033
-0.0032721
-0.002434
-0.004553
-0.0023735
-0.0047482
0.0050631
0.00095989
-0.0033679
-0.0034613
-0.0075958
-0.0035218
-0.0034944
-0.0015051
-0.0045506
0.0017964
-0.0069261
-0.016737
0.0047702
0.061613
-0.0071823
-0.20248
-0.46561
-1.3434
-1.347
-0.17166
1.2484
1.0933
0.68766
0.68916
0.24747
0.28234
0.27542
0.20485
0.14583
-0.015115
-0.10316
-0.24302
-0.56
-0.44973
-0.36154
-0.4134
-0.14367
0.079906
0.015374
-0.32455
-0.11046
0.13836
0.15242
-0.036296
0.0012011
0.012491
0.022276
-0.0065415
0.005063
-0.017824
0.00023424
-0.018316
0.053334
-0.011237
0.051183
0.048495
-0.0010279
0.065397
0.018052
-0.099363
0.58249
0.5459
0.22398
0.056669
-0.33784
-0.27591
-0.35894
-0.27898
0.26564
0.12313
-0.064431
-0.23142
-0.16681
-0.062188
-0.019321
-0.010001
-0.01143
-0.020272
-0.010412
0.0041013
0.0027892
-0.0074787
-0.0022133
0.007205
0.089904
0.33392
0.53535
0.2697
-0.75614
-0.78872
0.20058
0.02871
0.029015
0.0090965
-0.0014225
-0.0053095
-0.0053049
0.0011935
0.014233
0.0011356
0.0031989
0.030796
-0.0012581
-0.032864
-0.049249
-0.074437
-0.41048
-0.7106
1.796
1.9557
0.93877
-0.23953
-0.99478
-0.75115
-0.60876
-0.070978
0.39304
0.39155
-0.015482
-0.44496
-0.38306
-0.18626
-0.084
-0.027199
-0.23506
-0.90316
0.16308
0.087878
0.27416
0.43283
-0.17638
0.032788
-0.073835
-0.16128
-0.10505
-0.048673
-0.026231
0.034081
-0.13818
-0.01216
-0.11805
-0.075353
0.22102
0.35903
0.28318
0.5339
0.047138
-0.12556
-0.038231
0.064278
-0.029614
0.17523
0.10626
-0.18224
-0.44474
-0.50649
-0.33011
-0.26318
-0.13763
-0.066517
-0.029658
-0.01467
-0.00052567
-0.0017076
-0.0072065
0.06487
0.31391
0.63982
0.3444
-0.89837
-1.6478
-0.28285
1.1564
0.18916
0.063734
0.01292
0.00092073
0.013909
0.014857
0.0043496
-0.0041513
-0.0044676
-0.0047956
0.021194
0.010492
-0.014007
-0.015761
-0.016031
-0.070147
-0.65559
1.5368
1.8261
1.0477
0.031794
-0.35727
-0.18029
0.19569
0.34037
0.42238
0.46678
-0.033419
-0.19517
-0.22519
-0.35446
-0.41273
-0.95425
-1.0337
-0.25576
-0.70012
0.27842
0.65886
-0.14925
-0.10635
-0.070064
-0.11669
0.03046
-0.096006
-0.096012
0.082787
-0.087993
-0.073048
-0.010694
0.070119
-0.084305
0.58586
0.60502
0.55235
-0.026257
-0.198
-0.29325
-0.32838
-0.21249
-0.58174
-0.28844
0.0055709
0.13643
0.17369
0.071105
-0.22064
-0.22032
-0.11406
-0.047479
-0.026685
-0.0062155
-0.002156
-0.0082176
0.0035091
0.0062314
0.0046899
-0.0055399
-0.0093727
0.0017672
0.24012
0.84967
-0.028023
-1.2819
-0.71267
0.39852
0.31277
0.093499
0.017076
0.020631
-0.0010415
0.027329
0.012242
3.5247e-05
0.0018634
0.0070956
0.010861
0.017771
-0.0062779
-0.0071779
0.0032709
-0.021098
-0.014988
-0.0067818
-0.024581
-0.13085
-0.76605
-0.75796
1.2875
1.6094
0.55443
0.11578
0.12739
-0.11489
0.39822
0.25449
0.38202
0.71139
0.71295
-0.20091
-0.014536
-0.27497
-0.51125
-0.54772
-0.43152
0.17623
0.11769
0.059478
0.04328
0.0396
-0.0080811
-0.088403
-0.020921
-0.090848
-0.08939
0.076598
-0.17295
-0.041852
-0.18726
-0.1878
-0.0006472
0.044312
0.26668
1.0092
0.99912
0.28585
-0.20591
-0.35072
-0.32219
-0.32502
-0.46794
-0.092754
0.094241
0.093692
0.3013
0.23367
-0.14801
-0.25491
-0.05751
-0.041192
-0.017759
-0.011748
0.0034312
0.0034118
0.0052783
0.0041827
0.0024214
0.0048478
0.0049588
0.89408
-0.31782
-1.3109
0.23431
0.069538
0.042577
0.044035
0.02225
0.0065827
0.020423
0.0084435
0.0026523
0.0061603
0.0084783
0.0092311
0.009558
-0.0013005
-0.0094591
-0.0026359
-0.013185
-0.022797
-0.0020649
-0.022935
-0.091157
-0.40145
-1.0345
0.49663
0.10244
0.18815
0.03863
0.60839
0.53443
0.57837
0.37801
-0.18047
-0.016441
0.075429
-0.37879
-0.90772
-0.90466
-0.43879
-0.6695
0.0089909
0.57113
-0.019939
0.11382
-0.037444
-0.021278
-0.038392
-0.030528
0.036359
-0.076114
0.031059
0.046204
-0.027446
-0.033776
-0.10987
-0.17289
-0.016536
0.061945
0.1175
0.83016
0.50129
0.10212
-0.024138
-0.17427
-0.41366
-0.1361
0.14902
-0.15563
-0.28053
-0.22541
-0.17712
-0.064212
-0.035307
-0.0025529
-0.0025345
0.0069077
0.0061897
0.0052143
0.0019632
-0.0023458
-0.0071274
0.0013203
0.084393
0.6275
0.25264
-1.4739
-0.27927
0.35451
0.26001
0.098262
0.025668
0.0041597
0.010035
0.019956
0.0098555
0.0012764
-0.0014155
0.0030458
0.012312
0.024735
-0.0036211
-0.023555
-0.016791
-0.010246
-0.01644
-0.68583
-0.68953
1.4927
1.7515
0.48237
-0.43616
-0.11019
0.098335
0.22154
0.56438
0.8349
0.50633
0.16025
0.0067499
-0.089113
-0.020825
-0.11706
-0.90368
-1.3344
-0.48803
-0.96406
-0.40954
0.3224
0.12689
-0.113
-0.040606
-0.18675
-0.068164
-0.041724
-0.012925
0.027074
0.093471
-0.039519
-0.10997
-0.11166
-0.079148
-0.079984
-0.0017664
0.16174
0.3991
0.6454
0.30555
-0.048953
-0.24305
-0.44471
-0.19306
-0.04248
0.10291
0.17857
-0.0346
-0.21469
-0.11346
-0.062366
-0.026292
-0.016044
-0.0025211
0.0042011
0.0090918
0.0050987
0.010114
0.0129
-0.0049364
-0.013586
-0.00081503
0.23875
0.77396
-0.7513
0.17568
0.05608
0.012733
-0.0033902
0.017488
0.010404
0.0061687
0.0057022
0.00056681
0.011877
0.01886
0.0033999
-0.011218
-0.0054188
-0.011248
-0.026811
5.4029e-05
0.0038276
-0.010139
-0.24636
-0.86565
0.17367
1.5554
0.87952
-0.068024
0.28142
0.10048
0.11149
0.61014
0.48505
0.60234
0.54509
-0.016853
-0.055456
-1.127
-0.77546
-0.94898
-0.63321
0.010989
0.75954
0.10221
-0.024405
-0.15031
-0.042516
-0.0096549
-0.05838
-0.0086989
0.11263
-0.060518
-0.1054
-0.061105
-0.10971
-0.13143
-0.035383
0.053321
0.082462
0.59161
0.4588
0.16912
-0.11815
-0.18696
-0.30475
-0.33077
-0.41851
-0.42825
-0.42833
0.040581
0.2093
0.20627
-0.00024874
-0.23449
-0.23449
-0.18009
-0.024596
-0.0079962
-0.0079966
0.0097756
0.0018753
-0.0070912
-0.0066085
0.10074
0.62554
0.62646
-1.1805
0.074888
0.056184
0.13626
0.13611
0.031758
0.0034362
0.010392
0.011374
0.0092495
0.0018022
0.0011878
0.0048536
0.010879
0.010865
0.033794
-0.0071566
0.051195
0.039088
0.039969
-0.04816
-0.28243
-0.54
-0.54353
-0.045262
0.64806
0.61767
-0.056641
-0.067136
0.035104
-0.34372
-0.47508
-0.25987
-0.49584
-0.34508
-0.36917
0.21777
1.9658
0.1965
-0.91743
-0.057619
-0.086913
0.012029
-0.014723
0.035612
-0.032424
-0.0042806
-0.012894
0.0090484
0.0094845
-0.0020651
0.0015345
-0.004823
-0.0023217
-0.010938
-0.0073393
0.010808
0.031108
-0.0063361
0.20098
0.66161
0.21633
-0.49877
-0.11182
0.022305
0.015
-0.0019588
0.012289
0.095104
0.076743
0.019382
-0.018173
-0.04847
-0.0078487
-0.018651
-0.04464
-0.028432
-0.038276
-0.015486
-0.011999
-0.0023604
-0.0022201
-0.0025624
-0.0043975
-0.011062
0.020525
0.098017
0.04339
-0.29564
0.033981
0.051711
0.043003
0.0065144
0.010996
0.015495
0.0052589
0.0042188
0.0043165
0.0045634
0.00022969
0.029067
0.0060301
-0.01253
-0.005252
0.008707
-0.024906
-0.030052
-0.025285
-0.044613
-0.10704
-0.38775
0.11261
1.1955
0.028843
0.064784
0.16294
-0.11388
0.31997
0.047908
-0.43244
-0.35265
-0.032666
0.097503
-0.20409
0.04536
0.20235
-0.3155
-0.32954
0.017813
0.10503
0.035975
0.097292
-0.15749
-0.10159
0.0074722
-0.013747
-0.00087729
0.0044271
-0.003969
-0.001228
-0.0047086
-0.022405
-0.019951
-0.013466
0.018474
0.018974
0.047897
0.52067
0.88603
-0.30876
-0.69491
-0.092089
0.0021905
0.0008163
0.01665
0.069539
0.12415
0.08297
0.0087667
-0.012174
-0.017379
-0.046765
-0.053405
-0.035005
-0.036471
-0.024621
-0.01281
-0.0060318
-0.0041732
-0.0016465
-0.0012043
-0.005257
-0.017416
0.052335
0.097485
-0.17231
-0.05901
-0.025152
0.012093
0.024727
0.0040215
0.0090374
-0.0069788
0.00078947
0.00069627
0.0039375
0.008741
-0.0016786
0.0001117
-0.0099508
-0.015867
-0.0020076
0.032734
0.014414
-0.024787
0.00079489
-0.012018
-0.018914
-0.3611
-0.9987
0.45589
0.21311
0.086173
0.27135
0.017329
0.27383
-0.1313
-0.30097
0.016197
0.18769
-0.053143
0.050174
0.41119
0.33021
-0.21016
-0.12097
0.09703
0.096528
0.11588
-0.062469
-0.20407
-0.02958
0.011263
0.01469
0.038154
0.010713
-0.013248
-0.025757
-0.010417
-0.0071919
-0.0061982
-0.0018689
0.0033264
0.023094
0.16734
0.65415
0.63652
-0.81988
-0.25464
-0.048018
0.12577
0.14449
0.050709
-0.05008
0.034409
-0.046118
-0.050144
-0.078147
-0.062559
-0.037378
-0.041025
-0.040133
-0.011459
-0.0045197
-0.0089556
-0.0080448
-0.0020412
-0.0033178
-0.018344
-0.0066453
-0.0019921
-0.069365
-0.032389
0.0042141
0.012199
0.0051048
-0.0098151
-0.012976
-0.0021978
0.00034822
0.0046892
0.0033282
-0.0018932
0.00034346
-0.023452
-0.032987
-0.0047092
0.023211
0.0387
0.0055557
-0.0020411
-0.011039
0.035953
-0.058927
-0.9343
-0.68988
0.19894
-0.38376
-0.49328
0.045481
0.23146
0.32071
-0.10384
-0.15324
-0.10949
0.47121
0.033289
0.34152
0.48675
0.51004
0.31397
-0.046181
-0.099714
0.18426
0.18394
0.044089
-0.15879
-0.17382
-0.0039216
-0.0062402
0.031718
0.044517
-0.033953
-0.0023574
0.0001204
-0.0092183
-0.015547
0.0071341
0.010043
0.0072222
-0.012297
0.060516
0.60184
0.04518
0.073132
-0.47535
-0.05874
-0.010822
0.032675
0.032645
0.10195
0.14387
-0.063746
-0.10242
-0.10244
-0.048166
0.12612
0.054571
-0.053077
-0.05302
-0.089541
-0.12234
-0.12817
-0.061025
-0.037471
-0.025462
-0.016654
-0.013322
-0.015572
-0.0067619
0.0038948
0.0080987
-0.032651
-0.023094
-0.045133
-0.0077436
0.0075271
0.005211
-0.01389
-0.0028267
3.2042e-05
0.0043459
0.0022839
-0.0016239
-0.00318
-0.011885
-0.067084
-0.030791
0.026676
0.057469
0.025315
-0.031063
-0.0070867
0.04671
0.10738
-0.40496
-1.3862
-0.057164
-0.78589
-0.33688
-0.47246
-0.60862
-0.36988
0.25723
-0.23193
-0.39627
-0.072058
0.27557
1.1844
1.5356
0.7953
0.42029
0.30353
0.22867
-0.28313
0.05661
0.15016
0.057926
0.039713
-0.09265
-0.17946
-0.078625
-0.016669
-0.0046484
0.0048627
0.027508
-0.016132
-0.033895
-0.048286
-0.019358
0.016928
-0.049536
-0.056946
0.66605
-0.21155
-0.1116
-0.068316
0.0093735
0.086541
0.081669
0.08143
-0.014106
-0.03394
-0.0084613
0.05117
0.086528
0.0036237
-0.084863
-0.090674
-0.076294
-0.071518
-0.041699
-0.02997
-0.023761
-0.012899
-0.011752
-0.013385
-0.023689
-0.0477
-0.003047
0.006137
-0.0028542
-0.0081888
-0.012955
0.0032039
0.0025437
0.004778
-0.0012883
-0.0019622
-0.073449
-0.069654
0.012122
0.066464
0.057188
-0.0031899
-0.0025736
-3.134e-05
0.15912
-0.019609
-0.904
-1.4051
-0.30579
-0.78922
-0.82944
-0.63421
-0.59777
-0.41387
-0.58458
-0.59369
-0.13933
-0.2423
-0.11761
1.7512
0.88937
0.31465
0.70731
-0.46338
0.20368
0.14149
0.091083
-0.021817
-0.14434
-0.11746
-0.049299
-0.024652
0.016328
0.021905
0.011988
0.0054738
-0.0084125
-0.044807
-0.030046
0.0020418
0.048881
-0.0066265
-0.12205
-0.023868
0.068834
0.082962
0.10399
0.036123
0.007894
-0.015587
-0.0046756
0.07699
0.065512
0.094081
0.017981
-0.034251
-0.066373
-0.11376
-0.13373
-0.082562
-0.04847
-0.020505
-0.014698
-0.01415
-0.018139
-0.044996
-0.056177
-0.0092737
0.0098501
0.0032598
-0.010855
-0.016983
-0.014555
0.0017199
0.0037632
-0.0056275
-0.00091306
-0.036447
-0.12361
-0.022096
0.053995
0.084862
0.043061
0.049838
0.010469
0.05638
0.20501
-0.1282
-1.5999
-1.1461
-0.95085
-1.0126
-0.89016
-0.71738
-0.79578
-0.6884
-0.373
0.081655
0.17452
0.68627
1.8205
0.85062
0.42412
-0.13155
-0.10971
0.14988
0.039304
0.013948
-0.12256
-0.1335
-0.079244
-0.0099082
0.041522
0.015688
-0.0037374
-0.017971
-0.022434
-0.01627
-0.026978
-0.015216
0.019867
-0.020057
-0.13178
-0.11628
-0.15315
-0.17224
0.0030227
0.10347
0.093451
0.085817
0.050243
0.0068208
0.0095026
0.024231
0.042254
0.042173
0.039047
0.0056088
-0.045923
-0.071559
-0.12224
-0.12554
-0.062566
-0.026707
-0.028042
-0.014585
-0.012075
-0.0047633
-0.042482
-0.037877
8.5326e-05
0.0082614
-0.010144
0.00013324
-0.0029857
0.0031352
0.003653
0.0025613
0.0077415
0.0079855
-0.13182
-0.095207
0.10723
0.0661
-0.00098216
0.0023195
-0.01509
0.22747
0.041912
-0.51187
-0.48211
-1.8703
-0.76537
-1.1997
-0.71063
-0.74162
-0.76337
-0.46387
-0.37715
0.013237
-0.19103
-0.11749
-0.19567
1.7263
1.8423
1.1032
0.12034
-0.21218
-0.045703
0.097921
0.064026
0.0056581
-0.04384
-0.10632
-0.049673
-0.019352
0.023366
0.031074
0.0071094
-0.004525
-0.018028
-0.0075396
-0.021945
-0.0018637
0.030305
-0.12439
-0.19869
0.084393
0.42792
-0.043145
-0.065636
0.071952
0.10688
0.072567
-0.0071083
-0.0085923
-0.001531
0.0037124
-0.0055365
0.00775
0.0057057
-0.012071
-0.030966
-0.035371
-0.032132
-0.035702
-0.031207
-0.037572
-0.023014
-0.016974
-0.011956
0.041872
0.013617
-0.030598
-0.053458
-0.038064
0.0012929
0.0059738
-0.0062731
-0.01266
0.0035553
-0.0071642
-0.023996
-0.15233
-0.025906
0.07937
0.11124
0.081749
0.027822
-0.10344
0.1194
0.77583
1.1254
0.76755
0.42652
-0.56254
-1.9816
-2.2393
-1.1479
-1.2641
-0.66839
-0.93834
-0.9099
-0.0069741
0.21818
0.81891
0.26616
0.080117
0.35071
1.0244
1.3389
-0.26732
0.14043
-0.036891
0.045135
0.044891
0.010901
-0.063554
-0.063306
0.1366
0.14193
-0.07449
0.10028
0.077474
0.065106
0.027656
-0.28549
-0.46263
0.021119
0.30412
0.55235
0.14869
0.027954
0.012427
0.033444
0.063684
0.1216
0.14786
0.072766
0.0064716
-0.040709
-0.018441
0.019533
-0.020447
-0.03822
-0.071761
-0.046105
-0.02636
-0.01027
-0.017739
-0.0035742
-0.0066626
0.049618
0.10748
0.024655
-0.072652
-0.066977
-0.0085108
0.035919
0.030161
-0.010141
-0.020996
-0.024732
-0.030132
-0.0017767
0.0086299
0.0098293
-0.050977
-0.072973
0.0046659
0.095485
0.059543
0.0081624
-0.1439
0.27939
0.77492
0.47855
0.019904
-0.3437
-0.93257
-0.93698
-0.85818
-0.48192
-0.63042
-0.6434
-0.41871
-0.37097
-0.53563
-0.65783
0.29167
1.7489
1.0529
0.90267
-0.061952
-0.021517
0.060186
0.063236
0.046761
-0.037951
-0.048255
-0.10656
-0.075267
-0.01954
0.018988
0.019828
-0.010587
-0.038685
-0.022519
-0.038925
-0.031831
-0.0079895
0.016085
-0.0033541
-0.31313
-0.34849
0.098654
0.65801
0.11094
-0.10676
-0.066127
0.0001532
0.0096715
-0.0013666
0.0075388
-0.0027094
-0.019779
-0.016396
-0.018668
-0.011752
-0.030824
-0.032283
-0.048045
-0.04591
-0.018608
-0.018131
-0.025592
-0.0060762
0.064674
0.075855
0.031537
0.04006
-0.048261
-0.061253
-0.04922
0.0054141
0.02793
0.0094889
-0.012712
-0.011789
-0.0085172
0.0022848
0.0021374
0.0097713
-0.010232
-0.11293
-0.024066
0.025189
0.054167
-0.042315
-0.013381
0.004247
-0.039926
0.17771
0.41668
0.67089
1.2736
0.60799
-0.55853
-1.2953
-1.2027
-1.1595
-0.88749
-0.82716
-0.58
-0.64486
-0.2795
-0.22957
1.032
1.5621
1.5848
1.2165
0.25329
0.060824
0.034332
0.047646
-0.016596
0.00043885
-0.089502
-0.024811
-0.025836
-0.030672
-0.074526
-0.11133
-0.11521
-0.11856
-0.02744
0.0088453
-0.00038472
0.079998
0.078386
0.096058
-0.54171
0.030253
0.38
0.38227
0.39107
-0.069938
-0.045034
0.033788
0.067252
0.15806
0.06564
-0.0047306
-0.0046372
-0.058274
-0.070575
-0.024426
-0.0027208
-0.052331
-0.062945
-0.046095
-0.036632
-0.020851
-0.014505
-0.044723
0.0090957
0.058028
0.059657
0.001625
-0.017608
-0.04608
-0.039033
-0.0084604
0.018731
0.014818
-0.016018
-0.0063516
0.0030211
0.011548
0.0042438
-0.0022804
-0.061695
-0.095137
-0.02389
0.080903
0.079546
-0.0013494
0.0090073
-0.0041911
-0.073428
-0.14252
-0.13468
-0.31455
1.3175
1.1799
-0.19306
-0.82617
-1.1628
-0.98391
-0.57653
-0.55178
-0.52672
0.093737
-0.13209
1.1325
1.5101
1.179
0.90071
0.35225
-0.012331
0.10343
-0.14363
-0.13317
-0.050971
-0.055478
-0.058958
-0.073139
-0.16671
-0.1902
-0.15166
0.024691
-0.12041
-0.070021
0.15247
0.15002
-0.026839
-0.45316
-0.22818
0.19351
0.40736
0.46425
0.22023
-0.019444
-0.042312
0.035924
0.10072
0.097545
0.089129
0.046106
-0.037775
-0.087347
-0.064095
-0.030231
-0.016367
-0.034499
-0.059816
-0.062008
-0.031477
-0.017335
-0.022909
0.0058841
0.061263
0.042457
0.053694
0.028502
-0.12688
-0.073298
-0.007069
0.032607
0.029244
-0.0011007
-0.016524
-0.010982
-0.0059712
0.0024055
0.0040003
0.011513
-0.078048
-0.047676
-0.0010357
0.056808
0.074737
-0.0085041
-0.0027484
-0.014302
-0.083941
-0.12068
0.017395
0.44881
1.2553
0.48592
-0.5118
-1.1427
-1.1143
-0.7498
-0.46159
-0.39439
-0.83659
-0.55818
-0.35395
-0.18786
0.58009
1.7797
1.2757
0.19797
0.1116
0.068674
0.072117
-0.060793
-0.046284
-0.088887
-0.051026
-0.045441
-0.053482
-0.058534
-0.18688
-0.15206
-0.10125
-0.11277
0.028971
0.038051
0.10172
0.15557
-0.25448
-0.32075
0.20435
0.29846
0.48584
0.13388
-0.073329
-0.078011
0.019176
0.10133
0.16112
0.16012
0.10602
-0.02494
-0.093868
-0.080824
-0.034582
-0.048941
-0.086209
-0.06538
-0.047398
-0.032396
-0.02952
0.0072161
0.068208
0.083437
0.022619
-0.0083165
-0.062821
-0.041556
-0.0045383
0.013194
0.0051767
-0.0024054
-0.014854
0.0057984
-0.0016137
-0.011598
-0.010925
0.0072772
-0.049395
-0.10067
-0.014544
0.056617
0.086662
-0.0058792
-0.019124
-0.019619
-0.047184
-0.18697
0.1173
0.11902
1.2127
0.83249
-0.16546
-1.1932
-1.1665
-0.94408
-0.77493
-0.76603
-0.5244
-0.41254
-0.39007
-0.54834
1.6359
1.5199
0.81301
0.61284
-0.023764
0.20251
-0.0086627
0.0064939
-0.10484
-0.018226
-0.13921
-0.08653
-0.084862
0.020011
-0.33957
-0.045068
-0.042204
0.045431
0.027817
0.016659
0.10544
0.12594
-0.1994
-0.36647
0.078119
0.33071
0.49539
0.072706
-0.11426
-0.1001
0.027623
0.11292
0.15518
0.14704
0.097561
-0.031714
-0.10224
-0.11095
0.011285
-0.025141
-0.057295
-0.06058
-0.056656
-0.036137
-0.025254
-0.025253
0.038052
0.07731
0.080633
0.085989
-0.067757
-0.1036
-0.046676
-0.0070264
-0.0070505
0.021995
-0.013208
-0.014214
0.0050395
0.00063619
0.0022401
0.0077899
0.0031927
-0.07901
-0.07901
-0.060996
0.049851
0.072255
-0.0084983
-0.013409
-0.0078504
-0.075088
-0.1292
-0.034509
-0.037589
-0.005663
0.81711
-0.46339
-1.0525
-1.0439
-1.0825
-0.29713
-0.54328
-0.27032
-0.27671
0.074286
1.1596
0.82808
1.4289
0.44065
0.026194
0.084442
0.088354
-0.10019
-0.075051
-0.16118
-0.038475
-0.13674
-0.10832
-0.1113
-0.2763
-0.19652
-0.031122
-0.091582
-0.10446
-0.031641
0.054817
0.025841
0.062316
-0.18487
-0.1116
0.07564
0.30872
0.48552
0.33826
0.11013
-0.016883
0.049908
0.12351
0.14963
0.11925
0.02525
-0.087101
-0.12399
-0.096985
-0.070108
-0.036574
-0.024063
-0.031208
-0.033224
-0.044421
-0.058311
-0.041456
0.029155
0.079628
-0.003137
0.12275
0.19853
-0.18002
-0.14359
-0.059624
-0.0076587
0.02695
0.015714
-0.0049888
-0.011622
-0.007501
0.0077594
0.00677
-0.034816
-0.093669
-0.016423
0.012795
0.05648
0.032027
-0.023124
-0.0096505
0.019698
-0.087906
0.066162
-0.015342
0.66748
0.0026008
-0.8345
-1.4804
-0.74356
-0.29383
-0.52918
-0.80057
-0.45858
-0.86535
-0.055439
-0.18646
-0.099678
0.04743
0.7843
1.2083
1.181
0.95758
0.68432
-0.18165
0.33739
-0.057574
-0.1276
-0.0048877
-0.055887
-0.046135
-0.011754
-0.23929
-0.22714
-0.052985
-0.076474
-0.20576
-0.078106
-0.043616
0.036498
0.017907
-0.13036
-0.16871
-0.19848
0.14798
0.3607
0.419
0.40652
0.54097
0.32903
0.10012
0.032653
0.057585
0.13769
0.12397
0.0182
-0.11577
-0.16712
-0.11407
-0.066661
-0.029075
-0.034386
-0.041252
-0.041969
-0.053042
-0.054709
-0.035797
-0.0070749
-0.020927
0.0014191
0.045392
0.10939
0.065746
0.082255
-0.059805
-0.11342
-0.055822
0.00081501
0.020964
0.0091243
-0.0045816
-0.0055316
-0.0037522
-0.0031228
0.0034958
0.0069267
0.0029009
-0.079404
-0.07313
-0.0067418
0.02593
0.049533
0.007533
-0.029352
-0.020235
0.0068927
-0.10207
0.025621
0.27531
1.4056
0.61293
-0.8198
-1.1112
-0.82716
-0.36876
-0.51752
-0.71295
-0.59025
-0.33207
-0.2683
-0.54621
-0.19244
-0.049478
0.47895
1.5516
1.3162
0.71691
0.51592
0.011767
0.27627
0.031929
-0.069524
-0.058415
-0.19207
-0.14365
-0.069632
-0.054438
-0.080803
-0.10635
-0.022355
-0.10238
-0.14343
-0.041031
0.069386
0.013804
0.01761
-0.16099
0.092308
0.119
0.4385
0.25221
0.1002
-0.12347
-0.057943
0.07567
0.13263
0.20888
0.18313
0.062518
-0.10583
-0.15569
-0.077508
-0.022406
-0.00089831
-0.041806
-0.064405
-0.051162
-0.027013
-0.025568
-0.018679
-0.011945
0.039704
0.065665
-0.0098231
0.034633
-0.056252
-0.064082
0.009145
0.020628
0.0027749
0.0002697
-4.1461e-06
-0.0033911
-0.012836
0.0003789
0.0078056
-0.012103
-0.076605
-0.015356
0.011819
0.05394
0.0048504
-0.063148
0.00074704
-0.010694
-0.10948
-0.063175
-0.44252
0.77266
1.5845
0.15739
-1.2625
-0.32905
-0.61847
-0.077607
-0.14941
0.2038
0.046025
0.047393
0.94651
0.96841
0.61253
-0.091748
0.15559
0.13679
0.044344
0.046641
-0.10966
-0.18292
-0.20009
-0.093407
-0.080714
-0.10148
-0.17266
-0.14098
-0.028909
-0.11126
-0.12493
0.036494
0.04818
-0.097139
-0.093249
-0.40132
0.29547
0.33002
-0.08361
0.015916
0.11631
0.11611
0.14556
0.065989
-0.0065825
-0.086499
-0.09103
-0.054004
-0.024104
-0.0085629
-0.008576
-0.024194
-0.048252
-0.047598
-0.040292
-0.040274
-0.023014
0.0061178
0.038367
0.067954
0.06767
-0.01298
0.21111
-0.016384
-0.11381
-0.076563
-0.053727
0.010832
0.025124
0.0052289
0.0030159
-0.0044489
0.00092695
0.0031528
0.0054586
0.0018688
0.00090759
0.0076691
0.0033671
-0.062947
-0.020348
-0.02327
-0.1531
-0.00054703
-0.034854
0.89441
0.85681
-1.194
-1.0586
-0.88263
-0.43896
-0.47115
-0.6214
-0.53411
-0.32928
-0.17108
-0.11485
0.11442
0.58208
1.0486
1.0155
0.75049
0.79033
0.19948
0.17777
0.064954
-0.024031
-0.056581
-0.24452
-0.12904
-0.055884
-0.12019
-0.17797
-0.15223
-0.014368
-0.16969
-0.1169
-0.1088
-0.042008
-0.032987
-0.083579
0.088217
-0.10707
-0.014339
0.064271
0.52255
0.23122
0.40613
-0.020225
0.10709
0.22062
0.16428
0.013531
-0.17835
-0.11858
-0.10247
-0.023759
-0.051568
-0.047958
-0.05901
-0.063681
-0.041122
-0.027983
-0.01895
-0.024532
0.014088
0.060965
0.11933
0.094519
0.048461
-0.11063
-0.10238
-0.048591
0.0046462
0.02168
0.011873
-0.0056541
-0.016865
-0.0050036
-0.011878
0.0095352
0.015057
-0.073326
-0.029139
-0.0047875
0.045059
0.034809
-0.065055
-0.055949
-0.39203
0.59268
1.503
0.18038
-0.75663
-1.2419
-0.93224
-0.45953
-0.72493
-0.095718
-0.30929
-0.25933
-0.35698
-0.15296
0.13222
-0.14572
0.73651
1.0431
0.93931
0.4352
0.4298
0.14572
0.22215
0.03865
-0.063182
-0.1544
-0.24539
-0.032049
-0.11354
-0.11353
-0.090356
-0.12623
-0.081216
-0.1326
-0.042286
0.041792
0.031133
-0.021018
0.15204
0.44392
0.1798
0.29673
-0.12315
-0.027921
0.07083
0.12091
0.2787
0.0050312
-0.16756
-0.161
-0.12937
-0.10604
-0.017642
-0.038921
-0.066379
-0.072181
-0.06086
-0.045325
-0.022405
-0.022958
-0.01545
-0.019714
0.019523
0.075873
0.066628
0.077496
0.026345
-0.12378
-0.075041
-0.015403
0.010383
0.0016407
0.012754
-0.0059296
0.00065028
-0.0095446
-0.0085713
0.0033038
0.011971
-0.036493
-0.057772
-0.027487
-0.070402
-0.0054806
-0.027419
-0.18697
-0.17674
1.5487
1.5494
-0.70704
-1.0405
-0.50025
-0.50152
-0.58717
-0.31208
-0.51194
0.070607
-0.22304
0.22466
0.10731
0.49752
0.83249
1.1455
0.47183
0.49314
0.27028
0.19964
0.043328
-0.013616
-0.17709
-0.14318
-0.10239
-0.082807
-0.20778
-0.020517
-0.1846
0.0062819
0.01252
-0.11814
-0.18355
-0.14846
-0.36049
0.093775
0.42722
0.10409
0.37114
0.54402
0.15597
-0.13431
-0.043034
0.050192
0.067651
0.08353
0.037275
-0.047122
-0.09224
-0.081252
-0.038522
-0.017618
-0.016657
-0.026278
-0.044725
-0.049515
-0.033653
-0.006743
0.007129
0.0043609
0.016063
-0.072942
-0.0084773
0.0058432
-0.0063917
-0.018077
-0.020757
-0.0090515
0.0031315
0.0087923
0.0087673
-0.0017401
-0.020331
-0.053045
-0.025741
-0.024724
0.033539
0.039617
-0.013393
-0.034753
-0.032431
-0.12298
-1.3984
-0.84963
0.2434
0.2403
-0.10005
-0.63171
-0.33903
-0.3334
-0.29861
-0.094076
0.39584
0.31782
0.42368
0.45566
0.40385
0.35969
-0.13308
0.65426
0.63943
0.91399
0.13549
-0.19547
0.22736
-0.14705
-0.17513
-0.16803
-0.1461
-0.095567
-0.060662
-0.056424
0.07205
-0.021406
-0.2029
-0.23608
0.0052863
0.076865
-0.011283
-0.13116
0.1197
-0.050289
-0.13461
0.46751
0.22464
0.10139
-0.18277
-0.071195
0.013181
0.044791
0.054063
0.064531
0.013684
-0.028812
-0.01034
-0.016251
-0.023618
0.0052339
-0.0091162
-0.05789
-0.060626
-0.0090841
-0.0050426
-0.01118
-0.0030539
0.014477
-0.03661
-0.011736
-0.0080454
0.0061011
0.0010488
-0.0052471
-0.0062625
-0.0033517
-0.0024961
-0.0056352
-0.0099332
-0.028699
-0.054189
-0.041052
-0.043026
-0.036691
-0.0014007
0.08277
0.073093
0.0024585
-0.0086243
-0.085115
-0.21592
-0.75789
-1.7515
-0.18407
1.1883
0.358
-0.1331
-0.08828
-0.14685
0.11435
0.54502
0.1922
0.53481
0.40729
0.401
0.38604
0.40774
-0.29507
0.032555
0.36169
-0.51934
-0.86317
-0.22042
0.19703
-0.0044013
-0.13486
-0.12702
-0.099379
-0.074669
-0.1082
-0.10057
-0.036204
0.018518
-0.082488
-0.15258
-0.10511
-0.070307
0.070098
-0.071865
-0.045066
0.32072
0.39941
-0.014419
0.15421
-0.043702
-0.19035
-0.080101
-0.0070335
0.018043
0.031092
0.038732
0.061893
-0.015512
-0.048848
-0.023505
0.0015058
0.01377
0.013827
-0.039597
-0.0059253
-0.0031644
-0.00077042
-0.0026532
-0.002668
-0.0038117
-0.0637
0.0095765
0.002264
-0.0047826
-0.0061739
-0.028337
-0.015306
-0.00035999
0.00092315
0.00079938
0.011686
0.022574
0.001542
-0.0033339
-0.0082337
-0.034874
-0.030102
0.011766
-0.014338
-0.014342
-0.085938
-0.16533
-0.7806
-1.7887
1.2239
0.49733
0.036551
0.41796
0.44706
0.83186
0.77669
0.44519
0.41023
0.40891
0.57471
-0.55532
0.33579
0.064743
-0.77728
-0.34212
0.044819
0.077122
0.14187
-0.0099588
-0.11747
-0.11394
-0.1079
-0.11191
-0.10169
-0.048452
0.023107
0.14337
-0.054891
-0.33491
-0.18134
-0.023238
0.018832
0.021525
-0.03711
0.30206
0.30012
0.03565
0.044432
0.061612
-0.039685
-0.20064
-0.052388
0.00264
0.033813
0.041537
0.052872
0.040966
-0.023813
-0.0092496
-0.011028
-0.0099702
-0.039417
-0.052724
-0.030009
-0.013604
-0.0059726
-0.0021293
-0.002458
-0.00095451
0.0020101
-0.024883
-0.018225
0.013241
0.00029269
0.0018606
-0.0076377
-0.003412
-0.0040874
-0.011795
-0.022306
-0.0033177
-0.0033092
0.0042389
0.0014653
-0.0033016
-0.011752
-0.012853
-0.008834
0.015468
0.036523
0.011803
-0.047792
-0.081426
-0.22456
-0.89705
-1.4649
0.23721
0.66108
0.35553
0.22231
-0.27291
0.32582
0.44055
0.27965
0.2669
0.23893
0.50385
-0.87772
0.05905
-0.20855
-1.6161
-0.56228
0.019623
0.14274
0.22987
0.23355
-0.21318
-0.25038
-0.18728
-0.082579
-0.06735
-0.067351
0.027715
0.013944
-0.017747
-0.2468
-0.24685
-0.056319
-0.11348
0.081471
0.0097067
0.0096194
0.17782
0.34287
-0.08697
-0.011594
-0.010005
-0.18612
-0.039128
0.00096218
0.012897
0.012899
0.020332
0.027072
-0.040921
-0.038078
-0.0085745
0.004021
0.014468
-0.0027268
-0.034378
-0.0063703
0.00060884
0.0023059
0.0001625
0.00017089
6.7438e-05
0.0017032
-0.0047877
-0.016601
0.029998
0.013455
0.0044982
-0.008815
-0.020563
-0.0060831
-0.0056717
-0.0056242
0.003544
0.0016532
-0.0018827
-0.0018892
0.0024904
0.0039055
0.0067859
0.00059609
-0.0089175
-0.0006288
0.03931
-0.067112
-0.11798
-0.39586
-1.2276
-1.2684
1.0226
1.0643
0.24245
0.18233
-0.045629
0.010625
0.28465
0.25502
0.76083
0.51239
0.29903
0.26763
0.30503
0.47817
0.23553
-1.2087
-0.16809
-1.4017
-1.117
-0.13461
-0.010131
0.10908
0.44233
0.035878
-0.18038
-0.21205
-0.17254
-0.097712
-0.065496
0.031602
0.079519
0.11775
0.008256
-0.16954
-0.18373
-0.14607
0.038505
-0.048451
0.034968
0.38158
0.34848
0.2418
-0.065923
-0.30641
-0.17615
-0.11139
-0.0097802
0.011695
0.0080576
0.014236
0.031901
-0.02569
-0.021163
-0.0043001
-0.0029397
0.0043815
-0.001779
-0.018338
-0.018538
-0.015034
0.00041591
0.0074279
0.0070486
0.008125
0.0010614
-0.003861
-0.014773
-0.04101
-0.046402
0.024827
-0.0040731
-0.0056047
-0.0056117
0.0038966
0.0099086
0.00011028
0.014455
-0.00064502
0.012457
0.024773
-0.0029718
-0.026753
-0.037757
-0.012581
0.060834
-0.12336
-0.16372
-0.50325
-1.4638
-0.15412
1.1715
0.98632
0.044472
0.054756
0.48333
-0.1384
0.25305
0.57797
0.36934
0.38976
0.27424
0.15425
0.13506
0.21939
0.081806
-1.3653
-0.60748
0.0079753
0.18897
0.39983
-0.11831
-0.3239
-0.080327
-0.05287
-0.017252
0.065359
0.060013
0.042681
-0.041358
-0.1613
-0.08115
-0.044645
0.034755
0.063482
0.15708
0.25026
0.50689
0.028108
-0.42937
-0.21367
-0.15979
-0.068881
-0.0028047
0.0067332
0.067154
0.064235
-0.014067
-0.045531
-0.040274
0.0014163
0.0035733
-0.011531
-0.036656
0.01804
0.024893
0.0083887
-0.0044264
-0.011816
-0.024536
-0.061995
-0.0057642
0.033487
0.042628
0.0091282
-0.014677
0.0046609
-0.022982
0.0020634
0.021489
0.013453
0.012842
0.012625
0.0056974
0.027723
-0.016443
-0.044746
-0.019251
-0.049663
-0.14327
-0.21142
-0.83996
-0.85962
0.81525
1.0594
0.53932
0.14437
0.33059
0.13815
0.27971
0.47369
0.41782
0.23549
0.029282
0.070701
0.073501
0.20559
0.25668
-0.93922
-0.15198
-0.0034315
0.081168
0.41227
0.13764
-0.34977
-0.19745
-0.030175
0.052743
0.073429
0.091103
0.11699
0.0049018
-0.109
-0.12683
-0.0773
-0.069279
0.024339
0.056199
0.30046
0.44998
0.34416
-0.32148
-0.40369
-0.15893
-0.10416
-0.02513
0.0043445
0.0187
0.06525
0.0095628
-0.058908
-0.029812
-0.013065
-0.0027125
-0.010214
-0.019374
-0.016287
0.02784
0.02453
0.0010297
-0.011442
-0.0099493
-0.01189
-0.022962
-0.082086
-0.068868
-0.027495
-0.057973
-0.058042
0.062121
-0.0080971
0.067551
0.006253
0.035657
0.028626
0.02279
0.0098601
-0.0047998
-0.0042172
0.0083694
0.025572
0.006886
0.052561
-0.1106
-0.11159
-0.12885
-0.86136
-0.37555
0.85084
0.5182
0.67874
0.20866
0.28363
0.46894
0.38323
0.15128
0.097749
0.093934
-0.046072
-0.12376
-0.066919
0.10494
0.10019
-1.4046
-0.069624
0.10165
0.23168
-0.07386
-0.15647
-0.0018794
0.025876
0.079443
0.08197
0.095543
0.11626
-0.0038531
-0.050355
-0.18937
-0.14899
-0.046851
0.050699
0.12397
0.43088
0.58793
-0.11284
-0.44209
-0.18436
-0.155
-0.071428
-0.022317
0.029189
0.064769
0.0072211
-0.036708
-0.048907
-0.011835
-0.0042793
-0.031253
-0.017693
0.035165
0.035553
0.013258
-0.0078508
-0.0054916
-0.013573
-0.087503
-0.076771
-0.11083
-0.038533
0.092833
0.02657
0.027079
0.040038
0.040117
0.048289
0.054688
0.039469
0.017903
0.04396
0.046542
-0.0091437
-0.053103
-0.0077814
-0.094113
-0.14152
-0.13775
-0.38254
-0.41129
0.14837
0.54137
0.31588
0.61705
0.47779
0.38342
0.26137
0.31346
0.39574
0.019257
0.019184
0.0035227
-0.10323
-0.096972
0.076179
-1.1222
-0.072507
-0.03775
-0.064417
0.10657
0.076213
-0.086743
-0.048341
-0.0053548
0.080864
0.099603
0.099699
0.095674
-0.051486
-0.086856
-0.11562
-0.076445
-0.018778
0.11354
0.49923
0.42233
-0.11578
-0.50537
-0.30191
-0.13708
-0.011065
0.021603
0.15343
0.28238
0.070868
0.010235
0.007602
-0.12107
-0.092359
-0.12458
-0.05473
-0.10089
-0.066726
-0.017269
0.016889
0.027475
0.032937
0.010407
-0.0066658
-0.014493
0.3414
0.78166
-0.15505
-0.678
-0.16542
-0.085681
-0.019873
0.0196
0.00030111
-0.0055082
0.0076774
0.0020028
-0.0011852
-0.00016017
0.0042927
0.01076
0.034576
-0.003475
-0.016037
0.015074
-0.026941
-0.065561
-0.041025
-0.067611
0.015547
-0.64887
-1.0364
0.059682
0.3177
0.38173
1.0122
0.69301
0.44449
0.77442
0.50216
0.54103
0.47509
-0.03523
-1.5677
-1.3703
-1.2703
-1.4007
-0.42492
0.27182
0.17894
-0.01177
-0.13605
-0.058672
0.056951
0.18661
0.15517
0.20291
0.18593
0.01377
0.1191
-0.0010392
-0.13336
0.0018552
0.0072402
0.028351
0.63141
0.70372
0.079939
-0.41214
-0.51383
-0.59724
-0.49334
-0.33525
-0.12553
0.0076667
0.23525
0.23669
0.14707
-0.051
-0.25731
-0.26812
-0.034307
-0.030019
0.0013615
0.014161
0.045184
0.038943
0.025863
0.0013618
-0.022098
-0.026388
0.052418
0.36859
0.30046
-0.4609
-0.15733
-0.03751
-0.014408
0.040443
-0.0015439
0.0015565
0.0051623
0.0078231
0.016658
0.041149
0.024748
0.00099529
0.0093106
0.012489
-0.0031912
-0.037359
-0.031058
0.039862
-0.47599
-0.69387
-0.11891
0.74948
1.0222
0.30736
0.76411
1.0744
0.81803
0.79048
1.0399
1.0968
0.60967
-0.15349
-0.20242
-0.09508
-0.27302
-0.28745
-0.88153
-2.455
-0.79977
-1.6529
0.10251
0.66577
-0.09333
0.10927
0.039013
0.10923
0.17575
0.043615
0.25449
0.1735
0.12403
0.085554
0.091409
-0.11182
-0.11991
-0.16455
-0.22958
-0.10278
-0.0080758
0.50926
0.34027
0.078556
-0.17505
-0.30461
-0.3165
-0.414
-0.35573
-0.31188
-0.13994
-0.1374
-0.11694
-0.1348
-0.14135
0.0043438
0.016496
0.05018
0.042714
0.02655
0.0073586
0.0073579
-0.014211
-0.037505
0.66502
1.1976
1.1908
-1.3662
-0.97278
0.99278
0.21416
0.21396
0.053203
0.025217
0.00090326
-0.0020062
0.022819
0.011203
-0.029975
-0.032403
-0.026624
0.0087723
-0.012982
0.006701
-0.089421
-0.47584
-1.0359
0.19798
0.94658
0.64008
0.64393
1.1439
1.1447
0.84543
0.72975
0.8734
1.0036
0.49662
-0.20466
-0.0037883
-0.26493
-0.072193
-0.72094
-1.0473
0.46185
-0.0043615
-0.077212
0.12614
0.19547
0.25914
0.24847
0.23921
0.14517
0.062429
-0.024035
0.052791
-0.12878
-0.13188
-0.052331
-0.15386
0.017611
0.57425
0.5795
0.13809
-0.29356
-0.41526
-0.60334
-0.56382
-0.52858
-0.41773
-0.17489
0.034581
0.12607
0.063849
0.026279
-0.11314
-0.028518
-0.036801
-0.00051085
0.032539
0.048608
0.045458
0.05017
0.028482
-0.031012
-0.0037792
0.1317
0.73701
-0.18929
-1.286
0.59732
-0.011653
0.099156
0.090766
0.038543
-0.023091
-0.011354
0.018825
0.0043047
0.025602
0.014547
-0.012451
-0.010732
-0.032018
-0.017448
-0.013118
-0.0063633
-0.28847
-0.59955
-0.34961
0.6527
1.2713
0.77766
0.8739
0.88896
0.66501
0.64279
1.0206
1.1865
0.53108
0.29755
-0.33788
-0.1414
0.059934
-0.58356
-1.2906
-1.9456
-1.2
-1.23
0.24698
0.46424
-0.10628
-0.040099
0.18686
0.16983
0.24144
0.14429
0.14914
-0.13346
-0.083577
-0.19421
-0.14876
0.066654
0.23274
0.66205
0.29008
-0.19255
-0.34139
-0.54082
-0.55063
-0.49958
-0.44653
-0.3935
-0.2363
-0.039799
0.01175
0.017859
-0.062192
-0.073769
-0.13502
-0.13549
-0.057559
0.032666
0.054807
0.039624
0.010359
-0.046441
-0.029878
0.011835
0.55565
-0.090318
-1.8736
-0.40833
1.1731
0.10308
0.18895
0.13822
0.011525
0.049142
0.067895
0.027587
0.0086027
0.0013897
0.006961
0.041601
0.11747
7.2857e-05
-0.041165
-0.036153
-0.045972
-0.031527
-0.037501
0.024021
-0.16338
-0.39365
-0.77756
0.012334
0.98374
1.3901
0.71109
0.60204
1.4159
0.39613
1.6159
1.0329
0.49615
0.032536
-0.32383
0.019654
-0.18074
-0.56357
-2.0806
-1.493
-1.2387
-1.4322
1.317
-0.057416
-0.0059719
0.10446
0.059539
0.23947
0.21642
0.15375
0.10921
0.2137
-0.0065136
-0.038669
-0.0071507
-0.20424
-0.13033
-0.13707
-0.16125
0.017844
0.23345
0.58243
0.39748
-0.023964
-0.26486
-0.51329
-0.63985
-0.544
-0.69721
-0.49646
-0.50029
-0.24277
-0.11033
-0.044134
-0.099716
-0.067148
-0.040376
0.029977
0.026913
0.011506
0.05019
0.05189
0.040285
0.027228
0.027214
0.0019811
-0.036545
-0.048635
0.71181
0.48483
-1.8529
-1.1279
-0.43494
1.3528
0.1237
0.17993
0.22668
0.1041
0.041974
0.053206
0.037938
0.0046688
-0.010382
0.0073142
0.05531
0.10292
-0.010639
-0.051785
-0.068857
-0.031144
0.038406
0.044997
0.11617
0.11615
-0.38741
-0.96358
-0.25482
0.87833
0.88541
1.3246
1.1063
0.84596
1.2789
0.9062
0.24517
-0.21749
-0.21063
0.14825
-0.26288
-1.5764
-1.9394
-1.4059
-0.52068
1.106
-0.20329
-0.21391
0.0003314
0.15269
0.23397
0.18901
0.18889
0.2258
0.22139
0.056896
0.091727
0.091913
-0.00033428
-0.29375
-0.20571
-0.26953
-0.26947
-0.073313
0.51852
0.51823
0.24783
-0.16014
-0.38115
-0.546
-0.55512
-0.51815
-0.44947
-0.43129
-0.36921
-0.26062
-0.12306
-0.096291
-0.082164
-0.011941
0.0050649
0.00024394
0.041883
0.052777
0.037541
0.039986
-0.019282
-0.070698
-0.042705
0.14946
-0.62909
-1.385
-1.0719
0.62214
0.97501
-0.093494
0.19685
0.19634
0.069341
0.063475
0.044732
0.022647
-0.00077767
0.0068963
0.010706
0.12201
0.031156
-0.028791
-0.075906
-0.054517
0.021504
0.07136
0.036603
0.027898
-0.27269
-0.80437
-0.9788
0.4849
1.1898
1.6665
1.5467
1.2065
1.1721
1.0249
0.98211
0.69416
-0.11546
-1.2385
-2.0285
-1.2663
-1.4104
-1.3185
0.64352
-0.17739
-0.032588
0.096169
0.20014
0.39521
0.26351
0.14707
0.10943
0.18841
0.043569
0.0081374
-0.089951
-0.16453
-0.17287
-0.15511
0.088846
0.32477
0.70284
0.27448
-0.26547
-0.45499
-0.64786
-0.74432
-0.52658
-0.51054
-0.34384
-0.18201
0.037797
0.095791
-0.012523
-0.068595
-0.059237
-0.0079407
0.006187
0.028617
0.050708
0.064413
0.044689
0.0014363
-0.046153
-0.062637
0.064423
0.69653
-0.51437
-1.5912
0.79246
0.22742
0.090264
0.061922
0.033906
0.024692
0.034416
0.034727
-0.00010017
0.0018472
-0.0021044
0.067452
-0.017534
-0.056894
-0.00015459
0.022319
0.03532
-0.0077509
-0.28658
-0.55459
-0.56173
0.49257
1.1198
0.54241
0.89231
0.96332
0.51214
0.71931
1.0257
1.3475
0.94438
0.45991
-0.35891
-0.16399
-0.40709
-0.52131
-0.71385
-2.2198
-1.2685
-1.6103
-0.5142
-0.1051
0.071579
0.15231
0.29277
0.33046
0.14537
0.15023
0.0099001
-0.077071
-0.03589
-0.15046
-0.035645
-0.039534
0.010537
0.14985
0.75051
0.585
0.11541
-0.47915
-0.49529
-0.75017
-0.60056
-0.49016
-0.3242
-0.13221
0.084781
0.17117
0.13332
-0.016298
-0.11406
-0.16139
-0.16134
-0.0010605
0.035054
0.061336
0.040626
0.035117
0.0156
-0.026469
-0.041603
0.11636
0.84858
-0.67733
-1.1373
0.054615
0.10667
-0.0024604
0.010787
0.032418
0.044277
0.025489
-0.00044403
-6.9039e-05
-0.00045283
0.020013
0.11299
-0.03328
-0.059979
-0.045833
-0.0066806
0.049866
-0.19339
-0.38479
-0.67964
0.47988
1.0882
0.84796
0.41957
0.90553
0.87566
0.57743
1.1612
1.3453
1.2428
0.39484
-0.38979
-0.085752
-0.23365
-0.12323
-2.5065
-1.2063
-1.4332
-1.3963
1.1309
-0.029721
0.053737
0.043506
0.11306
0.15939
0.20055
0.026088
0.10307
0.0075882
-0.073031
-0.18118
-0.13233
-0.06935
0.28938
0.69089
0.67574
-0.083438
-0.25826
-0.52186
-0.57705
-0.46283
-0.43362
-0.40496
-0.38593
-0.16744
-0.032143
-0.062189
-0.015763
-0.073441
-0.02178
-0.02179
0.010981
0.037148
0.03518
0.042136
0.042123
0.045275
0.043335
0.010172
0.49236
1.1559
-0.89833
-1.5206
0.56336
0.037284
0.22097
0.22072
0.10561
0.040648
0.045006
0.020311
0.020234
-0.015508
0.0056367
0.064173
0.10497
0.10511
-0.0078225
-0.048628
-0.017785
0.026188
0.026188
0.018077
0.078788
-0.075464
-0.79778
-0.78202
0.67031
1.1814
1.1031
0.67197
0.80871
0.79332
0.32448
0.09012
-0.32959
-0.16265
-0.18655
-1.5947
-1.9454
-1.5014
-1.4392
-0.62482
0.69703
-0.12614
0.09866
0.094922
0.19404
0.34948
0.26319
0.25047
0.12985
0.16509
0.19944
-0.056069
-0.0098946
-0.12322
-0.18408
-0.096289
-0.085046
0.065817
0.56385
0.5281
-0.0055098
-0.38886
-0.62335
-0.59318
-0.44232
-0.42339
-0.26881
-0.033473
0.059279
0.081115
-0.034499
-0.1123
-0.059712
-0.067266
0.0055416
0.0023462
0.05048
0.053277
0.058559
0.0047524
-0.016118
-0.061007
-0.046596
0.45886
0.28477
-1.2125
-0.38327
0.40107
0.08163
0.11935
0.12346
0.011833
0.047931
0.049878
0.024584
0.0084419
-0.0028615
-0.0011603
0.0026216
0.092771
0.02591
-0.025272
-0.041056
0.0089983
0.002415
0.039023
-0.028795
-0.381
-0.6675
-0.13336
1.3101
1.2321
0.86346
0.79528
0.67237
0.99873
0.45204
-0.091615
-0.15078
-0.28529
-0.50428
-2.1383
-1.0242
-1.1835
-1.7724
0.89658
0.34875
-0.14307
0.010111
0.035806
0.13475
0.22709
0.14912
0.27292
0.2013
0.096456
0.1296
0.11746
-0.092218
-0.30426
-0.21939
-0.26957
-0.12814
0.13351
0.59988
0.36034
0.10185
-0.20981
-0.42197
-0.60873
-0.65998
-0.57467
-0.50334
-0.41432
-0.23735
-0.063074
0.038414
0.038226
-0.046998
-0.042233
0.0070337
0.03089
0.030383
0.034363
-0.0056305
-0.020741
-0.0071167
-0.04395
0.15252
0.79921
-0.6746
-1.3776
0.31831
0.051327
0.21061
0.09724
0.040994
0.05413
0.043473
0.030342
0.0078859
0.00059654
0.0048166
0.1021
0.15158
-0.018259
-0.042502
0.020683
0.011491
0.0037615
-0.039299
-0.041586
-0.12395
0.03854
1.1167
1.6773
1.7948
1.1592
0.54258
0.5752
-0.2906
-0.51914
-0.34754
-0.042102
0.16104
0.4324
0.23652
-1.2867
-2.3881
-0.82254
-0.03602
-0.0080581
-0.030154
0.028458
-0.034645
-0.021721
-0.011278
0.0291
0.12718
0.12879
0.051762
-0.10437
-0.10131
0.0072106
0.013312
0.0077492
0.02714
0.018975
0.17572
0.87021
0.72873
-0.42376
-0.91519
-0.084772
0.11334
0.073004
-0.038377
-0.077857
0.089916
0.14278
-0.042162
-0.051963
-0.068284
-0.061839
-0.0031102
0.0069783
0.004664
0.024652
0.054357
0.046027
-0.0018243
-0.0053851
-0.011663
0.0050231
0.17713
-0.051706
0.073393
0.035346
0.19151
-0.15706
-0.18363
-0.13134
-0.064772
0.043687
0.041738
0.028822
0.023806
0.0060984
-0.00011926
0.0043065
0.097317
0.039631
-0.029572
-0.034059
-0.036087
-0.032863
-0.13596
-0.15066
-0.17464
1.1715
0.78212
0.75828
0.040604
-0.12662
-0.09903
-0.092109
-0.080985
-0.24549
0.038451
0.053731
0.57959
-0.90153
-1.2605
-0.99124
-0.94068
-1.8545
0.025625
0.028049
0.024683
0.023447
-0.028716
-0.025848
0.017883
0.10534
0.10473
0.1835
-0.15933
-0.11712
-0.058489
-0.065334
-0.081267
0.0084851
0.054532
0.20926
0.2111
0.67663
0.51836
-1.0017
-1.1474
-1.144
-0.057639
0.090432
0.019242
-0.055567
-0.011422
0.28989
-0.1954
-0.1158
-0.10345
-0.024179
-0.0041532
-0.0021089
0.036657
0.02606
0.016901
0.034507
0.030664
0.019895
-0.0061207
-0.015888
0.060447
0.19685
0.10036
-0.20617
0.022599
-0.032358
-0.055034
0.024685
0.025589
0.039935
0.035295
0.014211
0.0083728
0.0044918
0.0025714
0.0084947
0.052182
0.081632
-0.010895
-0.045506
-0.035708
-0.042177
-0.085193
-0.18527
-0.15256
-0.16158
0.10676
1.2847
1.7152
1.0435
0.82246
0.50209
0.44832
0.05394
-0.31102
-0.1408
0.1131
-0.048612
-0.54655
-0.88549
-0.59768
-0.80712
-0.90296
-0.35656
0.53223
0.27061
-0.24492
-0.19379
-0.17544
-0.031891
0.11938
0.14935
0.073888
0.11836
-0.16839
-0.20945
-0.037181
-0.025423
0.041064
0.064283
-0.025709
0.35378
1.1402
1.1288
-0.13133
-1.2346
-1.2641
0.036219
0.036333
-0.027029
0.27072
0.4314
0.032931
-0.068669
-0.13761
-0.035921
-0.016686
-0.017242
0.01653
-0.021032
0.0018279
0.009636
0.014682
0.0091463
0.007584
-0.034802
0.053387
0.39923
-0.21517
-0.25896
0.11882
-0.0078165
0.035228
0.010796
0.009022
0.010795
0.0090104
0.0030967
0.00056068
0.0045442
0.0069817
0.0079053
0.08997
0.017013
-0.032351
-0.035548
-0.0043103
-0.047349
-0.036049
-0.12
-0.30408
-0.40647
0.59252
1.1811
1.2511
0.59304
0.64395
0.41668
0.3143
0.33116
0.44756
0.015748
0.0065377
-0.49629
-0.4107
-0.29114
-0.6387
-0.74265
0.42505
0.60937
-0.28672
-0.022148
-0.22867
-0.090362
-0.3586
0.0059983
0.033748
-0.16769
-0.022831
0.017075
-0.062459
0.027728
0.16073
-0.107
0.0045169
-0.063596
0.3752
1.2339
1.0879
-0.23291
-1.1652
-1.1006
-0.98881
-0.033318
-0.0061296
-0.015268
0.19228
0.39226
0.22472
-0.0011435
-0.17454
-0.24866
-0.20031
-0.10803
0.0022708
0.01828
0.025832
-0.011562
-0.00042824
0.0057249
0.0017184
-0.004226
0.010915
0.15499
0.15767
-0.1625
-0.16085
-0.0099545
0.0062248
0.011176
-0.00053295
-0.0014461
0.0073343
0.0042828
-0.0020371
-0.00055125
0.002449
0.0010968
0.029154
0.03975
-0.024373
0.059464
0.017981
-0.10959
-0.022692
-0.1849
-0.54761
-0.11954
1.1384
0.82007
0.37873
0.37591
-0.10745
0.45771
0.7404
0.17909
0.85319
0.0294
-0.32996
-0.51004
-0.13389
-0.15579
-0.70739
-0.33607
-0.34099
0.54598
0.36526
-0.2361
-0.23921
-0.63193
-0.54034
-0.10893
0.0582
0.063902
0.0084254
0.021049
-0.069291
-0.16441
-0.075642
-0.075785
-0.028674
0.016952
-0.040355
0.44849
0.86271
0.50323
-1.0535
-0.57252
-0.1271
0.0024178
0.0048073
0.083732
0.4366
0.52216
0.26556
0.00048155
-0.056992
-0.14935
-0.052191
-0.033256
-0.063871
0.0039434
-0.11128
-0.25267
-0.015631
-0.017637
-0.0063691
0.00092795
0.0038971
-0.0068063
0.0046137
0.0046265
0.0079701
0.00021921
0.013628
0.0029752
0.0029748
-0.014575
0.0043971
-0.0017369
0.0020524
5.0839e-05
0.0027227
0.0079914
0.063187
0.00793
0.0075611
-0.026126
0.062219
-0.069262
-0.059011
-0.060014
-0.049014
-0.23735
-0.11028
0.84285
0.81964
0.5111
0.25782
0.20606
-0.015519
0.13298
-0.064698
0.027109
0.10306
0.10627
-0.073922
-0.55012
0.084667
0.83403
1.0001
0.0035396
-0.035212
-0.34376
-0.40014
-0.60122
-0.81543
-0.30912
-0.075528
-0.0028344
0.13765
0.22031
0.07771
0.10329
0.083405
-0.36968
-0.19643
-0.069279
0.028064
0.027991
0.032953
0.45011
0.85825
-0.58164
-0.57754
-0.050024
0.00401
0.047048
0.40152
0.44332
0.1038
-0.070188
-0.05979
-0.051018
-0.046773
0.069353
0.093563
0.031294
-0.076412
-0.062327
-0.017791
-0.0078719
-0.0036892
-0.0036863
0.0037963
0.0076741
-0.014667
-0.0012683
0.00076033
0.011704
0.0013212
-0.017947
-0.0040984
-0.00015805
-0.0014455
0.00087919
0.0012957
8.3484e-05
-0.00026044
0.0099098
0.022172
-0.0054905
-0.022691
0.019637
0.14265
-0.10101
-0.092322
-0.024144
-0.049837
-0.11074
-0.22445
0.85054
0.65157
0.099204
0.035165
0.15197
0.0091044
0.018404
-0.21979
-0.067266
-0.47457
-0.011676
0.5054
-0.048439
-0.1248
0.18442
0.16621
0.013101
0.0038875
-0.46022
-0.79473
-0.46717
-0.17728
-0.044517
0.031637
0.14429
0.19281
0.071541
0.009825
-0.13043
-0.14447
-0.12525
-0.085041
-0.016255
0.023887
0.17788
0.65044
0.38907
-0.60088
-0.30857
-0.142
-0.018811
0.0013921
0.043262
0.31445
0.47523
0.14194
0.0080162
-0.027267
-0.098759
-0.043662
0.039911
-0.0097542
-0.035928
-0.1041
-0.19537
-0.23732
-0.19921
-0.065894
-0.015064
-0.0074264
-0.0005669
0.00021934
-0.0076662
0.016961
-0.0035176
-0.024924
-0.01305
-0.0040641
-0.0057925
0.0030586
-0.0022549
-0.0092046
-0.0030532
0.00025832
0.0011841
0.0016546
0.00010169
0.00015358
0.0017184
0.0013612
-0.016925
0.0070181
0.073254
-0.012144
-0.085455
0.0046414
0.00086668
-0.028353
-0.21587
0.24967
0.50625
-0.11603
0.077053
-0.18198
-0.032765
0.38968
0.074444
-0.021041
0.044957
-0.019143
0.080221
0.24275
0.12311
0.42125
0.29582
0.46565
-0.081194
0.40843
-0.19091
-0.29028
-0.67914
-0.47297
-0.15922
-0.027644
0.027749
0.2162
0.023996
0.11491
0.018154
-0.074344
-0.16489
-0.10148
-0.045837
0.04754
-0.0098733
0.20731
0.78224
0.21559
-0.65898
-0.33666
-0.12263
-0.016361
0.015785
0.18566
0.5637
0.46853
0.058145
-0.01674
-0.12341
-0.062131
0.018846
-0.028806
0.046255
-0.046722
-0.047095
-0.1894
-0.23242
-0.25835
-0.2029
-0.059596
-0.019936
-0.015235
-0.012654
0.011944
0.038638
-0.0023477
-0.056877
-0.043304
-0.017849
-0.0079113
1.0681e-05
0.0036444
-0.0043617
-0.009915
-0.0049053
0.00016299
7.9005e-05
0.00085976
0.0029672
-0.005058
-0.020591
-0.016215
0.0063173
0.034329
-0.033666
-0.031316
-0.0054073
-0.0051689
-0.094482
-0.63417
-0.28249
0.74632
-0.42313
-0.046274
-0.13801
0.090609
0.025013
-0.45586
-0.54805
-0.54487
-0.23625
-0.32552
-0.13341
0.46955
0.46865
1.1267
0.49841
0.27839
0.51647
0.51615
0.58452
0.097644
-0.4308
-0.47895
-0.47743
-0.14474
-0.091671
-0.00049776
-0.0060448
-0.0070329
-0.0029273
-0.023781
-0.047825
-0.032692
-0.031823
-0.01398
0.034158
-0.0080024
-0.0026644
0.002439
0.42609
-0.38645
-0.10634
-0.055374
-0.05499
-0.019413
0.024118
0.049387
0.086505
0.086528
0.041152
-0.072136
-0.021901
0.0043972
0.059782
0.10228
0.088597
0.016389
-0.073359
-0.14133
-0.087187
-0.034489
-0.021987
-0.0028264
-0.0049373
-0.0066575
-0.0090684
-0.0069145
0.0042332
-0.0075822
-0.0078342
-0.015318
-0.0060964
-0.0013717
0.0052304
-0.0016163
-0.0060002
-0.0015123
-0.0025313
-0.0011211
0.00074183
0.00084353
0.0018147
-0.0015357
-0.038001
-0.036798
-0.0080196
0.019047
0.024996
-0.010888
0.0084264
0.033582
0.016118
0.014224
-0.12044
-0.4902
0.36094
-0.13564
-0.4679
-0.32524
-0.20209
-0.31936
-0.45656
-0.40196
-0.17781
-0.39595
-0.59492
0.1017
0.49931
1.5707
1.0873
0.31747
0.72681
0.90191
0.49092
-0.45157
-0.022082
-0.34517
-0.26228
-0.11035
-0.099024
-0.071961
-0.035764
-0.045112
-0.055064
-0.043097
-0.013854
-0.089103
-0.074501
-0.039316
-0.009989
0.036152
-0.14063
0.12594
0.63254
-0.058663
-0.41978
-0.076908
-0.058931
-0.017402
0.003491
0.050844
0.083869
0.064626
-0.011903
-0.061608
-0.022916
0.010452
0.054411
0.088229
0.051633
-0.057184
-0.069197
-0.076665
-0.044884
-0.027514
-0.0070148
-0.0038276
-0.0070957
-0.0075096
-0.011649
-0.00034576
0.010745
-0.002146
-0.017971
-0.015064
-0.005939
0.0008662
0.00091086
-0.0072876
-0.0053971
-0.003847
0.004361
0.00017164
-1.6592e-05
0.00030542
-0.00037167
-0.021598
-0.064906
-0.021457
0.02312
0.030441
0.001361
0.024349
0.053908
0.026531
0.04568
-0.1007
-0.74606
-0.43027
0.24971
-0.95637
-0.43857
-0.12367
-0.38041
-0.15316
-0.12744
-0.23528
-0.25736
-0.46886
0.002244
0.13795
1.1409
1.1622
0.34573
0.87305
0.942
0.98333
0.59121
-0.13834
-0.218
-0.28473
-0.1563
-0.064108
-0.1309
-0.030124
0.0084008
-0.029121
-0.043828
-0.053828
-0.034657
-0.068193
-0.081834
-0.040454
0.0015401
0.018379
-0.036317
-0.1582
0.27411
0.27359
-0.38874
-0.15017
-0.097397
-0.062981
-0.01306
0.050828
0.080861
0.082948
0.020856
-0.034911
-0.045801
0.026437
0.036538
0.061173
0.064735
-0.016872
-0.043196
-0.087832
-0.068916
-0.036607
-0.025708
-0.011698
-0.0045013
-0.011626
-0.0091373
-0.0050348
0.010771
0.014894
-0.0070322
-0.024296
-0.025709
-0.0037632
0.0040389
0.0045324
-0.0041155
-0.0071604
-0.0011631
0.0031057
0.0038956
-0.0010404
-0.0020404
-0.0006557
-0.066054
-0.063112
0.010039
0.057205
0.062183
0.016021
-0.010846
0.0047471
0.15148
0.00070801
-0.51971
-1.2677
-0.1356
-0.55375
-0.57026
-0.27454
-0.62207
-0.81708
-1.1287
-0.26746
0.063037
-0.076635
-0.12867
-0.21131
0.19143
1.6311
1.8019
0.82157
0.97961
1.1316
0.6817
-0.20297
-0.053307
-0.052998
-0.089249
-0.10706
-0.10604
-0.04951
-0.010398
-0.061282
-0.080736
0.0013022
-0.0083942
-0.055501
-0.057989
-0.051864
-0.014481
0.016866
-0.12467
-0.033921
0.40601
-0.0079231
-0.22959
-0.11169
-0.13174
-0.026292
0.01971
0.076331
0.060657
0.029083
-0.019814
-6.8636e-05
0.018455
0.070917
0.040714
0.033607
0.017812
0.012978
-0.04987
-0.076576
-0.027706
-0.030812
-0.030741
-0.0037844
-0.008662
-0.00937
-0.0039704
0.025893
0.017366
-0.010212
-0.03106
-0.013889
-0.004581
0.012077
-0.0029907
-0.005273
-0.0075498
0.003455
0.0024918
0.0020113
-0.0013343
-0.005485
-0.029168
-0.10476
-0.013887
0.043363
0.043343
0.06966
0.012422
0.006621
0.0016797
0.0015739
0.1592
-0.76239
-1.1572
0.061982
0.028637
-0.85108
-0.33267
-0.89319
-0.81815
-0.79925
-0.20586
-0.29352
-0.19921
-0.062164
0.0092581
-0.055388
0.035329
1.5811
1.7391
1.3757
0.90753
0.84455
-0.15329
0.030213
0.11682
-0.037869
-0.13085
-0.10643
-0.093481
-0.049184
-0.033687
-0.043539
-0.11727
-0.087996
-0.032031
0.011893
-0.028232
-0.056275
-0.021688
-0.012591
-0.049448
-0.23777
0.21942
0.39473
-0.18037
-0.18558
-0.14151
-0.10996
-0.017129
0.053602
0.068668
0.054551
0.015292
-0.0060629
0.00025375
0.012931
0.028522
0.012808
0.0054569
-0.011328
-0.014717
-0.02425
-0.017115
-0.036888
-0.034862
-0.023117
-0.0056332
-0.0075874
-0.0045674
0.0063514
0.030752
0.0085999
0.011663
-0.037704
-0.048966
0.0037194
0.013913
0.0033117
-0.012499
-0.019946
-0.0036044
0.008384
0.0032162
-0.0016598
-0.010732
-0.083601
-0.087207
0.0053324
0.067951
0.075762
0.048823
0.039368
0.017717
-0.0038227
0.15488
0.13612
-1.0612
-1.1323
-0.28713
-1.1122
-0.73488
-0.48691
-0.93331
-0.65747
-0.22037
-0.13423
-0.19653
0.077393
0.11915
0.17993
0.82287
1.7395
0.64101
1.2385
1.2024
0.22502
-0.006806
0.10301
0.064945
-0.030335
-0.099188
-0.075218
-0.087647
-0.076612
-0.036024
-0.050326
-0.081356
-0.05409
-0.071099
-0.0078185
0.0020175
-0.0457
-0.018814
0.014061
-0.14229
-0.083895
0.37634
0.18546
-0.28981
-0.1414
-0.17636
-0.058176
0.014803
0.096682
0.071086
0.021249
0.0048842
-0.0091845
-0.0017688
0.00070711
0.0071085
0.045703
0.032109
0.03212
-0.0025095
-0.029006
-0.054315
-0.055993
-0.036178
-0.021953
-0.01545
-0.021809
-0.012317
0.0059194
-0.0098417
0.20595
-0.047802
-0.11678
-0.073131
-0.060622
-0.015421
-0.0059051
-0.0080422
-0.02356
-0.022955
-0.00034011
0.004888
0.0038193
0.01173
-0.0031173
-0.0034104
-0.00094996
0.0086989
0.010029
0.0065558
-0.00039162
-0.0024335
-0.0013564
-0.0034728
-0.0037914
-0.0034726
0.0014192
-0.0010635
0.0024709
0.0057874
0.0057869
0.0051985
-1.0502e-05
0.0051645
-0.00037802
-0.0065668
-0.0062364
-0.0086458
-0.0055196
-0.0069014
-0.005931
-0.00067527
-0.00037741
-0.0010498
-0.0017265
-0.0028223
0.00069202
-0.00038579
-0.0010583
0.0027021
-0.00070785
-0.0010294
-0.0017372
0.0013704
-0.0062155
-0.00033195
-0.0027459
-0.0038151
0.0030962
0.0023886
-0.0010194
0.00037328
0.0017446
0.00031958
-0.001351
-0.0024226
-0.0013933
-0.0013618
-0.0030744
0.0017459
0.0024407
-0.0020232
-0.0024764
0.0027698
0.0041642
-1.9884e-05
0.0003771
-0.0023898
-0.0024529
0.00068633
-0.0013518
-0.00035205
0.002791
0.005511
0.004496
-0.0020445
-0.00072056
0.00063873
0.00069977
-0.00070885
0.0013682
-0.0013642
-0.0024395
-0.00037494
0.0044952
-0.00035096
-0.0051356
-0.0027732
0.0013801
0.00099718
-0.00035087
-0.0035011
0.0054725
0.00031778
0.00031778
-0.0042042
-2.8023e-05
-0.0031194
-0.0014229
0.00066448
-0.00074204
0.0010332
0.00071112
0.000976
-0.003085
-0.0010998
-0.0018042
-0.001055
-0.0031194
-0.0041694
-0.0027842
0.0017135
0.00035092
-0.003066
2.5923e-05
0.0020598
0.003433
0.0020378
0.00067592
0.0017031
1.5284e-05
0.00066547
-0.00033139
0.0003506
0.001042
-2.6842e-05
0.0020394
-0.0017242
-0.00073038
-0.0010444
-0.00067523
-0.0027725
-0.0010565
-0.0024243
-0.0044996
-0.0010332
-0.00033193
-0.0020953
-0.001033
0.0013536
-0.0016812
-0.00068413
-0.00033264
0.0020647
0.0021152
-0.00070864
0.0017291
-0.00033342
0.0010287
0.0010286
0.0010536
-0.0037824
-0.001358
0.0027403
0.0026894
-0.0014084
0.0017278
-0.0010704
0.00031658
2.7721e-06
-4.4979e-05
0.00031656
-0.00070815
-0.0016981
-0.0020485
-0.0010467
0.00030484
-0.0020958
-0.00099938
0.0017038
-0.003097
-0.0013595
-0.0027494
-0.0017684
0.0041278
0.00028529
0.00031655
0.00030564
0.0020865
0.00066726
0.0014102
0.00031674
0.0003005
0.0013418
-0.0038072
0.00062267
-0.0014059
-0.0013946
-0.0010141
0.00067876
-2.9475e-05
-0.0013829
0.00032825
0.0027522
0.0016819
-0.0020909
0.0010588
0.00032817
0.00035086
0.00070736
0.0044852
-0.001722
0.0044966
-0.00069694
-0.00069698
-0.0020394
3.3469e-05
0.00035106
-0.0013697
0.003448
0.0014097
0.00071733
0.00032774
0.0013408
-0.0014036
-0.0007308
-0.0010263
-0.00036736
0.0003277
0.0013295
-0.0017896
-0.0024279
-1.3443e-05
-0.001767
-3.5941e-05
-0.0017442
-0.00074216
0.0013523
-0.0014138
0.0020584
-0.00070813
-0.0031106
0.0013853
0.0013422
-0.00070809
-0.00033424
0.0010008
-0.0030576
-0.0023939
-0.00036606
0.00070178
-0.00032173
0.0016948
0.0013415
0.00098838
0.00066986
0.0013742
0.0020563
0.0023873
0.0023431
-0.00070819
-0.0013933
0.00036147
0.00067762
0.0023762
0.0023984
0.00062099
-0.001401
-0.0007418
0.0027523
-0.0017437
0.00032723
-0.0010625
-0.001755
0.0023981
0.0037714
0.0023862
0.0013275
0.0013974
0.0020373
0.0013855
0.00071685
4.1966e-05
-0.0010287
-0.00035318
-5.2698e-06
-0.00069673
-0.004146
-0.0017551
-0.0020758
-0.00031857
-0.0024229
-0.0013761
0.0062044
0.0013506
0.0013502
-0.00029418
-0.0006599
-0.00034071
-0.00379
0.0013502
0.0010169
0.0027525
-0.0010185
0.0023849
0.001695
-0.0010417
0.00029213
-0.0014555
0.001005
-0.00034063
0.0037758
0.0010392
0.000315
-0.0010182
-0.0010535
0.0013725
0.00031485
-0.00066199
0.0013724
0.000315
0.0027758
0.0024534
-0.0017195
3.6645e-06
-8.0248e-06
0.00030227
-0.00070837
-0.00072001
0.0027032
-0.0017426
0.00029205
-0.0007082
-0.00037331
0.0013605
-0.0027217
0.00098291
0.00098124
-0.0014176
0.00096012
0.0010251
-0.00069695
0.0006453
-0.0010159
0.0017182
-0.0010658
0.00033738
0.0013262
0.0016957
-0.0020891
-0.0013952
-0.00033901
-3.1878e-05
-0.00071895
-0.00068618
-0.0030799
-0.0020705
0.00028154
0.0013381
-0.0010116
-0.0016769
0.00032597
-0.00035836
-0.00068618
-0.0013832
0.00035825
0.00032592
-0.0020355
-0.0003593
0.0030894
0.0010004
0.000663
-0.0020899
-0.0017306
-0.00073022
0.00065172
-3.2056e-07
0.0023703
0.0023697
0.00030289
0.0034377
-0.00069669
0.0013819
-0.001359
-0.00066269
0.00034827
0.0016828
-0.002775
-0.0013697
-0.00068568
0.0010095
-0.00068536
-0.0020794
-0.0020684
0.0013586
-0.00034738
-0.002741
-0.0006968
-0.0006859
-3.5504e-05
0.0030686
0.0016807
-0.00038058
0.0013471
0.00033633
-0.00071929
0.00031378
-0.00074205
0.0013808
-2.5023e-05
0.002724
0.0027297
-0.0017527
-0.0020573
0.0023909
-0.00035772
0.0020404
0.0027187
0.0020628
0.00097375
0.002413
0.0040945
-7.1542e-05
-0.00033465
0.001403
-0.00066321
0.0037541
0.0023791
-0.0017635
0.0040824
0.0010719
-3.4616e-06
-0.0020347
-0.0010709
-0.0013878
5.2047e-05
-3.8296e-05
0.001017
0.00068757
-0.0010483
0.0013345
-0.0017178
0.0010279
0.0044204
-0.00071989
0.00070977
0.0037948
0.0007103
-0.0027502
-5.4916e-06
-0.0017291
-0.0016843
-0.0003806
-0.0028059
0.00067691
0.00035758
0.00095912
0.000981
-0.00071925
-0.00042628
-0.0017064
-0.00098919
-0.0013647
-0.0010944
0.00034646
-0.001072
0.0020464
-0.00070794
-0.0024351
0.002388
-0.0055423
-0.0020651
-0.0010613
-0.00071907
-1.8278e-05
-0.00063026
0.00069259
-0.0010617
-0.0023953
-7.469e-06
-1.8845e-05
-0.000765
-0.00076442
0.0027187
0.0027184
0.0024211
-0.001062
-0.00070791
0.0007235
-0.0044465
-0.0047563
-0.00068544
0.0020547
0.0037728
-0.0031031
-0.0017169
-1.9856e-05
0.00036922
0.00070127
0.00098851
-0.0024494
-0.002049
-0.001384
-0.0031484
0.0044486
0.0034173
-0.00068517
0.0013546
-0.0017504
-0.0027475
-0.0010522
0.0020413
0.0034053
-0.0017523
0.0027049
0.0020295
0.0013195
-5.5818e-05
-0.001041
0.0019944
0.0044358
0.0020406
0.0037583
0.00066757
0.00031143
0.00033451
0.00099762
-0.00068469
0.0020512
0.001756
0.0010421
0.00034563
0.0016992
0.002073
-0.001359
-0.001716
-0.00067384
-0.0020843
-0.0014039
-0.0023967
-0.00066346
-1.0012e-06
-0.0010202
-0.0020624
-0.0051008
-0.0024108
-0.0041458
-0.0069005
-0.0041458
-0.0041459
-0.0065324
-0.0061957
-0.0027467
-0.0048179
-0.006543
-0.0051544
-0.0027459
-0.0010773
0.0013416
-0.0038091
-0.0010553
0.00069216
0.00032247
0.00034461
-8.0902e-05
-8.0481e-05
-2.5345e-05
-0.0023976
-0.0013337
-0.00069654
0.0013633
0.00065643
-5.2187e-07
