-0.0017569
-0.00064526
-0.00065585
-0.0006984
-0.0017778
0.00044524
-0.0028682
0.0037479
-0.0017779
-0.0028255
0.0015468
-0.0039696
-0.0017781
-0.00065413
-0.00072065
0.00041444
0.0026249
-0.00062366
0.0015457
-0.001746
-0.0028273
-0.0017889
-0.0018
-0.0018002
0.00039201
-0.00062396
-0.0017229
-0.00066694
0.002636
0.0026358
-0.0039581
-0.0071772
-0.0018225
0.0015679
0.0026265
-0.0028474
-0.0028048
-0.00069858
0.0015581
0.001536
0.003674
-0.00064594
0.00044443
-0.0029003
-0.0017888
-0.0017462
-0.0017565
-0.0028365
-0.0028475
0.0015039
-0.0028901
-0.003928
-0.00068856
0.0026581
0.0015566
0.002584
0.004775
0.0015249
-0.001767
-0.00065573
-0.0017461
0.0015358
0.0037493
0.0015249
-0.0016932
-0.0017461
-0.0017462
0.00043447
-0.00073026
0.002669
0.00044561
0.0004346
0.0014929
-0.00061284
0.00039193
-0.0017998
0.00034837
0.0015249
0.0014819
-0.0006444
0.0015364
-0.0017889
-0.0028997
0.00040086
-0.0017572
-0.0027852
-0.0050373
0.00043228
0.0036918
0.0026042
0.00047739
-0.00062407
-0.0017143
0.0014507
0.00046621
0.00043489
-0.0028564
0.00043478
-0.00063294
-0.00063283
0.00038112
-0.003938
0.00046058
0.001516
0.0015564
-0.00062433
0.0026375
-0.00057163
-0.00065562
-0.00071799
-0.0017882
-0.0050194
0.00042344
-0.0017459
-0.0028789
-0.0039353
-0.00068711
-0.0039379
-0.00063521
0.00043472
0.0015659
0.0026263
-0.00065576
0.0014614
0.00050993
-0.00066665
-0.0006777
0.0015359
0.00038244
0.0037575
0.00045469
-0.00066673
-0.0017883
0.0003612
-0.0017658
0.00049947
0.0048095
-0.00068927
-0.00053891
0.0026377
-0.0028275
-0.0017682
0.00044581
-0.0028875
0.0016009
0.0036358
0.0036971
0.0014826
0.00044616
0.0037173
-0.0017573
-0.00066689
-0.0006643
-0.00066429
-0.00065559
0.00040326
-0.0016832
0.00041496
-0.0039069
-0.0017659
0.0015936
0.00045779
-0.0007098
-0.00067031
-0.0039666
-0.0017222
0.00045481
0.0015214
-0.00071788
0.0015135
0.00045476
-0.00066718
0.00045457
0.0036985
0.0004037
-0.00069073
0.0025804
0.0015136
-0.0006788
0.0036743
-0.0016913
0.00041468
0.0014601
-0.00068677
-0.005017
-0.000636
-0.00071777
-0.0050088
-0.00063605
-0.00068611
0.00044636
0.00043485
0.0026268
0.0015053
0.00047677
0.0048607
0.00040323
0.00042354
-0.0017882
-0.0028386
0.00039253
0.0036837
0.0015228
0.0025847
0.00047686
0.0004347
0.00038078
-0.0006668
0.0026175
-0.001757
-0.0017884
-0.0017036
0.0025736
0.0015477
-0.0017348
-0.0050785
-0.00061332
-0.00069817
0.0026805
0.00047742
-0.0029295
-0.0017263
-0.0017773
-0.0016914
0.00047778
-0.0039806
-0.0072206
-0.0039805
-0.00613
-0.0050792
0.0015562
0.0015139
0.0015251
-0.0028496
0.00034997
-0.0050705
-0.0017146
-0.00068668
-0.0028474
-0.0028164
-0.00070825
-0.0050601
-0.0028889
-0.0027643
-0.0028678
-0.0017569
-0.0050497
0.00039265
0.0015359
-0.0029315
-0.0018096
0.0025938
0.00034964
0.0037572
0.001494
0.00041332
0.0015461
0.0026256
0.0026362
-0.00065588
-0.0017881
-0.005059
-0.0050073
-0.0017354
0.0026467
-0.00070744
-0.00065574
0.00041397
-0.00067602
0.0015357
0.0026469
0.0025945
-0.00064496
0.0047864
0.00043565
0.00043459
0.0036424
-0.00065751
-0.0039468
-0.0017459
-0.0028858
-0.00062414
-0.0060781
-0.001755
-0.0028675
-0.0028364
-0.00064636
0.00043469
-0.00064651
0.00039196
0.0037281
0.0016527
-0.0006667
-0.0028807
-0.00068888
-0.0018003
0.00042352
0.0048076
-0.0039047
0.0014398
-0.0028788
-0.00066679
-0.0027713
0.0014955
0.00041195
-0.0039151
-0.0062124
0.0003813
-0.0029428
-0.002878
-0.00071819
0.00064144
-0.0038867
-0.005103
-0.0018315
-0.0074321
0.0014308
-0.0018216
0.0047843
-0.0018641
0.0027121
0.00029499
-0.0021531
0.013708
0.003984
-0.042434
0.015893
-0.09912
-0.23642
-0.2139
0.037745
0.79879
0.38316
-0.3682
-0.37978
-0.7674
-0.4416
-0.21974
-0.46218
-0.79975
-0.52681
-0.055491
-0.089224
-0.025589
0.054902
0.16032
0.32508
0.091848
0.25433
0.23218
0.84341
0.57739
0.055663
-0.49947
-0.32891
-0.087683
0.065415
0.013127
-0.11756
-0.067695
0.053674
-0.029927
-0.039791
-0.089107
0.016695
0.04844
0.12356
0.1646
0.21339
0.50805
0.15428
-0.6489
-0.52629
-0.30882
0.056115
0.45007
0.20883
-0.073697
-0.080943
-0.24738
0.0049024
0.0006787
0.032601
-0.0058369
-0.0026836
-0.0060815
0.0099013
0.0014134
-0.0040129
0.00092324
0.016512
0.012709
0.0049807
-0.011247
-0.039065
-0.078933
-0.52819
-1.2612
-0.6653
-0.3484
-0.22838
-0.35491
0.16177
0.16154
-0.010836
-0.016475
-0.0056829
-0.0056645
0.0058146
-0.0087865
-0.028516
-0.015194
-0.002174
-0.021179
0.020583
0.067386
0.47953
1.2502
1.6456
0.80739
-0.15922
-0.12885
-0.20021
-1.0924
-1.1706
-0.85918
-0.70751
-0.4246
-0.17419
-0.12753
-0.13126
-0.19985
0.13508
0.19694
0.34075
0.68612
1.0729
0.30558
0.39891
-0.36661
-0.73663
-0.066033
-0.14907
0.33106
0.32675
0.29742
0.17785
0.16993
0.098212
0.022248
-0.12805
-0.12639
-0.13197
-0.047479
-0.4592
-0.16223
0.056698
0.66777
0.78536
0.32055
-0.37436
-0.84694
-1.2298
-1.1235
-0.85397
-0.54445
-0.012827
-0.029088
-0.0083818
-0.034013
-0.0094059
0.024869
0.012531
0.012914
0.016694
0.0060449
-0.026888
0.0605
0.072359
-1.0881
-0.37895
0.092392
-0.21069
0.11544
0.47348
-0.056566
-0.0070315
-0.027912
-0.010245
0.0040344
0.0098443
0.0065794
-0.069638
-0.025338
-0.0034578
-0.018085
-0.003495
0.023871
-0.01341
0.44895
0.80508
0.69303
0.32926
-0.06672
-0.95674
-1.0014
-0.67697
-0.23998
-0.14125
-0.38787
-0.47235
-0.062428
-0.11547
-0.33221
-0.43507
-0.38159
0.50664
0.86865
0.10289
0.32157
-0.34277
-0.8121
0.22679
0.14529
0.051416
-0.013205
-0.043053
0.14824
0.22081
0.048766
-0.11039
-0.15652
-0.14451
-0.0042441
-0.07002
-0.8352
-0.67834
-0.33551
0.31557
0.78028
0.76326
0.13684
-0.54
-0.65409
-0.30171
-0.034962
-0.02299
-0.0035148
0.043085
0.056885
0.027897
-0.0071735
0.004993
-0.00028652
0.0057275
-0.018264
-0.0043366
0.0018776
0.01587
0.0077589
-0.0042524
-0.0013359
-0.018808
0.0015539
-0.040827
-0.37927
0.18892
0.67067
0.84368
0.20263
-0.049554
-0.010449
-0.06706
-0.023059
-0.008735
0.0011438
0.020181
0.01876
-0.0092788
0.013663
0.0079827
-0.0295
-0.011068
-0.013201
-0.01471
0.0008803
0.0027549
-0.0532
-0.062764
0.23571
0.6916
0.67719
0.027422
-0.26485
-0.45927
-0.87758
-1.1746
-1.0575
-0.31267
0.043138
-0.10383
-0.11463
0.19816
-0.13814
-0.048379
0.34892
0.20134
-0.041872
-0.48925
-0.043972
0.33437
0.41022
0.41448
0.22035
-0.13391
-0.082325
-0.21923
-0.21659
-0.37686
0.12633
0.16285
0.18643
0.18578
-0.027734
0.091988
-0.36743
-0.77823
-0.79011
-0.3987
0.52452
0.67853
0.24065
0.22981
-0.14693
-0.044618
-0.11042
-0.11024
0.0047219
-0.018325
0.042162
0.08691
0.0064929
0.0078933
-0.0033125
0.0044227
0.008919
0.0090791
0.0047302
0.0040102
-0.0055627
-0.047699
-0.047165
-0.11718
0.066878
0.36945
0.64447
0.25781
-0.046334
-0.0049848
-0.029266
-0.040454
-0.010675
-0.0016963
0.019263
0.024939
0.0095787
0.0097411
0.020772
-0.021573
-0.014605
0.00014805
-0.0069149
-0.0067834
0.012641
-0.0012892
-0.14443
0.041924
0.16829
0.66896
-0.65798
-1.0625
-0.89788
-0.39378
-0.11181
-0.03998
0.18739
-0.012851
-0.26952
-0.35889
0.059995
0.47289
0.6889
0.1335
0.28293
-0.15045
-0.71876
-0.26379
0.057546
0.37251
0.17271
-0.13074
-0.15819
-0.065244
-0.12742
-0.28203
-0.17593
0.1088
0.32438
0.42165
0.36628
0.091203
0.058255
-0.24549
-0.85776
-0.64894
-0.16042
0.23244
0.14305
-0.32284
-0.30362
-0.043883
0.07646
0.069169
0.026449
0.011566
0.0071702
0.0098125
-0.0059056
-0.001861
-0.0046883
-0.0067951
0.020264
0.0051626
-0.0086489
0.0013761
-0.028331
-0.044519
-0.14325
-0.2965
0.18527
0.65935
0.71174
0.2156
-0.036759
-0.023232
-0.044728
-0.025682
-0.0046703
0.010998
0.024764
0.0095261
-0.0037359
0.0079443
-0.0099411
-0.028285
-0.015417
-0.0020975
0.01784
-0.049744
0.35661
0.52575
0.42178
0.25725
-0.047361
-0.87577
-1.1855
-1.3669
-0.54363
0.0015917
-0.0571
0.089074
0.11323
-0.30286
-0.28939
-0.19265
-0.062893
0.43858
0.99749
0.069397
0.30813
0.021423
-0.567
-0.10102
0.30578
0.24519
0.034775
-0.15066
-0.14885
-0.26904
-0.36135
-0.17609
0.12667
0.24883
0.21072
0.17528
0.1612
0.075627
0.055153
-0.44616
-0.50985
-0.40831
0.055806
-0.06772
-0.23381
-0.17298
-0.01842
-0.061806
-0.013653
0.024695
0.060689
0.014017
-0.0033907
0.0017479
-0.0024397
-0.0079668
-0.0028158
0.018042
0.014766
0.011548
-0.0066403
-0.0067674
-0.0059789
-0.042361
-0.083402
-0.29248
0.038499
-0.02054
-0.015466
-0.034383
-0.053909
-0.0066686
-0.0016655
0.01904
0.018431
0.012105
-0.0066222
0.015636
-0.021923
-0.015064
-0.0023499
-0.0071155
-0.0038337
0.012103
0.0055436
-0.099578
0.36818
0.60893
0.83792
0.37038
0.21963
-0.23399
-1.207
-1.5383
-0.93146
-0.45734
-0.12426
-0.19681
-0.053224
-0.018759
-0.20183
0.73274
0.74619
0.41825
0.18272
-0.15379
-0.81533
-0.31431
0.22147
0.15197
-0.14451
-0.15398
-0.169
-0.31274
-0.4626
-0.10209
0.15167
0.22596
0.25548
0.24797
0.11634
0.050485
-0.13134
-0.72768
-0.53338
-0.13983
0.29149
0.54079
0.50644
0.21227
-0.1011
-0.073245
-0.072745
0.0028415
-0.027105
0.036533
0.11263
-0.0013438
-0.0018303
-0.020285
0.0028866
0.0040672
0.004091
0.022636
0.01572
0.0020246
-0.036462
-0.041134
-0.11468
-0.10962
0.010778
0.55736
0.50751
0.045163
0.045611
-0.022843
-0.037838
-0.01716
-0.0013332
0.0073103
0.0061916
0.004129
-0.0028645
0.0053733
0.0054385
0.0013118
0.0039533
0.014196
0.16386
0.16364
0.52103
0.93581
0.91329
0.92241
1.2796
2.3154
2.0933
1.833
1.832
1.4034
0.92823
1.0969
1.3457
1.7478
1.4924
1.6291
1.6588
1.5357
1.3042
1.7724
1.029
0.21053
0.0041538
-0.068187
0.018931
-0.028096
-0.0010863
-0.0049756
-0.04026
-0.10526
-0.24194
-0.18145
-0.090619
-0.079674
-0.10328
-0.1748
-0.13984
-0.01712
-0.22671
-1.6106
-2.2969
-1.8654
-0.95823
-0.16807
-0.050917
-0.046346
-0.019009
-0.043538
-0.025386
0.020294
0.023267
-0.0032188
0.014015
0.030633
0.024048
0.019887
0.03658
0.040462
0.020249
0.012566
0.014902
0.012
0.016061
-0.0062319
-0.071211
0.066151
0.25925
0.27715
0.46434
0.090489
-0.087071
0.0048719
0.00048896
0.0010113
0.0011024
-0.0053761
0.0026619
0.0015381
0.0036016
-0.00081821
0.0009599
0.020656
0.0016874
0.014662
0.091423
0.27517
0.67002
0.60607
0.44679
1.0438
1.8926
1.3276
1.744
1.9698
1.468
0.84761
1.2942
1.1757
1.1236
1.4777
1.3746
1.5758
2.2187
1.6437
1.6365
1.1124
1.3409
0.60083
-0.00055654
-0.025921
-0.0041549
0.022551
0.012519
-0.035357
-0.0034678
-0.013759
-0.032896
-0.1186
-0.18083
-0.24621
-0.30291
-0.3086
-0.2616
-0.13832
-0.0066856
-0.018928
-0.73385
-1.9337
-1.8627
-1.5876
-0.5229
-0.055444
-0.048542
-0.025263
0.001202
-0.031019
-0.0041305
0.025044
0.020222
0.042746
0.027006
0.037417
0.025257
0.0046761
0.00044073
0.0079127
0.013092
0.0072363
0.01061
0.0098675
0.014679
0.0046892
-0.084153
0.040489
0.05554
0.20085
0.1597
-0.018742
0.004744
0.014368
0.0036746
0.0046965
-0.0001988
-0.00081771
0.0026259
0.0027218
-0.0039269
-0.0051445
-0.002862
0.0023584
0.012551
0.0069515
0.043747
0.10575
0.37319
0.72826
0.50942
0.84331
1.7775
1.6584
1.3937
1.7783
0.9408
1.0802
1.3722
1.3013
1.4429
1.7185
1.7447
1.7562
1.438
1.611
1.2331
1.3423
1.1904
0.18099
-0.027742
-0.015064
0.016802
0.077464
-0.068258
-0.0032043
0.0034198
-0.0093509
-0.10176
-0.20655
-0.19828
-0.19318
-0.14603
-0.016189
-0.0031065
-0.025846
-0.026661
-0.18489
-1.2941
-1.8777
-1.8936
-1.0186
-0.22169
-0.043241
-0.020759
0.02135
0.0080741
-0.0079392
0.05012
0.02811
0.014754
0.042592
0.028205
0.016247
0.010595
0.012578
0.01694
0.0065243
0.0061295
0.0063248
0.014541
-0.0027102
-0.13061
0.019085
0.11123
0.037161
0.0018768
-0.0023654
0.01092
0.0063355
-0.0052175
-0.0019234
-0.0092665
-0.00065962
-0.0027631
-0.0038871
-0.002823
0.00055309
-8.0708e-05
0.012312
0.0056615
0.015884
0.079959
0.28867
0.70928
0.67729
0.54887
1.2776
1.938
1.3048
1.5355
1.7216
1.0799
0.85945
1.2632
1.3397
1.3777
1.5452
1.8146
1.6901
1.6634
1.5392
1.2792
1.3152
1.3867
1.0875
0.19171
-0.07782
-0.078638
0.028442
0.014356
-0.050762
0.0077181
-4.1977e-05
-0.067058
-0.22636
-0.2541
-0.24177
-0.24121
-0.075033
-0.10934
-0.086174
-0.021362
-0.017837
-0.556
-1.9789
-1.966
-1.675
-1.6578
-0.7667
-0.05262
-0.032909
-0.017449
-0.017697
-0.053417
0.0085291
-0.0069024
-0.012124
-0.011987
-0.0019258
0.026408
0.041402
0.021961
0.022083
0.028536
0.030436
0.016833
0.017297
0.026935
0.013364
0.009464
0.01071
0.010592
0.018707
-0.0014932
-0.076556
-0.043734
0.0015818
0.014765
0.0076441
0.00076446
-0.0037901
-0.0044503
0.0013895
-0.0061205
-0.00597
0.00051872
-0.00070775
0.0014347
0.0041728
0.0080838
0.0040569
0.011198
0.034595
0.2286
0.58864
0.7442
0.29842
0.76541
1.8866
1.668
0.97126
1.5771
1.4968
1.261
1.2129
0.9516
1.1012
1.4494
1.6874
1.8436
1.4954
0.93511
0.8274
1.4873
1.6074
1.3235
0.95119
0.15747
-0.032916
0.02495
0.0032439
0.0091382
0.011707
-0.048998
-0.021428
-0.0064032
-0.093518
-0.18499
-0.30984
-0.2968
-0.14343
-0.041321
-0.025252
-0.0045829
-0.22148
-1.2657
-1.9045
-0.49842
-0.036384
-0.04137
-0.0018379
-0.021962
0.027991
0.020485
-0.057418
-0.020245
-0.016324
0.0018706
0.012937
0.035859
0.041027
0.033648
0.026488
0.024866
0.0094577
0.005598
0.0034812
0.00036809
0.014543
-0.065518
0.0025237
0.0086464
0.0047649
0.0070698
-0.0028868
-0.0039739
0.0025479
0.00042214
-0.0039192
-0.00061328
-0.0050804
-0.010491
0.0047574
0.0038704
0.013433
0.017551
0.060748
0.34172
0.69058
0.54015
0.31857
1.0369
1.9195
1.2009
1.34
1.7161
1.2654
0.93188
0.84954
1.042
1.3546
1.4033
1.4158
1.6353
1.7765
0.87254
1.5944
1.7703
1.0197
0.64122
0.0089122
-0.012875
0.014553
0.028091
-0.040689
-0.037078
-0.014704
-0.03724
-0.166
-0.23544
-0.33322
-0.3138
-0.14749
-0.063299
-0.085501
-0.05082
0.00020302
-1.7036
-0.048122
-0.014337
-0.010745
-0.024475
-0.011416
0.033916
0.004595
-0.048642
-0.012672
-0.016234
-0.0081996
0.030372
0.039515
0.026457
0.024136
0.042057
0.028498
0.029261
0.029923
0.011376
0.010327
0.011433
0.017943
0.015102
0.013899
0.0048024
-0.0007684
-0.00061553
0.00052295
0.00054908
0.00053783
0.0037214
-0.006194
-0.0027703
0.00037814
0.007155
0.018771
0.0059202
0.0022812
0.019119
0.20922
0.70132
0.82084
0.26751
0.46503
1.3658
1.901
1.039
1.4324
1.5164
0.9968
0.93304
1.1322
1.0807
1.1336
1.8464
1.7473
1.3304
1.166
1.3702
1.6111
1.026
0.02586
-0.015106
-0.0069632
0.080072
-0.012929
-0.052726
-0.018146
0.0073973
-0.0088125
-0.034238
-0.081891
-0.15723
-0.26878
-0.2464
-0.15527
-0.12065
-0.063983
-0.24643
-1.2323
-1.408
-0.61908
-0.081393
0.0063237
-0.011745
-0.0053061
0.029832
0.0013872
-0.037355
-0.050374
-0.022272
-0.033319
-0.033477
0.041875
0.0072326
0.015744
0.048381
0.029679
0.029552
0.034783
0.016803
0.0091353
0.0053276
0.0032578
0.010094
0.0034726
-0.00063108
-0.0050245
0.0039034
-0.0052697
-0.0028197
-0.00070558
0.010321
0.004883
0.0026454
-0.0005427
0.006019
0.0011437
-0.024652
0.016204
0.034473
0.22541
0.22527
0.239
0.24606
0.79886
1.8212
1.8286
1.9288
1.7471
1.4668
1.0001
0.97694
1.1474
1.3003
0.95307
1.1212
1.7038
1.509
1.5827
1.2575
0.95532
1.265
1.2102
0.14988
-0.015951
-0.081348
-0.005603
-0.032558
0.011154
-0.027773
-0.013888
-0.0062339
-0.0043815
-0.021309
-0.070081
-0.086367
-0.15011
-0.15125
-0.13066
-0.1947
-0.080183
-0.4364
-1.4813
-1.6256
-1.6326
-0.95493
-0.020008
0.0044285
-0.024874
0.012922
-0.016471
-0.0095941
-0.015942
-0.0091481
0.01252
0.031035
0.023181
0.0096314
0.033452
0.024884
0.025166
0.019814
0.019892
0.010069
0.0058528
0.012331
-0.00094609
-0.044384
0.0068959
0.013501
0.0033493
0.0036388
-0.0017774
-0.0038697
0.0014518
0.010161
0.0048138
0.00038412
-0.0030681
0.0080697
-0.0085276
0.0017826
0.0074973
-0.0067491
0.0058949
-0.018952
0.32479
0.6089
0.97119
1.1113
0.35796
-0.35106
-0.10965
-0.17746
-0.99817
-0.97537
-0.5968
-0.33663
-0.43858
-0.76716
-0.75007
-0.24079
-0.16707
-0.1497
0.31247
0.069249
0.69349
-0.14707
-0.17269
0.27187
-0.48255
-0.48102
-0.37923
-0.43262
-0.61093
-0.42366
-0.42402
0.21565
0.081675
0.0021093
0.0086545
0.16599
-0.083254
-0.43386
-0.29674
0.14726
0.57597
0.76234
0.29136
-0.077188
-0.042352
-0.089791
-0.10877
-0.13602
-0.042647
0.031257
-0.0059435
-0.051749
0.023836
0.029555
0.046102
0.050017
0.032764
0.023095
0.0030749
-0.0047496
0.0011113
-0.01207
-0.017731
-0.010611
-0.041545
-0.012231
0.00062875
-0.0062807
-0.0022248
-0.017715
-0.015313
0.0002167
-0.005193
-0.0043488
0.00041292
0.0037452
0.011603
0.026334
-0.0072536
-0.0129
0.0058465
-0.00057111
-0.013343
-0.40138
-0.77416
-0.46535
0.29785
-0.28779
-0.43941
-0.38634
-0.70953
-0.43174
-0.032083
-0.40297
-0.84095
-0.94039
-0.72933
-0.036326
0.32372
1.0627
0.83038
0.049086
0.37885
0.013968
-0.016193
-0.070294
-0.030843
0.025269
0.080199
0.027844
-0.044598
0.0091442
-0.0044093
-0.042116
-0.016289
0.0024574
-0.047391
-0.10532
-0.20857
-0.19952
-0.14392
-0.016376
-0.06158
-0.52427
-0.82751
-0.58643
-0.33075
-0.035815
0.047645
-0.017063
0.0058109
-0.013104
-0.031122
-0.0054353
0.01331
0.019045
-0.0017742
-0.036649
-0.014228
0.0018874
0.016456
0.032145
0.020084
0.012426
0.0080282
0.0015735
-0.0029359
-0.0037084
-0.099958
-0.11779
-0.025034
0.0029521
0.017916
0.007331
-0.019166
-0.013421
-0.011441
-0.0084743
0.011227
0.012327
0.011368
0.0016136
-0.01372
-0.0051608
0.0086521
-0.02155
-0.0017589
-0.013625
-0.019462
-0.0094787
-0.0039375
-0.067459
-0.11574
-0.27818
-0.18108
0.16363
0.26216
-0.21801
-0.69999
-0.55206
-0.64573
-0.4458
-0.83742
-0.52063
-0.093702
-0.18014
-0.41479
0.70437
0.68538
0.6145
0.18929
-0.033553
-0.10184
-0.53963
-0.55541
0.18196
0.18774
-0.12489
-0.12123
-0.12219
0.00046511
-0.096807
-0.13964
-0.25405
-0.25224
-0.44663
-0.39367
-0.086268
0.099842
0.10101
0.29215
-0.32289
-0.30083
-0.16549
-0.16152
0.12511
0.101
-0.0509
-0.014299
-0.061332
-0.17871
-0.010835
0.012441
0.012416
0.021745
0.001928
-0.038138
-0.026899
0.015287
0.019304
0.011039
0.014723
0.0042573
5.8778e-05
0.0015867
-0.006977
-0.0057203
-0.061879
-0.050621
0.010834
0.0033896
0.00047304
-0.0063354
-0.0023638
-0.015574
0.011004
0.009042
0.0037913
0.011594
-0.0093355
-0.022657
0.00086841
-0.025593
-0.01837
0.012762
0.0018275
-0.028124
-0.018088
-0.013833
-0.090257
-0.42507
-0.72005
-0.57449
0.014362
0.2979
-0.29155
-0.95008
-0.4394
-0.074325
-0.082523
-0.5248
-0.18612
-0.054437
-0.37596
0.53913
0.23897
-0.15863
0.088566
-0.016695
-0.036443
-0.12556
0.33192
0.33393
0.025989
-0.21674
-0.22702
-0.13672
-0.12764
-0.32245
-0.39094
-0.30789
-0.10292
-0.021497
-0.066558
0.031309
0.051357
-0.39643
-0.54331
-0.30999
0.14621
0.41088
0.50082
0.047014
-0.030689
-0.040296
-0.074164
-0.072835
-0.043742
-0.021729
-0.011102
0.024174
0.021836
-0.0077945
-0.020621
0.0071529
0.014161
0.0086319
0.004028
-0.0054447
-0.013179
-0.011456
-0.014672
-0.39549
-0.39983
-0.18929
-0.03013
-0.010132
-0.025045
-0.020712
-0.014354
-0.00071112
0.0061561
0.0042629
-0.00093954
-0.0049094
0.0082822
0.022855
0.029981
-0.015528
-0.019275
0.0012922
-0.0036192
0.0022253
0.0047009
-0.0032611
-0.093102
-0.2995
-0.35464
0.0174
0.34788
0.23576
-0.11555
-0.61975
-0.39663
-0.17068
-0.55656
-0.81399
-0.65334
-0.32933
-0.050023
-0.25737
0.61567
0.73724
-0.098017
-0.018925
-0.12604
-0.4646
-0.20013
0.21007
0.089403
-0.15275
-0.098687
-0.042877
-0.1191
-0.11816
-0.053957
-0.12728
-0.32633
-0.4035
-0.28065
-0.01697
0.10638
0.25407
0.16074
-0.37434
-0.39802
-0.096161
0.33897
0.56612
0.11515
-0.073564
-0.025047
-0.049104
-0.1049
-0.1278
0.0094195
0.042718
0.055547
0.048493
-0.019533
-0.014144
0.018816
0.0078979
0.014695
-0.00027599
0.0030861
-0.0048444
-0.0082889
-0.060408
-0.031748
0.013324
0.0054018
-0.0060151
-0.0029622
-0.0090584
-0.021293
-0.0094382
0.0011754
0.014768
0.018971
0.0089799
-0.00087564
-0.0093684
-0.00040894
-0.017147
-0.015099
0.0087776
-0.0082583
-0.013954
-0.0084994
-0.0063265
-0.045739
-0.22043
-0.26204
-0.2392
0.093973
0.17178
-0.091376
-0.65809
-0.55648
-0.15689
-0.46327
-0.74492
-0.76843
-0.55436
-0.18574
0.099444
0.52532
0.010657
-0.0013889
0.045631
-0.038281
-0.26793
-0.065267
0.14103
0.26315
0.026487
-0.1242
-0.27274
-0.11194
-0.02754
-0.31991
-0.43774
-0.36635
-0.24233
-0.034857
0.012558
-0.011866
0.20748
0.010583
-0.27932
-0.18781
0.050282
0.34017
0.59993
0.16294
-0.056819
-0.0099127
-0.049492
-0.1359
-0.057317
0.0028075
-0.0045259
0.025392
0.032789
-0.0044986
-0.0070409
0.013527
0.0089848
0.010107
0.0091579
5.716e-05
0.00010412
-0.005188
-0.06219
-0.25232
-0.25096
-0.062888
0.012824
0.0040714
-0.0096414
-0.0096179
-0.0097595
-0.021819
0.0043118
0.012636
0.010292
0.012554
-0.00046207
-0.0083149
-0.0005155
-0.00020755
-0.022577
0.0088852
-0.00048943
0.0043755
0.0022603
-0.01718
-0.078992
-0.25204
-0.3258
-0.30919
-0.21372
0.36128
-0.098131
-0.64938
-0.67069
-0.54274
-0.93419
-0.53196
0.37148
-0.086027
-0.13984
0.93459
0.26439
-0.23601
-0.1418
-0.022221
-0.31032
-0.31654
0.24014
0.12946
-0.12746
-0.36178
-0.14773
-0.14757
-0.10808
-0.17302
-0.30656
-0.33591
-0.33919
-0.22556
-0.033082
0.18774
0.45423
0.28125
-0.18136
-0.2218
-0.10097
0.34167
0.40737
0.54295
-0.028454
-0.092656
-0.050382
-0.10321
-0.12351
-0.010181
-0.01885
0.044699
0.027846
0.023986
-0.0098068
-0.010769
0.0092677
0.0013302
0.012237
0.010476
0.0022221
0.004076
-0.0026849
-0.045062
-0.26931
-0.51843
-0.38651
-0.25806
0.013505
-0.022779
-0.033904
-0.012307
-0.010712
0.013289
0.027223
0.01872
-0.0068856
-0.011298
-0.0010903
-0.011939
-0.023106
-0.0079787
-0.010884
-0.010949
-0.012526
0.0033157
-0.002515
-0.13908
-0.049795
0.13153
0.45883
0.012304
-0.65081
-0.89419
-0.4609
-0.19267
-0.35492
-0.48593
-0.45194
-0.091115
0.232
-0.017773
-0.34183
-0.21563
0.53148
0.37325
-0.24334
-0.043468
-0.15802
-0.26916
-0.64743
0.036347
0.26418
0.10637
-0.37945
-0.57711
-0.3204
-0.067338
-0.22877
-0.33314
-0.16805
0.071201
0.11467
0.087328
0.19981
0.19569
0.38409
0.11258
-0.19454
-0.13735
0.1982
0.48341
0.59106
0.16719
-0.21668
-0.32586
-0.19067
-0.25181
-0.13559
-0.1009
-0.024958
0.065031
0.048163
0.017
-0.020276
0.0081005
0.010108
0.0030421
0.002254
0.008811
0.0033082
0.0067199
-0.0075736
-0.0091217
-0.002819
0.0028781
-0.051474
-0.16546
-0.20583
-0.0093288
0.024483
-0.014856
-0.015267
-0.018509
-0.016766
-0.010571
-0.0029999
0.008016
0.016877
0.0048622
0.0041005
-0.00821
0.0046793
-0.014189
-0.015133
0.003079
0.0014582
-0.014111
-0.012257
-0.037034
-0.051059
-0.069779
-0.066878
-0.086792
0.36308
0.48608
-0.032068
-0.31855
-0.76557
-0.27384
-0.2449
-0.76896
-0.66905
-0.26383
0.3772
0.45312
-0.031961
-0.18921
0.44005
0.027498
-0.31901
-0.20484
-0.16758
-0.09121
-0.42317
-0.12421
0.19272
0.2008
-0.080381
-0.32288
-0.094084
-0.036759
-0.15862
-0.19542
-0.28566
-0.22852
-0.22182
-0.043314
0.15892
0.39536
0.26386
-0.37815
-0.14858
-0.095053
0.17533
0.481
0.42537
-0.052276
-0.056582
-0.030127
-0.080414
-0.091292
-0.012966
0.026739
0.042678
0.035995
-0.0363
-0.023869
-0.0029233
-0.02646
0.013393
0.028538
0.016081
0.0085659
-0.0029469
-0.0013396
-0.0011671
-0.068911
-0.10063
0.012547
0.015706
0.0013948
-0.0067534
-0.019308
-0.011466
-0.0071802
0.011459
0.024386
0.0096999
0.0026044
-0.0091579
-0.0011106
-0.003705
-0.019759
0.0027322
0.0091375
-0.0085577
-0.023097
-0.010263
0.0068873
-0.1105
-0.23494
-0.45739
-0.38041
0.30057
0.3383
-0.32541
-0.17361
-0.78566
-0.30574
0.27768
0.071166
-0.24551
-0.24557
0.063596
-0.25752
-0.21918
-0.10583
-0.15932
0.079922
0.19818
0.19561
-0.088327
-0.12512
-0.12164
-0.075904
-0.099091
-0.15407
-0.28697
-0.41439
-0.43365
-0.36609
-0.19824
0.0096286
0.17047
0.31685
0.31909
-0.10435
-0.034831
0.43163
-0.060376
-0.014973
-0.044619
-0.04497
-0.15298
0.032439
-0.021932
0.031136
0.026974
-0.024624
-0.027789
-0.016649
-0.016632
0.0096637
0.021322
0.02185
0.015752
0.015768
0.0086551
0.00043754
-0.0041316
-0.054714
-0.055325
-0.17673
-0.45619
-0.32559
-0.041686
0.027118
-0.043981
-0.019104
-0.00079443
-0.02346
0.014998
0.020368
0.00363
0.0037901
-0.010437
-0.011844
-0.023862
-0.001786
-0.012336
-0.018642
-0.026064
-0.072043
-0.19727
0.011351
0.024196
0.18558
0.33913
-0.29274
-0.70157
-0.64241
-0.3449
-0.33862
-0.42209
-0.39786
0.23173
0.323
-0.092848
-0.31579
0.44883
0.31233
-0.34139
-0.32476
-0.46219
-0.20142
-0.74712
-0.34742
0.096795
0.34445
-0.029587
-0.57333
-0.45921
-0.13113
-0.10713
-0.37307
-0.41046
-0.15704
0.017362
0.1379
0.21634
0.25122
0.47303
0.45005
-0.15007
-0.075808
0.051143
0.24319
0.56502
0.4064
-0.12426
-0.2753
-0.053178
-0.031817
0.018573
0.062859
-0.005641
-0.025806
0.023824
-0.00046331
0.0073349
0.016166
0.018061
0.012023
0.012346
-0.0057947
0.00043094
-0.0022482
-0.024917
-0.039685
-0.11253
-0.061003
0.00074661
0.031118
0.0027484
-0.016785
-0.018319
-0.021982
-0.0085302
0.0019592
0.014442
0.014238
-0.0036003
-0.0078204
0.017272
-0.024438
-0.016082
0.015666
-0.0031799
-0.010023
-0.050041
-0.14481
-0.059054
0.43608
0.18023
-0.51506
-0.79238
-0.44237
0.024392
-0.43305
-0.57989
-0.35042
-0.2477
0.20909
0.14882
-0.013737
-0.11783
0.91048
0.25925
-0.085122
0.062153
-0.13274
-0.13272
-0.52582
-0.030958
0.25443
0.10591
-0.2622
-0.39172
-0.095071
-0.1723
-0.43183
-0.27571
-0.19149
-0.038145
0.021687
0.075496
0.14803
0.409
0.035325
0.17386
0.35422
0.097622
-0.096612
-0.058281
-0.026412
-0.10842
-0.12808
0.027364
0.047031
0.028583
-0.016568
-0.04309
-0.018285
0.011705
0.0054076
0.018156
0.011091
0.016667
0.01079
0.0053316
0.0081234
-0.0019739
-0.0051353
-0.010965
-0.076262
-0.081589
0.0011833
0.035443
0.0078923
-0.009294
-0.017709
-0.024709
-0.0076622
-0.0020617
0.021455
0.022035
0.0055092
-0.0049335
-0.0077878
0.00563
-0.0027959
-0.020378
-0.043479
0.0013385
-0.075657
-0.18572
-0.11403
0.088119
0.070116
-0.016965
-0.56862
-0.2834
-0.27479
-0.57585
-0.51853
-0.30561
0.26945
0.40104
-0.058233
-0.38618
0.34135
0.32213
-0.51762
-0.061166
-0.3103
-0.045408
-0.42491
-0.20037
0.16835
0.18188
-0.059972
-0.13728
-0.22493
-0.36485
-0.34597
-0.056276
0.16899
0.26291
0.39829
0.57582
0.17528
0.41684
0.49412
0.80244
1.4194
1.5975
1.0642
0.18838
-0.099698
-0.031356
-0.0007548
-0.0030439
-0.0043185
0.033148
0.030513
0.0038941
0.0015096
0.00062344
-0.0004758
0.01162
0.019908
0.022393
0.01144
0.018759
0.00019387
-0.006049
-0.033857
-0.0097174
0.068717
-0.012923
-0.0081506
0.010087
0.033759
0.025015
0.020941
0.044197
0.11754
0.11758
0.44245
0.53892
0.5565
0.2636
0.26349
-0.026156
0.034835
0.10912
0.23796
0.23768
0.14571
-0.59159
-1.0041
-1.0656
-1.0854
-0.90907
-1.6461
-2.0835
-1.7064
-1.7158
-1.4749
-1.9609
-1.7022
-1.6823
-1.6746
-1.6732
-1.1393
-1.0693
-0.40052
-0.46689
-1.2316
-0.78223
-0.66788
0.080087
-0.11052
-0.43291
-0.45295
-0.17692
-0.004535
-0.060004
-0.19739
-0.33085
-0.17812
-0.0092438
-0.093731
-0.12283
0.068339
0.31918
0.020507
-0.031766
0.28578
0.76569
0.82501
1.2595
0.89162
0.28136
-0.02372
0.0067636
-0.0010727
-0.023391
-0.044952
0.015383
0.01302
0.015059
0.02778
0.0035897
-0.0091269
-0.015238
-0.013275
0.0018952
0.014161
0.011116
0.0097407
0.013417
0.0017789
-0.028212
-0.080876
0.0088637
0.0039575
-0.011535
0.0013979
0.0013955
0.01345
0.023298
0.018815
0.015394
-0.010242
-0.032545
-0.0017315
0.10782
0.24662
-0.0019962
0.018703
0.026918
0.012602
-0.0018824
0.0023298
-0.030821
-0.42711
-1.2244
-1.4327
-1.2602
-0.87169
-1.2402
-1.7856
-1.4835
-1.553
-1.7079
-1.8352
-2.2536
-2.0613
-1.5793
-1.3205
-1.1104
-0.52424
-0.54345
-1.052
-1.0123
-0.46305
-0.024526
0.0041141
0.00037893
0.03471
0.018028
0.010192
0.0040597
-0.033221
-0.053222
-0.1178
-0.1302
-0.10866
-0.016752
0.0048281
0.008581
0.027011
0.034033
-0.28553
-0.32439
0.018509
0.74846
1.1356
1.3922
0.88728
0.090851
-0.0053918
0.0036943
-0.010517
-0.03103
-0.04317
-0.0090355
0.0043752
0.015523
0.019057
0.021828
0.0054127
0.023884
0.010032
0.010166
0.0015244
0.0069265
0.014384
-0.015041
-0.061438
0.026139
0.027984
0.0090832
-0.035926
-0.080134
0.03714
0.053777
0.071376
0.049579
0.13203
0.38261
0.63328
0.92362
0.86457
0.61708
0.16543
-0.015951
0.00094683
0.0014186
0.06183
0.032119
-0.16448
-0.84156
-0.67833
-0.51462
-1.9615
-2.0304
-1.9923
-1.8786
-1.766
-1.8533
-1.5862
-1.1946
-1.2306
-0.67698
-0.78104
-1.0281
-0.34693
-0.04198
-0.038138
-0.025587
0.028442
0.027595
0.0096144
0.014353
0.018473
-0.017501
-0.067768
-0.11439
-0.24992
-0.32422
-0.20218
0.044365
-0.060031
-0.088992
-0.015847
0.09948
-0.12874
-0.22235
0.10516
0.49572
0.95915
1.1597
0.94789
0.40296
-0.0073479
-0.00075959
-0.0099766
-0.028334
-0.034293
-0.00267
0.022028
-0.0013036
-0.0086558
-0.0042461
-0.0013926
-0.0034058
-0.00018958
0.011261
0.011838
0.0088621
0.010082
0.019005
0.02691
-0.06665
-0.089011
-0.015985
0.026559
0.019123
-0.017347
0.016731
0.016789
0.0023275
-0.0046271
0.02537
0.10303
0.1675
0.46197
0.66048
0.56116
0.36346
0.0067738
-0.016107
0.0093498
0.017142
0.20201
0.2781
0.053806
-0.25978
-1.006
-1.0552
-0.73053
-0.53444
-1.1275
-1.6963
-1.8882
-2.0091
-1.8325
-1.986
-1.7151
-1.3903
-0.67917
-0.99067
-1.2345
-0.4981
-0.1906
0.038629
-0.037234
0.031214
0.042557
0.028762
0.0021688
0.0045692
0.010887
-0.015807
-0.015919
-0.052891
-0.06391
0.00022147
0.057182
0.057021
-0.05601
-0.074005
-0.093709
-0.073397
-0.072916
-0.37451
0.085811
0.65288
0.98597
0.97991
1.0507
0.01778
-0.0072526
-0.024889
-0.024925
-0.017999
-0.039586
-0.017705
0.011605
0.0098424
0.012694
0.024039
0.0090634
-0.0011308
0.0065443
0.012348
0.0059245
0.0047675
0.0047547
0.018975
0.0158
0.015611
-0.099449
-0.026965
-0.015831
0.014722
-0.041234
0.010828
0.042788
0.026415
0.026242
0.020015
0.049809
0.14457
0.33205
0.49586
0.52415
0.54384
0.27876
-0.020676
0.0056496
0.079416
0.27676
0.15189
-0.013026
-0.54156
-0.91279
-0.94257
-0.79158
-0.63391
-1.3954
-1.6904
-1.5261
-1.5952
-1.7644
-2.0725
-1.8776
-1.8817
-1.8607
-1.5396
-1.1712
-0.91543
-0.34183
-1.1228
-0.6767
-0.26643
-0.039768
0.026386
-0.03007
0.067621
0.029498
0.039706
0.035664
0.014909
-0.0041218
-0.03319
-0.011525
-0.023834
0.011354
0.10577
0.12711
0.0082573
-0.18262
-0.27095
-0.015295
-0.22212
-0.40276
-0.10871
0.44282
0.74203
1.1095
0.70325
0.13471
-0.012152
-0.01122
-0.024703
-0.016358
-0.050744
-0.049174
0.010135
0.013107
0.016715
0.010511
0.008027
0.0019084
-0.012342
0.0051134
-0.0010344
0.0014598
0.015697
0.015743
0.0069533
0.013532
0.013278
0.0037113
-0.058442
-0.1639
-0.032967
0.05715
0.057156
0.039709
0.020951
0.17084
0.48271
0.62676
0.45684
0.39529
0.020947
-0.010712
0.0070754
0.03842
0.3181
0.42026
0.21804
-0.090054
-0.68247
-1.0995
-1.1094
-0.65242
-0.95524
-1.7125
-1.781
-1.2494
-1.377
-1.9425
-2.003
-1.8368
-1.7211
-1.5193
-1.2809
-1.1583
-1.1014
-0.80871
-0.15939
0.031236
0.028165
0.067628
0.045968
-0.029157
0.02194
9.804e-05
-0.021829
-0.0011281
-0.019039
0.034355
0.041935
-0.028164
-0.11027
-0.11672
-0.00045298
-0.012029
-0.23809
-0.16317
0.096807
0.30008
0.81083
0.67336
0.18333
-0.012698
-0.013729
-0.030607
-0.03568
-0.030161
-0.035643
0.013857
0.0019355
-0.0071688
0.0059199
0.0089656
-0.0077981
0.0070717
0.0038131
0.0070094
0.014598
0.015679
0.021966
-0.038787
-0.16698
-0.1371
-0.013463
0.1292
0.099585
0.073496
0.094839
0.039733
0.044442
0.030008
0.058325
0.1531
0.34734
0.35041
-0.021222
-0.0044909
0.022337
0.3989
0.33856
0.042005
-0.4828
-1.1864
-1.0662
-0.56024
-0.58705
-1.353
-1.7311
-1.2121
-1.2743
-1.8315
-1.929
-1.8205
-1.8085
-1.716
-1.3793
-1.1808
-1.1984
-0.25744
-0.051422
0.016281
0.035182
0.055231
0.065014
0.0093888
-0.013241
-0.003386
0.0062428
0.002969
-0.021044
0.022059
0.15327
0.08502
-0.030062
-0.12541
-0.090608
0.013325
-0.12432
-0.29344
-0.063335
0.27654
0.61649
0.9062
0.40257
0.0070287
-0.014582
-0.016449
-0.028771
-0.029974
-0.012026
-0.024408
0.0096825
0.011836
0.00024022
0.0035953
-0.0051683
-0.0045834
-0.0011133
0.0058033
0.0090354
0.0041433
0.001918
0.011881
0.007794
-0.0045136
-0.069865
-0.17211
-0.019814
-0.018231
0.30582
0.19615
0.18869
0.033249
0.008414
0.036496
0.074818
0.033232
0.080029
0.080051
0.38554
0.39313
0.016797
0.15531
0.19337
0.19282
0.059511
-0.76348
-0.98683
-0.89786
-0.69727
-1.7302
-1.6165
-1.256
-1.5083
-1.9033
-1.5759
-1.6121
-1.6006
-1.488
-1.1665
-1.2677
-1.1643
-1.1708
-0.55694
0.018765
0.017135
0.059925
0.032467
-0.023075
0.00067835
0.0010651
0.0091047
0.0065021
0.036192
0.030335
0.056243
0.0050206
-0.049605
-0.072374
0.013876
-0.0019754
-0.1323
-0.25524
-0.075022
0.35337
0.71565
0.28652
0.024483
0.0024913
-0.017711
-0.027433
-0.016128
-0.025152
-0.019122
0.014941
0.012758
0.0079519
-0.001427
-0.014904
0.0053513
0.0016114
0.0063054
0.0062306
0.0030212
0.013161
0.020384
-0.013147
-0.10363
-0.053627
0.38861
0.13836
0.13829
0.065496
0.065442
0.032359
0.022442
0.04334
0.26436
0.23773
0.14988
-0.020217
0.0019097
0.068949
0.10914
0.056006
-0.0049183
-0.26844
-0.84551
-0.72029
-0.5977
-0.85935
-1.5679
-1.6916
-1.3865
-1.5576
-1.7424
-1.9449
-1.8711
-1.7392
-1.6599
-1.0671
-1.1124
-1.1442
-0.5112
-0.10273
-0.027857
0.038614
0.035447
0.029526
0.0087675
0.0028606
-0.0081213
-0.021638
0.023183
0.090323
0.070812
-0.0050673
-0.025064
-0.059195
-0.0093926
0.015081
-0.18531
-0.51859
-0.61559
-0.22963
0.12397
0.070109
-0.0061922
-0.0021508
-0.048773
-0.072729
-0.067008
-0.033253
0.013224
0.0047554
0.025396
0.026286
-0.017336
-0.01382
-0.026489
0.01946
0.020164
0.0066294
0.0061664
-0.0024725
-0.00011274
0.0029621
-0.00060942
-0.012465
0.13413
0.35571
0.75
0.6508
0.0061319
-0.067179
-0.0097527
-0.022934
-0.0082848
0.0042978
0.003543
0.0048565
0.0038849
0.00050828
0.010748
-0.002652
-0.022477
-0.0071668
0.0084938
-0.00097094
0.010819
0.0053557
-0.013746
-0.32043
-0.54773
-0.07105
0.40603
0.41171
-0.024408
-0.54156
-0.84667
-0.74619
-0.63261
-0.086463
0.09108
0.053685
0.20046
1.3209
0.89945
0.216
0.36508
-0.030583
-0.2169
-0.35564
0.17944
-0.029318
-0.10024
-0.041583
-0.19987
-0.27869
-0.35923
-0.12498
0.059394
0.053601
0.21259
0.14952
0.024722
0.037468
0.154
-0.29053
-0.50621
-0.44798
0.023154
0.45216
0.68366
0.15441
-0.23113
-0.10784
-0.085031
-0.3341
-0.10364
0.13738
0.088787
0.078078
0.053431
-0.0024074
0.005242
0.0026917
0.0021448
0.012667
0.011988
0.0069247
0.011893
0.0067703
-0.044186
-0.059754
-0.095554
0.0050335
0.56825
0.59436
0.26098
-0.0044119
-0.014178
-0.028087
-0.032204
0.0055948
0.016546
0.02346
0.036662
0.0011086
-0.0090005
0.0022536
-0.018104
-0.0086099
-0.015916
0.009023
-0.02868
0.52882
0.77784
0.63718
0.16878
-0.16098
-0.049115
-0.64218
-1.1589
-0.6884
-0.12776
-0.058417
0.13808
0.4197
0.14115
-0.2841
-0.2191
-0.16879
-0.15091
0.31417
0.84708
-0.10381
0.3464
-0.080202
-0.61821
-0.25656
0.11711
0.4445
0.29371
-0.073796
-0.24878
-0.34712
-0.31736
-0.23766
-0.027101
0.20716
0.42013
0.41895
0.087005
-0.067667
0.0077228
-0.072658
-0.76012
-0.64184
-0.20976
0.38938
0.64555
0.63819
0.27049
-0.18765
-0.16125
-0.26864
-0.27032
-0.067135
-0.049968
-0.0097074
0.012397
0.0098037
0.011942
0.030829
0.023767
0.0047815
0.0047974
-0.0075348
-0.061078
-0.12459
-0.44186
-0.46715
0.19857
0.29888
0.32027
-0.032572
-0.032542
-0.029419
0.010676
0.021482
0.024687
0.042318
-0.025965
-0.017573
-0.0068893
-0.033885
-0.011824
0.021266
0.058019
0.012148
0.50844
0.61193
0.55457
-0.062997
-0.023564
-0.31061
-0.70606
-0.99815
-0.72882
-0.31183
-0.014471
0.090999
0.14806
0.074028
-0.26861
-0.084732
-0.14898
0.26938
0.20453
-0.42369
-0.62764
-0.17132
0.12098
0.22102
0.041152
-0.28182
-0.07843
0.12414
-0.039703
-0.038361
-0.13416
-0.0055897
-0.037491
-0.03129
0.0866
0.20153
-0.34312
-0.57365
-0.30437
0.22941
0.60701
0.76952
0.32763
-0.24942
-0.32023
-0.21424
-0.11405
0.0060696
-0.0040258
0.089599
0.094984
-0.0073631
-0.0037685
0.0022609
-0.0010256
0.0060737
0.0049057
0.020065
-0.0033465
-0.019488
-0.041422
-0.046547
-0.025333
0.463
0.68677
0.57678
0.74757
0.24718
-0.02215
-0.022522
-0.041065
-0.018101
0.0078807
0.00058057
-0.007509
-0.035292
-0.016805
-0.01216
-0.020796
0.017057
0.02314
-0.068752
0.31601
0.57368
0.49436
0.44976
0.41853
-0.49676
-0.7797
-0.90062
-0.75621
-0.40289
-0.30044
-0.20965
0.21091
0.056032
-0.10959
-0.19242
-0.26345
0.17784
0.54919
0.73328
-0.010081
0.026356
-0.26584
-0.74019
-0.35373
-0.0082679
-0.033206
-0.023148
-0.1892
-0.16132
0.17739
0.29742
0.20917
0.080437
-0.014628
-0.0010432
-0.24738
-0.50503
-0.25328
-0.089862
0.36744
0.68028
0.4733
-0.0070164
-0.26452
-0.24564
-0.13791
-0.048633
0.0137
0.037468
0.069577
0.060499
0.037053
0.0095644
0.016642
0.012297
0.016101
0.0083925
0.0076094
0.0099124
-0.01441
-0.049726
-0.13146
-0.090748
0.41352
0.34891
0.096394
0.53527
0.071635
-0.051642
-0.034765
-0.061307
-0.013187
0.0073879
0.019843
0.020408
-0.0074063
0.001214
-0.024028
-0.034686
-0.01757
-0.01984
-0.023619
-0.0056616
0.039555
0.024263
0.24681
0.67297
0.94092
0.87467
0.12126
-0.13296
-0.60527
-0.92781
-1.2052
-0.79954
0.038682
0.34612
0.041144
-0.35257
-0.32166
-0.37746
-0.31827
0.13699
0.75642
0.49665
0.12668
0.40317
-0.60346
-0.68789
-0.14515
0.17479
0.47278
0.16593
0.015598
0.13159
-0.10286
-0.23333
-0.24968
-0.018847
0.16742
0.014712
0.17646
0.076271
0.023819
0.13823
-0.1865
-0.56821
-0.38052
-0.016878
0.54241
0.78938
0.52588
-0.13415
-0.47253
-0.91092
-0.52685
-0.28636
-0.003621
-0.12443
-0.024172
0.071325
0.0055307
0.026575
0.0090775
0.0093797
-0.00080526
0.0058065
0.026109
0.020374
0.020394
0.00041539
0.001272
-0.014123
0.36405
0.20381
-0.24319
0.40244
0.26442
0.12231
0.59392
0.28906
-0.04213
-0.073919
-0.061452
0.0095038
0.027103
0.028139
0.015394
-0.0091618
-0.0026561
-0.020038
-0.025249
-0.022135
-0.028604
-0.022664
-0.0078447
0.025328
-0.0018965
-0.0034433
0.74801
0.80839
0.62351
0.29506
0.25939
0.042056
-1.2152
-0.18592
0.19864
0.40216
0.029171
-0.4375
-0.44766
-0.56945
-0.25238
0.50777
0.64148
0.07106
-0.031665
-0.6492
-0.55611
-0.55009
-0.13663
0.35912
0.12886
-0.0053088
-0.010178
0.093992
-0.020717
-0.10264
0.012644
0.012277
0.19588
0.058932
-0.088111
0.0028163
0.0066158
-0.12189
-0.57594
-0.59543
-0.26522
0.33172
0.83016
0.81131
0.36084
-0.34988
-0.68552
-0.80338
-0.40426
-0.1132
0.012511
-0.12347
0.050178
0.057422
0.0005283
0.0029355
-0.00034565
0.007038
0.012178
0.023234
-0.0036151
-0.0066319
-0.048102
0.088361
0.0059378
0.33966
0.54998
0.26356
0.40448
0.5503
0.021774
-0.0057049
-0.063493
-0.022747
0.026112
0.018992
0.013669
-0.0015168
-0.003644
-0.0098344
-0.037119
-0.015582
-0.018637
-0.0268
-0.02151
0.0056521
0.04675
-0.010062
0.60905
0.8487
0.71371
0.19218
0.011723
-0.026233
-0.718
-1.0732
-0.82686
-0.23401
0.0096094
-0.023138
-0.30611
0.48996
0.96807
0.12964
0.10323
-0.074151
-0.28454
-0.73516
-0.39858
-0.072349
0.34943
0.32566
0.16031
0.10852
-0.052654
-0.053101
-0.013531
0.022492
0.14618
0.18393
0.021737
-0.084616
-0.0023774
-0.31762
-0.47016
-0.34935
-0.0096946
0.43794
0.77447
0.52992
-0.10608
-0.62037
-0.23336
-0.18879
-0.051067
-0.037142
0.015068
0.094551
-0.014757
-0.00056589
-0.0035169
0.020906
0.015137
0.019378
0.0083001
0.0047544
-0.018456
-0.071018
-0.0072368
-0.14376
0.17922
0.46785
0.20779
0.49633
0.20487
-0.011417
0.009529
-0.025621
-0.007251
-0.0018649
0.017054
0.010494
-0.0027242
-0.025306
-0.019117
-0.0067151
-0.018666
0.0075546
0.021545
0.0086329
0.52396
0.72724
0.71812
0.38937
0.14278
-0.037876
-0.62587
-0.91514
-0.8614
-0.4694
-0.16984
-0.23559
0.069327
0.13787
-0.11919
-0.4919
-0.29031
-0.18145
0.025573
0.86087
0.12431
0.38791
0.10116
0.0063753
0.21774
0.12656
0.0046016
-0.10495
-0.22524
-0.1376
-0.082757
0.2342
0.24354
0.13709
-0.069764
0.034713
0.10607
0.039153
-0.37308
-0.43532
-0.16767
0.331
0.63434
0.69488
0.10794
-0.31949
-0.12687
-0.1566
-0.14169
0.033774
0.0038087
0.093002
0.10018
-0.016098
-0.015717
-0.01153
0.01209
0.01835
0.01873
0.0042584
-0.0057216
-0.015317
-0.079626
-0.070809
-0.094873
0.34559
0.03733
0.44025
-0.025378
-0.018564
-0.046425
-0.028813
0.0013399
0.00075022
0.030492
0.0094476
0.00044223
-0.0067313
-0.014
-0.010515
-0.0090318
-0.019078
0.0020469
-0.028757
0.40996
0.86299
1.0915
0.82864
0.02898
-0.2272
-0.40389
-0.96303
-1.2946
-0.45906
-0.042326
0.096324
0.17891
0.014582
-0.15038
-0.38048
-0.2756
-0.062598
0.80058
0.30355
0.10606
0.3442
-0.53916
-0.63217
-0.080664
0.21989
0.41454
0.17741
-0.35216
-0.074076
0.11995
0.34131
0.37476
0.23241
0.064188
-0.072818
-0.16576
-0.43946
-0.45955
-0.24739
0.50163
0.68683
0.6228
-0.056683
-0.48972
-0.67775
-0.473
-0.1195
-0.036232
-0.046794
0.0056466
0.049511
0.023075
0.023295
0.014539
0.017424
0.011166
0.0053326
0.0054787
0.0088958
0.013965
0.0087179
0.06825
-0.2376
-0.13178
0.36918
0.48764
0.4351
-0.029275
-0.031242
-0.012488
-0.043215
0.02019
0.035089
0.035066
0.024908
-0.0037271
-0.0063476
-0.022307
-0.021719
-0.033708
-0.011896
-0.019752
-0.011656
-0.011677
0.010792
-0.046003
0.061377
0.57123
0.81462
0.34667
-0.20253
-1.2518
-0.46563
-0.015119
0.18832
-0.073283
-0.37787
-0.21904
-0.21971
-0.22253
0.84094
0.90396
0.1269
0.073567
-0.076757
-0.50096
-0.40109
0.018727
0.27729
0.11195
-0.089912
-0.15546
-0.15097
-0.098545
-0.097746
0.013316
0.1276
0.20588
0.19721
0.0026002
-0.084923
-0.10725
-0.081074
-0.39632
-0.35437
-0.29051
0.26594
0.74431
0.22235
-0.2471
-0.37581
-0.22553
-0.14808
-0.022985
0.020498
0.028227
0.072424
0.037387
-0.0057823
-0.00057878
0.0010837
-0.0018056
0.016356
0.031655
-0.0010153
-0.010874
-0.046197
-0.084374
-0.064588
-0.11554
0.31662
0.44756
0.61344
0.5133
0.016173
0.083067
0.04474
-0.033489
-0.0079114
0.011827
0.01564
0.016102
0.0017753
-0.0037865
-0.0010973
-0.029829
-0.017626
-0.0096127
-0.0046412
0.038515
-0.0055308
0.035015
0.5692
0.74432
0.55783
0.32882
0.26022
-1.2647
-1.1158
-0.52434
-0.18479
0.19169
-0.016802
-0.36378
-0.32769
0.05139
0.86569
0.052505
0.1468
0.20652
-0.24039
-0.86849
-0.206
0.060165
0.43452
0.20407
0.018212
0.11013
0.082275
-0.12519
-0.15676
-0.16602
0.033779
0.22949
0.20598
0.040677
0.054184
0.018492
-0.28841
-0.74117
-0.46088
-0.17052
0.39874
0.62265
0.64952
0.2281
-0.17865
-0.37554
-0.45531
-0.20187
-0.032649
0.033405
0.03352
0.063921
-0.0042572
0.0081159
0.0020219
-0.0032585
0.0021981
0.015815
-0.0044904
-0.039853
-0.021461
0.1478
-0.03286
-0.08205
0.2439
0.52731
0.41421
0.0019347
0.048265
-0.059013
-0.031582
0.0020907
0.011124
0.01261
0.00695
-0.0018777
-0.0085049
-0.058862
-0.026996
0.0087287
0.029038
0.16437
0.13239
0.28297
0.19719
0.39511
0.7428
1.458
2.1894
2.4938
2.362
2.0112
1.3764
1.5591
1.596
1.4684
1.6768
1.9963
1.9839
1.772
1.6672
1.3392
0.84258
0.074301
-0.075094
-0.10258
0.024185
-0.02328
-0.045596
-0.085303
-0.10346
-0.48576
-0.7694
-0.679
-0.36775
-0.17763
-0.2496
-0.28743
-0.2361
-0.11663
0.012134
-0.3658
-1.6335
-2.0775
-1.648
-0.47033
-0.012738
-0.063562
-0.034897
-0.030707
-0.039856
-0.027795
-0.038294
0.01753
0.024606
0.020704
0.00071305
0.031527
0.021661
0.028043
0.054358
0.02258
0.011683
0.0056894
0.004853
-0.0059411
-0.023208
0.96371
0.86011
0.20756
-0.077523
-0.1658
-0.16702
-0.44465
-0.040521
0.039713
-0.023189
0.0043329
0.010976
-0.005897
-0.0057996
-0.0034426
0.0013718
0.007779
0.003727
0.008376
0.016595
0.12875
0.084192
0.33287
0.43893
0.57908
1.9275
1.6136
1.464
1.3865
1.098
0.94548
0.94768
1.4813
1.5145
1.7175
1.7184
1.9211
1.839
1.8367
1.3994
1.4261
1.4062
-0.014594
-0.13505
-0.10284
-0.10303
0.037469
-0.01
-0.031635
-0.36217
-0.3625
-0.63601
-0.3992
-0.54181
-0.49199
-0.49016
-0.20906
-0.011384
4.6462e-05
-0.078973
-0.076555
-1.0577
-1.9895
-1.2466
-0.17981
-0.1994
-0.05638
-0.057792
-0.037138
-0.021699
-0.045898
-0.055314
0.024482
0.023958
0.030083
0.0030498
0.033213
0.052589
0.043792
0.029397
0.011709
0.017041
0.0099016
0.0051508
-0.0050387
-0.010663
0.21016
0.48734
0.29831
0.57347
0.10825
0.013667
-0.028223
0.007094
0.0075694
0.0087382
0.0098545
-0.0040359
-0.0031586
-0.0022227
-0.00026979
0.0017403
0.0030757
0.0059797
0.01697
0.038246
0.1387
0.18594
0.25557
0.35051
0.35475
1.2935
2.1358
1.6585
1.705
1.9197
1.5557
1.0698
1.1109
1.292
1.2965
1.3586
1.8665
2.2706
1.6029
1.4927
1.3466
1.0614
0.67381
0.17065
-0.14822
-0.24305
0.031775
-0.066404
-0.047107
-0.26357
-0.55564
-0.74368
-0.75952
-0.72274
-0.45933
-0.3855
-0.56624
-0.50231
-0.2885
-0.1535
-0.0053111
-0.34384
-1.205
-1.2051
-1.0826
-0.64549
-0.13826
-0.047866
-0.047577
-0.026613
-0.0483
-0.059647
-0.0087164
0.027462
0.032409
0.0098981
0.03304
0.046893
0.040076
0.015769
0.0019858
2.559e-05
0.0073528
0.0089111
0.0072638
0.037752
0.086653
0.56456
0.77865
0.49325
0.077545
0.042409
0.002651
0.0034584
-0.0089878
0.0027509
-0.0078462
-0.0025581
0.0042556
-0.0016514
-0.0016192
0.0011091
-0.0070566
0.0063805
0.014283
0.03058
0.07256
0.12866
0.2791
0.47794
1.0367
1.8834
2.0386
1.7108
1.2098
1.3521
0.96418
0.86356
0.99675
1.1116
1.2569
1.5204
1.282
1.6979
1.3463
1.2065
0.87352
0.53164
0.06159
-0.3822
-0.25734
-0.72259
-0.76638
-0.83705
-0.58066
-0.71886
-0.65817
-0.34758
-0.192
-0.059512
-0.03566
-0.0048566
-0.067
-0.10266
-0.29462
-0.2147
-0.54237
-1.2388
-1.1388
-0.77673
0.031942
-0.14862
-0.10759
-0.084747
-0.016302
0.017675
-0.09207
-0.13937
-0.050968
0.1049
0.032374
0.02714
0.021775
0.045344
0.021221
0.048837
0.049437
0.0013574
0.0020527
0.0017425
0.0085409
-0.002725
0.058564
0.065018
0.38708
0.34076
0.056088
-0.0031341
0.00063313
-0.0041953
-0.0065725
0.0045986
-0.0034892
-0.0063589
-0.00027614
-0.0058474
-0.00042405
-0.0016237
0.011361
0.00018319
0.025374
0.093138
0.42405
0.68026
0.73286
0.89836
1.4052
1.999
1.744
1.2744
1.1382
1.1429
1.0242
0.64564
0.83141
1.5372
1.4737
1.3259
1.4676
1.473
1.2165
1.3177
1.4794
1.0376
0.70878
-0.058811
-0.43835
-0.34924
-0.72809
-0.6896
-0.58704
-0.46232
-0.38963
-0.4961
-0.60946
-0.56812
-0.47824
-0.35083
-0.26782
-0.26404
-0.30141
-0.20513
-0.28998
-1.1102
-1.4023
-1.453
-0.8775
-0.042042
-0.059713
-0.076171
-0.040745
-0.062679
-0.029818
0.019493
-0.0066483
0.010128
0.035473
0.0060404
0.0012656
0.026053
0.014631
0.024183
0.045269
0.027113
0.032295
0.011052
0.003982
0.015167
-3.8163e-05
0.0019095
0.011618
0.011655
0.01244
0.0094419
0.0050792
0.0034462
0.003466
0.0014167
0.0011185
0.0004425
-0.0029221
-0.0039445
-0.008267
-0.0041733
-0.0011908
-0.018323
-0.018252
0.0037027
0.19383
0.51862
0.29217
0.29253
0.12906
1.7785
1.9358
1.7167
1.7315
1.5938
1.2129
1.231
1.239
0.99507
1.0058
1.2153
1.3055
1.3638
1.0749
1.1296
1.2053
0.84956
1.0462
0.83206
0.43682
0.30038
-0.60533
-1.0616
-0.8757
-0.34682
-0.070102
-0.26203
-0.62903
-0.58538
-0.42652
-0.50946
-0.67859
-0.56832
-0.51582
-0.36877
0.016458
0.015977
-0.35607
-1.0679
-1.242
-0.43899
-0.44464
-0.074707
-0.037662
-0.049724
0.0095581
0.046039
0.0095438
0.026273
0.021348
-0.012477
-0.0091004
-0.0054281
0.0021608
0.0038675
0.025573
0.0051695
0.018397
0.015526
0.006814
0.01302
0.001167
0.012479
0.028199
0.0067975
0.013056
-0.0032289
-0.014737
-0.0012241
0.00074977
0.010844
-0.0015319
-0.001638
-0.011575
-0.0030385
0.0036508
0.0023164
0.010761
0.005593
-0.016468
0.027969
0.37847
1.1561
1.0153
0.48358
0.40623
1.3904
1.7114
1.0654
1.3135
1.2672
0.96168
0.84363
0.95934
0.91904
1.0751
1.3283
1.1902
1.2609
1.1298
1.5688
1.2453
0.87223
0.51573
0.22608
-0.40446
-0.94019
-1.0264
-0.49022
-0.13049
-0.13774
-0.49288
-0.64628
-0.61542
-0.42512
-0.4977
-0.68362
-0.65448
-0.64132
-0.44023
-0.093393
-0.17259
-1.0002
-1.2965
-1.3146
-0.80151
-0.045048
-0.042043
-0.047279
-0.034936
-0.06594
-0.038654
0.038321
0.026284
0.0096855
0.034126
0.0068098
0.0097461
0.033931
-0.0195
0.015315
0.034034
-0.0028936
0.024125
0.01864
0.012487
0.0029321
0.021896
0.00805
0.011338
-0.0021234
0.016389
0.007874
0.018853
0.017899
0.027307
-0.002082
0.00064923
-0.012849
-0.0032729
0.0078372
0.0058609
-0.0049724
-0.0016413
-0.0050071
-0.0028977
0.00043616
0.0095095
-0.0061514
0.0079306
0.13746
0.79001
0.80878
0.3379
0.29103
1.3455
2.2855
1.2759
1.1288
1.3281
0.80284
0.87696
0.91166
1.2161
1.2586
1.1565
1.33
1.3194
1.3212
1.3425
1.2543
0.59088
0.51999
0.2805
0.29346
-0.093383
-0.64446
-1.172
-1.2145
-0.78112
-0.21948
-0.087134
-0.51929
-0.70671
-0.48109
-0.44104
-0.46105
-0.79425
-1.0155
-0.70534
-0.22441
0.040338
-0.30882
-0.89873
-1.0786
-1.1368
-0.3199
-0.025633
-0.054536
-0.035575
-0.040305
-0.050552
0.025868
-0.001715
-0.0072735
0.019262
0.0096482
0.003504
0.0022221
-0.011564
-0.0032759
-0.0022391
0.036821
0.031883
0.0081329
0.01438
0.015591
0.013653
-0.0024322
-0.0022457
0.0043456
0.032508
0.006366
0.011236
0.008187
0.018931
0.019945
0.017398
-0.0038768
-0.0037626
-0.00086161
0.0053663
0.0098946
0.0047876
0.00055412
-0.0037568
-0.0026771
0.0018984
-0.0068908
-0.0045873
0.034549
0.036025
0.28981
0.5667
0.22612
0.27012
1.1951
2.3911
1.8669
1.4062
1.4466
1.09
0.78635
0.72654
0.79616
0.98189
1.464
1.4662
1.3919
1.4067
1.4973
1.1756
1.1712
0.98861
1.2519
1.0807
0.65262
0.64619
0.49446
0.26879
-0.2164
-0.24346
-0.24104
-0.045894
-0.039422
-0.010676
-0.13652
-0.13679
-0.43684
-0.19906
-0.19502
-0.50601
-0.50573
-0.32828
-0.035388
-0.33942
-1.6033
-1.5993
-2.2788
-1.3782
-0.4247
-0.04194
-0.041072
-0.0071909
-0.0037584
-0.015529
0.042694
0.042762
0.0051903
-0.034891
-0.0363
-0.026693
-0.01941
-0.021055
0.0036149
0.0064356
0.013113
0.025002
0.036861
0.03424
0.035708
0.024358
0.013377
0.0089703
0.0078219
0.0046081
-0.010358
-0.017253
0.0078152
0.010803
0.01659
0.01896
0.0082324
-0.0017904
-0.0051946
0.00038785
-0.0050892
-0.0039594
-0.0060909
-0.0028157
0.0004868
0.001488
0.0099508
-0.0080746
0.0079205
-0.0011344
0.043327
0.22528
0.35087
0.28262
0.15538
0.95237
2.1267
1.6464
0.67695
1.2734
1.1787
0.94532
0.9539
1.05
1.2079
1.3754
1.4052
1.2303
1.5368
1.3163
1.0166
1.0826
1.1727
1.2961
0.84638
0.53612
0.51328
0.19088
-0.19411
-0.036383
-0.11183
-0.044312
-0.012203
-0.010705
-0.0071792
-0.1874
-0.46483
-0.25842
-0.18579
-0.44319
-0.3912
-0.13922
-0.029874
-0.037461
-0.75858
-2.1098
-2.3896
-2.0793
-1.1911
-0.20352
-0.029918
0.0020245
3.713e-06
-0.0098001
0.00055055
0.02142
-0.0068314
-0.046237
-0.040311
-0.013582
-0.021517
-0.022098
0.010962
0.0069898
0.026554
0.029145
0.044188
0.027196
0.021024
0.010157
0.0046635
0.0068157
0.022127
0.0015035
-0.01142
-0.00073091
0.0077673
0.011143
0.023251
0.0069605
-0.0028409
-0.0095187
-0.0050733
0.0014955
-0.0038849
-0.0050181
-0.006098
-0.0017543
0.0025975
0.0088876
0.0022729
0.00013797
0.0049758
-0.0026225
0.059103
0.14709
0.25711
0.09821
0.56821
1.6795
2.1224
0.83873
1.2371
1.5656
0.91117
0.93938
1.1124
1.0798
1.4072
1.5051
1.2386
1.4334
1.2631
1.1486
0.98696
1.1803
1.4937
0.93961
0.81139
0.41349
0.1087
0.034727
-0.25358
-0.098297
-0.07411
-0.0058946
-0.018496
0.011779
-0.0039237
-0.11342
-0.37273
-0.32821
-0.09515
-0.29531
-0.34554
-0.15937
-0.037854
-0.0035809
-0.22867
-1.5181
-2.3428
-2.303
-1.7281
-0.6651
-0.010433
-0.015888
0.001985
-0.016152
-0.028155
0.019102
0.0026054
-0.042533
-0.030603
-0.042384
-0.014069
0.0060273
-0.0017652
0.020738
0.0080639
0.014034
0.025775
0.044247
0.035646
0.015833
0.0091421
0.0092927
0.0060731
0.011399
-0.0084484
-0.020562
0.0026604
0.012616
0.010398
0.013508
0.0025073
0.0015363
-0.0061085
-0.0017679
0.0026577
-0.0061126
-0.010471
-0.011546
-0.0061346
-0.0028509
0.0062321
0.0059865
0.0090886
0.026706
0.013793
0.052012
0.10588
0.12491
0.19625
0.70062
1.9168
1.6337
1.3573
1.5324
1.0478
0.69214
1.0227
1.4157
1.1544
1.3992
1.6141
1.3902
1.3337
1.4007
1.0385
0.85075
0.87617
1.2501
1.2443
0.88349
0.53743
0.10739
-0.064041
-0.06202
-0.11428
0.00083468
-0.013138
0.0050107
-0.0092536
-0.078312
-0.16209
-0.14149
-0.087983
-0.14315
-0.16558
-0.34918
-0.27332
-0.066142
-0.78975
-2.4277
-2.4518
-2.043
-1.1476
-0.22775
-0.056312
-4.2871e-06
0.012424
-0.0055567
0.0066036
0.0095501
-0.016846
-0.049791
-0.033715
-0.051101
-0.023949
-0.0035817
0.0066026
0.0042125
0.019016
0.010767
0.035552
0.031076
0.031155
0.016696
0.01002
0.011092
0.0025036
-0.020837
-0.0034599
0.0056647
0.012861
0.0088263
0.0057409
0.0017996
-0.0072694
-0.0051021
-0.0029956
-0.00057043
-0.0028202
-0.0038881
-0.0061397
-0.004048
0.0033079
0.002613
0.0044421
0.011838
0.011996
0.0081052
0.064907
0.15338
0.018756
0.018881
0.27263
1.6854
1.3674
1.7453
1.7268
1.9329
1.1752
1.0248
1.3044
0.96132
1.1739
1.7418
1.9565
1.6468
1.4208
1.3401
1.1178
1.0992
1.1091
0.76827
1.3436
0.51797
0.077405
-0.14302
-0.14009
-0.10277
-0.02668
-0.0057523
0.028176
0.043612
0.017566
-0.022861
-0.072919
-0.090986
-0.064252
-0.038564
-0.064209
-0.099737
-0.088475
-0.08832
-0.28008
-1.6133
-2.4296
-2.2601
-1.9081
-0.7233
-0.037551
-0.024126
-0.0005835
-0.0084981
-0.0092059
0.006368
-0.0096851
-0.025673
-0.056229
-0.03337
-0.0081685
-0.00076515
0.001344
0.018666
0.014174
0.012131
0.023141
0.034308
0.027743
0.016817
0.0080667
0.010254
0.0015262
0.0113
-0.020463
-0.044557
0.016961
0.0070438
0.012338
-0.0094627
-0.011583
-0.0049457
-0.0082409
-0.00074823
0.0015063
-0.00071135
0.00050285
0.00042333
-0.0062001
0.0096824
0.0003267
0.0069228
0.0091674
0.00062666
0.05842
0.11896
0.15656
-0.0061741
0.24783
1.167
1.7176
1.0852
1.7965
2.2636
1.2619
0.81572
1.3507
1.3602
1.2102
1.3908
1.7593
1.7188
1.4708
1.3401
1.0124
1.2697
1.6476
0.97963
0.80237
0.094581
-0.020541
-0.096723
-0.021986
-0.058719
-0.025689
-0.027073
0.0035198
-0.0013748
-0.014676
-0.034352
-0.072253
-0.082096
-0.11252
-0.059526
-0.081519
-0.13959
-0.081963
-0.048067
-0.7215
-2.1652
-2.4694
-1.9803
-1.0143
-0.10368
-0.071657
-0.0063226
0.013338
-0.020612
-0.012354
0.0084448
-0.016968
-0.025773
-0.01694
-0.015915
0.0060341
0.0053526
0.0073408
0.019474
0.0099975
0.0072351
0.0090118
0.034406
0.044506
0.020963
0.0079403
0.0079533
0.025426
-0.0073992
-0.16715
-0.31279
-0.33296
-0.19614
0.11935
-0.0063095
-0.013835
-0.0038587
0.00048902
-0.0018464
0.0025894
-0.0028125
-0.00497
-0.0027955
-0.0005293
-0.0038907
-0.002906
-0.0029496
0.00039005
0.0037016
0.0015541
0.0015457
-0.0017348
-0.0007146
-0.0017407
-0.002857
0.0025499
0.00036918
0.0025845
-0.00071869
0.0070252
0.0070249
0.00043365
0.0015023
0.0037065
0.00045185
0.00036402
0.00038432
0.00035332
-0.0050266
-0.0039615
-0.0017171
-0.0028425
0.00045073
0.0014996
-0.0017559
-0.00061525
-0.0028173
0.0015424
0.0025911
0.0048246
0.00043032
-0.00068091
-0.00066454
0.00043812
-0.0017913
0.00039435
-0.0039408
-0.00067396
0.0026086
0.0026245
-0.001771
-0.0039283
-0.0039032
0.0015254
-0.0017915
0.001476
-0.0017375
-0.00070072
-0.0039633
-0.0039035
-0.0028267
-0.0050491
0.0026188
0.0015034
-0.00065074
-0.0017135
-0.0039277
-0.0017975
0.00043633
-0.0017271
-0.0017899
-0.001733
-0.00067663
0.0015568
-0.00063119
-0.002869
0.0015196
0.0026363
-0.002817
0.00042862
0.00044154
-0.00070111
-0.00065572
0.00044816
-0.00062978
-0.0017336
-0.00507
-0.00067508
-0.00064881
0.0036943
-0.0017333
0.00152
0.0048295
0.0015257
0.0015258
0.0015346
-0.00062302
0.00039849
0.0015342
0.00045405
0.0037014
0.00042209
-0.0039085
0.0026549
-0.0028739
0.0026426
0.0058766
0.0015006
0.00039979
-0.0017323
0.00041964
-0.00063254
-0.0017466
-0.0050527
-0.0028556
0.0015176
0.0015414
0.0036994
-0.00063744
0.00045881
-0.0017647
0.00045315
-0.00069309
-0.0017466
-0.00066921
0.0025981
0.00047622
-0.0017572
0.0026109
0.0004111
-0.0028426
-0.00067314
0.0015016
-0.0017466
-0.0017581
-0.0006797
-0.00069093
0.0014938
-0.00068071
0.0015334
-0.002899
-0.0017527
-0.00069219
-0.0017018
-0.0039324
0.00042888
0.00041136
-0.00069338
0.00042328
0.0004239
-0.0017572
-0.0028652
-0.003922
0.00046845
0.0048316
0.0004407
-0.0017203
0.0004602
0.001526
-0.0028058
0.003689
0.001526
-0.0017022
-0.0039402
-0.0028678
0.00041048
0.0026166
0.0014942
-0.0039527
0.00045997
-0.001784
-0.003921
-0.00072418
0.0026046
-0.00060067
0.0026659
0.0015259
0.0026166
-0.0017527
0.00045368
-0.0039219
0.0015256
0.0047458
0.0026223
-0.00067827
0.0048164
0.00044261
-0.00064795
-0.0028613
-0.00063712
0.00046613
-0.001739
0.00043512
-0.00062541
0.0026408
-0.00063565
-0.0028503
0.00043502
-0.0017463
-0.0017781
-0.00063261
-0.0017578
-0.001723
-0.0006614
-0.00066137
-0.0039578
-0.0039464
-0.0017462
-0.00283
-0.00063777
-0.0039217
-0.0028691
0.0004351
0.0026224
0.00044208
0.0026108
-0.001771
0.00044807
0.00043517
0.0037132
0.0047863
-0.00065447
0.00041647
0.0026048
0.0025983
0.00042381
0.0037014
0.0015316
0.0015332
0.00042752
0.00042958
-0.00069037
-0.001741
0.0026219
0.00042963
-0.0017815
0.0015623
-0.006143
-0.0039261
0.00044753
-0.0028191
-0.0039149
0.0015494
0.0026217
0.0036941
0.00045328
-0.0006502
0.00042765
0.0015373
0.0059
0.00042945
0.00039274
-0.0028369
0.00040456
0.0026281
0.00044675
0.0058573
0.00044229
0.0037015
-0.00062582
0.00042362
0.00043518
0.0015015
0.0015143
0.00044687
0.0015134
0.0015382
0.0037136
-0.0028305
0.0015685
-0.0017399
-0.003909
-0.0050366
-0.0017706
-0.00064335
-0.00067327
-0.00066151
-0.00069841
0.0015137
-0.00068557
-0.0039156
-0.00065571
-0.0017403
-0.00063712
0.0015319
0.0015322
-0.0060964
-0.0039839
-0.0017335
-0.0017702
0.0015319
0.00042246
-0.00062505
-0.0028613
0.0015375
0.00155
-0.00067978
0.0037073
0.0058954
0.0015135
-0.001783
0.00047108
-0.0017591
0.0015258
-0.002812
0.00041111
-0.00064975
0.0015258
-0.0039335
-0.0006496
0.0015259
-0.0028063
-0.0050063
-0.0017582
-0.0017647
-0.00067413
0.0026166
0.00042906
0.0015198
0.0036866
0.00042328
0.0037071
0.00042932
0.0015388
0.00044113
-0.005035
0.0036938
0.0036943
0.0026239
0.0058756
-0.00066884
-0.00066115
0.0025838
-0.0028102
-0.00063158
0.0015019
-0.0006556
0.0037128
0.00155
0.00040578
0.00044185
-0.0017336
0.0015076
0.0015203
-0.0017517
-0.0039618
-0.00063595
0.0047979
0.0026219
-0.0039512
-0.00612
0.00043509
-0.00069199
-0.0017517
-0.00064873
-0.0028369
0.00043512
-0.005047
-0.00069068
0.00048141
0.0026518
0.0015437
0.00040603
-0.00066689
0.002611
0.0014967
-0.001764
0.0026282
0.0014898
0.0026167
-0.00063776
-0.00066138
-0.0017401
-0.002831
-0.0039335
-0.0017461
0.0015018
0.00041716
-0.0017403
-0.0017519
0.00042314
-0.001752
-0.000685
-0.0017753
0.00044101
-0.00064341
-0.0028541
-0.00066123
-0.0017518
0.0015086
0.0026639
0.0015017
0.0026288
0.0015318
-0.00065539
0.0015202
0.0015259
0.0037015
-0.00174
0.00041789
0.00041792
0.001556
0.0015137
-0.0028661
0.00044758
0.00044694
0.00042989
0.0026462
-0.0017514
0.0036965
-0.0017342
0.0015321
0.0047803
-0.0017344
-0.0039214
-0.0039334
0.00042433
0.0015377
0.0026048
0.0026232
-0.0038931
-0.0017634
-0.0050479
0.0015024
-0.0017866
-0.0049897
0.0015085
-0.00066709
-0.00063765
-0.00067872
0.002623
-0.001758
-0.0017575
0.0037316
-0.00070686
-0.0028197
-0.0039388
-0.0028193
-0.0017637
-0.0017631
-0.00066709
-0.0050299
0.00040032
0.00369
0.00045257
-0.0028367
0.0047871
0.0026058
0.0015202
0.0047643
-0.0028488
-0.0039049
-0.0017405
0.0036845
-0.0017459
0.0015034
-0.00066044
0.00042945
-0.00070189
0.00044745
0.00037232
0.00045233
0.00041228
0.0015202
-0.00067226
-0.0072055
-0.0039557
0.00041236
-0.0017467
-0.0017628
-0.00067206
0.005883
0.005883
0.0026462
0.0026464
-0.0028245
0.00041201
0.00042945
-0.0039102
-0.0028496
-0.0072294
-0.0017519
-0.0017512
0.00047082
-0.001781
-0.001758
-0.00067234
-0.0039274
-0.0017287
0.001515
0.00038938
-0.0039567
0.00044075
0.0025816
0.00045954
0.00045359
-0.001752
0.00044141
0.0015141
-0.0017642
-0.00067832
-0.00066095
0.0015439
-0.0018046
0.00041881
0.00043061
0.0037137
0.0025991
-0.0017694
0.0037029
0.0015509
-0.00066096
-0.0017564
0.0015439
0.0015262
-0.00065525
0.00042366
-0.0017521
-0.0017525
-0.0039039
-0.003939
-0.0017461
0.0015495
-0.0039328
-0.0017409
-0.001758
-0.0028427
-0.00068448
0.0026222
-0.0050639
-0.0039333
-0.0028537
-0.0039506
-0.0028655
-0.0039279
0.00043524
-0.00069475
-0.0029214
-0.00069478
-0.00069418
-0.003994
-0.0017962
-0.0017628
-0.00068358
-0.0029038
-0.0028818
-0.0017638
0.0015037
0.0015322
0.0015024
-0.00067716
-0.00063857
0.00043552
-0.0017459
0.004782
0.0047823
-0.00067158
-0.00065665
-0.003923
-0.00066114
-0.00064902
-0.0017727
0.0015536
