0.19545
0.18228
0.19147
0.18481
0.19021
0.19428
0.19526
0.18318
0.19237
0.18199
0.19643
0.1826
0.17681
0.17566
0.17867
0.19666
0.18579
0.1876
0.18119
0.1963
0.19199
0.17575
0.18053
0.19325
0.18141
0.1944
0.17863
0.1836
0.19596
0.18258
0.18936
0.20237
0.18964
0.20504
0.18741
0.20558
0.18922
0.18921
0.1872
0.20001
0.18592
0.19195
0.18518
0.18731
0.19758
0.18209
0.18605
0.19827
0.18661
0.20115
0.18648
0.203
0.18593
0.19946
0.19517
0.20525
0.18198
0.1951
0.1876
0.18723
0.19953
0.18445
0.18282
0.20216
0.19084
0.20375
0.18763
0.20386
0.19243
0.19179
0.19324
0.19069
0.19905
0.18942
0.20312
0.2001
0.1964
0.1996
0.20021
0.18739
0.20235
0.20566
0.18933
0.20274
0.18591
0.20136
0.19222
0.18498
0.18102
0.19
0.19786
0.18631
0.18776
0.20167
0.18846
0.1892
0.19979
0.1884
0.19524
0.20171
0.18761
0.20304
0.19066
0.20216
0.20479
0.18675
0.203
0.18845
0.19864
0.18881
0.18481
0.1972
0.18854
0.18848
0.18009
0.18599
0.20156
0.20233
0.19241
0.19934
0.1963
0.19039
0.20324
0.18429
0.19461
0.18892
0.20891
0.1886
0.19189
0.20367
0.19103
0.2039
0.20482
0.19134
0.19152
0.19853
0.18843
0.19798
0.18933
0.20065
0.20033
0.17918
0.20577
0.17603
0.17785
0.20345
0.19053
0.19394
0.18861
0.20413
0.19087
0.20326
0.20597
0.19077
0.20167
0.20253
0.18999
0.20112
0.18539
0.20143
0.18843
0.18463
0.20088
0.18743
0.20141
0.18917
0.18893
0.18394
0.18894
0.20375
0.18633
0.18994
0.18939
0.19528
0.19232
0.20376
0.18892
0.20653
0.20414
0.20418
0.20395
0.18269
0.19178
0.19104
0.19437
0.19104
0.19929
0.19199
0.18973
0.18982
0.19996
0.18981
0.20591
0.19295
0.20224
0.19521
0.20878
0.18833
0.19274
0.20574
0.19662
0.19437
0.20542
0.19233
0.20796
0.1927
0.19191
0.20784
0.19083
0.20959
0.20449
0.20615
0.19361
0.19768
0.20983
0.19863
0.21202
0.20987
0.2005
0.21094
0.21255
0.19901
0.21113
0.19308
0.21037
0.20134
0.19781
0.21084
0.19157
0.19286
0.2115
0.19873
0.20823
0.19659
0.19602
0.20955
0.19598
0.1923
0.19832
0.21378
0.19465
0.21107
0.19055
0.21258
0.21061
0.20698
0.19321
0.21073
0.19876
0.20584
0.19622
0.21644
0.20741
0.19884
0.1973
0.20066
0.19283
0.21338
0.19789
0.19517
0.19754
0.20006
0.20274
0.19329
0.2146
0.20834
0.20151
0.21095
0.20052
0.21275
0.19704
0.21318
0.21762
0.19995
0.21626
0.20449
0.21721
0.20238
0.20302
0.21661
0.19852
0.2053
0.21754
0.19638
0.23327
0.23882
0.23561
0.24399
0.28545
0.26755
0.31538
0.30835
0.35201
0.34992
0.33954
0.36927
0.32766
0.33634
0.30599
0.32474
0.27438
0.26048
0.23158
0.20891
0.22682
0.19625
0.19667
0.18308
0.16343
0.15662
0.13443
0.13309
0.11695
0.12681
0.082743
0.026068
-0.011385
-0.010048
0.089182
-0.080292
-0.094541
-0.04395
-0.037822
-0.033779
0.0050324
0.0059529
0.010638
0.0037827
0.009124
0.0059509
0.0066864
0.0084447
0.0071924
0.0080457
0.010064
0.004524
0.009734
0.0074225
0.0091336
0.0085121
0.01013
0.0077304
0.10279
0.15656
0.24213
0.2063
0.19021
0.17788
0.19802
0.22257
0.18616
0.18761
0.16661
0.16438
0.15201
0.16015
0.16053
0.16979
0.17278
0.18696
0.19806
0.17276
0.077666
0.068688
0.11591
0.29422
0.47544
0.7334
0.90936
1.0917
1.0703
0.99603
0.94506
0.8834
0.93628
1.0182
1.1186
1.046
0.92373
0.88842
0.94685
0.81522
0.84607
0.69277
0.61154
0.36754
0.084546
0.03323
0.030984
0.014436
0.0054844
0.0022945
0.0052568
0.076564
0.16743
0.37517
0.46457
0.42611
0.48582
0.61998
0.79758
0.76895
0.85736
0.81653
0.85038
0.94984
0.34542
0.24607
0.098482
0.017857
0
0.00049317
0.00851
0.0036354
0
0
0
0
0.0035602
0.0030955
0.001073
0.0027347
0
0.0027909
0.0029896
0.0018232
0.0073392
0.0044888
0.0058046
0.098644
0.11236
0.22469
0.25837
0.19372
0.21352
0.20564
0.2212
0.17344
0.15529
0.15178
0.15055
0.14022
0.15287
0.15503
0.1581
0.13367
0.1389
0.14726
0.19079
0.23367
0.37584
0.50868
0.61866
0.7873
0.80049
0.88604
0.84705
0.77462
0.7781
0.80119
0.89207
1.0024
1.0669
1.0967
1.0283
0.92074
0.93735
0.88966
0.88277
0.86541
0.77286
0.03711
0.0032388
0.0019543
0.00015458
0.0038415
-0.014673
0.031918
0.030109
0.11251
0.12667
0.24376
0.35767
0.46215
0.50837
0.60041
0.63929
0.86969
0.98198
0.84437
0.12882
0.078228
0.0021747
0
0.0005628
0.0038834
0.0014607
0.0036353
0.00036716
0.00031205
8.581e-05
0.0066159
0.0064874
0.0035206
0.00097209
0.003306
0.0042869
0.0063884
0.0068456
0.0040626
0.07418
0.17963
0.29748
0.3586
0.40029
0.36367
0.38379
0.37938
0.39235
0.33089
0.14353
0.13263
0.13731
0.1389
0.14476
0.13735
0.13093
0.14547
0.11618
0.11116
0.1139
0.16293
0.35994
0.52062
0.60516
0.79143
0.81585
0.9543
0.84668
0.82527
0.76822
0.75443
0.83706
1.098
1.1045
1.1313
1.0109
1.0066
0.92017
0.91964
0.87098
0.92083
0.81035
0.75558
0.55081
0.38417
0.070783
0.029004
0.003729
0
0.0023903
-0.043741
-0.012851
0.025253
0.047824
0.11959
0.16887
0.31654
0.33498
0.33906
0.41984
0.51717
0.53347
0.82087
0.84411
0.66993
0.58445
0.36182
0.21752
0.098687
0.038203
0.00078593
0.0008618
0
0.012985
0.0023702
0.00030697
0.0048474
0.0044339
0.00041125
0.0050276
0
0.0036373
0.00097718
0.0006038
0.0026809
0.0027751
0.0069258
0.0017833
0.007446
0.078124
0.25818
0.385
0.50087
0.47427
0.4313
0.41378
0.3576
0.31651
0.22568
0.20365
0.20985
0.18546
0.18589
0.16902
0.17213
0.16922
0.14363
0.073427
0.052458
0.04606
0.20999
0.37959
0.5504
0.72029
0.83513
0.90376
0.9123
0.81936
0.91553
0.81905
0.91142
1.0994
1.1703
1.1632
1.1185
1.0895
1.0074
0.90107
0.88855
0.72404
0.61688
0.56852
0.13558
0.037923
0.025353
0.0021171
0.0063795
0.016751
0.02714
0.035932
0.080827
0.14323
0.271
0.37587
0.38393
0.42792
0.49708
0.50458
0.6021
0.74433
0.78872
0.6302
0.51674
0.24726
0.10602
0.071244
0.02183
0
0
0.0017085
0.0028638
0.0064292
0.0036518
0.0050863
0.0015657
0.00030952
0.0013
0.0010988
0.0062616
0.0028361
0.0010631
0.00297
0.093133
0.20805
0.37705
0.48064
0.53402
0.45642
0.50029
0.48058
0.49227
0.43568
0.43608
0.33202
0.25425
0.22554
0.20059
0.18447
0.17624
0.14663
0.15245
0.15553
0.15001
0.15308
0.092564
0.049589
0.095433
0.23342
0.44754
0.62582
0.75295
0.88871
0.90996
0.95323
0.83287
1.0825
1.0607
1.1059
1.0607
0.94389
0.90564
0.8615
0.80417
0.83526
0.74095
0.6547
0.43887
0.42738
0.076551
0.027823
0.0057535
0.0023716
0.0044679
-0.043098
-0.031485
0.043975
0.056419
0.10562
0.19111
0.25093
0.31937
0.3559
0.423
0.43862
0.52899
0.71706
0.85931
0.68176
0.59727
0.32433
0.18659
0.10483
0.0037257
0.0033417
0
0.0040066
0.0037244
0.00065998
0
0.0030846
0.0013559
0.0017608
0.0040998
0.00394
0.0038053
0.0062862
0.0028026
0.014148
0.080122
0.27027
0.40095
0.46603
0.50165
0.44138
0.43605
0.46604
0.42738
0.43773
0.39935
0.32698
0.25235
0.16297
0.14729
0.15613
0.13931
0.13862
0.13489
0.11594
0.12211
0.099207
0.064809
0.034732
0.060922
0.17191
0.33201
0.46911
0.64829
0.71409
0.77571
0.77178
0.95655
1.0122
1.0572
1.0252
0.92291
0.92297
0.82859
0.85903
0.85608
0.81747
0.71282
0.61149
0.49108
0.42042
0.089857
0.029604
0
0
0.0026855
-0.037967
-0.030337
0.044551
0.078361
0.15302
0.31588
0.46605
0.50585
0.55946
0.8192
0.76719
0.65814
0.61373
0.28221
0.18982
0.093439
0.055671
0.00073301
0
0
0.0077709
0
0.002497
0.006671
0.0037268
0
0.0032054
0.0031267
0.00076391
0.00062278
0
0.0040217
0.0045452
0.0058739
0.0026535
0.016749
0.069042
0.22967
0.45032
0.44604
0.40665
0.42044
0.37104
0.29249
0.20211
0.1702
0.14813
0.14774
0.13396
0.13723
0.11737
0.11903
0.12128
0.1255
0.088238
0.05736
0.081728
0.14987
0.33546
0.49068
0.62049
0.67536
0.89593
0.86083
0.89094
0.75452
0.81273
0.87513
0.98484
1.0174
1.0435
1.0026
0.99056
0.87246
0.86891
0.80299
0.80083
0.84663
0.75259
0.63706
0.5187
0.0017253
0.0008746
0.016101
0.012667
0.035303
0.043402
0.12052
0.18534
0.31534
0.38739
0.44181
0.54266
0.51895
0.5675
0.65661
0.77102
0.94369
0.77438
0.60507
0.44554
0.27815
0.11041
0.02509
-0.012976
-0.0043248
0.013661
0.0045466
0.0032435
0.0048224
0.0042115
0.0062568
0
0.0051288
0.0041083
0.0022608
0.0036831
0.0011324
0.0051359
0
0.0057829
0.0080965
0.0087848
0.67621
0.48348
0.51994
0.67815
0.67449
0.54324
0.37601
0.30897
0.27476
0.22507
0.2153
0.19349
0.20739
0.19467
0.19328
0.21214
0.26302
0.19787
0.10736
0.088646
0.072262
0.43647
0.83216
1.0446
1.2565
1.2854
1.1751
1.2073
1.333
1.354
1.4789
1.3864
1.5596
1.5904
1.4635
1.4699
1.3123
1.2318
1.2606
1.1325
1.1034
1.0065
0.90036
0.047654
0.001492
0
0.0631
0.097169
0.13205
0.12157
0.22031
0.29584
0.40028
0.53289
0.57684
0.58846
0.59882
0.68042
0.58852
0.39169
0.78821
0.70633
0.44204
0.18794
0.086272
0.068996
0.048454
0.012559
0
0
0
9.9203e-06
0.0098167
0.0070449
0
0.0067356
0.004441
0.0063149
0.0050128
0.0017585
0.0077984
0.028696
0.2391
0.2413
0.63964
1.1634
1.4358
1.2312
0.80794
0.83836
1.0712
1.0922
0.98008
0.82763
0.59366
0.3974
0.34122
0.28576
0.29783
0.28069
0.26309
0.27655
0.26078
0.27343
0.16061
0.090048
0.074762
0.077225
0.51171
1.0245
1.2663
1.3571
1.3929
1.5818
1.4296
1.4537
1.6991
1.661
1.8036
1.8172
1.7672
1.7388
1.5022
1.3393
1.3557
1.1583
1.0745
1.0621
0.87895
0.59398
0.1475
0.053259
0.013352
0.075366
0.13529
0.13379
0.099021
0.20496
0.27433
0.58052
0.55233
0.54877
0.66324
0.61362
0.73495
0.7394
0.59027
0.19479
0.75397
0.7099
0.42714
0.13625
0.082038
0.050653
0.048172
0.015322
0
1.755e-05
0.00025338
0
0.0072204
0.0034657
0.003777
0.012055
0.00050555
0.010284
0.0056991
0.0049183
0.017986
0.13845
0.18803
0.50122
0.83034
1.3134
1.5879
1.3937
1.0372
1.119
1.2132
1.1909
1.186
0.96014
0.74678
0.48006
0.44235
0.35782
0.33897
0.29818
0.31482
0.29129
0.31337
0.27379
0.22325
0.13413
0.086214
0.081824
0.47888
1.1351
1.3527
1.3958
1.6212
1.7273
1.597
1.7837
2.0166
1.8856
1.9206
1.8357
1.6185
1.5864
1.3821
1.32
1.3126
1.1523
1.089
1.0747
0.81215
0.3126
0.10231
0.039561
0.106
0.082845
-0.012596
0.12353
0.25798
0.40556
0.47346
0.59376
0.63909
0.63878
0.69456
0.5895
0.69203
0.68725
0.1268
0.66071
0.61526
0.35134
0.12923
0.053809
0.053854
0.024117
0.0026316
0
8.2713e-05
0.0028125
0
0.01029
0.002639
0.0055843
0.010921
0.0002388
0.0044547
0.0065347
0.012384
0.050309
0.22692
0.24927
0.69681
1.1719
1.6322
1.651
1.6122
1.2106
1.2249
1.2045
1.173
1.2667
1.0998
0.68193
0.60259
0.39848
0.38194
0.40191
0.39606
0.31251
0.32338
0.30948
0.33021
0.20973
0.13567
0.14242
0.1022
0.46549
1.0087
1.2766
1.4876
1.5461
1.6536
1.6571
1.7091
1.8625
1.9275
2.063
1.9893
1.954
2.0615
1.9214
1.8925
1.8297
1.6651
1.5925
1.5027
1.4395
1.2567
1.2672
1.2912
1.1493
0.76488
0.21276
0.13639
0.19715
0.24506
0.18493
0.20175
0.29166
0.39322
0.38525
0.4174
0.41735
0.39004
0.29853
0.32242
0.28929
0.24129
-0.26964
0.44923
0.42699
0.22346
0.043698
0.0086916
0.031106
0.0068526
-0.0042632
0
0
0.010645
0.0088469
0.014419
0.0054084
0.014845
0.017479
0.007018
0
0.010698
0
0.0090185
0.0095701
0.60965
1.1844
1.3268
1.9516
1.9541
1.8763
1.2466
1.0581
1.1185
1.0649
1.1094
0.8852
0.73209
0.54342
0.39779
0.31778
0.2885
0.21603
0.15039
0.1215
0.11757
0.10806
0.0614
0.051508
0.11454
0.066941
0.32332
0.75221
0.7905
1.6624
1.7435
1.7073
1.7622
1.9563
1.8574
1.9305
1.7849
1.74
1.7514
1.7829
1.4231
1.3244
1.0892
1.0313
0.90421
0.91226
0.87248
0.43691
0.055817
0.06562
0.14288
0.15875
0.12941
0.2296
0.2825
0.16826
0.22315
0.13926
0.14056
0.12738
-0.35298
0.20905
0.25804
0.12817
0.015237
-0.0047073
0.0053285
0.022361
-0.0094455
0
0.0051178
0.015226
0
0.015748
0.030731
0.026884
0.024135
0.0019581
0.011194
0.015071
0.0040082
0.012108
0.0086367
0.016148
0.26091
0.33238
0.53795
0.9827
1.007
1.0432
0.87734
0.99353
1.0499
0.87476
0.6476
0.5525
0.41447
0.34537
0.25945
0.20978
0.19533
0.16918
0.18109
0.16721
0.12338
0.077215
0.14101
0.059265
0.41479
0.53973
0.63891
1.3915
1.5078
1.5949
1.7103
1.6214
1.7201
1.6842
1.7456
1.7007
1.6598
1.4913
1.4778
1.1099
0.92613
0.85158
0.76839
0.74747
0.74842
0.23685
-0.082851
-0.041655
0.013059
0.077192
0.12578
0.1392
0.1718
0.10122
0.13498
0.066232
-0.023944
0.11406
-0.4687
0.033155
0.20565
0.11343
-0.0041443
-0.018171
-0.014143
0.039478
-0.010034
-0.0010179
0.0091728
-0.0010532
0.00098368
0.0088933
0.014968
0.0077911
0.008945
0.0033324
0.0010802
0.0089582
0.0056372
0.0055976
0.0071209
0.01162
1.2838
1.6978
1.6714
1.2887
0.98791
0.9012
0.73117
0.7733
0.63068
0.53258
0.55448
0.48212
0.32804
0.22907
0.17001
0.15494
0.10848
0.10248
0.10241
0.11275
0.041322
0.015727
0.09994
0.036008
0.081742
-0.0047996
0.97587
1.0306
1.184
1.2357
1.3261
1.3336
1.3136
1.3631
1.399
1.3294
1.3827
1.2227
1.2235
0.99829
0.72194
0.60145
0.55072
0.52474
0.60998
0.30335
-0.099465
-0.10064
-0.13366
-0.01269
-0.035482
-0.15443
-0.047112
-0.030159
0.014243
0.031746
0.11702
0.15453
-0.58728
0.058458
-0.087324
0.028423
-0.043739
-0.077147
-0.063719
-0.0293
-0.013536
0
0
0.010319
-0.0038931
0.00092943
0.011945
0.0087018
0.0049089
0.0037073
0.0043457
0.0012754
0.005579
0.008032
0.0079506
0.012211
0.044922
0.10774
0.69017
0.88752
0.62354
0.56338
0.50778
0.55818
0.52425
0.58469
0.498
0.44926
0.32104
0.19626
0.16695
0.12776
0.15043
0.10925
0.10225
0.074327
0.032327
0.0090095
0.12663
0.057073
0.20687
0.21219
0.22933
0.50284
0.8155
1.0919
1.2053
1.2274
1.4306
1.3451
1.2977
1.1333
1.0448
0.89388
0.78157
0.55297
0.51696
0.38074
0.43887
0.38739
0.27881
0.033189
-0.10307
-0.084549
0.048062
0.12735
0.21012
0.21278
0.1884
0.1575
0.041101
0.3083
0.14039
0.11657
0.046381
-0.10092
0.037117
0.045033
-0.017378
-0.061565
-0.14455
-0.143
-0.004765
-0.0028163
0.0076827
0.022465
-0.00044927
0
0.0093317
0.0067108
0.0055799
0.0056561
0.013982
0.0061873
0.0089118
0.013311
0.0061859
0.019962
0.015278
0.011345
0.13513
0.36191
0.845
1.4923
2.0536
1.6852
1.4555
1.4366
1.3665
1.0189
0.85453
0.77303
0.77187
0.55628
0.4756
0.47497
0.49808
0.40055
0.31129
0.18198
0.18122
0.13641
0.48607
1.1276
1.6931
1.8641
2.2722
2.1255
2.0237
2.0383
2.0126
1.899
2.0716
1.8556
2.0002
1.7714
1.8109
1.4769
1.4119
1.2298
1.303
1.1962
1.0811
1.0892
0.83219
0.6303
0.53064
0.76876
1.0653
1.1139
1.0029
0.8503
0.72335
0.85254
0.94995
0.99051
0.95908
0.9679
0.75228
0.8141
0.59337
0.70047
0.76347
0.40856
0.15059
0.11128
0.022001
0.0069086
-0.042489
0
0
0.0038513
0.0089143
0.01038
0.0063544
0.012793
0.0086328
0.0072376
0.0065886
0.010117
0.0098347
0.1923
0.13292
0.71926
1.295
1.7135
1.6303
1.392
1.3578
1.314
1.1133
1.143
1.0796
1.0461
0.92599
0.76489
0.52803
0.48736
0.39472
0.35253
0.27695
0.26681
0.24749
0.14226
0.097317
0.01551
0.060768
0.05712
0.15383
0.61326
1.2349
1.5864
1.6594
1.7549
1.586
1.7002
1.7187
1.788
1.571
1.4242
1.4091
1.2648
1.0547
0.94924
0.91827
0.84028
0.89968
0.8054
0.62672
0.55433
0.16922
0.1195
0.21269
0.22451
0.59446
0.63554
0.74269
0.6529
0.65227
0.80012
0.85274
0.97419
1.0028
0.94715
0.92491
0.92959
0.55073
0.3765
0.39473
0.65067
0.32737
0.12022
0.073591
-0.12037
-0.062548
-0
0
-0.00039569
0.0015457
0.0053022
0.023724
0.0042259
0.0026261
0
0
0.01352
0.0015977
0
0.010807
0.1416
0.49066
0.80448
1.6048
1.8843
1.6041
1.2798
1.2711
1.508
1.3837
1.2279
1.2051
0.90729
0.74356
0.57473
0.36934
0.34639
0.36818
0.31736
0.3245
0.309
0.24679
0.17277
0.09563
0.072095
0.087272
0.41637
1.0426
1.6562
1.9845
2.29
2.1596
2.0299
2.0185
1.815
2.003
1.8421
1.8227
1.8726
1.7555
1.7377
1.5355
1.5414
1.3868
1.3481
1.3269
1.2947
0.82739
0.45725
0.26253
0.30422
0.46673
0.54912
0.64628
0.6633
0.56671
0.67932
0.63195
0.78508
0.87231
0.83074
0.83091
0.79632
0.76421
0.50068
0.53993
0.585
0.58394
0.31426
0.15834
0.059245
-0.0030379
-0.013123
0
0
-0.0015864
0
0.018086
0.0053681
0.0023346
0.0018602
0.016717
0.012764
0.019212
0.0019056
0.0084518
0
0.0056582
1.3631
1.9523
1.964
1.8515
1.5548
1.6567
1.4826
1.2341
1.3456
1.4961
1.1136
0.88407
0.62284
0.50103
0.35036
0.37804
0.34099
0.34401
0.33358
0.25144
0.16418
0.073195
0.060403
0.057497
0.24111
0.75367
1.4209
1.7744
2.1428
2.1277
2.1857
1.9729
2.0557
1.9593
1.9646
2.0031
1.9505
1.8751
1.7222
1.4649
1.4761
1.2573
1.2283
1.1756
0.91419
0.65884
0.26213
0.19991
0.20111
0.37369
0.46037
0.76664
0.7593
0.82003
0.72299
0.85016
1.0572
1.0546
0.98628
1.0377
0.94527
0.95803
0.7124
0.60514
0.82398
0.91926
0.45342
0.20902
0.072001
-0.0051583
-0.044887
0
0
-0.00014647
0
0.0062298
0.024689
0.010855
0.0022085
0.018829
0.019969
0.0095732
0.009179
0.0026392
0.0072265
0.014028
0.017368
0.011967
0.1979
0.30375
1.7079
1.4266
1.4318
1.5418
1.3559
1.3802
1.0916
0.88397
0.72032
0.62535
0.44711
0.38205
0.36854
0.34263
0.35954
0.34903
0.29569
0.23864
0.14571
0.071296
0.10624
0.46437
1.1032
1.774
2.0848
2.4156
2.2871
2.0642
2.1063
1.9522
1.9811
1.9907
1.8445
1.9266
1.7305
1.661
1.5556
1.5961
1.5028
1.42
1.3036
0.81478
0.65871
0.41022
0.19089
0.13052
0.35615
0.64211
0.62134
0.61314
0.59272
0.62258
0.65902
0.79416
0.95165
0.9917
0.85438
0.89695
0.84156
0.55825
0.45287
0.61345
0.7186
0.36184
0.12662
0.071559
-0.056002
-0.010703
0
0
-0.0040373
-0.000858
0.022748
0.025246
-0.00061899
0.0017935
0.010277
0.014482
0.014527
0.0053493
0.0088279
0.0098989
0.0045002
0.011288
0.17814
0.097019
0.73604
1.6608
1.6173
1.4707
1.3826
1.4005
1.3581
0.94548
0.8022
0.72892
0.43672
0.39705
0.33573
0.33573
0.37958
0.35695
0.28547
0.1388
0.089533
0.060923
0.064449
0.29467
0.85807
1.6119
1.8459
2.1225
2.3613
2.2288
2.087
2.0162
1.985
1.9502
1.8731
1.9755
1.8036
1.7332
1.5706
1.5481
1.4691
0.94004
0.89683
0.79732
0.66729
0.27346
0.21908
0.21472
0.29932
0.53467
0.71616
0.72856
0.71612
0.61181
0.79765
0.97638
1.0666
0.96104
0.94488
0.94269
0.90823
0.63701
0.51783
0.55348
0.74377
0.38979
0.17919
0.072314
-0.046802
-0.05176
0
0
0
-0.00093298
0.012886
0.022366
0.0066317
-0.00035826
0.015061
0.020059
0.0046203
0.0053079
0.0059847
0
0.014681
0.012182
1.7883
1.9034
1.8384
1.5897
1.5769
1.6225
1.3059
1.3503
1.2462
0.96361
0.89489
0.5427
0.36571
0.33568
0.34022
0.36061
0.31811
0.35184
0.2933
0.19689
0.10666
0.060745
0.057809
0.25219
0.83888
1.5181
2.0668
2.3474
2.6088
2.4496
2.1856
2.02
1.8927
1.9545
1.8685
1.9374
1.7504
1.629
1.5393
1.4834
1.3476
1.1903
1.2347
1.2566
1.1784
1.0563
0.96635
0.82894
0.74513
0.19049
0.76983
0.7522
0.88953
0.80989
1.0077
1.0639
1.1442
1.1245
1.0199
1.0857
1.1157
0.77342
0.53604
0.64499
0.77779
0.43252
0.21101
0.10788
-0.066429
-0.023498
-0.00061067
0
0
-0.0014305
0.0063446
0.028587
0.00096106
0
0.020499
0.020815
0.011496
0.0034231
0.013286
0.005491
0.018496
0.0073685
0.0090736
0.17994
0.24582
0.86651
1.4451
2.0282
1.7204
1.5831
1.659
1.5121
1.6165
1.5128
1.3087
1.3141
0.94539
0.73568
0.6402
0.6142
0.5155
0.52669
0.48507
0.54894
0.41147
0.34147
0.1864
0.09839
0.11979
0.61278
1.085
1.6223
2.0243
2.6044
2.6172
2.7466
2.449
2.137
1.8897
2.0729
1.9166
2.0221
1.7845
1.7544
1.5903
1.4804
1.4697
1.2927
1.3126
1.1811
1.11
1.1781
0.90012
0.86931
0.79888
0.30142
0.13868
0.15826
0.3831
0.76826
0.7865
0.81711
0.75993
0.68878
1.0892
1.1184
1.137
1.2216
1.0994
1.0659
1.1139
0.75935
0.6332
0.77559
0.7315
0.38882
0.16653
0.063867
-0.046695
-0.024987
0
0
0
0
0.014353
0.026877
0.0064801
0
0.017125
0.010638
0.013246
0.0095866
0.003445
0.011185
0.0058365
0.011454
0.16599
0.10064
0.63199
1.1941
1.7412
2.2363
1.7383
1.5614
1.4499
1.5875
1.3552
1.3914
1.357
1.0778
0.80026
0.66867
0.46882
0.41661
0.41737
0.33825
0.34624
0.32571
0.20144
0.16968
0.083611
0.062643
0.090079
0.52887
1.1199
1.7655
2.2523
2.3544
2.5019
2.1364
2.0418
1.9243
1.8946
1.9347
2.0662
1.9895
1.9711
1.8291
1.7384
1.5015
1.4988
1.3219
0.92783
0.7619
0.64785
0.45459
0.18094
0.18341
0.38839
0.70825
0.79144
0.72724
0.75677
0.65359
0.85957
0.96816
1.1292
1.0339
1.0916
1.0523
0.92777
0.80033
0.55417
0.59941
0.81433
0.33238
0.13217
0.050558
-0.062274
-0.036598
-0.00021619
0
0
-0.00026457
0.0072253
0.019896
0.012994
0.0015778
0.012
0.023092
0.01451
0.033666
0.10797
0.27977
0.89465
1.406
2.1125
2.1822
1.8609
1.7727
1.508
1.5436
1.3258
1.5499
1.3834
1.231
0.85172
0.5518
0.4111
0.33015
0.35309
0.28268
0.29006
0.26585
0.16958
0.096882
0.054152
0.037018
0.052888
0.23627
0.80887
1.4207
2.0179
2.1628
2.0259
2.1245
2.0948
1.9576
2.0274
1.742
1.7681
1.6858
1.5123
1.4951
1.2777
1.1845
1.2041
1.0169
0.94808
0.86679
0.62613
0.21607
0.16335
0.15242
0.30097
0.58909
0.87432
0.91867
0.9957
0.82956
1.0601
1.2218
1.2201
1.2991
1.2003
1.142
1.1793
0.8591
0.69247
0.77721
0.93637
0.6209
0
-0.0024251
0
0.079304
0.0048349
0.0077682
0.027962
0
0.0086777
0.021676
0.010695
0.014429
0
0.0085625
0.015793
0.017181
0.083615
0.10298
0.44144
1.0638
1.5739
1.9599
1.7617
1.6091
1.7239
1.7891
1.4427
1.4345
1.2992
1.2145
0.8739
0.54748
0.46166
0.39774
0.36055
0.36122
0.35859
0.36322
0.27015
0.1952
0.18101
0.083066
0.12157
0.59815
1.096
1.6623
2.2473
2.4726
2.8548
2.612
2.5422
2.2193
1.9495
1.9701
1.6129
1.615
1.5851
1.3956
1.4427
1.3495
1.2607
1.1543
1.0109
0.89057
0.82485
0.40663
0.21666
0.22916
0.35396
0.73242
0.80757
0.98918
0.73864
0.79769
0.91817
1.1012
1.1055
1.1971
1.1604
1.0843
1.111
0.92661
0.90362
0.90354
0.86229
0.4776
0.16609
0.12154
0.023238
-0.0043509
0
0
0.017356
0
0.016118
0.01065
0.0009157
0.01316
0.0042628
0.012889
0.010571
0.018253
0.040525
0.10761
0.57029
1.0156
1.5973
2.2197
1.8304
1.4391
1.6192
1.6555
1.4868
1.408
1.2297
1.0295
0.77065
0.58528
0.40149
0.39243
0.34556
0.34041
0.3763
0.35159
0.23623
0.18054
0.13644
0.085093
0.10842
0.58872
1.0064
1.8953
2.1388
2.122
2.171
2.1485
2.0854
2.1531
1.9781
1.8019
1.7959
1.6403
1.6376
1.5673
1.3129
1.3756
1.185
1.024
1.0313
0.8101
0.77922
0.39085
0.17061
0.15898
0.37776
0.69056
0.83134
0.8783
0.72809
0.89314
0.95944
1.0773
1.1203
1.2011
1.1103
1.0896
1.1384
0.95318
0.87807
0.77891
0.89915
0.39811
0.20527
0.093297
0
0
0.015764
0.018722
0
0.000105
0.025203
0.013094
0.011985
0.012432
0.002245
0.0096377
0.006859
0.017576
0.13165
0.17521
0.60324
1.2384
1.7817
2.1714
1.9703
1.7134
1.7053
1.6767
1.5999
1.5023
1.522
1.2209
0.88786
0.79335
0.36426
0.33193
0.25675
0.18174
0.15379
0.079191
0.078862
0.30575
0.73809
1.3208
1.9774
2.2882
2.6007
2.5751
2.2261
1.8756
1.749
1.5251
1.6225
1.6239
1.5647
1.5117
1.3066
1.1672
0.99193
0.90149
0.68149
0.65736
0.47194
0.51531
0.65315
0.46811
0.27573
-0.31555
-0.37185
-0.33354
-0.31657
-0.26746
-0.1817
-0.2172
-0.26091
-0.21855
-0.22437
-0.30842
-0.2118
-0.53192
-0.14709
0.45642
0.19125
0.037817
0.074095
0.090757
0.055288
0
0
0
0.0070515
0.005057
0.02519
0.0055791
0.012344
0.014814
0.012051
0.018933
0.0080072
0.018586
0.013043
0.019792
0.018284
0.018076
0.32701
0.36684
0.93681
1.6159
2.1092
1.9973
1.9834
1.7076
1.6057
1.6089
0.63216
0.39035
0.33656
0.27
0.2875
0.21424
0.19358
0.17845
0.15219
0.10991
0.065782
0.033704
0.078634
0.42387
0.90079
1.5902
1.8038
2.203
2.2191
1.9495
1.5938
1.5988
1.553
1.7577
1.7819
1.9523
1.9625
1.8179
1.7499
1.4521
1.3788
1.416
1.2863
1.2734
1.2088
1.1923
0.88544
0.8564
-0.031528
0.017533
-0.030631
-0.029116
0.11191
-0.019317
0.025094
0.054029
-0.041788
-0.042405
-0.020194
0.047459
-0.021053
-0.48913
0.14224
0.36106
0.26371
0.063678
0.078067
0.050703
0.053716
0
0
0.028083
0.020776
0.0095372
0.022761
0.0080144
0.0078302
0.010033
0.010596
0.01107
0.011797
0.012883
0.0093215
0.013675
0.013328
0.17614
0.2777
0.67294
1.2683
1.6559
2.0458
1.8703
1.7975
1.7034
1.1289
1.0728
0.92895
0.53769
0.27122
0.23891
0.22905
0.17263
0.12284
0.09599
0.083035
0.069569
0.045858
0.037041
0.044634
0.049515
0.088381
0.51386
1.1202
1.6916
1.8357
1.9211
1.6908
1.6527
1.4539
1.5684
1.543
1.8004
1.9546
1.8739
1.8721
1.5557
1.4797
1.2704
1.2331
1.0603
1.006
0.93981
0.39061
-0.14584
-0.29046
-0.31593
-0.31914
-0.18094
-0.14869
-0.059504
-0.12534
-0.25534
-0.33279
-0.32667
-0.20862
-0.2379
-0.20955
-0.20842
-0.56482
-0.16139
-0.11983
0.10468
0.034498
0.039948
0.027845
0.027542
0
0
0.0059343
0.0054311
0.013493
0.0077434
0.00050328
0.008445
0.013871
0.0059781
0.0068895
0.015222
0.018537
0.32838
0.52362
0.90404
1.5814
1.9564
1.5893
1.5307
1.4252
1.3736
1.2867
1.0015
1.1189
0.98806
0.72115
0.38299
0.2596
0.26092
0.14053
0.11466
0.10673
0.069885
0.067748
0.055831
0.032096
0.030147
0.054618
0.054146
0.18323
0.57039
1.2058
1.5181
2.0009
2.0824
1.8306
1.6732
1.4588
1.4806
1.7334
1.8782
1.9099
2.0304
1.8793
1.8053
1.288
1.3253
1.3722
1.1398
1.0733
0.81013
0.49747
0.28633
-0.051145
-0.19543
-0.14376
-0.079078
-0.10673
-0.092733
-0.074143
-0.0072437
-0.050717
-0.089783
-0.084353
0.047858
-0.011081
-0.058975
-0.083566
-0.35158
0.12669
0.26512
0.10382
0.049173
0.075691
0.056355
0.044852
0
5.1781e-05
0
0.005017
0.010917
0.016268
0.0019827
0.0080727
0.0061267
0.011685
0.011874
0.010629
0.011612
0.12727
0.30695
0.69865
1.3712
1.7368
1.6357
1.3019
1.1644
1.0862
0.94685
0.90505
1.0167
0.72609
0.45867
0.29734
0.20225
0.15287
0.12921
0.074499
0.050812
0.043333
0.034951
0.028487
0.015281
0.0094442
0.035375
0.03886
0.091701
0.47319
1.0463
1.4017
1.8123
1.7571
1.514
1.3738
1.4386
1.5491
1.6038
1.7658
1.8038
1.8595
1.7018
1.669
1.4598
1.5076
1.2924
1.2987
0.84461
0.66292
0.34106
0.1473
-0.023578
-0.15495
-0.067856
-0.11438
-0.053466
0.06794
0.093244
0.054206
-0.023206
-0.021054
0.046722
0.03879
0.036362
0.071437
0.027812
-0.28028
0.20499
0.29015
0.11807
0.02291
0.070606
0.038249
0.0095472
0
0.00028315
0.0053015
0.019802
0.0041429
0.014195
0.012448
0.0049524
0.013635
0.012712
0.013024
0.011933
0.0066779
0.010891
0.005459
0.0074013
0.0095466
0.030798
0.27412
0.61795
1.0693
1.4728
1.495
1.1617
1.0611
0.85502
0.7723
0.85092
0.93646
0.72561
0.42599
0.19734
0.16669
0.14446
0.1105
0.099334
0.067664
0.045714
0.035587
0.032126
0.015661
0.0084592
0.03483
0.039833
0.069018
0.3795
0.8277
1.3403
1.5502
1.5268
1.5091
1.274
1.3164
1.4935
1.4562
1.738
1.6629
1.7385
1.6033
1.4509
1.3725
1.3568
1.2056
1.1564
0.97996
0.85971
0.81021
0.62608
0.40547
0.12033
0.040963
0.006943
-0.061423
0.011893
0.045961
0.013236
0.14101
0.14103
0.27337
0.3227
0.33303
0.31161
0.056404
0.47414
0.538
0.21587
0.0364
0.051011
0.031762
0.0050107
0
0
0.015124
0
0.0031666
0.0087238
0.012437
0.0039059
0.00073296
0.010614
0.0055421
0.0053808
0.0063171
0.0042779
0.0072606
0.0059192
0.011768
0.0010716
0.21358
0.18247
0.64781
0.99944
1.1074
0.63346
0.72693
0.46005
0.18605
0.16058
0.12222
0.1126
0.11735
0.10121
0.063563
0.053352
0.039222
0.049543
0.039208
0.01912
0.039504
0.050341
0.11752
0.53221
0.99366
1.3612
1.436
1.4636
1.3435
1.2435
1.348
1.3479
1.465
1.6177
1.4815
1.4384
1.4061
1.257
1.2224
1.0922
1.0029
0.89213
0.8343
0.652
0.03622
0.0034216
0.0057465
0.074528
0.096539
0.041355
0.13058
0.10548
0.14768
0.20595
0.19918
0.32508
0.34679
0.35276
0.40125
0.41846
0.22582
0.58069
0.60805
0.24621
0
0
0.018595
0
0.0059911
0.0032945
0.0079703
0.0042905
0.0061378
0.0076416
0.0065147
0.0038167
0.0062701
0.0043697
0.0047301
0.004733
0.0046668
0.0044419
0.13818
0.114
0.47536
0.63914
0.916
0.4954
0.59031
0.59458
0.3333
0.1051
0.10075
0.078239
0.076988
0.068858
0.058084
0.040944
0.038558
0.028645
0.022596
0.031692
0.0065039
0.024308
0.02737
0.057019
0.35476
0.63718
1.0432
1.2412
1.1814
1.0011
1.041
0.96718
1.1415
1.1662
1.3519
1.278
1.1642
1.1667
0.96125
0.96522
0.89066
0.75981
0.80354
0.67273
0.13813
0.00019248
0.0014783
0.012573
0.061388
0.1145
0.016343
0.15798
0.19407
0.24133
0.30625
0.37115
0.48443
0.40614
0.45153
0.51257
0.50168
0.46927
0.64916
0.6926
0.24796
0.045539
0.040436
0.058693
0.01213
0.0011295
0.0089695
0.0028154
0
0.0051293
0.0050183
0.0034722
0.0041876
0.0022359
0.0028532
0.0033503
0.0033934
0.0023962
0.0016171
0.0029678
0.07748
0.082957
0.36533
0.51813
0.2311
0.16673
0.18512
0.046852
0.041449
0.044569
0.041429
0.045719
0.044911
0.038015
0.047354
0.04153
0.038163
0.04665
0.0096003
0.022288
0.025846
0.10693
0.29956
0.6079
0.88493
0.89042
0.91301
0.91268
0.85923
0.87962
0.96839
0.95743
1.0331
0.9624
0.93089
0.9103
0.78788
0.77715
0.60161
0.59068
0.040035
0.16247
0.082321
0.0011789
0
0.0022454
0.049968
0.067574
0.1108
0.11826
0.19251
0.25243
0.33048
0.40413
0.51056
0.53533
0.5733
0.55748
0.62849
0.5941
0.64923
0.72492
0.032677
0
0
0
0.0023641
0.0047151
0.0031697
0.0021239
0.00031003
0.0013977
0.00088058
0.00087711
0.0006892
0.00071834
0.0010357
0.00021553
0.0015812
4.7314e-05
-7.3722e-06
-0.00015738
-0.0099843
-0.012581
0.021303
0.22609
0.083205
0.049212
-0.0027492
-0.0082342
-0.007996
-0.0044804
-0.0016691
-0.0014123
-0.0015467
-0.0050112
-0.0027725
-0.0078816
0.0045542
0.018909
-0.0028955
-0.0054084
-0.0017572
-0.0086715
0.11812
0.34982
0.51049
0.44069
0.35782
0.23197
0.17213
0.21923
0.27407
0.33657
0.40038
0.44968
0.41483
0.44308
0.36305
0.41242
0.32518
0.35218
0.34349
0.24692
0.30815
-0.0051408
-0.0049281
-0.0007972
-0.0011613
-0.021592
-0.077063
-0.13069
-0.1018
-0.047117
-0.034461
-0.011248
0.024369
0.067664
0.090913
0.11102
0.10571
0.31454
0.32877
0.18444
0.07968
0.022753
0.022795
0.044591
0.0079429
-0.0011325
0.0013434
0.00053893
0.0035771
-9.6519e-05
0.0016513
-0.00034679
-0.00041259
-0.00012835
-0.00043282
-0.0005712
-0.00073409
0
0.0038315
0.0019968
-0.0091067
-0.019618
-0.044667
0.064322
-0.058296
-0.042965
-0.036336
-0.027528
-0.026681
-0.038638
-0.039974
-0.030153
-0.020844
-0.020133
-0.016874
-0.015095
-0.013431
-0.01254
-0.013903
-0.015277
-0.012976
-0.011766
-0.0093145
-0.007311
-0.005882
-0.018154
-0.058489
-0.1214
-0.054007
-0.091141
-0.082293
-0.1208
-0.086809
-0.024574
0.029332
0.10063
0.16953
0.33342
0.37025
0.33326
0.3669
0.40392
0.37951
0.38086
0.36481
0.353
0.31987
0.19565
0.0085465
-0.0012085
0.0068063
-0.0062359
0.01301
0.012095
-0.031486
-0.0090316
0.059895
0.078187
0.10874
0.15308
0.20902
0.24405
0.21361
0.21128
0.35939
0.38371
0.26938
0.10491
0.046447
0.041667
0.064229
0
0
0.0024533
-0.00018363
-0.00037081
-1.7676e-05
-0.00015324
-0.00037523
-0.00032161
-0.00026921
-0.00033145
-0.000317
-0.00051772
-0.00039098
-0.00022182
-0.00039939
-0.008884
-0.013411
-0.049759
-0.34226
-0.063666
-0.042656
-0.049322
-0.048839
-0.046278
-0.048673
-0.042284
-0.039517
-0.036602
-0.028964
-0.043628
-0.040172
-0.03268
-0.029423
-0.033282
-0.060288
-0.045313
-0.019334
-0.013459
-0.01395
-0.016611
-0.026054
-0.055967
-0.090706
-0.11314
-0.15077
-0.16146
-0.18131
-0.15784
-0.1047
-0.05874
0.0038376
0.11923
0.23023
0.29317
0.3418
0.31655
0.34148
0.37011
0.24205
0.15071
0.042335
-0.0058395
-0.0012782
0
-0.00035405
-0.00042209
0
-0.06622
-0.078744
0.022524
0.020155
0.016758
0.0203
-0.0068105
0.0080155
0.076831
0.13938
0.21089
0.092944
0.049391
0.052274
0.068798
0.046046
-3.5151e-06
0
-0.00063221
0.00029619
-5.7149e-05
-0.0001205
-0.00043854
-0.0002667
-0.00030883
-0.00025292
-0.00039735
-0.00031523
-8.6598e-05
-0.00040796
-0.00047712
0.0016203
-0.00052028
-0.00056459
-0.0099377
-0.020117
-0.035943
-0.23685
-0.049213
-0.042473
-0.040853
-0.032906
-0.025611
-0.02227
-0.022056
-0.021104
-0.020851
-0.019539
-0.021263
-0.020414
-0.021118
-0.022765
-0.012996
-0.010048
-0.01491
-0.038689
-0.081545
-0.13033
-0.1841
-0.20274
-0.17827
-0.17037
-0.099399
-0.032276
0.03452
0.12439
0.25693
0.34903
0.39755
0.41299
0.38732
0.37857
0.44741
0.35595
0.27912
0.26781
0.063508
0.0040204
0
0
-0.0003058
-0.022742
-0.0091201
-0.039347
-0.022153
0.011729
0.025921
0.058542
0.055015
0.14084
0.13968
0.17868
0.19263
0.083385
0.032438
0.063295
0.061487
0.011246
5.5492e-08
0.00063655
0
8.1318e-05
-5.7118e-06
-4.0631e-05
0
-0.00015025
-0.00016234
-0.00027992
-0.00016053
0
-0.00015987
-0.00022881
-0.00023051
-0.00026986
0
-0.00046331
-0.0056111
-0.007536
-0.055144
-0.30055
-0.16348
-0.043032
-0.048501
-0.078045
-0.055217
-0.067028
-0.10081
-0.086708
-0.054399
-0.025736
-0.026995
-0.028857
-0.033736
-0.009923
-0.0070589
-0.0057104
-0.0082187
-0.022092
-0.042392
-0.10371
-0.13095
-0.15604
-0.15957
-0.15435
-0.12404
-0.067632
0.021377
0.10449
0.24745
0.39108
0.41179
0.47211
0.52401
0.45931
0.49093
0.45217
0.45709
0.48413
0.49367
-0.00066424
-8.0756e-06
0.013093
-0.00030377
0.0035019
-0.028642
-0.032153
0.0019112
0.062726
0.029552
-0.047268
-0.026143
-0.027319
0.021623
0.12529
0.17493
0.41782
0.51805
0.39922
0.26079
0.16192
0.12739
0.13124
0.12365
0.029509
0
0
0
9.0597e-05
0
0
3.9175e-05
0
0
1.9665e-05
1.129e-05
0
-1.3217e-05
0.0015393
0.0011408
3.248e-05
-6.897e-05
-0.00015852
-0.0025544
-0.0044914
-0.021229
-0.2155
-0.08626
-0.018504
-0.019749
-0.016053
-0.01087
-0.010479
-0.011609
-0.017851
-0.013636
-0.0061434
-0.0061769
-0.0045082
-0.00394
-0.011082
-0.012103
-0.02878
-0.021226
-0.0062869
-0.0057712
-0.0054646
-0.0070065
-0.010103
-0.022303
-0.046111
-0.07422
-0.10193
-0.15257
-0.1589
-0.15479
-0.091535
0.0010714
0.10299
0.26892
0.41397
0.42755
0.45267
0.41535
0.39162
0.44181
0.38876
0.45174
0.42927
0.38171
0.23397
0.081014
0.16505
0.009406
0
0.00058412
0
5.9002e-06
0
-0.17116
-0.0016508
-0.068092
0.001334
0.010365
-0.052921
-0.11641
-0.095817
-0.033002
-0.026148
0.068862
0.315
0.50189
0.38267
0.24656
0.084919
0.075571
0.086216
0.1061
0.072696
0
0
0
0
0.00021122
0.00031371
9.2916e-05
0
0.00035413
0.00037579
0.00024113
9.6031e-05
0.0015174
0.00012705
0.001925
0.003014
0.012021
0.020324
-0.062547
-0.017276
0.011956
0.010311
0.013088
0.01819
0.018699
0.0098471
0.0048314
0.007318
0.0059111
0.0056236
0.0051024
0.0066759
0.0077526
0.006871
0.0064279
0.0063133
0.0058126
0.0025897
0.0021151
0.00074242
0.0057264
-4.8209e-05
0.0005568
-0.018432
-0.034137
-0.060673
-0.076032
-0.067613
-0.040914
0.046362
0.15562
0.24272
0.40899
0.53894
0.4822
0.4798
0.45183
0.44537
0.44174
0.42873
0.46555
0.40585
0.29852
0.13853
0.14419
0.031858
0
-0.10074
-0.014927
-0.060551
-0.025552
0.029118
-0.03249
-0.11742
-0.13144
-0.093177
0.037612
0.09544
0.31768
0.51869
0.38558
0.27719
0.14704
0.091268
0.14793
0.13525
0.099393
0
0
0
0.0013689
0.0031799
0.0038247
0.0068529
0
0.0016676
0.001979
0.00021083
0.00025401
3.8401e-05
0.0023102
0.0027445
0.00018494
0.0001294
0.0031927
0.034464
0.029043
0.027638
0.026508
0.027596
0.027375
0.025602
0.021882
0.014809
0.012177
0.011639
0.010839
0.01128
0.011283
0.011988
0.010712
0.011287
0.010161
0.0059715
0.0045863
0.0041684
0.0080357
0.03083
0.020829
0.0074086
-0.013911
0.013185
0.011299
0.05917
0.095405
0.18932
0.27633
0.43216
0.5738
0.60296
0.60733
0.54173
0.56993
0.54421
0.511
0.37685
0.3367
0.092789
0.0017718
0
0.0018534
0
-0.033609
0.0073687
0.011546
0.029017
0.087115
0.078069
0.10824
0.11927
0.12625
0.24093
0.3103
0.3064
0.52303
0.13936
0.12614
0.15607
0.12041
0.02863
0
0
0
0
0
0.00015017
0.00059812
0.00010798
0.00043111
0.00081122
0.00069244
0.0012147
0.00025198
0.00093583
0.0005261
0.0013751
0.00038877
0.00023005
0.015987
0.01858
0.055087
-0.047409
0.064878
0.056429
0.053334
0.056426
0.058803
0.052818
0.025963
0.021999
0.021699
0.024285
0.021888
0.024185
0.024103
0.027041
0.022295
0.010603
0.0070417
0.009026
0.034184
0.047912
0.061055
0.059105
0.068828
0.10123
0.089715
0.11924
0.17003
0.22855
0.32177
0.44358
0.5526
0.57293
0.63626
0.56361
0.57302
0.57041
0.57639
0.54533
0.56466
0.54087
0.0092658
1.8622e-06
0.0032698
0.00068953
-0.046154
0.013597
0.0049005
0.057416
0.058572
0.071687
0.124
0.16552
0.21207
0.31427
0.28635
0.33526
0.50194
0.57218
0.48734
0.30299
0.1252
0.11225
0
0
0.001212
0.00016719
0.00015893
0
0.00055179
0.00059868
7.8423e-05
0.001526
0
0.00056249
0.00016018
0.00090522
0.00095553
0.001056
0.0010086
0.00099549
0.017188
0.062171
0.098292
0.024903
0.11221
0.090507
0.10163
0.10927
0.09483
0.096776
0.083909
0.06646
0.047025
0.043031
0.042632
0.033219
0.03197
0.030748
0.019825
0.016994
0.021115
0.032501
0.068941
0.10878
0.13411
0.12767
0.13071
0.12875
0.15935
0.1843
0.2093
0.26975
0.33488
0.50162
0.60978
0.57968
0.6148
0.55838
0.57603
0.51742
0.50546
0.54218
0.45294
0.39401
0.26231
0.15486
0.015001
0.0023464
0.0020478
-0.034959
-0.071098
0.023936
0.019816
-0.029036
0.0053572
0.039946
0.035298
0.080848
0.21487
0.4044
0.56685
0.44541
0.32026
0.21349
0.12325
0.074706
0.044654
0.033244
0
0.0019477
0.0066653
0.0061093
0
0.0011523
0.00098377
0
0
0.00085064
0.0006832
0
0.00012885
0.012829
0.022233
0.084058
0.10899
0.047693
0.1402
0.12025
0.13237
0.11918
0.11865
0.12048
0.093153
0.060327
0.050709
0.046349
0.043
0.041824
0.044265
0.042059
0.043133
0.040663
0.033841
0.034772
0.025536
0.017148
0.024259
0.040937
0.098462
0.11679
0.14184
0.16373
0.16672
0.18216
0.18981
0.22579
0.32847
0.35503
0.4618
0.63496
0.62498
0.66698
0.58046
0.56672
0.5312
0.56778
0.48851
0.52185
0.50822
0.0054759
7.6011e-05
0.0035454
0.00094019
-0.049979
-0.023957
-0.11402
0.014179
0.048417
0.0087381
0.030103
0.048247
0.069447
0.17815
0.25304
0.35493
0.46744
0.56701
0.47223
0.36096
0.17458
0.12105
0.084681
0.11286
0.030564
1.9178e-05
0
0.0047396
0.00025014
0.0035295
3.7222e-05
0.0017699
0
0.0011313
0.0021576
0.00052804
0.0015836
0.00059547
0.0040611
0.028482
0.072572
0.12185
0.069918
0.15453
0.11899
0.12329
0.13661
0.12907
0.12534
0.11131
0.091611
0.060904
0.052386
0.045735
0.049711
0.047214
0.050083
0.037488
0.024777
0.014546
0.033131
0.034663
0.029184
0.023736
0.0349
0.077598
0.1167
0.1454
0.15388
0.16512
0.15973
0.17767
0.18801
0.22214
0.29849
0.36337
0.46479
0.58735
0.5744
0.55345
0.57788
0.51976
0.54307
0.5316
0.53228
0.54125
0.37904
0.33982
0.002498
1.044e-05
-0.032956
-0.023473
-0.015342
0.0071988
0.066925
0.040348
0.039015
0.073313
0.14922
0.21196
0.25789
0.33072
0.6246
0.66259
0.58505
0.41747
0.2808
0.2796
0.25728
0.11282
-0.015863
-0.016705
-0.0078851
0.0046581
0.0056954
0.0042199
0.005035
0.0035355
0.0024352
0.0017269
0.0065439
0.0032791
0.0014335
0.0050944
0.087672
0.098077
0.30751
0.49605
0.65111
0.67573
0.52365
0.53522
0.477
0.481
0.36248
0.33164
0.24045
0.20048
0.17246
0.1827
0.15781
0.15085
0.14516
0.15806
0.16211
0.1757
0.15842
0.088718
0.034384
0.039098
0.25613
0.54189
0.96699
1.0364
1.1439
1.0613
0.91348
0.88037
0.84991
1.0302
1.126
1.0968
1.1852
1.1011
1.1568
0.9971
1.0041
0.97213
0.87589
0.84888
0.86101
0.72222
0.67305
0.52577
0.019438
0
-0.038469
-0.019902
0.011718
0.034555
0.067037
0.13332
0.19454
0.39905
0.42778
0.4821
0.56162
0.58289
0.57631
0.75308
0.63707
0.54942
0.29572
0.19009
0.065857
0.03609
0.003337
-0.0090736
0
0.002944
0.0034674
0.0054378
0.00289
0.0050888
0.0034978
0.0047133
0.0040903
0.0077722
0.0093939
0.0079257
0.098695
0.18745
0.41175
0.82475
1.0036
0.92638
0.72261
0.7768
0.90039
0.81739
0.72908
0.57966
0.47499
0.43362
0.39244
0.28096
0.25786
0.25229
0.26891
0.26457
0.27985
0.31239
0.29586
0.12456
0.091781
0.070862
0.41152
0.86953
1.2656
1.5046
1.4389
1.5006
1.3549
1.1202
1.3
1.4182
1.387
1.5806
1.5038
1.5496
1.1225
1.1052
1.1062
1.0657
0.9088
0.82724
0.56964
0.20622
0.032385
0.014855
0.020236
0.024122
0.056591
0.12733
0.14732
0.19089
0.31197
0.42972
0.55046
0.60455
0.60532
0.70642
0.65761
0.66311
0.56607
0.79604
0.70555
0.59746
0.23397
0.14569
0.079483
0.040599
0.017837
0
0.0041811
0.0042697
0
0.01028
0.0049113
0
0.0048648
0.0013183
0.013077
0.0083411
0.0086289
0.0093222
0.0078807
0.53559
0.83121
1.1491
1.4569
1.4152
1.1638
1.1486
1.2059
1.122
1.075
0.94768
0.86596
0.74606
0.63489
0.58192
0.54847
0.4931
0.54358
0.51884
0.54436
0.5433
0.39557
0.21016
0.14977
0.15272
0.61411
1.1542
1.6881
1.9565
1.8325
2.0583
1.6461
1.5859
1.5024
1.678
1.8128
1.8481
1.8236
1.9036
1.7625
1.759
1.7229
1.5166
1.2886
1.2664
0.98984
0.51326
0.12507
0.032965
0.07863
0.10429
0.17559
0.16508
0.29136
0.37232
0.51897
0.58384
0.68867
0.75232
0.7362
0.75861
0.74783
0.82018
0.34179
0.84185
0.83589
0.60038
0.24378
0.1084
0.10379
0.03472
0.0068694
0.00033671
0.0060589
0.037279
0.0050173
0.0031792
0.0076102
0.0059606
0.0027556
0.0054426
0.0080846
0.0033323
0.010583
0.012876
0.0040887
0.007685
0.22446
0.29307
0.47421
1.8991
1.5393
1.536
1.5092
1.4236
1.4401
1.2504
1.2125
1.0146
0.79971
0.68693
0.52039
0.50776
0.45785
0.44914
0.39632
0.40141
0.3465
0.27878
0.15754
0.17782
0.31019
1.1169
1.8752
2.0295
2.1204
2.2549
2.0555
1.9197
1.6015
1.7782
1.8393
2.0177
2.0631
2.0371
1.9263
1.9114
1.7822
1.7965
1.7019
1.6512
1.6725
1.6517
1.5015
0.085783
0.1719
0.40039
0.47079
0.53227
0.63883
0.70606
0.78589
0.91585
0.97669
0.97669
0.95796
0.86024
0.89574
0.81671
0.66363
0.86676
0.97666
0.69421
0.3682
0.18343
0.072048
0.027976
0.00064537
0.0046162
0.0070946
0.018259
0.0070393
0.010488
0.0077413
0.014321
0.0084335
-5.1144e-05
0.0063548
-0.00012801
0.008974
0
0.014938
0.12101
0.29451
1.7475
2.0835
2.2012
2.063
1.7581
1.5273
1.5847
1.4819
1.4445
1.2003
0.95447
0.61594
0.5352
0.32036
0.29843
0.34005
0.30998
0.27239
0.30484
0.21799
0.13152
0.094967
0.097396
0.33592
1.0279
1.6612
1.9607
1.8766
2.0936
1.993
1.9612
1.9623
1.9294
2.1851
2.0812
2.0263
2.0974
1.952
1.8248
1.8882
1.7435
1.8577
1.7312
1.7025
1.8145
1.7164
0.5405
0.57436
0.56968
0.57187
0.62001
0.51957
0.56795
0.60016
0.51767
0.52092
0.47954
0.44627
0.4587
0.45448
0.47843
-0.20298
0.74433
0.5568
0.46518
0.17287
0.060977
0.030567
0.0043995
-0.0014932
0
0.020136
0.020874
0.053458
0.010636
0.011691
0.05014
0.02286
0.024626
0.019154
0.015936
0.035015
0.096604
0.201
0.29045
0.54183
0.78616
1.1318
1.3396
1.7125
1.8847
1.901
2.4561
1.8435
1.7512
1.633
0.62415
0.44828
0.34238
0.25862
0.25219
0.21834
0.1822
0.1858
0.14553
0.10592
0.11179
0.1126
0.086652
0.23965
0.84371
1.336
1.6185
1.4788
1.6656
1.6156
1.7795
1.7932
1.8417
2.1024
1.9951
2.0962
1.9584
1.7729
1.9127
1.8361
1.6846
1.6858
1.613
1.4882
1.5129
1.4481
1.4906
0.27741
0.30337
0.37071
0.55485
0.52008
0.51975
0.48349
0.35098
0.31512
0.29978
0.24161
0.16792
0.089898
0.17313
-0.30773
0.20029
0.2602
0.13332
0.069512
0.094403
-0.0010744
-0.032253
-0.015009
0
0.0025635
0.033573
0.0068368
0.011432
0.045482
0.029257
0.046983
0.038403
0.029998
0.018265
0.031052
0.12505
0.25119
0.29391
0.6251
0.854
1.1948
2.4185
1.8244
1.826
1.562
1.4686
1.1454
0.93706
0.68673
0.67336
0.475
0.42395
0.3346
0.28291
0.25327
0.25779
0.23179
0.15359
0.11755
0.11577
0.1283
0.1069
0.37061
1.0288
1.5291
1.5658
1.5379
1.8192
1.7554
1.8192
1.7762
1.9612
2.0276
2.0264
2.183
1.9377
1.899
1.7862
1.6686
1.7452
1.6032
1.5157
1.566
1.4037
1.5202
1.4018
1.3813
0.96889
0.77264
0.32813
0.53046
0.33799
0.58796
0.46871
0.49747
0.52868
0.4312
0.37483
0.36509
0.27311
0.19301
0.15191
0.16062
0.12
-0.37139
0.2132
0.22033
0.17848
0.03511
0.015642
-0.047785
-0.04844
-0.021342
-0.0010971
0.0008789
0.026343
0.019393
0.047099
0.035937
0.053506
0.074098
0.049805
0.058531
0.065759
0.13711
0.25369
0.89525
1.1906
1.4972
1.6005
1.9664
2.0506
2.2196
1.9668
1.7612
1.5459
1.4078
1.2368
1.0726
0.67901
0.62582
0.51103
0.36281
0.27492
0.23936
0.16491
0.16017
0.13164
0.094268
0.081872
0.062026
0.11585
0.11294
0.25314
1.0549
1.3442
1.538
1.4896
1.8308
1.7366
1.8773
1.8415
1.8684
1.8415
1.9362
1.8581
1.8655
1.7584
1.542
1.6331
1.445
1.4546
1.5955
1.5264
1.6727
1.6472
1.6197
1.5583
1.4718
1.3552
0.90564
0.7977
0.73601
0.90147
0.84062
0.88857
0.65539
0.59741
0.46593
0.36091
0.29429
0.23291
0.24173
0.17423
0.16329
-0.456
0.072108
-0.10838
-0.015205
-0.032127
-0.031934
-0.054974
-0.016325
-0.010348
0
0.031214
0.016441
0.021323
0.04724
0.049313
0.039423
0.04972
0.031272
0.0093662
0.0088676
0.02245
0.08831
0.12818
0.15605
0.47414
0.75229
1.0767
1.3459
1.6896
1.8708
1.8003
2.0628
1.7388
1.339
1.1493
1.0555
1.0496
0.9526
0.87066
0.68361
0.48227
0.34755
0.30755
0.26357
0.25833
0.23031
0.21912
0.22379
0.14895
0.12789
0.099949
0.0442
0.34739
0.27112
0.2804
0.57804
0.65818
0.84826
0.98281
1.1642
1.0919
1.275
1.1207
1.2641
1.2995
1.2489
1.1604
1.1832
1.1491
1.0843
1.1158
0.93796
0.92099
0.89857
0.88072
0.97206
0.84484
0.43686
0.10926
0.032405
0.07068
0.22133
0.20807
0.32113
0.47382
0.3995
0.30492
0.28232
0.1546
0.071922
0.025514
0.042984
0.032694
0.057246
-0.60938
-0.38962
-0.070333
-0.0067364
-0.011562
-0.056315
-0.056332
-0.01341
-0.02961
-0.00923
0
0.04609
0.0048687
0.018676
0.05532
0.044355
0.026975
0.027196
0.016082
0.016741
0.039439
0.08689
0.21951
0.23448
0.48908
0.83601
0.95958
1.221
1.5401
1.6015
1.6669
1.553
1.4323
1.0819
0.95537
0.90556
0.79783
0.67939
0.78895
0.55615
0.39323
0.33405
0.25244
0.25862
0.221
0.20223
0.18017
0.16747
0.086526
0.068598
0.062098
0.018662
0.20131
0.22877
0.044598
0.363
0.4899
0.51804
0.77304
0.86998
0.90186
0.92874
0.95378
0.94023
0.97205
0.92947
0.97985
0.95395
0.90562
0.84014
0.79009
0.72729
0.66507
0.70923
0.73141
0.73017
0.6806
0.49513
-0.043796
-0.040153
-0.039214
0.021419
0.047402
0.13841
0.15366
0.11908
0.03627
0.046299
0.086283
0.019384
-0.025696
-0.071565
-0.052175
0.016752
-0.71866
-0.25809
-0.086959
-0.013394
-0.044585
-0.057297
0.0026129
-0.022016
-0.019199
-0.0031802
0.0089568
0.032727
0.00043243
0.032025
0.088268
0.032877
0.044317
0.02885
0.022745
0.022161
0.054429
0.12185
0.21283
0.22188
0.51513
0.6881
0.83489
1.0912
1.3355
1.4905
1.4321
1.4783
1.2268
0.92767
0.82882
0.81436
0.60061
0.62674
0.60842
0.39519
0.33825
0.25845
0.23111
0.21979
0.17773
0.16181
0.1947
0.19427
0.11626
0.088758
0.10646
0.006257
0.22793
-0.0063566
-0.15935
0.11954
0.24573
0.36059
0.54084
0.61272
0.70977
0.70315
0.78653
0.68515
0.69862
0.73561
0.6825
0.71723
0.64508
0.59666
0.46356
0.39835
0.31444
0.32293
0.35236
0.34757
0.35455
0.16163
-0.15199
-0.10179
-0.06515
-0.057372
0.014399
0.054038
0.074869
0.05148
0.087034
0.047909
0.058665
0.030013
-0.023748
0.013262
0.051871
0.11176
-0.67587
-0.32967
-0.055343
0.072408
-0.01089
-0.060652
-0.082754
-0.031143
-0.0087308
0
0
0.013568
0.010936
0.024163
0.043209
0.019475
0.018525
0.0038053
0.013991
0.008943
0.019291
0.055975
0.078566
0.096868
0.24036
0.50886
0.66235
0.78326
0.98224
1.0346
0.93984
0.95643
0.76283
0.63028
0.60125
0.43878
0.34371
0.21996
0.28998
0.31624
0.22794
0.24427
0.18557
0.18481
0.16551
0.13443
0.14579
0.13191
0.080101
0.053113
0.087794
0.010328
0.052826
-0.29915
-0.3506
-0.24095
-0.048501
0.023236
0.2491
0.30341
0.30506
0.33734
0.38524
0.4463
0.43557
0.40874
0.39387
0.35184
0.34244
0.30015
0.19368
0.14737
0.053242
0.012532
0.043894
0.034192
0.055297
-0.12428
-0.31844
-0.1109
-0.20564
-0.15404
-0.13052
-0.13146
-0.067518
-0.088422
-0.062982
-0.084674
-0.046164
-0.084074
-0.073663
-0.083981
-0.09167
-0.0064668
-0.58945
-0.43543
-0.11602
0.01803
-0.020325
-0.069244
-0.060019
-0.028295
-0.028615
-0.0029863
0.014112
0.014196
-0.0051206
0.0082503
0.024146
0.0040932
0.0038336
0.0091636
0.0042357
0.0045154
0.0069003
0.032497
0.050316
0.073807
0.14578
0.26928
0.48922
0.5734
0.70527
0.72214
0.37211
0.36042
0.33105
0.20876
0.18515
0.13255
0.048503
0.098696
0.023614
0.10438
0.11082
0.12732
0.12223
0.10482
0.079824
0.098157
0.10301
0.072695
0.047433
0.034565
0.048238
0.014743
0.068173
-0.17645
-0.40545
-0.3627
-0.30694
-0.15879
0.02036
0.1049
0.080466
0.13957
0.13923
0.15856
0.17519
0.09846
0.10618
0.10254
0.082823
0.12543
0.10386
-0.018162
-0.06454
-0.070127
-0.065032
-0.047787
-0.040541
-0.12148
-0.24118
-0.023401
-0.0082813
-0.1368
-0.16819
-0.14921
-0.16411
-0.19388
-0.14293
-0.21921
-0.16914
-0.14715
-0.17575
-0.20568
-0.21071
-0.19634
-0.63589
-0.63532
-0.3147
-0.094531
-0.015622
-0.073907
-0.082688
-0.097229
-0.082369
-0.0056588
0
0.012828
-0.0019805
0
0.01054
0.013074
0.0042634
0.0028976
0.0051555
0.0014382
0.00021642
0.0062614
0.018942
0.029483
0.061855
0.10224
0.20552
0.22276
0.29426
0.30742
-0.043922
-0.020697
-0.025136
-0.015821
-0.10443
-0.13173
-0.1601
-0.20296
-0.17385
-0.061943
0.016433
0.03004
0.013481
0.015672
0.020335
0.034787
0.047692
0.048947
0.033163
0.030279
0.018474
-0.01602
-0.029232
-0.3622
-0.49062
-0.51565
-0.45601
-0.39347
-0.18663
-0.18536
-0.20572
-0.2111
-0.19609
-0.22792
-0.24927
-0.29751
-0.27268
-0.30318
-0.27179
-0.2838
-0.27921
-0.27163
-0.26547
-0.21947
-0.24296
-0.20617
-0.18503
-0.30022
-0.12911
-0.0013382
-0.06422
-0.13058
-0.26589
-0.26562
-0.258
-0.27045
-0.36289
-0.36524
-0.42436
-0.37041
-0.33175
-0.33785
-0.32509
-0.35811
-0.35431
-0.32121
-0.33311
-0.28859
-0.30706
-0.30742
-0.27599
-0.31115
-0.27535
-0.31345
-0.28314
-0.29646
-0.31203
-0.31819
-0.28335
-0.24444
-0.24155
-0.25224
-0.26526
-0.2482
-0.27457
-0.25894
-0.26992
-0.24185
-0.23433
-0.25362
-0.2375
-0.24791
-0.25663
-0.23156
-0.24306
-0.24242
-0.24443
-0.27639
-0.29127
-0.28591
-0.30708
-0.27957
-0.30091
-0.3022
-0.30331
-0.32697
-0.31089
-0.33506
-0.31731
-0.3306
-0.33911
-0.33974
-0.33323
-0.31355
-0.28695
-0.29793
-0.26841
-0.26189
-0.27477
-0.23606
-0.25533
-0.26831
-0.24549
-0.26452
-0.24905
-0.25679
-0.26549
-0.24763
-0.26041
-0.26241
-0.27376
-0.29971
-0.28882
-0.31111
-0.31338
-0.30041
-0.33221
-0.321
-0.31298
-0.33042
-0.29934
-0.32971
-0.30594
-0.28075
-0.27639
-0.23858
-0.26263
-0.22036
-0.22718
-0.23483
-0.21521
-0.24463
-0.24235
-0.25402
-0.25032
-0.26793
-0.26844
-0.30685
-0.31992
-0.33828
-0.35212
-0.34299
-0.35876
-0.34934
-0.37424
-0.34663
-0.36639
-0.34037
-0.3478
-0.31416
-0.33406
-0.32068
-0.29629
-0.30677
-0.27232
-0.29131
-0.26268
-0.2698
-0.2689
-0.25788
-0.25325
-0.28547
-0.27038
-0.30061
-0.28458
-0.28348
-0.32097
-0.31818
-0.30819
-0.33269
-0.3354
-0.37396
-0.34677
-0.37546
-0.39762
-0.35762
-0.39349
-0.3466
-0.34281
-0.33986
-0.30221
-0.30376
-0.2892
-0.26862
-0.26952
-0.25739
-0.22971
-0.23954
-0.21144
-0.22583
-0.19451
-0.21712
-0.23906
-0.23202
-0.26419
-0.26478
-0.29219
-0.30868
-0.29853
-0.30162
-0.33646
-0.32338
-0.35624
-0.33822
-0.32541
-0.36282
-0.35705
-0.32667
-0.33301
-0.31509
-0.33052
-0.2913
-0.31233
-0.28166
-0.26441
-0.29375
-0.26729
-0.27565
-0.24662
-0.25812
-0.24866
-0.27368
-0.2817
-0.28879
-0.2889
-0.31363
-0.31573
-0.33033
-0.37728
-0.36437
-0.36825
-0.40144
-0.35938
-0.4029
-0.37139
-0.39442
-0.40739
-0.36242
-0.39396
-0.35602
-0.3692
-0.33172
-0.34624
-0.29889
-0.33057
-0.30571
-0.32134
-0.29747
-0.29746
-0.30824
-0.29598
-0.30883
-0.31762
-0.31841
-0.35132
-0.32645
-0.36451
-0.34701
-0.36984
-0.37987
-0.35879
-0.38214
-0.36413
-0.38065
-0.34925
-0.35187
-0.37948
-0.34163
-0.35244
-0.36586
-0.34847
-0.36548
-0.32371
-0.35253
-0.3134
-0.31424
-0.29574
-0.31673
-0.28759
-0.31295
-0.29528
-0.32116
-0.28972
-0.3017
-0.31811
-0.30674
-0.34528
-0.35342
-0.34742
-0.36728
-0.36025
-0.35342
-0.3756
-0.37326
-0.34176
-0.3756
-0.34687
-0.36208
-0.36966
-0.33384
-0.35236
-0.30294
-0.32243
-0.34219
-0.31819
-0.33941
-0.30334
-0.31275
-0.3256
-0.32816
-0.32207
-0.33719
-0.3155
-0.34067
-0.30824
-0.31174
-0.35063
-0.32769
-0.35005
-0.33997
-0.3716
-0.33596
-0.34099
-0.3669
-0.34695
-0.34616
-0.37111
-0.33669
-0.36674
-0.35352
-0.34134
-0.36342
-0.35737
-0.33361
-0.35405
-0.33078
-0.33761
-0.33224
-0.31202
-0.35813
-0.32831
-0.34325
-0.31373
-0.35559
-0.34674
-0.33481
-0.36018
-0.32981
-0.33788
-0.36706
-0.34402
-0.3731
-0.37321
-0.34552
-0.37251
-0.35181
-0.37566
-0.35901
-0.34736
-0.34702
-0.37396
-0.35672
-0.37528
-0.35652
-0.38449
-0.36679
-0.36489
-0.37061
-0.36382
-0.39213
-0.37373
-0.3656
-0.40012
-0.36231
-0.37652
-0.4053
-0.38284
-0.37923
-0.39719
-0.38365
-0.40101
-0.38914
-0.38427
-0.41438
-0.41774
-0.4312
-0.39508
-0.42945
-0.3959
-0.39665
-0.41397
-0.39152
-0.39133
-0.4181
-0.39453
-0.3908
-0.41289
-0.38461
-0.40552
-0.38948
-0.3897
-0.41509
-0.39634
-0.42416
-0.39233
-0.42404
-0.3963
-0.41815
-0.42184
-0.38337
-0.42231
-0.39115
-0.39064
-0.40584
-0.42593
-0.38475
-0.38128
-0.42365
-0.3932
-0.40895
-0.38646
-0.41914
-0.42057
-0.38991
-0.4039
-0.39207
-0.41559
-0.37926
-0.41858
-0.39101
-0.38826
-0.38126
-0.3825
-0.38925
-0.40992
-0.38127
-0.38894
-0.41337
-0.37179
-0.41624
-0.41708
-0.38288
-0.41128
-0.38696
-0.4096
-0.38434
-0.38459
-0.40941
-0.38119
-0.37585
-0.38666
-0.38251
-0.41403
-0.40887
-0.38897
-0.41208
-0.39371
-0.4239
-0.4063
-0.39566
-0.41003
-0.38579
-0.3948
-0.42584
-0.38054
-0.41637
-0.39104
-0.40638
-0.38931
-0.42519
-0.41924
-0.41864
-0.39095
-0.41642
-0.39176
-0.40601
-0.4211
-0.39784
-0.39965
-0.42603
-0.40287
-0.42896
-0.40527
-0.43647
-0.41146
-0.42837
-0.41048
-0.41316
-0.42281
-0.43973
-0.41313
-0.43991
-0.41252
-0.39582
-0.42185
-0.41553
-0.43399
-0.42393
-0.41116
-0.43135
-0.39316
-0.43332
-0.42171
-0.40081
-0.41726
-0.38988
-0.41313
-0.42616
-0.39473
-0.40202
-0.3971
-0.39754
-0.42102
-0.39965
-0.40381
-0.43275
-0.40512
-0.4417
-0.41053
-0.44097
-0.44088
-0.40758
-0.42686
-0.40922
-0.41706
-0.40476
-0.40775
-0.39371
-0.42973
-0.39794
-0.41551
-0.40165
-0.41825
-0.42651
-0.38813
-0.4021
-0.41894
-0.40897
-0.43751
-0.40855
-0.42914
-0.40729
-0.44016
-0.39324
-0.40817
-0.42775
-0.41295
-0.44021
-0.43049
-0.41383
-0.41485
-0.4462
-0.41332
-0.43116
-0.43508
-0.40828
-0.43737
-0.4327
-0.40336
-0.42923
-0.39897
-0.4288
-0.40373
-0.4187
-0.39655
-0.43706
-0.4237
-0.4402
-0.43818
-0.40207
-0.41354
-0.43211
-0.44403
-0.45469
-0.43726
-0.41946
-0.4516
-0.45412
-0.42477
-0.45219
-0.42142
-0.4105
-0.44967
-0.42018
-0.4607
-0.425
-0.44173
-0.4267
-0.45632
-0.45652
-0.44143
-0.42992
-0.45543
-0.42966
-0.46042
-0.44576
-0.42964
-0.46613
-0.45646
-0.42769
-0.45782
-0.41868
-0.45771
-0.45569
-0.41121
-0.45594
-0.42692
-0.45961
-0.4335
-0.46267
