-0.57788
-0.53427
-0.549
-0.52439
-0.5797
-0.57206
-0.57055
-0.52797
-0.55074
-0.53155
-0.57604
-0.52689
-0.55188
-0.54428
-0.53848
-0.58457
-0.53592
-0.5717
-0.53631
-0.58338
-0.56699
-0.55337
-0.53903
-0.58802
-0.54229
-0.5885
-0.53138
-0.5405
-0.58176
-0.54767
-0.53798
-0.57922
-0.53515
-0.5767
-0.52965
-0.56977
-0.53495
-0.55091
-0.57303
-0.58221
-0.53602
-0.55813
-0.53296
-0.5396
-0.5809
-0.53692
-0.54249
-0.58787
-0.53614
-0.58524
-0.5373
-0.57708
-0.53534
-0.58329
-0.56091
-0.56453
-0.5178
-0.57039
-0.53769
-0.54151
-0.58308
-0.52961
-0.55435
-0.58498
-0.54265
-0.58471
-0.54011
-0.58359
-0.54308
-0.54208
-0.53289
-0.53961
-0.56158
-0.53951
-0.57322
-0.58479
-0.57413
-0.58308
-0.58292
-0.54052
-0.58705
-0.57561
-0.53767
-0.58453
-0.51793
-0.58089
-0.532
-0.51911
-0.53242
-0.5399
-0.56124
-0.53975
-0.54115
-0.57593
-0.54207
-0.57964
-0.58678
-0.54043
-0.56057
-0.58342
-0.53845
-0.58469
-0.51597
-0.549
-0.58356
-0.51218
-0.5782
-0.53562
-0.55824
-0.53791
-0.56154
-0.56422
-0.54318
-0.53812
-0.52982
-0.53895
-0.58579
-0.58897
-0.53626
-0.59045
-0.56151
-0.54085
-0.58261
-0.52008
-0.56814
-0.5466
-0.56249
-0.5433
-0.53696
-0.56701
-0.54147
-0.58397
-0.58513
-0.54103
-0.56611
-0.56516
-0.5378
-0.58533
-0.53938
-0.58654
-0.5867
-0.5327
-0.57456
-0.54783
-0.52862
-0.58408
-0.54599
-0.53401
-0.55313
-0.58678
-0.54357
-0.5872
-0.57783
-0.54223
-0.58539
-0.5824
-0.54182
-0.58816
-0.54685
-0.59189
-0.54853
-0.55652
-0.58748
-0.54824
-0.59241
-0.54551
-0.54854
-0.5279
-0.54446
-0.58924
-0.51509
-0.54686
-0.54286
-0.57685
-0.54191
-0.58558
-0.54358
-0.58088
-0.58761
-0.5948
-0.58836
-0.5411
-0.54882
-0.54892
-0.58228
-0.54747
-0.59714
-0.53858
-0.54848
-0.56372
-0.55338
-0.54223
-0.58415
-0.5461
-0.57391
-0.54484
-0.58889
-0.52843
-0.56952
-0.58614
-0.54433
-0.54384
-0.59347
-0.54123
-0.59429
-0.52037
-0.54454
-0.58922
-0.52231
-0.5887
-0.5667
-0.59999
-0.55007
-0.54524
-0.58825
-0.54563
-0.59103
-0.59309
-0.54574
-0.59869
-0.58553
-0.54164
-0.59147
-0.52083
-0.58876
-0.56979
-0.54592
-0.59007
-0.53493
-0.52671
-0.59208
-0.54857
-0.58983
-0.5483
-0.5489
-0.59043
-0.54468
-0.52221
-0.54928
-0.59197
-0.54529
-0.58732
-0.53032
-0.59395
-0.59182
-0.59103
-0.52097
-0.58493
-0.5458
-0.57271
-0.54418
-0.58333
-0.57092
-0.54813
-0.54485
-0.53837
-0.52613
-0.58778
-0.54606
-0.56532
-0.55021
-0.54995
-0.53868
-0.53469
-0.59531
-0.56611
-0.53711
-0.58742
-0.54507
-0.58956
-0.53662
-0.5941
-0.58223
-0.54181
-0.5871
-0.54521
-0.59034
-0.54422
-0.54515
-0.59175
-0.52278
-0.53844
-0.58663
-0.53417
-0.59853
-0.5529
-0.53922
-0.54215
-0.6294
-0.55761
-0.64072
-0.60048
-0.64853
-0.62516
-0.59417
-0.64776
-0.55727
-0.5279
-0.49827
-0.55262
-0.50563
-0.54969
-0.66159
-0.62421
-0.7217
-0.65023
-0.73045
-0.7353
-0.69445
-0.70597
-0.6435
-0.68023
-0.589
-0.61373
-0.55512
-0.48122
-0.46918
0.079141
-0.76477
-0.51525
-0.33168
-0.1481
-0.128
-0.11606
-0.010827
-0.012581
-0.022627
-0.0081686
-0.019919
-0.013067
-0.014792
-0.018885
-0.016303
-0.018321
-0.021779
-0.010336
-0.022048
-0.016753
-0.020566
-0.019186
-0.022746
-0.017266
-0.27634
-0.89712
-0.88312
-0.65635
-0.78383
-0.87802
-0.85787
-0.84647
-0.70491
-0.7972
-0.69916
-0.68832
-0.64384
-0.60841
-0.59065
-0.58983
-0.55109
-0.63676
-0.52823
-0.38189
-0.17325
-0.15392
-0.26422
-0.67169
-1.1092
-1.746
-2.1544
-2.5073
-2.4102
-2.2699
-2.1953
-1.9069
-1.7677
-1.7587
-1.7085
-1.2705
-1.082
-0.9842
-1.0744
-0.88138
-0.92927
-0.75214
-0.74388
-0.55058
-0.17184
-0.082402
-0.077028
0.0013601
-0.00027462
-0.0057989
0.0042843
0.046128
0.17836
-0.032668
-0.22848
-0.394
-0.44235
-0.6775
-0.71401
-0.63286
-0.80376
-0.92813
-0.28867
-0.48628
-0.53307
-0.31905
0.019686
0.017276
0
-0.0011392
-0.019567
-0.0083753
0
0
0
0
-0.0089173
-0.0078834
-0.0027642
-0.0071394
0
-0.0023867
-0.0077901
-0.0047168
-0.018785
-0.011393
-0.014779
-0.33356
-0.46908
-1.1579
-1.2754
-0.62885
-0.74547
-0.784
-0.87604
-0.84477
-0.93068
-0.81248
-0.69959
-0.57634
-0.55244
-0.52479
-0.58367
-0.56281
-0.58901
-0.66304
-0.49543
-0.62631
-1.0479
-1.4506
-1.8775
-2.4204
-2.4176
-2.643
-2.5049
-2.3088
-2.2462
-2.12
-1.892
-1.7516
-1.5655
-1.5832
-1.4453
-1.2489
-1.2051
-1.079
-1.0743
-0.96435
-0.96596
-0.10149
0.0029328
0.001316
-0.00043099
-0.010097
-0.060953
-0.12161
-0.13189
-0.20525
-0.23757
-0.49489
-0.61087
-0.73549
-0.69553
-0.84693
-0.97901
-0.76066
-0.83257
-0.92389
0.086147
0.12892
-0.0015264
0
0.00053918
-0.008034
-0.0037006
-0.0093756
-0.00095977
-0.00082786
-0.00023071
-0.017923
-0.017758
-0.0098452
-0.0027621
-0.0094657
-0.012284
-0.018273
-0.019573
-0.01165
-0.20992
-0.51273
-0.93193
-1.6413
-1.4697
-1.0368
-1.0886
-1.0659
-1.1495
-1.0332
-0.45912
-0.39886
-0.41624
-0.43902
-0.47568
-0.52768
-0.46152
-0.51324
-0.37653
-0.32845
-0.3419
-0.48368
-1.0806
-1.6376
-1.9821
-2.6452
-2.7311
-3.0045
-2.5267
-2.2932
-1.9843
-1.765
-1.5855
-1.7361
-1.5956
-1.551
-1.3529
-1.3411
-1.1657
-1.0662
-1.0492
-1.0753
-0.93139
-0.91847
-0.86247
-0.54557
-0.14146
-0.083898
0.00096035
0
-0.0067447
-0.12828
-0.05847
-0.28637
-0.25996
-0.32339
-0.4322
-0.73748
-0.84014
-0.77783
-0.78644
-0.94867
-0.93452
-0.93242
-0.93486
-0.98189
-1.094
-0.82923
-0.45466
-0.10267
-0.014693
0.00072892
-0.00076968
0
-0.03027
-0.0063209
-0.00082941
-0.013414
-0.012446
-0.0011719
-0.01433
0
-0.010367
-0.0028282
0.00052785
-0.0077911
-0.0080211
-0.019879
-0.0050935
-0.021312
-0.22279
-0.72888
-1.0904
-1.4346
-1.348
-1.2209
-1.182
-1.0308
-0.91538
-0.65022
-0.58895
-0.60573
-0.53336
-0.53514
-0.50216
-0.55509
-0.49457
-0.41847
-0.2166
-0.15668
-0.13907
-0.63075
-1.1582
-1.7224
-2.2732
-2.5448
-2.6293
-2.6225
-2.301
-2.319
-1.9437
-1.9411
-1.9658
-1.9346
-1.8306
-1.6487
-1.5441
-1.4256
-1.2086
-1.1666
-1.0168
-0.87336
-0.78167
-0.16397
-0.10544
-0.065466
-0.0015525
-0.017472
-0.043545
-0.16725
-0.24678
-0.26047
-0.34658
-0.65561
-0.71977
-0.72521
-0.76636
-0.83566
-0.85202
-0.99668
-0.7915
-0.77964
-0.86582
-0.88947
-0.52829
-0.24672
-0.028417
0.014655
0
0
0.0016494
-0.0072196
-0.014067
-0.0093203
-0.013226
-0.0041448
-0.00082786
-0.0035166
-0.0029469
-0.016843
-0.0076525
-0.0010383
-0.008048
-0.25111
-0.55923
-1.0369
-1.6846
-1.5171
-1.2519
-1.3781
-1.3205
-1.3345
-1.1833
-1.2007
-0.91566
-0.70358
-0.62994
-0.55499
-0.50287
-0.48292
-0.39336
-0.43928
-0.47755
-0.44336
-0.41508
-0.25689
-0.13789
-0.26816
-0.66273
-1.2708
-1.804
-2.2233
-2.6786
-2.7683
-2.8968
-1.825
-1.9836
-1.8173
-1.7557
-1.6561
-1.4122
-1.247
-1.2168
-1.0754
-1.176
-1.1168
-1.0155
-0.8516
-0.53171
-0.10382
-0.082516
-0.016909
0.0020942
-0.012943
-0.12437
-0.10504
-0.25718
-0.30351
-0.26337
-0.4694
-0.56443
-0.72191
-0.73607
-0.79899
-0.85254
-0.88182
-0.73831
-0.86165
-0.93622
-1.0531
-0.69566
-0.37422
-0.06147
-0.0096194
-0.0053624
0
-0.011154
-0.010647
-0.0019328
0
-0.0090028
-0.0039859
-0.0052376
-0.012344
-0.01197
-0.011545
-0.019107
-0.008518
-0.039168
-0.23902
-0.8013
-1.2644
-1.8339
-1.5663
-1.3528
-1.3456
-1.4301
-1.3046
-1.3359
-1.2264
-1.0314
-0.81924
-0.53947
-0.45321
-0.48431
-0.42289
-0.46611
-0.47876
-0.45974
-0.45361
-0.30877
-0.2042
-0.11018
-0.19477
-0.55583
-1.092
-1.5802
-2.2289
-2.4806
-2.6268
-1.8238
-1.8796
-1.7893
-1.8246
-1.5865
-1.4152
-1.3372
-1.1601
-1.1741
-1.1122
-1.1049
-1.0155
-0.83938
-0.75579
-0.51657
-0.10269
-0.087965
0
0
-0.0081635
-0.12686
-0.083223
-0.22386
-0.18621
-0.31964
-0.72146
-0.80867
-0.84073
-0.94548
-0.99091
-0.74092
-0.96541
-1.1153
-0.64681
-0.38092
-0.052542
0.045936
0.00065299
0
0
-0.01916
0
-0.0071236
-0.019468
-0.011172
0
-0.0096903
-0.0094825
-0.0023496
-0.0019331
0
-0.012693
-0.014324
-0.018425
-0.0082774
-0.052046
-0.21461
-0.69768
-1.4019
-1.3914
-1.2651
-1.2931
-1.1635
-0.9651
-0.67229
-0.5401
-0.47074
-0.4959
-0.45223
-0.48553
-0.4505
-0.49918
-0.50869
-0.44961
-0.2847
-0.18645
-0.26884
-0.49409
-1.1093
-1.6484
-2.1113
-2.3401
-2.8541
-2.6787
-2.6602
-2.1737
-2.187
-2.1132
-1.9702
-1.8421
-1.7736
-1.5723
-1.5065
-1.3553
-1.2331
-1.1067
-1.108
-1.1953
-1.0955
-0.87402
-0.84229
-0.0011513
-0.0027136
-0.049582
-0.0084746
-0.14227
-0.21059
-0.25548
-0.35923
-0.64232
-0.74953
-0.84013
-0.96254
-0.91933
-0.91184
-0.94035
-0.82309
-0.79732
-0.88285
-0.89593
-0.67171
-0.25159
-0.20765
-0.19058
-0.045201
-0.014206
-0.032906
-0.010323
-0.0070148
-0.010004
-0.0084396
-0.012179
0
-0.0093531
-0.0072086
-0.0038136
-0.0059791
-0.0017813
-0.0077858
0
-0.0081575
-0.011101
-0.011814
-0.70645
-0.58943
-0.61176
-0.6815
-0.68113
-0.68245
-0.49329
-0.4086
-0.36508
-0.30195
-0.29009
-0.25961
-0.27828
-0.26777
-0.29246
-0.33828
-0.35767
-0.2808
-0.15749
-0.13508
-0.053727
-0.42536
-0.47335
-0.54384
-0.712
-0.91966
-0.9803
-1.1271
-1.1745
-1.1692
-1.2282
-1.1231
-1.1691
-1.0969
-0.98857
-1.0542
-0.93971
-0.86448
-0.84045
-0.71665
-0.61535
-0.5379
-0.49161
0.065212
0.0022327
0
-0.093484
-0.12096
-0.13821
-0.20072
-0.17059
-0.20437
-0.23715
-0.30727
-0.35034
-0.349
-0.34252
-0.37156
-0.25529
0.39064
0.02847
-0.20188
-0.12115
0.039565
0.071379
0.069978
0.030577
0.021847
0
0
0
1.9668e-05
-0.010931
-0.0076501
0
-0.0062505
-0.0044756
-0.0058356
-0.0048032
-0.0016368
-0.0070497
-0.023895
-0.19127
-0.18905
-0.46281
-0.93087
-0.70845
-0.69543
-0.49074
-0.53411
-0.56112
-0.5286
-0.60853
-0.55743
-0.43573
-0.30956
-0.2639
-0.22587
-0.2337
-0.22235
-0.21177
-0.23339
-0.23043
-0.23126
-0.13639
-0.078521
-0.066848
-0.066418
-0.31491
-0.53642
-0.44372
-0.3963
-0.58124
-0.79744
-0.77104
-0.84537
-0.91878
-0.88819
-0.93825
-0.9058
-0.84422
-0.82742
-0.69421
-0.60292
-0.60139
-0.50853
-0.47746
-0.46967
-0.38521
-0.10199
0.094902
0.06084
-0.012446
-0.064907
-0.1201
-0.021927
-0.073661
-0.07753
-0.093088
-0.21038
-0.15825
-0.12944
-0.19158
-0.15549
-0.20551
-0.13763
-0.05509
0.6871
0.14513
0.013711
0.016502
0.089337
0.12544
0.083443
0.041146
0.050663
0
6.3655e-05
-0.00019027
0
-0.0051078
-0.0023906
-0.0025457
-0.0079239
-0.00032332
-0.0064003
-0.003231
-0.0026748
-0.0094014
-0.070606
-0.092415
-0.22833
-0.37744
-0.63895
-0.43941
-0.48659
-0.39027
-0.43322
-0.35985
-0.38068
-0.42264
-0.36094
-0.33093
-0.23032
-0.21289
-0.17401
-0.16465
-0.14648
-0.15446
-0.14483
-0.15916
-0.13819
-0.11566
-0.071355
-0.047535
-0.041489
-0.15059
-0.37075
-0.1846
-0.15242
-0.26609
-0.40821
-0.49515
-0.52685
-0.52773
-0.45895
-0.45325
-0.46959
-0.41905
-0.3923
-0.289
-0.25928
-0.231
-0.19156
-0.20168
-0.19155
-0.096089
0.13779
0.060443
-0.0238
-0.049984
-0.045366
0.10408
0.090304
0.064859
0.016825
0.023484
-0.008325
-0.024624
-0.02403
-0.031815
0.021197
0.030166
0.065447
0.64872
0.38261
0.17952
0.15981
0.14881
0.12392
0.10994
0.098105
0.029925
0
0.0013467
0.0021434
0
-0.0044913
-7.8755e-05
-0.0022822
-0.0043287
0.0010176
-0.0015048
-0.0021038
-0.0037834
-0.014596
-0.061967
-0.062315
-0.154
-0.27822
-0.37224
-0.12615
-0.17827
-0.20959
-0.22343
-0.13557
-0.14489
-0.21567
-0.18678
-0.16272
-0.15068
-0.10057
-0.095854
-0.088801
-0.08998
-0.083607
-0.093918
-0.087108
-0.09187
-0.061185
-0.040954
-0.045648
-0.03253
-0.080388
-0.039945
0.13089
0.15272
0.080235
-0.061738
-0.13166
-0.15373
-0.11927
-0.14054
-0.060217
-0.012537
0.009993
-0.018388
0.0044739
-0.038968
-0.014767
0.019346
0.10656
0.094506
0.15698
0.14051
0.12459
0.096841
0.10495
0.20728
0.21768
0.016775
0.052891
0.082167
0.16897
0.15163
0.1185
0.14971
0.12251
0.17467
0.17862
0.19773
0.24374
0.23033
0.25065
0.25724
0.60924
0.51757
0.36681
0.19751
0.12247
0.11134
0.10447
0.089453
0.028715
0
0
0.0038429
-0.0017148
-0.0026379
-0.00091507
-0.0023422
-0.0025099
-0.00090378
0
-0.0010753
0
-0.00063135
-0.00055649
0.00026557
-0.0075836
0.0049554
0.081956
0.3689
0.30581
0.20592
0.13073
0.15143
0.19771
0.26917
0.11924
0.030506
0.0044744
-0.0065769
-0.0058523
0.013075
0.016738
0.017672
0.00058174
-0.003096
-0.0030668
-0.0028935
-0.0027422
-0.0080773
-0.0040848
0.024545
0.21161
0.49309
0.32571
0.38286
0.35852
0.42066
0.5012
0.47429
0.52359
0.49659
0.44059
0.40034
0.39811
0.41986
0.45551
0.44687
0.49208
0.44941
0.41493
0.40356
0.39564
0.34406
0.080832
0.13358
0.19853
0.24868
0.27172
0.28023
0.30658
0.30141
0.32229
0.34105
0.3175
0.549
0.55724
0.45221
0.22809
0.10443
0.11746
0.092926
0.058344
0.024772
0
-0.0045116
0.0034303
0
0.00058148
0.0024445
0.0016552
0.0017645
0.0001729
0.0011671
0.0017819
0.00054378
0.0018496
0.0014676
0.002906
0.049432
0.075647
0.1435
0.2301
0.45332
0.39405
0.34948
0.4827
0.54748
0.36796
0.20458
0.1302
0.095094
0.089006
0.076194
0.09464
0.06185
0.03926
0.039436
0.03551
0.024805
0.013718
0.022528
0.017196
0.081661
0.34533
0.63144
0.58757
0.70676
0.73785
0.86907
0.90195
0.95562
0.91748
0.9441
0.88662
0.83153
0.7653
0.81576
0.72621
0.75264
0.71533
0.66313
0.62092
0.61544
0.53683
0.39406
0.17287
0.24872
0.27832
0.34659
0.35495
0.37238
0.37894
0.41303
0.39609
0.34414
0.41533
0.50715
0.66665
0.51152
0.31982
0.11803
0.094746
0.096093
0.036786
0.015586
0.001554
-0.0052165
0.0031824
0.0035162
0.002193
0.0038739
0.0021184
0.0038453
0.00099814
0.00033902
0.0029581
0.0019573
0.0020486
0.0027506
0.0046622
0.604
1.0162
1.2592
0.86867
0.6272
0.57773
0.54174
0.71496
0.67808
0.60431
0.36212
0.23758
0.17254
0.12632
0.11303
0.091251
0.058256
0.053957
0.042991
0.031532
0.016368
0.0060453
0.036885
0.012921
0.084114
0.37432
0.81851
0.8366
1.0077
1.0528
1.21
1.225
1.2271
1.2603
1.2421
1.1241
1.1472
1.0032
1.0913
1.0106
0.90744
0.84231
0.85027
0.76263
0.82518
0.6245
0.43665
0.25403
0.3178
0.35282
0.31291
0.30051
0.36884
0.3214
0.32202
0.35268
0.32187
0.25985
0.33324
0.59631
0.39618
0.22564
0.083211
0.096494
0.098703
0.062223
0.014205
0
0
0.006762
0.0036658
0.00043787
0.0057698
0.0043266
0.0025208
0.0019748
0.002405
0.0022644
0.0033179
0.0049399
0.0050723
0.0079927
0.029858
0.073284
1.2542
1.2186
0.77248
0.64381
0.67059
0.82057
0.91251
0.97389
0.68535
0.40775
0.2745
0.1649
0.15381
0.13681
0.14336
0.085511
0.071892
0.049835
0.021586
0.0058778
0.079289
0.03431
0.1951
0.46341
0.72812
0.9546
1.0773
1.1444
1.0595
1.1022
1.4835
1.463
1.5021
1.4111
1.3586
1.187
1.1713
1.0191
1.0576
0.97759
0.97166
0.89435
0.86411
0.66011
0.47073
0.17451
0.36291
0.4218
0.49109
0.53786
0.53341
0.55959
0.44924
0.60068
0.57423
0.46596
0.47093
0.5786
0.46264
0.21472
0.050998
0.048388
0.10806
0.041872
0.0035125
0.0020511
0.0049406
0.018755
0.00089091
0
0.0055152
0.0039221
0.003218
0.0032352
0.0078974
0.0034308
0.0048515
0.0071514
0.0033084
0.010765
0.0082822
0.0061245
0.072876
0.19595
0.46052
0.80482
1.0866
0.895
0.77599
0.76411
0.71644
0.52869
0.44091
0.3995
0.4018
0.29059
0.24911
0.24962
0.23924
0.18305
0.16165
0.094939
0.095044
0.070779
0.25868
0.58964
0.89668
1.062
1.3533
1.2771
1.1587
1.1773
1.2324
1.1925
1.4359
1.3702
1.4993
1.3052
1.385
1.2551
1.2695
1.1326
1.1712
1.129
1.0269
1.0027
0.6255
0.36663
0.34083
0.46447
0.70177
0.74906
0.65603
0.60767
0.50555
0.56021
0.60228
0.66357
0.62285
0.63019
0.50224
0.54863
0.60249
0.57848
0.41655
0.24445
0.082413
0.070366
0.0072344
-0.013652
-0.032876
0
0
0.0020373
0.0046577
0.0053985
0.0032738
0.0064997
0.004348
0.0036117
0.0032727
0.005071
0.0049521
0.096728
0.067012
0.37317
0.68385
1.112
1.2303
0.86634
0.78427
0.74515
0.68261
0.72681
0.78317
0.8024
0.65261
0.40899
0.261
0.24175
0.19386
0.17324
0.13592
0.13108
0.12181
0.069809
0.04622
0.0074501
0.028713
0.026611
0.077592
0.33756
0.83492
1.1327
1.1749
1.1304
0.90005
0.9738
1.1215
1.2368
1.217
1.0806
1.1352
1.0344
0.88571
0.88466
0.87452
0.81643
0.90932
0.80042
0.71754
0.58108
0.11404
0.061151
0.12334
0.15759
0.39239
0.51388
0.55263
0.50649
0.5046
0.57954
0.67957
0.82761
0.85271
0.82228
0.73982
0.7091
0.76721
0.84673
0.57953
0.57443
0.23326
0.092554
0.088057
0.034414
-0.025494
0
0
0.00035709
0.00073881
0.0025259
0.011255
0.0019702
0.0011975
0
0
0.0060062
0.00070144
0
0.0061123
0.061247
0.2145
0.35003
0.69596
0.94412
0.67765
0.55903
0.55702
0.69643
0.63561
0.52513
0.51967
0.37788
0.30897
0.23709
0.15097
0.14073
0.14914
0.12829
0.11935
0.091165
0.085001
0.07061
0.038653
0.028793
0.034606
0.1629
0.42184
0.69425
1.0766
1.1972
1.15
0.93694
0.92207
0.8845
1.0977
1.0918
1.139
1.2327
1.1809
1.1723
1.068
1.1078
1.0035
0.95424
0.99388
0.94472
0.58057
0.24219
0.12304
0.156
0.24565
0.35268
0.38817
0.41402
0.38113
0.4271
0.38399
0.50968
0.58328
0.5542
0.55363
0.4705
0.42797
0.58186
0.57248
0.39032
0.29288
0.13315
0.066209
0.065129
0.0037986
-0.0077725
0
0
0.0016393
0
0.0074676
0.0021424
0.00092017
0.00072673
0.0065099
0.0049659
0.0073832
0.0007225
0.0038041
0
0.0020851
0.51863
0.75166
0.92291
0.72272
0.59329
0.6339
0.56405
0.45735
0.48896
0.54699
0.40148
0.30702
0.20696
0.17687
0.1235
0.13327
0.12051
0.10988
0.10175
0.065819
0.057335
0.025075
0.020643
0.019555
0.083268
0.25413
0.47676
0.69711
0.87794
0.82837
0.78828
0.72016
0.82346
0.85405
0.96769
1.0504
1.113
1.1053
1.0258
0.91353
0.96422
0.85729
0.87709
0.84489
0.64728
0.3663
0.098206
0.068598
0.077459
0.15837
0.24353
0.39453
0.42184
0.38062
0.37013
0.45897
0.62388
0.63892
0.63326
0.67263
0.62294
0.67402
0.79375
0.79535
0.68863
0.51084
0.19643
0.10537
0.065467
0.076067
0.010422
0
0
0.00016549
0
0.0037942
0.0085558
0.0036884
0.00073841
0.006224
0.0069305
0.0031222
0.002961
0.00084129
0.0022908
0.0044248
0.0054757
0.0037467
0.062031
0.095821
0.54118
0.45462
0.47723
0.51134
0.44838
0.44285
0.336
0.27183
0.22038
0.18937
0.13527
0.11471
0.11014
0.10269
0.10215
0.092595
0.085797
0.072548
0.044115
0.021127
0.031302
0.13838
0.32942
0.54765
0.80753
0.89881
0.86355
0.73736
0.75166
0.77285
0.92395
1.0468
1.0044
1.1262
0.97249
1.0076
0.96507
1.0118
0.98535
0.9179
0.88567
0.73037
0.5268
0.22921
0.075422
0.085509
0.20432
0.36117
0.36489
0.38838
0.36485
0.33552
0.38181
0.45843
0.59964
0.65843
0.59875
0.60377
0.48121
0.58901
0.63168
0.50357
0.42308
0.1637
0.068577
0.086087
0.01745
-0.00054991
0
0
0.0048897
0.00104
0.0078853
0.0076051
0.00076478
0.00088426
0.0029724
0.0046353
0.0041356
0.0015067
0.0024735
0.0027382
0.0012365
0.003122
0.048942
0.026467
0.20275
0.48462
0.46616
0.42748
0.39819
0.38693
0.375
0.24471
0.21222
0.19008
0.11339
0.10229
0.086219
0.086236
0.077933
0.046323
0.019324
0.03635
0.023028
0.015532
0.01658
0.075824
0.22083
0.44398
0.62527
0.71446
0.79902
0.67676
0.60393
0.67846
0.79009
0.87152
0.88122
0.96964
0.94615
0.8955
0.8387
0.84771
0.84657
0.63797
0.63131
0.5894
0.367
0.092281
0.056532
0.069932
0.12763
0.24117
0.34238
0.34936
0.32816
0.3015
0.34733
0.47176
0.60678
0.55997
0.56268
0.55583
0.50339
0.6477
0.64409
0.50423
0.39143
0.16195
0.093989
0.071505
0.045268
-0.0028173
0
0
0
0.0012148
0.0034766
0.0068254
0.0017121
0.00048157
0.0037866
0.0062574
0.0013992
0.0012993
0.0019181
0
0.0035589
0.0029202
0.43491
0.57107
0.46203
0.39836
0.4012
0.41099
0.32056
0.32004
0.2955
0.22584
0.2068
0.12341
0.082656
0.075745
0.076732
0.082139
0.068111
0.063489
0.05227
0.045794
0.024634
0.013963
0.013263
0.058528
0.18731
0.33675
0.47902
0.58328
0.64212
0.5603
0.5328
0.55403
0.59834
0.71821
0.78214
0.90821
0.86333
0.84802
0.82943
0.84035
0.76886
0.72222
0.75346
0.74891
0.72291
0.61313
0.56893
0.45998
0.3478
0.050199
0.38549
0.37137
0.34765
0.33489
0.46121
0.57373
0.68982
0.70332
0.60064
0.62593
0.63365
0.75837
0.76952
0.59465
0.48203
0.20312
0.12391
0.096723
0.070161
0.02238
0.00082349
0
0
0.0019219
0.0015979
0.00707
0.00023459
0
0.0048968
0.0049229
0.0026915
0.00078708
0.0030534
0.0012321
0.0041618
0.0016412
0.0019942
0.039246
0.053658
0.18776
0.29408
0.35497
0.35827
0.32201
0.33995
0.30582
0.32734
0.29838
0.25326
0.23113
0.17027
0.13392
0.12299
0.1196
0.10148
0.071691
0.062582
0.056658
0.058006
0.056348
0.037532
0.01971
0.0237
0.11854
0.20403
0.29661
0.35001
0.44174
0.45971
0.51361
0.49978
0.48768
0.49786
0.66772
0.74351
0.86504
0.85623
0.87225
0.84168
0.79117
0.76374
0.71557
0.77777
0.72298
0.70421
0.70617
0.57084
0.51001
0.40237
0.11164
0.034594
0.074206
0.17521
0.35884
0.34102
0.32599
0.31841
0.29666
0.45453
0.50965
0.54878
0.63728
0.58212
0.56994
0.58604
0.62604
0.76728
0.563
0.41196
0.19202
0.10276
0.060943
0.041513
0.037157
0
0
0
0
0.003088
0.0056831
0.0013229
0
0.0033791
0.0021161
0.0026016
0.0018663
0.0013128
0.0024034
0.0011015
0.0037217
0.030888
0.018772
0.11834
0.21274
0.30432
0.51705
0.30989
0.30451
0.28968
0.32002
0.26865
0.25325
0.25098
0.17972
0.13164
0.10826
0.074816
0.066532
0.067531
0.055519
0.049704
0.040932
0.028689
0.028648
0.013983
0.010718
0.016142
0.086501
0.1893
0.28346
0.49549
0.53072
0.56861
0.42032
0.44932
0.48821
0.60042
0.66393
0.77575
0.82321
0.85328
0.80057
0.82437
0.72483
0.72924
0.71204
0.62996
0.57332
0.40295
0.14246
0.057238
0.080946
0.16934
0.25863
0.31848
0.33139
0.28925
0.2566
0.32974
0.41531
0.56038
0.51152
0.52878
0.48046
0.4016
0.58425
0.61832
0.44323
0.39118
0.13915
0.060937
0.065139
0.048415
-0.0039607
0.00033516
0
0
0.00041033
0.0013401
0.0036027
0.0022843
0.00027321
0.0020771
0.0039952
0.0024741
0.0056669
0.017945
0.047801
0.14795
0.23015
0.36702
0.50504
0.3341
0.32554
0.28138
0.27731
0.2324
0.26878
0.22141
0.18484
0.12422
0.078416
0.05847
0.046489
0.05008
0.040245
0.038164
0.027768
0.024396
0.01416
0.0077152
0.0053017
0.0075851
0.033322
0.11428
0.19298
0.32932
0.42383
0.44287
0.53384
0.62531
0.70973
0.77993
0.68158
0.66738
0.66551
0.60749
0.64084
0.61171
0.60698
0.61398
0.54871
0.51549
0.38914
0.21556
0.044644
0.02193
0.041112
0.078968
0.20098
0.36103
0.25783
0.25357
0.29609
0.32046
0.46956
0.55171
0.58627
0.55262
0.47424
0.45174
0.69313
0.70368
0.53248
0.46123
0.18754
0
0.004128
0
0.014242
0.0071196
0.0010938
0.0038025
0
0.0010858
0.0026939
0.0013224
0.0017378
0
0.00099239
0.0018205
0.001976
0.0099543
0.011801
0.048789
0.11482
0.16383
0.20143
0.17324
0.15432
0.16683
0.17048
0.13709
0.13005
0.11461
0.095516
0.067397
0.045498
0.037708
0.03338
0.031101
0.032337
0.033094
0.029435
0.010582
0.019016
0.016643
0.007685
0.010969
0.055604
0.096681
0.13898
0.17723
0.18259
0.24014
0.22115
0.25754
0.27455
0.69662
0.70063
0.63798
0.66294
0.63303
0.57626
0.67347
0.63589
0.60517
0.56735
0.54603
0.47815
0.31964
0.098468
0.034171
0.055817
0.080939
0.21878
0.27914
0.3238
0.24191
0.20874
0.28599
0.3582
0.41783
0.50059
0.44395
0.36629
0.31255
0.51502
0.66171
0.41099
0.25413
0.093108
0.046862
0.034413
0.022459
0.0078483
0
0
0.0020096
0
0.0017757
0.0011675
9.8848e-05
0.0014054
0.00043944
0.0014148
0.001077
0.0029661
0.0041405
0.011153
0.059362
0.10758
0.15817
0.24178
0.17341
0.14006
0.17036
0.17281
0.1405
0.12723
0.1105
0.089418
0.067284
0.050261
0.033768
0.033154
0.029778
0.030086
0.029199
0.023167
0.016544
0.016201
0.011511
0.0091286
0.008734
0.049258
0.083896
0.14752
0.26457
0.29218
0.41548
0.51448
0.59437
0.68962
0.63466
0.60752
0.61979
0.60725
0.61384
0.63878
0.58172
0.61946
0.589
0.54882
0.53467
0.46472
0.34045
0.10523
0.028455
0.047371
0.094017
0.22481
0.27583
0.28298
0.21792
0.21462
0.2767
0.29554
0.42871
0.48946
0.43276
0.40322
0.42093
0.53855
0.62869
0.39107
0.30945
0.12815
0.061559
0.068495
0
0
0.0014953
0.0017735
0
8.7496e-06
0.0020138
0.0013055
0.00089997
0.000903
0.00079471
0.0017721
0.0004522
0.0011533
0.01093
0.010922
0.037158
0.071291
0.094633
0.1296
0.095275
0.092968
0.1068
0.084858
0.078452
0.063937
0.063254
0.047817
0.03224
0.02675
-0.00097408
0.00854
0.011053
0.0075822
0.006765
0.0039091
0.0041832
0.023948
0.060052
0.10432
0.15055
0.19854
0.31793
0.42682
0.44378
0.46821
0.58928
0.67191
0.80357
0.83226
0.85244
0.92436
0.84162
0.81041
0.71656
0.78217
0.74762
0.70747
0.65553
0.52593
0.59847
0.51144
0.45966
0.31036
0.36949
0.30522
0.34163
0.42209
0.49682
0.50024
0.53278
0.57519
0.59592
0.57065
0.62092
0.61692
0.72981
0.65323
0.23521
0.049113
0.026568
4.0406e-05
-0.033247
0
0
0
0.00094039
0.00061604
0.002738
0.00049808
0.00089575
0.00086063
0.00052053
0.00047622
7.3101e-05
-9.8618e-05
-0.00025587
-0.0006591
-0.00082285
-0.0010532
-0.023705
-0.031547
-0.094377
-0.17692
-0.24766
-0.11154
-0.25476
-0.19559
-0.19134
-0.19732
-0.083901
-0.051627
-0.044897
-0.035826
-0.037766
-0.028013
-0.030787
-0.023037
-0.021066
-0.013721
-0.0081448
-0.0039203
-0.0078665
-0.043294
-0.082845
-0.19488
-0.086974
0.14475
0.18428
0.28138
0.30284
0.32693
0.31946
0.48164
0.50573
0.57434
0.60411
0.54976
0.50766
0.46259
0.43023
0.41411
0.35221
0.31988
0.22767
0.18161
0.15756
0.14426
0.10967
0.14683
0.18202
0.14871
0.20716
0.24042
0.32279
0.35603
0.43892
0.41374
0.47749
0.50276
0.58398
0.66903
0.64578
0.48614
0.12667
0.0252
0.014771
-0.0082578
-0.052661
0
0
-0.002494
-0.00211
-0.0010638
-0.0027875
-0.0011151
-0.0012277
-0.0017639
-0.0020275
-0.0023144
-0.002703
-0.0031838
-0.0024412
-0.003776
-0.0038382
-0.052979
-0.086666
-0.22016
-0.43291
-0.58136
-0.61435
-0.43029
-0.43006
-0.4128
-0.31216
-0.29156
-0.26964
-0.19391
-0.096886
-0.083122
-0.082346
-0.061915
-0.043971
-0.034042
-0.029786
-0.025029
-0.016523
-0.013256
-0.015968
-0.017528
-0.030711
-0.16945
-0.353
-0.32119
-0.11026
-0.19773
-0.007462
0.0098014
0.087788
0.075476
0.12747
0.20386
0.24431
0.23157
0.25457
0.24376
0.26494
0.24892
0.26412
0.25948
0.25918
0.18402
0.12171
0.12747
0.18008
0.32039
0.4153
0.37043
0.37455
0.35144
0.37542
0.38644
0.38412
0.37673
0.41455
0.48066
0.43573
0.50511
0.72533
0.60135
0.44944
0.095765
0.0033616
-0.027913
-0.027422
-0.036368
0
0
-0.0016066
-0.0014988
-0.003866
-0.0023262
-0.00016084
-0.0028467
-0.0049332
-0.0022441
-0.0029936
-0.006799
-0.0085427
-0.15663
-0.25683
-0.45785
-0.80537
-0.8716
-0.52835
-0.64566
-0.63995
-0.58187
-0.58132
-0.48528
-0.52261
-0.46932
-0.37846
-0.21225
-0.14001
-0.13878
-0.0755
-0.059238
-0.057229
-0.037499
-0.036371
-0.029952
-0.017232
-0.016008
-0.028754
-0.028065
-0.091281
-0.28402
-0.61996
-0.588
-0.53469
-0.48294
-0.34593
-0.24856
-0.15078
-0.12526
-0.16453
-0.17675
-0.17968
-0.17879
-0.15993
-0.13686
-0.12359
-0.122
-0.24006
-0.2107
-0.20292
-0.14018
0.055237
-0.048572
0.083051
0.17977
0.27757
0.30219
0.36846
0.33044
0.34073
0.35092
0.30249
0.40197
0.47763
0.46848
0.57308
0.55808
0.59427
0.81589
0.70234
0.36632
0.14327
7.8827e-05
-0.023501
-0.094316
-0.090833
0
0.0023508
0
-0.0023098
-0.0051385
-0.0079226
-0.0010073
-0.0042287
-0.003363
-0.0066518
-0.0070546
-0.0065819
-0.0079732
-0.090192
-0.22255
-0.51518
-1.0249
-1.145
-0.89966
-0.88277
-0.80449
-0.74473
-0.63554
-0.60915
-0.62888
-0.47
-0.42588
-0.25346
-0.15647
-0.11817
-0.099561
-0.057427
-0.043173
-0.041587
-0.056859
-0.041025
-0.012956
-0.0072998
-0.027232
-0.029647
-0.068865
-0.33495
-0.63173
-0.59999
-0.64117
-0.60598
-0.41103
-0.31864
-0.37204
-0.4152
-0.44104
-0.45985
-0.43175
-0.40236
-0.36842
-0.33868
-0.28714
-0.30912
-0.30658
-0.35095
-0.33462
-0.23312
-0.066464
-0.053322
0.05883
0.22314
0.25041
0.37539
0.32057
0.23128
0.23071
0.25082
0.3046
0.38044
0.36803
0.5094
0.51593
0.54417
0.5763
0.92146
0.68465
0.36109
0.13261
0.014053
-0.034583
-0.058371
-0.033755
0
0.0013637
-0.0013722
-0.013319
0.00043388
-0.010506
-0.0095429
-0.0039144
-0.011139
-0.010729
-0.011405
-0.010821
-0.0062318
-0.010489
-0.0054088
-0.0075003
-0.0098748
-0.032656
-0.29777
-0.67488
-1.1058
-1.2728
-1.1913
-0.99839
-0.98918
-0.79038
-0.71693
-0.81316
-0.7399
-0.59632
-0.48365
-0.26242
-0.18752
-0.16211
-0.124
-0.11132
-0.076048
-0.051392
-0.052182
-0.062987
-0.029356
-0.0095269
-0.038806
-0.043633
-0.074311
-0.38545
-0.72375
-0.86949
-0.95942
-0.90698
-0.75792
-0.60431
-0.60084
-0.70272
-0.64293
-0.76974
-0.71372
-0.73233
-0.64701
-0.60178
-0.57114
-0.56956
-0.56361
-0.55068
-0.45644
-0.50431
-0.42476
-0.32945
-0.23113
0.053924
0.010832
0.045873
0.17073
0.27057
0.31625
0.32701
0.25329
0.21732
0.48862
0.48625
0.58736
0.4671
0.92162
0.57261
0.18485
0.086818
0.012476
-0.01206
0.02738
-0.030437
0
0
-0.01404
0
2.4152e-05
-0.0094048
-0.013633
-0.0044953
0.0013983
-0.01293
-0.0069856
-0.0070513
-0.0085293
-0.0059813
-0.010457
-0.0087148
-0.017688
-0.001651
-0.34029
-0.29814
-1.0121
-1.4054
-1.2346
-0.83918
-0.89277
-0.65962
-0.40372
-0.28437
-0.20649
-0.18997
-0.19618
-0.16839
-0.10693
-0.11559
-0.084184
-0.069674
-0.058605
-0.03243
-0.06672
-0.084189
-0.17867
-0.76741
-1.14
-1.2782
-1.2803
-1.1895
-0.97944
-0.8865
-0.9957
-1.0601
-1.1643
-1.2398
-1.1167
-1.0757
-1.0487
-0.95801
-0.96616
-0.99949
-0.98888
-0.86072
-0.81605
-0.65941
0.049947
0.004166
0.050311
0.14382
0.23902
0.22326
0.1799
0.10672
0.11865
0.32839
0.42942
0.37192
0.38823
0.48341
0.38753
0.46571
0.85196
0.40881
0.068125
0.040114
0
0
-0.028518
0
-0.0046969
-0.0053888
-0.013463
-0.0075427
-0.011115
-0.014355
-0.012717
-0.0077922
-0.013355
-0.0096882
-0.010915
-0.011299
-0.011471
-0.011273
-0.36498
-0.31106
-1.1951
-1.4247
-1.5354
-1.0382
-1.0875
-1.0327
-0.68645
-0.41608
-0.29453
-0.22202
-0.21773
-0.19396
-0.16313
-0.11575
-0.109
-0.10435
-0.096277
-0.058756
-0.018384
-0.067794
-0.065678
-0.14473
-0.78896
-1.1129
-1.4242
-1.6015
-1.4321
-1.0978
-1.1034
-1.0634
-1.2782
-1.3276
-1.4999
-1.3242
-1.2058
-1.1542
-0.97167
-0.97834
-1.082
-1.0108
-1.0603
-0.86753
0.078862
0.00018071
0.0013951
0.012035
0.059361
0.1733
0.20916
0.1022
0.17402
0.26582
0.26402
0.27428
0.26495
0.45052
0.55945
0.42805
0.37896
0.722
0.40743
-0.11985
0.0076704
0.017598
-0.0017175
0.019567
0.0012796
0.0011652
-0.022251
-0.0073255
0
-0.01472
-0.015051
-0.011035
-0.014121
-0.0079338
-0.010702
-0.013388
-0.014283
-0.010603
-0.0075025
-0.014717
-0.4117
-0.45077
-1.3532
-1.2429
-1.0898
-0.77016
-0.69232
-0.27173
-0.23555
-0.25202
-0.23258
-0.242
-0.22983
-0.21565
-0.23302
-0.20086
-0.13407
-0.11395
-0.055757
-0.12661
-0.13433
-0.47653
-1.0915
-1.5165
-1.6728
-1.5963
-1.5993
-1.4356
-1.3946
-1.3395
-1.5795
-1.4996
-1.6511
-1.4182
-1.3779
-1.3336
-1.1471
-1.2508
-1.1574
-1.1315
-0.60104
-0.22932
-0.0044304
0.000764
0
0.0014862
0.033459
0.045597
0.12456
0.075948
0.1186
0.17666
0.26669
0.2282
0.2307
0.2015
0.29738
0.32791
0.27703
0.77491
0.4471
-0.23678
0.020066
0
0
0
-0.012065
-0.012292
-0.018132
-0.013386
-0.0021662
-0.010924
-0.007879
-0.0092552
-0.0090595
-0.011503
-0.0053903
-0.0069849
-0.012694
-0.0053631
-0.012724
-0.013439
-0.38949
-0.38944
-1.089
-1.0494
-1.0461
-0.89751
-0.48374
-0.24701
-0.21566
-0.2264
-0.21054
-0.236
-0.23227
-0.22843
-0.24653
-0.25514
-0.18613
-0.14849
-0.070697
-0.1225
-0.13238
-0.59225
-1.3147
-1.6322
-1.991
-2.1385
-2.2572
-2.1681
-2.0899
-2.1346
-2.2452
-2.269
-2.3185
-2.1833
-1.9888
-1.9238
-1.6304
-1.7541
-1.5333
-1.6876
-1.6588
-1.4547
-1.3558
-0.11117
-0.1134
-0.052053
-0.094189
-0.13143
-0.24788
-0.34564
-0.33847
-0.39091
-0.66906
-0.78672
-0.90173
-0.83374
-0.8826
-0.92535
-0.89416
-0.92192
-1.0989
-1.0458
-0.96745
-0.52134
-0.21324
-0.055545
-0.010791
0.0075706
0.00052041
0.00020813
-0.02061
-0.0050506
-0.012737
-0.01518
-0.014787
-0.0038897
-0.011976
-0.014784
-0.018518
0
-0.0053669
-0.0083616
-0.24316
-0.85776
-1.4823
-1.9584
-1.663
-1.2822
-1.3226
-1.5166
-1.321
-1.2538
-0.93077
-0.68467
-0.45471
-0.42876
-0.37279
-0.3502
-0.32158
-0.35357
-0.33077
-0.36084
-0.31597
-0.26057
-0.17699
-0.13483
-0.104
-0.43837
-1.1698
-1.9448
-2.6439
-2.6765
-2.8236
-2.4465
-2.4144
-2.378
-2.1325
-2.1504
-2.146
-2.2638
-2.2052
-1.8393
-1.7661
-1.2688
-1.1418
-1.2073
-0.96784
-0.84853
-0.69179
-0.19507
-0.061722
-0.025398
0.0015039
-0.077307
-0.030871
-0.10709
-0.18998
-0.14258
-0.20637
-0.43749
-0.61115
-0.71671
-0.64497
-0.77583
-0.85794
-0.90034
-0.9175
-0.86334
-0.88541
-0.82424
-0.46239
-0.14797
-0.023831
0
0
0.00095878
-0.0090093
-0.014282
-0.00063556
-0.0054455
-0.013593
-0.011491
-0.0087522
-0.010443
-0.0096317
-0.015155
-0.01131
-0.0063489
-0.011398
-0.25937
-0.41574
-0.99531
-1.9546
-1.4857
-1.0917
-1.2605
-1.2743
-1.2673
-1.3325
-1.0919
-0.94812
-0.8076
-0.61246
-0.54075
-0.51884
-0.46857
-0.42947
-0.43239
-0.50606
-0.47037
-0.44976
-0.31581
-0.31565
-0.35631
-0.51594
-1.0806
-1.6806
-2.1003
-2.6339
-2.7438
-2.9014
-2.7674
-2.4526
-2.1811
-2.1242
-2.0498
-2.1907
-2.0298
-1.8743
-1.7592
-1.5422
-1.4435
-0.9786
-0.74578
-0.28949
-0.11779
-0.028881
0
-0.0079975
-0.0097544
0
-0.074512
-0.10868
-0.13727
-0.13719
-0.32144
-0.60928
-0.82627
-0.83176
-0.86947
-0.90507
-1.1408
-0.87149
-0.45158
-0.091589
0.077483
0.025704
-0.000246
0
-0.068158
-0.004679
-0.0030019
-0.015037
-0.015309
-0.0085902
-0.0097239
-0.007683
-0.011932
-0.0083795
-0.0021868
-0.0098462
-0.011137
-0.012843
-0.012596
-0.014186
-0.25851
-0.57828
-0.99128
-1.6917
-1.2634
-1.0518
-0.97398
-0.76447
-0.62094
-0.49867
-0.47453
-0.45569
-0.44899
-0.42153
-0.44437
-0.42946
-0.47186
-0.42798
-0.23441
-0.17476
-0.24815
-0.70069
-1.3433
-1.8873
-2.4753
-2.6811
-2.7888
-2.7878
-2.4936
-2.2907
-2.3206
-2.1447
-2.183
-2.0889
-2.1774
-1.9517
-1.7927
-1.5046
-1.4151
-0.88367
-0.75182
-0.42367
-0.061446
-0.047258
0
0
-0.013183
-0.034697
-0.018872
-0.097485
-0.15505
-0.20807
-0.46048
-0.56142
-0.75518
-0.82267
-0.74379
-0.94257
-0.97951
-0.76661
-0.32546
-0.03078
0.024979
0.0037976
-3.5098e-05
0.0002626
0
3.3675e-05
-0.0043635
-0.0056824
0
-0.009132
-0.010019
-0.017406
-0.0090879
0
-0.0066282
-0.0088766
-0.0094234
-0.011488
0
-0.019643
-0.25842
-0.35592
-0.92073
-1.5578
-1.5074
-1.128
-1.1828
-1.2398
-1.1733
-1.087
-1.0544
-0.83667
-0.59072
-0.48109
-0.47043
-0.4479
-0.45777
-0.29872
-0.19575
-0.15624
-0.20735
-0.54514
-0.97215
-1.673
-1.964
-2.3301
-2.5792
-2.8671
-2.5428
-2.5279
-2.1461
-2.0659
-1.963
-2.0033
-1.7894
-1.6507
-1.6315
-1.4447
-1.3592
-1.1785
-1.0837
-1.1467
-0.96287
-0.031317
-0.00038716
-0.00021739
-0.015878
0.0013916
-0.031998
-0.049039
-0.11423
-0.058816
-0.17345
-0.44304
-0.67683
-0.79594
-0.82746
-0.75769
-0.86472
-0.69018
-0.97879
-1.0643
-1.093
-0.71622
-0.50576
-0.068268
0.064755
0.020549
0
0
0
-0.004133
0
0
-0.0059556
0
0
-0.012951
-0.0099286
0
-0.0027739
-0.0088932
-0.010194
-0.013183
-0.0053599
-0.013713
-0.27687
-0.44435
-1.0073
-1.8791
-1.6536
-1.1578
-1.2535
-1.2474
-1.0666
-1.1025
-1.0221
-0.89829
-0.69359
-0.46255
-0.46249
-0.42861
-0.40879
-0.45947
-0.45037
-0.51438
-0.48237
-0.48097
-0.39556
-0.35577
-0.39376
-0.50321
-1.1016
-1.5925
-1.9847
-2.4321
-2.8803
-2.9744
-3.0791
-2.7575
-2.407
-2.0448
-2.1012
-1.939
-1.8158
-1.8069
-1.595
-1.5103
-1.3469
-1.161
-1.1045
-1.0895
-0.80598
-0.79436
-0.59583
-0.14987
-0.090793
0
-0.0026493
0
-0.0035273
0
-0.19835
-0.0019048
-0.08443
-0.048487
-0.20619
-0.34534
-0.54031
-0.74171
-0.84044
-0.88439
-0.85257
-0.73381
-1.1084
-1.1907
-1.3153
-0.9227
-0.6507
-0.22031
0.055579
0.078908
0
0
0
0
-0.0061777
-0.010564
-0.00337
0
-0.013071
-0.0084992
-0.011296
-0.0061378
-0.0082232
-0.013747
-0.040533
-0.18791
-0.67149
-1.2171
-1.7829
-1.6037
-1.2042
-1.1866
-1.218
-1.2117
-1.1216
-0.99395
-0.73546
-0.54511
-0.43552
-0.35709
-0.32186
-0.34543
-0.38341
-0.35928
-0.37932
-0.40878
-0.37215
-0.33613
-0.31043
-0.31005
-0.51935
-1.0297
-1.6913
-2.0681
-2.5334
-2.7585
-2.8836
-2.8138
-2.5742
-2.3967
-2.0301
-1.897
-1.8823
-1.8844
-1.7252
-1.6116
-1.3559
-1.0989
-1.0846
-0.88
-1.0416
-0.69268
-0.60152
-0.39727
-0.10204
-0.042253
0
-0.11926
-0.01782
-0.073363
-0.069244
-0.13715
-0.30237
-0.51195
-0.66604
-0.76602
-0.78088
-0.84622
-0.7475
-0.88013
-1.0604
-1.1658
-0.86228
-0.55677
-0.2568
0.05779
0.1022
0
0
0
4.1509e-05
-0.0070204
-0.011118
-0.0077664
0
-0.0096337
-0.0070679
-0.0073134
-0.0043737
-0.0017484
-0.0036278
-0.010568
-0.011533
-0.0075202
-0.17341
-1.4732
-1.4376
-1.4472
-1.3634
-1.2954
-1.0467
-0.93235
-0.82273
-0.55939
-0.46589
-0.43564
-0.3929
-0.39831
-0.38412
-0.4107
-0.38872
-0.41543
-0.35807
-0.22082
-0.18904
-0.19899
-0.39683
-1.0764
-1.8499
-2.2589
-2.7604
-2.9382
-2.8716
-2.8553
-2.4464
-2.3634
-2.1127
-2.2188
-2.0684
-1.9332
-1.9307
-1.6274
-1.5137
-0.99174
-0.94495
-0.72196
-0.60137
-0.02731
-0.041979
0
0.00086256
0
-0.05378
0.0034698
-0.062111
-0.083085
-0.1607
-0.40458
-0.59845
-0.78786
-0.77197
-0.83448
-1.0172
-1.0127
-0.90666
-0.72519
-0.3573
-0.036872
0.079013
0.014182
0
0
0
0
0
-0.0020729
-0.0091526
-0.001746
-0.0068168
-0.012747
-0.011287
-0.006133
-0.0047337
-0.0087188
-0.010598
-0.012173
-0.0081997
-0.0048911
-0.27032
-0.37873
-1.195
-1.7663
-1.4446
-1.3456
-1.2937
-1.3238
-1.3619
-1.2058
-0.62449
-0.53898
-0.51994
-0.56065
-0.48862
-0.54431
-0.53819
-0.58491
-0.50283
-0.26728
-0.18404
-0.2543
-0.72124
-1.3274
-1.8715
-2.453
-2.7406
-2.9178
-2.9236
-2.6614
-2.59
-2.2458
-2.2099
-2.1572
-2.0866
-2.0134
-1.9847
-1.6824
-1.6332
-1.4147
-1.2393
-1.0918
-1.0947
-1.0138
-0.059308
-3.5001e-05
0.0015457
-0.012363
-0.069845
-0.003977
-0.098418
-0.071157
-0.084066
-0.39236
-0.62665
-0.85789
-0.82974
-0.90131
-0.84243
-1.0189
-0.86144
-0.98122
-1.2066
-1.0843
-0.68999
-0.48059
0
0
-0.0021904
-0.0017059
-0.00167
0
-0.0066515
-0.0074166
-0.00095335
-0.018332
0
-0.007128
-0.0021063
-0.012289
-0.013366
-0.014507
-0.014005
-0.013912
-0.23399
-0.82658
-1.3124
-1.9926
-1.6261
-1.3295
-1.463
-1.5487
-1.3451
-1.3603
-1.2045
-0.967
-0.67792
-0.60686
-0.59408
-0.45241
-0.44037
-0.40382
-0.27148
-0.2247
-0.29426
-0.47157
-1.029
-1.6662
-2.2563
-2.5883
-2.9526
-2.8787
-3.0431
-2.6092
-2.4432
-2.1454
-1.9643
-1.9988
-2.0512
-1.7803
-1.8307
-1.5123
-1.4183
-1.3173
-1.2454
-1.2623
-1.0748
-0.88828
-0.81894
-0.3563
-0.1229
-0.007345
0.00054276
-0.047952
-0.18778
-0.1681
-0.21928
-0.43757
-0.63461
-0.87251
-0.89234
-0.82394
-0.99379
-0.78442
-0.98257
-1.1226
-1.1638
-1.03
-0.56843
-0.18482
0.024696
0.031863
0
0.0010921
-0.052046
-0.02793
0
-0.0097638
-0.0096124
0
0
-0.00878
-0.0071447
0
-0.0014488
-0.14437
-0.2313
-0.83528
-1.1889
-1.9031
-1.4454
-1.2936
-1.4307
-1.2807
-1.213
-1.2384
-0.97987
-0.76901
-0.54359
-0.49808
-0.45418
-0.43437
-0.44809
-0.42671
-0.44874
-0.43645
-0.45717
-0.37893
-0.29557
-0.20262
-0.2636
-0.52578
-1.1592
-1.6164
-2.2088
-2.7141
-2.8037
-3.0055
-2.7031
-2.3932
-2.4005
-2.1341
-2.0015
-2.1077
-1.9027
-1.8079
-1.5679
-1.5413
-1.233
-1.1779
-1.0045
-1.1018
-1.0098
-0.063485
-0.00088129
-0.0015742
-0.0012603
-0.069621
-0.033411
-0.17662
-0.095776
-0.11152
-0.30095
-0.53017
-0.64462
-0.64091
-0.72395
-0.7585
-0.97909
-0.84081
-0.93711
-1.0513
-1.1434
-0.70857
-0.41408
-0.015371
0.057117
0.017011
1.0819e-05
0
-0.016591
0.00014192
-0.00041851
-0.00031449
-0.015725
0
-0.010518
-0.015672
-0.0051418
-0.016357
-0.0063571
-0.039831
-0.29247
-0.72818
-1.3379
-2.0122
-1.6861
-1.2559
-1.3282
-1.425
-1.2976
-1.2619
-1.1498
-1.0353
-0.64649
-0.56082
-0.48389
-0.51425
-0.47859
-0.50564
-0.53475
-0.53483
-0.5514
-0.54829
-0.37756
-0.32743
-0.27318
-0.38156
-0.9149
-1.4445
-1.9357
-2.3424
-2.8185
-2.8162
-2.8745
-2.6536
-2.3755
-2.368
-2.1342
-2.0623
-2.066
-1.802
-1.5547
-1.4888
-1.213
-1.1653
-1.0901
-1.0931
-1.0089
-0.91905
-0.7189
0.0013234
-0.00010467
-0.046585
-0.033309
-0.025901
-0.088381
-0.14559
-0.17829
-0.41782
-0.55107
-0.78182
-0.87501
-0.85255
-1.0099
-0.64098
-0.94012
-1.235
-1.144
-0.72069
-0.5477
-0.54677
-0.34206
-0.19584
-0.072364
-0.016288
-0.024017
-0.026503
-0.014801
-0.0024315
-0.013513
-0.0088503
-0.0059508
-0.021429
-0.010196
-0.0041981
-0.01408
-0.20924
-0.22338
-0.62734
-1.0804
-1.1135
-1.2089
-1.0802
-1.1005
-0.93367
-0.9921
-0.8054
-0.74294
-0.54474
-0.46085
-0.40381
-0.4172
-0.3768
-0.36393
-0.35122
-0.38801
-0.40197
-0.44028
-0.41134
-0.23814
-0.096191
-0.092733
-0.41913
-0.89019
-1.2241
-1.2932
-1.4658
-1.712
-1.5779
-1.5527
-1.4753
-1.7484
-1.7394
-1.6489
-1.6914
-1.54
-1.534
-1.3865
-1.3638
-1.3263
-1.1815
-1.1068
-1.1269
-0.94749
-0.94481
-0.54663
0.005342
0
-0.108
-0.17609
-0.52704
-0.53843
-0.66199
-0.69736
-0.69248
-0.79061
-0.72036
-0.77727
-0.82206
-0.84279
-0.65669
-0.59139
-0.68676
-0.74845
-0.30595
0.025809
-0.076969
-0.033254
-0.019021
-0.029422
0
-0.00087265
-0.0067689
-0.0066286
-0.0052568
-0.0090353
-0.0056383
-0.0073298
-0.0061106
-0.011201
-0.013024
-0.0079289
-0.12895
-0.23855
-0.48771
-1.0448
-0.96037
-1.0211
-0.85876
-0.9064
-0.96341
-0.91546
-0.892
-0.72792
-0.60418
-0.55751
-0.50351
-0.36973
-0.34149
-0.3368
-0.35864
-0.35496
-0.37903
-0.42665
-0.40937
-0.17686
-0.1346
-0.10085
-0.5232
-0.85102
-1.0687
-1.2066
-1.2344
-1.4979
-1.4893
-1.3428
-1.4906
-1.5326
-1.3965
-1.5747
-1.4139
-1.348
-1.025
-0.96295
-0.9454
-0.85194
-0.72188
-0.55656
-0.29119
0.015494
0.01129
-0.0058687
-0.026108
-0.036139
-0.079198
-0.15106
-0.28493
-0.30214
-0.2624
-0.34125
-0.45042
-0.51145
-0.52089
-0.60912
-0.5496
-0.54845
-0.008781
-0.39048
-0.35199
-0.43829
-0.095616
0.10514
0.078924
0.032322
0.030367
0
-0.0051465
-0.0025513
0
-0.011597
-0.0054236
0
-0.0051323
-0.0013599
-0.013201
-0.0081385
-0.0074996
-0.0085338
-0.0069956
-0.39691
-0.64208
-0.9
-1.0471
-1.0444
-0.86545
-0.85421
-0.89633
-0.84647
-0.83719
-0.74587
-0.68838
-0.60175
-0.5149
-0.46434
-0.44862
-0.41379
-0.4463
-0.42958
-0.45527
-0.45628
-0.34938
-0.19106
-0.12614
-0.13103
-0.55226
-0.9532
-1.0178
-1.1976
-1.1158
-1.4201
-1.2054
-1.2243
-1.182
-1.2269
-1.2491
-1.2185
-1.1219
-1.0854
-0.97942
-1.0372
-1.0375
-0.89845
-0.69197
-0.6729
-0.43833
-0.14567
0.00072709
-0.03071
-0.072453
-0.096375
-0.11314
-0.082296
-0.18811
-0.20545
-0.30532
-0.32901
-0.40189
-0.43782
-0.41178
-0.38476
-0.39319
-0.41402
0.29559
-0.13541
-0.29864
-0.31646
-0.071623
0.11905
0.053082
0.046593
0.014146
0.0011641
-0.0046637
-0.028001
-0.0028095
0.0026265
-0.0052719
-0.0040312
-0.001815
-0.0034987
-0.0050791
-0.0020283
-0.0062274
-0.0073544
-0.0022461
-0.0040825
-0.116
-0.13964
-0.21004
-0.85067
-0.70351
-0.71082
-0.70605
-0.67974
-0.68567
-0.60922
-0.58711
-0.49087
-0.38808
-0.33202
-0.26081
-0.25027
-0.22727
-0.21866
-0.1962
-0.20131
-0.18052
-0.14647
-0.078971
-0.081085
-0.14645
-0.60097
-0.90787
-0.80293
-0.78597
-0.96573
-0.95503
-0.83521
-0.73184
-0.78277
-0.6939
-0.69365
-0.64913
-0.55294
-0.43386
-0.42569
-0.45379
-0.46247
-0.42008
-0.40282
-0.3251
-0.29535
-0.26195
0.041003
-0.049178
-0.12466
-0.11633
-0.16978
-0.20354
-0.21924
-0.18884
-0.25856
-0.25646
-0.25671
-0.23639
-0.18012
-0.17717
-0.12318
0.11634
0.10844
-0.084743
-0.10232
-0.060046
0.01486
0.06335
-0.00043771
-0.0002885
0.00041014
-0.0029549
-0.0042528
-0.0027694
-0.0040324
-0.0028866
-0.0051359
-0.0029214
0.00077328
-0.0020273
0.0014026
-0.0025847
0
-0.0039601
-0.021364
-0.058196
-0.32696
-0.36561
-0.40881
-0.37259
-0.33639
-0.29428
-0.30368
-0.29222
-0.2926
-0.25113
-0.20521
-0.13742
-0.11265
-0.062751
-0.059839
-0.070638
-0.068748
-0.065916
-0.068475
-0.061571
-0.038701
-0.029156
-0.020444
-0.019806
-0.15247
-0.045657
0.029519
0.031064
-0.10475
-0.177
-0.17947
-0.18532
-0.18184
-0.1688
-0.057653
-0.051885
0.0061122
0.040846
0.062494
0.021334
0.0080212
0.012351
-0.012927
0.023068
-0.017582
-0.0010339
0.017312
0.016159
0.0020117
-0.0079617
-0.018378
-0.031276
-0.0085028
0.0040445
-0.0042824
0.024065
0.026887
0.047107
0.054222
0.057794
0.064607
0.63983
0.21663
0.18043
0.056364
0.038169
0.10128
0.15939
0.065208
0.015548
0
-0.0032392
-0.0036936
-0.009754
-0.002106
-0.0021862
-0.0087838
-0.003682
-0.0036918
-0.0012315
-0.0014078
-0.0012667
0.0027045
-0.010405
-0.0091647
-0.019444
-0.033326
-0.044161
-0.030405
-0.055702
-0.041859
-0.043333
-0.068249
-0.058105
-0.069301
-0.046898
-0.042657
-0.030298
-0.017443
-0.014668
0.00023435
-0.00031401
0.006284
0.0045241
-0.0023502
0.00058047
-0.012573
-0.013123
-0.0050744
0.046976
0.11265
0.34063
0.41009
0.40793
0.30376
0.19596
0.17304
0.23246
0.21646
0.29863
0.34133
0.40285
0.41352
0.42387
0.45142
0.41979
0.37079
0.41911
0.49105
0.41528
0.41069
0.37772
0.39822
0.24833
0.24742
0.26937
0.25309
0.20206
0.23089
0.2311
0.26732
0.25509
0.30328
0.30793
0.34982
0.31851
0.35557
0.60159
0.58649
0.51287
0.28966
0.11623
0.06285
0.10685
0.12094
0.044543
0
-0.0024585
0.0024756
0.0014043
1.4584e-05
-0.00016281
0.00021741
0.00094629
0.0011599
0.0055177
0.0010662
0.0029343
0.016675
0.034985
0.040049
0.083007
0.11137
0.17688
0.40959
0.28531
0.26825
0.25862
0.25991
0.19021
0.10775
0.077616
0.073016
0.04912
0.048916
0.03432
0.036533
0.033786
0.042215
0.041304
0.013783
0.0089773
0.0044176
0.0037032
0.011655
0.090193
0.22335
0.51947
0.566
0.59765
0.55596
0.44235
0.45213
0.47897
0.5432
0.57929
0.5828
0.63714
0.60473
0.60687
0.57857
0.59338
0.63601
0.6097
0.62284
0.61543
0.5742
0.60261
0.54974
0.52145
0.48946
0.39674
0.31123
0.34515
0.32077
0.41549
0.36799
0.39174
0.41408
0.35803
0.36084
0.35728
0.37706
0.36234
0.37699
0.39277
0.37129
0.5313
0.60923
0.5013
0.29838
0.113
0.054582
0.13008
0.10432
0.040983
0.0020531
9.9396e-05
0.0083344
0.0045667
0.0068992
0.006991
0.0090829
0.013475
0.014494
0.013575
0.018475
0.036747
0.067822
0.26833
0.37045
0.46282
0.5026
0.61428
0.64467
0.67354
0.58029
0.5115
0.46245
0.43252
0.37216
0.28676
0.17513
0.15808
0.13255
0.092027
0.073359
0.062239
0.053219
0.072006
0.053523
0.03816
0.043014
0.012884
0.022887
0.038082
0.1266
0.43125
0.75547
0.90683
0.90298
0.90611
0.74564
0.77353
0.76706
0.82113
0.86376
1.003
0.97862
1.04
0.99842
0.92193
0.97487
0.92125
0.8814
0.94596
0.89225
0.94077
0.89187
0.9061
0.84222
0.76204
0.73261
0.54498
0.5101
0.54204
0.6181
0.5825
0.62315
0.51856
0.49103
0.45842
0.36692
0.34621
0.25909
0.20454
0.1821
0.19646
0.34835
0.45973
0.32011
0.15395
0.070855
0.063222
0.077533
0.032131
0.013511
0
0.0092124
0.013765
0.0069739
0.015975
0.017254
0.01425
0.018689
0.012829
0.010155
0.0037859
0.009962
0.048118
0.06447
0.079387
0.25473
0.38786
0.57575
0.73401
0.92208
1.0159
0.98662
1.154
1.0391
0.79849
0.7404
0.75975
0.76263
0.58087
0.48574
0.35496
0.2437
0.20535
0.18722
0.13301
0.12785
0.11276
0.10356
0.10486
0.067254
0.055679
0.041523
0.030279
0.17577
0.38805
0.68178
0.89068
0.90859
0.95368
0.83159
0.99381
0.96995
1.1773
1.1951
1.2332
1.3021
1.2518
1.1239
1.1344
1.1025
1.0756
1.1404
0.95783
0.97926
0.94012
0.81981
0.90343
0.78966
0.60183
0.41029
0.21353
0.25266
0.33186
0.40556
0.41751
0.49647
0.46505
0.4045
0.45075
0.46214
0.3753
0.37095
0.3488
0.32505
0.35841
0.30345
0.51042
0.48025
0.26879
0.087971
0.099413
0.073354
0.067054
0.027312
0.0082994
0
0.023224
0.0061615
0.010011
0.030478
0.025677
0.015682
0.016297
0.0099912
0.010729
0.026052
0.0626
0.15792
0.1779
0.36756
0.63106
0.74375
0.94672
1.2078
1.2593
1.357
1.3455
1.3411
0.99612
0.9103
0.91475
0.87572
0.66304
0.65056
0.44194
0.29228
0.25906
0.19872
0.20603
0.1584
0.14438
0.12587
0.11748
0.059449
0.046077
0.040229
0.018634
0.14512
0.43677
0.65232
0.87397
1.1127
0.96825
1.0135
1.0422
1.1539
1.2914
1.4018
1.3992
1.4452
1.3214
1.3292
1.2476
1.2038
1.2019
1.1175
1.0963
1.0141
1.0695
1.0486
0.95192
0.89425
0.80285
0.3996
0.22198
0.24898
0.33862
0.41525
0.49574
0.52482
0.48704
0.4665
0.46402
0.46541
0.442
0.38021
0.34238
0.36098
0.37119
0.16445
0.52169
0.46149
0.31385
0.06504
0.06825
0.06415
0.057469
0.012121
0.0019496
-0.00069409
0.027716
0.0043898
0.026014
0.074111
0.027968
0.040367
0.026018
0.021076
0.021079
0.053096
0.12741
0.21992
0.23038
0.5643
0.76227
0.9217
1.2241
1.4814
1.6573
1.6206
1.7249
1.6073
1.2095
1.1239
1.1478
0.92624
0.84616
0.72091
0.42683
0.36025
0.2815
0.25318
0.2318
0.18686
0.16692
0.1997
0.20033
0.11822
0.088433
0.10174
0.025171
0.25435
0.41366
0.70737
1.0294
1.1273
1.1498
1.0499
1.1754
1.4007
1.4543
1.5927
1.616
1.5362
1.6064
1.4366
1.4325
1.4534
1.4393
1.2147
1.1291
1.0593
1.0946
1.0436
1.0614
1.0545
0.87845
0.44913
0.18314
0.22441
0.41729
0.46881
0.54174
0.55145
0.51785
0.53816
0.51768
0.49785
0.49943
0.38137
0.39125
0.38029
0.40202
-0.0035095
0.42147
0.47801
0.3468
0.10326
0.055682
0.058714
0.036879
0.019882
0
0
0.016465
0.01342
0.029143
0.052386
0.024204
0.023722
0.0050186
0.019198
0.012591
0.027839
0.082739
0.12465
0.15603
0.38373
0.82108
1.0908
1.3179
1.643
1.7374
1.8183
1.9605
1.691
1.3231
1.4065
1.2081
1.1881
0.88783
0.83329
0.64629
0.37309
0.38959
0.31891
0.31129
0.25438
0.20168
0.22099
0.20116
0.11721
0.074309
0.11789
0.022471
0.11144
0.035364
0.4511
0.79719
1.0244
1.0082
1.0358
1.1594
1.1963
1.3424
1.4512
1.5861
1.6834
1.5613
1.5185
1.3839
1.4677
1.3983
1.2839
1.0799
1.0099
0.94053
0.97048
0.90857
0.85214
0.61519
0.27139
0.17252
0.19441
0.26748
0.46407
0.45816
0.48254
0.53143
0.49976
0.51974
0.58762
0.54363
0.44566
0.44255
0.42529
0.49212
0.022041
0.42777
0.54017
0.34439
0.092078
0.072067
0.067061
0.05662
0.0062536
0.00060131
0.0039777
0.022663
0.00084068
0.013818
0.04124
0.0090637
0.0070203
0.017453
0.0083941
0.01099
0.014584
0.071201
0.11535
0.17806
0.35195
0.6983
1.2206
1.4883
1.8135
1.9212
1.9185
2.0027
1.6893
1.303
1.4889
1.4492
1.1676
1.1932
0.9185
0.70915
0.56502
0.37092
0.33299
0.34315
0.25512
0.2458
0.24626
0.17018
0.10831
0.076814
0.10064
0.034081
0.17661
0.19927
0.3757
0.55249
0.90554
0.83884
1.0104
1.1244
1.2315
1.4789
1.4792
1.5291
1.7595
1.5561
1.6005
1.4825
1.3552
1.3353
1.2158
1.1503
0.97141
1.0001
0.85875
0.90596
0.92071
0.654
0.16353
0.08519
0.27436
0.24443
0.27126
0.46653
0.44647
0.40986
0.44037
0.47438
0.49753
0.61439
0.44605
0.46055
0.47272
0.44679
-0.066734
0.15209
0.44765
0.50797
0.14259
0.076357
0.032068
0.053458
0.0012861
3.1651e-06
0
0.033524
0.007321
0
0.031177
0.040184
0.020968
0.0099087
0.018818
0.011496
0.008465
0.027256
0.10173
0.14247
0.34801
0.64209
1.1449
1.3164
1.7916
2.2486
1.97
1.7771
1.5686
1.3459
1.404
1.2961
1.214
0.90015
0.76153
0.64489
0.42694
0.38144
0.31629
0.28046
0.29387
0.28126
0.24874
0.26263
0.15472
0.13809
0.083463
0.01778
0.19702
-0.042047
0.29442
0.62671
0.84505
0.95708
0.97005
1.1185
1.2711
1.3226
1.6206
1.6933
1.528
1.6257
1.4232
1.4787
1.4137
1.3573
1.4127
1.3509
1.049
0.98031
0.83162
0.74728
0.47374
0.1311
-0.051902
-0.00017308
0.013651
0.033286
-0.13254
-0.076181
0.028036
0.10236
0.039838
0.066024
0.10455
0.23041
0.36101
0.50778
0.59113
0.68004
0.74445
0.75273
0.80192
0.75538
0.82676
0.78926
0.78845
0.7823
0.66883
0.61295
0.54958
0.43276
0.37433
0.2299
0.19515
0.16661
0.17137
0.054113
0.046873
0.02655
0.03603
0.032629
0.052597
0.11575
0.14811
0.21535
0.25401
0.27709
0.36253
0.3971
0.40804
0.54112
0.50986
0.4906
0.46939
0.43494
0.45745
0.38297
0.35719
0.3298
0.30164
0.30331
0.2321
0.2198
0.1919
0.16687
0.15069
0.14091
0.13211
0.19137
0.19922
0.20937
0.23533
0.25332
0.28917
0.34094
0.32467
0.35511
0.38925
0.40408
0.3701
0.40309
0.41044
0.40047
0.35818
0.33875
0.31647
0.30029
0.25836
0.26943
0.21029
0.20172
0.21063
0.20306
0.18846
0.21186
0.22352
0.22992
0.24063
0.25397
0.28147
0.27897
0.30965
0.31471
0.3427
0.37829
0.35166
0.37117
0.32094
0.33258
0.30361
0.28326
0.24266
0.24861
0.20271
0.16586
0.15707
0.11223
0.087967
0.071926
0.088963
0.088242
0.11724
0.1325
0.15254
0.19033
0.20354
0.24209
0.2483
0.28054
0.28044
0.30943
0.30103
0.30487
0.30974
0.27927
0.25836
0.27325
0.23185
0.23962
0.2182
0.20316
0.20272
0.20873
0.17153
0.19599
0.19349
0.16164
0.12923
0.15087
0.15694
0.12118
0.14726
0.15388
0.1443
0.20592
0.24456
0.27087
0.30536
0.28754
0.33791
0.35001
0.33487
0.35946
0.33511
0.35473
0.32813
0.31145
0.3276
0.27702
0.28602
0.26252
0.24096
0.23754
0.19454
0.1979
0.18891
0.17445
0.16047
0.16599
0.19391
0.18386
0.18614
0.17919
0.20596
0.19865
0.21038
0.20873
0.24634
0.23449
0.2299
0.26921
0.24121
0.26338
0.26737
0.2856
0.27649
0.20173
0.21788
0.21555
0.22013
0.21564
0.17263
0.15504
0.1175
0.09286
0.071774
0.077356
0.084114
0.06531
0.066852
0.056304
0.059539
0.069881
0.071596
0.10642
0.1161
0.13942
0.16378
0.17848
0.19911
0.19116
0.21451
0.21498
0.22066
0.21288
0.2386
0.20028
0.18032
0.17438
0.15719
0.13518
0.13507
0.12386
0.096849
0.10385
0.10111
0.099236
0.099628
0.11078
0.099098
0.10802
0.10992
0.11098
0.10529
0.094066
0.10832
0.11093
0.11972
0.11315
0.15633
0.18887
0.19291
0.22431
0.22522
0.24042
0.21848
0.21717
0.19185
0.1875
0.18059
0.15299
0.14214
0.12464
0.12231
0.10093
0.09029
0.079897
0.089363
0.094956
0.091861
0.10261
0.10981
0.11824
0.15517
0.15646
0.15449
0.17478
0.16328
0.16839
0.16329
0.17382
0.15757
0.15498
0.15457
0.14137
0.13099
0.15502
0.14985
0.16357
0.19029
0.14255
0.17299
0.16315
0.15085
0.14596
0.14547
0.13725
0.14379
0.12923
0.1197
0.13354
0.12842
0.11724
0.12897
0.12605
0.12363
0.13436
0.14189
0.1419
0.1566
0.15409
0.18241
0.15012
0.1784
0.1664
0.17504
0.16362
0.17938
0.16947
0.1648
0.16568
0.1551
0.133
0.12471
0.1463
0.1308
0.13317
0.13135
0.13256
0.13628
0.13345
0.13425
0.14224
0.1352
0.12094
0.13632
0.12207
0.12087
0.11077
0.1054
0.074153
0.063426
0.056957
0.055288
0.04903
0.035121
0.03365
0.021843
0.015388
0.02722
-0.00036685
0.0057906
0.0032431
-0.00058802
0.0023756
-0.0053756
0.0027425
-0.0060887
-0.026836
-0.041611
-0.044794
-0.034404
-0.033474
-0.016383
-0.016842
-0.024961
-0.010978
-0.016847
-0.023783
-0.0078287
-0.014965
-0.010282
-0.0064541
-0.0057765
-0.0053447
-0.0093392
-0.011578
-0.011802
-0.026956
-0.012129
-0.012874
-0.0013996
-0.0059758
-0.0047176
-0.004246
-0.0077354
-0.0025931
-0.00019708
0.020944
-0.021332
-0.0059517
0.002531
-0.0059826
0.00024164
-0.0052207
-0.0062837
0.0036571
-0.017643
0.013775
0.0095915
0.010211
0.0088232
0.011578
0.013028
0.0097152
0.015152
0.013433
0.013089
0.011085
0.0098582
0.014568
-0.0064264
0.0071293
0.018962
0.0072971
-0.0031891
0.012555
0.012419
0.0084772
0.014836
0.027449
0.011654
0.01826
0.019009
0.0061939
0.014768
0.023151
-0.0007287
0.021454
0.0054599
-0.0017592
-0.0068005
-0.029522
-0.02252
-0.027523
-0.034815
-0.035142
-0.036217
-0.058472
-0.022367
-0.030867
-0.032519
-0.025477
-0.021231
-0.054205
-0.040106
-0.029461
-0.019811
-0.025281
-0.02353
-0.025861
-0.039219
-0.042813
-0.041941
-0.04686
-0.045137
-0.058642
-0.05991
-0.076848
-0.072702
-0.091603
-0.096751
-0.088274
-0.085798
-0.090322
-0.091052
-0.090614
-0.076016
-0.068752
-0.074119
-0.068519
-0.060487
-0.06729
-0.063941
-0.058657
-0.047801
-0.056845
-0.023256
-0.031224
-0.048949
-0.028085
-0.036302
-0.033145
-0.025653
-0.022736
-0.030241
-0.018841
-0.022382
-0.025305
-0.031816
-0.051174
-0.035078
-0.052849
-0.041738
-0.040345
-0.047751
-0.038364
-0.046974
-0.040791
-0.031245
-0.030554
-0.030401
-0.019655
-0.028871
-0.025869
-0.028388
-0.024535
-0.006332
-0.029932
-0.023473
-0.041594
-0.037375
-0.028774
-0.034014
-0.036825
-0.037067
-0.038593
-0.044485
-0.013904
-0.037767
-0.044484
-0.041713
-0.047177
-0.057618
-0.049315
-0.040916
-0.068417
-0.054755
-0.068097
-0.053145
-0.049988
-0.057714
-0.048369
-0.042812
-0.045422
-0.039774
-0.041554
-0.03656
-0.0452
-0.046613
-0.065713
-0.049761
-0.065211
-0.05715
-0.057433
-0.056661
-0.063821
-0.076423
-0.085018
-0.095459
-0.089842
-0.10383
-0.10937
-0.095631
-0.10868
-0.11678
-0.095238
-0.11322
-0.09762
-0.12116
-0.11065
-0.1186
-0.12424
-0.11881
-0.12054
-0.10558
-0.1022
-0.10899
-0.1024
-0.11351
-0.11643
-0.099258
-0.12061
-0.10583
-0.094842
-0.10488
-0.10213
-0.1001
-0.087602
-0.083979
-0.087422
-0.090628
-0.10987
-0.10284
-0.10985
