-0.008646
-0.0084845
-0.0089899
-0.0085455
-0.0086236
-0.0090051
-0.0091765
-0.0087059
-0.0089474
-0.0085123
-0.0084082
-0.0085373
-0.0082441
-0.0082427
-0.0079702
-0.0086431
-0.0090465
-0.0084619
-0.0084012
-0.0098748
-0.009907
-0.0085049
-0.0095479
-0.010257
-0.0087842
-0.0095619
-0.0087653
-0.0089104
-0.0093384
-0.0091597
-0.0095501
-0.010126
-0.0087761
-0.0091399
-0.0086076
-0.010641
-0.0088682
-0.008817
-0.0088862
-0.0093896
-0.0096977
-0.0099797
-0.0090356
-0.008546
-0.010089
-0.0074838
-0.008528
-0.008181
-0.0092546
-0.0088126
-0.008369
-0.010145
-0.0077473
-0.010214
-0.010094
-0.010347
-0.0077991
-0.0099959
-0.0087942
-0.0079545
-0.0094496
-0.0085677
-0.0094768
-0.0093136
-0.0087784
-0.0094569
-0.0085318
-0.010284
-0.0087131
-0.0085794
-0.0089332
-0.0097981
-0.009454
-0.0093192
-0.010407
-0.010849
-0.0086202
-0.0096063
-0.0087219
-0.0089387
-0.0093638
-0.010776
-0.0089982
-0.0097464
-0.0096189
-0.0094886
-0.010099
-0.0095641
-0.0085946
-0.0096896
-0.0098709
-0.0089163
-0.008112
-0.0086665
-0.0087421
-0.009807
-0.010482
-0.009836
-0.0092258
-0.0098813
-0.0088956
-0.010145
-0.010448
-0.010502
-0.010989
-0.008956
-0.010936
-0.0087207
-0.0099646
-0.0097722
-0.0086278
-0.010259
-0.0079963
-0.0093505
-0.0073856
-0.00968
-0.0090959
-0.010109
-0.0079971
-0.010044
-0.0098273
-0.0080971
-0.01029
-0.0093729
-0.0090623
-0.008807
-0.0094713
-0.0083925
-0.0099204
-0.0092496
-0.0095648
-0.0093278
-0.010271
-0.008419
-0.0077682
-0.0097669
-0.0090499
-0.008858
-0.0084789
-0.0092822
-0.0085295
-0.0079554
-0.01058
-0.0079603
-0.0084811
-0.0097016
-0.008794
-0.0086452
-0.0086342
-0.0090343
-0.0085739
-0.010287
-0.010085
-0.0086912
-0.0093666
-0.0089497
-0.0079899
-0.008139
-0.0085225
-0.0086173
-0.0097117
-0.0095558
-0.0094837
-0.0087327
-0.0097365
-0.0087571
-0.0086536
-0.0095412
-0.009573
-0.0099323
-0.0089761
-0.0094064
-0.008305
-0.0090072
-0.0086929
-0.0093357
-0.0086432
-0.0090833
-0.0095413
-0.0090336
-0.0087921
-0.0080761
-0.0082966
-0.009533
-0.008627
-0.0094493
-0.0090028
-0.0095762
-0.0084223
-0.0087459
-0.0090392
-0.0085729
-0.0093062
-0.0088593
-0.0088476
-0.0089933
-0.0092425
-0.0086583
-0.0089485
-0.0090644
-0.0089051
-0.0086174
-0.0092781
-0.008503
-0.0093957
-0.0089363
-0.0082253
-0.0088686
-0.0086529
-0.0095328
-0.0091631
-0.0092756
-0.0085954
-0.0090553
-0.0091453
-0.0096199
-0.0094178
-0.0091169
-0.0087125
-0.0093831
-0.0094842
-0.0089384
-0.0093182
-0.0086988
-0.0094684
-0.0090389
-0.009034
-0.0093752
-0.008587
-0.0087265
-0.0091175
-0.0088984
-0.0093118
-0.0088263
-0.0087833
-0.0094419
-0.0085249
-0.008552
-0.0088918
-0.0094957
-0.0085496
-0.0095034
-0.0085169
-0.00987
-0.0096224
-0.0097975
-0.0088792
-0.009951
-0.0091177
-0.0092446
-0.0094035
-0.010175
-0.0097794
-0.0091186
-0.0092407
-0.0095283
-0.0090809
-0.009582
-0.0093266
-0.009158
-0.0088845
-0.0093983
-0.0095242
-0.0090668
-0.01047
-0.010042
-0.009203
-0.01056
-0.0084339
-0.010238
-0.0097267
-0.010502
-0.010661
-0.0090372
-0.010707
-0.010473
-0.011375
-0.0094581
-0.0092951
-0.0092693
-0.0094057
-0.0086002
-0.0088035
-0.007803
-0.010368
-0.0088986
-0.0074474
-0.007242
-0.0049498
-0.0051361
-0.0039844
-0.0021158
-0.0019823
0.00022212
-0.00025465
0.0010401
0.002185
0.0014858
0.0031245
0.006227
0.0074391
0.0083703
0.017465
0.016946
0.021781
0.021419
0.025415
0.025712
0.025878
0.025734
0.023362
0.024835
0.020641
0.021435
0.018401
0.019248
0.017893
-0.001741
0.030948
0.030244
0.020036
0.0080762
0.0059158
0.0051771
-9.6002e-05
-0.00034439
-0.00097886
-0.00042017
-0.0011278
-0.00084424
-0.00099705
-0.001452
-0.001277
-0.0015516
-0.0019274
-0.00096131
-0.0021313
-0.0017618
-0.0023742
-0.002164
-0.0024717
-0.0018386
-0.028765
-0.079977
-0.083357
-0.057967
-0.064492
-0.067828
-0.060098
-0.058707
-0.052596
-0.056171
-0.050139
-0.051994
-0.047196
-0.043246
-0.03854
-0.035995
-0.03729
-0.037908
-0.032947
-0.030724
-0.019996
-0.015237
-0.02288
-0.047228
-0.062564
-0.081622
-0.086864
-0.077501
-0.062454
-0.0082806
0.017475
0.049431
0.045655
0.044388
0.028134
0.03575
0.038307
0.041766
0.039161
0.021143
-0.001723
-0.01557
-0.023301
-0.020245
-0.0031218
0.0032134
0.0019957
-0.000163
-4.0445e-05
-7.2533e-05
-0.00022931
-0.0031947
-0.0073015
-0.02566
-0.018593
-0.011811
-0.010391
0.003237
0.0018382
0.0089277
0.0034802
0.0052449
-0.035877
-0.031862
0.032894
0.029326
-0.0037748
-0.0021972
0
8.1067e-05
0.0010139
0.00036652
0
0
0
0
1.1774e-05
-9.0153e-05
-4.2544e-05
-0.00014993
0
4.7887e-05
-0.00015844
-0.0001075
-0.00040668
-0.00034413
-0.0003793
-0.01696
-0.01976
-0.063097
-0.059158
-0.01978
-0.020274
-0.022601
-0.01513
-0.02571
-0.042686
-0.044626
-0.034022
-0.024979
-0.020338
-0.017343
-0.018027
-0.020121
-0.014478
-0.015785
-0.010067
-0.014565
-0.0033837
-5.6648e-05
0.00030879
0.014782
0.058393
0.10335
0.14244
0.16183
0.17449
0.17244
0.16442
0.1647
0.15371
0.1559
0.14962
0.12515
0.12958
0.11375
0.10227
0.057215
0.049414
0.0059284
-0.000277
-0.000135
2.1388e-05
0.0002575
0.00333
0.005177
0.0088945
0.01399
0.018591
0.039929
0.047069
0.057885
0.043439
0.045643
0.063443
0.02683
0.047924
0.10457
-0.012692
-0.017778
0.00014245
0
-3.7237e-05
0.00043397
0.00016716
0.00053302
4.257e-05
3.3093e-05
8.0105e-06
0.00027293
0.00014392
-6.0382e-05
-1.2549e-05
-0.00011681
-0.00021084
-0.00020654
-0.00032781
-0.00017135
-0.0055347
-0.014541
-0.036881
-0.073842
-0.040923
-0.0072332
-0.0070959
-0.016128
-0.025675
-0.022533
-0.01264
-0.015285
-0.014381
-0.014972
-0.022433
-0.029892
-0.028032
-0.027712
-0.016678
-0.0081241
-0.0066975
-0.00085326
-0.0020697
0.0049657
0.023432
0.060872
0.10289
0.13998
0.18388
0.20711
0.14038
0.11988
0.11082
0.12091
0.10771
0.12526
0.1167
0.11356
0.094786
0.076277
0.072846
0.045452
0.030462
0.0086274
0.023966
0.036348
0.0070125
0.0013173
-0.00020066
0
-0.00021564
-6.9383e-05
0.00038692
0.002001
0.0043257
0.0074277
0.015582
0.016225
0.010158
0.003986
-0.0066952
0.0028959
0.010766
-0.018775
-0.0087193
0.016926
0.054532
0.045268
0.018717
-0.00042211
-0.0016197
-8.1302e-05
-3.6196e-05
0
-0.0011445
-0.0002675
-4.085e-05
-0.0008902
-0.00082695
-7.1201e-05
-0.0010337
0
-0.00083303
-0.00025073
3.7296e-05
-0.00062137
-0.0006344
-0.0014498
-0.00036311
-0.00154
-0.016492
-0.070306
-0.097371
-0.11351
-0.087773
-0.074715
-0.081138
-0.071725
-0.062655
-0.042732
-0.036056
-0.035706
-0.031756
-0.037339
-0.036249
-0.040971
-0.040003
-0.039908
-0.029187
-0.017029
-0.01202
-0.03945
-0.057992
-0.071543
-0.077017
-0.0367
-0.026736
0.043355
0.095056
0.1485
0.13066
0.12209
0.14218
0.13712
0.14396
0.14527
0.14431
0.12526
0.1005
0.09571
0.084933
0.067284
0.083449
0.012513
0.0078704
0.0031794
9.4212e-06
0.00050016
0.00066794
0.0059577
0.010649
0.011233
0.016889
0.040199
0.0429
0.037353
0.030106
0.030117
0.030623
0.047433
0.031002
0.039382
0.045321
0.064734
0.03431
0.013676
-0.0020025
-0.0020304
0
0
-7.6579e-05
-0.00019906
-0.00061456
-0.00058319
-0.00087986
-0.00029365
-5.1576e-05
-0.00019514
-0.00021147
-0.0012426
-0.00055988
-7.1262e-05
-0.00052203
-0.017803
-0.041447
-0.071683
-0.097721
-0.083733
-0.065595
-0.057054
-0.048764
-0.040693
-0.046309
-0.053051
-0.040552
-0.036015
-0.031524
-0.02371
-0.01817
-0.01687
-0.020029
-0.028838
-0.032471
-0.030255
-0.02546
-0.014751
-0.0083434
-0.015108
-0.026869
-0.04275
-0.051941
-0.054055
-0.032481
0.010699
0.058745
0.068493
0.096745
0.11217
0.11248
0.12244
0.10791
0.086227
0.081456
0.061942
0.053615
0.05505
0.041119
0.043463
0.04554
0.0040943
0.0027346
0.00032368
-0.00014759
-0.00015199
0.0024333
0.0020089
0.0032235
0.0088138
0.0069961
0.017008
0.017721
0.014988
0.0077611
0.013523
0.028369
0.031787
-0.00082469
0.024595
0.041923
0.073616
0.043015
0.019152
-0.00052238
0.00039129
0.00014969
0
7.2274e-06
5.668e-05
-1.236e-05
0
-8.8676e-05
-5.7467e-05
-8.7986e-05
-0.00037725
-0.00038824
-0.00038067
-0.00052886
-0.00021888
-0.00088408
-0.009694
-0.043069
-0.05768
-0.068907
-0.044451
-0.0097302
0.008394
0.031867
0.031494
0.025096
0.0073129
-0.0022098
-0.0089547
-0.0059369
-0.0023879
-0.0054247
-0.0081061
-0.012629
-0.0081396
-0.012092
-0.01367
-0.012803
-0.0023951
0.0014429
0.005146
0.019544
0.051133
0.074842
0.125
0.16014
0.19735
0.17067
0.19002
0.17983
0.19618
0.17376
0.17032
0.16567
0.13603
0.11841
0.088607
0.077762
0.068179
0.044379
0.033797
0.034489
0.0018685
0.0026639
0
0
-9.3622e-05
0.0030077
0.0023162
-0.0014772
0.00024624
0.0022324
0.0065483
-0.00032688
-0.0050801
0.011822
0.0098816
0.008735
0.014008
0.019705
0.016273
0.005309
-0.0054446
-0.0065799
-6.7898e-05
0
0
-0.0010656
0
-0.00050037
-0.001516
-0.00083779
0
-0.00083798
-0.00092162
-0.00025071
-0.00021541
0
-0.0012555
-0.0012674
-0.001654
-0.00068465
-0.0043302
-0.018906
-0.059091
-0.1076
-0.13379
-0.11778
-0.12206
-0.11836
-0.1052
-0.073602
-0.053953
-0.044552
-0.0413
-0.035916
-0.043086
-0.047318
-0.054189
-0.058832
-0.049204
-0.031247
-0.018312
-0.021393
-0.02931
-0.05388
-0.058587
-0.065544
-0.062347
-0.054006
-0.0060871
0.046164
0.098057
0.11553
0.10879
0.10076
0.10183
0.10721
0.10789
0.1166
0.11541
0.095705
0.08307
0.079866
0.081805
0.057325
0.030021
0.02098
1.2444e-06
0.00012561
0.0012578
-1.2796e-05
0.0020336
0.0026209
0.0046154
0.01118
0.026557
0.03639
0.038559
0.049684
0.048421
0.034952
0.043654
0.028116
0.0033105
0.023821
0.038082
0.035006
0.0041191
0.01013
0.010181
0.0029707
0.00093636
0.00074219
8.3049e-05
-4.2412e-05
-2.107e-05
-9.1569e-05
-0.0001727
0
-0.00031294
-0.00034124
-0.00024934
-0.00046454
-0.00014316
-0.00062403
0
-0.00074527
-0.00111
-0.0009689
-0.080621
-0.048745
-0.051607
-0.062859
-0.066872
-0.06887
-0.054978
-0.046355
-0.041159
-0.035021
-0.03423
-0.029753
-0.029668
-0.032639
-0.031126
-0.035582
-0.04391
-0.042333
-0.024341
-0.017843
-0.0063725
-0.034193
-0.039372
-0.036295
-0.025867
-0.0069818
-0.013561
0.00033381
0.022119
0.054784
0.075923
0.086716
0.10983
0.096752
0.087272
0.098186
0.082962
0.069634
0.065406
0.058171
0.051999
0.033963
0.036025
-0.0024114
-2.3602e-05
0
0.0041341
0.0054393
0.0074035
0.007095
0.0085143
0.0085547
0.010592
0.015763
0.016144
0.018901
0.017826
0.017977
0.017562
-0.030244
-0.039014
-0.022775
-0.018875
-0.010625
-0.0053109
-0.0034863
-0.0022068
-0.00061373
0
0
0
-3.6057e-09
-0.0006689
-0.00052279
0
-0.00047868
-0.00037676
-0.00052392
-0.00044989
-0.00018621
-0.0007888
-0.0025762
-0.027809
-0.030062
-0.081478
-0.13102
-0.10752
-0.070753
-0.049674
-0.049309
-0.056557
-0.065383
-0.076423
-0.078462
-0.065993
-0.049108
-0.042492
-0.035233
-0.036676
-0.033561
-0.035926
-0.042927
-0.03901
-0.041606
-0.029905
-0.021582
-0.018561
-0.015679
-0.084289
-0.14657
-0.16623
-0.16046
-0.13021
-0.12676
-0.10037
-0.069018
-0.058576
-0.039046
-0.006427
0.0085699
0.022449
0.03593
0.032336
0.036397
0.040108
0.040154
0.034239
0.030437
0.022295
0.0030696
-0.0099666
-0.0055574
0.00044893
0.0015056
0.00137
-0.0036806
0.0001775
-0.0029426
0.00041488
0.0064702
0.0010912
-0.0012307
-0.00038888
0.00020089
0.0058553
0.0010744
-0.0042983
-0.054014
0.0036484
0.026737
0.0055695
-0.01245
-0.012743
-0.0076022
-0.0034244
-0.0033929
0
-3.779e-06
2.9469e-06
0
-3.2249e-05
-6.0235e-05
-8.3414e-05
-0.00028643
-1.4807e-05
-0.00032252
-0.00024152
-0.00026211
-0.0011245
-0.0096531
-0.014099
-0.039115
-0.05125
-0.083441
-0.077569
-0.05409
-0.042835
-0.045569
-0.046693
-0.056951
-0.080243
-0.070374
-0.064783
-0.046273
-0.039458
-0.033257
-0.028969
-0.027392
-0.033816
-0.028624
-0.032667
-0.029042
-0.020594
-0.01716
-0.0098811
-0.0072716
-0.0326
-0.068917
-0.062344
-0.052612
-0.042169
-0.042898
-0.030951
-0.0026438
0.010327
0.026016
0.040148
0.042133
0.037554
0.037322
0.032058
0.028371
0.031327
0.039124
0.027279
0.037894
0.002772
-0.013785
-0.0056008
-0.0010157
-0.002992
-0.0023416
-0.0012512
-0.0071192
-0.0095663
-0.011571
-0.012853
-0.014958
-0.012208
-0.010223
-0.0076291
-0.0048792
-0.0094395
-0.0055644
-0.036143
-0.019311
-0.01323
-0.015585
-0.010933
-0.005048
-0.0026395
-0.0023283
-0.00067256
0
-2.2177e-05
-0.00014067
0
-0.00045919
-7.7125e-05
-0.00026445
-0.00060252
5.6792e-05
-0.00026906
-0.00039893
-0.00067765
-0.0031566
-0.017014
-0.018326
-0.042076
-0.053538
-0.10108
-0.14755
-0.15107
-0.096999
-0.088259
-0.095078
-0.098448
-0.12598
-0.12651
-0.076672
-0.068771
-0.043505
-0.039441
-0.042748
-0.04634
-0.039506
-0.03737
-0.032227
-0.04108
-0.026955
-0.022576
-0.025615
-0.014524
-0.057502
-0.10954
-0.13656
-0.13424
-0.096216
-0.093479
-0.084211
-0.06473
-0.055235
-0.037977
-0.018235
0.0091685
0.031488
0.054619
0.051027
0.056683
0.068265
0.068228
0.055915
0.061424
0.05629
0.042154
0.075649
0.059387
0.056755
0.01041
-0.017639
0.00061693
-0.0027412
-0.0048928
-0.014044
-0.010804
-0.0063311
-0.010506
-0.0089811
-0.010934
-0.012436
-0.013588
-0.018686
-0.018512
-0.015626
-0.017653
-0.044434
-0.021958
0.0015427
-0.0093702
-0.0072443
-0.0057576
-0.0044761
-0.0032948
-0.0012451
0
0
-0.00018804
-6.2208e-05
-0.00026962
-0.00014445
-0.00041862
-0.0005947
-0.00017591
0
-0.00036715
0
-0.00048746
-0.00054492
-0.034886
-0.066081
-0.070665
-0.1154
-0.1163
-0.089856
-0.040405
-0.0069834
-0.0061625
-0.0075755
-0.013124
-0.020848
-0.0267
-0.024043
-0.018922
-0.016073
-0.01606
-0.012273
-0.0096536
-0.0089044
-0.0084714
-0.008116
-0.0068958
-0.0057292
-0.0092201
-0.0033805
-0.011057
-0.020941
-0.023262
-0.01852
-0.026155
0.015392
0.038373
0.070208
0.082791
0.10062
0.10171
0.1018
0.11149
0.10811
0.082399
0.067046
0.055971
0.049012
0.033877
0.037447
0.044896
0.0054565
-0.020371
-0.00091026
0.0012201
-0.0023253
-0.0080215
-0.003289
-0.0018292
-0.01019
-0.0062535
-0.012823
-0.014719
-0.016691
-0.054234
-0.034981
-0.045321
-0.030646
-0.011929
-0.011193
-0.0072797
-0.0046058
-0.0015581
0
3.2301e-05
-0.0011968
0
-0.00095193
-0.0020345
-0.0018058
-0.0015544
-0.00011863
-0.0007541
-0.0011764
-0.00032681
-0.0010735
-0.00086052
-0.0017807
-0.026128
-0.02649
-0.028656
-0.060235
-0.069876
-0.050371
-0.033455
-0.042533
-0.046767
-0.043787
-0.047897
-0.045437
-0.036459
-0.032067
-0.02421
-0.021554
-0.019691
-0.014462
-0.013466
-0.018076
-0.015363
-0.0098289
-0.016193
-0.0055445
-0.032717
-0.052741
-0.074444
-0.082932
-0.056548
-0.034201
-0.027727
-0.0066372
0.019487
0.03053
0.053165
0.065392
0.065946
0.062151
0.049264
0.029392
0.012236
0.0045617
0.023466
0.037183
0.049241
-0.0031801
-0.010215
-0.0045975
-0.0073142
-0.0043268
-0.0028259
-0.0014008
-0.0019593
-0.0049607
-0.004139
-0.0089346
-0.011225
-0.010225
-0.0396
-0.029351
-0.032867
-0.016366
-0.0052405
-0.0027496
-0.0014907
-0.00061485
-0.0003247
-6.0444e-05
-1.6044e-05
-0.00013896
-0.00019301
-0.00060551
-0.0011455
-0.00062055
-0.00076891
-0.00028079
-9.5468e-05
-0.00087822
-0.00061438
-0.00067548
-0.00090872
-0.0014774
-0.16367
-0.23941
-0.23974
-0.18961
-0.12374
-0.10419
-0.088531
-0.11257
-0.10842
-0.10476
-0.08419
-0.062996
-0.04561
-0.031635
-0.024124
-0.020347
-0.014204
-0.012973
-0.012224
-0.014208
-0.0073106
-0.0031003
-0.015152
-0.0044735
-0.011617
-0.019246
-0.10684
-0.12222
-0.11596
-0.11514
-0.10824
-0.085969
-0.067222
-0.051392
-0.028633
-0.0077708
-0.0021903
0.0011406
0.001531
-0.0070307
-0.018696
-0.022577
-0.017977
-0.0036233
-6.5756e-05
0.00048072
-0.04093
-0.029053
-0.034684
-0.024192
-0.022575
-0.031848
-0.027397
-0.023098
-0.019858
-0.020195
-0.013969
-0.0055553
-0.053967
-0.0049226
-0.020585
-0.016719
-0.0099795
-0.011004
-0.0083575
-0.0056002
-0.0011644
0
0
-0.00042755
5.1564e-05
-4.6967e-05
-0.00070128
-0.00046047
-0.00029796
-0.00029214
-0.00036852
-0.00010816
-0.0005669
-0.0009246
-0.00091169
-0.0013988
-0.0049025
-0.012038
-0.12789
-0.10021
-0.072841
-0.046468
-0.04053
-0.037097
-0.045283
-0.058382
-0.052843
-0.044215
-0.033461
-0.02105
-0.019577
-0.016303
-0.018482
-0.010929
-0.0093373
-0.0083725
-0.0045384
-0.0016829
-0.023725
-0.0089901
-0.036025
-0.05548
-0.079955
-0.12864
-0.15313
-0.13923
-0.10294
-0.083705
-0.1036
-0.078177
-0.071216
-0.056323
-0.046413
-0.037573
-0.037175
-0.035755
-0.031645
-0.030557
-0.025898
-0.013277
-0.02015
-0.04239
-0.045327
-0.018121
-0.028019
-0.025593
-0.029462
-0.03101
-0.028685
-0.029296
-0.025587
-0.022327
-0.025308
-0.023747
-0.026102
-0.043953
-0.02101
-0.0075936
-0.0039113
-0.0044846
-0.0070077
-0.0034332
-0.00015182
-4.7207e-05
-0.00063484
-0.0029944
-3.7634e-05
0
-0.0010273
-0.00076339
-0.00066702
-0.00072018
-0.0018846
-0.00078759
-0.0010229
-0.0013968
-0.00056493
-0.0015777
-0.0012525
-0.00087654
-0.0095552
-0.02699
-0.069707
-0.14374
-0.16636
-0.10142
-0.046708
-0.039686
-0.043955
-0.03793
-0.034049
-0.031307
-0.030393
-0.02481
-0.024152
-0.030516
-0.030102
-0.032314
-0.042611
-0.028404
-0.024786
-0.016194
-0.052347
-0.11039
-0.17249
-0.1812
-0.18084
-0.13684
-0.042751
-0.037842
-0.0093893
0.00060922
0.015253
0.031506
0.055673
0.08712
0.11447
0.1013
0.10568
0.098926
0.10683
0.095202
0.070369
0.10564
0.089246
0.090083
0.072946
0.10376
0.13934
0.12891
0.11912
0.10116
0.083791
0.090862
0.1082
0.10594
0.092653
0.069509
0.053184
0.064279
0.03283
0.062317
0.045888
0.014383
0.0025984
0.0030559
0.00066563
0.00096185
0.0018175
0
0
-0.00024158
-0.00049241
-0.00067464
-0.00039338
-0.00097736
-0.00063063
-0.00038359
-0.00027227
-0.00040873
-0.00040233
-0.0060875
-0.0067002
-0.036394
-0.066994
-0.12846
-0.1079
-0.032607
0.0048901
0.027583
0.029455
0.028709
0.02059
0.015003
-0.018594
-0.025688
-0.016484
-0.016325
-0.011384
-0.01063
-0.010161
-0.007375
-0.0099617
-0.006506
-0.0056636
-0.00087943
-0.0034333
-0.0029713
-0.0073272
-0.029978
-0.056795
-0.08271
-0.089792
-0.073515
-0.026706
-0.010702
0.0080099
0.042231
0.014415
0.022507
0.05291
0.063171
0.05245
0.045189
0.049412
0.047259
0.037232
0.013034
0.023803
0.03023
0.0021859
0.0020554
0.003895
0.0056099
0.019065
0.027496
0.045899
0.037829
0.040875
0.058871
0.055816
0.059451
0.049554
0.047493
0.04871
0.049907
0.018568
0.013473
0.0056962
0.027046
0.0069903
4.536e-05
0.0001164
-0.0039659
1.7363e-05
0
0
-1.7386e-07
-5.9934e-05
-0.00029174
-0.0016656
-0.0002809
-0.00016614
0
0
-0.0012491
-0.00014109
0
-0.00088932
-0.012261
-0.045577
-0.072582
-0.14012
-0.16958
-0.092767
-0.039149
-0.015958
-0.021961
-0.017018
-0.026129
-0.036079
-0.034528
-0.03017
-0.026592
-0.014805
-0.011426
-0.012845
-0.011083
-0.013712
-0.01351
-0.012226
-0.010843
-0.0099788
-0.0096829
-0.010554
-0.048467
-0.11555
-0.16775
-0.20678
-0.21197
-0.16154
-0.085316
-0.051382
-0.008536
0.040512
0.032505
0.039656
0.054359
0.064157
0.093228
0.1041
0.11539
0.10811
0.10759
0.10897
0.11843
0.078804
0.046376
0.01865
0.018223
0.027522
0.031786
0.029615
0.033436
0.036697
0.045801
0.04278
0.039068
0.036849
0.024765
0.017729
0.032641
0.043221
0.0048259
0.0095571
0.012982
0.013893
0.0029791
0.0021956
-0.0023507
-0.00023289
0.00050005
0
0
1.0506e-05
0
-0.0014741
-0.00050051
-0.00023394
-0.00018647
-0.0016168
-0.001082
-0.001469
-0.00013439
-0.00054558
0
-0.00031631
-0.13924
-0.18963
-0.16661
-0.10966
-0.060135
-0.0331
-0.028363
-0.023652
-0.0070157
-0.012101
-0.028082
-0.028521
-0.019887
-0.013348
-0.0088983
-0.014736
-0.015725
-0.011002
-0.010273
-0.010858
-0.012392
-0.0031831
-0.0015541
-0.00055949
-0.0015943
-0.0071534
-0.011877
-0.022341
-0.032708
0.011277
0.050704
0.080117
0.11713
0.11525
0.11684
0.10298
0.095407
0.11861
0.13495
0.12614
0.1294
0.099639
0.08564
0.082092
0.066319
0.043553
0.020674
0.0093898
0.010454
0.018721
0.019169
0.027679
0.038919
0.058747
0.049063
0.05814
0.0718
0.078071
0.062729
0.059233
0.041507
0.043432
0.027166
0.029991
0.044225
0.051735
0.01926
0.0039143
-0.0002242
-0.0036426
-0.0012149
0
0
1.3796e-06
0
-0.00040181
-0.001894
-0.00089343
-0.00018343
-0.0018447
-0.0017906
-0.00093318
-0.00089783
-0.00022857
-0.00061615
-0.0011431
-0.0013343
-0.0007637
-0.014482
-0.02315
-0.12909
-0.085001
-0.054208
-0.04475
-0.034821
-0.04111
-0.039068
-0.045094
-0.039823
-0.036889
-0.023321
-0.017275
-0.017383
-0.017525
-0.019517
-0.020969
-0.017762
-0.017223
-0.016414
-0.0096119
-0.012059
-0.043085
-0.09219
-0.13723
-0.17611
-0.19059
-0.13893
-0.064453
-0.0028023
0.007765
0.05624
0.03
0.03739
0.058015
0.077689
0.09942
0.11573
0.12812
0.13289
0.11854
0.12346
0.086673
0.074361
0.053981
0.022853
0.012739
0.031136
0.048652
0.051362
0.049304
0.050362
0.05314
0.051868
0.058685
0.054144
0.053647
0.03111
0.047022
0.065585
0.012827
-0.0066923
0.0066147
0.0092195
0.00705
0.00087003
-0.004131
-0.0038225
-0.00010605
0
0
-0.0002294
-5.7189e-05
-0.0014746
-0.0017484
-1.715e-05
-0.00012145
-0.00059198
-0.00087536
-0.0008403
-0.00030021
-0.00046555
-0.00052353
-0.00019539
-0.00041555
-0.0069817
-0.004716
-0.035694
-0.080641
-0.062067
-0.055009
-0.038831
-0.041207
-0.034774
-0.039834
-0.038136
-0.03946
-0.02618
-0.020173
-0.012352
-0.01221
-0.019757
-0.019188
-0.019197
-0.0081526
-0.0086424
-0.0062429
-0.005757
-0.027261
-0.074951
-0.13656
-0.15821
-0.17446
-0.17687
-0.11306
-0.0601
-0.030821
0.016502
0.0058126
0.0021732
0.020153
0.044926
0.075372
0.078977
0.08792
0.079003
0.04643
0.046559
0.042839
0.063344
0.038168
0.02411
0.021747
0.027429
0.043831
0.044943
0.045816
0.052842
0.045302
0.062105
0.073515
0.066218
0.04764
0.041524
0.036462
0.038873
0.0162
0.01543
0.027294
0.04832
0.019007
0.0043251
-0.0011142
-0.0054295
-0.00047485
0
0
0
-7.7446e-05
-0.00086226
-0.0020423
-0.00061393
-6.6297e-06
-0.0014627
-0.0020389
-0.00043732
-0.00049645
-0.00052991
0
-0.0012491
-0.00094777
-0.21051
-0.20148
-0.15927
-0.10908
-0.089156
-0.085525
-0.06852
-0.062181
-0.069982
-0.070086
-0.081049
-0.053345
-0.034814
-0.029485
-0.026774
-0.026291
-0.025407
-0.028199
-0.025021
-0.01998
-0.01341
-0.008409
-0.0069813
-0.028282
-0.085777
-0.14642
-0.19375
-0.21393
-0.16228
-0.093078
-0.055379
0.019454
0.035966
0.031485
0.027876
0.032641
0.049132
0.061968
0.086188
0.1011
0.08764
0.084053
0.093776
0.090511
0.067524
0.03831
0.034948
0.035513
0.051786
0.011966
0.018696
0.019378
0.037859
0.039365
0.038709
0.022003
0.020603
0.022196
0.028711
0.021046
0.031546
0.001029
-0.004479
0.022922
0.026034
0.013661
-0.00068692
-0.0062413
-0.010209
-0.0028669
-9.369e-05
0
0
-0.00013488
-0.00041177
-0.0018924
-8.1924e-05
0
-0.0017982
-0.0018081
-0.0010315
-0.00032709
-0.0011042
-0.00043092
-0.0013568
-0.00049288
-0.00054178
-0.012313
-0.018255
-0.057045
-0.095218
-0.11624
-0.063802
-0.056246
-0.061628
-0.051079
-0.048413
-0.069537
-0.054818
-0.053127
-0.039798
-0.027314
-0.023646
-0.022598
-0.017597
-0.02322
-0.020389
-0.026377
-0.020412
-0.015911
-0.0078107
-0.0028137
-0.0012307
0.0022892
0.0043064
0.01446
0.027136
0.063633
0.077661
0.11589
0.11064
0.13585
0.16887
0.16028
0.13455
0.12555
0.099485
0.10709
0.11318
0.10724
0.10189
0.087933
0.088778
0.081666
0.057786
0.040022
0.04183
0.055952
0.098757
0.038679
0.017728
0.016604
0.036293
0.066244
0.079641
0.080031
0.081259
0.069446
0.12239
0.11265
0.09951
0.091585
0.080502
0.076831
0.075276
0.038939
0.01298
0.037266
0.049198
0.023373
0.0025687
-0.0027815
-0.0069706
-0.0042671
0
0
0
0
-0.00087769
-0.0023395
-0.00053943
0
-0.0015139
-0.00095008
-0.0012483
-0.00096368
-0.00031263
-0.00096723
-0.00048511
-0.00084685
-0.011545
-0.0085048
-0.049178
-0.077893
-0.1152
-0.15753
-0.0707
-0.033549
-0.0039204
-0.0061274
-0.012351
-0.022215
-0.033748
-0.039409
-0.037002
-0.034551
-0.023332
-0.01795
-0.020098
-0.017239
-0.019967
-0.018908
-0.013207
-0.011097
-0.0062519
-0.0042296
-0.0054746
-0.028388
-0.051965
-0.081377
-0.087268
-0.064649
-0.0039008
-0.004398
0.025351
0.058242
0.053362
0.057078
0.059627
0.070598
0.079107
0.1154
0.11124
0.11017
0.11443
0.10083
0.064975
0.039977
0.023889
0.025211
0.014965
0.0091038
0.022457
0.040325
0.036833
0.034234
0.047098
0.032123
0.040548
0.045387
0.04671
0.029524
0.019497
0.03131
0.040726
3.0819e-05
-0.0068041
0.0079468
0.014494
0.0020374
-0.001734
-0.0052947
-0.0040534
0.00063994
-7.9867e-06
0
0
-3.2905e-06
-0.00043991
-0.001492
-0.001094
-0.00011391
-0.00082126
-0.0015622
-0.0010117
-0.0021953
-0.0088182
-0.026242
-0.080057
-0.12224
-0.17292
-0.17268
-0.081286
-0.071457
-0.034303
-0.038829
-0.029079
-0.040322
-0.067889
-0.091625
-0.07158
-0.044322
-0.027232
-0.020551
-0.020477
-0.018343
-0.016959
-0.01467
-0.011492
-0.0059227
-0.0059126
-0.0042176
-0.0048872
-0.021627
-0.074259
-0.12922
-0.18969
-0.16162
-0.10901
-0.06549
-0.086969
-0.086935
-0.10039
-0.061972
-0.040987
-0.016997
0.0071528
-0.00055593
-0.0088473
-0.009073
-0.019458
-0.03741
-0.026269
0.010098
-0.013365
-0.0012954
0.0022035
0.0012712
0.00065434
0.006499
-0.0045027
0.016174
0.026285
0.01684
0.024774
0.014219
0.015039
0.015456
0.010599
0.0073135
0.017124
-0.010362
-0.021804
0.00272
0.017648
0.01762
0
-0.00044654
0
-0.0013645
-0.00059588
-0.00031734
-0.0016718
0
-0.00052319
-0.0013646
-0.00073626
-0.001002
0
-0.00052753
-0.0010141
-0.0010547
-0.0048213
-0.0075064
-0.032508
-0.0731
-0.081542
-0.098195
-0.065851
-0.023052
-0.0089355
-0.00036624
0.0010551
0.0092898
-0.010697
-0.019831
-0.017727
-0.017378
-0.013761
-0.010263
-0.0087381
-0.0090634
-0.015335
-0.016496
-0.014358
-0.013244
-0.016564
-0.0089439
-0.012082
-0.054245
-0.090864
-0.1291
-0.16352
-0.14473
-0.12358
-0.0771
-0.0010598
0.041567
0.019737
0.045499
0.042727
0.061077
0.087826
0.078866
0.073789
0.070833
0.062889
0.051132
0.0223
0.029603
0.069172
0.025639
0.018739
0.017164
0.027243
0.047002
0.045676
0.055611
0.052564
0.066166
0.073019
0.085732
0.074646
0.064852
0.062294
0.058283
0.077609
0.023714
-0.0045577
0.049966
0.065241
0.033712
0.0072801
0.0036184
-0.0004191
-0.00066984
0
0
-2.2086e-05
0
-9.1478e-05
-0.00014548
-1.1085e-05
-0.00028453
-0.00011915
-0.00035367
-0.00023844
-0.00034692
-0.00070063
-0.0030966
-0.023021
-0.038364
-0.048325
-0.0099633
0.0078782
0.042233
0.070202
0.057462
0.045566
0.04241
0.014455
-0.003106
-0.007593
-0.0080901
-0.006489
-0.0028772
-0.00017853
-0.0048612
-0.0068001
-0.0092826
-0.0070839
-0.0060684
-0.0088783
-0.0046359
-0.004311
-0.024417
-0.037756
-0.064922
-0.061876
-0.045139
-0.042361
0.0035624
-0.014286
-0.0012093
0.010821
0.024339
0.056602
0.074282
0.074738
0.067018
0.068784
0.070401
0.059091
0.028734
0.028857
0.011003
0.030253
0.024483
0.01223
0.0091396
0.022251
0.032922
0.036957
0.048142
0.050446
0.068609
0.057948
0.055953
0.034603
0.035949
0.036183
0.023806
0.029804
0.0068591
-0.0079023
0.015995
0.044905
0.016536
0.0049432
-0.0033447
0
0
3.3381e-05
-0.00012081
0
-2.8101e-06
-0.00092211
-0.00052862
-0.0004747
-0.00046048
-7.8471e-05
-0.00027531
-0.00019189
-0.00044313
-0.0024373
-0.0077822
-0.02257
-0.038356
-0.032223
-0.033595
-0.0084542
0.036282
0.058464
0.07314
0.063236
0.049308
0.014103
0.0045595
0.0017586
-0.0012141
0.0035268
-0.0018114
-0.0029836
-0.0043884
-0.006089
-0.0039114
-0.0053384
-0.014207
-0.021448
-0.03379
-0.050176
-0.053818
-0.042656
0.0014499
0.0023899
0.0075968
0.043255
0.035081
0.040979
0.04711
0.055169
0.059029
0.041555
0.028867
0.027671
0.014074
-0.0077342
-0.019974
-0.036249
-0.019554
-0.018838
-0.018039
-0.034499
-0.085207
-0.092698
-0.087179
-0.087397
-0.093861
-0.096319
-0.097084
-0.10742
-0.10679
-0.11239
-0.11297
-0.10558
-0.12079
-0.13405
-0.060941
-0.030179
-0.0058385
0.00080823
0.0043241
0.0067271
0
0
0
-0.00025631
-0.0001623
-0.00092501
-0.00019597
-0.00044276
-0.00048227
-0.00049302
-0.0008168
-0.00035805
-0.0008797
-0.00055247
-0.00069131
-0.00046905
-0.00036551
-0.0049006
-0.010884
-0.017848
-0.041116
-0.037204
-0.043233
-0.018013
0.0048948
0.0222
0.017668
0.019546
0.008465
0.0080929
0.0062193
0.0029041
-0.000464
-0.0027555
-0.0016809
-0.00098193
-0.00099587
0.0013433
0.0012485
0.0034101
0.014366
0.032288
0.049841
0.058534
0.0063812
0.026477
0.045946
0.055349
0.085554
0.092601
0.11808
0.11386
0.11698
0.11481
0.10278
0.11084
0.098022
0.089841
0.097632
0.08328
0.079069
0.091919
0.11214
0.076105
0.089008
-0.0093072
-0.0059674
-0.013269
-0.013925
-0.0016457
-0.020756
-0.019579
-0.019151
-0.035158
-0.033745
-0.039001
-0.037619
-0.050168
-0.091035
-0.021368
-0.0032309
0.0068088
0.0016824
0.0032187
0.0025756
0.0030134
0
0
-0.00098332
-0.00064905
-0.00031994
-0.00089246
-0.00031819
-0.00034499
-0.00048754
-0.00053992
-0.00056796
-0.00058925
-0.0005975
-0.00039737
-0.00055721
-0.00042709
-0.0046892
-0.010479
-0.023704
-0.039348
-0.027751
-0.024008
-0.004996
0.027777
0.067458
0.077045
0.081575
0.055117
0.02567
0.007493
0.0035568
0.0031553
0.0018571
-0.00049604
-0.0024053
-0.0030073
-0.0029499
-0.0028064
-0.0040607
-0.0047911
-0.0035355
-0.0041922
-0.017975
-0.039275
-0.056222
-0.064535
-0.089132
-0.061807
-0.051957
-0.012655
0.0073006
0.010918
0.030639
0.032702
0.02695
0.032935
0.037742
0.041788
0.037807
0.027571
0.023295
0.017582
0.027011
0.010859
-0.021199
-0.03223
-0.042382
-0.052284
-0.04469
-0.048662
-0.041895
-0.038465
-0.040718
-0.042472
-0.042839
-0.041697
-0.050315
-0.045919
-0.053451
-0.078134
-0.063728
-0.066834
-0.019653
-0.0014875
0.0033484
0.0029376
0.0036926
0
0
-0.00033998
-0.00033409
-0.00081976
-0.00045036
-3.1043e-05
-0.00053692
-0.0009709
-0.00036641
-0.00043456
-0.00090739
-0.00084727
-0.019796
-0.030863
-0.052019
-0.07334
-0.096754
-0.072622
-0.010694
0.023685
0.038018
0.038967
0.03149
0.014721
-0.0082418
-0.011445
-0.00993
-0.0082344
-0.0060511
-0.003833
-0.0036996
-0.0055112
-0.0034356
-0.0037422
-0.0037223
-0.0021773
-0.0015421
-0.0020688
-0.0017671
-0.0073177
-0.021727
-0.045393
-0.061257
-0.10133
-0.11391
-0.082721
-0.038644
-0.014554
-0.016271
0.0072009
0.010116
0.014985
0.019751
0.025649
0.032635
0.027608
0.0354
0.058193
0.062313
0.056976
0.04291
0.0097351
0.013351
-0.010705
-0.022541
-0.036727
-0.043549
-0.052699
-0.046292
-0.044391
-0.042697
-0.035575
-0.045472
-0.054213
-0.052564
-0.065471
-0.065213
-0.067628
-0.09012
-0.067845
-0.027566
-0.011064
0.00083133
0.0025669
0.0056887
0.0036996
0
-6.4354e-05
0
-0.00018571
-0.00040921
-0.00077202
-8.755e-05
-0.00037836
-0.00034271
-0.00072741
-0.00072835
-0.00063351
-0.00074617
-0.0079019
-0.024196
-0.049798
-0.083285
-0.14135
-0.14263
-0.056257
-0.021146
0.010649
0.014937
0.011644
-0.005225
-0.012331
-0.015957
-0.015447
-0.010821
-0.0084904
-0.0077853
-0.0051066
-0.0045112
-0.0047184
-0.0052694
-0.0039221
-0.0022066
-0.0014846
-0.0054001
-0.0042456
-0.008072
-0.032141
-0.068315
-0.073937
-0.084779
-0.1019
-0.06348
-0.030704
-0.010987
0.019612
0.03399
0.051071
0.051245
0.039327
0.045275
0.038486
0.04496
0.043289
0.046907
0.049673
0.042822
0.034054
0.010714
0.0085852
-0.0043945
-0.011925
-0.015684
-0.022577
-0.02044
-0.016444
-0.013728
-0.013346
-0.01229
-0.015583
-0.022571
-0.034846
-0.033443
-0.038858
-0.042064
-0.067358
-0.069613
-0.042578
-0.022781
-0.0027282
0.0028848
0.0053755
0.0029567
0
-8.5929e-05
-0.00024201
-0.00060877
-0.00017618
-0.00053799
-0.00049366
-0.00021553
-0.00066774
-0.00067804
-0.00069966
-0.00060826
-0.000259
-0.0004568
-0.0002053
-0.00031937
-0.0003285
-0.00064674
-0.0089346
-0.012483
-0.018799
-0.033981
0.0024053
0.034137
0.073199
0.065994
0.064595
0.067688
0.041049
0.013164
0.0025146
-0.0002701
-0.0028508
-0.0031284
-0.0027
-0.003309
-0.0032977
-0.0022719
-0.0021495
-0.0025427
-0.00031307
-0.00020717
0.00048992
0.00056067
-0.00020106
-0.0040399
-0.0092269
-0.028596
-0.04038
-0.020709
-0.026067
0.0040341
0.017331
0.04908
0.052398
0.071777
0.077235
0.048852
0.049844
0.047844
0.051028
0.06009
0.069834
0.059128
0.058216
0.061161
0.05937
0.049868
0.036538
-0.0033898
-0.0011617
-0.0041343
-0.013125
-0.025636
-0.037486
-0.03705
-0.028123
-0.021932
-0.033606
-0.034226
-0.051126
-0.039817
-0.083042
-0.056718
-0.026984
-0.017249
-0.0025112
0.00063649
-0.0026085
0.0021105
0
0
-0.00055716
0
-7.5939e-05
-0.00032452
-0.00066567
-0.00022201
6.1224e-05
-0.00074047
-0.00044237
-0.00053908
-0.00055596
-0.00034362
-0.00055064
-0.00038875
-0.00071459
-6.271e-05
-0.014829
-0.012993
-0.037271
-0.089596
-0.087773
-0.0010755
0.0045571
-0.0057241
-0.0042463
-0.0078323
-0.005539
-0.0047391
-0.0047229
-0.005161
-0.0041718
-0.0043884
-0.0038026
-0.0044139
-0.0057015
-0.0030245
-0.0060898
-0.0052516
-0.009971
-0.031928
-0.067885
-0.085975
-0.090098
-0.077768
-0.062338
-0.03324
-0.020962
0.0026271
0.02604
0.033795
0.02068
0.029746
0.034052
0.048776
0.06382
0.07906
0.084471
0.065769
0.067849
0.05761
-0.0079948
-0.00066253
-0.0060845
-0.021674
-0.033428
-0.023573
-0.024923
-0.016807
-0.018485
-0.040183
-0.051513
-0.057303
-0.06485
-0.070792
-0.065571
-0.073683
-0.098782
-0.076744
-0.04896
-0.015586
0
0
0.0015905
0
-0.00014911
5.2941e-05
3.272e-05
-2.7619e-05
-0.00010206
-0.00026288
-0.00022478
-0.00012001
-7.6163e-05
-8.4118e-05
-5.7716e-06
1.6551e-05
8.8755e-05
7.7621e-05
0.0038561
-0.00013807
0.0074651
0.0079776
0.015687
0.022394
0.061261
0.045946
0.017421
0.0085385
-0.0015329
-0.003114
-0.0031676
-0.0026618
-0.0036247
-0.0038079
-0.0044545
-0.0040726
-0.0042331
-0.0031265
-0.00061492
-0.0022344
-0.0010778
0.0005827
-0.0013198
-0.012943
-0.034421
-0.035441
-0.047192
-0.031255
0.0024342
0.024131
0.049729
0.071699
0.062829
0.048694
0.05179
0.049161
0.048416
0.068728
0.09056
0.081142
0.082728
0.066193
-0.017562
-2.6958e-05
-0.00023194
-0.0020418
-0.0096934
-0.023452
-0.01462
-0.016516
-0.023246
-0.028887
-0.03424
-0.038614
-0.047722
-0.064216
-0.072677
-0.071189
-0.067656
-0.096491
-0.085235
-0.037622
-0.022064
-0.0049247
-0.0033889
-0.0056439
-0.00089142
-0.0001052
-0.00056264
-0.00023172
0
-0.0005644
-0.00074594
-0.00064954
-0.00086504
-0.00057464
-0.00081693
-0.00090714
-0.00087994
-0.00062079
-0.00044282
-0.00079846
-0.017196
-0.019641
-0.094679
-0.065162
-0.045278
-0.031151
-0.017721
-0.0014508
-0.00083815
-0.0020903
-0.0022052
-0.0028598
-0.0028402
-0.0040772
-0.0063198
-0.0075356
-0.0051858
-0.0057606
-0.00078864
-2.5262e-05
0.0016903
0.010981
0.024522
0.02517
0.010294
0.020141
0.027546
0.033248
0.062895
0.072896
0.1019
0.10384
0.11407
0.068177
0.072346
0.082345
0.07448
0.10155
0.10313
0.098293
0.072083
0.016756
-0.0056717
-0.00019583
0
-0.0003003
-0.0067732
-0.0091971
-0.01784
-0.014128
-0.022153
-0.028171
-0.042982
-0.049158
-0.063319
-0.062921
-0.077309
-0.081328
-0.080984
-0.1215
-0.093289
-0.015602
-0.0032408
0
0
0
8.1072e-05
-2.4264e-05
-0.0002267
-0.00028569
-5.416e-05
-0.00033916
-0.00029
-0.00041473
-0.00042655
-0.00063343
-0.00029627
-0.000358
-0.00061676
-0.0002629
-0.00067732
-0.00082558
-0.022801
-0.022259
-0.073548
-0.11813
-0.098183
-0.076801
-0.047541
-0.026638
-0.024202
-0.02613
-0.024435
-0.025606
-0.025963
-0.024618
-0.028021
-0.028853
-0.021092
-0.020485
-0.010457
-0.016651
-0.015093
-0.059355
-0.12232
-0.14217
-0.16308
-0.14277
-0.10169
-0.059373
-0.012498
0.0098
0.011352
0.044605
0.0599
0.075953
0.089236
0.10993
0.099388
0.10684
0.098399
0.11346
0.11257
0.099546
0.060843
0.0057623
0.0066865
0.0015131
0.00058337
0.0013873
0.002123
0.0093337
0.0083088
0.0085789
0.013333
0.01673
0.012765
0.0018883
-0.0013811
-0.0033065
0.0043099
-0.016044
-0.0029131
0.010833
0.015042
0.011341
0.0010737
-0.0027738
-0.00047609
0.00010232
-4.5627e-05
-1.0617e-05
-0.0011323
-0.00025814
-0.00082019
-0.001072
-0.0012698
-0.00033194
-0.0010357
-0.0012436
-0.0016573
0
-0.00048351
-0.00068929
-0.026124
-0.09663
-0.15593
-0.20979
-0.13091
-0.092511
-0.079883
-0.088952
-0.070371
-0.068366
-0.063052
-0.051976
-0.034233
-0.031966
-0.025792
-0.022997
-0.021893
-0.028431
-0.024501
-0.023539
-0.018616
-0.012131
-0.01245
-0.0066109
-0.0036282
-0.010384
-0.019073
-0.017112
-0.018591
0.018429
0.052277
0.12296
0.15943
0.14767
0.13083
0.10804
0.11027
0.11993
0.12499
0.11448
0.1298
0.088866
0.070819
0.072847
0.057451
0.050898
0.041478
0.0029824
0.0034553
0.0014275
-0.00042473
0.0024119
-0.00029771
0.00031368
0.0036176
0.0040534
0.0029466
0.010976
0.011605
0.011481
-0.0024372
-0.0025841
-0.0022138
0.0035943
-0.015436
-0.024643
0.001176
0.0201
0.012586
0.0014942
-0.004113
0
0
-0.00013816
-0.00010637
-0.00032589
-4.9932e-06
-5.6287e-05
-0.00032983
-0.00029588
-0.0002854
-0.00039525
-0.00037259
-0.00056405
-0.00041063
-0.00020633
-0.00039826
-0.0093924
-0.017511
-0.038822
-0.077278
-0.061992
-0.043673
-0.026795
-0.034577
-0.038353
-0.043527
-0.040086
-0.040498
-0.033963
-0.028253
-0.027762
-0.023366
-0.021059
-0.019994
-0.025313
-0.02825
-0.026301
-0.024146
-0.020936
-0.0229
-0.021434
-0.024025
-0.045802
-0.059933
-0.073816
-0.072433
-0.054031
-0.014101
0.03001
0.063386
0.082693
0.076784
0.073514
0.091258
0.10163
0.08931
0.10562
0.089883
0.078178
0.057164
0.036803
0.01303
0.0059654
0.0026866
0
0.00040479
0.00039495
0
0.0058013
0.0085351
0.0024486
0.0046318
0.019132
0.04382
0.058549
0.050311
0.037197
0.020836
0.039024
0.050019
0.033362
0.0017484
-0.011792
-0.004558
1.1144e-05
0
0.00089018
7.1847e-05
4.6029e-05
3.3723e-05
-6.6998e-05
-1.5075e-05
-5.1229e-05
-8.2925e-05
-0.00017411
-0.00015659
-4.3345e-05
-0.00019364
-0.00019015
-0.00010432
-0.00011865
-0.00010142
-0.0048181
-0.017415
-0.023038
-0.054717
-0.036571
-0.011008
-0.0028716
-0.010454
-0.014443
-0.01661
-0.016332
-0.016583
-0.015024
-0.015704
-0.019784
-0.020308
-0.023176
-0.026366
-0.010698
-0.0065201
-0.0062921
-0.0093994
-0.016339
-0.0035607
0.024795
0.050367
0.081104
0.13603
0.1266
0.13155
0.10648
0.083282
0.073679
0.087181
0.11036
0.10794
0.11725
0.091741
0.074019
0.042155
0.027246
0.005082
-0.0021228
0.0029526
0
0
0.00040546
0.0029307
0.0011503
0.0050406
0.0071343
0.0070505
0.018129
0.019725
0.021232
0.0049893
0.0022057
-0.0031705
0.0059306
0.027289
0.016373
-0.0050602
-0.0086783
-0.0013067
7.9196e-07
-4.625e-05
0
-5.939e-06
-3.5975e-05
-9.2818e-05
0
-0.00028398
-0.00036478
-0.00073137
-0.00034103
0
-0.00027266
-0.00034452
-0.0003439
-0.00042153
0
-0.00074531
-0.011686
-0.020228
-0.046874
-0.10261
-0.080866
-0.053052
-0.051355
-0.045097
-0.037775
-0.04773
-0.055949
-0.050423
-0.036689
-0.02691
-0.024927
-0.030232
-0.030249
-0.021959
-0.012111
-0.010058
-0.012681
-0.030676
-0.058634
-0.083119
-0.093761
-0.063863
-0.029821
0.013553
0.049165
0.10588
0.12807
0.096828
0.081769
0.087005
0.082423
0.075267
0.091732
0.08943
0.078608
0.049616
0.03636
0.037705
0.011691
0.001962
1.5754e-05
-0.0013467
-0.00024658
-0.00029283
0.001801
0.002516
-0.00077245
-0.0042735
0.0034519
0.020623
0.019834
0.015187
0.005611
-0.0036587
0.0010857
-0.022522
-0.029509
0.017991
0.043037
0.045482
0.027549
-0.0062354
-0.015957
-0.0032954
0
0
0
-4.5817e-05
0
0
-0.00020624
0
0
-0.00064533
-0.00051054
0
-0.00017622
-0.00057536
-0.00066746
-0.00083833
-0.00031768
-0.00082493
-0.018316
-0.028997
-0.068343
-0.15703
-0.11419
-0.071602
-0.057768
-0.042907
-0.047001
-0.05704
-0.060049
-0.054408
-0.04314
-0.027412
-0.028333
-0.025475
-0.02473
-0.02822
-0.014881
-0.018933
-0.014956
-0.016669
-0.0053396
-0.0018174
0.0031156
0.011312
0.032788
0.048635
0.090326
0.11611
0.17406
0.20882
0.24792
0.22897
0.25157
0.21041
0.19803
0.14738
0.12309
0.12776
0.12155
0.13122
0.10503
0.080122
0.055332
0.038943
0.022976
0.030146
0.023061
-0.0061238
0.0044441
0
-4.4789e-06
0
-5.1977e-05
0
0.009252
9.2894e-05
0.0058014
0.00034824
0.0063715
0.016641
0.02079
0.014276
0.0064613
0.0061329
-0.0011432
-0.026522
-0.0071485
0.04419
0.055109
0.04457
0.026825
-0.0011583
-0.011286
-0.0064803
0
0
0
0
-0.0004413
-0.00059866
-0.00019837
0
-0.00084169
-0.00060486
-0.00076133
-0.00048036
-0.0006073
-0.0010127
-0.0027883
-0.014218
-0.054657
-0.10675
-0.16546
-0.14547
-0.10708
-0.092506
-0.095011
-0.092761
-0.096388
-0.096275
-0.077144
-0.056579
-0.043935
-0.035413
-0.029606
-0.03059
-0.034543
-0.036691
-0.041198
-0.046598
-0.044803
-0.048585
-0.039982
-0.032567
-0.050685
-0.0867
-0.11626
-0.13778
-0.1477
-0.11458
-0.088926
-0.0095213
0.037314
0.03745
0.082154
0.061136
0.0618
0.033244
0.052323
0.067464
0.060926
0.043417
0.035227
0.016114
0.0010997
-0.018649
-0.014843
-0.0039855
-0.010025
-0.003433
0
0.0023571
-1.3017e-05
-0.00021773
-0.0020219
-0.0071117
-0.0042109
-0.0055403
-0.015095
-0.022813
-0.039952
-0.039983
-0.055985
-0.068588
-0.031056
-0.0052617
0.018466
0.016222
-0.0076639
-0.020004
-0.014391
0
0
0
-0.00014281
-0.00050439
-0.00061191
-0.00088636
0
-0.00025531
-0.00024186
-0.0002612
-0.00016273
-7.774e-05
-0.00019907
-0.0004618
-0.00045748
-0.00021448
-0.0054557
-0.090811
-0.084985
-0.071129
-0.064337
-0.058836
-0.040651
-0.044422
-0.046123
-0.035543
-0.028522
-0.028231
-0.024896
-0.025274
-0.024093
-0.022108
-0.02038
-0.024929
-0.021897
-0.018065
-0.014969
-0.013442
-0.017287
-0.036766
-0.058756
-0.059246
-0.026223
0.013624
0.063142
0.10338
0.12992
0.1701
0.1392
0.15956
0.15921
0.15425
0.16802
0.15033
0.14691
0.091449
0.083673
0.05905
0.040855
0.00097962
0.0036094
0
-7.9877e-05
0
0.0016343
-0.00023014
0.00068219
0.00066533
0.0020427
0.011699
0.013763
-9.7628e-06
0.0015633
-0.0011839
-0.0065781
0.0032198
-0.0068043
0.034509
0.016259
-0.0053151
-0.010479
-0.0017098
0
0
0
0
0
-4.9408e-05
-0.00037173
-6.4972e-05
-0.00028417
-0.00060884
-0.00060271
-0.00032102
-0.0002728
-0.000474
-0.00060104
-0.00061983
-0.00045524
-0.00025166
-0.015493
-0.023504
-0.065212
-0.12059
-0.096627
-0.084838
-0.065608
-0.062575
-0.073573
-0.070555
-0.037397
-0.033122
-0.032191
-0.035916
-0.034563
-0.043005
-0.043047
-0.047888
-0.03837
-0.022226
-0.016077
-0.022765
-0.056549
-0.093528
-0.12476
-0.14655
-0.1322
-0.10801
-0.024783
0.020906
0.085263
0.13516
0.11225
0.090051
0.095402
0.10441
0.12335
0.11178
0.1261
0.10835
0.082321
0.064425
0.055899
0.043852
0.003521
1.9843e-06
-0.00032861
0.00020569
0.0048247
-0.0010057
-0.0010756
-0.0048945
-0.0061909
-0.0056794
-0.0055452
-0.0034289
-0.0099988
-0.025979
-0.022375
-0.0088487
-0.014939
0.0039498
0.026578
0.040784
0.024154
0.011305
0
0
-4.8128e-05
-2.2018e-05
-3.2801e-05
0
-0.00013914
-0.00018167
-2.3687e-05
-0.00068505
0
-0.00035619
-0.00011683
-0.00065837
-0.00072483
-0.00081439
-0.00073184
-0.00075596
-0.013693
-0.053959
-0.080123
-0.11229
-0.084582
-0.062656
-0.043493
-0.056972
-0.051749
-0.062249
-0.062807
-0.050319
-0.035915
-0.028701
-0.029077
-0.022859
-0.02865
-0.025188
-0.020142
-0.02001
-0.026586
-0.036627
-0.057143
-0.071502
-0.079736
-0.071138
-0.034633
0.012977
0.055299
0.090374
0.1099
0.082878
0.07444
0.075189
0.08963
0.080097
0.095831
0.082976
0.073058
0.063879
0.044265
0.015565
0.0097014
-0.0021801
0.0081787
0.0098729
0.0021386
-8.4246e-05
-8.7851e-05
0.00066811
-0.0052417
-0.0081395
-0.006084
-0.0034109
-0.023907
-0.037375
-0.032651
-0.030768
-0.034006
-0.043233
-0.047046
-0.011095
0.019516
0.025066
0.0020862
-0.0031066
-0.0036279
-0.001878
0
-6.9433e-05
-0.0040734
-0.0023372
0
-0.00071959
-0.00068087
0
0
-0.00064125
-0.00056452
0
-0.0001321
-0.012187
-0.02182
-0.083505
-0.12383
-0.18397
-0.13223
-0.11477
-0.10152
-0.096095
-0.086341
-0.099266
-0.083326
-0.067285
-0.048316
-0.043303
-0.035854
-0.034829
-0.039067
-0.037588
-0.045324
-0.042016
-0.044263
-0.038458
-0.033167
-0.024521
-0.029432
-0.051756
-0.10323
-0.136
-0.17419
-0.18886
-0.13561
-0.083665
-0.0066901
0.013429
0.068439
0.052305
0.049824
0.0547
0.052699
0.087758
0.083417
0.084132
0.064701
0.051261
0.040205
0.020027
0.0054577
0.0021284
3.6983e-05
-0.00021851
-6.6546e-05
0.0032948
0.0013743
0.0067697
9.9947e-05
-0.0009473
0.0091425
0.012427
0.012631
-8.2917e-05
-0.010631
-0.017634
-0.0087806
-0.013693
-0.0074397
0.032005
0.057472
0.039114
0.020534
-0.0046295
-0.0083453
-0.0017307
-6.2647e-07
0
-0.00014872
-1.9451e-06
-4.3415e-05
-1.1122e-05
-0.00059787
0
-0.0003847
-0.00058875
-0.00024684
-0.00084446
-0.00037585
-0.0023753
-0.01936
-0.047108
-0.0926
-0.12172
-0.052049
-0.027174
-0.022768
-0.016145
-0.024746
-0.038568
-0.047434
-0.051776
-0.034214
-0.027768
-0.021156
-0.022787
-0.023346
-0.026326
-0.027707
-0.03329
-0.037452
-0.040043
-0.024021
-0.018592
-0.012066
-0.0068712
-0.0051942
0.012168
0.025
0.038101
0.062891
0.11768
0.14576
0.17762
0.18541
0.16069
0.13461
0.13065
0.12778
0.11922
0.10694
0.10137
0.077422
0.064861
0.056208
0.029844
0.0088999
0.0079354
0.012463
-0.00011633
6.6488e-06
0.0040908
0.002587
0.0017682
0.0032099
0.003967
0.010463
0.031792
0.038628
0.043763
0.041073
0.032247
0.042764
-0.0044432
0.035973
0.067532
0.084448
0.055661
0.033308
0.036256
0.021159
0.013778
0.0042126
0.00094914
0.00049516
0.00032413
0.00011083
-0.0001125
-7.7969e-05
-9.1539e-05
-9.3147e-05
-0.00063061
-0.00031629
-0.00019444
-0.00065316
-0.0070635
-0.012628
-0.0377
-0.059075
-0.051151
-0.054988
-0.041343
-0.046773
-0.05031
-0.045806
-0.046687
-0.046755
-0.032223
-0.02965
-0.026591
-0.028393
-0.026057
-0.02484
-0.023381
-0.033161
-0.031803
-0.03484
-0.033383
-0.030393
-0.010909
-0.008577
-0.038071
-0.064171
-0.098744
-0.096678
-0.092462
-0.060502
-0.013112
0.018239
0.062172
0.10435
0.10887
0.1086
0.10235
0.09868
0.10403
0.094584
0.089185
0.091475
0.076302
0.06843
0.076488
0.067955
0.07116
0.030094
-0.00046032
0
0.0084726
0.011403
0.031935
0.033647
0.040445
0.034535
0.031762
0.029113
0.026657
0.034073
0.037706
0.048458
0.03103
0.004984
0.028944
0.035879
0.0089955
-0.012727
0.0024677
0.00023585
0.00079704
0.0015317
0
-7.1834e-05
9.3394e-05
0.00010167
2.1994e-05
-5.2769e-05
-8.3919e-05
-0.00029231
-0.00035251
-0.00062397
-0.00069115
-0.00042939
-0.0073732
-0.016406
-0.035974
-0.091295
-0.098403
-0.08489
-0.075121
-0.073792
-0.091256
-0.089327
-0.089004
-0.077727
-0.059109
-0.05337
-0.051175
-0.035756
-0.035639
-0.035103
-0.036279
-0.036602
-0.040633
-0.053639
-0.072141
-0.040801
-0.026666
-0.016349
-0.0737
-0.12511
-0.148
-0.15557
-0.14162
-0.11152
-0.080402
-0.040533
0.0001812
0.029549
0.031985
0.030346
0.025812
0.026162
0.047251
0.054526
0.05121
0.036829
0.028276
0.021543
0.0045079
-0.005636
-0.00085996
-0.0010746
-0.002355
-0.0030311
-0.0067488
-0.013066
-0.017658
-0.019685
-0.025685
-0.030854
-0.033175
-0.036094
-0.035064
-0.039629
-0.031367
-0.023777
-0.036278
-0.048302
-0.0095771
-0.0074265
-0.0042024
-0.0070638
-0.003258
-0.0013607
-0.0010348
0
-0.00025357
-0.00015578
0
-0.00046675
-0.00024766
0
-0.00030582
-9.225e-05
-0.00097021
-0.00070509
-0.00057883
-0.00059646
-0.00030143
-0.030505
-0.070985
-0.093089
-0.11786
-0.11969
-0.086485
-0.074114
-0.069927
-0.070957
-0.084988
-0.085439
-0.084301
-0.080157
-0.065264
-0.060647
-0.061273
-0.055798
-0.066806
-0.057448
-0.053535
-0.053648
-0.049009
-0.029738
-0.016499
-0.013316
-0.042936
-0.066244
-0.10789
-0.11634
-0.10237
-0.086858
-0.018142
0.032407
0.07986
0.11671
0.13625
0.13212
0.13069
0.14754
0.13879
0.15335
0.14251
0.11826
0.096096
0.086862
0.05844
0.031003
0.0016931
0.0035639
0.006567
0.0078101
0.011662
0.0091279
0.018287
0.023139
0.031506
0.033316
0.034286
0.034393
0.034363
0.033404
0.038148
0.039654
-0.01716
0.018701
0.054285
0.04702
0.011582
-0.0022847
0.0014217
-0.00049073
-0.00014426
-1.7162e-05
-0.00011067
-0.0011901
-0.00021818
2.0307e-05
-0.0003318
-0.00023009
-0.00012645
-0.00027029
-0.00047208
-0.00019551
-0.00062513
-0.00075498
-0.00023899
-0.00054695
-0.016189
-0.018908
-0.024515
-0.15333
-0.096377
-0.096225
-0.10227
-0.10535
-0.10955
-0.1134
-0.11664
-0.095534
-0.070736
-0.067238
-0.052633
-0.053211
-0.055879
-0.049967
-0.048263
-0.05137
-0.056283
-0.04901
-0.023772
-0.018051
-0.026537
-0.083399
-0.12205
-0.14008
-0.13343
-0.078796
-0.01559
0.0086841
0.038125
0.074121
0.10609
0.1407
0.14338
0.14944
0.12789
0.1174
0.11052
0.11232
0.10365
0.097816
0.10407
0.079978
0.057052
0.0022107
0.0081925
0.021352
0.023903
0.022615
0.026985
0.033987
0.032385
0.039298
0.039518
0.037529
0.037965
0.029312
0.029607
0.02361
0.0097723
0.0056776
-0.012678
0.0080364
0.0092698
0.0022995
-0.00057679
0.00044005
8.5576e-06
-2.0648e-05
-0.00018318
-0.00019978
-9.9121e-05
-6.2482e-05
-0.00011943
-0.00047147
-0.00022546
9.0946e-05
-0.00026979
0.00016796
-0.00041686
0
-0.00028702
-0.0011271
-0.0071898
-0.10442
-0.11432
-0.10038
-0.11667
-0.087075
-0.0655
-0.075574
-0.07089
-0.072573
-0.072587
-0.065582
-0.045398
-0.047756
-0.028738
-0.025643
-0.029658
-0.030338
-0.028724
-0.034549
-0.027579
-0.022061
-0.017204
-0.014771
-0.044585
-0.11204
-0.16325
-0.16247
-0.16527
-0.19278
-0.13014
-0.095748
-0.078391
-0.056543
-0.032352
-0.011341
0.011576
0.033492
0.03469
0.036866
0.054209
0.053545
0.065053
0.062722
0.061204
0.071773
0.074625
0.040601
0.043813
0.045278
0.043138
0.043601
0.035143
0.034379
0.029392
0.021723
0.016048
0.014087
0.01074
0.010721
0.0073797
0.0073525
-0.041589
-0.014904
-0.0022676
0.010845
0.0027337
-0.0025845
-0.0044034
-0.0013443
-0.00035755
0
-0.00035213
-0.00039421
-0.0011359
-0.00022867
-0.00023409
-0.0010124
-0.00063589
-0.00070098
-0.00046954
-0.00050027
-0.0011602
-0.0035487
-0.0099444
-0.011983
-0.017222
-0.013533
-0.029711
-0.041377
-0.067402
-0.083872
-0.045351
-0.012492
-0.0010223
-0.0034533
-0.012462
-0.011585
-0.0161
-0.0097265
-0.0090571
-0.0085766
-0.0085535
-0.0095977
-0.0081229
-0.0063653
-0.0053563
-0.0092738
-0.010729
-0.0046467
0.00028641
0.0017006
0.023587
0.030248
0.041105
-0.0016203
-0.021599
0.01411
0.035408
0.045449
0.063934
0.090049
0.096347
0.10137
0.10005
0.11061
0.11613
0.11669
0.11666
0.11151
0.10093
0.10146
0.11963
0.13213
0.010798
0.011996
0.016125
0.033299
0.03186
0.030537
0.021448
0.0090811
0.0032903
0.0023857
-0.00098849
-0.0049018
-0.006968
-0.0054616
-0.025616
-0.026456
-0.044805
-0.017918
-0.0026673
0.0016559
-0.00119
-0.001745
-0.00030433
0
-3.2228e-05
-0.00098074
-0.00020607
-0.00020287
-0.0011083
-0.00088632
-0.0017288
-0.0014612
-0.00082801
-0.0006786
-0.0011771
-0.0054019
-0.010889
-0.013291
-0.01819
-0.022924
-0.023452
-0.11068
-0.046249
-0.013197
-0.026295
-0.03845
-0.04995
-0.068888
-0.065729
-0.065773
-0.046114
-0.044575
-0.038448
-0.033058
-0.029662
-0.030744
-0.029042
-0.022181
-0.017185
-0.016708
-0.022278
-0.015099
-0.052707
-0.1232
-0.1714
-0.16439
-0.15888
-0.17552
-0.13436
-0.098502
-0.082687
-0.071919
-0.050252
-0.02599
-0.0022875
0.013085
0.02809
0.043991
0.051811
0.054306
0.050312
0.047183
0.055684
0.048645
0.077926
0.068055
0.074139
0.040222
0.0376
0.0038971
0.012787
-0.00099026
0.0080268
0.008042
0.01097
0.0113
0.0046997
-0.0028834
-0.0062935
-0.011217
-0.011305
-0.01132
-0.015546
-0.0095642
-0.03861
-0.012679
-0.011958
-0.015982
-0.0068989
-0.0024601
-0.0050469
-0.0028525
-0.0006653
-5.7364e-05
-3.8458e-05
-0.0014587
-0.00086468
-0.0020383
-0.0014533
-0.0025644
-0.0040194
-0.0022942
-0.0024866
-0.0022755
-0.0040431
-0.0084669
-0.036248
-0.044649
-0.067914
-0.090065
-0.11988
-0.093772
-0.057297
-0.056258
-0.034302
-0.036904
-0.064095
-0.083505
-0.071914
-0.058182
-0.059185
-0.049382
-0.035672
-0.027509
-0.023418
-0.019082
-0.015762
-0.011768
-0.0083551
-0.0097369
-0.010646
-0.015676
-0.01169
-0.020567
-0.075173
-0.071803
-0.071144
-0.097465
-0.14076
-0.10223
-0.06484
-0.027271
-0.024971
-0.023944
-0.0043696
0.016909
0.02484
0.023264
0.032539
0.047707
0.047613
0.056787
0.066501
0.067667
0.073317
0.077538
0.10239
0.084622
0.067343
0.065939
0.047885
0.0367
0.021859
0.029059
0.028072
0.030914
0.015508
0.010933
-0.0017804
-0.0071126
-0.011576
-0.009356
-0.0060835
-0.0063025
-0.0058218
-0.032774
-0.050144
-0.043925
-0.021784
-0.0086515
-0.006091
-0.0058718
-0.002032
-0.00048955
0
-0.0030531
-0.0019897
-0.0019759
-0.0048451
-0.0049519
-0.0038804
-0.0045982
-0.0028663
-0.00086701
-0.0009283
-0.00252
-0.010255
-0.015102
-0.017567
-0.043476
-0.058144
-0.069561
-0.092574
-0.16154
-0.12837
-0.12535
-0.11361
-0.055479
-0.019963
-0.023224
-0.04287
-0.062616
-0.051359
-0.065609
-0.047012
-0.032183
-0.025912
-0.024631
-0.019619
-0.022614
-0.022145
-0.022785
-0.026843
-0.019369
-0.022999
-0.017567
-0.0084642
-0.0511
-0.067676
-0.10424
-0.12816
-0.13331
-0.16939
-0.14307
-0.16054
-0.13381
-0.13803
-0.12769
-0.1002
-0.083669
-0.059778
-0.024365
-0.014304
-0.0047854
-0.0047079
-0.004524
0.0039356
0.0024495
0.0080318
0.01813
0.02927
0.032832
-0.0057943
-0.029055
-0.020626
-0.021807
-0.016248
-0.028772
-0.020075
-0.01397
-0.01557
-0.015225
-0.022079
-0.031692
-0.029225
-0.030432
-0.026658
-0.025
-0.022004
-0.058694
-0.04832
-0.051593
-0.035462
-0.011239
-0.010838
-0.0061682
-0.0057466
-0.0016511
-0.0005068
0
-0.0045994
-0.00065522
-0.0016872
-0.0051717
-0.0042436
-0.0027622
-0.0026646
-0.0016757
-0.0018271
-0.0045924
-0.010332
-0.028868
-0.029392
-0.053779
-0.073127
-0.078004
-0.10256
-0.15651
-0.16021
-0.14805
-0.08842
-0.062865
-0.030971
-0.024643
-0.033579
-0.054471
-0.048542
-0.063629
-0.047511
-0.03473
-0.030367
-0.023433
-0.024113
-0.020223
-0.023364
-0.0195
-0.025762
-0.017089
-0.014501
-0.0098998
-0.0025021
-0.021233
-0.034115
-0.027483
-0.075177
-0.10156
-0.084528
-0.1002
-0.089085
-0.082926
-0.076464
-0.064461
-0.047342
-0.041801
-0.019852
-0.0035456
0.00097433
0.0052023
0.0070783
0.01051
0.012629
0.017173
0.020964
0.015588
0.020117
0.026302
0.023534
-0.020384
-0.013811
-0.014571
-0.015041
-0.018108
-0.015172
-0.013228
-0.015026
-0.021561
-0.020887
-0.016005
-0.020331
-0.0211
-0.022469
-0.017048
-0.011501
-0.0476
-0.03684
-0.043538
-0.028481
-0.0044725
-0.0026442
-0.0025849
-0.0021952
-0.00011913
-8.1009e-06
-0.00050607
-0.0033781
-0.00014083
-0.0031795
-0.0082643
-0.002903
-0.0038098
-0.0024921
-0.0020935
-0.0020311
-0.0049473
-0.013087
-0.023274
-0.02259
-0.033393
-0.041944
-0.061325
-0.087537
-0.13456
-0.11125
-0.065753
-0.04202
-0.00049835
0.0071733
-0.0030282
-0.021859
-0.037349
-0.059582
-0.061452
-0.040741
-0.036459
-0.027022
-0.026167
-0.027742
-0.026183
-0.022869
-0.026318
-0.030721
-0.021058
-0.015995
-0.013566
-0.00037424
-0.02008
0.0052748
0.021885
0.029482
0.01609
-0.012467
-0.017693
-0.0010609
0.00772
0.022325
0.043841
0.057333
0.063311
0.072903
0.079429
0.088773
0.090163
0.085637
0.074172
0.063284
0.054359
0.069212
0.06465
0.060319
0.04324
0.021199
0.0039609
0.0038201
0.0055732
0.012987
0.016853
0.023578
0.024892
0.021686
0.021274
0.018275
0.018538
0.015822
0.0083916
0.0091947
0.010025
0.011959
-0.020937
-0.012941
-0.018858
-0.0040996
-0.00068822
0.0019957
0.0032741
0.001263
0.00023448
0
0
-0.0017553
-0.0012683
-0.0028587
-0.0052032
-0.0021464
-0.002058
-0.00047856
-0.0019299
-0.0013681
-0.0031749
-0.0099039
-0.014436
-0.016445
-0.037936
-0.066094
-0.078875
-0.092142
-0.13215
-0.12399
-0.12436
-0.1028
-0.050279
-0.017103
-0.018815
-0.033848
-0.052094
-0.047899
-0.058944
-0.044546
-0.023674
-0.026664
-0.023496
-0.026276
-0.023956
-0.021422
-0.024372
-0.023624
-0.015947
-0.013392
-0.024416
-0.0037042
-0.017219
-0.020626
-0.092658
-0.12765
-0.14177
-0.13975
-0.13927
-0.14525
-0.13789
-0.13937
-0.12468
-0.1089
-0.095696
-0.079922
-0.072869
-0.051363
-0.0437
-0.049092
-0.045396
-0.035175
-0.043959
-0.038544
-0.035405
-0.038728
-0.024364
-0.01188
-0.039103
-0.014308
-0.021385
-0.020326
-0.025113
-0.027689
-0.020873
-0.024295
-0.021362
-0.024327
-0.020103
-0.021987
-0.0198
-0.021599
-0.01706
-0.010849
-0.045224
-0.034413
-0.0082067
-0.011948
-0.0026189
-0.00084228
-0.00043856
-0.00077152
0.00021444
-3.8359e-06
-0.00059716
-0.001608
0.00019257
-0.0009397
-0.0029498
-0.00053236
-0.00051714
-0.0014333
-0.00075452
-0.0010156
-0.0016288
-0.0081695
-0.013491
-0.021754
-0.037719
-0.062391
-0.09929
-0.099393
-0.11333
-0.095829
-0.076462
-0.073456
-0.028244
-0.0098942
-0.00544
-0.022618
-0.040679
-0.050528
-0.054491
-0.040359
-0.03178
-0.021417
-0.02263
-0.026966
-0.023329
-0.020614
-0.019254
-0.019364
-0.017138
-0.013909
-0.015769
-0.0045984
-0.021116
-0.0081553
-0.0096885
-0.018105
-0.046893
-0.056405
-0.067698
-0.054452
-0.045327
-0.036684
-0.028526
-0.02952
-0.028022
-0.014917
-0.0042834
0.007958
0.015113
0.019468
0.012222
0.0077307
0.0036023
0.0060289
0.0025946
0.015884
0.02266
-0.0064661
-0.017658
-0.0039001
-0.0071114
-0.010791
-0.013346
-0.015841
-0.016418
-0.016175
-0.014138
-0.020702
-0.017987
-0.016963
-0.016604
-0.021172
-0.013154
-0.014001
-0.0411
-0.058877
-0.052943
-0.043979
-0.010923
-0.006475
-0.0038561
-0.0053648
-0.0007835
-9.3251e-05
0
-0.0031404
-0.00060342
0
-0.0031938
-0.0041483
-0.0019726
-0.00097796
-0.0019785
-0.0011509
-0.00082236
-0.0032318
-0.011232
-0.015544
-0.031763
-0.04702
-0.075037
-0.085131
-0.094302
-0.12577
-0.065822
-0.033104
-0.011583
0.0068713
-0.00016653
-0.025563
-0.044657
-0.048525
-0.051847
-0.044088
-0.027609
-0.025246
-0.021432
-0.019602
-0.020797
-0.021013
-0.021589
-0.024245
-0.020627
-0.019883
-0.0092477
-0.001519
-0.016121
0.0026312
-0.020913
-0.058317
-0.095216
-0.10446
-0.090843
-0.095145
-0.087011
-0.079638
-0.070397
-0.064471
-0.050276
-0.043178
-0.024998
-0.010086
-0.0013216
-0.0026214
-0.0096881
-0.01693
-0.013085
-0.010181
-0.003128
-0.002622
-0.026247
-0.017847
-0.0024454
-1.2783e-05
-0.00097113
-0.0020528
-0.00078716
-0.0056027
-0.010305
-0.012511
-0.012663
-0.015063
-0.019907
-0.021668
-0.021494
-0.022005
-0.019426
-0.021531
-0.020053
-0.011692
-0.012491
-0.0087182
-0.0059913
-0.0075266
-0.0037859
-0.0072476
-0.0052989
-0.0069062
-0.0091865
-0.010853
-0.012007
-0.014111
-0.0125
-0.010095
-0.0098864
-0.0063959
-0.0062203
-0.005007
-0.0056683
-0.004671
-0.0051534
-0.0073619
-0.0083164
-0.011006
-0.011777
-0.012129
-0.014084
-0.013276
-0.010286
-0.012947
-0.010642
-0.010278
-0.010106
-0.0097294
-0.01083
-0.0098128
-0.010495
-0.010963
-0.011436
-0.012782
-0.011797
-0.012408
-0.011872
-0.011676
-0.011177
-0.010735
-0.010386
-0.01136
-0.010854
-0.01036
-0.011042
-0.010924
-0.011171
-0.011199
-0.0099585
-0.010819
-0.0096852
-0.010392
-0.0091183
-0.010084
-0.0098989
-0.010052
-0.009239
-0.0097423
-0.010145
-0.010717
-0.010055
-0.010023
-0.0097791
-0.0091094
-0.010228
-0.010437
-0.0095712
-0.01082
-0.01017
-0.011493
-0.010067
-0.01032
-0.010068
-0.0091527
-0.010374
-0.0098666
-0.0089965
-0.0094312
-0.0088156
-0.0087125
-0.0084265
-0.0089268
-0.0084834
-0.010474
-0.0096684
-0.010983
-0.010215
-0.010138
-0.01044
-0.010542
-0.0096888
-0.009976
-0.011241
-0.010763
-0.011964
-0.011444
-0.01148
-0.012412
-0.011205
-0.011205
-0.011093
-0.011619
-0.0097473
-0.010926
-0.010422
-0.0097547
-0.008845
-0.0082015
-0.0082053
-0.0094067
-0.0086584
-0.009686
-0.0089173
-0.0090577
-0.0084833
-0.010767
-0.0099041
-0.010015
-0.0099464
-0.0113
-0.010536
-0.012206
-0.013423
-0.01246
-0.012957
-0.012836
-0.011863
-0.011317
-0.0099263
-0.011201
-0.010536
-0.0097032
-0.0093732
-0.0083526
-0.0084054
-0.0082358
-0.0073346
-0.007161
-0.0066379
-0.0061101
-0.0066969
-0.0062803
-0.0076645
-0.00777
-0.0070546
-0.0087077
-0.0083131
-0.009179
-0.0089723
-0.0090139
-0.01041
-0.0096921
-0.010164
-0.010847
-0.010929
-0.010615
-0.010558
-0.010052
-0.010254
-0.0094068
-0.0098644
-0.0081492
-0.0079386
-0.0095329
-0.0077652
-0.0080424
-0.0077363
-0.0069732
-0.0069685
-0.0062748
-0.0073047
-0.0072308
-0.0072451
-0.0077174
-0.0071181
-0.0078335
-0.0088668
-0.008441
-0.00872
-0.0094118
-0.0090291
-0.010382
-0.0089876
-0.0097939
-0.010332
-0.0097543
-0.010206
-0.0090017
-0.0097438
-0.0091916
-0.0094407
-0.0083153
-0.0090709
-0.0086192
-0.0084005
-0.0077889
-0.0071769
-0.0077617
-0.0083248
-0.0073805
-0.0081279
-0.0082985
-0.0083809
-0.0083138
-0.009289
-0.0086554
-0.009477
-0.0094683
-0.0092827
-0.010128
-0.0096
-0.010414
-0.0092533
-0.0098899
-0.010494
-0.0091911
-0.0097774
-0.010136
-0.0087999
-0.0094306
-0.008279
-0.0089571
-0.0078057
-0.0071309
-0.0071816
-0.0075407
-0.0068569
-0.0072143
-0.0065735
-0.0064413
-0.0063445
-0.0060182
-0.0069092
-0.006702
-0.0075402
-0.0079035
-0.0080072
-0.0078885
-0.0079494
-0.0084143
-0.0091875
-0.009206
-0.0089099
-0.0097957
-0.009103
-0.0094236
-0.0094531
-0.00921
-0.0092748
-0.0083397
-0.0083303
-0.0086445
-0.0079931
-0.0085591
-0.0076203
-0.0076415
-0.0078784
-0.0077068
-0.0075317
-0.0080878
-0.0076122
-0.0081147
-0.0068501
-0.0075682
-0.0085799
-0.0079514
-0.0081945
-0.0082105
-0.0089477
-0.0084193
-0.0083224
-0.0096544
-0.0089608
-0.0091228
-0.0087532
-0.0085762
-0.0083036
-0.0090983
-0.0088371
-0.0092987
-0.0086606
-0.0084096
-0.0083613
-0.0078562
-0.0086691
-0.0080203
-0.0079589
-0.0084278
-0.0081825
-0.0086674
-0.0079168
-0.0086091
-0.0083175
-0.0084059
-0.0091274
-0.0078863
-0.008733
-0.0096308
-0.0085661
-0.0093579
-0.0093383
-0.0093694
-0.0094631
-0.0092582
-0.010126
-0.0089686
-0.0084786
-0.0089298
-0.0088931
-0.0084441
-0.0080657
-0.0076596
-0.0084258
-0.0069963
-0.008073
-0.0071963
-0.0077565
-0.0077814
-0.0083727
-0.0071961
-0.0082745
-0.0073527
-0.0076377
-0.0077647
-0.0075284
-0.0071702
-0.0075224
-0.0071789
-0.0071816
-0.0074187
-0.0064701
-0.0078472
-0.0074326
-0.0072913
-0.007169
-0.0077847
-0.0074988
-0.0071165
-0.0069829
-0.0067213
-0.0071432
-0.0080637
-0.0072324
-0.0069761
-0.0075747
-0.0070308
-0.00784
-0.0066896
-0.0069218
-0.0080292
-0.0069619
-0.0077522
-0.0069002
-0.0086191
-0.0078755
-0.0079043
-0.0084682
-0.007297
-0.0075091
-0.0071877
-0.0071546
-0.0082032
-0.0081128
-0.0079515
-0.0080171
-0.0089669
-0.0079693
-0.0087437
-0.0076228
-0.0088395
-0.00756
-0.0073711
-0.0080766
-0.0081638
-0.0081688
-0.0075185
-0.0081247
-0.0072244
-0.0078552
-0.0070255
-0.0071248
-0.0075338
-0.008066
-0.0079113
-0.007147
-0.0079283
-0.0072229
-0.0080391
-0.0083717
-0.0076571
-0.0084378
-0.0079055
-0.0076647
-0.0075018
-0.0071651
-0.007527
-0.0072927
-0.0071364
-0.0076188
-0.0079135
-0.0078851
-0.0086167
-0.0076109
-0.0074736
-0.0071445
-0.0072899
-0.0068191
-0.0072109
-0.0067641
-0.0064369
-0.0070014
-0.0071923
-0.0068936
-0.0075305
-0.0073157
-0.00743
-0.0073261
-0.0072055
-0.007256
-0.0071687
-0.006962
-0.0074248
-0.0073927
-0.0072823
-0.0076782
-0.0073568
-0.0072317
-0.0079709
-0.0075066
-0.0072585
-0.0069268
-0.0076415
-0.0066384
-0.0073636
-0.006228
-0.0064164
-0.007331
-0.0064832
-0.0064488
-0.0071587
-0.0066332
-0.0066448
-0.0078721
-0.006497
-0.0074829
-0.0065526
-0.0068117
-0.0072106
-0.0060456
-0.0074041
-0.0078325
-0.0065895
-0.0063345
-0.006048
-0.0066852
-0.0063155
-0.0068869
-0.0067739
-0.0064696
-0.006265
-0.0068228
-0.006931
-0.0065636
-0.0069615
-0.0066992
-0.0074445
-0.0076276
-0.0081991
-0.0082798
-0.0075495
-0.0077515
-0.0070362
-0.0074909
-0.0068445
-0.0071018
-0.0060686
-0.0076657
-0.0069722
-0.0071666
-0.0071312
-0.0082751
-0.0071931
-0.0059805
-0.0069097
-0.0078856
-0.0068524
-0.0072217
-0.0074589
-0.0072995
-0.0069543
-0.0078967
-0.0067641
-0.0083872
-0.0077648
-0.0070835
-0.0076883
-0.0071833
-0.0077686
-0.0077119
-0.0077956
-0.0075434
-0.0079162
-0.0077962
-0.007684
-0.0072045
-0.0079133
-0.0072669
-0.0072306
-0.0071742
-0.0070397
-0.0069542
-0.0069137
-0.0064064
-0.0075315
-0.0075476
-0.0077349
-0.0078763
-0.0070038
-0.006929
-0.0072729
-0.0073542
-0.0075786
-0.0075753
-0.007302
-0.0079677
-0.0077293
-0.0070641
-0.0074522
-0.0065817
-0.0077762
-0.0078465
-0.0073966
-0.0081088
-0.0067267
-0.0075579
-0.0064482
-0.0079508
-0.008169
-0.0075161
-0.0077159
-0.0083335
-0.0071049
-0.0075436
-0.0077538
-0.0075607
-0.0079601
-0.0074349
-0.0076706
-0.0075686
-0.0066948
-0.0081588
-0.0082774
-0.0074039
-0.0084379
-0.007791
-0.0078748
-0.0079184
-0.0084431
