0.0032839
0.011237
0.004053
0.00041402
0.0083054
0.010791
-0.0012422
-0.012064
-0.0077876
0.0004814
-0.00036297
-0.0030154
-0.0019419
-0.00055162
0.0027836
0.0073354
0.00684
3.0471e-05
-0.0069845
-0.0073577
-0.0032633
-0.00033372
0.00064412
0.0036584
0.0054881
-0.0003443
-0.0047626
-0.0031405
-0.00094349
0.0028131
0.0073959
0.0042039
-0.0043182
-0.0038681
0.0012017
-0.00092412
-0.0036301
-0.0021563
-0.00048421
0.00021947
0.00022233
-1.0198e-06
0.0025585
0.0070917
0.0041579
-0.0043093
-0.0065808
-0.0033178
-0.00057649
0.0030928
0.0048803
-0.00020402
-0.0075126
-0.0084301
-0.00033318
0.0053306
0.0037208
0.0012124
-0.00017473
-0.0004124
-0.00017189
-2.2024e-05
-0.0018258
-0.0030988
0.00018311
0.0027857
0.0018623
0.00049656
-0.0020198
-0.00063589
0.004583
0.0023955
-0.0022205
-0.0065707
-0.0056845
0.0049752
0.0066545
0.00062404
0.0019504
0.0043324
0.0018397
-0.0004505
-0.0034391
-0.004843
-0.0023818
-0.00038796
0.00034066
0.00031493
0.00012525
1.6317e-05
-3.2355e-05
-2.5873e-05
6.8328e-05
0.00017193
0.0027622
0.0043513
-0.00051691
-0.0041181
-0.0026204
-0.00069479
0.0028701
0.0047596
-0.00020205
-0.001362
0.0017853
-0.0011062
-0.0083272
-0.0071462
0.0071263
0.011059
0.0030096
-0.00071525
-0.0038872
-0.0024177
0.0046878
0.003752
-0.0040454
-0.0063807
-0.0032032
-0.00048126
0.00041436
0.00039902
0.00023459
-1.4652e-05
-0.00012817
-5.6414e-05
0.0026702
0.0071771
0.0041716
-0.0017309
-0.0022598
-0.00374
-0.0046004
0.00051802
0.004243
0.00011596
-0.0010807
0.0018464
-0.001123
-0.0038192
-0.0021698
0.0021841
0.0045505
0.0024309
0.00049463
-0.0029281
-0.0047512
-0.0024493
-0.0004447
0.00031963
0.00037542
0.00020615
0.0026314
0.0024925
-0.003453
-0.0011041
0.0046857
0.0035502
0.0011989
-0.0028164
-0.0048684
-0.0044789
-0.0036697
0.000525
-0.0013659
-0.0028823
0.0082336
0.010724
-0.00023064
-0.0028776
0.003455
0.0030418
-0.001478
-0.0017291
-0.003434
-0.0045283
-0.0021721
0.0023476
0.00028745
-0.0074955
-0.0005609
0.0086151
0.0032088
-0.0026967
-0.0026342
-0.0010871
-0.00059351
0.0020149
0.0073538
0.0049662
-0.0011685
-0.0020358
-0.0010725
-0.00020554
0.00013267
0.00014073
6.1067e-05
5.9607e-05
-0.0057745
-0.0097901
-0.0019792
0.0043307
0.0034055
0.0038566
0.0043878
-0.00068918
-0.001571
0.0044471
0.0033773
-0.0041763
-0.0063153
-0.0031837
0.0021193
0.0048842
0.0027458
0.0032003
0.0040454
0.00032131
-0.0023918
-0.0026877
-0.0048665
-0.0070802
-0.005352
2.4797e-05
0.0031971
0.0021389
0.00062868
0.0025458
0.0042104
-0.00047853
-0.0013851
0.0018547
-0.0010689
-0.003848
-0.0023124
-0.00058069
0.0028589
0.0073948
0.0042372
-0.004346
-0.0039883
0.0010845
-0.00092863
-0.0035576
0.00050851
0.0038998
0.0024912
0.000686
-0.0001678
0.0023779
-0.0028556
-0.014163
-0.0087799
0.0040016
0.0067305
0.0035067
0.00065481
0.002218
0.0039824
-0.00054768
-0.0013739
0.0018788
-0.0010545
-0.0038428
-0.0068004
-0.0080863
0.0034448
0.0070055
-0.00063632
0.0023123
0.0035251
-0.00089612
-0.0014909
-0.00075609
-0.00011292
0.0026776
0.0043014
0.0022132
0.0032274
0.0043721
-0.00052461
-0.0041191
-0.0026112
-0.0033761
-0.0043861
0.00040461
0.0066639
-0.00017385
-0.010716
-0.0044273
0.0030103
0.0028601
0.0018445
-0.0008738
0.00014968
0.0023722
-0.0016758
-0.0045892
-0.0037369
-0.0038077
0.00013771
0.0062173
0.0073467
0.0048165
-0.0070031
-0.020653
-0.024279
-0.026124
-0.027731
-0.028216
-0.02372
-0.018205
-0.014192
0.0036879
0.015707
0.005676
-0.0044567
-0.027159
-0.063061
-0.035239
0.054185
0.11364
0.10913
0.056054
0.088644
0.23308
0.28586
0.23662
0.21189
0.1848
0.14739
0.14525
0.17041
0.18415
0.17307
0.14627
0.11977
0.085998
0.055771
0.044305
0.044958
0.037401
-0.00062627
-0.078548
-0.14638
-0.16589
-0.14411
-0.089514
-0.042277
-0.019846
-0.00022876
0.010289
0.0075094
-0.0016504
-0.0066507
-0.00068198
0.012791
0.02687
0.022928
-0.0034621
-0.028988
-0.049395
-0.075889
-0.073438
-0.024849
0.019752
0.028273
-0.001139
-0.041921
-0.047817
-0.0085837
0.039058
0.077039
0.11153
0.11569
0.088312
0.056377
0.024075
0.0029072
-0.0072243
-0.029531
-0.064492
-0.090323
-0.096101
-0.085463
-0.069844
-0.057335
-0.043162
-0.028417
-0.039361
-0.11809
-0.24603
-0.35566
-0.39821
-0.36229
-0.28653
-0.21913
-0.16302
-0.14978
-0.17485
-0.1945
-0.19978
-0.18655
-0.14351
-0.1048
-0.10151
-0.038119
0.10648
0.1905
0.19779
0.21444
0.24233
0.26501
0.30753
0.35665
0.3719
0.37685
0.38528
0.37785
0.34967
0.32526
0.32022
0.33123
0.32469
0.26296
0.18049
0.12576
0.10547
0.093273
0.061797
-0.010321
-0.11135
-0.15524
-0.12027
-0.069738
-0.03144
-0.013112
-0.019983
-0.038794
-0.043114
-0.025066
-0.013163
-0.022251
-0.045543
-0.071844
-0.092805
-0.11466
-0.13277
-0.17925
-0.2069
-0.11694
-0.013529
0.0020349
-0.019956
-0.033786
-0.030835
-0.02367
-0.016819
-0.0064493
-0.00081287
-0.0021976
0.0012356
0.0024703
-0.0031228
-0.0064751
-0.0028166
0.0013794
-0.010318
-0.039973
-0.06993
-0.085072
-0.10184
-0.14232
-0.20022
-0.25027
-0.26795
-0.25646
-0.23829
-0.23306
-0.20889
-0.17563
-0.17069
-0.18762
-0.19788
-0.18711
-0.16637
-0.13147
-0.13951
-0.19568
-0.15117
0.038299
0.23158
0.29252
0.25807
0.22779
0.22857
0.23049
0.23322
0.27084
0.32405
0.35505
0.3477
0.31462
0.30849
0.34402
0.35686
0.28812
0.18082
0.10433
0.062814
0.028991
-0.026671
-0.11417
-0.18213
-0.17249
-0.096967
-0.02298
0.01355
0.02071
0.0071231
-0.015205
-0.035254
-0.057738
-0.068487
-0.07275
-0.099448
-0.13251
-0.15036
-0.16911
-0.1537
-0.077559
0.0023469
0.025759
-0.010589
-0.062108
-0.083307
-0.071035
-0.045457
-0.020715
0.016635
0.052802
0.064144
0.065415
0.050412
0.010382
-0.019443
-0.025377
-0.023342
-0.017445
-0.021392
-0.044044
-0.060785
-0.057467
-0.055811
-0.062864
-0.062393
-0.058719
-0.070782
-0.083742
-0.088619
-0.11479
-0.16923
-0.2224
-0.24849
-0.23613
-0.18083
-0.11775
-0.099896
-0.13104
-0.16517
-0.15401
-0.10981
-0.075042
-0.10348
-0.17349
-0.15748
-0.063018
0.0052352
0.053042
0.1064
0.13659
0.14895
0.17775
0.21698
0.25038
0.26916
0.2653
0.25539
0.26037
0.28857
0.32116
0.3181
0.2858
0.27902
0.29922
0.29589
0.24509
0.16569
0.10481
0.077926
0.043437
-0.041063
-0.14191
-0.20216
-0.18714
-0.09922
-0.011447
0.025229
0.023386
0.00671
-0.0087038
-0.030961
-0.0557
-0.073366
-0.098565
-0.12393
-0.13332
-0.13835
-0.13444
-0.10591
-0.058011
-0.024102
-0.030259
-0.061592
-0.085995
-0.081676
-0.053961
-0.02677
0.0036211
0.042294
0.062084
0.057705
0.040343
0.012215
-0.016369
-0.028175
-0.025963
-0.025683
-0.030199
-0.071497
-0.13682
-0.14421
-0.10327
-0.089299
-0.10736
-0.10183
-0.085241
-0.11246
-0.17313
-0.21662
-0.20809
-0.17843
-0.14035
-0.10733
-0.1026
-0.11816
-0.13585
-0.12741
-0.094486
-0.068855
-0.098239
-0.16752
-0.15335
-0.06
0.01778
0.069332
0.10304
0.12838
0.14904
0.17331
0.20235
0.23293
0.24535
0.22471
0.22082
0.27277
0.33173
0.51228
0.76258
0.66523
0.33943
0.12267
0.036542
0.00066057
-0.058746
-0.14293
-0.20381
-0.19116
-0.10569
-0.01796
0.018004
0.017011
0.0025117
-0.01067
-0.006564
0.011868
0.012948
-0.0040169
-0.020923
-0.047232
-0.080823
-0.10832
-0.13057
-0.1387
-0.1451
-0.15986
-0.13281
-0.055287
0.0085687
0.016744
-0.018791
-0.061203
-0.069933
-0.044336
-0.019075
0.027915
0.090969
0.078068
0.01565
-0.023969
-0.04275
-0.03935
-0.033933
-0.046324
-0.055904
-0.060822
-0.077134
-0.089419
-0.082829
-0.091388
-0.11305
-0.099415
-0.078471
-0.10523
-0.16107
-0.19264
-0.18178
-0.15087
-0.12879
-0.11669
-0.11398
-0.13356
-0.15211
-0.13769
-0.10112
-0.06905
-0.096539
-0.17008
-0.15002
-0.036755
0.039383
0.064759
0.090741
0.24805
0.49877
0.52743
0.37388
0.27636
0.26472
0.30198
0.32328
0.31881
0.32005
0.32435
0.30551
0.2494
0.17712
0.11797
0.060365
0.00086419
-0.071801
-0.15783
-0.21015
-0.19445
-0.12045
-0.038813
0.0045696
0.014334
0.0075865
-0.0064607
-0.011723
-0.011319
-0.028158
-0.041715
-0.044286
-0.057758
-0.080853
-0.106
-0.12572
-0.12861
-0.12992
-0.13816
-0.1157
-0.059743
-0.019185
-0.021756
-0.055957
-0.091881
-0.098411
-0.068183
-0.0030114
0.074298
0.081998
0.023428
-0.022464
-0.036257
-0.033979
-0.032142
-0.0422
-0.05735
-0.071915
-0.076274
-0.07135
-0.074791
-0.083099
-0.10614
-0.12813
-0.10346
-0.073722
-0.099244
-0.15823
-0.19859
-0.19452
-0.17239
-0.14222
-0.17352
-0.25256
-0.21826
-0.11492
-0.094404
-0.13975
-0.12702
-0.044478
0.024626
0.069385
0.11462
0.14255
0.15995
0.19572
0.22238
0.24572
0.27726
0.27306
0.25847
0.27582
0.32007
0.35231
0.3309
0.29178
0.29557
0.32598
0.32776
0.2738
0.18505
0.1051
0.061618
0.019024
-0.065302
-0.20158
-0.28769
-0.2085
-0.072596
-0.0078855
0.0079168
0.0058746
-0.00095854
-0.012904
-0.035803
-0.071281
-0.10631
-0.12808
-0.14587
-0.15768
-0.15991
-0.14503
-0.095754
-0.04662
-0.020567
-0.014318
-0.037798
-0.072973
-0.088108
-0.076288
-0.052308
-0.023061
0.020288
0.065668
0.094176
0.088658
0.038982
-0.014543
-0.026643
-0.015273
-0.013468
-0.019163
-0.027646
-0.034224
-0.029567
-0.022494
-0.022404
-0.02626
-0.067934
-0.13775
-0.17346
-0.18673
-0.19643
-0.16903
-0.114
-0.063465
-0.037493
-0.036117
-0.057846
-0.08856
-0.092943
-0.078514
-0.060481
-0.06945
-0.10853
-0.093439
-0.021407
0.039536
0.059899
0.039341
-0.006132
-0.079882
-0.14089
-0.11547
-0.023407
0.060475
0.10481
0.10079
0.046246
-0.017417
-0.042596
-0.040922
-0.046345
-0.052268
-0.052732
-0.054495
-0.047136
-0.022957
0.01955
0.057164
0.0071436
-0.10572
-0.10308
-0.0099414
0.054484
0.074894
0.070438
0.070156
0.078268
0.074815
0.05919
0.046355
0.041775
0.037487
0.03248
0.038538
0.045284
0.031492
0.0078244
-0.0056139
-0.016402
-0.043161
-0.08549
-0.12816
-0.14241
-0.11036
-0.043983
0.023052
0.068307
0.080824
0.059233
0.01862
-0.019879
-0.027256
-0.0025791
0.02209
0.031482
0.033877
0.030676
0.030604
0.047828
0.05211
0.047067
0.040851
0.014595
0.032506
0.080492
0.074616
0.015863
-0.042267
-0.05674
-0.034282
-0.022127
-0.028842
-0.033761
-0.032136
-0.025223
-0.022797
-0.021894
-0.023415
-0.032045
-0.0050215
0.043133
0.036471
-0.010706
-0.055269
-0.1103
-0.16739
-0.17722
-0.12127
-0.030487
0.041517
0.056575
0.037657
0.029154
0.030058
0.024445
0.0075836
-0.018268
-0.046158
-0.059267
-0.062979
-0.07613
-0.07466
-0.060857
-0.047579
-0.035732
-0.013146
0.033949
0.094503
0.14546
0.16212
0.13906
0.11665
0.1141
0.12381
0.13901
0.14126
0.13169
0.12788
0.11866
0.097404
0.070874
0.038902
0.0080277
-0.01365
-0.0052924
0.027321
0.022259
-0.030681
-0.080775
-0.088906
-0.056162
-0.0090274
0.036845
0.08861
0.1219
0.093298
0.03092
0.0032703
0.0074165
0.02003
0.044628
0.071766
0.080702
0.068204
0.051051
0.036849
0.020591
-0.0049831
-0.048949
-0.09006
-0.0819
-0.034003
-0.016469
-0.047296
-0.086827
-0.10623
-0.09859
-0.082854
-0.090897
-0.10414
-0.095471
-0.08083
-0.068542
-0.059193
-0.059176
-0.074983
-0.098635
-0.065858
-0.0038637
-0.015639
-0.065783
-0.094203
-0.13131
-0.18977
-0.21662
-0.17813
-0.085899
0.01106
0.055806
0.047681
0.014218
-0.011517
-0.017047
-0.010248
-0.035625
-0.084724
-0.088435
-0.053224
-0.031782
-0.038723
-0.045706
-0.036986
-0.0097126
0.040503
0.10184
0.16265
0.20696
0.20841
0.17923
0.15905
0.16146
0.18257
0.21035
0.21586
0.18962
0.15392
0.11995
0.099193
0.091896
0.078536
0.05865
0.043591
0.048038
0.057335
0.031779
-0.015299
-0.041719
-0.028517
0.0050781
0.036264
0.064385
0.090438
0.11476
0.12852
0.097975
0.039359
0.0035175
0.0006592
0.017465
0.035462
0.03914
0.032466
0.022488
0.0085356
-0.010875
-0.050637
-0.10793
-0.1426
-0.13117
-0.11014
-0.10955
-0.1178
-0.11243
-0.10119
-0.12076
-0.1498
-0.1464
-0.12741
-0.12228
-0.12223
-0.11281
-0.10526
-0.11297
-0.11662
-0.083735
-0.052482
-0.067471
-0.10117
-0.12447
-0.15367
-0.19825
-0.22581
-0.19526
-0.10794
-0.015745
0.033725
0.016356
-0.028274
-0.045341
-0.040172
-0.043501
-0.062867
-0.069922
-0.057656
-0.038915
-0.026721
-0.027442
-0.017753
0.011579
0.049509
0.094534
0.13957
0.19039
0.23271
0.23175
0.21085
0.19665
0.20545
0.22866
0.22843
0.22264
0.21604
0.18157
0.14303
0.13204
0.13033
0.11381
0.081091
0.039205
0.025816
0.059142
0.081124
0.05859
0.028127
0.025173
0.044624
0.072933
0.089928
0.098963
0.1099
0.10907
0.078805
0.042485
0.026135
0.030189
0.032133
0.016497
0.0062912
0.010143
0.0098505
0.0046253
-4.5546e-05
-0.013626
-0.02513
-0.025771
-0.034196
-0.067425
-0.12919
-0.17719
-0.17491
-0.14872
-0.13341
-0.13568
-0.14729
-0.15783
-0.1682
-0.16985
-0.16732
-0.17728
-0.17454
-0.15097
-0.14075
-0.14724
-0.15864
-0.15423
-0.10617
-0.07416
-0.095474
-0.12552
-0.14814
-0.17919
-0.21568
-0.23421
-0.20763
-0.13598
-0.06384
-0.023204
-0.037569
-0.075497
-0.084691
-0.072986
-0.050892
-0.031669
-0.027101
-0.029771
-0.032901
-0.036363
-0.038613
0.0021965
0.067936
0.12794
0.17478
0.20643
0.2426
0.27056
0.26832
0.24896
0.22312
0.20581
0.20879
0.2218
0.24601
0.25864
0.23224
0.18636
0.14677
0.1232
0.10455
0.074838
0.045507
0.045947
0.087348
0.12677
0.10371
0.051471
0.1028
0.24882
0.25726
0.15892
0.081008
0.039415
0.037003
0.047755
0.032835
0.0049316
-0.0062517
-0.00013109
0.0042554
0.00078448
-0.0036998
-0.01449
-0.029955
-0.045281
-0.075312
-0.13873
-0.19484
-0.19776
-0.16814
-0.14558
-0.25742
-0.46493
-0.4762
-0.3099
-0.18513
-0.14753
-0.15512
-0.17134
-0.16266
-0.12417
-0.11088
-0.13537
-0.15816
-0.16441
-0.17656
-0.2079
-0.23182
-0.21243
-0.15676
-0.09661
-0.057183
-0.062913
-0.08938
-0.098985
-0.094575
-0.080971
-0.072108
-0.071152
-0.058544
-0.039021
-0.028388
-0.021552
-0.0018392
0.029688
0.066318
0.2405
0.50095
0.53724
0.37657
0.26343
0.23256
0.22752
0.22363
0.23213
0.23683
0.24072
0.23397
0.19903
0.17137
0.15747
0.13834
0.11038
0.069295
0.060231
0.11659
0.16225
0.14179
0.11737
0.18713
0.3096
0.29385
0.17648
0.091451
0.0626
0.055486
0.041959
0.026639
0.0099233
-0.0039701
-0.010176
-0.011047
-0.018824
-0.043431
-0.060009
-0.063051
-0.072794
-0.094004
-0.13474
-0.18898
-0.20905
-0.17995
-0.26523
-0.46609
-0.49191
-0.34092
-0.21268
-0.1645
-0.16449
-0.17342
-0.18395
-0.1691
-0.1325
-0.12295
-0.15309
-0.18381
-0.19415
-0.18657
-0.18515
-0.20425
-0.20312
-0.16902
-0.12954
-0.11517
-0.12217
-0.12774
-0.12315
-0.10951
-0.094817
-0.07621
-0.055061
-0.043994
-0.035072
-0.020206
0.057483
0.19296
0.27901
0.28471
0.26156
0.23999
0.23712
0.23655
0.24936
0.25693
0.23711
0.22355
0.22254
0.22653
0.24295
0.24226
0.21605
0.18882
0.16458
0.15255
0.13172
0.079346
0.064527
0.12622
0.19273
0.19961
0.23909
0.33543
0.31221
0.20019
0.11675
0.078973
0.068139
0.062491
0.048686
0.021471
-0.0034478
-0.014088
-0.014429
-0.016703
-0.030291
-0.053226
-0.075547
-0.080432
-0.081492
-0.09994
-0.13705
-0.1799
-0.19676
-0.18713
-0.18743
-0.19825
-0.33027
-0.5403
-0.5189
-0.32693
-0.20849
-0.16346
-0.14571
-0.13936
-0.13408
-0.14512
-0.17708
-0.19107
-0.18241
-0.18095
-0.18713
-0.18917
-0.18738
-0.17807
-0.14921
-0.11754
-0.11155
-0.12107
-0.12215
-0.11731
-0.11533
-0.10216
-0.071875
-0.048636
-0.027699
-0.0034152
0.0065424
0.0093724
0.15828
0.42335
0.48275
0.3456
0.23902
0.21002
0.23015
0.24098
0.22715
0.2205
0.22293
0.22583
0.22998
0.23145
0.23907
0.23652
0.19698
0.15892
0.13332
0.088776
0.075144
0.13704
0.20585
0.2193
0.21032
0.20971
0.19666
0.16672
0.13245
0.10604
0.14312
0.20763
0.17689
0.081244
0.0097964
-0.022252
-0.024485
-0.017534
-0.023731
-0.046799
-0.064513
-0.07832
-0.093512
-0.10682
-0.14131
-0.18608
-0.20407
-0.19598
-0.1829
-0.1782
-0.1818
-0.20359
-0.22613
-0.22092
-0.21583
-0.21907
-0.22412
-0.3074
-0.42047
-0.39605
-0.28285
-0.20521
-0.17595
-0.1735
-0.17691
-0.18994
-0.19503
-0.17723
-0.15638
-0.14814
-0.15836
-0.179
-0.18438
-0.15623
-0.1022
-0.05333
-0.024474
-0.011444
-0.0061728
-0.0044908
-0.0071686
-0.01208
-0.012293
0.0044723
0.042493
0.087846
0.13901
0.19036
0.37777
0.62919
0.60756
0.39104
0.26359
0.24359
0.26287
0.26555
0.24417
0.20945
0.17689
0.16647
0.15543
0.13213
0.13065
0.15876
0.19823
0.21112
0.18677
0.16532
0.16453
0.16035
0.15034
0.14616
0.1309
0.11531
0.10737
0.086804
0.051579
0.027958
0.021976
0.0023854
-0.033378
-0.058882
-0.073151
-0.075876
-0.064551
-0.069792
-0.10602
-0.1544
-0.19658
-0.20217
-0.17376
-0.15891
-0.16065
-0.16204
-0.17987
-0.20818
-0.21965
-0.21604
-0.20959
-0.19842
-0.18735
-0.18
-0.16634
-0.1491
-0.13662
-0.12885
-0.14941
-0.17326
-0.1743
-0.17193
-0.1804
-0.21009
-0.24263
-0.26062
-0.27365
-0.21399
-0.12079
-0.052895
-0.022947
-0.0083664
-0.00081853
-0.004125
-0.0099281
-0.010207
-0.0070834
-0.0012619
0.033136
0.10026
0.1765
0.22691
0.23068
0.23144
0.24084
0.23269
0.22265
0.2222
0.22139
0.20881
0.2097
0.2311
0.24086
0.24279
0.23738
0.21251
0.18266
0.15973
0.12153
0.073048
0.063467
0.10641
0.1716
0.19826
0.17637
0.16535
0.1638
0.14895
0.13623
0.12747
0.1195
0.11736
0.12416
0.12046
0.075839
0.020281
-0.0087309
-0.021639
-0.036322
-0.052233
-0.06501
-0.079984
-0.10041
-0.12126
-0.15371
-0.1908
-0.21006
-0.20467
-0.18266
-0.17182
-0.17756
-0.18776
-0.21073
-0.22458
-0.21862
-0.21407
-0.20686
-0.19983
-0.19489
-0.17368
-0.13968
-0.11268
-0.10926
-0.12859
-0.15607
-0.17956
-0.193
-0.18603
-0.17266
-0.17639
-0.17929
-0.17331
-0.14914
-0.099995
-0.072195
-0.081231
-0.096885
-0.10183
-0.084666
-0.043568
-0.006476
0.0065757
0.010824
0.0089234
0.010576
0.02958
0.069448
0.12768
0.18518
0.21001
0.22833
0.25639
0.2474
0.23128
0.22865
0.21837
0.22086
0.22738
0.23187
0.24241
0.23691
0.21391
0.19582
0.18583
0.17495
0.15765
0.12986
0.10744
0.12188
0.15471
0.16909
0.17019
0.17048
0.16713
0.1581
0.15049
0.13847
0.12412
0.1184
0.1106
0.09198
0.059773
0.025016
0.008488
0.005406
0.00035905
-0.0055666
-0.0076377
-0.016581
-0.037694
-0.11596
-0.24903
-0.30206
-0.26229
-0.21762
-0.18515
-0.18121
-0.19296
-0.19954
-0.21896
-0.23782
-0.22926
-0.2162
-0.21116
-0.20997
-0.21136
-0.19105
-0.16404
-0.14702
-0.13198
-0.12971
-0.15567
-0.17777
-0.17396
-0.16727
-0.17253
-0.18869
-0.21115
-0.20725
-0.14991
-0.072419
-0.034024
-0.050213
-0.083906
-0.089201
-0.060282
-0.025789
-0.0056771
0.010414
0.024636
0.030091
0.049564
0.10235
0.16217
0.2023
0.23421
0.24679
0.23801
0.2293
0.23336
0.2359
0.22661
0.21655
0.21838
0.23642
0.25855
0.25586
0.22416
0.19313
0.16699
0.13582
0.10681
0.083898
0.087418
0.13884
0.18671
0.17364
0.13637
0.12417
0.12835
0.13177
0.13488
0.13504
0.13661
0.13553
0.11953
0.091829
0.065165
0.043126
0.027676
0.021279
0.016642
0.0017104
-0.018599
-0.030094
-0.092794
-0.20663
-0.2529
-0.23546
-0.20824
-0.1904
-0.19504
-0.20514
-0.21568
-0.22736
-0.23417
-0.23463
-0.23098
-0.2214
-0.21209
-0.22086
-0.22492
-0.20178
-0.17319
-0.14722
-0.12497
-0.1268
-0.14915
-0.17107
-0.17662
-0.15929
-0.14277
-0.15597
-0.18177
-0.17462
-0.12866
-0.07516
-0.045472
-0.049925
-0.073326
-0.081388
-0.056947
-0.015387
0.014963
0.027518
0.033544
0.037685
0.034189
0.022464
0.0047235
-0.0097894
0.081602
0.2728
0.35985
0.3153
0.25924
0.21927
0.20943
0.2205
0.22913
0.23779
0.2463
0.24726
0.23803
0.21301
0.1767
0.15258
0.14706
0.1379
0.11337
0.10837
0.13947
0.16527
0.16923
0.16268
0.1467
0.13263
0.14592
0.16489
0.15371
0.13412
0.12603
0.11229
0.083573
0.055115
0.036511
0.023635
0.011892
0.0038561
-0.0068986
-0.022434
-0.030906
-0.094826
-0.22109
-0.27308
-0.24312
-0.21058
-0.19456
-0.19753
-0.20753
-0.2168
-0.22368
-0.22935
-0.23658
-0.24377
-0.24306
-0.222
-0.19758
-0.19566
-0.19212
-0.18688
-0.17297
-0.13084
-0.11482
-0.13958
-0.16193
-0.16827
-0.15897
-0.14872
-0.15894
-0.17819
-0.17429
-0.13345
-0.08411
-0.058393
-0.058711
-0.066898
-0.063639
-0.039717
-0.0053309
0.022272
0.037748
0.046344
0.045896
0.036991
0.021426
0.002511
-0.0017534
0.14393
0.39731
0.46317
0.35243
0.25047
0.1964
0.19226
0.20841
0.22276
0.24097
0.25457
0.26383
0.25414
0.18693
0.11878
0.11085
0.11786
0.10028
0.096491
0.13514
0.17307
0.17459
0.14832
0.12946
0.13188
0.13781
0.14239
0.14776
0.1496
0.13817
0.1178
0.091769
0.061598
0.038462
0.029797
0.023131
0.011084
-0.0002634
-0.056708
-0.1501
-0.18025
-0.15998
-0.16095
-0.17809
-0.19678
-0.21432
-0.21704
-0.2239
-0.2354
-0.23272
-0.24398
-0.26182
-0.24918
-0.23207
-0.22789
-0.2189
-0.20725
-0.19793
-0.18732
-0.16509
-0.13973
-0.13465
-0.14518
-0.16054
-0.16841
-0.15489
-0.14375
-0.15641
-0.17053
-0.15935
-0.10909
-0.045548
-0.023856
-0.044462
-0.05776
-0.054002
-0.039914
-0.011035
0.027331
0.052967
0.063615
0.061757
0.049376
0.062571
0.11831
0.17317
0.20895
0.23308
0.24266
0.24183
0.23293
0.21938
0.21947
0.22774
0.23307
0.24509
0.24728
0.23079
0.21625
0.19502
0.16381
0.14157
0.12485
0.10271
0.087514
0.10904
0.14434
0.14427
0.12674
0.12432
0.12918
0.13107
0.14077
0.14337
0.13621
0.13128
0.12043
0.10347
0.075711
0.041267
0.017338
0.012123
0.013139
0.0032592
-0.012855
-0.027094
-0.041257
-0.060708
-0.080787
-0.093869
-0.10666
-0.12159
-0.14913
-0.32944
-0.59063
-0.5884
-0.38809
-0.25497
-0.2112
-0.20744
-0.21592
-0.2237
-0.21536
-0.19805
-0.18357
-0.16353
-0.14368
-0.14208
-0.14839
-0.15646
-0.16021
-0.14753
-0.13271
-0.13659
-0.15111
-0.14949
-0.11624
-0.067343
-0.045831
-0.048796
-0.052054
-0.043444
-0.019273
0.016814
0.041843
0.055537
0.066988
0.064368
0.049078
0.031086
0.013555
-0.004136
-0.0020479
0.030536
0.082744
0.14692
0.19869
0.21686
0.22488
0.23593
0.22372
0.21495
0.23094
0.24148
0.25084
0.26544
0.25726
0.23296
0.21762
0.19893
0.17111
0.15224
0.14005
0.12026
0.11885
0.14475
0.16255
0.16347
0.15063
0.13024
0.11912
0.11612
0.11971
0.13112
0.13517
0.12816
0.11507
0.090653
0.061488
0.03638
0.018314
0.012343
0.010785
0.0015506
-0.014016
-0.031775
-0.05167
-0.071071
-0.083142
-0.091188
-0.10297
-0.12683
-0.16331
-0.19052
-0.20807
-0.22278
-0.23208
-0.23177
-0.23409
-0.24837
-0.25095
-0.24595
-0.24908
-0.24511
-0.24245
-0.23897
-0.21796
-0.19721
-0.18995
-0.17878
-0.16111
-0.15359
-0.14981
-0.14653
-0.15167
-0.14486
-0.12068
-0.11226
-0.13256
-0.14817
-0.13024
-0.080107
-0.035553
-0.038316
-0.048517
-0.030537
-0.0067313
0.020774
0.045098
0.058159
0.071982
0.07682
0.064544
0.042105
0.01046
-0.007255
0.0068717
0.04362
0.094003
0.15131
0.19658
0.23086
0.24959
0.2338
0.20818
0.19845
0.20544
0.22224
0.23509
0.24524
0.26239
0.26697
0.23352
0.19408
0.17129
0.14716
0.11971
0.082467
0.066312
0.11608
0.17195
0.16873
0.14075
0.13209
0.12967
0.1207
0.13043
0.1454
0.15296
0.14997
0.12188
0.085457
0.056655
0.029093
0.0159
0.020253
0.014458
-0.0028253
-0.019286
-0.09095
-0.20605
-0.23525
-0.19876
-0.18722
-0.20314
-0.22118
-0.24094
-0.25604
-0.25911
-0.26325
-0.2655
-0.25112
-0.23282
-0.22927
-0.23424
-0.23528
-0.2293
-0.21556
-0.20191
-0.18044
-0.14375
-0.12299
-0.13672
-0.15379
-0.15598
-0.14634
-0.12862
-0.12818
-0.15059
-0.13999
-0.089693
-0.043966
-0.021813
-0.026396
-0.044425
-0.043029
-0.013289
0.025745
0.096704
0.16699
0.12823
0.039518
0.014531
0.052386
0.10733
0.16178
0.21103
0.23832
0.23956
0.23203
0.21609
0.19665
0.19586
0.21541
0.23353
0.25241
0.26596
0.25141
0.21921
0.18201
0.14145
0.12126
0.10984
0.072158
0.050097
0.093785
0.15511
0.16156
0.12257
0.10047
0.20156
0.36252
0.34366
0.19406
0.078343
0.022307
0.011831
0.013457
0.0090336
0.0020339
-0.01097
-0.025696
-0.044556
-0.068431
-0.085729
-0.10392
-0.12761
-0.14784
-0.17056
-0.19195
-0.2085
-0.22903
-0.24124
-0.25152
-0.27265
-0.27922
-0.26909
-0.26387
-0.25315
-0.23533
-0.22833
-0.23274
-0.23975
-0.22964
-0.19944
-0.17
-0.14716
-0.13436
-0.14033
-0.23086
-0.35201
-0.3141
-0.16276
-0.046167
0.0003261
-0.002871
-0.015563
-0.0083614
0.011172
0.036119
0.061644
0.086476
0.10339
0.098449
0.077371
0.054161
0.021031
-0.015246
-0.015854
0.030387
0.089485
0.13881
0.17441
0.21067
0.23958
0.23095
0.21369
0.22003
0.22812
0.23189
0.25131
0.26831
0.26039
0.24075
0.21925
0.18804
0.15206
0.1219
0.10228
0.087299
0.083858
0.11741
0.15594
0.15462
0.13153
0.11851
0.12361
0.13226
0.13343
0.13787
0.14615
0.1696
0.18074
0.12076
0.041364
-0.0022365
-0.02466
-0.039482
-0.053253
-0.072104
-0.095319
-0.10958
-0.1113
-0.12051
-0.14755
-0.17698
-0.20872
-0.23088
-0.24139
-0.25171
-0.25745
-0.2656
-0.27037
-0.25976
-0.25543
-0.26135
-0.26224
-0.24577
-0.2248
-0.20983
-0.19779
-0.18952
-0.17401
-0.15721
-0.1545
-0.15669
-0.14905
-0.12839
-0.1149
-0.11316
-0.12487
-0.14443
-0.13669
-0.06443
0.0098497
0.054569
0.084752
0.098163
0.097997
0.086627
0.068863
0.047821
0.021134
-0.0032056
-0.0072901
0.021943
0.083634
0.14448
0.18505
0.21796
0.24245
0.23856
0.21986
0.21374
0.21934
0.22264
0.23468
0.25368
0.25561
0.24107
0.2127
0.17805
0.14986
0.12783
0.10926
0.093003
0.10236
0.13416
0.14691
0.1334
0.11649
0.2024
0.36028
0.35068
0.20596
0.097062
0.04135
0.023825
0.014738
0.0046563
0.0070358
0.0096774
-0.011235
-0.040486
-0.056628
-0.074335
-0.091429
-0.10078
-0.11304
-0.13366
-0.16158
-0.18807
-0.20969
-0.22499
-0.24156
-0.25874
-0.27141
-0.28385
-0.28139
-0.27048
-0.25366
-0.23025
-0.22646
-0.23289
-0.2274
-0.21401
-0.20565
-0.19826
-0.16558
-0.13299
-0.1382
-0.15265
-0.14775
-0.19296
-0.27157
-0.21085
-0.074738
-0.0037396
0.012726
0.014431
0.024049
0.051844
0.084437
0.10846
0.11716
0.10653
0.076681
0.040463
0.0035647
-0.021973
-0.01267
0.027311
0.072638
0.1166
0.17201
0.21631
0.2234
0.22498
0.22723
0.20882
0.20312
0.21992
0.23706
0.35295
0.51261
0.44625
0.23149
0.086628
0.043711
0.081113
0.13121
0.14658
0.12693
0.096548
0.086776
0.080013
0.067341
0.078969
0.1042
0.11699
0.11104
0.085007
0.041971
-0.005456
-0.032784
-0.036357
-0.029257
-0.026116
-0.037716
-0.055861
-0.081029
-0.10721
-0.11124
-0.10748
-0.10999
-0.1259
-0.23528
-0.3762
-0.35588
-0.23921
-0.17792
-0.16807
-0.17572
-0.18909
-0.19332
-0.17566
-0.15183
-0.14345
-0.14043
-0.12207
-0.099913
-0.10165
-0.12279
-0.14154
-0.13564
-0.12955
-0.14894
-0.1751
-0.16669
-0.11263
-0.044158
-0.015208
-0.030189
-0.051039
-0.055957
-0.043426
-0.01613
0.0090338
0.019227
0.017418
0.0072124
-0.0043263
-0.0078333
-0.0086576
-0.027577
-0.056352
-0.056458
-0.020542
0.042719
0.12627
0.20463
0.26397
0.28189
0.41446
0.63851
0.62098
0.41626
0.25908
0.17192
0.13236
0.10772
0.095474
0.085525
0.050867
0.030146
0.059442
0.099096
0.09978
0.06782
0.050497
0.054689
0.064057
0.095956
0.13352
0.1425
0.12033
0.084798
0.047917
0.013375
-0.002532
-0.0026317
-0.0091121
-0.018143
-0.025525
-0.036783
-0.049737
-0.069427
-0.095373
-0.10345
-0.10555
-0.11727
-0.2178
-0.3676
-0.34132
-0.19077
-0.12513
-0.13843
-0.15376
-0.15765
-0.1637
-0.14729
-0.11225
-0.098681
-0.10791
-0.1202
-0.12043
-0.09616
-0.077426
-0.10238
-0.12162
-0.11029
-0.11268
-0.14232
-0.17204
-0.17231
-0.11548
-0.028807
0.020346
0.016219
-0.0082932
-0.029916
-0.037151
-0.029698
-0.020446
-0.01217
-0.003983
-0.0057614
-0.019137
-0.032508
-0.050609
-0.073103
-0.08093
-0.062739
-0.030602
0.0085349
0.08204
0.18375
0.37144
0.58102
0.55234
0.34889
0.22064
0.19836
0.21335
0.21763
0.19164
0.13895
0.094965
0.067061
0.026836
-0.018563
-0.022926
0.030199
0.084233
0.082157
0.03611
-0.001269
-0.013782
-0.0097313
0.016966
0.067198
0.10944
0.11102
0.063874
0.011411
-0.012819
-0.022248
-0.034718
-0.043504
-0.041865
-0.045574
-0.068453
-0.088945
-0.086468
-0.085723
-0.19021
-0.36368
-0.35721
-0.16051
0.021132
0.085474
0.062299
0.0095202
-0.044646
-0.075316
-0.092287
-0.11157
-0.10684
-0.071355
-0.037422
-0.030404
-0.051785
-0.070534
-0.050888
-0.023906
-0.028862
-0.031811
-0.031197
-0.063192
-0.10984
-0.13452
-0.12096
-0.066833
0.0082638
0.043679
0.025615
-0.0024033
-0.023251
-0.037341
-0.048604
-0.079666
-0.082534
-0.063014
-0.066538
-0.084254
-0.093859
-0.078726
-0.036074
0.045268
0.16303
0.25416
0.27984
0.27203
0.25026
0.22069
0.20677
0.20951
0.20879
0.21084
0.21497
0.19816
0.15571
0.099711
0.058341
0.043032
0.016005
-0.028467
-0.028791
0.021504
0.063427
0.063526
0.021472
-0.024578
-0.039844
-0.020429
0.025074
0.070634
0.10096
0.099761
0.05944
0.012968
-0.019286
-0.039132
-0.044575
-0.047551
-0.087795
-0.14883
-0.14815
-0.10677
-0.087151
-0.097654
-0.12687
-0.16369
-0.19261
-0.16012
-0.052882
0.050048
0.099768
0.081078
0.015848
-0.03293
-0.056386
-0.073043
-0.075896
-0.058715
-0.034853
-0.022394
-0.027805
-0.04489
-0.052
-0.025488
-0.0070097
-0.010339
-0.0034083
-0.019229
-0.076949
-0.11883
-0.11807
-0.08009
-0.018698
0.024655
0.0209
-0.0082598
-0.016039
-0.0134
-0.017803
-0.016137
-0.019982
-0.068846
-0.13755
-0.1491
-0.13696
-0.14183
-0.14367
-0.11598
-0.022577
0.12779
0.24422
0.27089
0.24811
0.20023
0.15907
0.15053
0.15211
0.16114
0.18514
0.19305
0.16782
0.12239
0.0747
0.039965
0.015443
-0.02297
-0.070669
-0.070779
-0.013631
0.034657
0.031327
-0.0075608
-0.043895
-0.050423
-0.033679
-0.013954
0.025198
0.061224
0.044611
-0.0013682
-0.032917
-0.045001
-0.042647
-0.03548
-0.044188
-0.060032
-0.062093
-0.060766
-0.066993
-0.11246
-0.1855
-0.20527
-0.19926
-0.20246
-0.12855
0.014055
0.13434
0.18534
0.14853
0.072557
0.025072
0.002733
-0.017356
-0.026484
-0.0065215
0.029782
0.040932
0.025866
-0.0027377
-0.027832
-0.0027719
0.035255
0.046237
0.052064
0.036189
-0.019273
-0.086513
-0.11312
-0.058026
0.016717
0.054893
0.068029
0.04266
0.003894
-0.0026119
0.0057881
0.005394
-0.0090091
-0.028281
-0.050493
-0.077999
-0.094966
-0.09247
-0.074956
-0.06879
-0.10306
-0.15526
-0.18219
-0.14977
-0.038045
0.11327
0.20945
0.23048
0.21415
0.1652
0.11842
0.10805
0.1157
0.13564
0.15863
0.16188
0.13722
0.088581
0.037101
0.0025126
-0.021341
-0.060885
-0.10901
-0.11074
-0.041749
0.036766
0.042031
-0.021015
-0.089647
-0.12962
-0.12308
-0.080407
-0.020001
0.0468
0.067052
0.019399
-0.038595
-0.061582
-0.069114
-0.076257
-0.071199
-0.065005
-0.068313
-0.06138
-0.061582
-0.078716
-0.078468
-0.077317
-0.08469
-0.092262
-0.12946
-0.18027
-0.16862
-0.048227
0.10182
0.18653
0.20577
0.18002
0.1297
0.12774
0.17853
0.16528
0.098826
0.040904
0.0060667
0.0164
0.048451
0.079234
0.090074
0.064004
0.0039144
-0.06433
-0.086591
-0.035191
0.055041
0.11247
0.097403
0.047548
0.021546
0.020972
0.026572
0.030401
0.022815
-0.0040446
-0.032861
-0.054175
-0.076159
-0.091054
-0.090229
-0.084987
-0.10217
-0.16499
-0.23111
-0.23352
-0.061835
0.20987
0.27806
0.16985
0.09681
0.083716
0.092748
0.091986
0.075915
0.054181
0.017959
-0.023283
-0.042996
-0.062926
-0.089782
-0.07996
-0.032229
0.00075284
-0.0064599
-0.045972
-0.090856
-0.11115
-0.11384
-0.085403
-0.021874
0.023106
0.016775
-0.029219
-0.077123
-0.0888
-0.074271
-0.063137
-0.061776
-0.060371
-0.058422
-0.066587
-0.07587
-0.071682
-0.059319
-0.1496
-0.28351
-0.18166
0.075411
0.22581
0.24741
0.19826
0.14201
0.11043
0.10309
0.10153
0.10341
0.10642
0.11163
0.11909
0.101
0.062401
0.037185
0.049836
0.087078
0.098041
0.087139
0.083388
0.10468
0.12424
0.10016
0.056978
0.035464
0.038451
0.044629
0.02091
-0.013455
-0.031949
-0.049658
-0.070275
-0.082403
-0.086344
-0.08563
-0.082982
-0.10089
-0.15798
-0.21975
-0.25025
-0.19683
-0.018003
0.15742
0.16911
0.088733
0.045753
0.041949
0.048076
0.04763
0.035896
0.01137
-0.022296
-0.052274
-0.071318
-0.090809
-0.11262
-0.10393
-0.062392
-0.027722
-0.031853
-0.076347
-0.12633
-0.158
-0.15947
-0.12972
-0.074509
-0.021308
-0.014265
-0.053764
-0.097799
-0.11432
-0.10714
-0.094265
-0.074884
-0.054429
-0.042622
-0.039643
-0.04554
-0.054545
-0.11765
-0.22001
-0.19363
0.01106
0.22301
0.31
0.30154
0.23974
0.16914
0.14992
0.14858
0.13848
0.14613
0.15592
0.15769
0.15016
0.12632
0.10018
0.080471
0.078968
0.093668
0.11691
0.13707
0.12223
0.064696
0.00019579
0.04083
0.17699
0.22174
0.14966
0.067214
0.016179
0.006537
0.0047581
-0.017115
-0.045924
-0.081918
-0.10954
-0.1078
-0.095757
-0.088318
-0.12113
-0.20499
-0.27174
-0.24182
-0.11101
0.023741
0.055575
0.0081397
-0.02658
-0.017983
-0.0011979
-0.0064065
-0.023322
-0.043623
-0.063946
-0.0701
-0.085097
-0.11708
-0.11509
-0.077958
-0.05883
-0.075754
-0.1108
-0.15065
-0.18272
-0.17512
-0.12961
-0.074935
-0.031049
-0.026486
-0.045851
-0.063731
-0.08217
-0.089389
-0.074963
-0.056746
-0.053292
-0.053282
-0.045632
-0.059802
-0.095011
-0.11025
-0.11616
-0.058287
0.10353
0.23486
0.26595
0.25384
0.22464
0.20003
0.1903
0.18039
0.17045
0.18154
0.19642
0.18331
0.16107
0.1451
0.12304
0.099197
0.10438
0.1747
0.23059
0.19219
0.15344
0.14213
0.096894
0.047179
0.026245
0.036198
0.05518
0.050855
0.020185
-0.0075253
-0.020774
-0.034158
-0.049917
-0.065609
-0.082499
-0.089181
-0.079554
-0.066604
-0.094459
-0.1835
-0.27264
-0.30998
-0.2585
-0.15943
-0.076147
-0.042396
-0.040451
-0.044945
-0.055519
-0.06765
-0.06924
-0.065764
-0.071615
-0.091335
-0.10999
-0.10053
-0.063619
-0.053189
-0.083761
-0.11252
-0.13646
-0.15467
-0.13754
-0.086943
-0.022808
0.036762
0.061422
0.050515
0.026755
-0.0056869
-0.027028
-0.02547
-0.015365
-0.012268
-0.014755
-0.010741
-0.0064995
-0.0062298
-0.0097789
-0.0173
-0.014252
0.00086003
0.00986
0.0041799
-0.024255
-0.068999
-0.090338
-0.07776
-0.044463
-0.0089453
0.0096132
0.0098033
-0.0008248
-0.01812
-0.027863
-0.011087
-0.023736
-0.077095
-0.067927
0.013661
0.087689
0.12542
0.14068
0.15565
0.1807
0.21383
0.23902
0.2447
0.21797
0.1745
0.17154
0.2196
0.28539
0.32428
0.31222
0.27257
0.22846
0.21951
0.23794
0.2718
0.21789
0.012778
-0.19104
-0.26209
-0.19899
-0.11242
-0.067112
-0.054628
-0.068045
-0.083569
-0.080741
-0.079754
-0.089427
-0.090839
-0.089432
-0.099131
-0.1163
-0.13411
-0.14566
-0.14796
-0.1456
-0.15126
-0.15118
-0.11957
-0.076496
-0.065926
-0.09672
-0.13429
-0.13846
-0.10438
-0.051517
-0.00034511
0.029727
0.033695
0.023774
0.0054827
-0.016596
-0.031827
-0.042096
-0.042715
-0.038041
-0.048124
-0.050396
-0.029747
-0.003707
0.0093592
-0.0066959
-0.039651
-0.036008
0.0066134
0.026269
0.0018221
-0.036239
-0.044113
-0.024093
0.001132
0.017735
0.0062231
-0.0086418
-0.0024977
0.013339
0.024329
0.021321
-0.024362
-0.094904
-0.081147
0.013193
0.082886
0.11448
0.13608
0.29698
0.56319
0.57698
0.39702
0.2985
0.3091
0.35036
0.33759
0.29544
0.30112
0.31299
0.2725
0.20565
0.139
0.093022
0.064511
0.01124
-0.062218
-0.14667
-0.24322
-0.27034
-0.20234
-0.12452
-0.09179
-0.088259
-0.088528
-0.0936
-0.11286
-0.12161
-0.10957
-0.10743
-0.12863
-0.15421
-0.16689
-0.16691
-0.16715
-0.17534
-0.19054
-0.20126
-0.1788
-0.13002
-0.090317
-0.075432
-0.085007
-0.098786
-0.095313
-0.08272
-0.066945
-0.046164
-0.023289
-0.00087563
0.014437
0.0086499
-0.0093412
-0.026088
-0.037981
-0.029973
-0.013724
-0.018785
-0.060321
-0.10321
-0.078563
-0.0094085
0.025999
0.0073452
-0.049639
-0.12025
-0.14473
-0.12527
-0.12013
-0.10879
-0.0693
-0.02961
-0.0097364
-0.02581
-0.063173
-0.06998
-0.044757
-0.046586
-0.069381
-0.025506
0.070378
0.15266
0.21275
0.24924
0.26037
0.24812
0.22422
0.20153
0.20263
0.2447
0.29962
0.33424
0.33823
0.29929
0.25655
0.25337
0.2526
0.22716
0.17986
0.12643
0.089941
0.042671
-0.050094
-0.16344
-0.23945
-0.25133
-0.24451
-0.24536
-0.19514
-0.11328
-0.075744
-0.087568
-0.11628
-0.1464
-0.16879
-0.17438
-0.17798
-0.17546
-0.17719
-0.18734
-0.16057
-0.1035
-0.073184
-0.084593
-0.11607
-0.13493
-0.13625
-0.12472
-0.087808
-0.040346
-0.00058103
0.022928
0.025721
0.011911
-0.0085078
-0.025054
-0.038139
-0.038549
-0.03053
-0.030473
-0.042649
-0.060786
-0.060909
-0.0599
-0.074095
-0.065188
-0.032953
-0.023616
-0.049171
-0.069432
-0.062755
-0.039734
-0.017929
-0.0067921
-0.012857
-0.043498
-0.057892
-0.033507
-0.0074445
0.0093043
0.01009
0.016047
0.079398
0.16149
0.22209
0.26079
0.26775
0.25555
0.23388
0.21146
0.23388
0.29458
0.35993
0.37335
0.32733
0.28032
0.26964
0.28389
0.28187
0.23931
0.17425
0.11335
0.061629
0.006841
-0.067704
-0.15004
-0.21201
-0.22512
-0.18176
-0.11573
-0.080118
-0.075976
-0.080018
-0.083951
-0.088103
-0.088187
-0.17808
-0.3436
-0.36104
-0.24071
-0.1619
-0.14146
-0.12271
-0.09251
-0.075109
-0.090446
-0.12401
-0.13419
-0.12159
-0.10381
-0.0716
-0.040734
-0.018074
0.0067454
0.018313
0.010777
-0.0049108
-0.021617
-0.029842
-0.027928
-0.022501
-0.024177
-0.040049
-0.057657
-0.054405
-0.040984
-0.071669
-0.12888
-0.12182
-0.078584
-0.051767
-0.025712
-0.021191
-0.040818
-0.046145
-0.037012
-0.034188
-0.038852
-0.056561
-0.059718
-0.037572
-0.018796
-0.046651
-0.10833
-0.0871
0.013069
0.074345
0.085912
0.11777
0.16628
0.19558
0.2183
0.24262
0.25804
0.25449
0.24064
0.23258
0.25969
0.31489
0.33883
0.33633
0.31452
0.29921
0.31419
0.31653
0.26433
0.18314
0.12378
0.07976
0.013048
-0.060752
-0.14007
-0.22226
-0.24284
-0.18239
-0.11619
-0.081115
-0.070215
-0.074304
-0.081841
-0.08735
-0.086094
-0.090489
-0.11356
-0.13972
-0.15984
-0.1679
-0.1686
-0.17983
-0.18561
-0.17366
-0.16564
-0.14443
-0.094547
-0.057818
-0.064799
-0.091894
-0.10618
-0.107
-0.10032
-0.09192
-0.075326
-0.05122
-0.031763
-0.0079815
0.0066208
-0.004503
-0.018817
-0.02398
-0.023541
-0.015032
-0.0071813
-0.010549
-0.021148
-0.025971
-0.022338
-0.02533
-0.037552
-0.036943
-0.036402
-0.049329
-0.046432
-0.030063
-0.036882
-0.050875
-0.050465
-0.050797
-0.069947
-0.0863
-0.0754
-0.046957
-0.02475
-0.02044
-0.020776
-0.017043
-0.01451
-0.048136
-0.1145
-0.10498
-0.02032
0.045021
0.08694
0.13183
0.17075
0.2007
0.23398
0.25678
0.25646
0.2351
0.20657
0.20327
0.24204
0.32048
0.37684
0.36114
0.31923
0.413
0.56969
0.4668
0.20255
0.0080333
-0.10895
-0.18088
-0.22989
-0.23336
-0.18242
-0.11227
-0.070399
-0.070775
-0.082197
-0.076706
-0.075722
-0.087545
-0.094767
-0.10034
-0.11972
-0.14146
-0.15683
-0.17615
-0.19304
-0.20022
-0.19855
-0.19267
-0.1617
-0.10856
-0.077413
-0.07394
-0.081214
-0.096542
-0.10294
-0.089666
-0.074112
-0.060201
-0.048033
-0.030575
-0.0091685
0.0046053
0.0026413
-0.015754
-0.03314
-0.031104
-0.01859
-0.016483
-0.025389
-0.032336
-0.038265
-0.047645
-0.055713
-0.05647
-0.050742
-0.057971
-0.10703
-0.15579
-0.13317
-0.08479
-0.064932
-0.04541
-0.020092
-0.017222
-0.032144
-0.031213
-0.022607
-0.024491
-0.060669
-0.12272
-0.11159
-0.018349
0.067043
0.11953
0.15746
0.18315
0.20024
0.21949
0.2422
0.24832
0.22936
0.20649
0.2115
0.24935
0.30986
0.36523
0.38154
0.36179
0.32419
0.30431
0.28533
0.23238
0.15646
0.09085
0.056065
-0.1277
-0.4085
-0.42858
-0.22403
-0.069847
-0.014884
-0.017814
-0.029863
-0.044481
-0.067058
-0.090378
-0.11354
-0.13695
-0.15798
-0.1725
-0.17594
-0.17256
-0.16565
-0.15297
-0.12687
-0.095181
-0.081285
-0.095116
-0.12778
-0.14801
-0.13342
-0.10118
-0.075704
-0.055457
-0.029864
-0.0043046
0.010585
0.01009
-0.0033924
-0.017622
-0.028567
-0.038673
-0.035083
-0.064094
-0.13388
-0.14051
-0.096415
-0.081867
-0.083539
-0.058128
-0.032562
-0.043589
-0.066871
-0.076527
-0.069562
-0.051773
-0.034975
-0.032696
-0.049624
-0.078547
-0.092818
-0.071693
-0.036044
-0.02003
-0.052862
-0.059242
0.035963
0.1273
0.16971
0.20411
0.22617
0.24036
0.24444
0.24281
0.23437
0.23826
0.27522
0.32216
0.35338
0.34656
0.31198
0.31224
0.34381
0.33134
0.25592
0.16165
0.090335
0.045153
0.0036328
-0.065806
-0.16561
-0.24378
-0.2433
-0.16852
-0.088964
-0.059565
-0.066149
-0.076732
-0.099991
-0.14044
-0.1483
-0.13232
-0.13622
-0.15437
-0.16687
-0.15756
-0.14038
-0.14285
-0.13129
-0.09177
-0.06654
-0.080339
-0.11108
-0.12682
-0.12681
-0.10417
-0.065767
-0.036012
-0.00018096
0.030831
0.033739
0.018961
0.0054421
-0.0076026
-0.03049
-0.047751
-0.041955
-0.030439
-0.03091
-0.039047
-0.044926
-0.04187
-0.075401
-0.14784
-0.14982
-0.092464
-0.064515
-0.061092
-0.065084
-0.075394
-0.067773
-0.036774
-0.021639
-0.04126
-0.062984
-0.055233
-0.032433
-0.022195
-0.05173
-0.10935
-0.088534
0.0054492
0.065528
0.099944
0.23706
0.44615
0.47469
0.35088
0.27256
0.25301
0.27296
0.32967
0.36689
0.35509
0.32494
0.31963
0.32197
0.29524
0.22929
0.14219
0.082627
0.05756
0.017167
-0.0598
-0.16073
-0.24108
-0.24114
-0.17543
-0.099353
-0.050793
-0.042627
-0.053054
-0.054503
-0.05894
-0.067658
-0.062932
-0.067213
-0.1071
-0.23966
-0.40813
-0.40895
-0.25565
-0.10884
-0.033163
-0.032165
-0.069888
-0.10642
-0.1171
-0.10172
-0.072433
-0.039329
-0.014159
0.0064976
0.022072
0.020857
0.0081346
-0.0043695
-0.013865
-0.021649
-0.023919
-0.019394
-0.019537
-0.027362
-0.036499
-0.04654
-0.051512
-0.047468
-0.034167
-0.026277
-0.033429
-0.046631
-0.14805
-0.31214
-0.30336
-0.15914
-0.066792
-0.050698
-0.063641
-0.060792
-0.041658
-0.034039
-0.069962
-0.13483
-0.12063
-0.014684
0.066495
0.099718
0.12844
0.16186
0.19717
0.22477
0.23496
0.23004
0.2363
0.24106
0.23308
0.24891
0.29371
0.33067
0.33718
0.3129
0.29323
0.29504
0.3343
0.32875
0.13827
-0.11743
-0.27083
-0.29434
-0.19727
-0.084544
-0.02985
-0.024605
-0.034427
-0.031941
-0.037508
-0.047679
-0.055385
-0.07704
-0.099565
-0.11289
-0.13487
-0.16109
-0.17079
-0.16139
-0.15728
-0.16764
-0.14984
-0.092463
-0.049816
-0.048996
-0.075309
-0.10581
-0.11302
-0.089629
-0.054389
-0.023249
-0.00031547
0.012043
0.01239
0.011216
0.0020122
-0.026747
-0.046887
-0.0362
-0.024465
-0.032305
-0.039008
-0.042098
-0.049297
-0.055712
-0.11319
-0.19935
-0.18551
-0.11477
-0.077516
-0.065523
-0.065216
-0.071068
-0.068314
-0.049762
-0.047029
-0.065287
-0.073959
-0.063507
-0.043717
-0.022743
-0.040734
-0.096624
-0.085149
-0.0022795
0.059696
0.095384
0.14316
0.18679
0.21197
0.22745
0.22857
0.2305
0.23758
0.23659
0.25787
0.29642
0.33213
0.36452
0.34726
0.30426
0.39108
0.54451
0.44619
0.16051
-0.068862
-0.19609
-0.24317
-0.22069
-0.14805
-0.085593
-0.057898
-0.04697
-0.047677
-0.052695
-0.054771
-0.059712
-0.071161
-0.08482
-0.097673
-0.11037
-0.12727
-0.15287
-0.17648
-0.18179
-0.18417
-0.1861
-0.14953
-0.079995
-0.033174
-0.028019
-0.055337
-0.093359
-0.11397
-0.11435
-0.091065
-0.051473
-0.015838
0.0066599
0.014258
0.025145
0.032517
0.02421
0.013589
-0.0016597
-0.016245
-0.020212
-0.03264
-0.044032
-0.030053
-0.011184
0.00066931
-0.00024221
-0.02534
-0.060758
-0.066283
-0.065518
-0.080621
-0.081086
-0.055524
-0.013086
0.014719
-0.0053825
-0.036252
-0.036962
-0.025866
-0.016215
-0.034826
-0.070973
-0.047127
0.013805
0.049775
0.059691
0.05404
0.038712
0.001918
-0.056422
-0.079779
-0.03585
0.049273
0.11734
0.12742
0.10603
0.081261
0.045262
-0.0033788
-0.051972
-0.083389
-0.091124
-0.076059
-0.044371
-0.04213
-0.086516
-0.13851
-0.15809
-0.11187
-0.021276
0.053735
0.076358
0.050035
0.023526
0.026897
0.042027
0.033633
0.011149
-0.0061494
-0.016592
-0.018678
-0.02539
-0.034672
-0.039213
-0.044705
-0.050234
-0.049788
-0.05519
-0.092691
-0.15025
-0.19137
-0.19886
-0.17127
-0.099146
-0.0053162
0.058616
0.07668
0.052407
0.014013
-0.0041928
-0.009643
-0.0068854
0.011376
0.025938
0.031921
0.044326
0.065046
0.090511
0.092445
0.067795
0.056677
0.049373
0.10884
0.23448
0.25851
0.14531
0.023234
-0.033895
-0.030748
-0.00842
0.0073022
0.017374
0.032542
0.03106
0.019053
0.01787
0.0026548
-0.030519
-0.012296
0.058502
0.09068
0.069861
0.027551
-0.042205
-0.12113
-0.14953
-0.10629
-0.030358
0.02769
0.052973
0.057585
0.042059
-0.045284
-0.17118
-0.18768
-0.11218
-0.04102
0.0056235
0.02765
0.010464
-0.038056
-0.081771
-0.11607
-0.11544
-0.056259
0.025201
0.088739
0.11899
0.11573
0.10276
0.10712
0.11541
0.096005
0.064415
0.042558
0.023165
0.016095
0.018017
0.0072201
-0.0011489
0.0014981
-0.0052496
-0.0020751
0.001941
-0.036816
-0.091347
-0.1338
-0.1477
-0.11126
-0.040833
0.036852
0.087929
0.099658
0.082565
0.053163
0.012971
-0.024678
-0.032439
0.030122
0.12657
0.13689
0.083103
0.049246
0.033793
0.010059
-0.023823
-0.047318
-0.036978
0.016967
0.07259
0.075389
0.030571
-0.02442
-0.057934
-0.057607
-0.047204
-0.041852
-0.037185
-0.034191
-0.032325
-0.034873
-0.03423
-0.050614
-0.087405
-0.061125
0.017206
0.032906
-0.0068566
-0.03469
-0.068606
-0.11554
-0.14338
-0.12015
-0.043647
0.040008
0.065911
0.047053
0.033389
0.022608
0.0013973
-0.028627
-0.0652
-0.086576
-0.080791
-0.05902
-0.059683
-0.092531
-0.095244
-0.08695
-0.056598
0.019276
0.10956
0.17917
0.19474
0.1661
0.15046
0.15906
0.16008
0.15172
0.14755
0.13399
0.10875
0.084563
0.065569
0.056768
0.043267
0.01176
-0.0076379
0.018098
0.055307
0.034249
-0.035426
-0.10052
-0.13439
-0.11142
-0.045613
0.033816
0.11532
0.15007
0.12351
0.077929
0.025165
-0.018882
-0.022566
0.0028588
0.028205
0.043874
0.047166
0.058909
0.072405
0.047884
-0.015466
-0.083309
-0.096863
-0.045471
0.0013073
-0.010541
-0.054054
-0.088734
-0.10191
-0.096872
-0.09663
-0.10387
-0.10565
-0.10285
-0.097087
-0.084607
-0.073353
-0.088981
-0.11684
-0.085161
-0.02312
-0.027753
-0.067269
-0.092154
-0.1234
-0.16836
-0.19169
-0.16215
-0.077811
0.018485
0.069588
0.052939
0.013115
0.0013958
0.003488
0.0014645
-0.0066175
-0.027467
-0.048785
-0.050032
-0.039603
-0.029674
-0.020279
-0.021052
0.0088345
0.082646
0.14469
0.17436
0.19301
0.20386
0.21088
0.20936
0.20585
0.19757
0.18176
0.17382
0.16087
0.13504
0.11376
0.097745
0.070259
0.035942
0.020879
0.034957
0.059252
0.046494
-0.011972
-0.074033
-0.11096
-0.10729
-0.057398
0.030715
0.12457
0.18337
0.17051
0.10826
0.062328
0.029103
-0.0010639
-0.0052359
0.0046323
0.013351
0.023292
0.034236
0.038502
0.031702
0.016076
0.0021984
-0.060207
-0.17823
-0.20546
-0.15843
-0.14138
-0.14433
-0.13998
-0.14436
-0.16712
-0.17436
-0.15893
-0.1408
-0.12863
-0.12085
-0.11307
-0.12493
-0.14762
-0.13091
-0.094001
-0.086484
-0.092859
-0.10985
-0.14955
-0.18808
-0.20873
-0.18783
-0.104
-0.0022641
0.032721
-0.0016065
-0.050288
-0.070578
-0.052318
-0.029633
-0.019499
-0.015848
-0.013539
-0.014319
-0.028087
-0.053403
-0.029811
0.059561
0.13433
0.15622
0.16893
0.19507
0.21979
0.22158
0.21443
0.21231
0.2202
0.2293
0.22351
0.20711
0.18932
0.16599
0.13392
0.10809
0.08857
0.05911
0.03068
0.042546
0.080575
0.075715
0.039451
0.013333
0.0056867
0.030587
0.066034
0.089449
0.11247
0.11994
0.093403
0.060211
0.038568
0.020329
0.016457
0.019563
0.010031
0.0041589
0.0060415
0.003254
-0.0033941
-0.0092967
-0.010304
-0.010596
-0.087765
-0.23981
-0.28078
-0.20344
-0.13876
-0.11856
-0.122
-0.14002
-0.16429
-0.1721
-0.17483
-0.17411
-0.15905
-0.14565
-0.14018
-0.15886
-0.18457
-0.14381
-0.087334
-0.092836
-0.1174
-0.14758
-0.18469
-0.21804
-0.23101
-0.19921
-0.13323
-0.060214
-0.021997
-0.032548
-0.055007
-0.067241
-0.075569
-0.070188
-0.049088
-0.025194
-0.0082338
-0.0088124
-0.014289
-0.0040717
0.019444
0.041409
0.063993
0.090534
0.11399
0.14766
0.17699
0.16327
0.14474
0.16133
0.3353
0.60924
0.61864
0.39065
0.21458
0.13174
0.089116
0.068187
0.067518
0.06253
0.041502
0.042456
0.093956
0.12835
0.098613
0.053123
0.039912
0.052038
0.070413
0.083055
0.10643
0.12863
0.11505
0.079048
0.056602
0.046975
0.036551
0.027051
0.017639
0.0067566
0.0010953
0.002461
0.0026981
-0.0037812
-0.018806
-0.041662
-0.058294
-0.15538
-0.32984
-0.34936
-0.22706
-0.14606
-0.13736
-0.16545
-0.19472
-0.20314
-0.19174
-0.17527
-0.16842
-0.16485
-0.15992
-0.17301
-0.17173
-0.132
-0.10951
-0.12175
-0.12977
-0.15394
-0.18839
-0.19959
-0.2203
-0.22978
-0.18298
-0.10707
-0.051688
-0.039592
-0.061523
-0.087016
-0.094725
-0.079973
-0.051902
-0.030959
-0.018955
-0.0088115
0.0016121
0.017576
0.034577
0.043782
0.17694
0.39187
0.4252
0.3082
0.215
0.17892
0.20045
0.23767
0.26498
0.28916
0.29254
0.25794
0.21189
0.17197
0.13925
0.11939
0.10646
0.080481
0.04814
0.049083
0.098759
0.1458
0.13776
0.1077
0.10803
0.11453
0.10746
0.10908
0.13346
0.14854
0.12716
0.094704
0.070639
0.057053
0.045579
0.029992
0.021221
0.017328
0.012805
0.0044969
-0.0072267
-0.01869
-0.027342
-0.033883
-0.042628
-0.053778
-0.079286
-0.12938
-0.1755
-0.19243
-0.1814
-0.15756
-0.15364
-0.1659
-0.17454
-0.19016
-0.20839
-0.21443
-0.21311
-0.20229
-0.17904
-0.16916
-0.17239
-0.1779
-0.17876
-0.14935
-0.128
-0.14454
-0.16735
-0.18149
-0.18442
-0.19889
-0.21912
-0.20433
-0.16156
-0.11253
-0.085929
-0.089247
-0.098409
-0.10772
-0.10928
-0.084056
-0.048649
-0.023142
-0.0087028
0.0059161
0.042019
0.086316
0.12117
0.15685
0.19478
0.21211
0.20755
0.2087
0.19941
0.18575
0.19419
0.21378
0.23192
0.2464
0.25448
0.26599
0.26029
0.22592
0.19169
0.15696
0.127
0.12288
0.11205
0.07616
0.075886
0.12631
0.15575
0.14855
0.14313
0.14153
0.14604
0.14433
0.12787
0.12117
0.12076
0.10301
0.072731
0.054153
0.054818
0.056436
0.038187
0.0071641
-0.0090944
-0.0089329
-0.0090814
-0.014754
-0.029629
-0.046502
-0.05612
-0.065267
-0.075219
-0.08755
-0.12103
-0.16568
-0.18663
-0.18659
-0.18473
-0.18047
-0.17591
-0.18503
-0.19899
-0.20815
-0.22253
-0.23049
-0.22648
-0.21613
-0.19444
-0.17716
-0.17671
-0.17042
-0.15549
-0.16382
-0.19797
-0.21622
-0.20679
-0.19714
-0.21184
-0.22528
-0.19812
-0.14498
-0.10687
-0.10056
-0.1105
-0.1169
-0.10928
-0.09002
-0.079501
-0.072106
-0.059626
-0.051897
-0.042881
-0.020516
0.0074305
0.037461
0.077036
0.11747
0.14269
0.17981
0.22616
0.25051
0.25084
0.24337
0.22981
0.2103
0.19743
0.2089
0.22246
0.22209
0.23125
0.24338
0.2335
0.21954
0.21422
0.19864
0.1756
0.16388
0.14898
0.10608
0.072283
0.10354
0.15819
0.16353
0.15075
0.16456
0.17868
0.1555
0.11642
0.095241
0.094296
0.10238
0.10899
0.10773
0.0958
0.069519
0.036876
0.011413
-0.0060137
-0.017182
-0.023815
-0.026638
-0.028275
-0.041867
-0.063507
-0.079819
-0.095074
-0.11018
-0.13265
-0.16959
-0.19035
-0.18319
-0.17851
-0.1817
-0.17912
-0.19197
-0.21468
-0.2149
-0.20709
-0.2064
-0.20178
-0.19944
-0.19871
-0.18424
-0.1648
-0.14444
-0.13568
-0.15463
-0.17993
-0.19076
-0.18795
-0.1724
-0.16786
-0.1813
-0.17841
-0.15115
-0.13324
-0.12251
-0.12296
-0.12829
-0.12209
-0.10665
-0.088433
-0.073252
-0.053027
-0.0388
-0.041437
-0.039703
-0.01451
0.030496
0.079274
0.11441
0.1438
0.18418
0.23668
0.26756
0.25648
0.2389
0.21606
0.18362
0.17272
0.18727
0.19555
0.18847
0.19653
0.22109
0.22953
0.21891
0.20544
0.19075
0.17386
0.16308
0.14484
0.10286
0.080255
0.12219
0.18233
0.19577
0.18979
0.19651
0.20269
0.18518
0.14417
0.10952
0.095444
0.098014
0.10962
0.11407
0.10397
0.08077
0.044523
0.0057819
-0.017131
-0.02371
-0.023111
-0.023219
-0.030416
-0.045314
-0.070458
-0.093029
-0.10357
-0.12058
-0.14815
-0.16692
-0.17634
-0.18258
-0.17637
-0.16396
-0.17553
-0.20158
-0.21456
-0.22445
-0.22265
-0.20195
-0.1944
-0.19409
-0.1849
-0.18673
-0.17795
-0.1389
-0.11977
-0.14442
-0.18429
-0.21252
-0.19343
-0.14235
-0.12064
-0.13899
-0.14935
-0.1542
-0.15664
-0.14162
-0.1352
-0.14282
-0.135
-0.11188
-0.088737
-0.069393
-0.04844
-0.036201
-0.042149
-0.045384
-0.023023
0.024633
0.075391
0.11484
0.14605
0.17484
0.22248
0.26646
0.27089
0.25081
0.20802
0.15561
0.15089
0.17463
0.17716
0.16477
0.15809
0.16548
0.18997
0.20695
0.19691
0.17778
0.17195
0.17597
0.15665
0.10376
0.069159
0.1079
0.18113
0.21345
0.23037
0.25221
0.23674
0.19016
0.14159
0.10792
0.095902
0.10058
0.11471
0.11995
0.097174
0.060451
0.02969
0.0021606
-0.015209
-0.019031
-0.021917
-0.031012
-0.044153
-0.061639
-0.079654
-0.091448
-0.10552
-0.12203
-0.13747
-0.15696
-0.17141
-0.16913
-0.1685
-0.17855
-0.17638
-0.17642
-0.19004
-0.19523
-0.19675
-0.19577
-0.18639
-0.17916
-0.17361
-0.16149
-0.13469
-0.10192
-0.11158
-0.1622
-0.1979
-0.18998
-0.15325
-0.11503
-0.091867
-0.10313
-0.13836
-0.16082
-0.16377
-0.1557
-0.14363
-0.12554
-0.10885
-0.10626
-0.10987
-0.097601
-0.064227
-0.035545
-0.03058
-0.030844
-0.018678
0.016221
0.078052
0.13858
0.17564
0.19902
0.22992
0.25977
0.25936
0.24012
0.19929
0.13795
0.11061
0.12749
0.15586
0.16112
0.14049
0.13808
0.15789
0.17504
0.19089
0.1955
0.1774
0.16457
0.1612
0.13474
0.098302
0.11473
0.18033
0.22005
0.22574
0.235
0.2228
0.17782
0.12808
0.10252
0.10333
0.11212
0.11267
0.097954
0.072347
0.043958
0.020316
0.0049221
-0.0089363
-0.019331
-0.02543
-0.033032
-0.039566
-0.051461
-0.079082
-0.10412
-0.11377
-0.12697
-0.14481
-0.15028
-0.15437
-0.15913
-0.15571
-0.16164
-0.16784
-0.16776
-0.17297
-0.1691
-0.1612
-0.17765
-0.19133
-0.17064
-0.15429
-0.14671
-0.10533
-0.056139
-0.084804
-0.1669
-0.20559
-0.18797
-0.14899
-0.10157
-0.058907
-0.050852
-0.085184
-0.14213
-0.18137
-0.17679
-0.14217
-0.11068
-0.098176
-0.10129
-0.10869
-0.10137
-0.078361
-0.048787
-0.023985
-0.010166
0.00039096
0.016341
0.051703
0.11781
0.18013
0.20893
0.23444
0.24718
0.22565
0.18482
0.12867
0.080621
0.073738
0.0858
0.10264
0.1243
0.12982
0.12894
0.13754
0.13697
0.13957
0.15651
0.16343
0.15426
0.13048
0.085561
0.063229
0.10824
0.1862
0.23533
0.25175
0.25599
0.24625
0.20831
0.14343
0.093712
0.066299
0.058871
0.072128
0.083111
0.076958
0.058767
0.030348
-0.0052134
-0.036768
-0.056601
-0.054378
-0.037626
-0.036935
-0.057772
-0.089204
-0.11669
-0.12224
-0.12126
-0.12909
-0.13788
-0.14713
-0.15693
-0.1513
-0.12596
-0.11434
-0.12705
-0.14325
-0.15871
-0.16531
-0.15758
-0.14547
-0.14162
-0.14009
-0.12749
-0.092579
-0.040547
-0.059889
-0.15217
-0.19488
-0.18589
-0.15208
-0.07474
0.012531
0.040041
0.00025178
-0.078133
-0.1654
-0.19511
-0.15477
-0.12103
-0.11041
-0.10436
-0.099345
-0.083339
-0.058485
-0.033343
-0.0075601
0.016616
0.029852
0.045692
0.067207
0.082083
0.11023
0.15459
0.20636
0.22815
0.17266
0.10004
0.063984
0.043149
0.049552
0.081239
0.095049
0.080291
0.066
0.060828
0.063956
0.092083
0.13386
0.15193
0.14307
0.13168
0.12286
0.09491
0.072905
0.10828
0.18597
0.24563
0.26781
0.26339
0.23853
0.19551
0.15376
0.12681
0.095905
0.078763
0.08364
0.079836
0.071217
0.061555
0.037738
0.014988
0.0087444
0.010596
0.0062199
-0.010012
-0.030411
-0.044138
-0.050943
-0.061803
-0.077802
-0.081869
-0.068285
-0.067616
-0.086913
-0.10085
-0.093087
-0.061166
-0.034399
-0.030758
-0.040177
-0.050838
-0.049161
-0.041243
-0.034457
-0.031256
-0.032183
-0.035245
-0.034589
-0.02891
-0.024668
-0.025958
-0.041041
-0.049668
-0.037873
-0.028945
-0.027213
-0.027839
-0.032764
-0.033484
-0.03402
-0.036938
-0.030353
-0.030472
-0.044864
-0.049901
-0.038943
-0.027287
-0.024204
-0.022002
-0.016749
-0.015652
-0.014705
-0.007592
-0.0043191
-0.0045383
-0.00273
-0.0035156
-0.010272
-0.015295
-0.011918
-0.016109
-0.019076
-0.0074279
-0.0024005
-0.0082485
-0.01344
-0.015447
-0.015478
-0.014995
-0.014661
-0.015178
-0.015607
-0.015151
-0.016819
-0.019518
-0.019443
-0.017253
-0.015181
-0.01301
-0.0072441
-0.0029847
-0.0042794
-0.0057573
-0.011274
-0.017947
-0.014278
-0.0073827
-0.0048107
-0.0048227
-0.0062738
-0.0072434
-0.010043
-0.011683
-0.0097705
-0.0080756
-0.0044635
-0.0039675
-0.0072725
-0.0087448
-0.011
-0.0088048
-0.0033459
-0.0029531
-0.0070806
-0.0072353
-0.0041868
-0.0054413
-0.0057074
-0.0064235
-0.0074992
-0.00447
-0.0046786
-0.011687
-0.012745
-0.0093912
-0.010437
-0.01351
-0.020554
-0.016674
-0.000169
0.008025
0.0032665
-0.0069733
-0.013416
-0.010563
-0.0056293
-0.0059435
-0.0031729
0.0014817
0.0017947
0.00083082
0.00010448
0.0040359
0.004171
-0.0072358
-0.0086238
0.0057212
0.011675
0.0014949
-0.0047073
-0.0012453
-0.0013746
-0.0047943
-0.0078453
-0.0062782
-0.0016217
-0.0019434
-0.0028141
-0.0011345
-0.0051788
-0.010391
-0.0069415
-0.0066637
-0.011072
-0.0050261
0.0039259
0.00058924
-0.0026944
0.0018304
0.0015008
0.002224
0.0088948
0.0042137
-0.014057
-0.020609
-0.0046262
0.011621
0.010078
-0.0034548
-0.011559
-0.0096614
-0.0073436
-0.0053925
-0.0042669
-0.0087734
-0.011785
-0.0060589
-0.0026885
-0.0059695
-0.0098331
-0.0094145
4.5813e-05
0.0052516
-0.0045531
-0.01469
-0.011712
-0.0033471
-9.6815e-05
-2.6389e-05
0.00060747
0.0018211
0.001875
-0.0020944
-0.0074572
-0.004089
0.0036327
-0.00029149
-0.009763
-0.0091573
-0.0014672
0.0033311
0.0026051
-0.0060919
-0.014759
-0.015288
-0.012047
-0.0073829
-0.0064793
-0.0061035
-0.006677
-0.010775
-0.0085669
-0.0024331
-6.8059e-05
-0.0036478
-0.00967
-0.0085915
-0.0049049
-0.0038895
0.00020249
0.0069081
0.011828
0.0035275
-0.0089811
-0.002102
0.0098121
0.0085891
0.0032877
0.0014445
0.00035495
-0.0015317
-0.0049592
-0.005378
0.001269
0.0024628
-0.001445
0.001187
0.00090646
-0.0033222
-1.7448e-05
0.00023297
-0.0034674
-0.0023859
-0.0043551
-0.0053559
-0.0019014
7.553e-05
0.0005305
0.0033724
0.0093886
0.0080915
0.0045118
0.0098303
0.0090965
0.0014394
0.0014462
0.007015
0.0094305
0.0023621
-0.0022376
0.0037295
0.0040544
-0.00087172
-0.0016079
-0.0057079
-0.0082672
-0.0035191
0.00031826
0.002703
0.0033344
0.0015544
-0.0026228
-0.0071719
-0.007152
-0.0016136
0.0065463
0.0084398
0.004602
0.0021397
0.00086483
-0.00055
-0.0054089
-0.0071317
0.00081053
0.0059855
0.0038124
0.00045807
-0.00065466
0.00062426
0.0011733
0.00062978
-0.00046267
-0.0016473
-0.0009885
-0.0027169
-0.0082819
-0.008521
-0.010071
-0.011624
-0.0036518
-0.00096843
-0.0064388
-0.010199
-0.008281
-0.0035711
-0.0030907
-0.0025509
0.0020793
0.0040052
-0.00084886
-0.00495
-0.0062222
-0.0054399
0.002633
0.0084464
0.0030699
-0.0031792
-0.0031744
-0.0032054
-0.00076526
0.005284
0.0053552
0.001675
-0.00022763
0.00024198
0.0016226
0.0013808
-0.00030072
0.00089886
0.0035306
0.00034162
-0.0026945
-0.00049131
-0.00023448
-0.0022541
-0.0022717
-0.00013742
0.0012994
0.00090669
0.001099
0.00050872
-0.0015731
-0.001184
0.00042107
-0.00023731
-0.00026557
0.0043658
0.0095088
0.005922
0.00018551
0.0016576
0.0061192
0.0065371
0.0042434
0.0031824
0.00082721
0.0025997
0.0046218
-0.0018042
-0.0060462
-0.0058138
-0.0082509
-0.0077456
-0.0041844
-0.00029268
0.001349
0.0035024
0.011564
0.010556
0.0019519
-0.0007743
-0.00043099
-9.4676e-05
-0.0021668
-0.0042232
-0.0006545
0.005627
0.0067342
0.00088663
-0.0033168
-0.00081645
0.0025022
0.00025122
-0.0048943
-0.0023845
0.0022247
-0.0010763
-0.0038746
-0.00011479
0.002228
-0.0021595
-0.0016987
-0.00059634
-0.0089747
-0.012348
-0.0065997
0.00090227
0.0070715
0.0076785
0.0041525
-0.001801
-0.0056941
0.0020228
0.0087625
0.0042674
-0.0026693
-0.0098888
-0.0085377
0.0037766
0.0094872
0.0028337
-0.0030702
-0.0049966
-0.0047934
-0.0019594
-0.0023244
-0.0010649
0.0043096
0.0053769
0.00030367
-0.0055956
-0.0060533
-0.0031948
0.0014129
0.00709
0.0093849
0.0067285
-0.0026448
-0.011959
-0.012521
-0.0053875
0.0024893
0.0055971
0.0064479
0.006259
0.0037007
0.0014772
0.00097771
-0.0021718
-0.0070697
-0.0067644
-0.0053039
-0.002177
0.0046541
0.0039991
0.0029816
0.0072581
0.0066822
0.0037867
0.0042135
0.0040996
0.0016866
9.7357e-05
-0.0025872
-0.0039891
-0.0020232
-0.00035127
0.0028343
0.0045499
0.0020046
0.0024228
0.0014527
-0.0021938
5.7318e-05
0.00059434
-0.0040719
-0.0045413
-0.0014499
0.0018295
0.0032544
-0.00050766
-0.0028208
-0.004905
-0.0068558
-0.00022506
0.0052879
0.0036053
0.0042038
0.0013199
-0.0070036
-0.0081502
-0.0037006
0.0032842
0.004293
-0.00050958
0.0033666
0.0060288
-0.0039288
-0.012653
-0.0063261
0.0014891
0.0036577
0.0092039
0.0067328
-0.0049351
-0.011267
-0.0063147
0.001145
-0.00017777
-0.0029473
-0.0031107
1.5831e-05
0.0070499
0.0084441
0.0038883
0.00047872
-0.0031956
-0.0048
-0.0024145
-0.00040911
-0.0033862
-0.0058895
0.0031559
0.0098578
0.0058185
0.0036535
0.00069568
-0.011482
-0.013841
0.0029579
0.0097643
-0.0010117
-0.0049011
0.00068988
0.00036744
7.3455e-05
0.0012866
0.0024486
0.0078482
0.0030428
-0.0077966
-0.0097258
-0.0032324
0.006534
0.0089267
0.0055436
0.0063985
0.006623
0.0028294
0.0002272
-0.00056169
0.0020874
0.001542
-0.0020124
-0.001739
-0.0031787
-0.0042129
-0.0020248
0.0022222
0.0070364
0.006677
0.0027048
0.00013056
-0.0031098
-0.0071485
-0.0065254
-0.0025748
0.0024311
0.0052693
0.0034244
0.0029843
0.00064144
-0.0053427
-0.0062569
0.0019021
0.010118
0.0065715
-0.00038889
-0.0044284
-0.0053786
-0.0033273
-0.0017109
0.0030325
0.0033018
-0.0010546
0.00096422
0.00091278
-0.0046378
-0.0033412
0.003932
0.0059829
0.00052081
-0.0036608
-0.0038294
-0.0054872
-0.0015516
0.0066697
0.0074542
0.0033195
0.00034644
-0.0043499
-0.0067505
0.0003121
