1.3589e-05
8.3455e-05
3.6737e-05
-0.00010622
-0.00023245
-0.00010182
0.00017631
0.00020445
8.8097e-05
2.7367e-05
-0.0010275
-0.0017194
0.00011093
0.0015138
0.0010058
0.00032806
0.0044953
0.0074124
-0.00069793
-0.0023626
0.0075955
0.0056938
-0.0025981
0.0012356
0.0013911
-0.0082911
-0.010327
-0.0013406
0.0052028
0.0048591
0.0075008
0.0083062
-0.00085796
-0.011681
-0.012102
-0.00069205
0.0070725
0.00041792
-0.0060065
-0.0041359
0.0032429
0.012224
0.011915
0.00044569
-0.007205
-0.0059953
-0.0042417
-0.002335
0.0005071
0.0029611
0.0018829
0.0039902
0.0021457
-0.0041094
0.002247
0.0080898
-0.00064663
-0.0079827
-0.00069136
0.00054478
-0.0049679
-0.0024655
0.0015851
0.0061632
0.0062518
-0.0018342
-0.0063067
0.00073371
0.0065634
0.0032132
-0.00045709
-0.00011077
0.0010209
-0.00034245
-0.0005122
0.0018311
-0.0031207
-0.0090947
-0.0064027
-0.0020895
0.0048305
0.0093864
0.0060595
0.00066531
-0.001082
0.00011142
0.00034785
0.0012108
0.00072475
-0.00082475
0.00026925
0.00038877
-0.0063204
-0.014349
-0.0080101
0.0082849
0.014066
0.0083258
0.0010323
-0.0034195
-0.0035323
-0.0014774
0.00087592
0.0029719
0.0028075
9.9879e-05
-0.0017304
-0.0012138
-0.00026596
0.0011888
-0.0026614
-0.0065875
-0.0047801
-0.0025536
-0.00045224
0.00034406
0.0047887
0.0076004
-0.00060797
-0.0068296
0.001079
0.002447
-0.0041378
0.0021136
0.0069646
0.002129
-0.0013039
-0.0048597
-0.0054158
0.0020617
0.0062472
0.0036423
0.00083812
-0.0003271
-0.0059129
-0.0084143
0.0023582
0.0082372
0.0028916
-0.004668
-0.011861
-0.0077603
0.0068244
0.01205
0.0053546
-0.00048332
-0.0017062
-0.0010223
-0.00025601
8.6271e-05
-0.0033744
-0.004777
0.0031854
0.0068438
0.0017148
-0.0015509
-0.0059127
-0.012587
-0.0069501
0.0029822
0.0047259
0.0089058
0.0092541
0.001982
-0.0020435
-0.0019017
-0.0006304
0.0011256
0.0028595
0.002641
0.0011156
8.222e-05
-0.0012645
-0.0028806
-0.0026522
-0.0010864
-5.9692e-05
0.00026736
0.00016262
-0.0035531
-0.0058607
0.00056259
0.0053188
0.004398
0.002615
0.00064476
-0.00012084
-0.00010178
-7.4354e-05
-0.0011399
-0.0017842
-0.00091074
-0.00016104
0.00012207
0.00012225
5.1378e-05
3.5942e-06
-0.0035071
-0.0058059
0.00052053
0.0052382
0.003311
0.00090016
-0.00019497
-0.00032295
-0.00020303
-5.4761e-05
8.565e-05
7.2312e-05
-4.6322e-05
-8.478e-05
-4.5316e-05
2.7247e-05
6.6336e-05
3.7383e-05
0.0045523
0.0075845
-0.00058337
-0.0068305
-0.0044497
-0.0013167
0.00016753
0.0004096
0.00026746
0.00011055
6.817e-06
-2.3425e-05
2.1241e-05
5.7975e-05
-4.5262e-06
-1.7797e-05
2.7757e-05
-1.5531e-05
-5.6447e-05
-3.3849e-05
-8.5462e-06
4.2105e-05
0.00011063
6.256e-05
-6.3624e-05
-5.9118e-05
1.5957e-05
-1.3688e-05
-5.3562e-05
7.7597e-06
5.9993e-05
3.8586e-05
1.0605e-05
-2.6091e-06
3.6581e-05
-5.1208e-05
-0.00023905
-0.00014726
7.413e-05
0.00012212
6.3191e-05
1.1743e-05
3.3339e-05
6.1978e-05
-9.1332e-06
-2.1744e-05
3.0092e-05
-1.678e-05
-6.1423e-05
-0.00011634
-0.00014219
5.6703e-05
0.00011855
-0.0010206
-0.00164
0.00019837
0.0015077
0.0009615
-0.00074073
-0.0017451
0.004573
0.013563
0.00795
-0.0070522
-0.012202
-0.0074564
-0.0019716
-0.00044512
0.00015801
0.0066863
0.0135
0.0099368
0.0056684
0.0071605
0.0094275
0.016077
0.023397
0.029142
0.034608
0.041388
0.052526
0.056248
0.096847
0.17318
0.17714
0.12925
0.10968
0.10768
0.10683
0.10766
0.11102
0.12021
0.13034
0.13409
0.13317
0.13641
0.14378
0.14845
0.14479
0.13238
0.12742
0.12809
0.11325
0.083475
0.069528
0.096265
0.1323
0.14957
0.15667
0.21341
0.29204
0.22721
0.091632
0.024993
-0.0050136
-0.024734
-0.031911
-0.029939
-0.028191
-0.029668
-0.03112
-0.028296
-0.031317
-0.046187
-0.068055
-0.0795
-0.07961
-0.084772
-0.090514
-0.10147
-0.13979
-0.17484
-0.19013
-0.20722
-0.22895
-0.2412
-0.25218
-0.25969
-0.25658
-0.26983
-0.28699
-0.27303
-0.25679
-0.24705
-0.22951
-0.21558
-0.18882
-0.13554
-0.10775
-0.15338
-0.217
-0.2432
-0.24447
-0.22434
-0.19182
-0.17006
-0.15287
-0.13859
-0.14107
-0.14683
-0.13546
-0.11169
-0.093997
-0.087707
-0.06238
-0.020792
0.009066
0.029709
0.046647
0.055286
0.06601
0.095415
0.12278
0.14462
0.17223
0.18732
0.20436
0.24446
0.27591
0.27414
0.24475
0.20736
0.18808
0.21141
0.23539
0.21299
0.17559
0.15928
0.16228
0.1557
0.1282
0.15988
0.24864
0.26229
0.21071
0.1916
0.18723
0.13244
0.046864
-0.016016
-0.026886
0.010118
0.070814
0.11472
0.10796
0.068103
0.016928
-0.025506
-0.038007
-0.022241
-0.0013045
0.012469
0.013149
0.0094321
0.0069257
-0.015949
-0.063304
-0.12223
-0.16598
-0.19946
-0.21672
-0.22383
-0.2264
-0.21609
-0.21016
-0.21754
-0.23114
-0.25276
-0.26388
-0.25239
-0.23553
-0.20411
-0.16448
-0.22769
-0.35753
-0.35877
-0.25377
-0.17335
-0.14587
-0.14452
-0.13714
-0.11938
-0.10357
-0.095677
-0.089358
-0.092349
-0.090838
-0.06579
-0.039456
-0.024023
-0.0095681
0.0052814
0.01294
0.018992
0.034255
0.053801
0.14863
0.31362
0.36301
0.31065
0.29484
0.31022
0.29634
0.24251
0.2016
0.21601
0.24831
0.26032
0.24665
0.22216
0.20319
0.17844
0.14517
0.11116
0.078825
0.16389
0.34697
0.38529
0.26632
0.14935
0.056388
-0.0231
-0.054766
-0.029075
0.024326
0.061916
0.070059
0.048159
0.008194
-0.019065
-0.032125
-0.031864
-0.018145
-0.0032459
0.00701
0.018217
0.016767
-0.02201
-0.086307
-0.14033
-0.18349
-0.22473
-0.24982
-0.24944
-0.23505
-0.36084
-0.58297
-0.56143
-0.34562
-0.18958
-0.13792
-0.13745
-0.13056
-0.11948
-0.12027
-0.13842
-0.15507
-0.1564
-0.1515
-0.14049
-0.13197
-0.12861
-0.11857
-0.11028
-0.1113
-0.10955
-0.10262
-0.08872
-0.0667
-0.047513
-0.036684
-0.024583
-0.0080105
0.0027501
0.0058737
0.011925
0.030197
0.05379
0.070973
0.084805
0.098956
0.12719
0.1628
0.18715
0.20509
0.23254
0.27032
0.29668
0.29113
0.25691
0.23365
0.23806
0.2467
0.25996
0.26119
0.23636
0.20191
0.16372
0.13099
0.10445
0.090714
0.10489
0.12837
0.13863
0.14202
0.14081
0.14549
0.16361
0.17209
0.14663
0.086099
0.021227
-0.009619
0.010354
0.046585
0.064607
0.052332
0.016624
-0.01072
-0.01875
-0.026128
-0.028038
-0.013229
0.0064082
0.015969
0.011545
0.0010196
-0.027531
-0.22039
-0.51707
-0.56625
-0.38593
-0.24831
-0.21237
-0.21833
-0.22256
-0.2335
-0.24457
-0.23181
-0.19904
-0.16799
-0.14956
-0.13775
-0.11961
-0.11544
-0.14092
-0.16383
-0.16495
-0.15654
-0.13784
-0.12566
-0.13138
-0.13281
-0.12826
-0.11797
-0.10486
-0.094207
-0.082503
-0.069686
-0.046604
-0.019593
-0.0090137
-0.0078965
-0.002764
0.031708
0.093207
0.12032
0.11251
0.11892
0.15108
0.18608
0.20516
0.22905
0.26558
0.27717
0.25465
0.24021
0.24741
0.25724
0.26774
0.26494
0.24019
0.21743
0.19639
0.16818
0.14611
0.13157
0.11902
0.11375
0.12462
0.13985
0.14328
0.13854
0.14182
0.15569
0.16284
0.14109
0.098481
0.060269
0.048098
0.064799
0.089757
0.068661
0.022185
-0.016813
-0.019086
-0.0036192
0.0089606
0.0097305
-0.0036201
-0.039762
-0.089329
-0.13154
-0.17185
-0.21437
-0.25447
-0.27213
-0.25822
-0.24569
-0.24509
-0.23965
-0.23866
-0.23967
-0.23487
-0.23766
-0.23083
-0.19801
-0.16552
-0.14629
-0.13476
-0.1317
-0.13611
-0.1412
-0.1508
-0.16654
-0.16776
-0.14827
-0.13891
-0.13917
-0.12638
-0.16655
-0.23572
-0.19552
-0.090716
-0.021661
0.0081368
0.013103
0.01375
0.025498
0.039116
0.052331
0.068919
0.076142
0.087775
0.12334
0.16164
0.18517
0.21033
0.25285
0.28139
0.27978
0.26058
0.23224
0.2249
0.24156
0.25929
0.26086
0.23986
0.22346
0.20665
0.17134
0.14107
0.11876
0.09801
0.091511
0.11371
0.13721
0.14339
0.21526
0.31264
0.23963
0.090291
0.036356
0.052772
0.072677
0.055993
0.015893
-0.024327
-0.046404
-0.043422
-0.026261
-0.010024
0.0012301
0.0034595
0.0036047
0.0036138
-0.031937
-0.091248
-0.13752
-0.18757
-0.23497
-0.26422
-0.26334
-0.23929
-0.2267
-0.22873
-0.22557
-0.23144
-0.25202
-0.25178
-0.22839
-0.21176
-0.19638
-0.16794
-0.14312
-0.12963
-0.11832
-0.11677
-0.13414
-0.15147
-0.1543
-0.14645
-0.13482
-0.12377
-0.12608
-0.19497
-0.27909
-0.22986
-0.10223
-0.030172
-0.010157
-0.00064549
0.011418
0.016091
0.023273
0.043456
0.057195
0.060564
0.06937
0.087348
0.12157
0.16531
0.19324
0.20822
0.23423
0.27632
0.29636
0.26706
0.23976
0.23183
0.34647
0.54336
0.50861
0.27963
0.11795
0.069647
0.079512
0.10779
0.13832
0.15109
0.14249
0.13239
0.13347
0.14665
0.1571
0.12508
0.068483
0.026008
0.010308
0.028126
0.058662
0.063282
0.044846
0.011408
-0.018776
-0.031088
-0.033649
-0.032114
-0.022729
-0.0086315
0.0044481
0.011105
0.001207
-0.16651
-0.43861
-0.50046
-0.3559
-0.23679
-0.19766
-0.2091
-0.24124
-0.26389
-0.24986
-0.22576
-0.20226
-0.1672
-0.14681
-0.142
-0.13373
-0.13185
-0.13301
-0.12943
-0.13364
-0.13734
-0.13521
-0.1333
-0.133
-0.13587
-0.13654
-0.13031
-0.12148
-0.11496
-0.10579
-0.090778
-0.067978
-0.049059
-0.042505
-0.032066
-0.017141
-0.0059944
0.0056008
0.018545
0.039605
0.061052
0.070597
0.075369
0.1686
0.35138
0.42899
0.3753
0.30079
0.24569
0.22398
0.21767
0.2303
0.25032
0.24948
0.24157
0.22485
0.19272
0.16249
0.13002
0.10319
0.094341
0.098527
0.11783
0.14622
0.16334
0.16524
0.15857
0.15237
0.16146
0.17621
0.1574
0.11601
0.087955
0.083928
0.089793
0.08763
0.076082
0.061518
0.044949
0.035149
0.021974
0.0031323
-0.0026537
0.0024049
0.0044691
-0.12006
-0.3301
-0.37297
-0.2836
-0.2269
-0.21634
-0.22649
-0.22881
-0.22119
-0.22245
-0.23377
-0.23565
-0.22147
-0.19755
-0.18241
-0.17934
-0.17237
-0.15821
-0.12563
-0.09808
-0.13535
-0.20348
-0.23447
-0.24286
-0.22985
-0.1872
-0.14434
-0.12222
-0.10862
-0.091694
-0.090171
-0.096884
-0.099065
-0.084107
-0.05109
-0.028996
-0.012469
0.0088612
0.022337
0.022645
0.019872
0.018762
0.02643
0.13413
0.3228
0.37749
0.3112
0.27111
0.25605
0.23147
0.2157
0.23081
0.24971
0.24521
0.23074
0.20893
0.18061
0.16434
0.15384
0.12887
0.10677
0.11196
0.12809
0.14703
0.15937
0.14426
0.12407
0.12189
0.1362
0.14857
0.14456
0.12538
0.10926
0.1171
0.12851
0.11616
0.093952
0.063442
0.028544
0.0069586
-0.0019688
-0.0058308
-0.0058556
-0.019399
-0.058617
-0.12807
-0.20715
-0.24653
-0.23099
-0.19657
-0.1774
-0.17883
-0.19022
-0.19681
-0.19289
-0.1818
-0.18134
-0.19548
-0.20149
-0.19555
-0.18895
-0.17594
-0.15542
-0.14569
-0.14771
-0.12264
-0.096452
-0.13404
-0.19171
-0.21756
-0.23978
-0.25278
-0.23038
-0.18558
-0.13029
-0.084392
-0.069555
-0.075027
-0.086369
-0.095875
-0.086703
-0.054209
-0.013935
0.026338
0.044981
0.042036
0.043946
0.060302
0.07924
0.090974
0.1044
0.13583
0.17052
0.19057
0.20785
0.21614
0.20522
0.20301
0.21353
0.21831
0.22098
0.21585
0.20182
0.19828
0.19179
0.1699
0.14809
0.11278
0.076224
0.0951
0.14797
0.16685
0.15602
0.13026
0.094221
0.076259
0.083308
0.10752
0.15212
0.17656
0.16487
0.15217
0.14632
0.13325
0.1133
0.087424
0.037392
-0.017343
-0.049513
-0.030941
0.008857
-0.0008486
-0.070317
-0.14651
-0.21502
-0.25369
-0.22507
-0.16911
-0.13208
-0.12159
-0.14455
-0.17389
-0.16799
-0.14148
-0.13382
-0.14577
-0.16069
-0.1728
-0.17199
-0.15189
-0.13119
-0.13366
-0.1394
-0.11445
-0.095924
-0.13045
-0.19407
-0.24284
-0.26897
-0.27776
-0.25542
-0.196
-0.12075
-0.064307
-0.096774
-0.17402
-0.1523
-0.051729
0.017331
0.037511
0.036123
0.03547
0.03668
0.044124
0.062366
0.080177
0.092821
0.10123
0.10174
0.12433
0.17097
0.19339
0.18599
0.17035
0.1605
0.15789
0.17017
0.18521
0.17838
0.16785
0.16868
0.16065
0.13649
0.12013
0.10366
0.08319
0.094288
0.1234
0.13533
0.12698
0.10079
0.066677
0.040698
0.046744
0.089954
0.14775
0.17674
0.17195
0.16219
0.15147
0.13373
0.11533
0.084398
0.043918
0.00061596
-0.036638
-0.049531
-0.045162
-0.059344
-0.088864
-0.13535
-0.20155
-0.24103
-0.209
-0.14139
-0.082912
-0.065304
-0.091486
-0.12119
-0.12377
-0.11199
-0.11224
-0.12778
-0.1355
-0.12226
-0.11353
-0.1253
-0.14122
-0.14743
-0.14667
-0.12409
-0.095472
-0.12318
-0.18557
-0.2269
-0.26022
-0.2721
-0.24503
-0.18971
-0.11147
-0.051533
-0.03523
-0.043663
-0.07006
-0.099807
-0.1064
-0.0747
-0.027494
1.6941e-05
0.0096289
0.025877
0.041588
0.038874
0.034742
0.043893
0.065549
0.0891
0.10227
0.099476
0.074826
0.059856
0.083799
0.11355
0.12245
0.12528
0.12809
0.12634
0.13103
0.14056
0.1453
0.14273
0.13221
0.12078
0.12263
0.1264
0.090625
0.045684
0.070422
0.12423
0.13861
0.13306
0.10864
0.0518
0.0091542
0.0021297
0.035384
0.11887
0.19264
0.20914
0.18543
0.13979
0.096427
0.088015
0.088164
0.068753
0.046239
0.023915
-0.0082505
-0.091208
-0.19866
-0.21796
-0.17876
-0.16466
-0.15809
-0.12483
-0.062216
-0.013645
-0.013588
-0.047525
-0.079737
-0.086678
-0.06312
-0.036805
-0.042114
-0.063094
-0.084347
-0.10442
-0.1136
-0.1208
-0.13046
-0.12742
-0.095917
-0.074521
-0.10791
-0.16606
-0.21866
-0.26972
-0.32424
-0.32547
-0.23514
-0.13097
-0.082009
-0.059862
-0.036294
-0.011083
0.0020127
0.0073381
0.017076
0.03131
0.04315
0.051996
0.062286
0.072354
0.086859
0.10433
0.10589
0.071617
0.03835
0.046478
0.072448
0.093155
0.15312
0.23878
0.23326
0.15253
0.093964
0.069903
0.06409
0.039748
0.00458
0.040519
0.10771
0.11883
0.097102
0.065933
0.026405
-0.0082659
-0.026107
-0.00082965
0.075634
0.16159
0.19699
0.17649
0.13378
0.096117
0.0735
0.060931
0.052847
0.039315
0.015119
-0.011619
-0.027665
-0.029844
-0.035795
-0.072154
-0.10504
-0.14906
-0.18817
-0.11017
0.0063618
0.024101
-0.015732
-0.035665
-0.0093721
0.029507
0.029289
-0.010554
-0.044545
-0.061931
-0.079891
-0.09791
-0.12068
-0.13198
-0.10536
-0.070079
-0.070018
-0.11474
-0.18894
-0.25332
-0.29819
-0.28148
-0.18341
-0.090252
-0.047368
-0.032344
-0.02504
-0.013878
-0.0044324
0.0055243
0.016407
0.031258
0.047786
0.057204
0.063131
0.077821
0.090465
0.091831
0.084504
0.049161
0.014764
0.020277
0.041014
0.089735
0.14026
0.12291
0.072772
0.049334
0.042561
0.0364
0.036032
0.013427
-0.024921
0.01232
0.092403
0.10166
0.078262
0.048871
-0.023739
-0.10536
-0.12405
-0.056746
0.060473
0.16065
0.19421
0.16279
0.1115
0.072622
0.059665
0.071251
0.069112
0.041181
0.0023664
-0.031985
-0.052061
-0.12239
-0.23289
-0.22503
-0.11209
-0.012479
0.051142
0.089424
0.08983
0.052508
0.015534
0.0091745
0.032004
0.05516
0.051894
0.023436
-0.012962
-0.043858
-0.062116
-0.06484
-0.071115
-0.08973
-0.084233
-0.049242
-0.037572
-0.085476
-0.16189
-0.26003
-0.30088
-0.20302
-0.062872
-0.011847
-0.0069564
0.0035677
0.0055845
-0.0061858
0.0033398
0.023047
0.02456
0.025073
0.027252
0.030004
0.045966
0.065293
0.08322
0.10145
0.098424
0.060843
0.0073373
-0.024594
-0.014884
0.008218
0.016548
0.017012
0.011934
0.001899
-0.005128
-0.0084011
-0.013421
-0.038697
-0.063523
-0.012544
0.070787
0.088263
0.061915
0.01931
-0.045133
-0.11735
-0.14229
-0.085469
0.028752
0.12815
0.15612
0.13139
0.089901
0.050798
0.029699
0.020331
0.0058454
-0.014357
-0.026239
-0.02664
-0.01288
0.0038264
0.0033103
-0.056223
-0.12624
-0.076875
0.048905
0.12068
0.12678
0.084274
0.043962
0.040324
0.065122
0.082231
0.072625
0.060876
0.054983
0.03278
-0.0047225
-0.035116
-0.049999
-0.064224
-0.074166
-0.04309
0.0013232
-0.014713
-0.08802
-0.15672
-0.16233
-0.10257
-0.025115
0.040516
0.082252
0.10043
0.096935
0.055839
0.0073782
-0.0026889
0.0031357
-0.0019188
0.001174
0.010158
0.010699
0.0067112
-0.0032752
-0.015408
-0.02083
-0.03938
-0.073549
-0.082222
-0.053463
-0.024716
-0.031839
-0.064886
-0.090356
-0.091796
-0.080249
-0.073581
-0.075026
-0.073796
-0.1228
-0.18127
-0.11921
-0.01459
0.052566
0.087485
0.07947
0.05634
0.065692
0.11485
0.1729
0.21639
0.26031
0.31221
0.36658
0.39376
0.38473
0.34961
0.32956
0.33962
0.33284
0.27897
0.19391
0.11213
0.063138
0.061408
0.051764
-0.023423
-0.11892
-0.16537
-0.13841
-0.024168
0.11627
0.15107
0.099973
0.056468
0.036249
0.037591
0.044555
0.035864
0.010592
-0.027286
-0.059594
-0.08327
-0.10056
-0.078481
-0.018439
0.014271
-0.0083866
-0.049451
-0.074811
-0.075974
-0.043579
0.010398
0.054718
0.067846
0.057842
0.046351
0.031702
0.010863
-0.0090094
-0.026108
-0.066431
-0.1381
-0.15981
-0.11904
-0.096293
-0.10686
-0.12611
-0.1491
-0.15926
-0.15598
-0.16351
-0.19391
-0.23028
-0.24899
-0.25438
-0.23534
-0.20109
-0.18435
-0.1781
-0.17084
-0.16719
-0.16606
-0.15816
-0.17844
-0.21849
-0.18867
-0.10404
-0.032515
0.019784
0.043364
0.03348
0.021991
0.04051
0.077157
0.17678
0.34426
0.4109
0.34819
0.27281
0.22671
0.22043
0.22756
0.22438
0.20232
0.16456
0.1129
0.019463
-0.0994
-0.18398
-0.21374
-0.16705
-0.034246
0.088525
0.12499
0.10694
0.066854
0.022299
-0.0035725
0.00079069
0.026913
0.048968
0.045817
0.02704
0.0098384
0.0013908
-0.0033224
-0.016498
-0.045787
-0.095377
-0.12047
-0.070543
7.9364e-05
0.015618
-0.018651
-0.048249
-0.048087
-0.014216
0.044005
0.082753
0.0903
0.07826
0.038011
-0.013971
-0.031928
-0.021717
-0.022228
-0.036233
-0.044773
-0.050591
-0.063045
-0.076504
-0.087848
-0.10184
-0.10984
-0.10523
-0.10652
-0.12877
-0.18126
-0.24401
-0.25959
-0.22453
-0.17666
-0.14116
-0.13287
-0.13987
-0.14301
-0.13172
-0.10877
-0.090536
-0.12675
-0.19034
-0.15702
-0.049639
0.027382
0.060745
0.079103
0.11282
0.12406
0.099746
0.10254
0.13298
0.14761
0.14873
0.15251
0.18218
0.24964
0.31441
0.32844
0.2897
0.27407
0.3092
0.38637
0.42467
0.26066
-0.011192
-0.17884
-0.22584
-0.1904
-0.083617
0.03195
0.087391
0.077271
0.029853
-0.010371
-0.022242
-0.0033124
0.032772
0.052871
0.047384
0.032805
0.019405
0.0072964
-0.010366
-0.039479
-0.068668
-0.081257
-0.068029
-0.020321
0.034546
0.0549
0.027
-0.020942
-0.047453
-0.027111
0.034219
0.094392
0.11522
0.10023
0.067656
0.031024
-0.0053669
-0.029568
-0.028751
-0.01826
-0.011827
-0.013579
-0.025558
-0.038175
-0.050767
-0.10384
-0.19459
-0.21178
-0.14776
-0.10771
-0.12659
-0.17512
-0.19539
-0.17505
-0.15332
-0.15237
-0.16597
-0.17048
-0.14956
-0.13135
-0.12614
-0.10797
-0.13495
-0.20361
-0.17617
-0.067374
0.014019
0.051244
0.067324
0.087297
0.10803
0.12586
0.15574
0.1792
0.18113
0.15645
0.14904
0.1972
0.27368
0.31611
0.31554
0.30703
0.30571
0.31274
0.307
0.2708
0.14514
-0.066138
-0.19371
-0.1758
-0.06798
0.049189
0.088555
0.069481
0.044292
0.0064671
-0.032358
-0.04051
-0.025285
0.0071949
0.035683
0.038813
0.024286
-0.0054593
-0.045906
-0.083739
-0.12652
-0.15179
-0.11685
-0.04701
-0.0023411
-0.0025395
-0.035293
-0.07446
-0.092684
-0.059276
0.0075522
0.05728
0.079068
0.077866
0.054506
0.020245
-0.01146
-0.023971
-0.011834
0.0022725
0.0036509
-0.0094269
-0.039921
-0.066484
-0.12997
-0.22072
-0.20667
-0.11509
-0.06917
-0.10573
-0.19306
-0.28032
-0.30492
-0.24521
-0.16081
-0.1087
-0.10776
-0.13598
-0.15876
-0.16523
-0.14991
-0.11154
-0.10157
-0.14749
-0.1521
-0.080878
-0.009589
0.039814
0.076793
0.10774
0.12478
0.14061
0.16733
0.17871
0.16476
0.14607
0.14471
0.18405
0.26817
0.33359
0.33116
0.2969
0.26896
0.2637
0.26938
0.25435
0.21726
0.17157
0.11241
0.014185
-0.16877
-0.32412
-0.25031
-0.067884
0.021108
0.018407
-0.013949
-0.025945
-0.0061261
0.015634
0.022464
0.020493
0.0094109
-0.0061684
-0.020261
-0.049441
-0.093968
-0.12376
-0.12965
-0.10865
-0.046963
0.0080893
0.014002
-0.019261
-0.072973
-0.10193
-0.067185
-0.001951
0.046594
0.071474
0.069968
0.048056
0.02047
-0.0052619
-0.01928
-0.020091
-0.017028
-0.023298
-0.034509
-0.039399
-0.045232
-0.096895
-0.18313
-0.18107
-0.11051
-0.077883
-0.10001
-0.16283
-0.22446
-0.24377
-0.21361
-0.16921
-0.1467
-0.13647
-0.12448
-0.10747
-0.088969
-0.07578
-0.070666
-0.1198
-0.19518
-0.16033
-0.057779
0.0064913
0.055
0.097626
0.12631
0.15244
0.16153
0.16834
0.18061
0.17369
0.15663
0.16273
0.21763
0.29625
0.33773
0.33093
0.31024
0.29656
0.29139
0.29373
0.28097
0.22706
0.14962
0.063855
-0.039578
-0.19248
-0.30545
-0.22269
-0.053416
0.016542
0.0034302
-0.022148
-0.021727
-0.00847
-0.0018834
0.0096957
0.019907
0.010984
-0.019321
-0.060294
-0.091758
-0.11659
-0.12149
-0.077512
-0.011313
0.037338
0.037748
-0.026363
-0.094591
-0.10802
-0.06649
0.0041174
0.067805
0.088547
0.07155
0.043423
0.0055492
-0.022625
-0.02024
-0.014051
-0.013759
-0.011511
-0.013479
-0.071755
-0.17383
-0.19151
-0.12767
-0.066069
-0.03687
-0.039199
-0.083781
-0.15639
-0.21567
-0.23783
-0.20214
-0.13032
-0.094061
-0.10606
-0.12393
-0.1235
-0.11138
-0.08825
-0.075464
-0.13267
-0.20114
-0.15373
-0.041863
0.02956
0.06354
0.09919
0.14224
0.16304
0.16956
0.19322
0.20915
0.19651
0.17873
0.18542
0.2277
0.27556
0.31044
0.30638
0.28524
0.29527
0.30811
0.30543
0.28418
0.22843
0.071297
-0.18282
-0.29402
-0.18199
-0.024712
0.050203
0.051021
0.017016
-0.021559
-0.04004
-0.031061
-0.012906
0.004257
0.021593
0.017773
-0.0058888
-0.025003
-0.052306
-0.090587
-0.13123
-0.15386
-0.12139
-0.048747
0.017544
0.035351
-0.0147
-0.085186
-0.11435
-0.087413
-0.018828
0.052576
0.086446
0.088639
0.071348
0.038364
0.0064693
-0.022186
-0.037343
-0.025806
-0.011119
-0.017215
-0.031396
-0.034643
-0.036788
-0.051448
-0.074144
-0.089868
-0.085674
-0.070147
-0.057542
-0.18087
-0.40308
-0.4168
-0.2463
-0.11516
-0.072567
-0.095223
-0.12
-0.11603
-0.097727
-0.084167
-0.11782
-0.17719
-0.15587
-0.058193
0.024984
0.069256
0.09225
0.12952
0.17509
0.19206
0.19592
0.20112
0.19049
0.17204
0.1784
0.24108
0.31576
0.34708
0.32856
0.29928
0.30654
0.33784
0.34053
0.30132
0.24301
0.17457
0.09746
0.0042698
-0.112
-0.20461
-0.23606
-0.21305
-0.13937
-0.052691
0.00019263
0.012703
-0.0050005
-0.038285
-0.066275
-0.059365
-0.034683
-0.023146
-0.010618
-0.00029018
-0.01679
-0.044959
-0.069305
-0.097555
-0.12177
-0.12208
-0.094947
-0.041026
0.0014861
-0.019447
-0.072413
-0.10861
-0.12289
-0.10596
-0.064513
-0.01633
0.027729
0.050626
0.039601
0.019498
0.0079161
-0.015231
-0.035451
-0.028216
-0.01624
-0.017872
-0.022706
-0.034311
-0.054286
-0.070162
-0.082009
-0.088412
-0.078525
-0.056742
-0.036998
-0.034896
-0.066159
-0.13172
-0.20945
-0.24902
-0.22569
-0.18038
-0.14392
-0.1272
-0.12819
-0.12022
-0.11162
-0.10255
-0.077321
-0.065935
-0.10352
-0.16583
-0.16591
-0.089927
-0.002126
0.063517
0.10664
0.15563
0.20216
0.22167
0.21446
0.18165
0.13737
0.11625
0.1587
0.2512
0.32733
0.35093
0.32092
0.29084
0.2827
0.28321
0.29754
0.29628
0.25556
0.19198
0.097794
-0.044796
-0.17788
-0.24165
-0.26534
-0.2423
-0.13695
-0.019644
0.031292
0.023238
-0.021981
-0.066358
-0.075304
-0.053167
-0.018787
0.0060148
0.0057928
-0.0069048
-0.024548
-0.045847
-0.061557
-0.088146
-0.13539
-0.1519
-0.10949
-0.048636
-0.002225
0.007101
-0.032117
-0.077854
-0.092661
-0.074884
-0.024324
0.039939
0.07418
0.064934
0.031506
-0.00019787
-0.016847
-0.027789
-0.030385
-0.016341
-0.0041274
-0.0083901
-0.023008
-0.081809
-0.17005
-0.17263
-0.10462
-0.053312
-0.043396
-0.080239
-0.15325
-0.19946
-0.20245
-0.18974
-0.15525
-0.10475
-0.071022
-0.064883
-0.072099
-0.084352
-0.083597
-0.072094
-0.11516
-0.18573
-0.15369
-0.043681
0.033027
0.072517
0.11288
0.15541
0.18515
0.19958
0.2074
0.19575
0.17032
0.1517
0.17637
0.25575
0.33967
0.36844
0.33774
0.297
0.3946
0.55447
0.41357
0.079915
-0.14546
-0.24259
-0.26046
-0.20905
-0.092921
0.014192
0.054036
0.045543
-0.0058485
-0.058185
-0.070169
-0.050615
-0.017166
0.0081657
0.011889
-0.007974
-0.037171
-0.058812
-0.075826
-0.098765
-0.12461
-0.12334
-0.080172
-0.034133
-0.019618
-0.03845
-0.074276
-0.099739
-0.047445
0.070033
0.10604
0.050227
-0.0013416
-0.026541
-0.027954
-0.016105
-0.012915
-0.012617
-0.013753
-0.030834
-0.05034
-0.062918
-0.074976
-0.082981
-0.084217
-0.076866
-0.048789
-0.026252
-0.042763
-0.099733
-0.16908
-0.20945
-0.21351
-0.19108
-0.14729
-0.097165
-0.078149
-0.089075
-0.092603
-0.092467
-0.094014
-0.084848
-0.096446
-0.13956
-0.13416
-0.056508
0.028586
0.20275
0.45051
0.48483
0.32035
0.18977
0.15649
0.20596
0.29893
0.36917
0.37517
0.32513
0.29011
0.30058
0.31358
0.29124
0.23428
0.16056
0.068922
-0.040904
-0.13409
-0.19072
-0.22918
-0.23236
-0.16389
-0.068372
-0.0094348
0.0081831
-0.015013
-0.054829
-0.075568
-0.073051
-0.049489
-0.027725
-0.024918
-0.024922
-0.023855
-0.03971
-0.071349
-0.098549
-0.11715
-0.12694
-0.11341
-0.072958
-0.03101
-0.033267
-0.082428
-0.1263
-0.12523
-0.084875
-0.030981
0.011797
0.038899
0.035775
0.0014881
-0.019947
-0.01218
-0.0063037
-0.016085
-0.030823
-0.047267
-0.06251
-0.071096
-0.068875
-0.068457
-0.062864
-0.038267
-0.019881
-0.041559
-0.098381
-0.16641
-0.21103
-0.19858
-0.15061
-0.11299
-0.08956
-0.095807
-0.11991
-0.11772
-0.097682
-0.074046
-0.050069
-0.081389
-0.15842
-0.15936
-0.071255
0.023643
0.087516
0.11853
0.13911
0.16737
0.20587
0.23317
0.33224
0.5412
0.59337
0.46953
0.33732
0.27088
0.26444
0.28434
0.28812
0.23708
0.1535
0.067077
-0.03727
-0.14746
-0.22407
-0.26162
-0.23576
-0.14378
-0.049129
0.0041152
0.01073
-0.032674
-0.08097
-0.09121
-0.066622
-0.041534
-0.032586
-0.02595
-0.02778
-0.040855
-0.055018
-0.06957
-0.098499
-0.13057
-0.13477
-0.10695
-0.055692
-0.015336
-0.021742
-0.07162
-0.11575
-0.10061
-0.039987
0.0032901
0.015737
0.0059404
-0.015364
-0.028471
-0.027956
-0.020821
-0.01854
-0.02841
-0.040181
-0.047333
-0.060971
-0.076523
-0.076279
-0.064426
-0.049052
-0.037688
-0.03792
-0.042805
-0.07352
-0.1434
-0.1969
-0.19745
-0.17248
-0.13587
-0.098962
-0.081968
-0.070463
-0.063065
-0.063315
-0.049861
-0.034475
-0.082322
-0.16174
-0.14385
-0.054334
0.021964
0.087538
0.14177
0.30336
0.51467
0.48754
0.33057
0.27848
0.30653
0.34118
0.33898
0.33211
0.33601
0.33261
0.31875
0.26899
0.19013
0.11943
0.048186
-0.044089
-0.13973
-0.20527
-0.24423
-0.2406
-0.16463
-0.071814
-0.020886
-0.010773
-0.033797
-0.064654
-0.077487
-0.06859
-0.054755
-0.083388
-0.15447
-0.18851
-0.1801
-0.15512
-0.097706
-0.038729
-0.020352
-0.045983
-0.10718
-0.1774
-0.21737
-0.22189
-0.19173
-0.11874
-0.033656
0.014397
0.015274
-0.027298
-0.087504
-0.12376
-0.13358
-0.12572
-0.10472
-0.075538
-0.050361
-0.046408
-0.063771
-0.074958
-0.063149
-0.039865
-0.019231
-0.026115
0.018775
0.17811
0.28183
0.26561
0.2105
0.16319
0.12778
0.10896
0.11605
0.12927
0.13022
0.12281
0.09737
0.066141
0.074764
0.11507
0.1534
0.18208
0.18615
0.14607
0.094859
0.075577
0.11643
0.19609
0.24098
0.20955
0.15337
0.11216
0.079794
0.060922
0.05609
0.044832
0.019261
-0.0085276
-0.021583
-0.023554
-0.043748
-0.062213
-0.071616
-0.11367
-0.18435
-0.25605
-0.30416
-0.2801
-0.16085
-0.023915
0.038879
0.0094998
-0.071608
-0.11214
-0.09774
-0.073018
-0.059461
-0.062837
-0.077339
-0.093354
-0.12196
-0.15747
-0.15354
-0.12257
-0.10394
-0.11289
-0.15977
-0.21512
-0.23724
-0.20967
-0.15068
-0.082063
-0.020746
-0.0097324
-0.051223
-0.097741
-0.11963
-0.11116
-0.084068
-0.062279
-0.056398
-0.055224
-0.053469
-0.050928
-0.045738
-0.035802
-0.015927
4.3978e-05
0.0013539
0.022435
0.10057
0.19176
0.22575
0.20001
0.17656
0.1745
0.17222
0.17525
0.17708
0.16447
0.14239
0.12335
0.1116
0.10753
0.12283
0.14921
0.15438
0.13721
0.11067
0.077861
0.053315
0.069286
0.13182
0.18045
0.16783
0.11616
0.081171
0.07853
0.083933
0.077435
0.043906
0.0039749
-0.014043
-0.01782
-0.021977
-0.037489
-0.054217
-0.06536
-0.096636
-0.15082
-0.211
-0.25959
-0.28684
-0.26912
-0.18249
-0.095939
-0.093428
-0.11252
-0.099667
-0.089624
-0.084776
-0.085101
-0.10312
-0.12222
-0.12495
-0.12509
-0.13353
-0.1439
-0.14286
-0.12308
-0.12534
-0.147
-0.1472
-0.16216
-0.21636
-0.25908
-0.25636
-0.21789
-0.15128
-0.074163
-0.043922
-0.077071
-0.1168
-0.12424
-0.10401
-0.082161
-0.069343
-0.053188
-0.048935
-0.06429
-0.064058
-0.037189
-0.010244
0.029155
0.099569
0.15512
0.19345
0.22709
0.25468
0.27291
0.27081
0.2665
0.26731
0.25678
0.23945
0.2297
0.22176
0.20924
0.1989
0.17242
0.13535
0.13237
0.17469
0.23997
0.27127
0.24159
0.17842
0.13218
0.15025
0.22098
0.24726
0.20154
0.14423
0.11014
0.10409
0.10152
0.08628
0.030252
-0.057124
-0.091617
-0.070777
-0.061608
-0.11137
-0.2007
-0.26984
-0.29235
-0.25615
-0.17528
-0.099218
-0.064922
-0.070622
-0.091141
-0.10114
-0.11276
-0.13222
-0.12599
-0.11462
-0.13756
-0.15563
-0.14007
-0.12806
-0.13254
-0.14121
-0.1565
-0.15515
-0.13333
-0.13107
-0.1352
-0.12901
-0.15068
-0.20042
-0.23372
-0.22729
-0.18352
-0.123
-0.075641
-0.062156
-0.078143
-0.10313
-0.1161
-0.10701
-0.085353
-0.066233
-0.07111
-0.079752
-0.043126
0.0078094
0.032649
0.045575
0.049164
0.033917
0.033057
0.086552
0.16136
0.21892
0.26371
0.28814
0.28504
0.2717
0.26147
0.24863
0.232
0.22263
0.21956
0.20877
0.18998
0.16591
0.14417
0.15121
0.18496
0.21704
0.22951
0.21984
0.17907
0.13418
0.14254
0.18828
0.20545
0.17483
0.13165
0.1104
0.10739
0.10747
0.091009
0.055398
0.014554
-0.051282
-0.1258
-0.13758
-0.11792
-0.14644
-0.22397
-0.2838
-0.26923
-0.202
-0.13805
-0.11011
-0.12109
-0.14392
-0.15604
-0.15845
-0.15204
-0.15154
-0.17253
-0.18578
-0.1714
-0.1568
-0.14872
-0.13807
-0.13925
-0.14396
-0.13484
-0.131
-0.1505
-0.17058
-0.17056
-0.17072
-0.19281
-0.22657
-0.2343
-0.20264
-0.15868
-0.12077
-0.10714
-0.11797
-0.12712
-0.12324
-0.10567
-0.073619
-0.052583
-0.047007
-0.037787
-0.030166
-0.022905
0.011777
0.072519
0.096362
0.077219
0.063614
0.10419
0.17509
0.22316
0.25816
0.27314
0.26663
0.27335
0.27558
0.25535
0.2394
0.22929
0.22324
0.22711
0.21987
0.18304
0.13917
0.13138
0.16191
0.20685
0.23079
0.20986
0.16289
0.14268
0.17162
0.21685
0.22055
0.17711
0.13056
0.09849
0.090415
0.10645
0.10869
0.085114
0.050223
0.0095993
-0.029351
-0.049608
-0.05014
-0.044411
-0.04425
-0.04541
-0.057072
-0.10483
-0.18339
-0.25563
-0.27789
-0.24515
-0.18505
-0.14832
-0.16558
-0.19854
-0.20595
-0.18435
-0.16018
-0.16461
-0.19376
-0.22297
-0.22648
-0.19858
-0.16406
-0.14156
-0.13155
-0.1287
-0.11695
-0.10635
-0.13182
-0.16783
-0.16856
-0.16855
-0.19244
-0.21196
-0.21571
-0.19873
-0.1595
-0.12859
-0.11112
-0.10565
-0.10939
-0.097495
-0.073152
-0.054252
-0.038087
-0.028428
-0.024369
-0.018378
-0.010596
0.0083556
0.034717
0.052506
0.064482
0.079156
0.086215
0.087518
0.11023
0.15627
0.19197
0.21305
0.23781
0.2528
0.25681
0.40351
0.63064
0.59168
0.35479
0.19108
0.12503
0.11432
0.13612
0.17246
0.19417
0.19112
0.17703
0.16271
0.17762
0.22286
0.22699
0.17704
0.11715
0.081315
0.089171
0.11336
0.10838
0.072047
0.036004
0.010808
-0.012991
-0.027126
-0.025429
-0.018344
-0.014815
-0.0087147
-0.0075401
-0.040867
-0.10926
-0.19253
-0.39783
-0.61487
-0.55642
-0.33377
-0.19907
-0.17836
-0.21401
-0.24377
-0.23678
-0.19392
-0.14896
-0.12727
-0.12977
-0.13585
-0.11311
-0.087334
-0.11212
-0.15169
-0.16324
-0.17009
-0.17787
-0.18483
-0.19014
-0.17816
-0.15599
-0.13708
-0.11347
-0.095779
-0.089568
-0.077327
-0.059115
-0.040534
-0.022205
-0.012607
-0.011942
-0.011592
-0.0010174
0.021035
0.04709
0.12096
0.24813
0.29229
0.24363
0.19553
0.19578
0.24245
0.27715
0.27193
0.25471
0.24263
0.22787
0.21182
0.19725
0.18782
0.18249
0.16525
0.12604
0.09324
0.10513
0.25373
0.45513
0.4557
0.29719
0.15723
0.074026
0.061351
0.082076
0.1053
0.10508
0.068991
0.023231
-0.0028437
-0.0090713
-0.0079742
-0.0060461
-0.0022538
-0.0086328
-0.020106
-0.014798
-0.015179
-0.060836
-0.15141
-0.23161
-0.37667
-0.54709
-0.5071
-0.31332
-0.18823
-0.17346
-0.23279
-0.28747
-0.27093
-0.2079
-0.15622
-0.12308
-0.1053
-0.094
-0.074553
-0.069446
-0.10342
-0.15232
-0.17249
-0.15791
-0.14542
-0.15105
-0.15812
-0.14779
-0.12876
-0.12567
-0.12108
-0.10008
-0.078663
-0.059112
-0.038929
-0.015759
-0.0010024
-0.0021102
-0.0068782
-0.0037339
0.0080031
0.027941
0.12158
0.27165
0.30497
0.23433
0.17541
0.15259
0.17096
0.21883
0.24567
0.23865
0.23317
0.22841
0.21528
0.19307
0.17241
0.16351
0.14948
0.12764
0.10008
0.080769
0.09985
0.14368
0.15682
0.14878
0.14809
0.15817
0.21346
0.3002
0.25971
0.14578
0.065019
0.0306
0.015612
0.00021387
-0.011075
-0.0094414
0.0029061
0.015338
0.021193
0.022518
0.023153
0.018769
-0.0030929
-0.073146
-0.17198
-0.2321
-0.23646
-0.36346
-0.58634
-0.58433
-0.40316
-0.27812
-0.22526
-0.19388
-0.1582
-0.12576
-0.10229
-0.086738
-0.069599
-0.063442
-0.093633
-0.14129
-0.16929
-0.16264
-0.14201
-0.14089
-0.14688
-0.14149
-0.13689
-0.12479
-0.10179
-0.083226
-0.068992
-0.049044
-0.019233
-0.00032399
-0.0012656
-0.0020226
0.0020654
0.006236
0.059555
0.16827
0.22831
0.2247
0.19351
0.1502
0.12618
0.13648
0.16593
0.19055
0.20958
0.22205
0.21731
0.20673
0.19404
0.17084
0.15116
0.1432
0.13259
0.11511
0.097788
0.078343
0.15389
0.31733
0.35852
0.27003
0.17406
0.091335
0.051792
0.050487
0.055218
0.058404
0.047012
0.020132
0.0017872
0.0023941
0.013589
0.016882
0.013577
0.017587
0.024582
0.033611
0.035337
0.027481
0.01775
-0.018882
-0.25616
-0.59125
-0.60994
-0.37801
-0.22777
-0.20525
-0.22533
-0.23836
-0.23522
-0.20385
-0.1656
-0.13682
-0.10843
-0.085827
-0.061925
-0.048837
-0.0906
-0.15969
-0.18952
-0.18481
-0.16873
-0.15567
-0.16049
-0.15822
-0.14745
-0.15766
-0.1554
-0.12759
-0.10286
-0.07213
-0.040554
-0.024241
-0.016467
-0.0031684
0.01483
0.02311
0.024289
0.03458
0.052171
0.15008
0.31903
0.36337
0.29822
0.27931
0.29817
0.30695
0.30048
0.29052
0.29052
0.28329
0.26104
0.25133
0.24562
0.2272
0.19308
0.17181
0.17577
0.15238
0.11612
0.10618
0.10855
0.11078
0.10508
0.10289
0.12282
0.13575
0.098221
0.027083
-0.035493
-0.065282
-0.055921
-0.036961
-0.032917
-0.047918
-0.078142
-0.10121
-0.11524
-0.12867
-0.13615
-0.10765
-0.055922
-0.034208
-0.06378
-0.11685
-0.18139
-0.23797
-0.258
-0.24675
-0.22645
-0.20924
-0.21768
-0.23958
-0.24677
-0.23865
-0.21854
-0.17706
-0.12818
-0.1078
-0.10492
-0.089971
-0.067888
-0.058684
-0.089549
-0.1435
-0.16
-0.12721
-0.092362
-0.084755
-0.094314
-0.11496
-0.14348
-0.15208
-0.13682
-0.11589
-0.095506
-0.070571
-0.034937
-0.0029961
0.011899
0.026369
0.054703
0.079902
0.082842
0.072986
0.079713
0.12146
0.18642
0.21729
0.20897
0.22777
0.26501
0.28938
0.30075
0.29206
0.27305
0.26399
0.27122
0.28106
0.26822
0.24341
0.21685
0.18595
0.17456
0.17467
0.14765
0.10932
0.098598
0.1029
0.10106
0.12314
0.14707
0.086458
-0.0065745
-0.047828
-0.055874
-0.073418
-0.086599
-0.091822
-0.11865
-0.14138
-0.13083
-0.1026
-0.068632
-0.042526
-0.026414
-0.010147
0.0097595
0.028135
0.011598
-0.050493
-0.1194
-0.17718
-0.2277
-0.26004
-0.2615
-0.24062
-0.219
-0.21312
-0.21181
-0.20735
-0.20554
-0.20192
-0.18124
-0.14669
-0.11332
-0.092155
-0.080482
-0.063399
-0.063203
-0.10054
-0.1375
-0.13801
-0.12485
-0.1205
-0.12059
-0.12884
-0.13102
-0.12696
-0.12882
-0.1224
-0.10389
-0.083081
-0.065466
-0.048383
-0.029621
-0.013604
-0.0007484
0.011754
0.074035
0.18211
0.21981
0.19215
0.18014
0.19493
0.24271
0.32434
0.3959
0.41986
0.37219
0.27472
0.22305
0.23717
0.27396
0.30377
0.3035
0.28243
0.25096
0.28315
0.35725
0.30943
0.18611
0.10599
0.069856
0.073716
0.076036
0.03923
-0.023713
-0.077505
-0.095636
-0.078187
-0.057404
-0.059163
-0.075716
-0.092955
-0.10969
-0.13087
-0.14079
-0.1207
-0.08556
-0.059943
-0.043373
-0.012687
0.029216
0.044555
0.016662
-0.042712
-0.25882
-0.54948
-0.56508
-0.3666
-0.23516
-0.1937
-0.18632
-0.18865
-0.17421
-0.1358
-0.11156
-0.10263
-0.073565
-0.036868
-0.04192
-0.098831
-0.15231
-0.16291
-0.13496
-0.10124
-0.091028
-0.0948
-0.10434
-0.12385
-0.13769
-0.13438
-0.11743
-0.094246
-0.070867
-0.043042
-0.0078646
0.017648
0.020515
0.01689
0.065259
0.15816
0.19688
0.18877
0.19053
0.19835
0.22149
0.2545
0.29862
0.33985
0.34299
0.30176
0.2542
0.25557
0.28374
0.29053
0.29046
0.27845
0.23732
0.18991
0.23388
0.33581
0.30331
0.16308
0.080668
0.075084
0.084882
0.054169
-0.013125
-0.07179
-0.08549
-0.060783
-0.040902
-0.046573
-0.058955
-0.076358
-0.11379
-0.14589
-0.14418
-0.1155
-0.077924
-0.046535
-0.022907
-0.0010592
0.020078
0.028853
0.0094347
-0.05177
-0.13754
-0.20339
-0.22824
-0.23841
-0.23516
-0.2149
-0.20564
-0.21484
-0.32833
-0.4884
-0.42485
-0.20754
-0.073149
-0.046796
-0.070693
-0.10684
-0.13371
-0.13161
-0.11236
-0.10351
-0.11416
-0.13278
-0.13656
-0.12492
-0.11686
-0.11289
-0.099724
-0.082673
-0.066206
-0.042368
-0.013557
0.0045314
0.0062424
0.0088245
0.023591
0.044421
0.058976
0.066373
0.17099
0.3741
0.44327
0.38218
0.34999
0.33747
0.28948
0.23227
0.22101
0.23697
0.26069
0.29228
0.29897
0.27448
0.24479
0.21381
0.18312
0.15299
0.10659
0.068698
0.072617
0.1003
0.11221
0.10082
0.093657
0.10892
0.1109
0.049893
-0.045488
-0.1025
-0.10135
-0.079254
-0.060192
-0.050078
-0.055764
-0.082927
-0.12457
-0.15533
-0.15549
-0.12196
-0.076629
-0.05388
-0.039013
-0.0060892
0.0209
0.022431
0.0072064
-0.036952
-0.11102
-0.18448
-0.24307
-0.26924
-0.2516
-0.22886
-0.21821
-0.20783
-0.20629
-0.20699
-0.19908
-0.19752
-0.18376
-0.14021
-0.10275
-0.093071
-0.091145
-0.080626
-0.07936
-0.10466
-0.13608
-0.14313
-0.1256
-0.10941
-0.1055
-0.1017
-0.10177
-0.10375
-0.098576
-0.088412
-0.090848
-0.094631
-0.069821
-0.035901
-0.01364
-0.00081018
0.0026386
0.0036922
0.011293
0.03099
0.053122
0.062719
0.067477
0.089136
0.12853
0.16703
0.20095
0.23636
0.27572
0.31759
0.36963
0.40281
0.35139
0.25602
0.20377
0.19868
0.23011
0.29556
0.33775
0.31415
0.26402
0.22357
0.1933
0.16409
0.11033
0.072191
0.086651
0.10816
0.11129
0.10241
0.09236
0.095366
0.097339
0.058911
-0.014967
-0.08593
-0.12007
-0.10753
-0.077893
-0.072776
-0.076175
-0.088018
-0.17396
-0.26157
-0.21775
-0.095028
-0.0004162
0.043038
0.038043
-0.00080459
-0.058786
-0.12535
-0.19061
-0.23242
-0.24073
-0.2361
-0.22741
-0.21311
-0.20785
-0.20943
-0.21645
-0.22381
-0.20882
-0.17375
-0.13363
-0.091485
-0.064953
-0.054939
-0.041584
-0.050755
-0.098401
-0.1402
-0.14394
-0.13206
-0.12232
-0.11242
-0.10888
-0.11123
-0.10966
-0.11256
-0.11237
-0.095046
-0.080841
-0.07141
-0.047735
-0.020743
-0.0069204
-0.00027898
0.0068191
0.01823
0.02816
0.039223
0.066783
0.09236
0.10391
0.12954
0.17279
0.4254
0.80771
0.80096
0.45417
0.20703
0.16609
0.21895
0.2767
0.31245
0.29683
0.24992
0.20412
0.17045
0.14632
0.10937
0.079923
0.083944
0.098975
0.1049
0.095402
0.086691
0.095351
0.095719
0.059868
-0.0067653
-0.075063
-0.12046
-0.12739
-0.10429
-0.082913
-0.077679
-0.091815
-0.11619
-0.13001
-0.12168
-0.097104
-0.068239
-0.042256
-0.016867
-0.0342
-0.12288
-0.22185
-0.26426
-0.25698
-0.24181
-0.24244
-0.23415
-0.22364
-0.22781
-0.22535
-0.20702
-0.18983
-0.17238
-0.14362
-0.11617
-0.09413
-0.069698
-0.052062
-0.05939
-0.090263
-0.12676
-0.14645
-0.13857
-0.11229
-0.09465
-0.10388
-0.1169
-0.12101
-0.12131
-0.11594
-0.10058
-0.081643
-0.064564
-0.038687
-0.013343
0.00082474
0.0093012
0.055835
0.13902
0.16712
0.14973
0.15428
0.17847
0.20707
0.2398
0.27564
0.3071
0.31813
0.28611
0.24528
0.24716
0.26528
0.27705
0.29957
0.30843
0.271
0.22202
0.19236
0.16733
0.19
0.24519
0.22324
0.1459
0.098171
0.084739
0.082666
0.056547
0.004291
-0.046223
-0.059219
-0.041704
-0.016482
-0.011518
-0.034462
-0.06498
-0.099776
-0.13589
-0.14204
-0.10713
-0.060586
-0.029963
-0.018026
-0.0072384
0.010151
0.010706
-0.012486
-0.057993
-0.12047
-0.17846
-0.22725
-0.25977
-0.2595
-0.33897
-0.49624
-0.48062
-0.30315
-0.17576
-0.12998
-0.1152
-0.11438
-0.11176
-0.091629
-0.088829
-0.12318
-0.15451
-0.15432
-0.13443
-0.115
-0.1091
-0.11338
-0.11765
-0.12182
-0.12142
-0.11832
-0.113
-0.093902
-0.064188
-0.037818
-0.010555
0.010739
0.012509
0.0089756
0.016759
0.032838
0.052315
0.076325
0.1984
0.38953
0.41562
0.33184
0.29696
0.29298
0.28883
0.27364
0.25804
0.25462
0.26758
0.28286
0.28707
0.27678
0.25032
0.2079
0.1676
0.13882
0.10183
0.078131
0.089868
0.11067
0.16882
0.23085
0.17144
0.045556
-0.029399
-0.046813
-0.028953
-0.0019595
-0.0012084
-0.033555
-0.077183
-0.11286
-0.12733
-0.11803
-0.086306
-0.041694
-0.014273
-0.0071146
-0.00094175
0.0068106
-0.00025633
-0.028908
-0.074881
-0.13972
-0.2125
-0.25616
-0.25165
-0.23377
-0.22622
-0.21884
-0.22156
-0.23365
-0.23596
-0.22745
-0.27839
-0.35454
-0.29062
-0.14848
-0.095669
-0.11235
-0.12658
-0.12818
-0.12431
-0.11861
-0.11704
-0.12155
-0.12457
-0.11574
-0.10255
-0.087559
-0.072166
-0.063857
-0.051831
-0.031698
-0.012192
-0.0019185
0.0015996
0.010273
0.029334
0.057196
0.07466
0.080123
0.090837
0.1095
0.1448
0.18719
0.22145
0.44906
0.7769
0.74448
0.44883
0.27223
0.24271
0.26176
0.26491
0.243
0.2101
0.1794
0.15049
0.11943
0.095661
0.092575
0.10366
0.11029
0.10664
0.10635
0.11819
0.11739
0.077631
0.00057736
-0.076804
-0.10705
-0.086478
-0.046267
-0.022607
-0.028543
-0.04938
-0.078793
-0.099129
-0.11691
-0.11064
-0.053786
-0.0059259
-0.019442
-0.078595
-0.15532
-0.21188
-0.24208
-0.25993
-0.26183
-0.24271
-0.22547
-0.22698
-0.22718
-0.22761
-0.22667
-0.20466
-0.17217
-0.14319
-0.1133
-0.097706
-0.088922
-0.069543
-0.070798
-0.10194
-0.13384
-0.15008
-0.14452
-0.1273
-0.1211
-0.12827
-0.13645
-0.13357
-0.12319
-0.11713
-0.11014
-0.090489
-0.060787
-0.028977
-0.013008
-0.016164
-0.0078701
0.01126
0.023134
0.035839
0.056088
0.072877
0.18071
0.38335
0.45724
0.39645
0.35219
0.32306
0.27921
0.23999
0.22614
0.24433
0.27975
0.2916
0.28434
0.27164
0.23373
0.18387
0.15193
0.12873
0.10701
0.098434
0.10805
0.11593
0.10873
0.10376
0.10685
0.10975
0.10044
0.05668
-0.0087156
-0.055012
-0.066475
-0.043052
-0.014246
-0.003925
-0.021472
-0.058542
-0.1313
-0.20118
-0.16648
-0.063976
0.002853
0.0071218
-0.032743
-0.094645
-0.16696
-0.22622
-0.2495
-0.23989
-0.22857
-0.23126
-0.22724
-0.2172
-0.21706
-0.22102
-0.22131
-0.20854
-0.18513
-0.16642
-0.14145
-0.10391
-0.082082
-0.079514
-0.084024
-0.1084
-0.14238
-0.15633
-0.14697
-0.13036
-0.11226
-0.099486
-0.1033
-0.113
-0.11446
-0.11048
-0.093756
-0.080184
-0.07717
-0.06346
-0.048258
-0.03173
-0.00902
0.0048567
0.011493
0.018105
0.028057
0.049201
0.072282
0.082688
0.23349
0.51591
0.61767
0.4888
0.31624
0.19216
0.16633
0.20689
0.25133
0.2755
0.28727
0.27583
0.23148
0.17728
0.14804
0.1255
0.086602
0.071594
0.093935
0.11719
0.13588
0.1538
0.1714
0.19931
0.21862
0.18856
0.11468
0.045553
0.007877
0.013568
0.04837
0.07648
0.082661
0.066901
0.038502
0.02003
0.0053807
-0.0074411
-0.040214
-0.082458
-0.13128
-0.1788
-0.21361
-0.227
-0.22452
-0.21443
-0.22551
-0.24343
-0.24131
-0.23464
-0.23822
-0.24226
-0.22643
-0.19949
-0.18443
-0.18033
-0.1787
-0.17183
-0.15204
-0.12435
-0.11387
-0.14154
-0.17406
-0.16654
-0.14065
-0.13876
-0.14893
-0.1444
-0.12691
-0.10981
-0.10906
-0.11751
-0.10731
-0.083061
-0.061201
-0.041611
-0.028559
-0.020588
-0.014285
-0.007204
0.0038306
0.013785
0.016987
0.019609
0.035841
0.062706
0.22564
0.49097
0.53861
0.38252
0.25211
0.19894
0.21878
0.25847
0.26797
0.25453
0.22741
0.19003
0.16069
0.14094
0.12144
0.11175
0.11213
0.11147
0.12602
0.14749
0.13701
0.11851
0.13033
0.15793
0.18627
0.19199
0.14575
0.077036
0.041613
0.051154
0.078635
0.09608
0.063264
0.0171
-0.010665
-0.02385
-0.018554
-0.0070924
-0.019315
-0.070845
-0.1417
-0.19806
-0.22158
-0.21904
-0.21729
-0.22506
-0.22687
-0.21021
-0.20111
-0.21724
-0.22346
-0.22821
-0.23256
-0.21657
-0.20896
-0.20588
-0.19348
-0.18143
-0.16132
-0.13298
-0.12572
-0.15991
-0.19795
-0.20268
-0.19524
-0.19429
-0.18894
-0.16852
-0.13402
-0.1048
-0.095376
-0.096708
-0.095693
-0.080749
-0.059708
-0.042554
-0.024432
0.0057299
0.03314
0.052532
0.060085
0.066459
0.08853
0.11901
0.15843
0.19314
0.217
0.24876
0.27021
0.26384
0.25256
0.25436
0.25203
0.24711
0.24544
0.2381
0.22786
0.21047
0.18479
0.14947
0.11759
0.10555
0.10724
0.12903
0.14789
0.14336
0.13649
0.13106
0.12166
0.13714
0.16166
0.15404
0.13736
0.12429
0.11071
0.11128
0.11285
0.092957
0.055311
0.016882
-0.0095226
-0.014328
-0.0016543
-0.022758
-0.076369
-0.14522
-0.22009
-0.25063
-0.22382
-0.17945
-0.15025
-0.15173
-0.16249
-0.16654
-0.17347
-0.18333
-0.19754
-0.20304
-0.19014
-0.1859
-0.19155
-0.1826
-0.17609
-0.18365
-0.18246
-0.17153
-0.17069
-0.18184
-0.18696
-0.18121
-0.18357
-0.20594
-0.22488
-0.20691
-0.1503
-0.093884
-0.066194
-0.059817
-0.061968
-0.07222
-0.072547
-0.052822
-0.024139
0.0033242
0.019965
0.026234
0.058041
0.12224
0.14733
0.1313
0.12513
0.14514
0.19355
0.23478
0.23309
0.21349
0.20935
0.21669
0.23348
0.24896
0.23685
0.20862
0.19185
0.17957
0.15873
0.13854
0.1177
0.092467
0.10388
0.14533
0.16283
0.15748
0.14118
0.1065
0.076834
0.087469
0.13039
0.15952
0.16782
0.17492
0.15572
0.12531
0.11583
0.10945
0.08414
0.049037
0.00885
-0.023113
-0.032002
-0.03086
-0.021005
0.001626
0.0042441
-0.14481
-0.39097
-0.43663
-0.28832
-0.16351
-0.11114
-0.11266
-0.11722
-0.11576
-0.13212
-0.14763
-0.16173
-0.17656
-0.17749
-0.18143
-0.18735
-0.17823
-0.16682
-0.15734
-0.1487
-0.16447
-0.20648
-0.22887
-0.22245
-0.2364
-0.2581
-0.23969
-0.16687
-0.073481
-0.018237
-0.01568
-0.035011
-0.047706
-0.05963
-0.065732
-0.048656
-0.023073
-0.00070865
0.012805
0.023009
0.037704
0.049432
0.052531
0.059116
0.14657
0.28383
0.30379
0.22402
0.158
0.13545
0.15658
0.17912
0.17859
0.1761
0.17019
0.15045
0.13487
0.13228
0.1243
0.093292
0.060077
0.069952
0.11268
0.14636
0.15327
0.13864
0.1035
0.056103
0.042899
0.083782
0.14592
0.19837
0.21074
0.17662
0.12471
0.098905
0.091712
0.061968
0.018745
-0.016514
-0.025895
-0.010784
-0.013877
-0.04086
-0.11193
-0.22897
-0.28068
-0.25043
-0.19591
-0.1295
-0.094454
-0.098844
-0.09464
-0.088534
-0.092022
-0.085514
-0.088367
-0.11072
-0.13334
-0.14804
-0.15266
-0.15844
-0.17527
-0.18293
-0.16459
-0.13847
-0.13887
-0.17072
-0.20732
-0.24296
-0.27698
-0.27389
-0.22272
-0.13885
-0.057734
-0.022778
-0.03181
-0.0576
-0.078101
-0.073126
-0.040262
-0.0084757
0.0032057
0.010056
0.017958
0.026658
0.032215
0.035703
0.053359
0.070382
0.10606
0.17522
0.19855
0.15913
0.12265
0.10999
0.1161
0.13408
0.14614
0.14772
0.14221
0.13613
0.13489
0.12381
0.10946
0.081281
0.037576
0.052532
0.11317
0.1549
0.16164
0.12644
0.063049
0.01554
0.021096
0.070931
0.12471
0.17121
0.19061
0.16512
0.13338
0.11709
0.097872
0.074681
0.05679
0.037001
0.013104
0.0027194
0.0085968
0.01445
0.0072346
-0.018733
-0.0523
-0.082787
-0.11637
-0.15655
-0.18288
-0.19035
-0.18905
-0.15208
-0.086216
-0.042389
-0.041889
-0.077558
-0.11075
-0.11772
-0.13079
-0.15258
-0.1665
-0.16856
-0.14005
-0.091679
-0.083069
-0.1359
-0.20309
-0.2588
-0.29157
-0.2757
-0.20547
-0.10769
-0.026313
-0.00097847
-0.033448
-0.082349
-0.096006
-0.066222
-0.04082
-0.03901
-0.032284
-0.015931
0.0031162
0.022007
0.03651
0.048567
0.049194
0.046921
0.057521
0.10421
0.16303
0.16755
0.13936
0.12715
0.11738
0.10436
0.10371
0.12092
0.12802
0.1088
0.098461
0.10737
0.10998
0.086181
0.046696
0.043172
0.08628
0.13682
0.16022
0.13644
0.07714
0.0029223
-0.045883
-0.021818
0.062861
0.15379
0.19389
0.16754
0.12696
0.093729
0.068524
0.060153
0.068255
0.067134
0.054297
0.057424
0.061369
0.043639
0.014555
-0.017829
-0.12898
-0.31569
-0.34443
-0.20113
-0.058676
0.021423
0.048397
0.053395
0.067853
0.074446
0.040249
-0.022183
-0.079834
-0.11537
-0.1277
-0.13087
-0.14069
-0.14534
-0.12783
-0.10207
-0.091256
-0.11928
-0.18716
-0.25419
-0.27813
-0.24668
-0.17936
-0.10484
-0.024346
0.029147
0.0079462
-0.052755
-0.083861
-0.077033
-0.054667
-0.032592
-0.017347
-0.00036341
0.026089
0.047073
0.04817
0.030992
0.024262
0.045621
0.066644
0.076302
0.071723
0.042473
0.0073762
0.0064846
0.035917
0.056543
0.062129
0.066913
0.075628
0.084354
0.085445
0.079226
0.076557
0.07701
0.074413
0.075436
0.076882
0.042037
-0.0036649
0.024101
0.085849
0.12415
0.14285
0.11047
0.02424
-0.056342
-0.089595
-0.050178
0.059954
0.16298
0.20059
0.17712
0.12393
0.089808
0.072828
0.052014
0.038878
0.04196
0.057672
0.087217
0.095777
0.04491
-0.024926
-0.081657
-0.13671
-0.17304
-0.16763
-0.13715
-0.088255
-0.032919
0.007774
0.042397
0.083077
0.10955
0.097875
0.054504
-0.0068123
-0.057518
-0.091894
-0.12571
-0.14796
-0.15219
-0.13912
-0.10786
-0.079433
-0.075819
-0.11001
-0.17554
-0.24064
-0.26905
-0.23891
-0.17185
-0.083176
0.010226
0.057122
0.024802
-0.054181
-0.097479
-0.064851
-0.01739
-0.010267
-0.018292
-0.010901
0.0092587
0.033963
0.038642
0.028061
0.03041
0.038724
0.041795
0.039962
0.038048
0.024812
-0.014334
-0.040489
-0.033268
-0.018138
0.001518
0.025131
0.042302
0.050942
0.051132
0.04459
0.038566
0.038219
0.037898
0.033473
0.034195
0.0011091
-0.053503
-0.023544
0.058795
0.10173
0.09918
0.053075
-0.021002
-0.082209
-0.093539
-0.049361
0.040982
0.13157
0.16723
0.1424
0.10017
0.06807
0.053652
0.04712
0.035263
0.027486
0.032016
0.036338
0.031616
0.02687
0.017576
-0.0089454
-0.038555
-0.054793
-0.064066
-0.083979
-0.10182
-0.10342
-0.081771
-0.017353
0.056944
0.093964
0.10439
0.11424
0.12643
0.12575
0.10138
0.065015
0.036986
0.0098264
-0.022472
-0.051995
-0.081726
-0.095477
-0.082424
-0.069
-0.089904
-0.14315
-0.18039
-0.18946
-0.18916
-0.17378
-0.13971
-0.10639
-0.068906
-0.028564
-0.014522
-0.027608
-0.037145
-0.035912
-0.033431
-0.017951
0.0035745
0.0096632
0.0071795
0.0029472
0.0076815
0.025456
0.043496
0.049561
0.049196
0.057903
0.05104
0.0021104
-0.048418
-0.039939
0.0045003
0.026008
0.019278
0.0059789
0.0043159
0.012644
0.011697
0.0023701
-0.00097821
0.0045823
0.008039
0.0034614
0.0033696
-0.011674
-0.03002
-0.00015985
0.04965
0.075599
0.064894
0.020656
-0.051153
-0.13465
-0.16184
-0.10638
-0.0035353
0.095779
0.13253
0.11366
0.086617
0.05094
0.019714
0.019316
0.031451
0.039705
0.050121
0.064142
0.064143
0.049336
0.023227
-0.016003
-0.041642
-0.037425
-0.034097
-0.048979
-0.056362
-0.052513
-0.034456
0.019563
0.10042
0.15974
0.17085
0.16621
0.16766
0.15476
0.12343
0.09329
0.076769
0.055043
0.014688
-0.023532
-0.046743
-0.056393
-0.055172
-0.047678
-0.047876
-0.081295
-0.16063
-0.23534
-0.22464
-0.15279
-0.094483
-0.068458
-0.038268
0.012265
0.030366
0.0035157
-0.023066
-0.033938
-0.025804
0.00041847
0.015454
0.011543
0.014993
0.029265
0.038671
0.047284
0.055559
0.054147
0.049559
0.046279
0.033085
-0.01208
-0.070592
-0.082339
-0.049521
-0.018315
-0.015664
-0.029039
-0.027863
-0.022991
-0.030442
-0.036637
-0.031009
-0.031086
-0.043617
-0.04739
-0.040274
-0.058256
-0.088113
-0.049342
0.020377
0.033221
0.011571
-0.021072
-0.090245
-0.1666
-0.19275
-0.13691
-0.029992
0.064649
0.10245
0.078232
0.044674
0.023671
0.0079036
-0.00065084
0.0082258
0.030776
0.042685
0.040035
0.039169
0.046023
0.045206
0.022027
0.010137
0.013671
0.0069456
-0.010065
-0.024387
-0.030988
-0.012888
0.058847
0.14838
0.19987
0.21091
0.19795
0.18744
0.18631
0.17388
0.14509
0.11244
0.070932
0.028687
0.0075885
0.0027202
-0.0048464
-0.01557
-0.013829
-0.017778
-0.066809
-0.13797
-0.17853
-0.1649
-0.1195
-0.086788
-0.068698
-0.032505
0.010091
0.024886
0.01933
0.014619
0.02135
0.025114
0.011328
0.001154
3.7401e-05
0.0030456
0.020026
0.040626
0.038657
0.027091
0.036698
0.040878
0.027916
0.016029
-0.023956
-0.08638
-0.11372
-0.099026
-0.076421
-0.064448
-0.067392
-0.078961
-0.091386
-0.10211
-0.10156
-0.092659
-0.091531
-0.096023
-0.087936
-0.076146
-0.10523
-0.1499
-0.10567
-0.0014125
0.022985
-0.022501
-0.072378
-0.12434
-0.18288
-0.21873
-0.18692
-0.09166
0.015182
0.075891
0.073254
0.028692
-0.014697
-0.035368
-0.032128
-0.0078548
0.011097
0.012541
0.010003
0.018189
0.032452
0.034839
0.021295
0.013153
0.033323
0.051707
0.044503
0.038749
0.052727
0.091136
0.15312
0.19978
0.21818
0.22087
0.20499
0.18692
0.18403
0.18353
0.17427
0.15639
0.11712
0.066791
0.039159
0.026203
-0.0008406
-0.031258
-0.036281
-0.01581
-0.015057
-0.053438
-0.088997
-0.081249
-0.048915
-0.019577
-0.0057391
-0.010178
-0.0032351
0.023591
0.042744
0.054958
0.067689
0.065392
0.041262
0.015755
0.0057091
0.0052822
0.011321
0.02123
0.020416
0.01501
0.01568
0.014958
0.010988
0.0039096
-0.022152
-0.069071
-0.10548
-0.11219
-0.10498
-0.10703
-0.11447
-0.11184
-0.11255
-0.12845
-0.13715
-0.12618
-0.12276
-0.13069
-0.12945
-0.11862
-0.13327
-0.16215
-0.10838
-0.012204
0.0048741
-0.05091
-0.11233
-0.16341
-0.20754
-0.22608
-0.18866
-0.10316
-0.014282
0.041363
0.034595
-0.015698
-0.051608
-0.05552
-0.031457
-0.0041981
0.0042978
-0.00074482
-0.0080507
-0.0097207
-0.00024305
0.01566
0.034849
0.045693
0.052395
0.06191
0.069089
0.090504
0.12719
0.16661
0.20451
0.23899
0.25795
0.24487
0.21797
0.20744
0.21481
0.22312
0.21504
0.1931
0.16094
0.12048
0.083082
0.057666
0.038672
0.012242
0.0017687
0.026552
0.026903
-0.030874
-0.075082
-0.063828
-0.035465
0.0046412
0.040276
0.049112
0.056608
0.073976
0.080825
0.074548
0.05818
0.041121
0.029792
0.02603
0.032728
0.038341
0.032783
0.022555
0.018717
0.017943
0.019392
0.017681
0.0071456
-0.011085
-0.064209
-0.13843
-0.15761
-0.13984
-0.13023
-0.11604
-0.11131
-0.12761
-0.14453
-0.16012
-0.17525
-0.17028
-0.1478
-0.13617
-0.13816
-0.13465
-0.14628
-0.17482
-0.14779
-0.070769
-0.044669
-0.077451
-0.1167
-0.15877
-0.21336
-0.2537
-0.23929
-0.15815
-0.061249
-0.001808
0.0069042
-0.017936
-0.051293
-0.062393
-0.048668
-0.033524
-0.022544
-0.019969
-0.030926
-0.043297
-0.037764
-0.010566
0.028444
0.063209
0.093084
0.11905
0.14744
0.17208
0.17869
0.18709
0.2235
0.25607
0.26636
0.26111
0.24932
0.23806
0.22672
0.21848
0.21329
0.2043
0.18338
0.13687
0.088631
0.07266
0.061079
0.034791
0.0284
0.055003
0.059192
0.014017
-0.010379
0.019435
0.047524
0.042393
0.032491
0.038797
0.053127
0.071271
0.096471
0.11031
0.10905
0.093138
0.063267
0.055137
0.061375
0.058901
0.053681
0.042501
0.03477
0.027634
0.021103
0.029818
0.031547
0.0042644
-0.035708
-0.059618
-0.057209
-0.040812
-0.035354
-0.049055
-0.062395
-0.072314
-0.078975
-0.077537
-0.079466
-0.074235
-0.060927
-0.05448
-0.047893
-0.040993
-0.037838
-0.032121
-0.031199
-0.042758
-0.045666
-0.033069
-0.025167
-0.027491
-0.028391
-0.02055
-0.015954
-0.014708
-0.0038386
-0.00036279
-0.01024
-0.014582
-0.0079886
-0.0037472
-0.013799
-0.019476
-0.017756
-0.025007
-0.029556
-0.029206
-0.029081
-0.023094
-0.017993
-0.016871
-0.016563
-0.01491
-0.0079607
-0.0089968
-0.019965
-0.025294
-0.026498
-0.024401
-0.019924
-0.018236
-0.01824
-0.018675
-0.018972
-0.019065
-0.019058
-0.019827
-0.020349
-0.019715
-0.017465
-0.013614
-0.014103
-0.017904
-0.019535
-0.016288
-0.011818
-0.016128
-0.019254
-0.013589
-0.01088
-0.014837
-0.016602
-0.013225
-0.010836
-0.010084
-0.0095718
-0.0094198
-0.0073585
-0.0060024
-0.013381
-0.018669
-0.011126
-0.00225
-0.0017685
-0.0069728
-0.008905
-0.0089667
-0.011258
-0.011901
-0.0092354
-0.0036972
-0.002546
-0.0075352
-0.0075882
-5.2759e-05
0.0052699
0.0042095
0.00423
0.0092914
0.0099735
0.0014292
-0.001738
0.0053694
0.0094016
0.004111
-0.0043375
-0.0058108
0.0071635
0.018759
0.011123
-0.0016453
-0.0036707
0.0030637
0.0047806
0.00077725
-0.0006841
-0.00065541
-0.00026699
-0.0089765
-0.018493
-0.0075717
0.0030396
-0.0035316
-0.0064218
-0.0040939
-0.010191
-0.011918
-0.0015567
0.0063158
0.0026918
-0.0092945
-0.013154
-0.0034988
0.0038059
0.0033667
0.0064604
0.0058579
-0.0055417
-0.005966
-0.00051371
-0.0081754
-0.018801
-0.022442
-0.0206
-0.019761
-0.017763
-0.015846
-0.019798
-0.018372
-0.011671
-0.0085329
-0.0089043
-0.014271
-0.017034
-0.012212
-0.014493
-0.019073
-0.010526
-0.0044427
-0.0073372
-0.0081968
-0.0084265
-0.0065727
-0.0052993
-0.008721
-0.0040287
0.0051026
0.0026304
-0.0071023
-0.009244
0.00017125
0.0059424
0.0033428
0.0013449
0.00065986
0.00090984
0.00065004
-0.0003935
-0.0026316
-0.0074825
-0.0091501
-0.0052325
-0.0026144
-0.0050782
-0.006365
-0.0033792
0.00035671
0.0010927
0.0033093
0.0080888
0.0041177
0.00045807
0.0084433
0.014515
0.010281
0.0050991
0.0053606
0.0057889
0.003341
-2.7478e-05
0.00099786
0.0060114
0.0072582
0.0057626
0.00282
-0.0019666
-0.0062904
-0.0090557
-0.0081144
-0.0069377
-0.0036526
0.0038904
0.0055399
0.0027357
0.000653
-0.0016578
-0.0014928
0.0034839
0.0069965
0.001155
-0.0036736
-0.0019692
-0.0011811
0.0023882
0.0045598
-0.0018232
-0.0031853
0.00097838
0.0014601
0.003388
0.0053714
0.003561
0.0010343
-0.00020445
-0.0038641
-0.0078496
-0.0037325
-0.0015838
-0.0078317
-0.0075112
-0.0014696
0.00012773
-0.0029747
-0.0057411
-0.0015028
0.0014941
-0.0028627
-0.0085833
-0.0086766
-0.0036559
-0.0023094
-0.0026733
-0.00039929
0.0012202
-0.0014822
-0.0037017
-0.0021092
0.001571
0.0052265
0.0052836
0.0012338
-0.0047286
-0.0061249
-0.0021029
0.0017623
0.0025271
0.00043715
0.00066732
0.0029762
3.8578e-06
-0.003387
-0.0022732
-0.0014853
-0.00042333
0.0017199
0.0020758
0.00095897
-0.00069516
-0.0023386
-0.001394
0.0039181
0.0090587
0.00772
0.0062941
0.0048469
-0.00072753
-0.00066111
0.0058139
0.010959
0.009331
0.0026796
0.0002068
0.00045044
-0.0019123
-0.001567
0.0015923
0.0014035
0.0016455
0.0026819
-0.0021172
-0.0047805
7.3397e-05
0.0023631
0.00039816
0.00089513
0.0013136
-0.001671
-0.0038442
-0.0029759
-0.0010267
-0.00052348
0.00014028
0.0024469
0.0021916
0.0028788
0.003638
-0.0025318
-0.0054613
-0.0027924
-0.0013139
0.00017313
0.0010316
6.4492e-05
-0.00080074
-0.00055343
-0.00075297
-0.00036565
0.0011119
0.00083825
-0.00030157
0.00016969
0.00018986
-0.0031058
-0.0067607
-0.0042131
-0.00013737
-0.0011762
-0.0043332
-0.0046335
-0.0017768
0.0010343
0.0025445
-0.00057435
-0.0044496
-0.0010592
0.0030117
0.0038495
0.0059789
0.0056444
0.0031484
-0.00081418
-0.0030375
-0.0037502
-0.0085005
-0.0073551
-0.0012324
0.0018491
0.0023725
0.0011259
0.0017132
0.0016003
-0.0017361
-0.0038571
-0.0028825
0.00059352
0.0026792
-0.00072807
-0.0027177
0.00073555
0.0042878
0.0087546
0.008472
-0.0010277
-0.0065108
-0.0056592
-0.0018509
0.0027749
-0.00035406
-0.0009358
0.0070066
0.008249
0.0029452
-0.0016555
0.00027895
0.0051173
-0.00022482
-0.003851
-0.0013461
-0.0061625
-0.009201
0.0016481
0.011247
0.0065356
-0.002143
-0.0024919
0.001016
-0.0023797
-0.0055438
-0.0015756
0.0018851
0.0016641
0.0021857
0.0010458
-0.0029352
-0.0037744
-0.00025042
0.0038691
0.0042008
0.0089392
0.015725
0.0033584
-0.01189
-0.010361
-0.006112
-0.0010708
0.0044154
0.0032348
-0.00099825
0.0022155
0.0049199
-0.0050592
-0.010898
-0.0052106
0.0053199
0.010837
0.0029437
-0.0044602
-0.0018527
0.00024076
-0.0028002
-0.0022889
-0.0018609
0.00047291
0.0044867
-0.0033713
-0.011187
-0.0081952
-0.002673
0.00027285
0.0023917
0.0030692
0.0014558
0.00020255
0.0034741
0.0059862
-0.0020963
-0.004453
0.0027814
-0.00071812
-0.0079467
-0.0051543
0.0016063
0.0047343
0.0035993
-0.0011342
-0.0040255
-0.00088736
0.0027765
0.005466
0.0046863
-0.0016115
-0.004811
-0.0028211
0.0038624
0.010392
0.0040016
-0.00448
-0.0040164
-0.0041086
-0.0024038
0.0012985
-0.0019209
0.0012359
0.011644
0.0078472
-0.0039309
-0.00089924
0.0051216
-0.0066532
-0.0067735
0.0074518
0.0055269
0.0018294
0.0035518
-0.0017973
-0.0058222
0.002803
0.013327
0.0094211
0.00042544
-0.0020912
-0.001511
-0.0042089
-0.0061662
-0.0030758
-0.00050799
0.0029667
0.0046495
0.003565
0.002414
0.00072113
-0.0016431
-0.0065269
-0.0073725
0.00074647
0.0081178
0.003563
-0.001688
0.003389
0.00017356
-0.010718
-0.0072365
0.00783
0.012644
0.0033057
-0.006543
-0.012002
-0.0038769
0.010407
0.0091692
0.0010056
-0.0078891
-0.01432
-0.010138
-0.00319
0.00041754
0.001085
0.0043543
0.0026484
-0.0030541
-0.0027178
-0.0047863
-0.0062596
-0.0029928
0.0033054
0.010443
0.0099087
0.0040142
0.00019323
-0.0046194
-0.010622
-0.0096992
-0.0038285
0.0036163
0.013568
0.014618
0.0036954
-0.0076345
-0.013534
-0.010895
-0.0016588
0.0076134
0.010772
0.0068108
-0.0018915
-0.0067285
-0.0034784
-7.7056e-05
0.0040091
0.0021507
-0.0033111
0.0009783
0.0014921
-0.0067334
-0.0048956
0.0059038
0.0089422
0.00076577
-0.0054883
0.0023674
0.01106
0.0061795
-0.0029907
-0.0054138
-0.0028778
-0.00056531
0.0028412
0.0045432
-0.00016243
