-0.0016768
-0.0032765
-0.00014098
0.0021091
-0.00068288
-0.0042562
-0.0021726
0.0031476
0.0026511
-0.0006436
0.00053179
0.002151
0.0013096
0.0003377
-0.001731
-0.0044996
-0.0042193
-9.2001e-05
0.004283
0.0045214
0.0019383
0.00015358
-0.00037522
-0.00054732
-0.00053191
6.1015e-05
0.0004421
0.00026677
5.0853e-05
-0.0016543
-0.0043866
-0.0025465
0.0026806
0.0024765
-0.00062656
0.0005675
0.0021576
0.0013207
0.00035649
-9.3482e-05
-0.0001628
-9.994e-05
-0.0016675
-0.0043375
-0.0024864
0.0027015
0.0040622
0.0020493
0.00034869
-0.0019081
-0.0030023
8.6933e-05
0.0027662
0.0021534
0.00042876
-0.00057657
-0.00048795
-0.00017612
-2.6503e-06
3.9594e-05
3.5921e-05
1.9332e-05
-0.0012617
-0.002139
0.00014336
0.0019194
0.0012655
0.00035352
-0.0013646
-0.0039063
-0.0026411
0.0021198
0.0037227
0.0023328
-0.00065692
-0.0030101
-0.00057174
0.00201
0.0012468
6.7976e-05
-0.0016486
-0.0025047
0.00036609
0.0025093
0.001591
0.00043634
-0.00010781
-0.00017964
-9.4355e-05
-2.0217e-05
1.2809e-05
1.3367e-05
1.9859e-05
4.0592e-05
-0.0016178
-0.0027337
0.00020704
0.0024625
0.0015971
0.00044751
-0.0017332
-0.0029123
0.00012125
0.00082173
-0.0011076
0.00067853
0.0027396
0.00038317
-0.0040465
-0.0031766
0.00054093
0.0011675
0.0022869
0.0012265
-0.0030007
-0.00233
0.0024442
0.0038499
0.0019767
0.00036365
-0.0002615
-0.00027215
-0.00010665
-1.0788e-05
7.9253e-06
5.7117e-06
-0.0016284
-0.0043339
-0.002495
0.001044
0.0013186
0.0022535
0.0028111
-0.00031322
-0.0025304
1.6432e-05
0.00064413
-0.0012177
0.00065054
0.0023892
0.0014732
-0.0012519
-0.002859
-0.0016075
-0.0003587
0.0017945
0.0029257
0.001511
0.00027537
-0.00019635
-0.00018316
-6.3166e-05
-0.0016272
-0.0039945
-0.0019135
0.00099361
0.00081267
0.00032923
3.8369e-06
0.0015411
0.002671
0.00013113
-0.0018722
-1.7999e-05
0.0020913
0.00013056
-0.0040446
-0.0031106
0.0022035
0.0022612
-0.0022916
-0.0021127
0.00078998
0.0010626
0.0021441
0.0028028
0.0013399
-0.0014369
-0.002577
0.00064636
0.00073189
-0.0016737
0.00030789
0.0022651
0.0014404
0.00039714
-0.001473
-0.0040923
-0.0042538
-0.00045312
0.0023996
0.0017275
0.0005513
-6.5031e-05
-0.00018283
-0.0001065
-2.5172e-05
2.7804e-05
0.0019302
0.0031591
0.0013664
-0.00013564
-0.00043553
-0.0018842
-0.0027887
0.00023617
0.00085998
-0.0027362
-0.0020584
0.0025743
0.0038784
0.0019535
-0.0012972
-0.0029982
-0.0016795
-0.0020055
-0.0025662
0.00038282
0.0025008
0.0016299
0.0021369
0.0013853
-0.00088446
0.00033037
0.0017173
0.0010695
0.00028404
-0.001706
-0.0028484
0.00014959
0.00081651
-0.0011172
0.00067233
0.0023613
0.001415
0.00035369
-0.0017442
-0.0045091
-0.0025914
0.0026589
0.0024334
-0.00066405
0.0005688
0.0021807
-0.00031064
-0.00239
-0.0015211
-0.00042032
0.0001025
-0.0014521
-0.00064043
0.0022909
0.0016955
0.0014754
0.0018353
0.00085915
0.00011346
-0.0017678
-0.0028487
0.00016664
0.00082819
-0.001115
0.0006726
0.0023634
0.0017859
0.00095493
-0.0017938
-0.0030911
-0.0012528
-0.00042706
0.0013037
0.0026178
0.0014277
0.00029604
-0.00016506
-0.0018096
-0.0028032
-0.00143
-0.0018625
-0.0025088
0.00041088
0.0025377
0.0016012
0.0020603
0.0026005
-0.00044614
-0.0042386
-0.0023963
0.0029673
0.0037663
0.0013191
-0.00027829
-0.00077678
-0.00076526
-0.0021539
-0.0033365
-0.0003667
0.0034576
0.0037795
0.0035732
0.0014617
-0.00096999
-0.0019794
-0.002717
-0.0033335
-0.0036124
-0.0044281
-0.0034788
-0.0035548
-0.004125
-0.005358
-0.006544
-0.0074382
-0.011281
-0.013654
-0.01047
-0.0045287
-0.0080165
-0.033631
-0.071648
-0.095432
-0.078984
-0.03096
0.031467
0.15353
0.29657
0.30147
0.19195
0.10466
0.081548
0.090968
0.089818
0.072489
0.05932
0.054033
0.041402
0.018639
-0.003605
-0.030382
-0.073229
-0.11493
-0.13997
-0.16339
-0.17462
-0.15677
-0.11405
-0.07052
-0.045613
-0.037159
-0.035862
-0.034382
-0.03198
-0.031625
-0.029734
-0.027579
-0.027139
-0.022584
-0.018126
-0.015686
-0.0082063
-0.0041326
-0.0050905
-0.013101
-0.024983
-0.029708
-0.014574
0.014465
0.044535
0.064817
0.06867
0.057421
0.044016
0.030036
0.023984
0.020425
0.019875
0.021857
0.033254
0.044329
0.041295
0.031779
0.028571
0.028368
0.024211
0.014054
-0.0027638
-0.031111
-0.072045
-0.09828
-0.10497
-0.083462
-0.041932
-0.011988
0.01583
0.031982
0.067316
0.074487
0.055382
0.026274
0.013374
0.016951
0.020411
0.021855
0.011129
-0.0058378
-0.01855
-0.061148
-0.11373
-0.082832
0.010508
0.078446
0.10429
0.10434
0.10109
0.11328
0.13953
0.1382
0.11716
0.097465
0.093694
0.097278
0.091994
0.082027
0.070403
0.055593
0.025293
-0.018002
-0.062897
-0.09446
-0.1199
-0.13826
-0.15089
-0.1551
-0.1193
-0.058348
-0.02686
-0.018842
-0.017601
-0.017177
-0.020895
-0.022883
-0.022961
-0.024844
-0.026074
-0.025929
-0.023554
-0.02049
-0.020855
-0.026916
-0.04441
-0.02131
0.019122
0.046836
0.060969
0.065348
0.058844
0.042902
0.027343
0.020376
0.019807
0.025677
0.034221
0.035622
0.032101
0.028271
0.023257
0.014991
0.0047553
-0.0017415
-0.0026064
-0.00097355
-0.050011
-0.15132
-0.16563
-0.090857
-0.040099
-0.016407
0.014882
0.048225
0.052423
0.01627
-0.015035
-0.018338
-0.005818
0.0060678
0.0051363
-0.0098111
-0.018629
-0.028826
-0.05662
-0.07347
-0.052024
0.033647
0.086865
0.090779
0.09693
0.12838
0.15593
0.14264
0.099231
0.065823
0.062363
0.079486
0.08089
0.06998
0.058465
0.046713
0.023136
-0.012688
-0.059758
-0.10591
-0.12814
-0.1263
-0.12846
-0.13564
-0.11363
-0.071392
-0.040868
-0.026652
-0.017506
-0.011518
-0.030987
-0.029482
-0.02211
-0.017246
-0.01732
-0.021047
-0.0256
-0.025921
-0.036152
-0.036551
-0.022539
-0.0018667
0.022855
0.048833
0.067737
0.072324
0.06263
0.048043
0.034905
0.023103
0.016934
0.012951
0.013584
0.018341
0.023145
0.024347
0.020348
0.01509
0.015466
0.020036
0.019858
0.013596
0.0096106
0.0024274
-0.016298
-0.04337
-0.079192
-0.10275
-0.090146
-0.046427
-0.010678
0.016757
0.046086
0.057131
0.034041
0.0021496
-0.007358
0.004684
0.019302
0.019043
8.4678e-05
-0.014812
-0.015826
-0.019041
-0.038498
-0.069393
-0.080068
-0.066165
-0.033932
0.011828
0.052363
0.073846
0.082051
0.080481
0.085941
0.11267
0.14096
0.14509
0.10668
0.063824
0.060926
0.071241
0.060908
0.043253
0.034032
0.026621
0.011002
-0.020099
-0.063514
-0.10198
-0.11504
-0.11172
-0.14237
-0.18948
-0.15064
-0.069612
-0.023251
-0.013203
-0.014605
-0.017205
-0.020914
-0.022697
-0.022887
-0.020033
-0.019276
-0.018527
-0.0216
-0.032243
-0.039014
-0.039225
-0.021722
0.0039204
0.030311
0.053587
0.065589
0.06329
0.054497
0.042868
0.033336
0.025781
0.022009
0.021871
0.022245
0.022254
0.019889
0.018603
0.019646
0.019836
0.024083
0.026962
0.017114
-0.0082553
-0.036466
-0.079468
-0.11554
-0.11256
-0.068338
-0.022393
0.0065773
0.023353
0.019453
0.00041179
-0.014147
-0.012316
0.0018497
0.012647
0.0065809
-0.007933
-0.018727
-0.020096
-0.02391
-0.040235
-0.072322
-0.08656
-0.069716
-0.029159
0.01971
0.059178
0.073201
0.067503
0.068697
0.10519
0.15273
0.16197
0.12712
0.077041
0.11482
0.16815
0.15404
0.05328
-0.03093
-0.082818
-0.11183
-0.12136
-0.11561
-0.11269
-0.11939
-0.10433
-0.070411
-0.042597
-0.026392
-0.019017
-0.019057
-0.023762
-0.026379
-0.022041
-0.018287
-0.0159
-0.01698
-0.019866
-0.016759
-0.012628
-0.011799
-0.014054
-0.015701
-0.027569
-0.027287
-0.013765
0.012362
0.04518
0.069692
0.078069
0.070716
0.054869
0.053045
0.066693
0.06662
0.047384
0.031686
0.022426
0.015115
0.0099088
0.0082172
0.0098474
0.012254
0.012316
0.0064512
-0.0129
-0.036716
-0.073257
-0.10987
-0.10878
-0.063402
-0.017458
0.017473
0.037136
0.035135
0.019173
0.00045977
-0.0040339
0.0071943
0.016745
0.011087
-0.0047363
-0.019764
-0.022886
-0.027471
-0.044649
-0.074617
-0.086204
-0.068933
-0.027839
0.08415
0.2261
0.28289
0.2354
0.16186
0.10229
0.064517
0.067779
0.083296
0.07735
0.058236
0.053107
0.046492
0.018894
-0.022234
-0.064265
-0.099779
-0.11522
-0.1196
-0.13455
-0.14706
-0.11589
-0.066559
-0.032298
-0.017639
-0.012232
-0.012874
-0.013896
-0.016781
-0.020287
-0.021689
-0.020034
-0.020589
-0.02171
-0.018005
-0.016135
-0.018005
-0.021399
-0.028538
-0.033245
-0.024227
-0.0067908
0.017712
0.043439
0.065836
0.076392
0.0775
0.087856
0.098591
0.075911
0.04072
0.022886
0.020201
0.020227
0.017212
0.017198
0.019971
0.019334
0.015323
0.010333
0.0038441
-0.012433
-0.035812
-0.077614
-0.11187
-0.10615
-0.053142
-0.0057806
0.022234
0.045027
0.040383
0.019477
0.020515
0.025799
0.016627
-0.0092154
-0.018716
-0.025945
-0.042651
-0.069795
-0.082184
-0.063672
-0.026489
0.016144
0.05778
0.079505
0.078876
0.070178
0.082229
0.1288
0.15072
0.13366
0.093032
0.060473
0.061253
0.070802
0.063493
0.053686
0.04591
0.034906
0.013396
-0.018982
-0.06417
-0.10098
-0.10902
-0.15894
-0.24911
-0.21297
-0.09891
-0.032388
-0.019699
-0.029416
-0.036623
-0.036633
-0.02866
-0.023612
-0.02472
-0.023514
-0.022531
-0.020616
-0.018884
-0.027133
-0.036184
-0.034245
-0.022472
-0.0038291
0.01929
0.043173
0.060317
0.066409
0.061195
0.048319
0.036104
0.024064
0.015225
0.014347
0.018004
0.018097
0.0156
0.013037
0.012061
0.0095253
0.0072914
0.0085393
0.0070036
0.0048908
0.0042102
-0.00073672
-0.062011
-0.16222
-0.1581
-0.071615
-5.6771e-05
0.033205
0.02526
0.0031787
-0.00943
-0.0079951
0.0025866
0.0065251
0.0014321
-0.0038835
-0.0095103
-0.014046
-0.019924
-0.041623
-0.06963
-0.084011
-0.067071
-0.022984
0.031477
0.07713
0.095888
0.090915
0.076519
0.073102
0.088931
0.11124
0.11869
0.11025
0.094566
0.077314
0.066857
0.059376
0.046618
0.027489
0.0067365
-0.015324
-0.046469
-0.080743
-0.17089
-0.28306
-0.25278
-0.12865
-0.046297
-0.018347
-0.022434
-0.035048
-0.042377
-0.041969
-0.035105
-0.025362
-0.015756
-0.013128
-0.010573
-0.0088239
-0.0083503
-0.01333
-0.02281
-0.040039
-0.045572
-0.019546
0.03004
0.080228
0.1041
0.089107
0.052415
0.022231
0.0098543
0.013384
0.024348
0.035765
0.042431
0.043674
0.038114
0.029702
0.023954
0.020473
0.017444
0.015726
0.014557
0.013417
0.010563
-0.025369
-0.080963
-0.093777
-0.063575
-0.030336
-0.0057036
0.0060626
0.00012357
-0.0055061
-0.0064014
0.00072792
0.0066597
0.0023636
-0.001863
-0.0036843
-0.0047293
-0.006786
-0.016891
-0.049347
-0.086171
-0.091852
-0.059704
-0.0043946
0.064063
0.11636
0.12339
0.096982
0.072797
0.083625
0.11658
0.13288
0.11695
0.093149
0.082056
0.078662
0.073048
0.06158
0.042485
0.00053361
-0.061191
-0.092818
-0.092828
-0.10846
-0.13707
-0.15162
-0.13127
-0.099768
-0.070913
-0.046642
-0.028224
-0.024693
-0.032382
-0.04196
-0.046067
-0.041157
-0.034213
-0.029055
-0.024458
-0.018721
-0.012577
-0.0059888
-0.0053467
-0.020368
-0.043473
-0.047219
-0.01435
0.037969
0.089856
0.11202
0.092688
0.057606
0.025216
0.008344
0.009915
0.02062
0.029619
0.03667
0.04065
0.035643
0.033787
0.039518
0.03359
0.018329
0.0075205
0.00384
0.0017451
-0.002661
-0.022361
-0.054558
-0.08192
-0.079684
-0.054777
-0.025521
-0.0050456
-0.0035964
-0.011831
-0.011352
-0.0036271
0.00059725
-0.0034988
-0.0094798
-0.011797
-0.0098931
-0.0064054
-0.0087985
-0.022958
-0.060856
-0.09816
-0.10293
-0.064662
-0.0076925
0.054447
0.099196
0.10618
0.092563
0.078085
0.080802
0.097237
0.11144
0.11362
0.1015
0.089846
0.080943
0.080959
0.075075
0.036404
-0.024458
-0.067121
-0.076645
-0.081955
-0.10487
-0.13469
-0.14607
-0.12942
-0.095443
-0.065465
-0.042555
-0.028983
-0.027027
-0.033073
-0.043257
-0.048733
-0.043123
-0.027768
-0.019573
-0.016889
-0.012499
-0.012611
-0.0094535
-0.0041558
-0.019649
-0.038001
-0.042075
-0.015278
0.030877
0.080779
0.10664
0.099642
0.065149
0.027866
0.01066
0.036096
0.077991
0.077604
0.041996
0.018101
0.0099964
0.0077624
0.0078777
0.010881
0.0095242
0.0036829
0.0010168
-0.0029397
-0.014013
-0.033396
-0.058765
-0.067833
-0.046593
-0.017174
-0.0035215
-0.009839
-0.015538
-0.0087007
0.0019739
0.003571
-0.0023006
-0.0072619
-0.0084894
-0.0059108
-0.0034744
-0.0042719
-0.022921
-0.061559
-0.090183
-0.088433
-0.052939
0.00089552
0.056996
0.097209
0.11834
0.11118
0.097004
0.092497
0.096962
0.10772
0.11794
0.11161
0.096373
0.10061
0.10966
0.074007
0.014147
-0.031473
-0.052035
-0.061098
-0.082611
-0.10799
-0.13051
-0.13959
-0.12341
-0.098126
-0.078671
-0.053522
-0.036203
-0.030433
-0.037234
-0.050723
-0.052
-0.04448
-0.037626
-0.027606
-0.018832
-0.011916
-0.0088903
-0.0072475
-0.0057801
-0.018638
-0.038952
-0.047025
-0.018701
0.038686
0.093916
0.11955
0.1022
0.066405
0.029777
0.012026
0.013798
0.021065
0.03005
0.038642
0.04153
0.036427
0.028958
0.023014
0.020113
0.016732
0.014251
0.018272
0.020595
0.013461
-0.00080759
-0.0097549
-0.0138
-0.024389
-0.040019
-0.057748
-0.070287
-0.061219
-0.039241
-0.029551
-0.030335
-0.029746
-0.028417
-0.024653
-0.020971
-0.01844
-0.017589
-0.016311
-0.01311
-0.014035
-0.013113
-0.033437
-0.073095
-0.1025
-0.09649
-0.057229
0.0023654
0.064383
0.10172
0.11639
0.10336
0.08916
0.094288
0.10474
0.11152
0.11823
0.10936
0.093458
0.08431
0.071168
0.051872
0.03508
0.021075
-0.0063969
-0.054171
-0.098798
-0.12437
-0.13931
-0.13657
-0.11651
-0.094758
-0.078983
-0.054241
-0.02562
-0.010341
-0.011746
-0.023677
-0.037829
-0.046405
-0.042154
-0.027981
-0.016515
-0.010385
-0.007747
-0.0052362
-0.0091715
-0.028723
-0.047691
-0.049769
-0.019732
0.033304
0.09629
0.1492
0.15579
0.11149
0.057463
0.031555
0.02392
0.024414
0.024044
0.021461
0.018646
0.01468
0.012571
0.012263
0.010821
0.0084126
0.0067262
-0.0009934
-0.013594
-0.027558
-0.040209
-0.056972
-0.065593
-0.056302
-0.038085
-0.030812
-0.045799
-0.042417
-0.026772
-0.017504
-0.015434
-0.013949
-0.015235
-0.028891
-0.067226
-0.10254
-0.096838
-0.052045
0.012081
0.076047
0.11602
0.13122
0.11753
0.089504
0.083576
0.09988
0.115
0.12052
0.10825
0.091412
0.081657
0.07393
0.060413
0.043233
0.02664
0.010152
-0.0074796
-0.02085
-0.024346
-0.048244
-0.15889
-0.29269
-0.2607
-0.13647
-0.042185
-0.0059347
-0.012353
-0.029885
-0.047993
-0.054133
-0.045121
-0.033305
-0.024817
-0.016904
-0.010685
-0.0038788
-0.01224
-0.021406
-0.044462
-0.052335
-0.021972
0.042673
0.11364
0.1705
0.17216
0.11994
0.062777
0.035537
0.031114
0.032801
0.029578
0.02344
0.015233
0.01002
0.010654
0.010566
0.0085067
0.0045066
-0.00098733
-0.0037737
-0.0098565
-0.021259
-0.035986
-0.052131
-0.057863
-0.042545
-0.026333
-0.031539
-0.024974
-0.015976
-0.013277
-0.012361
-0.0092172
-0.0080578
-0.014639
-0.034089
-0.069798
-0.10348
-0.09565
-0.053014
0.0090919
0.075527
0.11983
0.127
0.10749
0.080412
0.082421
0.10245
0.11282
0.11239
0.11025
0.099879
0.083106
0.069321
0.056109
0.042182
0.027998
0.011728
-0.044382
-0.13813
-0.18976
-0.18031
-0.13797
-0.10881
-0.090103
-0.065955
-0.039514
-0.025079
-0.023994
-0.03505
-0.047811
-0.048252
-0.040668
-0.032122
-0.020786
-0.014882
-0.013783
-0.010384
-0.0071714
-0.020709
-0.049577
-0.067224
-0.037378
0.030994
0.13672
0.20076
0.15582
0.071744
0.028653
0.023452
0.027708
0.029841
0.029805
0.020835
0.010612
0.0059429
0.0062472
0.012093
0.015912
0.0095023
-0.0030197
-0.013079
-0.02233
-0.033551
-0.041404
-0.050805
-0.058485
-0.056524
-0.044639
-0.033097
-0.032161
-0.047999
-0.03953
-0.021392
-0.014463
-0.013619
-0.016322
-0.035923
-0.07691
-0.10948
-0.099696
-0.052631
0.012515
0.081362
0.12747
0.12991
0.10004
0.074116
0.082074
0.11101
0.12332
0.11364
0.10487
0.10019
0.094055
0.083798
0.066607
0.045395
0.024153
0.0044947
-0.013366
-0.029699
-0.10776
-0.23573
-0.25085
-0.17048
-0.10301
-0.055893
-0.022342
-0.0050754
-0.006579
-0.022236
-0.037408
-0.043243
-0.039301
-0.03057
-0.021802
-0.012924
-0.0090608
-0.012335
-0.018634
-0.02497
-0.043453
-0.06502
-0.046782
0.014656
0.088667
0.13031
0.11501
0.065685
0.022153
0.0033327
0.026728
0.071295
0.080994
0.053658
0.024796
0.0091123
0.0074437
0.011171
0.013817
0.013368
0.012412
0.010103
0.0018334
-0.008375
-0.023967
-0.040241
-0.050848
-0.045069
-0.022554
-0.0032114
0.0025773
-0.0041088
-0.014374
-0.014411
-0.011571
-0.0057033
-0.004234
-0.020846
-0.079938
-0.11253
-0.10286
-0.059298
0.0019341
0.064639
0.10985
0.128
0.13502
0.14194
0.14707
0.13834
0.12076
0.097898
0.083951
0.084413
0.093049
0.089329
0.075697
0.064204
0.050232
0.029778
0.0025516
-0.02818
-0.063362
-0.091964
-0.10129
-0.10583
-0.11858
-0.13524
-0.12026
-0.091688
-0.052418
-0.01969
-0.01153
-0.013811
-0.015456
-0.014698
-0.011132
-0.0095443
-0.0080635
-0.011045
-0.021574
-0.038387
-0.055066
-0.057749
-0.034789
0.00051013
0.032583
0.059502
0.070472
0.061361
0.049217
0.036325
0.027568
0.024795
0.027861
0.027418
0.020289
0.015017
0.015729
0.027616
0.044789
0.039812
0.016042
-0.0020907
-0.0060122
-0.012976
-0.027336
-0.05959
-0.079535
-0.075325
-0.050592
-0.025514
-0.01693
-0.021572
-0.032173
-0.037682
-0.040753
-0.036707
-0.031606
-0.026986
-0.033243
-0.042674
-0.043786
-0.057665
-0.077743
-0.10744
-0.11014
-0.080749
-0.022322
0.042411
0.087029
0.092974
0.081071
0.18016
0.33617
0.31372
0.16054
0.058984
0.027828
0.024186
0.016837
0.0075712
-0.001121
-0.023247
-0.052735
-0.066158
-0.070367
-0.088076
-0.11547
-0.12546
-0.11339
-0.089642
-0.05788
-0.029543
-0.012664
-0.0029061
-0.0017708
-0.0052672
-0.014228
-0.022137
-0.017644
-0.0095896
-0.0059597
-0.0062724
-0.0099787
-0.012981
-0.016272
-0.032073
-0.052682
-0.057809
-0.036202
0.005615
0.05436
0.087912
0.09459
0.070306
0.039021
0.020382
0.018174
0.026392
0.046055
0.068699
0.064341
0.042051
0.027684
0.019462
0.013621
0.010727
0.0088513
0.0052204
-0.0055681
-0.016647
-0.029697
-0.061874
-0.084957
-0.073982
-0.028147
0.015349
0.026225
0.011013
-0.014379
-0.026616
-0.018687
-0.0089388
-0.0049215
-0.012814
-0.027279
-0.0373
-0.034902
-0.035483
-0.051207
-0.083018
-0.097282
-0.078174
-0.029531
0.023289
0.06744
0.094997
0.093158
0.085279
0.11443
0.16194
0.18355
0.1576
0.094412
0.0448
0.032521
0.043747
0.046235
0.032259
0.012866
-0.037979
-0.081411
-0.087241
-0.084679
-0.11341
-0.13502
-0.11139
-0.071806
-0.046855
-0.026592
-0.013212
-0.011983
-0.013681
-0.018472
-0.02229
-0.022182
-0.018726
-0.013558
-0.008224
-0.0083755
-0.0092339
-0.0082029
-0.011249
-0.029761
-0.043542
-0.044242
-0.029159
0.004658
0.047438
0.07919
0.08597
0.073707
0.051422
0.027872
0.01744
0.023049
0.02862
0.03138
0.031136
0.030059
0.02841
0.025161
0.022519
0.023327
0.025935
0.026429
0.0227
0.0092432
-0.025988
-0.056676
-0.080214
-0.073753
-0.04318
-0.0097707
0.0018671
-0.0085188
-0.021666
-0.025702
-0.014846
-0.010812
-0.014076
-0.021087
-0.031437
-0.035951
-0.027943
-0.027538
-0.044029
-0.082729
-0.10497
-0.085076
-0.028425
0.037638
0.082256
0.093381
0.077999
0.077011
0.11165
0.16042
0.17136
0.13776
0.085065
0.053757
0.058182
0.070593
0.066077
0.043513
0.031794
0.023759
-0.03885
-0.15093
-0.20467
-0.17973
-0.12302
-0.074376
-0.047099
-0.030463
-0.016432
-0.0083755
-0.0074368
-0.0091703
-0.014397
-0.017203
-0.017088
-0.014817
-0.0087394
-0.0022725
-0.002542
-0.0088099
-0.012277
-0.018029
-0.035136
-0.039216
-0.016943
0.015744
0.051549
0.080312
0.090913
0.078999
0.053556
0.036491
0.032005
0.031591
0.032431
0.031127
0.027678
0.022189
0.014465
0.011161
0.013922
0.015454
0.017942
0.022234
0.024101
0.013362
-0.029995
-0.068901
-0.089561
-0.072896
-0.034565
0.0081821
0.024628
0.0083363
-0.016886
-0.030784
-0.023579
-0.010004
-0.0022038
-0.0075168
-0.016518
-0.030046
-0.040115
-0.041626
-0.048926
-0.075131
-0.090707
-0.077823
-0.042896
0.008973
0.06267
0.09216
0.084888
0.081377
0.1102
0.1567
0.17586
0.14284
0.088532
0.050477
0.051725
0.061672
0.054758
0.037599
0.02404
0.015947
-0.0017193
-0.031504
-0.062505
-0.080014
-0.14193
-0.22681
-0.20073
-0.099962
-0.031681
-0.0072995
-0.007885
-0.018799
-0.028122
-0.031526
-0.027613
-0.019318
-0.013548
-0.01167
-0.010844
-0.01058
-0.010988
-0.019253
-0.038174
-0.047514
-0.048656
-0.028423
0.0040961
0.03761
0.064513
0.075666
0.064945
0.045505
0.02982
0.019077
0.021089
0.021745
0.022297
0.02227
0.021576
0.019202
0.018438
0.023233
0.026857
0.025951
0.024017
0.015562
-0.0099942
-0.046382
-0.078197
-0.09648
-0.081906
-0.044314
-0.014424
-0.0018252
-0.010976
-0.02424
-0.029484
-0.022232
-0.011363
-0.010376
-0.014591
-0.026881
-0.038231
-0.033344
-0.027033
-0.044651
-0.080142
-0.095367
-0.081513
-0.039535
0.016956
0.060004
0.074527
0.0728
0.082739
0.12386
0.16746
0.17408
0.13054
0.069067
0.037765
0.043868
0.054636
0.050346
0.036974
0.027638
0.02021
0.00073326
-0.031345
-0.050814
-0.055313
-0.12847
-0.24974
-0.2315
-0.11257
-0.031013
-0.00029984
-0.0034014
-0.015918
-0.026353
-0.032901
-0.031471
-0.02279
-0.015974
-0.010384
-0.0074797
-0.014968
-0.027551
-0.039783
-0.045316
-0.043206
-0.026816
0.0057898
0.044816
0.074419
0.08074
0.066863
0.042752
0.023386
0.016877
0.022342
0.024108
0.024442
0.022906
0.018521
0.015379
0.014021
0.01556
0.018603
0.027748
0.036835
0.025563
-0.0095451
-0.050936
-0.078961
-0.096304
-0.081514
-0.040323
-0.00069161
0.015698
0.0053698
-0.017931
-0.030429
-0.020653
-0.0059591
-0.003426
-0.013128
-0.02522
-0.034208
-0.032547
-0.033473
-0.052951
-0.083024
-0.094661
-0.074932
-0.036047
0.010726
0.05849
0.089288
0.085557
0.075896
0.10534
0.15502
0.16594
0.11753
0.060819
0.036707
0.051064
0.060817
0.040263
0.02551
0.021633
0.013552
0.0008028
-0.072178
-0.18933
-0.22559
-0.16004
-0.091395
-0.050942
-0.033964
-0.026671
-0.024436
-0.022703
-0.028731
-0.037259
-0.042612
-0.0395
-0.028323
-0.020372
-0.020078
-0.018134
-0.017164
-0.024699
-0.039763
-0.045687
-0.042435
-0.026982
-0.0017313
0.030762
0.062865
0.077861
0.070029
0.046973
0.026769
0.020582
0.020727
0.02085
0.020838
0.021283
0.023518
0.023719
0.021591
0.02097
0.019682
0.017973
0.018163
0.018407
0.016367
0.012998
0.0056485
-0.0065612
-0.023337
-0.047021
-0.064401
-0.060971
-0.028318
-0.012719
-0.013544
-0.011834
-0.0018102
0.0031973
-0.0026257
-0.013136
-0.025325
-0.028505
-0.030889
-0.047849
-0.077487
-0.096862
-0.082253
-0.045086
0.0029863
0.046153
0.066011
0.061688
0.064572
0.10927
0.15953
0.16689
0.12501
0.0696
0.03691
0.045092
0.060168
0.05148
0.037341
0.028256
0.022078
0.0053703
-0.02401
-0.062997
-0.088274
-0.088684
-0.091433
-0.11512
-0.1311
-0.10835
-0.068278
-0.039696
-0.024792
-0.020273
-0.018298
-0.020354
-0.021638
-0.023124
-0.023292
-0.019322
-0.01251
-0.0088979
-0.0052719
-0.0054489
-0.0080567
-0.013412
-0.026152
-0.037597
-0.035413
-0.012997
0.015688
0.045941
0.06714
0.072601
0.067741
0.055863
0.041319
0.032499
0.03
0.026374
0.026046
0.023143
0.021697
0.02323
0.025061
0.024864
0.023134
0.022579
0.02178
0.018666
0.0154
0.013792
0.006268
-0.0060781
-0.029612
-0.056861
-0.089243
-0.10321
-0.081264
-0.035767
-0.0066946
-0.0022356
-0.019794
-0.033075
-0.036231
-0.026709
-0.016211
-0.012663
-0.018477
-0.029277
-0.036251
-0.039372
-0.038262
-0.051154
-0.083956
-0.09956
-0.085341
-0.044874
0.0020524
0.041957
0.057573
0.058956
0.072919
0.12492
0.17693
0.17743
0.11991
0.058403
0.030208
0.055053
0.062562
0.043807
0.030795
0.027978
0.020985
0.00014508
-0.03007
-0.055135
-0.065244
-0.078341
-0.095712
-0.12169
-0.13958
-0.11598
-0.073396
-0.044574
-0.02584
-0.013452
-0.011976
-0.016073
-0.020572
-0.026174
-0.031415
-0.028402
-0.021955
-0.014202
-0.0099914
-0.0087234
-0.01044
-0.01846
-0.034061
-0.039756
-0.036794
-0.018931
0.011774
0.051119
0.082707
0.088938
0.072784
0.045732
0.025769
0.021158
0.026032
0.029862
0.029145
0.025443
0.021618
0.020821
0.018193
0.015799
0.019435
0.02441
0.028928
0.027553
0.014446
-0.022914
-0.068855
-0.08393
-0.074561
-0.043554
-0.013392
-0.0012623
-0.0040715
-0.012029
-0.023221
-0.022186
-0.011871
-0.0049876
-0.006966
-0.020702
-0.03385
-0.026517
-0.026969
-0.04595
-0.074637
-0.089226
-0.076176
-0.032346
0.019834
0.063861
0.092926
0.089926
0.08842
0.1202
0.16794
0.17321
0.12888
0.078313
0.0554
0.064567
0.071478
0.077002
0.051084
0.012559
-0.035646
-0.071857
-0.10746
-0.13392
-0.1365
-0.11165
-0.078337
-0.053077
-0.038741
-0.025583
-0.015773
-0.014122
-0.018928
-0.029618
-0.037658
-0.03576
-0.025349
-0.018485
-0.013475
-0.010653
-0.012938
-0.018792
-0.032186
-0.041793
-0.040111
-0.023514
0.0043824
0.040887
0.072329
0.095057
0.10487
0.084562
0.038836
0.015301
0.012197
0.015513
0.017163
0.018712
0.019827
0.020092
0.024124
0.02652
0.022322
0.019149
0.010898
-0.0056182
-0.013651
-0.03981
-0.07202
-0.083577
-0.06259
-0.022527
0.020816
0.034454
0.02746
0.0078766
-0.0074328
-0.0066256
0.0026063
0.0063205
0.0016981
-0.0052787
-0.016031
-0.022718
-0.02385
-0.040262
-0.071318
-0.091465
-0.046017
0.046253
0.10516
0.11858
0.15146
0.16969
0.1372
0.074679
0.040009
0.03773
0.046133
0.038554
0.029156
0.023619
0.015619
-0.001718
-0.029884
-0.059755
-0.070827
-0.076987
-0.097812
-0.12633
-0.14144
-0.11255
-0.065972
-0.037474
-0.022897
-0.013179
-0.013373
-0.012631
-0.013847
-0.023285
-0.026671
-0.021377
-0.014448
-0.0095917
-0.0086169
-0.0079645
-0.0088242
-0.014646
-0.023805
-0.035753
-0.033871
-0.02182
0.0018309
0.033513
0.060329
0.069743
0.061925
0.04595
0.033003
0.026771
0.036812
0.053114
0.047226
0.02817
0.016618
0.014264
0.016601
0.019698
0.019011
0.013436
0.0065376
-0.0053338
-0.022865
-0.040546
-0.074066
-0.088348
-0.074965
-0.037942
-0.0029558
0.010199
-0.0027857
-0.021554
-0.030948
-0.024588
-0.011595
-0.0047101
-0.009959
-0.025957
-0.044267
-0.039682
-0.027665
-0.046767
-0.077181
-0.095047
-0.087192
-0.045815
0.0087857
0.049231
0.069307
0.063145
0.1718
0.32828
0.31305
0.15617
0.053903
0.018957
0.015441
0.023137
0.02174
0.0079365
-0.018601
-0.052002
-0.074257
-0.085823
-0.10684
-0.13484
-0.15283
-0.11594
-0.059359
-0.027819
-0.011796
-0.0061979
-0.010463
-0.015628
-0.01862
-0.020909
-0.020538
-0.014249
-0.0086507
-0.0085639
-0.0081895
-0.011058
-0.014948
-0.021712
-0.031151
-0.035505
-0.028196
-0.011669
0.011617
0.044553
0.098582
0.13844
0.11289
0.056991
0.018294
0.0083917
0.014417
0.018737
0.017274
0.019183
0.023656
0.024842
0.022491
0.020349
0.015483
0.010507
0.0043599
-0.004703
-0.021542
-0.044517
-0.072745
-0.09063
-0.076958
-0.037805
-0.0025177
0.0064908
-0.0014627
-0.014824
-0.021264
-0.015118
-0.0060257
-0.0052989
-0.012623
-0.022099
-0.030289
-0.024879
-0.018583
-0.039655
-0.078649
-0.096826
-0.082105
-0.044761
0.065272
0.20761
0.28007
0.23008
0.12296
0.039178
0.025538
0.047558
0.061966
0.045068
0.032913
0.02686
0.014618
-0.00086964
-0.021568
-0.050113
-0.066484
-0.072567
-0.095973
-0.12478
-0.13668
-0.10807
-0.06379
-0.030492
-0.016513
-0.0086703
-0.0080031
-0.01076
-0.014687
-0.018228
-0.0065271
-0.014301
-0.014405
-0.015799
-0.024859
-0.036362
-0.039131
-0.019338
0.010756
0.041639
0.067508
0.080104
0.079381
0.067439
0.049677
0.027005
0.013657
0.0078491
0.010633
0.016161
0.016753
0.016092
0.014253
0.008864
0.0026689
-0.0025711
-0.0028633
0.0012837
0.0027695
0.00057225
-0.0049633
-0.013792
-0.024289
-0.073581
-0.15343
-0.16751
-0.10646
-0.063056
-0.039636
-0.027847
-0.029662
-0.035832
-0.039883
-0.037715
-0.032474
-0.030518
-0.051371
-0.087925
-0.11681
-0.11082
-0.067581
-0.0067942
0.056052
0.099947
0.11205
0.097102
0.08714
0.10883
0.13976
0.14047
0.12159
0.10647
0.09656
0.085454
0.072627
0.060543
0.04772
0.029828
0.010726
-0.0071016
-0.029567
-0.050861
-0.057651
-0.062225
-0.087793
-0.11509
-0.12396
-0.10426
-0.070606
-0.043314
-0.010929
-0.014781
-0.01395
-0.011617
-0.0068591
-0.00034697
0.00010876
-0.0025643
-0.0043491
-0.010426
-0.020569
-0.0277
-0.023357
-0.0053467
0.016975
0.039506
0.057142
0.066936
0.068699
0.058734
0.040583
0.022162
0.010927
0.013833
0.020011
0.021352
0.020024
0.018353
0.010997
0.0018576
-0.0012051
-0.0016982
-0.0028151
-0.0061328
-0.012184
-0.019707
-0.025899
-0.032043
-0.068646
-0.13529
-0.13201
-0.082145
-0.045704
-0.037348
-0.038029
-0.036103
-0.032081
-0.029208
-0.027438
-0.025669
-0.023759
-0.028857
-0.046
-0.073749
-0.10082
-0.09225
-0.047504
0.0076274
0.062984
0.10958
0.12956
0.11615
0.10162
0.11014
0.13434
0.14575
0.12863
0.099988
0.086152
0.083285
0.075594
0.062041
0.045835
0.026922
0.0081269
-0.0096311
-0.023675
-0.031226
-0.044193
-0.070236
-0.098788
-0.10439
-0.10164
-0.08963
-0.066133
-0.048168
-0.026911
-0.0077457
-0.0091407
-0.020991
-0.029032
-0.024966
-0.015684
-0.011744
-0.011278
-0.010517
-0.013356
-0.024813
-0.037027
-0.043755
-0.028194
0.0068407
0.047348
0.081451
0.098412
0.095106
0.074794
0.041759
0.010982
0.0022288
0.014292
0.027725
0.033149
0.030147
0.021683
0.011982
0.0023997
-0.0015058
0.0040629
0.0097901
0.0084503
0.0022889
-0.021202
-0.066874
-0.085403
-0.072505
-0.057043
-0.051025
-0.056323
-0.055295
-0.042882
-0.034497
-0.031712
-0.031479
-0.030438
-0.02933
-0.029409
-0.027754
-0.025293
-0.041469
-0.084398
-0.12036
-0.11156
-0.065395
-0.0023532
0.061236
0.10034
0.10564
0.098988
0.10385
0.11911
0.1273
0.12585
0.11437
0.10245
0.097026
0.11141
0.12472
0.081105
0.0041784
-0.043303
-0.05205
-0.058583
-0.084323
-0.095269
-0.10217
-0.097097
-0.08115
-0.066251
-0.046987
-0.027071
-0.013927
-0.0085143
-0.015269
-0.028207
-0.033009
-0.032564
-0.025278
-0.018277
-0.0091763
-0.0043686
-0.0038986
-0.0036
-0.0099058
-0.019772
-0.02611
-0.011858
0.02211
0.062146
0.0919
0.10464
0.097314
0.073356
0.040949
0.018023
0.010369
0.016618
0.028753
0.035654
0.033747
0.025884
0.016036
0.01564
0.017686
0.011492
0.00059272
-0.0077472
-0.019111
-0.029558
-0.035539
-0.046156
-0.05943
-0.063983
-0.063302
-0.062386
-0.065322
-0.060191
-0.051375
-0.041354
-0.03281
-0.029391
-0.030056
-0.031224
-0.029283
-0.025263
-0.026412
-0.039978
-0.076231
-0.10235
-0.091804
-0.04969
0.014452
0.081191
0.11178
0.10507
0.087858
0.098446
0.13451
0.16082
0.14967
0.11736
0.1005
0.098592
0.090085
0.076559
0.060455
0.019587
-0.037204
-0.065254
-0.06967
-0.088583
-0.11387
-0.12585
-0.11752
-0.092953
-0.065322
-0.03833
-0.01723
-0.0065268
-0.0091275
-0.020361
-0.031263
-0.039087
-0.039922
-0.031394
-0.023043
-0.015669
-0.0089197
-0.0074568
-0.016197
-0.028451
-0.039975
-0.046579
-0.02961
0.0086527
0.047482
0.074847
0.083694
0.07195
0.04792
0.023122
0.012694
0.016009
0.024125
0.0297
0.03103
0.026176
0.018222
0.011458
0.0071117
0.0024724
0.0025302
0.0052723
-0.0039456
-0.025106
-0.032958
-0.036391
-0.045284
-0.052016
-0.05338
-0.05257
-0.052688
-0.042538
-0.029057
-0.022216
-0.016684
-0.01314
-0.015155
-0.018171
-0.020345
-0.023133
-0.019943
-0.01817
-0.030946
-0.071466
-0.11167
-0.10832
-0.066298
-0.0037927
0.058701
0.10275
0.11053
0.09338
0.091389
0.11689
0.14012
0.13987
0.1184
0.09953
0.096539
0.093
0.079806
0.061627
0.045616
0.028117
0.0099246
-0.00737
-0.035205
-0.065651
-0.07434
-0.06841
-0.072598
-0.087696
-0.10053
-0.10267
-0.086794
-0.055718
-0.026832
-0.0052046
0.0044625
0.0030105
-0.0096961
-0.025643
-0.03091
-0.026758
-0.018866
-0.010573
-0.0059012
-0.0050574
-0.0044853
-0.0029737
-0.012584
-0.02553
-0.036794
-0.027053
0.011224
0.057948
0.091102
0.10226
0.095489
0.068926
0.043056
0.027006
0.022296
0.027677
0.036297
0.038153
0.030691
0.018322
0.0077487
0.0042807
0.0066359
0.0078131
0.0066463
0.0025299
-0.0032066
-0.0086086
-0.013818
-0.020808
-0.025143
-0.037047
-0.056614
-0.072416
-0.07312
-0.062488
-0.049897
-0.040252
-0.033422
-0.023165
-0.037648
-0.03965
-0.023308
-0.016946
-0.031039
-0.072452
-0.10523
-0.1007
-0.057324
0.0072351
0.073084
0.11505
0.12433
0.10376
0.092224
0.11608
0.15231
0.15731
0.12797
0.097928
0.087034
0.088671
0.08155
0.063119
0.042679
0.022789
0.0057925
-0.0081641
-0.030509
-0.069214
-0.097082
-0.091806
-0.075352
-0.078973
-0.11426
-0.14096
-0.10735
-0.043548
-0.018644
-0.022671
-0.028894
-0.024986
-0.015918
-0.0081802
-0.0026355
0.00052706
0.00089826
-0.0039725
-0.0158
-0.030706
-0.038406
-0.018697
0.025465
0.066894
0.090665
0.089812
0.074814
0.053742
0.033355
0.024043
0.024349
0.029838
0.035665
0.033037
0.02446
0.016176
0.010006
0.0064469
0.0075955
0.010652
0.0095482
0.0053573
0.00085094
-0.026614
-0.088596
-0.11045
-0.097943
-0.073786
-0.054818
-0.046355
-0.042879
-0.035221
-0.028861
-0.024673
-0.025839
-0.027471
-0.02421
-0.026533
-0.024763
-0.021295
-0.03387
-0.073605
-0.10632
-0.055634
0.071746
0.13525
0.11959
0.1151
0.14103
0.14961
0.12703
0.092628
0.076583
0.080212
0.077314
0.059005
0.042394
0.02739
0.0089523
-0.0078262
-0.030322
-0.071066
-0.099881
-0.090202
-0.074657
-0.07885
-0.091537
-0.093735
-0.082343
-0.04721
-0.016181
-0.012107
-0.01789
-0.022508
-0.020452
-0.013931
-0.0068802
-0.0029262
0.00037858
0.0042121
0.0096934
-0.0023235
-0.021558
-0.031792
-0.012715
0.026135
0.067933
0.099069
0.10897
0.098779
0.070297
0.038294
0.023572
0.026068
0.034689
0.039965
0.037084
0.02764
0.015359
0.0053109
0.002573
0.0050484
0.0073021
0.0076468
0.0033693
-0.021331
-0.070818
-0.099678
-0.10079
-0.089576
-0.074115
-0.049606
-0.031763
-0.021876
-0.015928
-0.017003
-0.017502
-0.020753
-0.024189
-0.021666
-0.02288
-0.022255
-0.023935
-0.03753
-0.067056
-0.10242
-0.10284
-0.068758
-0.0037237
0.066061
0.11318
0.21365
0.33688
0.31082
0.17741
0.098271
0.072652
0.065718
0.056818
0.042147
0.025161
0.0083968
-0.0077985
-0.032513
-0.067075
-0.10011
-0.11171
-0.097233
-0.084817
-0.10428
-0.11843
-0.099133
-0.055952
-0.033451
-0.021958
-0.016364
-0.01394
-0.0095695
-0.0060887
-0.002666
0.0019688
0.0050738
0.0042576
-0.0029858
-0.018787
-0.026146
-0.005832
0.030333
0.062398
0.082912
0.091332
0.08338
0.065585
0.04761
0.034875
0.029631
0.03094
0.032952
0.032062
0.024522
0.01245
0.0053723
0.0055561
0.0093027
0.0090175
-0.0017098
-0.023805
-0.043337
-0.066867
-0.10074
-0.11595
-0.10408
-0.067635
-0.032481
-0.016587
-0.017044
-0.019019
-0.020466
-0.018825
-0.020899
-0.022629
-0.022777
-0.023998
-0.023141
-0.024566
-0.038739
-0.071685
-0.06922
0.0032051
0.081991
0.10371
0.10984
0.1367
0.16477
0.1621
0.12931
0.097128
0.082543
0.080305
0.074714
0.062626
0.047696
0.027294
0.0068337
-0.010734
-0.034486
-0.067699
-0.10777
-0.12744
-0.1068
-0.088799
-0.12972
-0.18103
-0.15706
-0.083518
-0.043998
-0.039064
-0.04054
-0.035401
-0.029868
-0.020061
-0.012087
-0.0056855
-0.00058456
-0.0044884
-0.018736
-0.03613
-0.039232
-0.014891
0.021064
0.059698
0.088216
0.088094
0.06373
0.033869
0.01605
0.014968
0.020371
0.026621
0.03155
0.032186
0.026888
0.019769
0.016914
0.018566
0.019361
0.022381
0.025857
0.02313
0.015992
-0.028031
-0.11618
-0.13903
-0.094163
-0.034732
0.016287
0.035715
0.029506
0.0099188
-0.0031429
-0.0040327
0.003235
0.0079463
0.0066823
0.0010692
-0.014228
-0.021255
-0.026357
-0.049016
-0.078141
-0.091142
-0.07284
-0.028352
0.025857
0.068277
0.088379
0.083017
0.079446
0.10952
0.15221
0.16429
0.13384
0.085812
0.052144
0.058792
0.065531
0.050929
0.028481
0.019453
-0.026961
-0.12967
-0.16631
-0.15534
-0.14655
-0.12391
-0.080242
-0.052427
-0.034136
-0.02439
-0.026498
-0.032782
-0.03729
-0.038887
-0.032734
-0.026381
-0.023887
-0.020059
-0.010842
-0.0067662
-0.008272
-0.0097654
-0.016819
-0.028223
-0.028241
-0.0080056
0.024329
0.062451
0.093461
0.10251
0.084218
0.05711
0.040109
0.030968
0.025776
0.023195
0.026548
0.031621
0.031017
0.027331
0.026171
0.032645
0.042601
0.03701
0.018413
0.0028829
-0.010689
-0.028779
-0.062354
-0.10663
-0.12353
-0.093382
-0.036807
0.014205
0.033822
0.018092
-0.0056333
-0.01678
-0.0085002
0.0027183
0.005972
-0.0030444
-0.012732
-0.017226
-0.01437
-0.012467
-0.036971
-0.071981
-0.086775
-0.065002
-0.021609
0.090642
0.23232
0.27552
0.2129
0.13654
0.08541
0.0659
0.068532
0.078633
0.076243
0.065329
0.052
0.035376
0.0094244
-0.029482
-0.072007
-0.10493
-0.12127
-0.12035
-0.11915
-0.13236
-0.11392
-0.068438
-0.038374
-0.023272
-0.015179
-0.01279
-0.014845
-0.019721
-0.021448
-0.020427
-0.017882
-0.017081
-0.016734
-0.015174
-0.013004
-0.013029
-0.01655
-0.030019
-0.039099
-0.036173
-0.024382
-0.0063232
0.019352
0.044834
0.061999
0.062776
0.053953
0.041327
0.032234
0.025465
0.018656
0.016683
0.019074
0.024875
0.03104
0.030593
0.022543
0.01462
0.016136
0.017938
-0.0040254
-0.052435
-0.11116
-0.13524
-0.10193
-0.051304
-0.015597
0.0017215
0.014362
0.025843
0.016959
-0.0017719
-0.010632
0.00082463
0.018133
0.019276
0.0054423
-0.037707
-0.10995
-0.12266
-0.062679
0.0063227
0.057943
0.079652
0.081512
0.078451
0.091777
0.12506
0.14825
0.14232
0.10728
0.067808
0.057329
0.064742
0.064098
0.053752
0.047558
0.038332
0.019915
-0.014905
-0.061184
-0.10129
-0.12512
-0.1309
-0.1325
-0.13412
-0.11522
-0.083415
-0.051241
-0.026404
-0.018087
-0.015753
-0.013542
-0.011952
-0.014887
-0.014983
-0.016572
-0.01521
-0.010548
-0.015533
-0.022741
-0.02418
-0.0080398
0.0206
0.051924
0.075316
0.085748
0.078824
0.061964
0.04431
0.033729
0.024794
0.021592
0.021753
0.023174
0.027494
0.030883
0.025687
0.020084
0.01959
0.025934
0.033619
0.016971
-0.022885
-0.078751
-0.12678
-0.12146
-0.071921
-0.021902
0.0046738
0.021226
0.018434
0.0079897
-0.0013288
0.00014238
0.013297
0.020962
0.012612
0.00017562
-0.013418
-0.05284
-0.11746
-0.099148
-0.02257
0.047594
0.080312
0.078774
0.073809
0.099051
0.13614
0.14263
0.11477
0.071231
0.05607
0.067061
0.074536
0.05948
0.042831
0.043002
0.037868
0.011876
-0.026742
-0.065338
-0.10419
-0.12457
-0.12176
-0.11915
-0.12811
-0.11225
-0.07359
-0.03996
-0.023668
-0.022374
-0.023168
-0.024002
-0.028881
-0.030762
-0.04033
-0.034392
-0.022045
-0.019497
-0.028472
-0.035952
-0.030128
-0.01464
0.0067602
0.034587
0.057435
0.07046
0.069313
0.058488
0.043413
0.033964
0.027467
0.020381
0.01908
0.021828
0.024765
0.024408
0.024011
0.023937
0.021638
0.018417
0.014957
0.012693
0.013329
-0.034803
-0.11709
-0.12643
-0.058652
-0.0068861
0.011454
0.014521
0.030113
0.028335
0.012122
0.001488
0.007797
0.022119
0.026612
0.018031
0.0014322
-0.010658
-0.018767
-0.050537
-0.084673
-0.093968
-0.068369
-0.026282
0.018951
0.062624
0.084735
0.085532
0.077428
0.083296
0.10904
0.13267
0.1309
0.094935
0.062481
0.050851
0.062876
0.064029
0.047829
0.035469
0.030073
0.0095805
-0.031739
-0.073979
-0.10334
-0.12104
-0.12364
-0.12861
-0.13794
-0.11892
-0.071676
-0.037025
-0.025914
-0.021253
-0.019022
-0.02
-0.021961
-0.02312
-0.023748
-0.021643
-0.018797
-0.016417
-0.0079256
-0.0072776
-0.0063899
-0.011667
-0.010507
-0.016236
-0.018478
-0.011144
0.0071114
0.02788
0.051215
0.070648
0.080834
0.075326
0.05855
0.040931
0.032624
0.024674
0.0195
0.018905
0.021968
0.026834
0.027803
0.020935
0.011956
0.007892
0.0085963
0.012147
0.013292
0.012118
0.0035646
-0.023366
-0.065511
-0.10852
-0.12272
-0.084288
-0.024692
0.0097679
0.0079103
0.00072772
0.017476
0.033921
0.026643
0.017132
0.017743
0.026164
0.030748
0.023983
0.0083152
0.00043318
-0.007418
-0.033073
-0.066828
-0.086137
-0.077342
-0.03925
0.017536
0.069206
0.095469
0.097613
0.084258
0.079727
0.10718
0.13268
0.12312
0.085609
0.047877
0.039251
0.053867
0.084622
0.084888
0.036112
-0.05082
-0.10974
-0.12122
-0.1156
-0.12248
-0.13851
-0.11993
-0.078724
-0.049058
-0.033695
-0.031099
-0.0328
-0.033919
-0.037019
-0.04044
-0.039798
-0.034783
-0.030367
-0.027169
-0.025537
-0.021668
-0.018279
-0.020312
-0.023268
-0.029134
-0.029172
-0.026099
-0.010797
0.016124
0.04399
0.061129
0.061826
0.0519
0.04114
0.031719
0.027778
0.022435
0.015175
0.015797
0.021052
0.026325
0.024481
0.018744
0.014265
0.011942
0.012444
0.015248
0.01582
0.012753
0.0016603
-0.019367
-0.053405
-0.066901
-0.064745
-0.013166
0.025007
0.043222
0.038113
0.028579
0.033136
0.047345
0.049803
0.039211
0.019067
0.0083292
0.0016994
-0.023577
-0.062691
-0.086818
-0.076887
-0.042425
0.0065873
0.05253
0.081082
0.089561
0.085615
0.085025
0.10158
0.12064
0.11066
0.074923
0.035338
0.027463
0.037134
0.039447
0.031385
0.02907
0.02467
0.0036915
-0.031008
-0.070563
-0.16219
-0.27853
-0.23637
-0.11231
-0.035948
-0.010861
-0.015272
-0.022301
-0.028385
-0.030406
-0.029785
-0.024325
-0.018132
-0.014426
-0.012305
-0.010805
-0.0090998
-0.013077
-0.027799
-0.034022
-0.033311
-0.018132
0.0053532
0.034151
0.06333
0.075313
0.071503
0.063456
0.049504
0.036009
0.029178
0.02511
0.023295
0.0242
0.025768
0.025827
0.024175
0.020838
0.026979
0.036231
0.0244
-0.0041059
-0.04548
-0.096244
-0.13562
-0.12397
-0.069
-0.021482
0.00049873
0.013886
0.016692
0.0050012
-0.0031886
0.0049565
0.02517
0.0295
0.017499
0.0016942
-0.0093865
-0.012998
-0.058642
-0.12818
-0.10394
-0.010373
0.063066
0.091123
0.084627
0.078965
0.095355
0.13423
0.1532
0.13112
0.086177
0.060805
0.070126
0.081872
0.068616
0.051273
0.04676
0.036726
0.014804
-0.022002
-0.069215
-0.11155
-0.12871
-0.12353
-0.12134
-0.13346
-0.11573
-0.070971
-0.038022
-0.02478
-0.019454
-0.017456
-0.034328
-0.036461
-0.02353
-0.014636
-0.011451
-0.013921
-0.01473
-0.0199
-0.025685
-0.034606
-0.034118
-0.020472
0.0052361
0.036041
0.061809
0.073703
0.070635
0.058485
0.041615
0.030099
0.025194
0.021318
0.019488
0.019161
0.02078
0.024239
0.026313
0.025246
0.022142
0.019397
0.017678
0.014367
0.010226
-0.031361
-0.11407
-0.13775
-0.082828
-0.026056
0.011593
0.034456
0.044096
0.030796
0.0055308
-0.0022054
0.0094416
0.020575
0.016752
0.0020853
-0.011336
-0.017942
-0.025223
-0.047054
-0.07939
-0.089742
-0.068048
0.017314
0.13814
0.17627
0.14709
0.14044
0.14313
0.12723
0.093373
0.074431
0.078033
0.084664
0.070697
0.055679
0.049705
0.039486
0.016172
-0.023586
-0.070397
-0.10618
-0.12106
-0.12209
-0.12916
-0.13871
-0.11821
-0.078059
-0.051256
-0.032283
-0.020678
-0.018246
-0.0213
-0.028828
-0.032775
-0.031638
-0.028541
-0.024951
-0.034047
-0.046363
-0.051116
-0.039131
-0.027473
-0.0081791
0.018183
0.044991
0.061757
0.063505
0.053285
0.040224
0.030243
0.023488
0.016715
0.013911
0.01496
0.017263
0.022068
0.026659
0.024493
0.016872
0.010064
0.0075553
0.0079197
0.010852
0.013721
0.005159
-0.018597
-0.052351
-0.091938
-0.11241
-0.052102
0.047242
0.080816
0.049599
0.025515
0.03109
0.04217
0.039912
0.025887
0.0091461
0.00096188
-0.0059951
-0.027597
-0.058429
-0.074322
-0.059789
-0.027957
0.012976
0.052686
0.085222
0.097943
0.096689
0.090055
0.097225
0.11793
0.12829
0.10894
0.075537
0.051332
0.048603
0.051666
0.043096
0.0054643
-0.0776
-0.12027
-0.12522
-0.13878
-0.14457
-0.12196
-0.077721
-0.047856
-0.032209
-0.029453
-0.032208
-0.035927
-0.039676
-0.038488
-0.034274
-0.031565
-0.026365
-0.021354
-0.017657
-0.014415
-0.013381
-0.016535
-0.01746
-0.024071
-0.028347
-0.020901
0.0031642
0.03787
0.065998
0.078544
0.075572
0.060758
0.042399
0.028354
0.025847
0.02276
0.017869
0.017739
0.027342
0.034625
0.031473
0.025439
0.022918
0.020814
0.019275
0.021882
0.021213
-0.020614
-0.10878
-0.1246
-0.075799
-0.028428
0.0042865
0.025876
0.028674
0.014807
-0.00057361
-0.00041177
0.010563
0.020492
0.016507
0.0072
-0.0050935
-0.013401
-0.021237
-0.041875
-0.067195
-0.078846
-0.067297
-0.033701
0.01758
0.068672
0.094722
0.091611
0.083087
0.090554
0.12318
0.15257
0.14277
0.10809
0.079273
0.078039
0.080668
0.09636
0.080507
0.0082748
-0.080279
-0.12146
-0.12323
-0.1283
-0.13895
-0.11515
-0.0671
-0.034447
-0.021588
-0.016915
-0.017535
-0.021803
-0.024675
-0.026091
-0.026346
-0.024428
-0.022846
-0.020381
-0.017506
-0.017213
-0.013389
-0.015137
-0.020764
-0.027083
-0.030326
-0.021201
-0.0024634
0.024835
0.05269
0.071691
0.07538
0.069587
0.0554
0.039744
0.028871
0.021659
0.01863
0.018942
0.018842
0.016538
0.013535
0.01082
0.0088305
0.0097215
0.011138
0.01226
0.010949
0.0045422
-0.006038
-0.075179
-0.1965
-0.18183
-0.086163
-0.011835
0.027188
0.028108
0.0099126
-0.0042874
-0.0024879
0.0071765
0.0072886
6.4576e-05
-0.0074923
-0.013343
-0.026657
-0.05108
-0.07557
-0.083024
-0.064741
-0.022235
0.028339
0.072022
0.10266
0.11166
0.093749
0.067918
0.061492
0.081865
0.1003
0.097889
0.086776
0.080329
0.070423
0.052532
0.03628
-0.017366
-0.10579
-0.14139
-0.13042
-0.11913
-0.11168
-0.095958
-0.078448
-0.060107
-0.038131
-0.026453
-0.02374
-0.027021
-0.035067
-0.035354
-0.027988
-0.018757
-0.012439
-0.0073068
-0.0041101
-0.00075039
-3.923e-05
0.0013539
-0.0097558
-0.019155
-0.018768
0.0029128
0.041896
0.087282
0.12078
0.1219
0.085305
0.039318
0.012421
0.010268
0.023444
0.038339
0.045771
0.046261
0.042633
0.034069
0.025982
0.022959
0.020094
0.012112
0.0070358
0.0098821
0.010723
0.0025872
-0.0068997
-0.053728
-0.15041
-0.13583
-0.064565
-0.013245
0.0028673
-0.00094765
-0.0077626
-0.01026
-0.009714
-0.010257
-0.0082459
-0.0083972
-0.010093
-0.010711
-0.018696
-0.044102
-0.072286
-0.083183
-0.064358
-0.023135
0.026856
0.067479
0.082161
0.077238
0.071681
0.086403
0.10677
0.10908
0.099682
0.1295
0.17813
0.14538
0.051344
-0.01491
-0.053726
-0.085577
-0.10517
-0.1001
-0.10004
-0.11897
-0.12789
-0.11309
-0.081456
-0.05555
-0.04008
-0.033609
-0.031988
-0.034281
-0.039876
-0.038067
-0.028972
-0.021549
-0.012287
-0.0084094
-0.0035935
0.00080522
-0.0031765
-0.012508
-0.02351
-0.036088
-0.040695
-0.019706
0.017877
0.063045
0.099503
0.10362
0.076809
0.036477
0.0087257
0.0067662
0.01841
0.030986
0.03963
0.043488
0.041544
0.045201
0.050555
0.035753
0.012539
0.0013414
-0.004823
-0.011749
-0.023091
-0.043191
-0.060201
-0.06105
-0.04276
-0.017187
0.0034449
0.01336
0.01159
0.0060435
0.004999
0.0058889
0.007594
0.008704
0.0067225
0.0028621
0.0009743
-0.0017372
-0.013093
-0.047513
-0.076566
-0.084175
-0.059925
-0.017019
0.039043
0.088063
0.10916
0.10565
0.088741
0.089809
0.11051
0.12343
0.1159
0.10299
0.092313
0.080035
0.069518
0.057022
0.040788
0.021246
-0.036483
-0.13252
-0.18862
-0.18508
-0.16822
-0.12655
-0.079911
-0.051689
-0.038725
-0.030508
-0.031258
-0.038173
-0.04424
-0.045743
-0.044037
-0.035424
-0.024535
-0.01827
-0.0065227
-0.0048392
-0.0068759
-0.0079523
-0.012302
-0.025179
-0.022155
-0.00025228
0.03173
0.071744
0.11293
0.12608
0.097785
0.053051
0.019169
0.010477
0.016333
0.024305
0.033878
0.041986
0.042799
0.035567
0.025424
0.01892
0.016481
0.017169
0.015255
0.001582
-0.021171
-0.049981
-0.078523
-0.080256
-0.060454
-0.032909
-0.013239
-0.0072599
-0.01081
-0.016272
-0.01465
-0.0068837
-0.0041559
-0.007634
-0.0097778
-0.01139
-0.0094393
-0.012456
-0.027505
-0.05871
-0.085873
-0.088408
-0.057041
-0.0073851
0.043262
0.076655
0.095802
0.10677
0.10047
0.086361
0.091697
0.11506
0.12382
0.10959
0.092119
0.079088
0.06487
0.054043
0.04603
0.031241
0.0075495
-0.015766
-0.030058
-0.03276
-0.11944
-0.27308
-0.26734
-0.14744
-0.067699
-0.037664
-0.037271
-0.044499
-0.048166
-0.04653
-0.047925
-0.043082
-0.032838
-0.024241
-0.017753
-0.016415
-0.014368
-0.019126
-0.032669
-0.046438
-0.047727
-0.031611
-0.0038075
0.030886
0.067198
0.08566
0.072813
0.048312
0.022413
0.011478
0.012333
0.018036
0.024748
0.028737
0.029333
0.027798
0.023394
0.020882
0.020002
0.018181
0.015638
0.013777
0.012604
0.0099662
-0.029623
-0.091088
-0.098405
-0.052816
-0.016151
-0.006632
-0.014733
-0.019811
-0.015908
-0.0095756
-0.0068345
-0.0077685
-0.0081284
-0.0087842
-0.00945
-0.012449
-0.027928
-0.056396
-0.086547
-0.086327
-0.052416
-0.0036229
0.047255
0.082069
0.1008
0.11084
0.10913
0.1015
0.10683
0.12095
0.12621
0.11362
0.096267
0.081434
0.069469
0.057368
0.043755
0.025618
0.006119
-0.0055484
-0.073659
-0.20267
-0.24793
-0.18452
-0.10953
-0.067098
-0.052866
-0.047156
-0.042824
-0.041876
-0.046435
-0.052178
-0.055204
-0.048857
-0.037537
-0.024778
-0.013394
-0.01065
-0.011581
-0.0064764
-0.018147
-0.036731
-0.040317
-0.015352
0.028877
0.077746
0.11491
0.11522
0.082419
0.040591
0.012908
0.0050366
0.013343
0.026444
0.034073
0.032764
0.02511
0.018552
0.017725
0.018377
0.017499
0.015975
0.015641
0.015028
0.010711
0.0042486
-0.028569
-0.085517
-0.10205
-0.071257
-0.042363
-0.034849
-0.03529
-0.035032
-0.032723
-0.028263
-0.023379
-0.019146
-0.017568
-0.016293
-0.012752
-0.017135
-0.032839
-0.069811
-0.1015
-0.09371
-0.051388
0.0075326
0.064591
0.09955
0.10688
0.10205
0.097326
0.096286
0.099114
0.10897
0.11279
0.10692
0.10011
0.088851
0.070137
0.050973
0.035254
0.022393
0.015433
0.01759
0.011905
-0.018796
-0.059912
-0.095614
-0.1266
-0.15033
-0.15594
-0.13123
-0.091494
-0.060723
-0.057762
-0.091521
-0.083048
-0.055884
-0.032486
-0.023925
-0.019875
-0.014155
-0.01123
-0.013305
-0.028375
-0.049995
-0.060345
-0.04167
0.0037422
0.058229
0.09651
0.09534
0.067378
0.027978
0.0047173
0.0067801
0.018426
0.030151
0.038597
0.036127
0.027527
0.020515
0.016517
0.01321
0.0112
0.013519
0.017192
0.016695
0.015145
0.011578
0.0041727
-0.029567
-0.080782
-0.084978
-0.054987
-0.035709
-0.029188
-0.025325
-0.02139
-0.018581
-0.019301
-0.015303
-0.011864
-0.010592
-0.010951
-0.014239
-0.030958
-0.064318
-0.10018
-0.096911
-0.056378
0.0054727
0.065269
0.10643
0.12388
0.12177
0.1029
0.096085
0.10536
0.11115
0.10974
0.10658
0.097308
0.081975
0.065052
0.051443
0.039201
0.02833
0.023814
0.021898
0.010396
-0.018732
-0.1375
-0.28926
-0.26595
-0.13848
-0.056431
-0.027372
-0.031401
-0.049229
-0.060921
-0.065209
-0.065743
-0.056804
-0.041408
-0.029854
-0.017754
-0.0077509
-0.0027803
0.0010422
-0.0093546
-0.034219
-0.044469
-0.02049
0.040087
0.10617
0.13931
0.1251
0.086021
0.042519
0.011655
0.00076027
0.013106
0.033508
0.042075
0.03862
0.028953
0.018577
0.015208
0.013686
0.0084016
0.0066992
0.013895
0.021801
0.021853
0.011904
-0.00014915
-0.012523
-0.024393
-0.037325
-0.047706
-0.052869
-0.049099
-0.037625
-0.029264
-0.02665
-0.029106
-0.032125
-0.030535
-0.023264
-0.018182
-0.017684
-0.015247
-0.015567
-0.013934
-0.016756
-0.029891
-0.061576
-0.094189
-0.094398
-0.055488
0.0082044
0.071938
0.11239
0.12886
0.12081
0.10371
0.10139
0.11139
0.11453
0.11533
0.10968
0.095817
0.078648
0.064745
0.056564
0.048714
0.034895
0.0031358
-0.049105
-0.098799
-0.13423
-0.15978
-0.16402
-0.14164
-0.10357
-0.071543
-0.0525
-0.045733
-0.043803
-0.050983
-0.05804
-0.056176
-0.054018
-0.04995
-0.040372
-0.02943
-0.018408
-0.01225
-0.013642
-0.023239
-0.036501
-0.052088
-0.057151
-0.03077
0.018897
0.06891
0.10112
0.10436
0.070224
0.032662
0.0096682
0.007095
0.013282
0.024143
0.031636
0.02861
0.025818
0.025016
0.019449
0.013628
0.012988
0.012633
0.013596
0.017186
0.016904
0.0097814
0.0002583
-0.0080885
-0.014113
-0.026121
-0.040019
-0.046022
-0.045389
-0.038587
-0.031732
-0.030514
-0.033545
-0.036054
-0.034574
-0.029996
-0.02504
-0.023097
-0.025206
-0.026266
-0.028168
-0.023122
-0.031317
-0.065771
-0.10263
-0.093425
-0.046297
0.017123
0.080371
0.12399
0.13967
0.12354
0.10329
0.10146
0.11229
0.11952
0.12026
0.1125
0.094117
0.079555
0.073199
0.062974
0.045938
0.032274
0.026861
0.022476
0.007926
-0.02274
-0.06141
-0.099823
-0.12968
-0.1487
-0.14118
-0.11181
-0.079318
-0.059095
-0.047411
-0.039081
-0.03453
-0.042838
-0.048977
-0.05417
-0.054255
-0.045055
-0.035137
-0.031051
-0.02283
-0.015106
-0.012714
-0.010085
-0.027824
-0.049484
-0.052736
-0.018245
0.044311
0.1077
0.13919
0.12117
0.078707
0.038544
0.017856
0.013225
0.019367
0.029275
0.035862
0.034858
0.028657
0.017897
0.0079902
0.0040664
0.0084496
0.015907
0.018207
0.015542
0.0073422
-0.0024243
-0.0080643
-0.013798
-0.024072
-0.03432
-0.044278
-0.055676
-0.055125
-0.042346
-0.028445
-0.023306
-0.027753
-0.032913
-0.029226
-0.020216
-0.017071
-0.015717
-0.013612
-0.013327
-0.016237
-0.019071
-0.029459
-0.06361
-0.10464
-0.10445
-0.057002
0.012906
0.081853
0.13398
0.15698
0.13551
0.098553
0.083582
0.10017
0.11453
0.11262
0.10509
0.094535
0.08192
0.068623
0.052133
0.037531
0.029123
0.026088
0.024027
0.01046
-0.020354
-0.060525
-0.10153
-0.13182
-0.15058
-0.14827
-0.11451
-0.075953
-0.056084
-0.044672
-0.037767
-0.031816
-0.038074
-0.047754
-0.053918
-0.052218
-0.044654
-0.036631
-0.032684
-0.026891
-0.01741
-0.016444
-0.024605
-0.035196
-0.053135
-0.066974
-0.04379
0.01638
0.084738
0.12578
0.1141
0.071177
0.033
0.010614
0.0049663
0.013599
0.027088
0.036395
0.036624
0.027837
0.01633
0.010166
0.0092126
0.010729
0.013806
0.016213
0.01342
0.0058098
-0.0014267
-0.0079669
-0.011815
-0.022101
-0.033871
-0.044625
-0.052286
-0.049662
-0.03667
-0.024042
-0.02157
-0.027626
-0.030282
-0.027528
-0.023121
-0.019618
-0.017298
-0.014103
-0.011912
-0.011776
-0.012122
-0.022871
-0.060935
-0.095592
-0.090256
-0.045904
0.012831
0.076285
0.12941
0.14321
0.12302
0.099475
0.099807
0.11321
0.1267
0.12643
0.11294
0.097521
0.085848
0.074106
0.059296
0.042975
0.031829
0.028889
0.028019
0.0089739
-0.02731
-0.067846
-0.11048
-0.13982
-0.15003
-0.14452
-0.11116
-0.07804
-0.057465
-0.0439
-0.035467
-0.03868
-0.043785
-0.050958
-0.05555
-0.049634
-0.042383
-0.039688
-0.03819
-0.03128
-0.02396
-0.023454
-0.028371
-0.037738
-0.055937
-0.071057
-0.04999
0.0051501
0.06845
0.1043
0.09981
0.061825
0.023562
0.0050118
0.0052332
0.016548
0.028076
0.03583
0.035598
0.026092
0.018253
0.014263
0.011549
0.010926
0.012365
0.014833
0.0153
0.011655
0.0035107
-0.0042318
-0.012882
-0.017972
-0.023149
-0.039635
-0.052342
-0.045983
-0.029953
-0.019991
-0.018171
-0.018743
-0.019733
-0.016574
-0.012762
-0.011981
-0.011186
-0.011034
-0.013157
-0.014484
-0.01298
-0.02086
-0.050403
-0.088584
-0.084808
-0.044032
0.010485
0.069404
0.11561
0.13497
0.1283
0.10642
0.10111
0.11264
0.11398
0.11277
0.11212
0.10448
0.08871
0.070031
0.05374
0.042178
0.034279
0.028629
0.022105
0.0046994
-0.024922
-0.057678
-0.094185
-0.12246
-0.13691
-0.13377
-0.10674
-0.079432
-0.062919
-0.050367
-0.039115
-0.032527
-0.036481
-0.037132
-0.038977
-0.042075
-0.041151
-0.037451
-0.030587
-0.023384
-0.019118
-0.016801
-0.0075253
-0.013168
-0.040517
-0.057267
-0.029354
0.037248
0.11129
0.15617
0.14699
0.089693
0.037695
0.01612
0.018952
0.027867
0.035121
0.036579
0.03192
0.025471
0.017316
0.0090195
0.0052131
0.0075723
0.011016
0.010647
0.0084309
0.0042027
-0.0059353
-0.014314
-0.015396
-0.021984
-0.036983
-0.049384
-0.056378
-0.053757
-0.038282
-0.023111
-0.018141
-0.020125
-0.023857
-0.019862
-0.013551
-0.012075
-0.01305
-0.010058
-0.0087469
-0.010023
-0.0089858
-0.018649
-0.060567
-0.10303
-0.10087
-0.050809
0.013635
0.080855
0.12893
0.13941
0.11763
0.089929
0.090929
0.11018
0.11595
0.11286
0.11303
0.10395
0.084432
0.067817
0.055203
0.040609
0.027843
0.022105
0.019613
0.0094005
-0.021705
-0.058286
-0.084683
-0.10616
-0.12018
-0.11846
-0.094885
-0.074905
-0.060951
-0.054154
-0.052655
-0.04726
-0.038595
-0.031817
-0.036698
-0.040936
-0.040129
-0.037373
-0.033763
-0.025598
-0.020246
-0.019592
-0.024572
-0.03857
-0.058453
-0.072397
-0.050041
0.010895
0.076981
0.11146
0.10766
0.066292
0.026243
0.0086301
0.0073206
0.011951
0.019609
0.028639
0.035403
0.033293
0.022714
0.014768
0.010599
0.0052863
0.0033896
0.0099266
0.015226
0.012066
0.0034964
-0.0030451
-0.0056601
-0.011238
-0.02437
-0.044246
-0.057433
-0.047718
-0.024761
-0.0048024
-0.001049
-0.0079332
-0.014152
-0.014726
-0.00689
-0.0033039
-0.0067749
-0.0079995
-0.0071003
-0.0057509
-0.0031084
-0.0065077
-0.042375
-0.086194
-0.09386
-0.058975
-0.0026124
0.069771
0.13397
0.15521
0.13576
0.098933
0.081655
0.10114
0.12125
0.11981
0.11013
0.09673
0.084091
0.074365
0.059241
0.040462
0.023549
0.01259
0.0089931
0.0045919
-0.015872
-0.052942
-0.095156
-0.13049
-0.13751
-0.12671
-0.10187
-0.077246
-0.064151
-0.057161
-0.046947
-0.036925
-0.032326
-0.031553
-0.035539
-0.041402
-0.042423
-0.036686
-0.027651
-0.020528
-0.017776
-0.018668
-0.024011
-0.031754
-0.053862
-0.068227
-0.039272
0.025536
0.09225
0.12876
0.11796
0.076916
0.038563
0.018482
0.013995
0.020517
0.032042
0.038147
0.037521
0.030541
0.018761
0.010886
0.010232
0.012322
0.01335
0.012929
0.011511
0.010642
0.0086999
0.00067443
-0.011559
-0.01754
-0.037155
-0.067602
-0.079637
-0.063769
-0.033363
-0.0027194
0.0080689
0.0016867
-0.0046689
-0.0030542
0.0038922
0.0094095
0.0094569
0.0050953
0.0024237
0.0035275
0.0040751
0.0021466
-0.0011372
-0.0038435
-0.0063728
-0.0051888
6.949e-05
0.0012856
-0.00062276
-0.0016506
-0.003895
-0.0058772
-0.0058499
-0.0059281
-0.0048932
-0.0057102
-0.010588
-0.013142
-0.0097572
-0.0062946
-0.0050138
-0.0031345
-0.0031034
-0.0037218
-0.0012746
0.0025586
0.0029469
0.0021936
0.003404
0.0027863
0.00019352
-0.00010216
0.0018764
0.0012043
-0.0011811
-0.0014741
-0.0013002
-0.0016744
-0.0019459
-0.0019831
-0.0019088
-0.0017865
-0.0016811
-0.0015865
-0.0015045
-0.0014217
-0.0029452
-0.005531
-0.0052993
-0.00283
-0.0012147
-0.00063226
0.0011332
0.0036502
0.0032987
0.0010051
-0.0021642
-0.0038381
-0.00092627
0.0015996
0.0010216
1.991e-05
-0.00055176
-0.00065723
-0.00077667
-0.00081147
-0.00056454
-0.00038367
-0.0002543
-0.0017628
-0.0029537
-0.0017621
-0.0022322
-0.0012609
0.0026225
0.0034362
0.0012637
-0.0002823
-0.0019804
-0.0028279
-9.3384e-05
0.0017919
0.00089175
7.2319e-05
-0.00040992
-0.00094815
-0.00095156
-0.00053348
-0.00054591
-0.00083261
-0.0013345
-0.00108
3.2097e-05
0.00051711
-1.5805e-05
-0.0008276
-0.00097523
-0.00055079
-0.0016651
-0.0028152
-0.00011822
0.0022283
0.0015252
0.00046065
-7.5924e-05
0.0002734
0.0004819
-0.00033823
-0.00057392
0.00044519
0.00079738
9.2454e-05
-0.00019496
2.6914e-05
-0.0015232
-0.0027078
-0.00022387
0.0020114
0.0015353
0.00024575
-0.00041354
-0.00028934
-0.0019067
-0.0031559
-0.00018373
0.00039072
-0.0015776
0.000485
0.0027273
0.0017709
0.00053104
0.00038692
0.00025871
0.00042455
0.0010066
0.00068725
-0.0019149
-0.0033585
5.1073e-05
0.0030943
0.0023412
0.00054769
-0.00026638
-0.00018431
-0.00021516
-0.00012721
8.0256e-05
-4.6779e-05
-0.0015916
-0.0024396
0.00018993
0.0021665
0.0011566
-0.00012462
-0.00018145
0.00027712
2.5685e-05
-0.00063135
-0.00070894
-0.00028157
-3.7207e-05
2.0209e-05
2.5791e-05
4.2093e-05
4.8636e-05
-1.7011e-05
-6.9982e-05
0.00013075
0.00031179
1.6752e-05
-0.00024292
-0.00014912
3.4576e-06
5.2411e-05
2.9465e-05
-0.0017542
-0.0031755
-0.00051252
0.0015995
0.00075294
-0.00037126
-0.0006676
-0.00057648
-0.00069542
-0.00057417
-0.00021122
8.363e-06
-0.00019201
-0.00065055
-0.00065885
-0.0018504
-0.0026579
0.00026765
0.0027072
0.0022763
0.00084383
-0.00022906
-0.00012205
0.00020964
0.00015938
5.5126e-05
1.9431e-05
2.311e-05
-8.3163e-06
-0.00025413
-0.00040372
2.2388e-05
-0.001206
-0.0023723
0.00027249
0.0021064
0.0010942
0.00045539
3.0361e-05
-0.00034942
-0.00024068
-0.0003314
-0.0004188
-0.00019988
-2.5753e-05
3.1885e-05
0.00029209
0.00070301
-0.00091828
-0.0021073
0.00091669
0.0013874
-0.0008689
0.0006397
0.0024677
0.00039876
-0.0019253
-5.3362e-05
0.0022283
0.0017367
0.00060075
-2.6909e-05
-0.0017077
-0.0026805
-0.0013639
-0.00024445
0.0017399
0.0027942
0.0014384
4.6636e-05
-0.0021175
-0.0030238
4.4012e-05
0.0026242
0.0020037
0.00068463
-4.5522e-05
-0.00020169
-0.00012466
-0.000276
-0.00040745
4.6978e-05
0.00037409
0.00023654
6.5985e-05
-1.5677e-05
-2.6177e-05
-1.4638e-05
-3.4456e-06
3.1201e-06
6.5541e-06
1.2928e-06
-0.00023508
-0.00062792
-0.00059367
-0.0020058
-0.0030169
5.5848e-05
0.0021243
0.00094606
-0.00037158
-0.00072544
-0.00039799
-0.0016452
-0.0025474
0.00029988
0.0023899
-6.5881e-05
-0.0022168
-0.0016299
-0.00072149
0.0016786
0.003049
0.0014428
3.1386e-05
-0.0017315
-0.0041259
-0.0023348
0.0025993
0.0038954
0.0019576
0.00033118
-0.00024829
-0.00022797
-0.00010999
-4.1987e-05
-3.3326e-06
1.6564e-05
5.0023e-05
3.891e-05
3.8552e-05
1.6388e-05
-4.7198e-05
-6.087e-05
-4.102e-06
3.8002e-05
2.7277e-05
3.5378e-05
1.5151e-05
-4.5865e-05
-3.7167e-05
1.2142e-05
-6.8665e-06
-7.1784e-06
0.00025295
0.00063079
-0.00099867
-0.0023653
0.0002491
0.0025573
0.001865
0.00063776
-2.621e-05
-0.00020071
9.1811e-05
0.00036123
-2.7717e-05
-0.00035693
-0.0017911
-0.0029318
-0.0017475
-0.001934
-0.00078166
0.001454
0.001356
0.0025987
0.0016388
-0.001117
-0.0011634
-0.00050391
-4.103e-05
-0.0014654
-0.0025337
0.00023472
0.0039314
0.0041413
0.00022278
-0.0024626
-0.0001404
0.0020918
-0.00012751
-0.0037347
-0.0040417
-0.0017875
-0.00016578
0.00035222
0.0018443
0.0040377
0.0019956
-0.0009989
-0.001175
-0.0025805
-0.0032485
-0.0015226
0.0013627
0.0028607
0.0015703
0.0019096
0.0022402
0.00079821
0.00045383
0.00056847
1.7958e-05
-0.0019486
-0.0044276
-0.0024791
0.0025842
0.003916
0.0019853
0.00035535
-0.0018258
-0.0028869
-0.00147
-0.0018238
-0.00085455
0.0030228
0.0038173
0.00022719
-0.0039405
-0.0042665
-0.0021028
-0.00060089
0.0019364
0.004835
0.0043374
0.00012774
-0.0028005
-0.00082063
0.00015202
-0.0023343
-0.0016126
0.002386
0.0038312
0.0022195
0.00052444
-0.0017763
-0.0044645
-0.0040985
-0.0016114
-0.00021507
0.0016543
0.0028976
0.00013487
-0.0019582
-0.0011173
-0.00026714
0.0003635
0.0021453
0.0029076
0.0014153
0.00021426
-0.0017785
-0.0028113
-0.0014389
-0.00025587
0.00018637
0.00017417
0.0016525
0.0026276
-0.00023042
-0.00080836
0.0026738
0.0019933
-0.0024725
-0.0037303
-0.0018833
0.0012526
0.0028832
5.1491e-05
-0.0022619
-0.0017708
-0.00087097
0.00011525
0.00054517
0.00033864
8.3993e-05
-0.00029479
-0.00045508
-0.0002054
-2.8698e-05
0.00028037
0.00025982
-6.5063e-05
0.0016319
0.0025854
-0.00072034
-0.0029138
-0.0015279
-0.00030592
0.0014928
0.0031353
0.00038519
-0.0025668
-0.0020475
-0.00072999
1.6313e-05
0.00020814
0.00014971
-0.00020058
-0.00042591
6.8075e-06
0.00035996
0.00023774
6.9373e-05
-3.5525e-07
-1.5566e-05
-3.4263e-06
-1.8042e-06
-0.00023102
-0.00039791
2.6461e-05
0.00034727
0.00022888
0.0016327
0.0026078
-0.00042613
-0.0027609
-0.0015028
-8.862e-05
9.4165e-05
-0.00016214
0.00010665
0.00037324
0.0002148
-0.0001902
0.0011307
0.0026156
0.00015597
-0.0020932
-0.0016908
-0.00085854
9.5774e-05
0.00052004
0.00059174
0.00075418
0.00061084
0.00021509
-8.383e-06
-5.8782e-05
-4.0296e-05
-1.7002e-05
4.7597e-06
1.1868e-05
1.2646e-05
1.6942e-05
7.6834e-06
-2.2997e-06
-6.6441e-06
-5.2497e-06
-7.5653e-07
-1.0989e-07
9.1154e-06
2.1078e-05
1.9217e-05
7.3959e-06
-1.1659e-06
-0.00016718
-0.00029115
1.949e-05
0.00027347
0.00020002
7.7864e-05
0.0015624
0.0025904
-0.00022909
-0.0023739
-0.0015251
-0.00042475
8.3837e-05
0.00013325
9.2682e-05
4.8619e-05
1.6921e-05
-5.821e-06
-1.1079e-05
1.758e-05
5.9244e-06
-7.2026e-06
-1.1709e-05
-2.2848e-06
6.3405e-06
-0.00024285
-0.000586
-0.00026477
0.000397
0.00050897
0.00024206
3.3654e-05
-0.00028274
-0.00045542
1.9638e-05
