-0.02537
-0.070962
-0.018925
0.011723
-0.041206
-0.075187
-0.0085144
0.073616
0.051549
-0.0062784
0.0048619
0.026926
0.017053
0.0048641
-0.023329
-0.061465
-0.057434
-0.00052488
0.058507
0.061684
0.027064
0.0025977
-0.005305
-0.019779
-0.027721
0.0017373
0.023728
0.015481
0.0044015
-0.02302
-0.060696
-0.034698
0.036392
0.032723
-0.0097392
0.0077229
0.030159
0.018062
0.0042819
-0.0016852
-0.0019802
-0.00043731
-0.021849
-0.059367
-0.03456
0.036135
0.054787
0.02741
0.0048048
-0.02551
-0.040622
0.0014707
0.033527
0.021886
0.0067072
-0.00053992
-0.0025363
-0.0020544
-0.00049691
-5.7946e-05
-0.00040177
-1.1282e-05
0.00058469
0.00064288
3.7542e-05
-0.0003832
-0.00026689
0.00016389
0.00042314
-0.022294
-0.037606
0.0029291
0.033995
0.044114
0.021024
-0.041103
-0.033137
0.0096617
-0.0012765
-0.019017
-0.018714
-0.013751
0.01804
0.03761
0.020685
0.0046499
-0.0020993
-0.0023221
-0.0010274
-0.0003652
0.00027552
0.00027772
-0.00067226
-0.0013106
-0.023002
-0.0366
0.004338
0.034711
0.021926
0.0054124
-0.024465
-0.040074
0.0018473
0.0119
-0.014495
0.0092858
0.054193
0.03402
-0.057717
-0.069327
-0.0096649
0.010727
0.031646
0.018247
-0.040322
-0.031661
0.033793
0.05324
0.026914
0.004341
-0.0033067
-0.0033133
-0.0019626
9.3439e-05
0.00084863
-3.3555e-05
-0.02282
-0.059885
-0.034134
0.01479
0.018538
0.030998
0.038413
-0.0043357
-0.035483
-0.00072332
0.0093582
-0.01553
0.0089128
0.031888
0.018846
-0.01799
-0.038516
-0.020707
-0.0044748
0.02421
0.039664
0.020507
0.0037527
-0.0026561
-0.0027295
-0.00085509
-0.021562
-0.036542
0.0025946
0.010652
-0.016107
-0.014113
-0.0054079
0.022535
0.03909
0.02148
0.0048696
-0.0027835
0.018879
0.013369
-0.062662
-0.067396
0.015799
0.027923
-0.029827
-0.027062
0.011337
0.013793
0.028361
0.037841
0.018237
-0.0196
-0.017754
0.037611
0.0074283
-0.049085
-0.012522
0.026605
0.021344
0.0076104
-0.006805
-0.035286
-0.060026
-0.025189
0.020191
0.019909
0.0082627
0.00052151
-0.0017352
-0.0012957
-0.00043171
3.6858e-05
0.038188
0.063659
0.017325
-0.020199
-0.01793
-0.029224
-0.037375
0.0045846
0.012506
-0.037344
-0.028214
0.035069
0.052941
0.026676
-0.017747
-0.04093
-0.022987
-0.027035
-0.034279
-0.016532
-0.0028004
0.024581
0.06178
0.057544
0.023025
0.00093079
-0.0051852
-0.0037143
-0.0011841
-0.022147
-0.036852
0.003149
0.011412
-0.015426
0.0090583
0.03226
0.019362
0.0048523
-0.023919
-0.061853
-0.03547
0.036384
0.033365
-0.0090811
0.0077767
0.029799
-0.0042554
-0.032664
-0.020845
-0.0057454
0.0014042
-0.019897
0.0085832
0.077647
0.049938
-0.0083716
-0.018218
-0.010113
-0.0021889
-0.021206
-0.035967
0.0035052
0.011427
-0.015505
0.009001
0.032241
0.041652
0.042104
-0.026835
-0.05092
-0.0055071
-0.013537
-0.0072936
0.021215
0.016077
0.00503
-0.0010883
-0.023476
-0.036547
-0.018599
-0.026362
-0.036104
0.0043016
0.034285
0.021512
0.028074
0.036913
-0.0037911
-0.056843
-0.015291
0.048263
0.013558
-0.0026785
-0.0048201
-0.02484
0.0068406
0.01125
-0.01567
0.0089405
0.0095473
-0.018169
0.0068596
-0.013874
-0.077523
-0.070757
-0.050606
-0.016157
0.023798
0.01954
0.022252
0.039612
0.057409
0.05019
0.056204
0.062287
-0.054532
-0.15789
-0.092494
-0.015661
0.11059
0.30325
0.14451
-0.2933
-0.58828
-0.60401
-0.29024
-0.094206
-0.22948
-0.24296
-0.27369
-0.45201
-0.37747
-0.13205
-0.14294
-0.37898
-0.43666
-0.18844
0.041337
0.13684
0.28776
0.40555
0.38402
0.27721
0.17819
0.36474
1.0475
1.6286
1.3992
0.65979
0.14057
0.05776
0.11692
0.04551
-0.084093
-0.15383
-0.14538
-0.12445
-0.17981
-0.28818
-0.37003
-0.33161
-0.15109
0.022462
0.066617
0.097286
-0.0031031
-0.32825
-0.43222
-0.16835
0.26873
0.64005
0.65041
0.28114
-0.13657
-0.41314
-0.59742
-0.62184
-0.51843
-0.39997
-0.46406
-0.73767
-0.7756
-0.52735
-0.29343
-0.17103
-0.15745
-0.20351
-0.23415
-0.23835
-0.28726
-0.48592
-0.72773
-0.59122
0.14205
0.91613
0.97994
0.45593
0.25874
0.48237
0.57004
0.58822
0.66022
0.65825
0.6535
0.65855
0.53664
0.47647
0.63273
0.37504
-0.39555
-0.7608
-0.57256
-0.39752
-0.2816
-0.13339
-0.2498
-0.62839
-0.74425
-0.58206
-0.63888
-0.74649
-0.56716
-0.31326
-0.17638
-0.196
-0.18982
0.068321
0.38592
0.49083
0.36046
0.14671
0.13963
0.70947
1.6759
1.9758
1.0622
-0.071596
-0.43283
-0.26083
-0.068249
-0.00062475
-0.11042
-0.30587
-0.40991
-0.38556
-0.23528
-0.056954
0.068044
0.21473
0.34162
0.35224
0.12455
-0.203
-0.18738
0.16503
0.47114
0.53027
0.39779
0.18489
-0.00388
-0.11754
-0.17002
-0.19921
-0.23411
-0.24509
-0.26458
-0.34653
-0.42652
-0.45839
-0.44707
-0.39036
-0.31409
-0.25001
-0.58922
-1.2358
-1.0814
-0.14488
0.5622
0.65422
0.44284
0.40723
0.44378
0.37775
0.37714
0.46568
0.50742
0.4705
0.42592
0.34224
0.46295
0.7978
0.65913
-0.20992
-1.0681
-1.1383
-0.68305
-0.30769
-0.033381
0.26519
0.24011
-0.25574
-0.74248
-0.94865
-0.78452
-0.37234
-0.21517
-0.49206
-0.64211
-0.24374
0.25235
0.46309
0.51081
0.55672
0.89853
1.5499
2.0348
1.7922
0.74305
-0.26055
-0.53566
-0.36646
-0.14117
-0.30069
-0.76035
-0.74309
-0.38182
-0.081583
0.19564
0.32656
0.35162
0.40643
0.24751
-0.22163
-0.53608
-0.4312
0.0067738
0.515
0.74971
0.64573
0.38024
0.12125
-0.15361
-0.39487
-0.48412
-0.4943
-0.40527
-0.19678
-0.13332
-0.23272
-0.296
-0.33493
-0.31541
-0.20216
-0.18327
-0.27229
-0.26644
-0.17463
-0.10864
-0.10391
-0.17675
-0.40962
-0.58947
-0.33109
0.25531
0.71825
0.88916
0.82951
0.5437
0.21023
0.10332
0.24916
0.46169
0.48696
0.31893
0.17413
0.30669
0.59947
0.49063
0.047301
-0.25771
-0.46084
-0.64979
-0.68471
-0.58952
-0.50577
-0.48697
-0.50327
-0.46331
-0.25057
0.066151
0.11681
-0.25744
-0.64935
-0.60325
-0.25157
-0.092318
-0.24557
-0.30485
-0.026373
0.3373
0.444
0.28951
0.25865
0.7876
1.5931
1.8622
1.3216
0.42375
-0.25171
-0.51573
-0.52119
-0.45494
-0.41231
-0.34055
-0.23342
-0.11198
0.048981
0.19115
0.25281
0.25146
0.15428
-0.071672
-0.35461
-0.40847
-0.12055
0.30225
0.63553
0.67319
0.40995
0.11893
-0.10108
-0.30124
-0.40864
-0.43957
-0.38015
-0.23271
-0.13076
-0.15062
-0.20617
-0.20377
-0.18128
-0.24352
-0.3643
-0.36728
-0.27225
-0.13108
-0.028348
-0.22044
-0.48277
-0.29955
0.28534
0.72161
0.74431
0.55754
0.30354
0.13531
0.17009
0.3057
0.4352
0.3977
0.21435
0.11064
0.26596
0.56194
0.47204
0.0022921
-0.40848
-0.61029
-0.60715
-0.53113
-0.49221
-0.50503
-0.5543
-0.5486
-0.33448
0.099753
0.29199
-0.098437
-0.67549
-1.0009
-0.90556
-0.34363
0.25537
0.4245
0.29275
0.33023
0.86704
1.631
2.085
1.7848
0.73396
-0.21882
-0.45393
-0.27942
-0.12027
-0.13053
-0.31681
-0.50873
-0.52573
-0.42103
-0.32348
-0.24018
-0.099773
0.081827
0.23918
0.30753
0.32507
0.32865
0.091447
-0.35993
-0.55268
-0.28549
0.22331
0.66562
0.76229
0.50432
0.19852
-0.26314
-0.81093
-0.77475
-0.37085
-0.14856
-0.12921
-0.24407
-0.30199
-0.24381
-0.20629
-0.18922
-0.13788
-0.095434
-0.1155
-0.096584
-0.069064
-0.27881
-0.53704
-0.33179
0.26976
0.68122
0.68803
0.47739
0.26658
0.14721
0.14022
0.28212
0.42882
0.42753
0.30017
0.12329
0.19985
0.53787
0.46144
-0.092502
-0.46951
-0.53193
-0.50399
-0.73262
-1.1093
-0.85078
-0.19856
0.017742
-0.2818
-0.64528
-0.6218
-0.40343
-0.40444
-0.49058
-0.37614
-0.063836
0.22507
0.33311
0.38856
0.54117
1.0112
1.6673
2.032
1.7629
0.78908
-0.18396
-0.4996
-0.37365
-0.20009
-0.14418
-0.23117
-0.37236
-0.41554
-0.38287
-0.31996
-0.22533
-0.088794
0.091662
0.19274
0.18202
0.14346
0.10017
-0.059392
-0.3267
-0.43823
-0.19957
0.24845
0.64206
0.76004
0.53093
-0.031039
-0.66049
-0.76969
-0.43616
-0.19403
-0.12906
-0.15652
-0.22858
-0.26638
-0.23605
-0.15471
-0.13392
-0.17877
-0.15779
-0.12779
-0.056194
-0.01329
-0.24614
-0.45996
-0.22447
0.33963
0.72351
0.70027
0.50907
0.29927
0.35414
0.63472
0.58284
0.29726
0.28939
0.50552
0.41872
-0.028617
-0.37493
-0.5253
-0.61718
-0.57145
-0.46472
-0.45359
-0.42676
-0.38821
-0.33181
-0.11344
0.10003
-0.019646
-0.51791
-0.90075
-0.68343
-0.20109
-0.081231
-0.32921
-0.45078
-0.21309
0.165
0.39774
0.36428
0.40942
0.97451
1.8514
2.0659
1.2355
0.25891
-0.23443
-0.4508
-0.54275
-0.55144
-0.48751
-0.33905
-0.1445
0.039368
0.16698
0.26347
0.35717
0.39317
0.2527
-0.10151
-0.38986
-0.39948
-0.21101
0.12893
0.50809
0.68501
0.58562
0.35858
0.1062
-0.17846
-0.423
-0.58333
-0.56731
-0.30343
-0.064165
-0.092343
-0.23487
-0.29004
-0.28725
-0.2527
-0.19555
-0.19888
-0.23748
-0.258
-0.23664
-0.34204
-0.58675
-0.41487
0.23999
0.71297
0.68849
0.39831
0.1419
0.039633
0.030551
0.12204
0.29581
0.3235
0.23414
0.15594
0.20898
0.42748
0.4029
0.02925
-0.3605
-0.50532
-0.35625
-0.11285
0.16975
0.27701
-0.12727
-0.78591
-1.2131
-1.2596
-1.0149
-0.63141
-0.34384
-0.21061
-0.14112
-0.035694
0.071339
0.11807
0.14597
0.077205
-0.15343
-0.44785
-0.54765
0.48418
2.1788
2.1296
0.8027
-0.020939
-0.2089
-0.11068
-0.02718
-0.042302
-0.051641
-0.012309
0.0079496
-0.019263
-0.014777
0.043977
0.058388
0.042585
0.078578
0.061969
-0.038078
-0.037871
0.12107
0.34541
0.62129
0.79506
0.676
0.32347
-0.018053
-0.15461
-0.11247
0.0087004
0.10767
0.17614
0.1641
0.042901
-0.08835
-0.12396
-0.079421
-0.048493
-0.089438
-0.2052
-0.26051
-0.26994
-0.37587
-0.40546
-0.32226
-0.2628
-0.11551
0.18802
0.36438
0.23732
-0.0083257
-0.086651
-0.0085661
0.033709
0.0083035
-0.058957
-0.10007
-0.11799
-0.093397
-0.00037889
-0.13381
-0.45677
-0.52592
-0.34558
-0.11038
0.14531
0.32951
0.3727
0.1828
-0.39269
-1.0073
-1.0683
-0.85076
-0.82429
-0.82888
-0.71633
-0.52565
-0.2533
0.024639
0.13134
0.006867
-0.03179
0.36772
0.97797
1.5157
1.7056
1.2306
0.33882
-0.26953
-0.41667
-0.31661
-0.11523
-0.011189
-0.036275
-0.085947
-0.1646
-0.22175
-0.20704
-0.20779
-0.18546
-0.10386
0.019512
0.18374
0.29034
0.29073
0.12987
-0.085832
0.03173
0.42462
0.69496
0.70129
0.51553
0.28797
0.12994
-0.023669
-0.15216
-0.10194
0.063282
0.10963
0.063892
0.029418
-0.054252
-0.19825
-0.32155
-0.34937
-0.33343
-0.28655
-0.20947
-0.13207
-0.062922
-0.06706
-0.25235
-0.40757
-0.26986
0.057681
0.2723
0.28933
0.19472
0.081602
0.052295
0.040829
-0.022093
-0.056932
-0.089363
-0.13404
-0.13578
0.0076487
0.22262
0.039846
-0.40148
-0.45662
-0.22619
-0.056239
0.11484
0.33069
0.43798
0.34866
-0.13338
-0.81123
-1.0957
-1.0145
-0.81792
-0.61333
-0.52041
-0.47651
-0.31365
-0.095731
-0.050875
-0.10858
0.1469
0.72602
1.2749
1.6282
1.6138
0.98667
0.086185
-0.47054
-0.54599
-0.36167
-0.13212
-0.035874
-0.11065
-0.22442
-0.3489
-0.40092
-0.29286
-0.15898
-0.046722
0.01513
0.038366
0.12285
0.22417
0.25454
0.11095
-0.025904
0.12861
0.44646
0.58762
0.4731
0.25775
0.12724
0.084356
0.044588
0.034887
0.063721
0.016895
0.00088525
0.029647
-0.015628
-0.13979
-0.22786
-0.22837
-0.23886
-0.26614
-0.24887
-0.20518
-0.11483
-0.0075708
-0.025678
-0.12929
-0.14835
-0.045286
0.076716
0.078048
-0.008576
0.043858
0.16286
0.12351
0.01304
-0.024951
-0.025575
-0.032376
-0.024081
0.03763
0.060362
-0.11591
-0.30072
-0.26043
-0.12066
-0.0021336
0.057125
0.17234
0.41014
0.40724
-0.067396
-0.76052
-1.147
-1.0105
-0.67077
-0.44976
-0.40817
-0.42357
-0.31521
-0.079145
0.033315
0.047694
0.24137
0.65231
1.0548
1.2832
1.2366
0.81583
0.098931
-0.47317
-0.60718
-0.43061
-0.21851
-0.11933
-0.18531
-0.32746
-0.35524
-0.32499
-0.27852
-0.16125
-0.070436
-0.10009
-0.083895
0.061449
0.2427
0.39616
0.34084
0.08532
-0.011375
0.17345
0.36498
0.35982
0.24692
0.13052
0.076089
0.027704
-0.058778
-0.088145
-0.0026692
0.083934
0.077142
-0.008515
-0.072806
-0.046796
-0.036886
-0.088847
-0.1031
-0.076366
-0.083352
-0.082708
-0.11546
-0.18614
-0.20699
-0.13523
-0.012898
-0.0012489
-0.065084
-0.070521
-0.018754
0.020337
0.0050155
-0.00096211
0.046677
0.023569
-0.020432
0.05244
0.064564
-0.050386
-0.10794
-0.069527
0.065182
0.14369
-0.072459
-0.28676
-0.26654
-0.15694
0.008365
0.12715
0.21725
0.40617
0.4812
0.13911
-0.48027
-0.82198
-0.67502
-0.42516
-0.30713
-0.28002
-0.31496
-0.20431
0.077099
0.2961
0.34284
0.30244
0.34612
0.49105
0.64404
0.66845
0.41352
-0.098741
-0.53375
-0.59164
-0.42823
-0.31237
-0.23337
-0.15687
-0.15207
-0.23866
-0.37062
-0.42964
-0.36051
-0.23111
-0.104
0.0050303
0.11407
0.26141
0.42566
0.40246
0.1198
-0.031749
0.25077
0.46096
0.34767
0.1899
0.10574
-0.0033017
-0.028608
0.027977
-0.016301
-0.10487
-0.061796
0.027577
0.029436
-0.02231
-0.049409
-0.067893
-0.13316
-0.16433
-0.16972
-0.17951
-0.11736
0.052381
0.14518
0.10068
0.027679
-0.03481
-0.030016
0.019214
0.05325
0.029406
-0.014103
-0.0073558
-0.00073763
0.0461
0.022199
-0.16808
-0.2245
-0.10318
0.0038116
0.036368
-0.00014151
0.075013
0.34065
0.52336
0.39018
-0.10571
-0.56178
-0.53031
-0.28341
-0.12932
-0.025863
0.12884
0.44915
0.68575
0.58182
0.3471
0.20608
0.1531
-0.058252
-0.46678
-0.63628
-0.45269
-0.28554
-0.1666
-0.092748
-0.16688
-0.30153
-0.29885
-0.20212
-0.1538
-0.15918
-0.23638
-0.27785
-0.19684
-0.12235
-0.028454
0.093927
0.22886
0.38852
0.42553
0.15827
-0.068003
0.024318
0.071064
0.047439
0.10658
0.067355
-0.0317
-0.055945
-0.1004
-0.13432
-0.12974
-0.14242
-0.12353
-0.067406
-0.040988
-0.051831
-0.0035696
0.09992
0.064443
-0.050918
-0.072954
-0.040035
0.0137
0.065528
0.088057
0.036803
-0.022459
0.018439
0.10604
0.10986
-0.0050666
-0.089819
-0.08425
-0.055681
0.020331
0.014609
-0.13745
-0.1931
-0.089539
0.0096703
0.0054714
-0.099753
-0.061166
0.25037
0.47863
0.38265
0.045501
-0.19551
-0.13498
-0.0073756
0.053996
0.19587
0.46802
0.68144
0.65425
0.49357
0.34466
0.23944
-0.16138
-0.72533
-0.74786
-0.47645
-0.3872
-0.37838
-0.31802
-0.19267
-0.16802
-0.18179
-0.10932
-0.09703
-0.10907
-0.11868
-0.25368
-0.31847
-0.21932
-0.087317
0.022119
0.059759
0.12187
0.33809
0.41269
0.10187
-0.19363
-0.11639
0.039598
0.053269
0.0073501
-0.10792
-0.11477
-0.094258
-0.12973
-0.15745
-0.14566
-0.089868
-0.037127
-0.017717
-0.015857
0.0030506
0.05785
0.080348
0.057713
-0.0073131
-0.069643
-0.026473
0.04484
0.049372
-0.0051735
-0.023108
0.047491
0.10291
0.098504
0.060156
-0.0057627
-0.01625
0.015012
-0.049162
-0.1337
-0.14501
-0.16948
-0.12694
0.013147
0.03521
-0.051604
-0.053662
0.044697
0.21554
0.42297
0.52253
0.23873
-0.24135
-0.29586
0.0068331
0.24533
0.56689
0.97601
1.0381
0.76327
0.53618
0.3365
0.14684
0.086105
0.045434
-0.64616
-1.7269
-1.7217
-0.89618
-0.20299
0.019683
-0.091826
-0.11964
-0.018352
0.0071152
-0.024901
-0.056199
-0.089797
-0.1353
-0.26941
-0.33663
-0.14333
0.064329
0.15333
0.32425
0.43886
0.22172
-0.026821
-0.044299
-0.19338
-0.45282
-0.40539
-0.14551
0.072446
0.15955
0.062068
-0.088769
-0.15855
-0.141
-0.080574
-0.019296
-0.0010429
0.0037151
0.032528
0.048728
-0.017064
-0.088623
-0.079046
-0.0065266
0.084937
0.14342
0.16278
0.12816
0.058723
0.0076917
-0.044989
-0.019986
0.037291
0.024738
0.024613
0.0027126
0.012766
-0.071401
-0.33444
-0.32347
-0.10588
-0.073065
-0.10348
-0.043094
0.052008
0.13754
0.20554
0.24071
0.11612
-0.11275
-0.067093
0.25062
0.40924
0.31786
0.12572
-0.070951
-0.19321
-0.19261
-0.11097
-0.049915
-0.019271
0.037357
0.17311
0.3878
0.47341
0.34149
0.11273
-0.15272
-0.40149
-0.48602
-0.32042
-0.15124
-0.14138
-0.17329
-0.1921
-0.17466
-0.11947
-0.004751
0.11387
0.11727
0.13702
0.21709
0.21235
0.094957
-0.083533
-0.13211
-0.041159
0.0092012
-0.018039
-0.061624
-0.11555
-0.15078
-0.11982
-0.093153
-0.063262
0.01532
0.081697
0.081984
0.041116
0.064674
0.15793
0.18301
0.13403
0.048354
-0.11144
-0.17294
-0.043397
0.10398
0.21868
0.21077
0.036944
-0.060268
-0.058002
-0.077975
-0.023854
0.065979
0.046418
-0.013539
-0.0047959
-0.0048092
-0.047882
-0.073746
-0.091558
-0.1091
-0.18256
-0.29848
-0.24522
-0.13
-0.11216
-0.026293
0.15774
0.3929
0.61164
0.44129
-0.066166
-0.26126
-0.15887
-0.080617
-0.018032
-0.057275
-0.11715
-0.083271
-0.025018
0.026346
0.25426
0.62991
0.67114
0.32465
-0.093344
-0.35244
-0.36385
-0.33823
-0.3441
-0.24535
-0.094397
-0.0024759
0.018952
0.038388
-0.014318
-0.14196
-0.17206
-0.16271
-0.19468
-0.21703
-0.20156
-0.12219
0.078212
0.32368
0.39728
0.25845
0.058019
0.017959
0.079955
0.00074882
-0.087179
-0.076922
-0.089071
-0.074702
-0.041381
-0.069132
-0.073728
-0.0078012
0.041456
0.013579
-0.01887
0.0074485
0.034395
0.023051
0.0073549
0.02395
0.063459
0.060131
0.071989
0.14392
0.16707
0.074305
0.0016171
0.06359
0.12709
0.13329
0.16594
0.12023
0.012703
0.017285
0.070778
0.10775
0.076433
-0.087346
-0.23818
-0.32653
-0.36072
-0.26427
-0.098245
0.034343
0.062984
-0.039545
-0.074942
0.049724
0.18661
0.31335
0.2663
-0.047156
-0.22154
-0.13919
-0.033764
0.056117
0.087008
-0.02605
-0.15244
-0.16574
-0.12308
0.066458
0.47396
0.70915
0.52248
0.20049
-0.076312
-0.283
-0.37332
-0.33743
-0.20026
-0.18276
-0.18406
-0.05605
-0.013843
-0.065451
-0.11144
-0.17322
-0.17989
-0.10136
-0.023565
0.010557
0.035353
0.088856
0.16306
0.23697
0.19738
0.064446
0.03546
0.055317
0.016605
-0.033301
-0.042456
-0.067358
-0.12726
-0.13874
-0.11028
-0.086668
-0.077494
-0.010572
0.099363
0.11142
0.046382
-0.00080863
-0.038018
-0.07372
-0.044123
0.028865
0.02337
-0.019425
0.026137
0.12996
0.1675
0.10302
0.053801
0.035823
0.034895
0.084166
0.11724
0.038599
-0.066191
-0.074032
-0.0078557
0.039889
-0.014903
-0.080028
-0.1276
-0.21405
-0.27413
-0.20646
-0.098267
-0.10534
-0.13586
-0.044047
0.17552
0.47347
0.61972
0.31551
-0.19505
-0.39796
-0.2473
-0.021725
0.096792
0.039854
-0.07384
-0.070477
-0.044702
-0.069283
-0.083567
0.28419
0.93749
0.93576
0.28272
-0.29678
-0.4897
-0.40114
-0.28665
-0.23195
-0.17278
-0.074621
-0.029384
-0.075785
-0.17428
-0.23362
-0.19941
-0.15476
-0.15106
-0.10936
-0.0089421
0.10031
0.20926
0.25382
0.11332
-0.032248
0.059572
0.17789
0.15853
0.11401
0.067663
-0.015473
-0.080141
-0.14581
-0.20066
-0.15292
-0.063301
0.0072475
0.056796
0.044788
-0.021176
-0.083282
-0.062625
0.015851
0.061851
0.046581
0.0015667
0.017174
0.11309
0.12585
0.028064
0.0043711
0.077482
0.16733
0.21483
0.17121
0.11003
0.063967
0.0090078
-0.017952
0.044055
0.091605
0.0095458
-0.071552
-0.13142
-0.25277
-0.28517
-0.17478
-0.072112
-0.027241
-0.11119
-0.23812
-0.101
0.26401
0.45996
0.26969
-0.11441
-0.29411
-0.18726
-0.025273
0.087723
0.10682
-0.022941
-0.16425
-0.19527
-0.15442
-0.10595
-0.054592
-0.0047032
0.18223
0.60938
0.86303
0.6162
0.10067
-0.28171
-0.33022
-0.193
-0.15313
-0.17029
-0.13757
-0.14231
-0.18183
-0.22818
-0.24275
-0.14495
0.02017
0.1185
0.13088
0.11586
0.14125
0.16405
0.054745
-0.062513
-0.03642
0.06297
0.17433
0.21895
0.064874
-0.16291
-0.23687
-0.18704
-0.14066
-0.089349
-0.019996
0.017703
8.1034e-05
-0.0016437
0.0031405
-0.05508
-0.095926
-0.026315
0.027894
-0.027636
-0.059859
0.014629
0.078412
0.082888
0.10572
0.11492
0.081938
0.070091
0.10244
0.12488
0.093268
0.071017
0.088079
0.034843
-0.054245
-0.036899
-0.033165
-0.0088856
-0.013704
-0.21847
-0.30334
-0.17342
-0.1158
-0.17979
-0.25398
-0.21648
0.0099757
0.30347
0.45588
0.31583
-0.0093672
-0.15226
-0.07518
-0.0201
-0.014234
-0.018745
-0.061615
-0.13455
-0.18848
-0.16017
-0.083342
-0.032867
0.078899
0.41546
0.82777
0.81194
0.32151
-0.11812
-0.29034
-0.25904
-0.13846
-0.049909
-0.035442
-0.16934
-0.31014
-0.29645
-0.26206
-0.22955
-0.050747
0.10345
0.0481
0.03927
0.19425
0.21822
0.035132
-0.066293
0.01994
0.16426
0.22301
0.13864
0.025673
-0.063892
-0.1582
-0.1955
-0.16856
-0.13173
-0.082362
-0.010836
0.034613
-0.022164
-0.094435
-0.087057
-0.063308
-0.034246
-0.019352
-0.023908
-0.0063393
0.042074
0.083022
0.094798
0.086789
0.041817
0.095476
0.20936
0.17771
0.13043
0.1666
0.10726
0.04111
0.07275
0.05669
0.0052887
-0.025299
-0.058427
-0.14305
-0.24858
-0.26229
-0.17839
-0.066421
-0.044607
-0.1725
-0.24184
-0.04917
0.28223
0.48289
0.28648
-0.18591
-0.35124
-0.16801
-0.055302
-0.017655
0.055999
0.036087
-0.089215
-0.173
-0.20071
-0.17572
-0.10019
0.46159
1.3695
1.3228
0.38045
-0.32979
-0.50717
-0.40382
-0.26175
-0.14338
-0.081172
-0.080251
-0.15799
-0.2763
-0.2774
-0.23061
-0.24948
-0.1808
-0.04409
0.027992
0.098707
0.14862
0.078505
-0.088575
-0.074975
0.21159
0.36096
0.27914
0.20533
0.1299
-0.011345
-0.11669
-0.17231
-0.20638
-0.18627
-0.14639
-0.073169
0.018211
0.061542
-0.012493
-0.12315
-0.10928
-0.05218
-0.04213
-0.026129
0.015892
0.0065888
-0.055296
-0.055679
-0.031231
-0.042711
0.13107
0.39872
0.39945
0.20085
0.06709
0.05729
0.057159
0.058884
0.072559
0.032199
0.020248
0.027531
-0.0878
-0.23364
-0.2217
-0.15188
-0.14292
-0.14874
-0.19853
-0.24578
-0.1205
0.14728
0.33374
0.24091
-0.044828
-0.1614
-0.079881
-0.049704
-0.040795
-0.020039
-0.10379
-0.17555
-0.18133
-0.18003
-0.11394
-0.027793
0.022345
0.20148
0.6549
1.0064
0.91768
0.57809
0.15743
-0.19899
-0.2813
-0.21359
-0.20293
-0.15435
-0.073561
-0.098112
-0.17711
-0.25077
-0.31084
-0.25363
-0.15605
-0.14254
-0.11364
-0.021959
0.070633
0.13557
0.17585
0.10928
-0.07339
-0.14791
-0.048902
0.077697
0.16003
0.16395
0.15357
0.13276
-0.0016884
-0.16983
-0.23987
-0.20285
-0.12997
-0.048337
7.1012e-05
-0.0066963
-0.06088
-0.12591
-0.12909
-0.073702
-0.017072
-0.0017034
-0.012296
-0.039544
-0.084662
-0.11368
-0.057576
0.070019
0.090805
0.04007
0.072144
0.13585
0.12345
0.10602
0.13233
0.08769
0.075684
0.12623
0.13254
0.15309
0.14485
0.057303
-0.024043
-0.034734
-0.03862
-0.094273
-0.13136
-0.17641
-0.22312
-0.19045
-0.1911
-0.25591
-0.21365
0.049
0.37497
0.42466
0.084743
-0.21404
-0.12092
-0.017737
-0.05495
-0.0092621
-0.061991
-0.18053
-0.18115
-0.17293
-0.18023
-0.11899
0.044472
0.45394
0.94859
1.0354
0.77309
0.53244
0.25291
-0.15695
-0.43606
-0.42979
-0.23331
-0.057866
0.012472
-0.023758
-0.12752
-0.19542
-0.24329
-0.35139
-0.42191
-0.30168
-0.1386
-0.059512
0.040657
0.16468
0.25648
0.20126
-0.083241
-0.18127
0.083797
0.28435
0.25514
0.17563
0.095466
-0.035827
-0.15391
-0.26569
-0.29467
-0.16012
-0.036425
0.0089256
0.040311
-0.0025772
-0.10355
-0.13889
-0.11559
-0.088995
-0.081366
-0.071826
-0.044696
-0.031565
0.020996
0.11006
0.1562
0.19806
0.25284
0.26167
0.17741
0.062889
0.025763
0.034149
0.058603
0.057038
0.038702
0.082108
0.10502
0.050262
-0.090301
-0.26285
-0.29457
-0.19754
-0.14641
-0.16353
-0.20845
-0.24232
-0.10404
0.19846
0.36143
0.20835
-0.12009
-0.26873
-0.097692
0.066721
0.053111
0.0059904
-0.06781
-0.21124
-0.18486
0.31718
0.92456
1.08
0.82792
0.49304
0.17487
-0.19993
-0.46201
-0.43715
-0.26659
-0.13287
0.0063023
0.060583
-0.061699
-0.19739
-0.32122
-0.43238
-0.42942
-0.34664
-0.21323
-0.067447
-0.026262
-0.0065361
0.1712
0.29779
0.074224
-0.14774
0.045276
0.3514
0.40572
0.13253
-0.24448
-0.38259
-0.26928
-0.091724
0.002009
-0.012832
-0.055027
-0.099947
-0.13056
-0.10391
-0.086157
-0.086336
-0.064346
-0.041799
0.013245
0.041022
0.007721
0.0081285
0.027486
0.050566
0.10443
0.12003
0.1834
0.30838
0.28001
0.15931
0.099321
0.083313
0.086521
0.10668
0.13837
0.11131
0.00055764
-0.060783
-0.087081
-0.17809
-0.24298
-0.22332
-0.1986
-0.16776
-0.012415
0.10595
-0.055681
-0.22436
-0.12707
-0.021353
-0.072716
-0.1021
-0.087923
-0.12974
-0.23766
-0.30895
-0.22426
-0.089399
0.039482
0.41646
1.0089
1.2393
0.97844
0.62182
0.27935
-0.056675
-0.23461
-0.23869
-0.20456
-0.17248
-0.13519
-0.10441
-0.14485
-0.30279
-0.40422
-0.36952
-0.31904
-0.2933
-0.20622
-0.043061
0.11745
0.22434
0.21835
0.083683
-0.077234
-0.05854
0.095481
0.19147
0.23575
0.20578
0.11926
0.064952
-0.046448
-0.22894
-0.33705
-0.30451
-0.19313
-0.15048
-0.14228
-0.089968
-0.035313
-0.022709
-0.016036
-0.0091005
-0.061464
-0.12145
-0.11928
-0.055269
0.019955
0.09213
0.098392
0.094395
0.14868
0.18928
0.2482
0.26527
0.16295
0.087482
0.10995
0.15394
0.082778
-0.048756
-0.083871
-0.0098336
0.038929
-0.080579
-0.1978
-0.22932
-0.23169
-0.20518
-0.2662
-0.30729
-0.18293
0.06415
0.26103
0.15416
-0.094807
-0.1702
-0.18095
-0.24581
-0.25725
-0.20185
-0.14245
-0.065196
0.055459
0.40994
0.96874
1.2039
1.0084
0.65925
0.26312
-0.074427
-0.28626
-0.31701
-0.23656
-0.12651
-0.063658
-0.096834
-0.1555
-0.26041
-0.35155
-0.33092
-0.3008
-0.26495
-0.16387
-0.042375
0.064751
0.15821
0.21115
0.053376
-0.20248
-0.12832
0.18424
0.32913
0.1912
-0.091611
-0.23384
-0.18777
-0.095896
-0.008324
0.013631
-0.0075246
-0.058799
-0.16838
-0.23152
-0.13954
-0.015987
-0.0013683
0.0046639
0.025611
-0.030726
-0.09854
-0.070534
-0.018259
0.028332
0.10677
0.11311
0.099239
0.15174
0.23388
0.31454
0.29128
0.19522
0.07816
-0.0039395
0.013288
0.024463
0.056153
0.095627
0.075049
0.014871
-0.15369
-0.31834
-0.31136
-0.21643
-0.15365
-0.081503
0.035558
-0.013376
-0.12553
-0.12799
-0.16546
-0.16334
-0.075018
-0.08326
-0.21154
-0.31646
-0.32306
-0.20261
-0.0082496
0.17681
0.58736
1.157
1.272
0.93037
0.6369
0.44227
0.05945
-0.31954
-0.34837
-0.2674
-0.20498
-0.090366
-0.09979
-0.18573
-0.23407
-0.42559
-0.60828
-0.42143
-0.074751
0.12438
0.13214
-0.0026301
-0.09353
-0.042103
0.09857
0.26598
0.31617
0.29988
0.28777
0.15951
-0.07761
-0.25914
-0.26576
-0.18807
-0.090429
0.045806
0.11929
0.080373
0.01327
-0.013695
0.00059784
0.027491
0.088698
0.13957
0.12605
0.077152
0.019052
0.054893
0.091712
-0.037939
-0.12358
-0.094038
-0.0069267
0.052771
0.07726
0.094216
0.083078
0.016595
-0.079862
-0.093105
-0.012857
0.0070809
-0.083482
-0.17963
-0.20325
-0.19137
-0.25645
-0.24055
-0.001552
0.31819
0.4125
0.11093
-0.3787
-0.53315
-0.29303
-0.061425
0.0046518
-0.010273
-0.059191
-0.10148
-0.086712
-0.012495
0.096273
0.14817
0.13421
0.12936
0.48585
1.1518
1.493
1.3902
1.0059
0.44481
-0.097268
-0.47754
-0.53188
-0.59761
-0.86987
-0.93552
-0.78572
-0.58942
-0.35525
-0.12324
0.057847
0.097502
0.08777
0.19923
0.24463
0.070567
0.018851
0.26975
0.50527
0.50018
0.4102
0.29707
0.057125
-0.20144
-0.3035
-0.25707
-0.15138
-0.014661
0.10798
0.11638
0.042343
-0.014613
-0.073992
-0.088209
-0.037257
-0.0016887
0.042739
0.10922
0.076792
0.023128
0.018645
-0.090937
-0.20509
-0.2414
-0.22021
-0.11338
0.0026157
-0.037096
-0.071545
0.004126
-0.042682
-0.18953
-0.19059
-0.10972
-0.046228
-0.0061508
-0.10819
-0.24704
-0.20415
-0.17826
-0.2512
-0.15649
0.10166
0.36616
0.49145
0.25124
-0.23792
-0.49774
-0.42355
-0.28838
-0.1783
-0.052735
0.043812
0.11542
0.14421
0.12828
0.13346
0.19592
0.25147
0.48416
0.99811
1.4142
1.4714
1.2632
0.95245
0.52011
-0.073133
-0.70136
-1.1539
-1.0429
-0.5712
-0.34062
-0.43115
-0.602
-0.67164
-0.53545
-0.21975
0.020521
0.10482
0.20607
0.32755
0.27536
-0.024685
-0.20159
0.049572
0.51232
0.79562
0.78451
0.60176
0.31353
-0.010566
-0.24263
-0.26241
-0.10456
0.02874
0.069101
0.10428
0.1524
0.13627
0.073747
0.036373
0.11208
0.20352
0.1436
0.108
0.22922
0.3017
0.14151
-0.19485
-0.49765
-0.5692
-0.44679
-0.27571
-0.1319
-0.095854
-0.10007
-0.037098
-0.023328
-0.14034
-0.2583
-0.2248
-0.044909
0.078718
-0.08929
-0.36137
-0.44612
-0.44641
-0.37281
-0.091387
0.21854
0.35488
0.2473
-0.082874
-0.44822
-0.59161
-0.48798
-0.31594
-0.12991
0.013437
0.19063
0.51481
0.56897
0.48947
0.72071
1.1614
1.4752
1.4663
1.088
0.48924
-0.186
-0.59189
-0.64943
-0.5947
-0.48024
-0.35242
-0.33919
-0.40508
-0.45149
-0.55294
-0.67856
-0.64517
-0.4105
-0.08944
0.082142
0.095447
0.16765
0.31495
0.25805
-0.015629
-0.10588
0.15597
0.59743
0.88877
0.86329
0.60231
0.25318
-0.031453
-0.19842
-0.19273
-0.033995
0.10492
0.15702
0.17823
0.14383
0.10263
0.17359
0.26662
0.20456
0.092459
0.05537
0.089148
0.15126
0.20103
0.17742
-0.021491
-0.35799
-0.59467
-0.66724
-0.53877
-0.2693
-0.10896
-0.063424
-0.02452
-0.031475
-0.11517
-0.21148
-0.24975
-0.22689
-0.10377
0.0081968
-0.11387
-0.28997
-0.37116
-0.47986
-0.40869
-0.023255
0.3165
0.32168
-0.0098785
-0.36572
-0.44831
-0.30574
-0.18712
-0.23083
-0.23732
-0.10432
0.019219
0.11563
0.42738
0.82266
1.0074
1.2407
1.5322
1.6647
1.4596
0.76773
-0.16291
-0.74075
-0.8156
-0.67005
-0.4219
-0.23741
-0.24919
-0.33234
-0.44235
-0.6224
-0.71587
-0.59238
-0.33116
-0.10056
0.01829
0.11424
0.25261
0.37983
0.29608
-0.045053
-0.20476
0.13038
0.62084
0.8267
0.70037
0.45303
0.22601
-0.011023
-0.16841
-0.10639
0.057039
0.16553
0.2027
0.16405
0.091531
0.1019
0.16483
0.15246
0.10533
0.094099
0.16669
0.27536
0.28578
0.27686
0.23336
-0.084751
-0.50277
-0.76451
-0.768
-0.50034
-0.19596
-0.085776
-0.10525
-0.11782
-0.13024
-0.1989
-0.29319
-0.30679
-0.26929
-0.11016
0.12068
0.0084179
-0.33741
-0.51099
-0.57314
-0.48805
-0.11836
0.2903
0.35984
-0.0093313
-0.4102
-0.51966
-0.46734
-0.31633
-0.19947
-0.21314
-0.18269
-0.071054
0.067105
0.1752
0.31817
0.49669
0.59513
0.54177
0.33407
0.29703
0.78987
1.4133
1.6397
1.3372
0.57597
-0.2262
-0.64561
-0.71916
-0.62827
-0.39494
-0.1917
-0.20682
-0.33085
-0.49386
-0.64277
-0.6607
-0.52307
-0.27064
-0.043247
0.061017
0.14383
0.28963
0.43526
0.36862
-0.034605
-0.37846
-0.13447
0.50986
0.95335
0.99021
0.73753
0.38523
0.085572
-0.14863
-0.22196
-0.070237
0.14196
0.24993
0.27138
0.26768
0.21486
0.15539
0.15607
0.1143
0.081414
0.141
0.15385
0.17235
0.17249
0.17114
0.3171
0.38629
0.15591
-0.3008
-0.65955
-0.73594
-0.66578
-0.48155
-0.26817
-0.35498
-0.65456
-0.63854
-0.36331
-0.089682
0.10098
0.014499
-0.2685
-0.47464
-0.48279
-0.31971
-0.0043859
0.31665
0.33614
-0.050716
-0.56048
-0.73155
-0.49922
-0.19356
-0.14448
-0.2835
-0.24847
-0.064986
0.070251
0.18435
0.30778
0.40345
0.51079
0.58392
0.48662
0.27008
0.36561
1.0928
1.7647
1.6488
0.66777
-0.53893
-0.90572
-0.59192
-0.41692
-0.45587
-0.52304
-0.49549
-0.36639
-0.2244
-0.045635
0.12636
0.17475
0.20247
0.24466
0.12667
-0.15419
-0.24513
0.062219
0.51594
0.79362
0.73764
0.53337
0.29262
0.015084
-0.12227
-0.058253
0.10901
0.26538
0.29189
0.21768
0.16245
0.15869
0.15338
0.14174
0.13695
0.11347
0.093674
0.097303
0.33351
0.57751
0.15252
-0.53023
-0.81963
-0.74092
-0.48608
-0.25927
-0.18415
-0.23129
-0.26986
-0.29499
-0.29121
-0.28668
-0.3526
-0.30921
-0.094851
0.088117
0.011302
-0.2638
-0.35127
-0.23567
-0.3086
-0.60964
-0.72064
-0.42275
-0.086411
-0.099755
-0.36456
-0.40782
-0.081578
0.21434
0.25291
0.31323
0.44814
0.50611
0.46614
0.35029
0.13965
0.18063
0.78715
1.3865
1.4608
0.98845
0.070259
-0.70469
-0.77294
-0.47054
-0.35769
-0.38775
-0.4356
-0.45901
-0.37604
-0.19536
0.007147
0.13787
0.17903
0.19914
0.18976
0.054357
-0.19227
-0.30384
-0.032422
0.48691
0.85029
0.87213
0.63654
0.33173
0.082803
-0.061959
-0.036682
0.13037
0.28889
0.33339
0.2843
0.22515
0.17286
0.1337
0.085332
0.044385
0.043302
0.077706
0.33247
0.64289
0.48098
-0.15296
-0.67749
-0.85246
-0.80533
-0.58596
-0.3272
-0.26288
-0.28616
-0.29149
-0.34088
-0.38815
-0.38843
-0.33892
-0.21931
-0.047758
0.093726
0.018732
-0.21617
-0.39853
-0.48549
-0.3183
0.07776
0.37951
0.16275
-0.47857
-0.80286
-0.64381
-0.24559
0.09217
0.15281
0.10658
0.19375
0.36598
0.56496
0.65893
0.52202
0.24845
-0.019348
0.20403
1.0049
1.5141
1.2271
0.39796
-0.28204
-0.50004
-0.45624
-0.3457
-0.33591
-0.36187
-0.2686
-0.1388
-0.0084955
0.11777
0.1336
0.10925
0.14198
0.041316
-0.18898
-0.20756
0.089742
0.48465
0.71779
0.74154
0.5902
0.34092
0.10931
-0.055509
-0.049451
0.055134
0.1545
0.2385
0.23191
0.13809
0.088208
0.11625
0.10848
0.032021
0.12475
0.42792
0.55286
0.45687
0.04352
-0.63343
-0.88768
-0.63915
-0.40691
-0.32958
-0.3584
-0.37682
-0.31651
-0.3005
-0.38465
-0.44293
-0.37332
-0.2715
-0.21995
-0.12535
-0.0035316
-0.069969
-0.23787
-0.10949
0.0026224
-0.39216
-0.75588
-0.44491
0.12371
0.26682
0.024603
-0.21401
-0.21267
0.01531
0.19683
0.27529
0.34481
0.37333
0.41364
0.48352
0.43291
0.16072
-0.20235
-0.14692
0.58882
1.3487
1.2862
0.47548
-0.16988
-0.33017
-0.28391
-0.23594
-0.24508
-0.20361
-0.11266
-0.071964
-0.075486
-0.050743
0.026468
0.071118
-0.06217
-0.33825
-0.37245
-0.060346
0.2335
0.47001
0.66715
0.6048
0.28421
-0.10954
-0.40659
-0.47446
-0.36453
-0.22381
-0.073981
0.035603
0.032011
-0.052753
-0.098428
-0.090478
-0.11249
-0.13808
-0.15271
-0.17564
-0.18548
-0.25313
-0.41384
-0.50719
-0.38817
0.031568
0.57878
0.77924
0.58096
0.26483
0.064492
0.034131
0.059242
0.094517
0.18495
0.23562
0.11626
0.14487
0.4006
0.36004
-0.035563
-0.41048
-0.55262
-0.45576
-0.31944
-0.33175
-0.45829
-0.60547
-0.59322
-0.17097
0.46036
0.70728
0.27998
-0.41827
-0.72814
-0.52725
-0.15678
0.0047904
-0.10338
-0.20735
-0.042108
0.60787
1.375
1.7121
1.4341
0.65444
-0.019085
-0.25996
-0.23411
-0.092014
-0.024116
-0.12322
-0.23767
-0.28036
-0.33106
-0.35449
-0.25703
-0.083907
0.079583
0.16561
0.13268
0.049937
0.030793
-0.035862
-0.20259
-0.27083
-0.1251
0.28162
0.70989
0.77517
0.47938
0.10114
-0.1836
-0.36058
-0.39057
-0.32375
-0.1994
-0.030308
0.075018
0.09691
0.05145
-0.12945
-0.32541
-0.32798
-0.21981
-0.17899
-0.19575
-0.12154
0.00052504
-0.085036
-0.26371
-0.22883
0.051771
0.38235
0.45431
0.28812
0.092732
-0.022534
0.052933
0.17804
0.20259
0.17108
0.11253
0.075595
0.22911
0.54014
0.51437
0.040895
-0.36279
-0.48032
-0.44228
-0.47509
-0.54558
-0.3655
-0.18318
-0.26013
-0.50231
-0.73593
-0.63641
-0.32819
-0.32093
-0.45859
-0.33103
-0.018764
0.2628
0.34311
0.2477
0.25029
0.55459
1.1565
1.7899
1.7677
0.85465
-0.092914
-0.36487
-0.17972
-0.035096
-0.082876
-0.15792
-0.23788
-0.3374
-0.32829
-0.19818
-0.083416
-0.02746
0.038646
0.11529
0.17504
0.24523
0.24123
0.051875
-0.21168
-0.33665
-0.23264
0.047514
0.33809
0.44736
0.34888
0.16497
-0.0048696
-0.15495
-0.29333
-0.40039
-0.38647
-0.27495
-0.1398
-0.0333
-0.091737
-0.23123
-0.26126
-0.3265
-0.47632
-0.46973
-0.42731
-0.54608
-0.63569
-0.35295
0.24987
0.54782
0.45103
0.43849
0.44217
0.29971
0.12238
0.051753
0.17078
0.34011
0.34033
0.23778
0.27949
0.34917
0.12825
-0.2175
-0.42419
-0.50679
-0.52877
-0.53995
-0.436
-0.13116
0.26912
0.46365
0.18846
-0.35217
-0.78945
-0.87456
-0.54075
-0.21075
-0.18899
-0.19837
-0.07553
0.11816
0.23154
0.13613
0.11125
0.55238
1.2671
1.7481
1.6893
0.87692
-0.21817
-0.71781
-0.66851
-0.50914
-0.35943
-0.19913
-0.014384
0.084559
0.075887
0.080281
0.085797
0.14813
0.20406
-0.015406
-0.35613
-0.39356
-0.074121
0.34946
0.6384
0.70721
0.56758
0.24908
-0.07293
-0.2517
-0.3293
-0.35265
-0.29702
-0.19099
-0.1001
-0.035532
-0.094092
-0.23634
-0.28591
-0.39682
-0.58309
-0.49328
-0.16186
0.094029
0.066562
-0.12543
-0.10603
0.16213
0.3923
0.4247
0.2956
0.13293
0.045292
0.083142
0.24244
0.33102
0.26306
0.18982
0.10629
0.059829
0.037742
-0.14498
-0.33259
-0.40935
-0.49454
-0.55634
-0.40445
0.088608
0.46635
0.26494
-0.2797
-0.81287
-0.95947
-0.59174
-0.18744
-0.13594
-0.27328
-0.30752
-0.12859
0.17376
0.32223
0.30843
0.37576
0.7171
1.2475
1.6311
1.5585
0.84479
-0.013057
-0.33347
-0.22402
-0.09771
-0.11925
-0.23197
-0.33975
-0.40285
-0.33843
-0.13677
0.033156
0.070627
0.030669
-0.12734
-0.34818
-0.36176
-0.06439
0.36725
0.63442
0.65342
0.50043
0.20111
-0.058521
-0.17676
-0.25658
-0.30224
-0.29896
-0.27209
-0.2128
-0.1571
-0.16042
-0.22899
-0.28385
-0.25988
-0.2054
-0.20485
-0.22093
-0.23171
-0.29136
-0.27159
-0.046688
0.15418
0.16002
0.19172
0.32132
0.32074
0.18134
0.057596
0.075374
0.27454
0.39029
0.30626
0.17776
0.23949
0.52575
0.46242
-0.058106
-0.39017
-0.37256
-0.36665
-0.41812
-0.37978
-0.3668
-0.40316
-0.29367
-0.001046
0.27912
0.27531
-0.085657
-0.46675
-0.71341
-0.74462
-0.46035
-0.28456
-0.44127
-0.52239
-0.23713
0.16918
0.29735
0.22693
0.33663
0.69033
1.2004
1.7221
1.6976
0.8227
-0.10889
-0.40378
-0.29834
-0.13839
-0.099136
-0.20504
-0.33861
-0.41998
-0.36431
-0.1575
0.013069
0.048502
0.096854
0.19774
0.24891
0.21306
0.13683
-0.029946
-0.31212
-0.44472
-0.2504
0.11993
0.42248
0.55791
0.5546
0.46346
0.24099
-0.027284
-0.14162
-0.22689
-0.31616
-0.25223
-0.14037
-0.11087
-0.12797
-0.21709
-0.35329
-0.40662
-0.33722
-0.25495
-0.24048
-0.1892
-0.075894
-0.030275
-0.031884
-0.13215
-0.40147
-0.4327
-0.07738
0.18969
0.1927
0.21825
0.40103
0.53549
0.47199
0.28791
0.13223
0.12047
0.21073
0.25728
0.18742
0.23693
0.49759
0.46603
0.062732
-0.26728
-0.42615
-0.48585
-0.46729
-0.43496
-0.4484
-0.46452
-0.3614
0.027803
0.54467
0.64373
0.091057
-0.69938
-1.098
-0.89212
-0.48186
-0.41395
-0.49307
-0.24117
0.082799
0.36389
0.83809
1.3637
1.72
1.5793
0.78466
-0.053891
-0.36219
-0.23523
-0.095593
-0.18109
-0.31268
-0.37251
-0.39223
-0.3906
-0.28491
-0.096714
0.032934
0.1501
0.24446
0.26909
0.25041
0.22849
0.07662
-0.2346
-0.35754
-0.20639
0.083083
0.41372
0.5743
0.48128
0.30605
0.13631
0.0066428
-0.10422
-0.22202
-0.29376
-0.29883
-0.19079
-0.073775
-0.13206
-0.28057
-0.35984
-0.37251
-0.33321
-0.23986
-0.14472
-0.077268
-0.045004
-0.036257
-0.0043281
0.022275
-0.0061826
0.021129
0.19873
0.38018
0.35458
0.1703
0.076853
0.16086
0.23425
0.22581
0.18509
0.26198
0.53957
0.53226
0.041498
-0.40668
-0.5772
-0.59071
-0.50576
-0.42805
-0.41011
-0.39125
-0.28534
0.013647
0.44606
0.60652
0.16616
-0.59066
-1.0877
-1.1114
-0.8007
-0.44962
-0.34966
-0.34268
-0.12617
0.24987
0.46797
0.37312
1.1598
2.5949
2.3323
0.814
-0.17362
-0.49992
-0.52325
-0.49949
-0.49987
-0.48549
-0.41897
-0.27953
-0.095277
0.08414
0.18806
0.17155
0.12728
0.066849
-0.028517
-0.17419
-0.32709
-0.30086
-0.049273
0.37782
0.75701
0.77056
0.52961
0.29012
0.073322
-0.12216
-0.25431
-0.30504
-0.2982
-0.24818
-0.17856
-0.14859
-0.18843
-0.28974
-0.4231
-0.50965
-0.42677
-0.21051
0.01451
0.072892
-0.078492
-0.14971
-0.0037473
0.17754
0.28633
0.31466
0.21176
0.047321
0.014695
0.12896
0.29184
0.38538
0.3102
0.18607
0.16309
0.29402
0.25279
-0.18277
-0.46402
-0.44174
-0.44016
-0.45471
-0.42132
-0.28896
-0.03307
0.23141
0.33264
0.05309
-0.51922
-0.89271
-0.74307
-0.40369
-0.40963
-0.61387
-0.54544
-0.16118
0.22528
0.42188
0.45176
0.39725
0.66644
1.3634
1.8748
1.7252
0.84989
-0.072193
-0.35005
-0.19317
-0.01566
-0.22548
-0.74858
-0.82324
-0.38993
-0.011932
0.1663
0.22417
0.14944
0.029336
-0.0033474
-0.086456
-0.28416
-0.34987
-0.07559
0.38494
0.68885
0.71407
0.49759
0.21312
0.0045186
-0.20497
-0.36894
-0.38441
-0.3064
-0.23693
-0.15753
-0.059234
-0.065223
-0.1916
-0.27367
-0.25935
-0.22949
-0.1932
-0.17312
-0.23731
-0.27671
-0.21623
-0.036509
0.23894
0.36938
0.33396
0.31381
0.23443
0.061508
0.0089586
0.17376
0.33984
0.31292
0.21571
0.19096
0.29175
0.50135
0.40823
-0.025531
-0.33845
-0.46685
-0.66503
-0.89535
-0.69783
-0.18972
0.050664
0.045652
-0.14476
-0.58715
-0.88905
-0.73091
-0.39751
-0.33091
-0.46425
-0.38318
-0.02425
0.30267
0.41103
0.3404
0.33891
0.73693
1.4443
1.966
1.758
0.824
-0.10154
-0.4609
-0.32907
-0.1113
-0.12803
-0.26255
-0.38128
-0.50456
-0.49227
-0.21965
0.095434
0.27092
0.35726
0.18881
-0.23101
-0.44446
-0.2944
0.078103
0.49747
0.69998
0.58815
0.30156
0.022244
-0.13853
-0.2496
-0.33882
-0.33386
-0.29224
-0.24506
-0.16359
-0.10069
-0.13969
-0.26281
-0.33485
-0.3313
-0.33689
-0.28246
-0.16443
-0.097295
-0.12406
-0.18456
-0.25024
-0.44194
-0.1327
0.82585
1.1146
0.60593
0.22928
0.20063
0.31335
0.34452
0.248
0.13891
0.21357
0.47353
0.43987
-0.0017375
-0.33347
-0.44475
-0.51213
-0.57945
-0.63258
-0.59005
-0.4688
-0.29993
-0.11634
0.047483
0.12569
0.021937
-0.26666
-0.61341
-0.74539
-0.54724
-0.34135
-0.33284
-0.18375
0.34744
1.0884
1.6874
2.018
1.8137
0.88621
-0.07864
-0.45085
-0.36231
-0.23404
-0.30461
-0.43432
-0.51606
-0.49816
-0.37331
-0.25911
-0.13327
0.048
0.19002
0.22271
0.15709
0.10299
0.13728
0.036695
-0.29462
-0.44204
-0.19626
0.23601
0.62156
0.7322
0.54292
0.24143
-0.055532
-0.2609
-0.31786
-0.31109
-0.31005
-0.25909
-0.10888
-0.026271
-0.13511
-0.26474
-0.26391
-0.25674
-0.27864
-0.24076
-0.18378
-0.13479
-0.13251
-0.13298
0.025519
0.25161
0.368
0.35341
0.31982
0.27977
0.13714
0.055084
0.14855
0.26701
0.30311
0.2659
0.1729
0.19814
0.42137
0.38008
-0.044184
-0.36224
-0.48189
-0.58018
-0.58769
-0.47551
-0.41133
-0.4051
-0.32207
-0.069114
0.17344
0.1014
-0.18888
-0.57239
-0.87791
-0.74534
-0.34405
-0.11321
-0.018178
0.070382
0.34801
0.91716
1.4309
1.7325
1.5703
0.73518
-0.072248
-0.32083
-0.24782
-0.12373
-0.13805
-0.28221
-0.39533
-0.42264
-0.37052
-0.27733
-0.17881
-0.052272
0.12877
0.27721
0.32329
0.34071
0.30103
0.044336
-0.34261
-0.51524
-0.36096
0.017933
0.45157
0.69772
0.70858
0.5167
0.20428
-0.083092
-0.24995
-0.25614
-0.26392
-0.29274
-0.26231
-0.25446
-0.25711
-0.26866
-0.29613
-0.24351
-0.18053
-0.21857
-0.25028
-0.25016
-0.20159
-0.28339
-0.49747
-0.35294
0.09277
0.41863
0.48633
0.36013
0.11966
-0.042681
0.077865
0.2567
0.26764
0.20753
0.157
0.27356
0.49887
0.37848
-0.01863
-0.28186
-0.29544
-0.18643
-0.14456
-0.05193
0.1449
0.098885
-0.40336
-1.0582
-1.3573
-1.1842
-0.84446
-0.652
-0.5757
-0.37972
-0.062045
0.15608
0.27109
0.15424
-0.08143
0.37583
1.394
2.0915
1.9139
0.9435
-0.04265
-0.43969
-0.3664
-0.10162
0.061233
-0.0039028
-0.18282
-0.25612
-0.17783
-0.064308
0.012656
0.039737
0.085959
0.12096
0.12139
0.10715
0.088388
-0.0054733
-0.081316
0.095467
0.44498
0.75872
0.89996
0.77902
0.42665
0.032876
-0.17749
-0.21608
-0.1184
0.038836
0.077434
0.064196
0.073176
0.013372
-0.060096
-0.07257
-0.11119
-0.23723
-0.38616
-0.38712
-0.2738
-0.23974
-0.21286
-0.31006
-0.57214
-0.485
-0.0208
0.34163
0.40014
0.30381
0.16861
0.070861
0.0097835
-0.093736
-0.12626
-0.1066
-0.14151
-0.0937
0.057684
-0.048795
-0.45433
-0.67893
-0.58457
-0.36588
-0.10739
0.13428
0.14382
-0.16396
-0.64254
-0.99003
-1.0388
-0.95461
-0.86219
-0.62864
-0.20521
0.13633
0.17432
-0.015857
-0.31935
-0.45618
-0.01065
0.88453
1.6844
2.1298
1.7988
0.78921
-0.043356
-0.34218
-0.31618
-0.15108
-0.032145
-0.10605
-0.24794
-0.23981
-0.13186
-0.028447
0.090447
0.1454
0.11498
0.17244
0.24395
0.19777
0.12926
-0.043147
-0.18935
0.051456
0.5222
0.90964
0.99784
0.73982
0.32191
-0.039168
-0.20824
-0.22728
-0.14462
-0.020973
0.11458
0.24254
0.24827
-0.053124
-0.4873
-0.56675
-0.3761
-0.27961
-0.28669
-0.20793
-0.072746
-0.085827
-0.22031
-0.29931
-0.24528
-0.055318
0.13403
0.2144
0.21734
0.1505
0.070619
-0.018177
-0.10547
-0.1307
-0.12697
-0.088862
-0.057838
0.036693
0.20387
0.047721
-0.39792
-0.55367
-0.40093
-0.264
-0.11518
0.085252
0.19161
0.015707
-0.53666
-1.0914
-1.1985
-1.0181
-0.88873
-0.80906
-0.63924
-0.35611
-0.080258
0.066987
0.10299
0.078753
0.26898
0.97469
1.7888
2.1709
1.7353
0.64375
-0.3127
-0.63066
-0.45334
-0.11999
-0.0029798
-0.1807
-0.3464
-0.38031
-0.36813
-0.2871
-0.13892
0.04747
0.16481
0.11853
0.069061
0.15957
0.17074
-0.078813
-0.3469
-0.12857
0.48903
1.0465
1.1932
0.82563
0.3049
-0.048263
-0.30141
-0.43802
-0.33975
-0.14224
0.054983
0.22126
0.19743
0.0066557
-0.16992
-0.23543
-0.20845
-0.33515
-0.57524
-0.55569
-0.26118
-0.022375
-0.08588
-0.36978
-0.4251
-0.12271
0.15764
0.24951
0.19722
0.067151
0.015263
0.010997
-0.017345
-0.016855
0.013111
0.015021
-0.031942
0.017341
0.16561
0.020408
-0.32419
-0.38454
-0.21668
-0.062851
0.046284
0.16438
0.24853
0.12125
-0.33832
-0.93498
-1.2477
-1.0977
-0.7849
-0.6757
-0.65707
-0.54403
-0.36886
-0.16758
0.036689
0.098602
0.0021174
-0.075312
0.016729
0.38326
1.4858
2.5917
2.0028
0.52824
-0.27984
-0.4842
-0.44
-0.36669
-0.38636
-0.37632
-0.33317
-0.31953
-0.23846
-0.12636
-0.08904
-0.090628
0.019471
0.21785
0.29196
0.12703
-0.16457
-0.09735
0.52026
1.1929
1.5053
1.2973
0.72775
0.12577
-0.31386
-0.5391
-0.45514
-0.17912
-0.019225
0.079473
0.17704
0.14669
0.06663
-0.0010337
-0.099754
-0.20233
-0.22369
-0.1967
-0.17276
-0.1545
-0.27331
-0.418
-0.36086
-0.10479
0.12304
0.16671
0.059462
0.016804
0.11489
0.14959
0.073979
-0.033578
-0.096884
-0.070701
-0.051032
0.017232
0.11522
0.016816
-0.18043
-0.28033
-0.29207
-0.16562
0.0005823
0.055888
0.16158
0.17997
-0.27834
-0.95062
-1.2583
-1.0261
-0.52843
-0.28104
-0.42571
-0.47845
-0.33867
-0.27367
-0.23397
-0.17721
-0.066941
0.17735
0.94641
2.0122
2.0155
0.89661
-0.14001
-0.54337
-0.49084
-0.27526
-0.098013
-0.083306
-0.25085
-0.43762
-0.43864
-0.30911
-0.22407
-0.14135
-0.022247
0.034927
0.076786
0.20692
0.33529
0.21924
-0.059034
0.013833
0.38874
0.59063
0.49074
0.23489
0.014876
-0.098168
-0.18895
-0.24065
-0.12315
0.046416
0.093895
0.09377
0.029422
-0.066964
-0.054653
-0.029722
-0.040462
-0.029154
-0.010948
-0.0020702
-0.032779
-0.11187
-0.22342
-0.25272
-0.18411
-0.1127
-0.074834
-0.07656
-0.08728
-0.021662
0.024437
-0.00094513
0.0085214
0.012337
-0.018875
-0.025538
-0.017123
0.093892
0.20328
-0.022935
-0.29219
-0.2943
-0.19215
-0.0034377
0.17126
0.31531
0.41295
0.28776
-0.076523
-0.54805
-0.80018
-0.69053
-0.48754
-0.33707
-0.23405
-0.16121
-0.029737
0.11414
0.20568
0.31155
0.3387
0.10109
-0.23849
-0.30512
-0.092321
0.19247
0.4115
0.49467
0.42168
0.26226
0.042169
-0.13568
-0.41426
-0.84428
-0.91
-0.61482
-0.38572
-0.21739
0.024941
0.22135
0.2707
0.29034
0.41778
0.48271
0.22838
0.038531
0.2009
0.4007
0.41453
0.30293
0.1746
0.12185
0.051427
-0.065992
-0.074214
0.04101
0.11139
0.097148
0.062507
0.0014699
-0.03878
-0.02456
-0.050185
-0.11142
-0.097794
-0.022272
0.031155
0.049179
0.015687
-0.071974
-0.07013
-0.0092981
-0.026602
-0.084225
-0.042673
0.02247
0.020582
0.030623
0.041779
-0.018696
-0.069751
-0.08
-0.077604
0.03252
0.081384
-0.10758
-0.2409
-0.20045
-0.1425
0.015797
0.17641
0.13953
0.20359
0.39337
0.32734
-0.12883
-0.624
-0.66942
-0.39665
-0.18621
-0.091564
-0.061101
-0.012661
0.12333
0.29488
0.38826
0.26433
-0.11251
-0.46625
-0.42552
-0.04207
0.36915
0.37202
0.11469
0.010003
-0.043813
-0.17726
-0.33389
-0.41762
-0.48095
-0.50383
-0.40735
-0.29861
-0.18296
-0.0065765
0.14916
0.25348
0.36762
0.41063
0.29986
0.086422
-0.063769
0.032527
0.13025
0.019978
-0.0085807
0.098079
0.089038
-0.077384
-0.17933
-0.12445
-0.039832
0.030633
0.040624
-0.0050253
-0.024423
-0.05243
-0.082493
-0.078687
-0.045789
-0.018375
0.0042748
0.0019586
-0.055598
-0.10129
-0.16147
-0.14844
0.016526
0.1203
0.090449
0.024246
-0.047245
-0.045186
-0.022368
-0.03323
0.0079928
0.066914
0.091705
0.093322
-0.010653
-0.15119
-0.13639
-0.087449
-0.042677
0.017079
-0.089561
-0.17704
-0.13303
-0.075119
0.028267
0.067426
0.1069
0.29744
0.40852
0.2865
-0.06043
-0.32938
-0.31275
-0.18404
-0.037468
0.028893
-0.074006
-0.20133
-0.19358
-0.079229
0.046373
0.11186
0.14872
0.12902
0.040634
-0.0092448
-0.010329
-0.16079
-0.33214
-0.21426
-0.0025442
0.013624
-0.085765
-0.18903
-0.27695
-0.35053
-0.39239
-0.32751
-0.23756
-0.20934
-0.063706
0.14183
0.26241
0.36696
0.51387
0.53299
0.26254
-0.0075802
-0.0075476
0.045311
0.0026776
-0.084684
-0.079058
-0.002757
-0.0073508
-0.08674
-0.077222
0.040616
0.11497
0.071122
-0.01526
-0.042834
0.00027194
0.019248
0.018989
0.026944
0.032688
0.067232
0.10222
0.063216
-0.030081
-0.088406
-0.053918
0.033001
0.074795
-0.0072885
-0.072369
-0.03096
-0.017114
-0.06177
-0.047129
-0.026321
-0.05948
-0.022075
0.011498
-0.019003
-0.026127
-0.083571
-0.14209
-0.10437
-0.097296
-0.18206
-0.16852
-0.013809
0.059943
-0.0068739
-0.037366
0.17178
0.51146
0.59976
0.3282
-0.071172
-0.21781
-0.11824
-0.0077533
0.021966
0.058948
0.27979
0.60085
0.79832
0.82278
0.72078
0.45908
0.024462
-0.50662
-1.0333
-1.1592
-0.65122
-0.17109
-0.09426
-0.1568
-0.29354
-0.39524
-0.29256
-0.11794
-0.028319
-0.049582
-0.089754
-0.070264
-0.092348
-0.13406
-0.14095
-0.17962
-0.24986
-0.22606
-0.10862
-0.01611
0.054057
0.21477
0.33599
0.13816
-0.10249
-0.008232
0.052601
-0.1475
-0.25595
-0.13666
0.046827
0.11573
0.074892
-0.036103
-0.11946
-0.14593
-0.16404
-0.12443
-0.046607
-0.0098993
0.017292
0.046621
0.060359
0.040951
0.00085156
-0.00096382
0.0068777
-0.0092893
0.0018293
0.0051186
-0.016179
0.014058
0.069315
0.060503
0.041591
0.033974
-0.010458
0.0053366
0.092972
0.10428
0.024208
-0.077157
-0.10209
-0.0025762
0.045081
-0.039097
-0.10176
-0.14043
-0.14028
-0.030335
0.062983
0.075477
0.038687
-0.035089
-0.0042003
0.2435
0.40336
0.37006
0.22365
0.00096646
-0.0053126
0.15606
0.23822
0.23952
0.29209
0.47765
0.64374
0.66197
0.65916
0.57529
0.19019
-0.44732
-0.95104
-0.95445
-0.61426
-0.41768
-0.47005
-0.50296
-0.43239
-0.38564
-0.24887
-0.033499
0.037032
-0.014155
-0.00065412
0.053869
-0.016167
-0.10544
-0.079434
-0.079195
-0.16183
-0.18063
-0.097325
-0.011891
0.12412
0.32295
0.42222
0.20427
-0.062672
-0.052539
-0.077527
-0.23073
-0.26832
-0.19431
-0.032991
0.10141
0.10507
0.026654
-0.090863
-0.17991
-0.20658
-0.1642
-0.046482
0.060493
0.097213
0.10001
0.074682
0.03305
0.01825
0.022299
0.051062
0.065248
0.04714
0.071997
0.095486
0.022469
-0.036877
0.020153
0.077806
0.046721
0.044064
0.064747
0.042494
0.058994
0.028041
-0.077675
-0.078143
-0.044253
-0.039455
0.031527
0.009385
-0.1778
-0.2551
-0.14373
0.055203
0.18883
0.059469
-0.17161
-0.1076
0.1651
0.335
0.4148
0.33888
0.088925
0.07716
0.27829
0.32172
0.2861
0.33132
0.41438
0.44723
0.50816
0.61604
0.53434
0.10798
-0.5015
-0.92362
-0.87971
-0.64023
-0.52427
-0.62676
-0.77055
-0.70272
-0.50319
-0.17351
0.12262
0.14063
0.039632
0.022106
0.071064
0.13066
0.13053
-0.0059584
-0.1734
-0.18906
-0.061961
0.014218
0.0098051
0.07963
0.29022
0.50939
0.38208
0.064979
0.018462
-0.10142
-0.38011
-0.36798
-0.14208
0.014841
0.088582
0.09658
0.028849
-0.091736
-0.19809
-0.17996
-0.066453
0.030231
0.095454
0.094785
0.057407
0.063259
0.11496
0.14811
0.12494
0.094864
0.079931
0.092511
0.11867
0.077047
0.01608
0.018829
0.038114
0.071122
0.14548
0.1166
0.034785
-0.025896
-0.095524
-0.051091
0.026717
-0.010488
-0.057543
-0.056849
-0.065382
-0.15737
-0.32235
-0.28934
-0.023892
0.15269
0.099709
-0.0508
-0.19657
-0.22612
0.0065372
0.39707
0.625
0.56129
0.36826
0.32976
0.32526
0.28141
0.45117
0.83635
1.0745
0.89498
0.59879
0.47832
0.4131
0.26095
-0.22334
-1.0243
-1.5492
-1.4483
-1.1099
-0.94302
-0.85078
-0.63417
-0.37546
-0.072327
0.244
0.31894
0.17851
0.051227
0.06503
0.18974
0.23464
0.12248
-0.019315
-0.1099
-0.1236
-0.044606
-0.0015795
-0.032233
0.050862
0.268
0.25066
-0.066181
-0.20214
-0.28894
-0.52071
-0.52549
-0.24514
-0.0607
-0.06216
-0.11819
-0.16081
-0.17656
-0.13343
-0.072697
-0.055869
-0.03775
-0.0010779
0.025313
0.030358
0.054262
0.087016
0.072925
0.054357
0.10127
0.1545
0.13104
0.14766
0.19861
0.10724
0.013984
0.03457
0.039469
0.056718
0.055978
0.01211
0.0046302
-0.028151
-0.080901
-0.011574
0.040102
-0.042444
-0.060506
-0.061056
-0.24329
-0.48964
-0.38532
0.067605
0.30626
0.17956
-0.038306
-0.2122
-0.27315
-0.12395
0.18686
0.54389
0.69411
0.50284
0.33265
0.35309
0.48102
0.7533
1.0156
0.98983
0.77494
0.5633
0.41515
0.31011
0.2082
-0.039792
-0.69702
-1.601
-1.9896
-1.6479
-1.2207
-0.89548
-0.50749
-0.15188
0.16751
0.34288
0.29845
0.24814
0.2361
0.17567
0.13788
0.12231
0.11498
0.14621
0.045595
-0.14063
-0.17562
-0.088331
0.068443
0.30895
0.40661
0.16957
-0.087721
-0.1766
-0.35031
-0.58154
-0.62609
-0.44725
-0.18508
-0.038785
0.026925
0.041588
-0.049354
-0.15192
-0.1555
-0.10579
-0.053569
0.025436
0.12006
0.1898
0.17376
0.08376
0.045396
0.096961
0.19185
0.29468
0.28158
0.19681
0.13616
0.068334
0.038127
0.082061
0.12347
0.060072
-0.033883
-0.055809
-0.036878
0.0090317
0.029447
-0.019545
-0.069145
-0.039333
-0.0041371
-0.056169
-0.21807
-0.45118
-0.33828
0.1439
0.39737
0.37683
0.22245
-0.12481
-0.42022
-0.39508
-0.12812
0.26505
0.73299
0.79145
0.51981
0.52105
0.65212
0.7322
0.85482
0.88836
0.76805
0.59741
0.41554
0.22537
0.08844
-0.22565
-0.91787
-1.4639
-1.5218
-1.3565
-1.2594
-0.99775
-0.38029
0.15086
0.32247
0.36289
0.29839
0.15181
0.10423
0.18563
0.27101
0.32093
0.32279
0.1742
-0.049748
-0.14368
-0.083461
-0.0017762
0.027718
0.15843
0.36499
0.26735
-0.091613
-0.36299
-0.55061
-0.70854
-0.64072
-0.42937
-0.31112
-0.27582
-0.14799
-0.059309
-0.10104
-0.13587
-0.14881
-0.12686
-0.029954
-6.3876e-05
-0.095909
-0.17102
-0.1446
-0.035543
0.093038
0.15231
0.14838
0.19776
0.29392
0.34091
0.33231
0.2918
0.19663
0.12867
0.12933
0.074068
-0.0042025
-0.024275
-0.0029582
-0.0021426
-0.059678
-0.09518
-0.10102
-0.099413
-0.079467
-0.018056
0.045792
0.031706
-0.033743
-0.061833
0.0136
0.059011
0.0048735
-0.029103
-0.034799
-0.054092
-0.048156
-0.011499
0.027832
0.058844
0.05009
0.080166
0.15942
0.14732
0.058626
-0.0023992
-0.021478
-0.017755
-0.0014702
0.0041276
-0.018387
-0.062273
-0.086031
-0.077222
-0.051614
-0.019065
0.035375
0.059753
-0.0078688
-0.024284
-0.0006852
-0.043164
-0.060062
-0.029444
-0.0046354
0.0042874
0.0040159
0.0015847
2.3732e-05
0.013221
0.022467
0.01172
0.019829
0.032014
0.034117
0.028414
0.010441
0.017489
-0.0045063
-0.060425
-0.061138
-0.039387
0.0066528
0.059241
0.038066
-0.0030088
-0.029292
-0.036567
-0.017156
-0.002293
0.015425
0.023568
0.012843
0.0035387
-0.014443
-0.020038
-0.0056671
0.014817
0.042621
0.011298
-0.034427
-0.025956
-0.013705
-0.021109
-0.019315
0.010842
0.020702
0.023954
0.033506
0.021367
0.023639
0.05872
0.063874
0.046555
0.05136
0.053201
0.079514
0.07121
-0.015594
-0.072501
-0.054581
0.020731
0.094556
0.085127
0.046714
0.044825
0.017713
-0.017201
-0.016007
-0.0064022
-0.00025554
-0.033445
-0.043887
0.027377
0.046585
-0.024023
-0.066885
-0.038796
-0.022795
-0.041151
-0.013148
0.046455
0.06578
0.036475
-0.0092653
-0.041678
-0.026219
0.0057456
0.032706
0.04263
-0.015221
-0.0081514
0.064618
0.027613
-0.03784
-0.036785
-0.046352
-0.075287
-0.061074
-0.048149
-0.073665
-0.041714
0.060698
0.064046
-0.052618
-0.11327
-0.07548
0.0040403
0.030683
-0.015554
-0.023282
0.0061604
0.015121
0.034693
0.05068
-0.00086798
-0.036303
-0.0025144
0.043205
0.043656
-0.025549
-0.055644
0.013135
0.081027
0.055609
-0.00099566
0.003173
0.020256
-0.00052166
-0.036651
-0.042344
-0.0012835
0.041015
0.015043
-0.057533
-0.047493
0.039964
0.05208
-0.024235
-0.073845
-0.043433
0.051841
0.11276
0.075839
0.0045106
-0.024666
0.004939
0.02747
0.048358
0.074621
0.042571
-0.0034897
0.00014612
0.032142
0.057417
0.035147
0.01383
0.031576
0.012964
-0.035174
-0.062781
-0.020046
0.033552
-0.01679
-0.06409
-0.025571
-0.00098898
-0.025371
-0.021551
0.023097
0.043686
0.015089
-0.018866
0.009894
0.042547
-0.0051017
-0.040502
-0.0079032
0.013267
0.024058
0.03078
0.014587
0.020013
0.014584
-0.0084186
-0.0093296
-0.0041362
-0.0052604
-0.038477
-0.050799
-0.024377
-0.044383
-0.041638
0.001259
-0.01979
-0.062747
-0.05512
-0.0031462
0.011799
-0.027317
-0.026198
0.0024369
0.0082465
0.036061
0.053259
0.013521
-0.017478
-0.020052
-0.013967
-0.0043168
0.00062835
0.019545
0.049027
0.027969
-0.029678
-0.045014
-0.035808
-0.038841
-0.030113
0.0026795
0.053606
0.05334
-0.0088605
-0.037454
-0.022898
0.0071566
0.010579
-0.020841
-0.029713
-0.014679
0.010705
0.036992
0.022119
-0.0025158
0.015859
0.029361
0.064895
0.098367
0.044581
0.0050929
0.015307
0.0191
0.014019
0.017616
0.039388
0.021981
-0.031381
-0.039616
0.017533
0.065879
0.065792
0.040572
-0.020519
-0.068144
-0.040492
0.016034
0.039054
0.045369
0.0076074
-0.05556
-0.044341
-0.0027556
0.0093365
-0.011163
-0.040945
-0.032475
0.0066744
0.02564
-0.0026167
-0.013398
-0.0083326
-0.033303
-0.0072893
0.052743
0.055375
0.0057068
-0.028291
-0.020425
-0.024717
-0.011432
0.034866
0.026282
-0.0093135
0.0052701
0.0058881
-0.033703
-0.042273
-0.0016947
0.0095333
-0.029525
-0.040394
-0.019655
-0.034073
-0.061885
-0.027653
-0.002938
-0.00027724
0.031626
0.039474
0.036698
0.051042
0.043182
0.029191
0.016442
0.003471
-0.014892
-0.065458
-0.058378
-0.0044501
-0.0011077
-0.012473
-0.0080913
0.015927
0.043794
0.020009
-0.046902
-0.067584
-0.015297
0.02501
0.01526
-0.014297
-0.0080555
0.034653
0.017849
-0.009594
0.014715
0.025113
-0.0050976
-0.040812
-0.007858
0.030647
0.022548
0.049316
0.076701
0.05183
-0.0028229
-0.046023
-0.055764
-0.056847
-0.042329
-0.0012726
0.017137
0.006341
0.0054088
0.02578
0.065247
0.050052
-0.032192
-0.065271
-0.02291
0.013858
0.033354
0.037163
0.016522
0.019989
0.009245
-0.035404
-0.044378
-0.0025606
0.046061
0.049847
0.014649
-0.022648
-0.042753
-0.052402
-0.042675
0.015611
0.070571
0.061721
0.023611
0.00026969
-0.018496
-0.043501
-0.048422
-0.027111
-0.018689
-0.012813
0.032744
0.068936
0.0507
0.02976
0.002028
-0.037628
-0.020608
-0.0043337
-0.028724
-0.030874
-0.019102
-0.028999
-0.032976
-0.01481
-0.0016153
0.02099
0.032831
0.016735
0.0029451
-0.014913
-0.023414
-0.017628
-0.024268
-0.0061502
0.014656
-0.012665
-0.012201
0.031718
0.030081
-0.0004559
-0.013616
-0.014749
0.011898
0.017439
0.014439
0.036287
0.014958
-0.017495
-0.015516
-0.031227
-0.023887
0.035457
0.055036
0.027976
-0.013497
-0.021322
0.0023202
-0.024666
-0.042927
0.020015
0.073646
0.038555
-0.0052979
-0.02586
-0.058646
-0.032834
0.035412
0.063029
0.033359
-0.0060865
6.3285e-05
0.014141
0.015323
1.1897e-05
-0.034828
-0.041791
-0.019259
-0.0023797
0.015808
0.023751
0.011948
0.0020249
0.016774
0.029178
-0.015619
-0.048809
-0.028811
-0.025456
-0.015728
0.057791
0.079632
-0.01715
-0.062561
0.005827
0.038138
0.0056738
0.00075381
-0.00093002
-0.0073731
-0.029716
-0.067487
-0.012786
0.064404
0.064898
0.020764
-0.033389
-0.046105
-0.028486
-0.031927
-0.032705
-0.01389
-0.0010664
0.00279
-0.010337
-0.0076381
0.0099549
0.0086051
0.01573
0.020847
0.010019
-0.010997
-0.03482
-0.033041
-0.013385
-0.00064609
0.015389
0.035373
0.03229
0.012741
-0.01203
-0.035234
-0.032243
-0.013568
0.0106
0.035371
0.03348
-0.017388
-0.063453
-0.032085
0.013001
0.029226
0.028733
0.030425
0.031689
-0.017334
-0.038151
-0.0088329
-0.0086956
-0.003604
0.02455
0.017378
-0.019293
-0.029709
-0.0026878
0.018066
0.018966
0.027702
0.0085374
-0.033103
-0.037679
-0.016932
-0.001855
0.02158
0.033503
-0.0015165
