0.00014197
0.00037186
9.5939e-05
0.015596
0.042005
0.024473
-0.025635
-0.039337
-0.019919
-0.003333
0.00369
0.0042096
0.00088768
-0.0014592
-0.0010482
-0.00011298
-0.00070392
-0.0014034
-8.5818e-05
0.00026627
-0.0016092
-0.0011629
0.00053449
0.015465
0.025962
-0.00036153
-0.02159
-0.01433
-0.0041018
-5.1633e-05
-0.00074205
-0.0014228
-5.6755e-05
0.0021995
0.0025527
0.00011133
-0.0016269
-0.00017843
0.0012196
0.00085915
-0.00066068
-0.0025055
-0.0023515
0.00020075
0.0015961
0.0018051
0.0027473
0.002315
-0.0001001
-0.0024321
-0.0015978
-0.00044835
-2.4402e-05
0.0010554
-0.0012014
-0.0029783
0.00021404
0.0028174
0.00090939
0.00089247
0.0022921
0.00031755
-0.0023515
-0.0025718
-7.9721e-05
0.0015279
0.00097749
-0.00065766
-0.0016175
0.00012368
0.0015893
-4.8414e-05
-0.0014957
-6.0616e-05
0.00032657
-0.0016432
-0.00019487
0.0030965
0.018758
0.027599
-0.0028313
-0.026443
-0.018089
-0.004534
0.001516
0.0011697
0.0004027
-0.0010156
-0.00078531
0.00071682
-0.00030664
-0.00038625
0.0026839
0.0046877
0.0024918
-0.0022033
-0.0050754
-0.0039177
-0.00035576
0.0027618
0.0029032
0.0013615
-0.00089721
-0.002866
-0.0027071
-0.00012606
0.0015178
0.00097631
0.00052076
-0.00082983
-0.00075295
0.00058247
0.0014609
0.0017914
0.0010235
0.00019649
-0.0011766
-0.0018398
-6.0712e-05
0.0013608
-0.0009798
-0.0010057
0.0014866
-0.00066647
-0.0017578
0.0009902
0.0021082
0.0014127
-0.00075588
-0.0017903
-0.00099148
-0.00027945
-2.1044e-05
0.0001349
0.0021569
0.0022088
-0.0018889
-0.0026995
0.00057226
0.0018677
0.0019644
0.0019017
-0.00099435
-0.0030247
-0.00081365
0.0011542
0.00089322
0.00030153
-1.5881e-05
-8.7413e-05
-0.00011798
-0.0011095
-0.002454
-0.0012784
0.0016743
0.0023295
0.0022104
0.0026876
0.0012383
-0.00084444
-0.0018981
-0.0039456
-0.0030707
0.00088624
0.0023736
0.0012759
0.000486
-0.00091857
-0.0028425
-0.0025908
-0.00088221
6.2335e-05
0.0011398
0.0027713
0.0024635
0.00088449
-3.2825e-05
-0.00015563
-0.00010575
-0.00032968
-7.7784e-05
0.00022279
0.0001658
-0.0010166
-0.0017132
-0.00088925
-0.015815
-0.025983
0.0023712
0.0248
0.016912
0.0051184
-0.00084431
-0.0018582
-0.0010303
-0.0002256
0.00010997
6.294e-05
-0.015873
-0.026445
0.002082
0.023804
0.015444
0.0044361
-0.00083976
-0.0017604
-0.00097431
-3.4755e-05
0.00021091
-3.1347e-06
-0.00014605
-9.4949e-05
5.2198e-05
0.00013574
8.3949e-05
-0.00087303
-0.0014362
0.00018433
0.0014073
0.00081066
2.1743e-05
-0.00026914
-0.00019298
-5.7679e-05
8.1612e-06
1.9869e-05
1.1063e-05
7.4751e-05
0.00012895
-1.081e-05
-3.9719e-05
5.1771e-05
-3.0129e-05
-0.00010538
-6.4324e-05
-1.5892e-05
7.8814e-05
0.000182
0.00011696
-0.00012721
-0.00010887
3.1029e-05
-2.7795e-05
-9.1513e-05
1.198e-05
8.944e-05
5.4247e-05
1.555e-05
-3.8054e-06
6.0247e-05
-2.5739e-05
-0.0002188
-0.00014055
2.7025e-05
5.2372e-05
2.646e-05
6.0979e-06
6.4761e-05
0.00010009
-1.0117e-05
-3.3736e-05
4.1485e-05
-2.4537e-05
-9.0095e-05
-0.00011317
-0.00010256
7.5364e-05
0.00011992
0.00096899
0.0016917
-0.00011537
-0.0015549
-0.0010148
0.00070998
0.0017281
-0.00092706
-0.0038766
-0.0022987
0.0013096
0.0033927
0.0028921
0.00098936
0.00091372
0.00023763
-0.0030007
-0.003778
-0.00046367
0.001677
0.0016097
0.0020833
0.00021479
-0.0012057
-0.00013219
0.00027824
-0.00063285
-0.0013487
-0.00049448
0.0016643
0.0039549
0.0060038
0.002926
-0.00079397
-0.0029298
-0.0016422
0.00069389
0.0022551
0.0037827
-0.015224
-0.041619
-0.036308
-0.0098352
-0.0090985
-0.017391
-0.0013981
0.011906
0.0086932
0.022465
0.078297
0.1054
0.034199
-0.080621
-0.10791
-0.062682
-0.012339
-0.044848
-0.10348
-0.072329
-0.086362
-0.21851
-0.26165
-0.17945
-0.13207
-0.186
-0.24211
-0.17321
-0.049893
0.037528
0.12378
0.17715
0.16773
0.12597
0.12448
0.26073
0.45771
0.5371
0.3273
0.0084377
-0.15663
-0.11612
-0.034552
-0.019707
-0.041593
-0.05669
-0.057082
-0.049171
-0.049745
-0.048766
-0.044374
-0.034908
-0.020917
0.030117
0.10696
0.080573
-0.0012071
-0.058404
-0.053655
-0.040535
-0.03251
-0.029111
-0.012333
0.047634
0.12954
0.19269
0.24785
0.28558
0.25309
0.16456
0.13407
0.17892
0.18401
0.092626
-0.0006584
-0.040299
-0.021686
0.045681
0.13827
0.1824
0.17073
0.10352
-0.0075364
-0.14053
-0.25469
-0.29633
-0.2383
-0.14276
-0.063556
-0.042782
-0.037064
-0.04474
-0.0683
-0.080605
-0.098394
-0.12716
-0.12303
-0.051527
0.013778
0.033464
0.025607
0.023681
0.036816
0.092583
0.1453
0.11949
0.053538
-0.022456
-0.087111
-0.12648
-0.20901
-0.28094
-0.29036
-0.27012
-0.23723
-0.17557
-0.091979
-0.0029519
0.053497
0.057668
0.060168
0.079095
0.1258
0.23722
0.37611
0.34811
0.14664
-0.03743
-0.092391
-0.089585
-0.068773
-0.031858
-0.0031707
0.01322
0.025555
0.032564
0.017555
-0.0030699
-0.01311
-0.0088605
-0.019587
-0.066233
-0.049671
0.017372
0.1069
0.1549
0.11678
0.042932
0.013278
-0.001095
-0.004787
0.0079789
0.015075
0.014303
0.050076
0.087389
0.07404
0.068188
0.10008
0.12741
0.078051
-0.017402
-0.05146
-0.0077104
0.17109
0.39852
0.29181
-0.049437
-0.21092
-0.20072
-0.094123
-0.015151
0.012675
-0.022695
-0.091055
-0.12378
-0.11797
-0.094131
-0.095128
-0.091391
-0.073165
-0.068164
-0.024088
0.043364
0.066832
0.083762
0.10757
0.095972
0.044342
0.027365
0.042756
-0.052782
-0.19941
-0.28124
-0.28118
-0.19315
-0.13195
-0.15028
-0.15271
-0.073706
0.028098
0.072136
0.043531
0.02443
0.10477
0.24046
0.27545
0.19934
0.043002
-0.085732
-0.12605
-0.07393
-0.027323
0.010855
0.010694
0.049585
0.054192
0.047347
0.014949
-0.011366
0.0030669
-0.041135
-0.072593
-0.050796
-0.013065
0.034657
0.055804
0.043921
0.022489
-0.0074916
-0.029784
-0.015809
0.085362
0.19977
0.2144
0.18317
0.11928
-0.0022443
-0.070026
-0.027638
0.047859
0.093882
0.071123
-0.012778
-0.0666
-0.034749
0.020193
0.074937
0.14086
0.15778
0.08607
0.01741
-0.013481
-0.063142
-0.12176
-0.10221
-0.013457
0.013259
-0.018093
-0.027907
-0.036255
-0.038107
-0.03684
-0.063225
-0.073504
-0.039008
0.010753
0.043919
0.039681
-0.011517
-0.033593
0.0027795
0.03761
0.030126
0.023386
0.058896
0.04258
-0.0089503
-0.024942
0.0031822
0.0065357
-0.075448
-0.19452
-0.29246
-0.29464
-0.18643
-0.13351
-0.17039
-0.12754
0.0076394
0.11088
0.12885
0.083468
0.073179
0.1929
0.32127
0.13545
-0.029088
-0.047677
-0.020255
-0.033618
-0.044907
-0.025253
-0.0046495
-0.019408
-0.03311
-0.020631
-0.013549
-0.0084212
-0.0015899
0.04901
0.068159
-0.012433
-0.075398
-0.067817
-0.038952
-0.018514
-0.016261
0.001667
0.039941
0.041583
0.086718
0.19055
0.2516
0.214
0.14078
0.055977
-0.0248
-0.053032
-0.0044049
0.046804
0.041764
-0.015882
-0.050557
-0.0061015
0.097234
0.15539
0.10113
0.035306
0.0099068
-0.028022
-0.088529
-0.086608
-0.031084
-0.026261
-0.035818
-0.042719
-0.067178
-0.072527
-0.067702
-0.06082
-0.029445
0.0020567
0.019788
0.026494
0.026668
-0.018101
-0.021115
0.023254
0.034111
0.024537
0.035293
0.040235
0.0093023
-0.047658
-0.052436
0.045804
0.092772
-0.063305
-0.26743
-0.41854
-0.45541
-0.2575
0.013015
0.098717
0.04454
0.050514
0.178
0.28066
0.23585
0.15387
-0.0021808
-0.1012
-0.089521
-0.042067
0.0034171
0.0071813
-0.022428
-0.042607
-0.03762
-0.022426
-0.0072345
-0.0032564
-0.0047628
-0.0070482
0.0016034
0.035271
0.072517
0.041885
-0.042669
-0.069701
-0.041807
-0.028634
0.0050776
0.021167
0.011539
0.0071647
0.0052394
0.13128
0.35106
0.33362
0.12814
0.012034
-0.015883
0.005938
-0.01107
-0.081773
-0.079438
-0.012244
0.028263
0.050807
0.11757
0.16229
0.098878
0.014817
-0.023624
-0.061982
-0.10349
-0.04096
0.036804
0.045947
0.0038017
-0.038802
-0.063676
-0.066035
-0.052291
-0.025999
-0.013974
-0.02512
-0.011894
0.022092
0.043917
0.023066
-0.0075269
-0.01164
-0.014324
-0.016892
0.034679
0.046267
0.052218
0.0059782
-0.15278
-0.29285
-0.30164
-0.24616
-0.21778
-0.18603
-0.11052
-0.01205
0.061456
0.066085
0.047869
0.11886
0.25721
0.32408
0.23677
0.13581
-0.010997
-0.083377
-0.069552
-0.02347
-0.0076376
-0.023929
-0.023293
-0.015864
-0.033544
-0.043136
-0.032764
-0.012628
-0.0095434
-0.010616
-0.01475
0.029093
0.094421
0.072213
-0.0063097
-0.020696
0.00058524
-0.012007
-0.049052
-0.071775
-0.05099
-0.0158
0.14617
0.39725
0.38396
0.15188
0.0050865
-0.015105
0.0079755
0.015446
-0.024905
-0.071602
-0.090325
-0.027957
0.067261
0.085555
0.077371
0.097856
0.065684
0.021447
-0.0086465
-0.068252
-0.11363
-0.060085
0.04445
0.035694
-0.0047356
-0.07639
-0.18176
-0.15762
-0.052292
0.031668
0.071474
0.06816
0.020543
-0.012941
-0.0044858
0.019795
0.042633
0.067117
0.074451
0.030713
-0.0096404
-0.0054629
0.065422
0.11609
-0.01471
-0.24368
-0.39722
-0.35335
-0.23083
-0.20051
-0.21774
-0.1737
-0.061417
0.057838
0.12005
0.11036
0.10107
0.19013
0.18178
0.1747
0.072342
0.016198
0.0038162
-0.022816
-0.054366
-0.05414
-0.041883
-0.021238
-0.0093226
-0.0028746
-0.012692
-0.039721
-0.015594
0.056527
0.077659
0.0092689
-0.067281
-0.097504
-0.074737
-0.057318
-0.061014
-0.051572
-0.050697
-0.045577
-0.0041025
0.1014
0.21611
0.24602
0.18298
0.031656
-0.11019
-0.12203
-0.03337
0.043282
0.042023
-0.024184
-0.095784
-0.097622
-0.041874
-0.0078034
-0.0053375
-0.018059
-0.061153
-0.11387
-0.14957
-0.12714
-0.062791
-0.040714
-0.035271
-0.055069
-0.084013
-0.092129
-0.099909
-0.094757
-0.080236
-0.05762
-0.018166
0.054504
0.18135
0.28689
0.35633
0.43831
0.51291
0.56183
0.5948
0.60144
0.57434
0.56002
0.63474
0.76178
0.86891
0.89706
0.83333
0.74578
0.69669
0.72578
0.81153
0.86234
0.84151
0.83996
0.87244
0.84634
0.80521
1.1412
1.4313
0.8387
-0.063882
-0.479
-0.51577
-0.42395
-0.34192
-0.28829
-0.30015
-0.34003
-0.32477
-0.29148
-0.2939
-0.32139
-0.30927
-0.24806
-0.21308
-0.32387
-0.55375
-0.80297
-0.94441
-0.90375
-0.77926
-0.67132
-0.59924
-0.55264
-0.53322
-0.52248
-0.48152
-0.45983
-0.50492
-0.57129
-0.5699
-0.50972
-0.47583
-0.47087
-0.4668
-0.44851
-0.38556
-0.30097
-0.27783
-0.28931
-0.47823
-0.75633
-0.63428
-0.22818
0.032484
0.088616
0.031528
-0.022412
-0.020065
-0.025494
-0.018517
0.022028
0.048209
0.054473
0.037427
0.0045144
-0.0033667
0.066495
0.20169
0.28811
0.34868
0.42171
0.49745
0.63061
0.71786
0.64238
0.54132
0.51685
0.55354
0.67685
0.78205
0.75589
0.67716
0.66132
0.6918
0.73495
0.76618
0.80714
1.2119
1.8505
1.847
1.3001
0.84561
0.57388
0.37446
0.057811
-0.25496
-0.39986
-0.40531
-0.38291
-0.34372
-0.28533
-0.29
-0.3401
-0.33691
-0.31717
-0.32385
-0.2869
-0.24684
-0.25773
-0.25648
-0.27379
-0.43674
-0.64646
-0.75908
-0.798
-0.78494
-0.72364
-0.62159
-0.54477
-0.54802
-0.56825
-0.5201
-0.45536
-0.44179
-0.468
-0.4808
-0.47774
-0.47989
-0.67269
-0.96018
-0.83841
-0.46939
-0.23992
-0.1785
-0.21207
-0.28174
-0.33664
-0.32255
-0.18934
-0.040854
0.022577
0.00079926
-0.032949
-0.044198
-0.033506
-0.017544
-0.017014
-0.018219
0.0034493
0.029855
0.028319
0.0091203
-0.0072375
-0.0012053
0.058561
0.196
0.31196
0.35807
0.41319
0.49051
0.5837
0.6399
0.60357
0.55973
0.60067
0.65595
0.69487
0.74837
0.75625
0.71274
0.68173
0.69068
1.0998
1.799
1.8396
1.2559
0.8207
0.74012
0.77972
0.79598
0.69422
0.43469
0.071198
-0.24672
-0.37169
-0.34574
-0.33823
-0.35557
-0.33308
-0.31701
-0.33693
-0.34486
-0.32556
-0.30052
-0.27376
-0.25285
-0.25027
-0.23563
-0.24076
-0.34371
-0.54912
-0.73237
-0.83557
-0.86038
-0.80351
-0.69565
-0.60701
-0.54048
-0.51775
-0.50693
-0.76849
-1.2326
-1.1687
-0.76744
-0.5206
-0.39301
-0.32255
-0.28458
-0.2621
-0.25062
-0.25769
-0.27543
-0.29402
-0.29969
-0.30616
-0.23726
-0.095192
-0.0046332
0.0091683
-0.005826
-0.016404
-0.011296
-0.018048
-0.030109
-0.027102
-0.019194
-0.016993
-0.016753
-0.012166
-0.01244
-0.0037649
0.063273
0.20758
0.29977
0.3442
0.40737
0.49295
0.58606
0.65803
0.6652
0.62746
0.60032
0.59133
0.60289
0.67872
0.7319
0.69874
0.64051
1.0305
1.7081
1.7363
1.214
0.87057
0.79398
0.82652
0.83064
0.73605
0.63049
0.47205
0.14184
-0.21132
-0.37071
-0.35155
-0.34743
-0.35718
-0.30863
-0.28783
-0.32186
-0.34907
-0.33804
-0.30147
-0.2577
-0.23502
-0.24569
-0.21943
-0.2164
-0.37975
-0.62798
-0.79161
-0.86463
-0.80739
-0.70399
-0.63009
-0.58145
-0.54805
-0.52144
-0.4755
-0.44145
-0.43086
-0.46452
-0.51183
-0.50999
-0.478
-0.46885
-0.47907
-0.4591
-0.40512
-0.35588
-0.32378
-0.29804
-0.30062
-0.29153
-0.26655
-0.25255
-0.26067
-0.30652
-0.26802
-0.11418
-0.0037472
0.013349
-0.0009466
-0.0070323
-0.013289
-0.02273
-0.0066133
0.010529
-0.026574
-0.051046
-0.03001
0.0002694
0.01294
0.009838
0.057607
0.17794
0.28097
0.33405
0.42384
0.56237
0.66851
0.67006
0.60238
0.55243
0.59243
0.65722
0.67393
0.73469
0.78391
0.73461
0.67503
0.66936
0.69328
0.74747
0.81043
0.88567
1.3028
1.8914
1.7202
1.0472
0.54821
0.20945
-0.031926
-0.17641
-0.22931
-0.23474
-0.25035
-0.28111
-0.3106
-0.32522
-0.32231
-0.31706
-0.30914
-0.28837
-0.25815
-0.23882
-0.23437
-0.21794
-0.23932
-0.36897
-0.57385
-0.73861
-0.82924
-0.82235
-0.78462
-1.0037
-1.3946
-1.2737
-0.77631
-0.46199
-0.36963
-0.37652
-0.40679
-0.46666
-0.5186
-0.49723
-0.40151
-0.33659
-0.3207
-0.29022
-0.27223
-0.24502
-0.20269
-0.1945
-0.26644
-0.27947
-0.162
-0.041918
0.027735
0.021378
-0.055536
-0.084855
-0.061853
-0.030198
-0.019992
-0.018653
-0.015212
0.061482
0.21762
0.3061
0.33604
0.40299
0.52049
0.65595
0.70964
0.65527
0.57581
0.55251
0.59634
0.65374
0.73523
0.76252
0.70164
0.64765
0.70201
0.77278
0.79564
0.82098
0.85861
0.87742
0.84309
0.78577
0.77495
0.84463
0.80159
0.61927
0.18056
-0.14066
-0.2541
-0.33113
-0.36969
-0.3568
-0.34929
-0.3347
-0.30659
-0.28505
-0.25731
-0.24041
-0.24002
-0.22142
-0.21415
-0.36682
-0.59458
-0.73905
-0.81268
-0.82825
-0.77708
-1.0145
-1.4453
-1.3089
-0.81104
-0.48376
-0.34568
-0.35584
-0.41989
-0.47601
-0.48216
-0.44514
-0.40235
-0.35054
-0.30523
-0.28955
-0.26976
-0.26368
-0.25072
-0.23138
-0.25734
-0.2553
-0.16277
-0.052714
0.033193
0.035424
-0.037155
-0.080717
-0.074606
-0.039632
-0.026602
-0.017645
-0.010868
0.0389
0.17817
0.28116
0.33299
0.41991
0.57613
0.74242
0.75848
0.6076
0.48609
0.49591
0.59652
0.70714
0.751
0.71147
0.67844
0.67876
0.66966
0.66286
0.72735
0.80421
0.85451
0.90826
1.4319
2.1561
1.8136
0.80572
0.058411
-0.26079
-0.32124
-0.26282
-0.22993
-0.26661
-0.31121
-0.3271
-0.33162
-0.31985
-0.29873
-0.26021
-0.22919
-0.24829
-0.26106
-0.23221
-0.2371
-0.37953
-0.57544
-0.7245
-0.81445
-0.82923
-1.0797
-1.5071
-1.3461
-0.78766
-0.44808
-0.3288
-0.30329
-0.3502
-0.423
-0.42196
-0.39993
-0.43524
-0.45371
-0.4274
-0.39129
-0.34562
-0.29404
-0.22856
-0.15075
-0.12527
-0.19039
-0.20814
-0.16402
-0.08607
-0.010081
0.010572
-0.045409
-0.11872
-0.12074
-0.065954
-0.050386
-0.060638
-0.04651
0.042677
0.18436
0.26089
0.30902
0.43103
0.55441
0.65554
0.65605
0.57757
0.55281
0.59844
0.64144
0.72683
0.80664
0.77248
0.69669
0.69218
0.75179
0.79056
0.8098
0.84314
0.86933
0.86513
0.81672
0.76273
1.115
1.5284
1.0797
0.12306
-0.35519
-0.40471
-0.32497
-0.27431
-0.26185
-0.28601
-0.3347
-0.36354
-0.33797
-0.2714
-0.24085
-0.25542
-0.28387
-0.25586
-0.23942
-0.34841
-0.53266
-0.65369
-0.73282
-0.75649
-0.69192
-0.5578
-0.45987
-0.42704
-0.4345
-0.39966
-0.55179
-0.93178
-0.9651
-0.66992
-0.44006
-0.40238
-0.45588
-0.41389
-0.31389
-0.26541
-0.27251
-0.31741
-0.32899
-0.25995
-0.18532
-0.14176
-0.093127
-0.014642
0.06743
0.079502
0.027101
-0.009109
-0.031283
-0.047645
-0.038333
-0.010701
0.003855
0.064587
0.074598
0.02974
-0.026589
-0.023446
0.046872
0.12334
0.12541
0.10167
0.12573
0.15222
0.15305
0.077128
-0.1395
-0.37571
-0.47738
-0.41928
-0.27644
-0.20275
-0.23635
-0.23498
-0.1561
-0.031071
0.091689
0.1213
0.075048
0.10544
0.24939
0.34082
0.26325
0.1583
0.032616
0.076691
0.04109
-0.046478
-0.085542
-0.082114
-0.079542
-0.062567
-0.025464
-0.014298
-0.010631
0.011341
0.066896
0.05554
-0.037415
-0.07442
-0.028778
0.00065095
0.015483
0.031755
0.033828
0.042332
0.11504
0.21208
0.23086
0.19743
0.15882
0.11405
0.079553
0.055394
0.035524
0.065622
0.078695
0.042345
0.033643
0.020795
-0.0076878
0.0041766
0.022024
0.025001
0.014315
-0.026447
-0.057589
-0.069778
-0.07969
-0.094924
-0.086926
-0.040376
-0.013258
-0.0033077
-0.0054638
-0.00013313
0.0047897
0.010912
0.018042
0.016756
0.021203
-0.025789
-0.06725
-0.051317
0.0010259
0.062301
0.042491
-0.068001
-0.19238
-0.20114
-0.12293
-0.13162
-0.17212
-0.13814
-0.10756
-0.15395
-0.2496
-0.24584
-0.12761
-0.021164
0.09041
0.2306
0.30683
0.29291
0.15882
0.024306
-0.01012
0.028365
0.082242
0.12388
0.085751
-0.01781
-0.056185
-0.021905
0.0093426
0.038772
0.05666
0.031105
-3.277e-05
-0.011537
-0.025042
-0.035636
-0.014001
-0.0098976
-0.07875
-0.14811
-0.11427
-0.056299
-0.040776
-0.037603
-0.023276
0.055995
0.18501
0.24944
0.25078
0.22442
0.15538
0.08998
0.093649
0.12645
0.10668
0.031386
-0.0076931
-0.011905
-0.021231
0.0039648
0.063781
0.089211
0.055544
-0.0075179
-0.060139
-0.082417
-0.090759
-0.10212
-0.10813
-0.08982
-0.065717
-0.051182
-0.041263
-0.033276
-0.037481
-0.037163
-0.013494
0.0073235
0.037571
0.058861
0.08921
0.033783
-0.023228
-0.048718
-0.039086
0.0049488
0.037127
0.030258
-0.047761
-0.1558
-0.14945
0.0029681
0.13932
0.08631
-0.12869
-0.31299
-0.31233
-0.17867
-0.10905
-0.19053
-0.24694
-0.13233
0.1044
0.29839
0.29577
0.22588
0.084846
-0.0013837
0.036359
0.067705
0.067244
0.038702
-0.036516
-0.084744
-0.064176
-0.025874
-0.012495
-0.026652
-0.034197
-0.046136
-0.078748
-0.09927
-0.039744
0.05264
0.027544
-0.067646
-0.093788
-0.044656
-0.0084768
-0.019372
-0.022954
0.0066438
0.054274
0.15001
0.25216
0.27836
0.23844
0.16385
0.091953
0.018972
-0.038612
-0.030197
0.026115
0.08603
0.11304
0.081363
0.033845
-0.0011164
0.043592
0.15836
0.12088
0.016583
-0.030386
-0.035981
-0.069586
-0.099563
-0.065697
-0.026151
-0.034651
-0.064649
-0.059825
-0.025017
-0.013351
-0.038284
-0.033137
0.022179
0.060745
0.070374
0.035326
-0.014098
-0.033345
-0.013999
0.03274
0.036592
-0.069443
-0.20209
-0.25502
-0.16323
0.063934
0.17232
0.019713
-0.21215
-0.30038
-0.23377
-0.13774
-0.12583
-0.16754
-0.1882
-0.11931
0.12279
0.32603
0.24802
0.097786
0.015199
0.038293
0.071663
0.090707
0.094076
0.019871
-0.068094
-0.097947
-0.085372
-0.062686
-0.0054241
0.018757
0.015836
0.0063677
-0.020416
-0.017608
0.028951
-0.028741
-0.09859
-0.04654
0.010953
0.0015743
-0.026719
-0.07521
-0.1119
-0.038678
0.13555
0.27988
0.34124
0.30409
0.2123
0.11297
0.025999
0.0055598
0.057336
0.10915
0.13263
0.12169
0.064801
0.019836
0.043266
0.11118
0.11827
0.039778
-0.020597
-0.052594
-0.11638
-0.19769
-0.20076
-0.109
-0.035245
-0.026114
-0.037608
-0.043235
-0.045688
-0.049395
-0.043327
-0.048833
0.0069946
0.072464
0.071317
0.012276
-0.027843
-0.054782
-0.048189
0.0070149
0.041812
0.00083433
-0.08243
-0.12408
-0.087671
0.024504
0.13228
0.067846
-0.15751
-0.3081
-0.24372
-0.12498
-0.10187
-0.17548
-0.20301
-0.12977
-0.03352
0.0085938
0.0075959
0.10728
0.2373
0.23021
0.097845
0.06168
0.063191
0.0027914
-0.071712
-0.075361
-0.037188
-0.021577
-0.030728
-0.018552
-0.0045674
-0.025118
-0.052679
-0.066845
-0.034105
0.039235
0.044554
-0.03312
-0.068906
-0.035869
0.0036227
0.014788
-0.007902
-0.042638
-0.0023326
0.14094
0.25783
0.27184
0.21607
0.1451
0.0754
0.016378
0.0033
0.018373
0.044154
0.062336
0.067112
0.06787
0.048786
0.048004
0.12411
0.17158
0.1265
0.030503
-0.061955
-0.11586
-0.14
-0.14524
-0.10965
-0.075277
-0.083729
-0.080063
-0.058898
-0.032512
-0.0068546
-0.0011934
0.0040226
0.0078074
-0.0078241
0.038145
0.043084
0.017725
0.032473
0.027141
-0.0073064
-0.015033
-0.032657
-0.11356
-0.16677
-0.11233
0.045736
0.13985
0.020215
-0.21204
-0.30622
-0.23226
-0.17059
-0.18077
-0.17685
-0.15368
-0.1351
-0.060328
0.042119
0.11346
0.22325
0.18279
0.13248
0.067546
0.046491
0.018571
-0.040573
-0.097375
-0.092556
-0.058295
-0.051413
-0.033279
-0.011424
-0.032053
-0.06293
-0.053659
-0.0062116
0.037663
0.0041177
-0.057376
-0.037029
0.021518
0.046907
0.0073944
-0.041354
-0.048761
-0.0080671
0.12151
0.26556
0.29217
0.23186
0.16266
0.071183
-0.0043693
0.0030406
0.042904
0.059936
0.093857
0.13802
0.11895
0.047147
0.01654
0.082873
0.13919
0.076963
-0.00837
-0.065001
-0.10739
-0.12668
-0.16436
-0.13804
-0.036946
-0.014212
-0.052611
-0.071018
-0.0469
-0.020446
-0.0012656
0.0086406
0.00765
0.0026599
0.029859
0.01858
-0.010727
-0.023189
-0.011674
0.010707
0.010222
-0.013873
-0.061634
-0.13189
-0.11571
0.039118
0.11993
-0.021034
-0.22146
-0.27186
-0.15655
-0.071131
-0.16107
-0.26851
-0.23988
-0.12172
-0.0019845
0.20405
0.37141
0.30911
0.099108
0.002846
0.0036658
0.032955
0.036343
-0.017783
-0.088116
-0.1082
-0.085834
-0.052327
-0.018214
-0.020996
-0.053431
-0.061997
-0.038325
-0.0065047
0.021402
0.013865
-0.033241
-0.04256
-0.0013067
0.030729
0.010917
-0.010556
-0.0042148
0.0063729
0.068456
0.1604
0.2462
0.26358
0.21252
0.13145
0.050005
-0.022397
-0.049436
0.018938
0.098556
0.086711
0.048897
0.042828
0.028371
-0.0029639
-0.013728
0.0078698
0.072683
0.18325
0.19112
-0.0014695
-0.26347
-0.31844
-0.18071
-0.057233
-0.0092939
-0.033191
-0.068122
-0.064505
-0.027395
-0.0022642
0.022991
0.044576
0.03262
-0.018976
-0.052098
-0.02198
0.0069727
0.026949
0.065363
0.040829
-0.045122
-0.095245
-0.055388
0.053102
0.10504
-0.0048043
-0.23068
-0.31593
-0.22079
-0.12213
-0.13024
-0.19959
-0.2051
-0.096599
0.028488
0.060929
0.046183
0.10088
0.21413
0.26995
0.21865
0.10009
-0.0015183
-0.046649
-0.01722
0.032932
0.034981
-0.048035
-0.11716
-0.10673
-0.067017
-0.038308
-0.021237
-0.014096
-0.01194
-0.010834
0.00091926
0.043503
0.098696
0.076131
0.00029183
0.00019067
0.047307
0.030363
-0.003575
-0.018511
-0.028741
-0.046194
-0.024077
0.058913
0.17253
0.24273
0.20155
0.11983
0.063973
-0.0096245
-0.059867
-0.0058975
0.085945
0.12441
0.11516
0.058914
-0.025828
-0.053773
-0.019546
0.026285
0.1206
0.23731
0.24936
0.15093
0.0080298
-0.11653
-0.18819
-0.18231
-0.12908
-0.1096
-0.084034
-0.056089
-0.049314
-0.035174
-0.046947
-0.076448
-0.039096
0.009881
0.014434
0.010653
-0.011575
-0.056029
-0.036425
0.016963
-0.0089359
-0.008989
0.061559
0.07619
-0.013992
-0.10482
-0.062354
0.082095
0.12543
-0.031205
-0.21287
-0.27336
-0.20561
-0.13783
-0.16157
-0.19738
-0.18042
-0.11166
-0.016477
0.036852
0.082797
0.18887
0.29
0.24751
0.13905
0.039378
0.0059558
0.026094
0.04222
0.040176
0.00017414
-0.055117
-0.10414
-0.087404
-0.029142
-0.0068492
-0.0056508
-0.014465
-0.019993
-0.017644
-0.016455
0.0052725
0.044653
0.020229
-0.057057
-0.046203
0.01339
0.023567
-0.0081828
-0.034081
-0.032904
-0.014708
0.080547
0.22212
0.30636
0.25949
0.13857
0.056879
0.023015
-0.019868
-0.01783
0.071529
0.15929
0.16584
0.10276
0.036684
0.037965
0.09256
0.1299
0.096454
-0.0064847
-0.078916
-0.117
-0.11812
-0.10595
-0.10877
-0.10008
-0.06447
-0.024843
-0.013927
-0.007867
-0.0083486
-0.0092309
-0.0031626
0.008565
0.023174
0.06014
0.069995
0.025348
-0.01317
-0.042201
-0.0557
-0.037564
-0.037864
-0.070573
-0.1153
-0.1182
0.0019329
0.11752
0.0025258
-0.22649
-0.29302
-0.19164
-0.12337
-0.15481
-0.12929
0.050614
0.21926
0.25097
0.19186
0.11139
0.031798
0.0086358
0.051861
0.10346
0.093833
0.017093
-0.072449
-0.10783
-0.087025
-0.069425
-0.030069
0.011074
0.0055414
-0.039948
-0.051273
-0.036637
0.0059605
0.041992
-0.013607
-0.1092
-0.086041
-0.020757
-0.0018809
-0.012417
-0.027917
0.10379
0.38349
0.41265
0.18246
0.04027
-0.016168
-0.0026104
0.044596
0.077387
0.099739
0.098646
0.062898
0.024463
-0.0044008
-0.0083972
0.0015773
0.027453
0.073159
0.11454
0.076154
-0.022561
-0.11486
-0.16053
-0.14179
-0.13208
-0.14022
-0.11127
-0.040681
-0.012955
-0.032033
-0.031699
-0.035324
-0.035636
-0.0058651
0.034171
0.062406
0.06629
0.033635
-0.028432
-0.092856
-0.12111
-0.1223
-0.079019
0.037693
0.10436
0.013489
-0.1559
-0.26931
-0.27262
-0.19199
-0.16153
-0.21183
-0.20489
-0.099587
0.028237
0.086418
0.11141
0.18019
0.26113
0.22933
0.14847
0.060881
-0.018455
-0.01496
0.023378
0.049667
0.027126
-0.046269
-0.10829
-0.12287
-0.089585
-0.042776
-0.024897
-0.004604
0.0087
-0.0073816
-0.012718
0.0094233
0.070812
0.053935
-0.023289
-0.048286
-0.0048173
0.021319
-0.0043484
-0.040724
-0.036432
0.022946
0.085503
0.14849
0.21125
0.21937
0.12607
0.069364
0.10335
0.13628
0.10566
0.048774
-0.0063314
-0.042134
-0.037007
0.025783
0.093729
0.1715
0.21394
0.14294
0.0085628
-0.084773
-0.14394
-0.15494
-0.12431
-0.11089
-0.10255
-0.057133
-0.036271
-0.046555
-0.040962
-0.044257
-0.047295
-0.027913
-0.0019167
0.0077249
0.0079419
-0.024384
-0.027451
0.021622
0.020489
0.010767
0.038314
0.021272
-0.043222
-0.13577
-0.21667
-0.25031
-0.20128
-0.1384
-0.1394
-0.16549
-0.16856
-0.091069
0.038246
0.099036
0.091185
0.15816
0.26391
0.27038
0.12352
-0.010526
-0.095195
-0.041174
0.044069
0.084932
0.030362
-0.06852
-0.11852
-0.10908
-0.057848
-0.017015
-0.013913
-0.014119
-0.016117
-0.015043
-0.012443
0.010601
0.058765
0.02412
-0.034056
-0.011662
0.022
0.015197
-0.037986
-0.0092106
0.18987
0.28
0.19024
0.078641
0.0013766
-0.025488
-0.010816
0.033786
0.093518
0.10913
0.055837
-0.00091626
-0.039205
-0.0751
-0.073473
-6.0564e-06
0.10882
0.2119
0.21648
0.10328
-0.020708
-0.08642
-0.12102
-0.14471
-0.14412
-0.14912
-0.13575
-0.092788
-0.044893
-0.014614
-0.0063979
-0.0069655
-0.0034726
-0.0031295
0.0013239
0.025298
0.068431
0.033685
0.0027067
0.0050076
-0.025727
-0.10597
-0.079427
-0.0027446
0.032012
-0.034941
-0.168
-0.25381
-0.20382
-0.15031
-0.17992
-0.22867
-0.19191
-0.048906
0.081199
0.087228
0.073341
0.12932
0.17958
0.17035
0.093725
0.044469
-0.0077714
-0.015976
0.010169
0.041987
0.035946
-0.016446
-0.084649
-0.098297
-0.071231
0.0061318
0.0064153
0.0090368
0.073582
0.15564
0.2318
0.29747
0.34503
0.35572
0.33033
0.28601
0.22674
0.16117
0.10757
0.15764
0.30911
0.45364
0.47418
0.32854
0.12156
0.0057954
0.039059
0.16585
0.28305
0.34785
0.36648
0.3444
0.32454
0.35549
0.41094
0.47248
0.52116
0.50972
0.68712
0.98563
0.93394
0.59807
0.37037
0.30303
0.29503
0.28245
0.29897
0.33255
0.32559
0.29334
0.25997
0.22859
0.15583
0.023578
-0.11648
-0.18311
-0.18154
-0.18367
-0.22963
-0.34537
-0.54645
-0.6757
-0.65301
-0.57288
-0.59698
-0.74318
-0.85804
-0.83089
-0.785
-0.81297
-0.85166
-0.85056
-0.82925
-0.78548
-0.74342
-0.73887
-0.7052
-0.60173
-0.49503
-0.5173
-0.63113
-0.5834
-0.28544
0.05335
0.22
0.25003
0.14386
0.070149
0.036142
0.059188
0.07847
0.058785
0.0084471
-0.0053554
0.072588
0.15402
0.17023
0.24239
0.34325
0.34685
0.26573
0.20191
0.22916
0.22127
0.25257
0.37071
0.48424
0.51172
0.41508
0.25037
0.14697
0.14912
0.20314
0.26497
0.36154
0.45881
0.48536
0.46303
0.42883
0.4216
0.49334
0.56986
0.59613
0.78081
1.0062
0.90292
0.60256
0.35809
0.28223
0.30213
0.31824
0.31632
0.32422
0.33081
0.3048
0.26394
0.24739
0.20297
0.081281
-0.0718
-0.19472
-0.25954
-0.25921
-0.23306
-0.23947
-0.30893
-0.48194
-0.66597
-0.72813
-0.63787
-0.57906
-0.67457
-0.83011
-0.87666
-0.78879
-0.73996
-0.81076
-0.85774
-0.82973
-0.77869
-0.72783
-0.6536
-0.53885
-0.47774
-0.52846
-0.56042
-0.58664
-0.49026
-0.21976
0.10448
0.26561
0.26916
0.18514
0.097159
0.06753
0.060504
0.044989
0.027931
0.021016
0.015926
0.02508
0.069331
0.14609
0.18104
0.21528
0.2426
0.25932
0.25878
0.24847
0.24999
0.20129
0.16602
0.2599
0.39913
0.43685
0.33532
0.23665
0.21085
0.20157
0.16854
0.17732
0.25945
0.31587
0.30065
0.31062
0.36802
0.39812
0.77738
1.3464
1.2299
0.66982
0.36406
0.29637
0.31437
0.33617
0.36168
0.36948
0.34568
0.32019
0.31715
0.32914
0.32716
0.33781
0.37383
0.39262
0.29764
0.10237
-0.15085
-0.32952
-0.37524
-0.32384
-0.24819
-0.30266
-0.54534
-0.68759
-0.591
-0.49037
-0.54432
-0.66931
-0.75021
-0.78442
-1.3126
-2.0993
-1.9636
-1.1914
-0.69692
-0.4832
-0.49485
-0.56013
-0.5823
-0.43138
-0.1633
0.090053
0.1842
0.15013
0.087099
0.078629
0.10825
0.094046
0.058371
0.075254
0.08241
0.071103
0.039949
0.0020143
-0.032849
-0.018219
0.055975
0.13209
0.17423
0.23272
0.27043
0.27093
0.22542
0.1651
0.14893
0.17192
0.22522
0.33092
0.4428
0.46243
0.35306
0.21835
0.15593
0.16904
0.20125
0.22927
0.42035
0.75937
0.83682
0.6353
0.47655
0.46712
0.51527
0.50803
0.44442
0.36902
0.35261
0.37321
0.41647
0.43765
0.39811
0.35057
0.34332
0.35474
0.34245
0.31138
0.30946
0.32275
0.31075
0.31588
0.33958
0.24708
0.023751
-0.20185
-0.34277
-0.38692
-0.31902
-0.2541
-0.31505
-0.4969
-0.62603
-0.59913
-0.49948
-0.51691
-0.67449
-0.8229
-0.80551
-0.73624
-0.76907
-1.2746
-1.9989
-1.8401
-1.0247
-0.51971
-0.41065
-0.47016
-0.40866
-0.16173
0.042328
0.1283
0.11462
0.070721
0.074567
0.10561
0.075146
0.042632
0.050879
0.063552
0.071888
0.056093
0.030802
0.012856
0.020453
0.07136
0.13591
0.15249
0.17622
0.21356
0.24948
0.28451
0.28298
0.26501
0.2385
0.20301
0.29308
0.42899
0.42415
0.31688
0.22496
0.17864
0.19201
0.22112
0.21455
0.20757
0.25606
0.32672
0.37866
0.63295
1.0275
1.0503
0.72577
0.40683
0.24013
0.2601
0.34409
0.37623
0.34903
0.32636
0.34896
0.35556
0.32397
0.30279
0.28651
0.26949
0.28222
0.32513
0.35159
0.3037
0.19009
0.04885
-0.14593
-0.29446
-0.34548
-0.3089
-0.26738
-0.32513
-0.47093
-0.57829
-0.58157
-0.50511
-0.49514
-0.60587
-0.72488
-0.76639
-0.76015
-0.78859
-0.81148
-0.79149
-0.81272
-0.84951
-0.81187
-0.71023
-0.63565
-0.60216
-0.58134
-0.6043
-0.60446
-0.45536
-0.18613
0.045476
0.15609
0.15086
0.096545
0.09296
0.12141
0.098454
0.051893
0.056121
0.086951
0.10025
0.09427
0.063844
0.02601
0.0042432
0.018981
0.068633
0.083394
0.18798
0.31677
0.31352
0.24012
0.18272
0.15423
0.10567
0.13137
0.27006
0.44127
0.50585
0.38443
0.21278
0.16023
0.16999
0.14963
0.16943
0.22356
0.26081
0.33335
0.39793
0.40394
0.43392
0.45402
0.4505
0.44936
0.44934
0.44986
0.4073
0.37097
0.39042
0.42983
0.43957
0.4015
0.34521
0.50147
0.79795
0.7844
0.52111
0.3548
0.25558
0.14899
-0.018832
-0.20194
-0.29241
-0.26796
-0.21044
-0.21561
-0.2911
-0.45967
-0.60524
-0.61566
-0.54135
-0.53725
-0.63523
-0.78448
-0.81394
-0.71825
-0.71642
-0.79493
-0.82988
-0.84394
-0.81201
-0.70585
-0.6336
-0.66134
-0.6837
-0.59622
-0.51598
-0.53953
-0.40011
0.0085509
0.22079
0.20171
0.10122
0.054946
0.072894
0.082405
0.076858
0.075214
0.049226
0.013728
0.010194
0.055804
0.1042
0.10924
0.16233
0.22814
0.28214
0.27945
0.2191
0.1709
0.14964
0.20105
0.36899
0.50725
0.46695
0.31255
0.20054
0.17899
0.18812
0.2065
0.22997
0.26264
0.30702
0.33152
0.34214
0.37198
0.41476
0.70188
1.0958
1.0922
0.74288
0.45642
0.33838
0.35544
0.38351
0.35662
0.34888
0.34351
0.3213
0.31417
0.31691
0.33102
0.3283
0.31063
0.25011
0.11337
-0.041964
-0.36323
-0.75517
-0.90915
-0.81026
-0.61205
-0.45427
-0.44657
-0.59914
-0.76319
-0.78736
-0.7217
-0.71722
-0.78581
-0.8344
-0.83189
-0.80459
-0.7378
-0.67351
-0.68831
-0.70113
-0.61174
-0.57377
-0.65829
-0.55452
-0.17819
0.22246
0.30054
0.16766
0.057748
0.050296
0.07629
0.10047
0.10835
0.077552
0.029874
-0.0022542
-0.0014212
0.047294
0.1089
0.10679
0.16115
0.27268
0.31827
0.26208
0.17197
0.12109
0.12831
0.19592
0.30972
0.4353
0.46113
0.34568
0.19347
0.12965
0.14454
0.1568
0.19898
0.30145
0.38462
0.39505
0.36755
0.35422
0.69884
1.22
1.1213
0.6548
0.43558
0.39158
0.39593
0.37834
0.37906
0.41714
0.39445
0.3291
0.31554
0.32855
0.33166
0.31711
0.28913
0.2941
0.27812
0.14769
-0.05154
-0.22408
-0.28934
-0.28495
-0.26427
-0.28127
-0.71004
-1.4061
-1.5548
-1.1518
-0.81237
-0.66055
-0.70443
-0.77748
-0.76308
-0.74482
-0.76782
-0.76766
-0.72219
-0.69146
-0.69521
-0.60574
-0.42582
-0.46929
-0.43027
-0.2704
-0.11128
0.10563
0.2628
0.25862
0.17764
0.12399
0.075992
0.034061
0.0081534
-0.006241
-0.00047753
0.044867
0.097827
0.10646
0.15827
0.24706
0.25844
0.21309
0.1577
0.10105
0.12477
0.24599
0.39857
0.48202
0.45243
0.33787
0.23446
0.16647
0.14734
0.19786
0.26816
0.31639
0.35789
0.39843
0.67375
1.1023
1.1141
0.71699
0.40239
0.35755
0.4186
0.41411
0.38788
0.39696
0.4295
0.43824
0.39357
0.35275
0.35326
0.34199
0.31558
0.31824
0.32161
0.31869
0.27014
0.11574
-0.26802
-0.69254
-0.79691
-0.6925
-0.62422
-0.5381
-0.4574
-0.50934
-0.67279
-0.78757
-0.78678
-0.74742
-0.77155
-0.82619
-0.81521
-0.79689
-0.78173
-0.7236
-0.66862
-0.65319
-0.68764
-0.65138
-0.49473
-0.38102
-0.3736
-0.18272
0.021735
0.083852
0.07902
0.065216
0.056261
0.064276
0.073403
0.058147
0.037903
0.039384
0.024182
0.010456
-0.012381
-0.087678
-0.11255
-0.071846
-0.025105
-0.011433
-0.048209
-0.047981
0.053105
0.17634
0.28749
0.34279
0.30999
0.23076
0.1197
0.015575
-0.02073
0.013673
0.047974
0.044018
0.03819
0.04406
0.066906
0.086134
0.079521
0.1503
0.27379
0.2274
0.096211
-0.0076515
-0.050169
-0.051983
-0.059609
-0.087437
-0.095061
-0.071867
-0.025554
-0.0016833
-0.007211
-0.017874
0.016673
0.052607
0.031798
0.023287
0.018535
0.0046265
-0.014448
-0.0023139
0.019416
0.019051
-0.03315
-0.14098
-0.1944
-0.10503
0.062571
0.14635
0.057248
-0.14614
-0.2811
-0.25724
-0.14424
-0.12431
-0.2126
-0.21745
0.010864
0.31807
0.40827
0.30646
0.12657
0.0030519
-0.075346
-0.077602
-0.007794
0.03057
0.0057511
-0.026018
-0.038439
-0.030122
-0.016016
-0.0075345
0.00052164
0.00014704
-0.00095374
-0.0079967
0.013782
0.052539
0.009214
-0.079293
-0.081753
-0.0048097
0.016967
-0.046721
-0.11949
-0.13221
-0.084869
0.028008
0.18105
0.26996
0.25814
0.16731
0.071984
-0.013863
-0.0923
-0.13247
-0.094283
-0.0017842
0.010347
-0.047441
-0.046066
0.036203
0.11446
0.10818
0.029032
-0.010221
0.02383
0.015589
-0.013994
-0.017318
0.0012932
-0.0088355
-0.020125
-0.034876
-0.056502
-0.050275
-0.028665
-0.036872
-0.045479
-0.026241
0.029553
0.064022
0.038956
-0.013928
-0.034101
-0.011416
0.026691
0.064533
0.14328
0.12433
0.027515
-0.082006
-0.17849
-0.24966
-0.25267
-0.17487
-0.11502
-0.088499
-0.0024608
0.082977
0.088378
0.05976
0.025052
0.028729
0.13148
0.21147
0.13902
0.078015
-0.028613
-0.11534
-0.11296
-0.051512
0.022138
0.04841
0.0051875
-0.057684
-0.073282
-0.048323
-0.018647
-0.0049943
-0.0056555
0.0038864
0.022877
0.041326
0.068594
0.051993
-0.044939
-0.10181
-0.092885
-0.063951
-0.028642
0.022617
0.079201
0.097719
0.056038
0.062893
0.13415
0.20275
0.21565
0.1543
0.067175
0.023453
0.013776
0.046105
0.081454
0.045337
-0.026794
-0.0088628
0.11103
0.18537
0.16391
0.087444
-0.049749
-0.22211
-0.25843
-0.13841
-0.02042
0.070121
0.060085
-0.0062244
-0.047201
-0.051546
-0.064374
-0.089563
-0.098253
-0.0571
-0.027223
0.015244
0.039069
0.035882
0.064402
0.098736
0.062721
0.015305
-0.0049559
0.017474
0.043864
-0.010844
-0.1488
-0.2864
-0.33132
-0.24475
-0.14383
-0.10882
-0.06469
-0.016937
-0.0019093
0.016054
0.025989
0.048995
0.17768
0.29818
0.29551
0.18657
-0.031169
-0.089521
-0.091815
-0.048824
0.011944
0.030335
0.031057
0.042101
0.035867
-0.0049842
-0.041815
-0.011922
0.035967
-0.020211
-0.067738
-0.033266
0.0072105
0.018606
-0.00094889
-0.030341
-0.062556
-0.087522
-0.049739
0.060405
0.17851
0.2255
0.18987
0.12356
0.062791
-0.0053468
-0.069349
-0.054072
0.030858
0.068626
0.048255
0.034702
0.062486
0.07779
0.051642
0.0078911
-0.0049642
-0.010075
-0.054601
-0.04931
0.024263
0.053144
0.027754
-0.022874
-0.068495
-0.099071
-0.10622
-0.065575
-0.03087
-0.013226
0.02111
0.02457
0.004119
0.037326
0.094749
0.10977
0.050344
0.0060688
0.027385
0.084741
0.064166
-0.08261
-0.23975
-0.31825
-0.27363
-0.17359
-0.13879
-0.16204
-0.12456
-0.001655
0.097985
0.093723
0.026409
0.027106
0.15024
0.2791
0.2705
0.14718
-0.0093545
-0.10705
-0.099764
-0.061482
-0.042001
-0.03846
-0.029963
-0.0037122
0.024834
0.013097
0.016202
0.041544
0.068208
0.028921
-0.047903
-0.060133
-0.039806
-0.030249
-0.010884
0.023955
0.029279
0.023949
0.039277
0.074364
0.13076
0.18781
0.17332
0.10645
0.051646
0.0014126
-0.042693
-0.013387
0.056234
0.057984
-0.032021
-0.11775
-0.11224
-0.044367
0.060355
0.14369
0.081462
-0.067561
-0.13126
-0.02162
0.11566
0.1583
0.089672
-0.0081578
-0.076858
-0.085097
-0.081055
-0.10904
-0.11894
-0.069164
-0.0084011
0.0367
0.052432
0.030521
0.011537
0.0091628
0.019457
0.060912
0.11641
0.12426
0.078581
0.039262
0.060286
0.10253
0.084354
-0.037062
-0.17759
-0.28366
-0.33288
-0.28579
-0.19659
-0.14344
-0.087246
-0.018088
0.008362
-0.016869
-0.03072
0.031956
0.16804
0.26398
0.30604
0.22336
0.037717
-0.092415
-0.089159
-0.047567
0.019661
0.055951
0.025517
-0.014513
-0.025742
-0.037082
-0.034181
0.0021188
0.023095
-0.0061736
-0.053427
-0.041105
0.054133
0.07751
0.015619
-0.008728
0.018091
0.02121
0.00048631
-0.014555
0.0091489
0.0020115
-0.038136
-0.04911
-0.024275
0.021883
0.11847
0.17848
0.098873
-0.020833
-0.074708
-0.032895
0.062321
0.11692
0.089527
0.011484
-0.016061
0.037707
0.075058
0.067968
0.08574
0.10471
0.067445
0.015138
-0.045518
-0.11768
-0.13994
-0.1035
0.014189
0.12947
0.13464
0.063977
0.0041961
-0.040792
-0.070858
-0.071704
-0.056852
-0.051025
-0.029289
0.0088097
0.033146
0.014226
-0.022388
-0.0090988
-0.024101
-0.027354
0.032985
0.09513
0.091791
0.062165
0.074159
0.15716
0.16383
-0.016876
-0.27604
-0.41979
-0.37998
-0.25003
-0.19163
-0.18755
-0.14221
-0.059281
0.068664
0.239
0.35133
0.30375
0.20878
0.055556
-0.059628
-0.086541
-0.061745
-0.019897
-0.002045
-0.015034
-0.035691
-0.041625
-0.020266
0.0022598
0.0088308
0.016776
0.0307
0.018982
0.01978
0.044447
0.029518
-0.038073
-0.068417
-0.058166
-0.034254
0.045926
0.10463
0.08112
0.041321
0.020547
-0.0093498
-0.0053215
0.052757
0.11942
0.13119
0.076659
-0.014655
-0.079699
-0.061436
0.033212
0.1034
0.079028
0.0081015
-0.041758
-0.047779
-0.017108
0.018153
0.05465
0.077879
0.015511
-0.089417
-0.0099924
0.12234
0.13228
0.061394
0.0025875
-0.020304
-0.023896
-0.0097553
-0.011567
-0.0094326
0.036027
0.075667
0.030485
-0.043831
-0.066202
-0.034688
-0.013418
0.0097838
0.044799
0.064561
0.06429
0.077558
0.1098
0.14193
0.13637
0.027294
-0.17817
-0.32309
-0.36148
-0.3117
-0.21483
-0.14441
-0.096332
-0.043064
-0.0035884
0.01075
0.0072345
0.039569
0.18884
0.10681
0.0053859
-0.045935
-0.033327
0.008306
0.039647
0.037011
0.038628
0.025099
0.010796
0.0059061
0.0043214
0.0016611
-0.0044737
0.003305
0.039702
0.045336
-0.01984
-0.046192
-0.03099
-0.019994
-0.012516
-0.0083617
-0.003007
0.0014143
0.0045369
0.035494
0.098944
0.14736
0.13923
0.10795
0.065826
0.0064347
-0.040662
-0.034345
0.043612
0.061322
-0.019292
-0.050493
0.011567
0.07161
0.056109
-0.019106
-0.078149
-0.079852
-0.050245
0.014339
0.080387
0.097848
0.04854
-0.001944
-0.037194
-0.069785
-0.10392
-0.094207
-0.044521
-0.015361
-0.0022376
0.023939
0.04236
0.016004
0.023885
0.094451
0.13425
0.086439
0.044517
0.05074
0.087142
0.092025
-0.011769
-0.18926
-0.29847
-0.26197
-0.17721
-0.17982
-0.22216
-0.15372
-0.010224
0.072332
0.05561
0.0012699
0.0028892
0.10173
0.2346
0.25932
0.19203
0.05252
-0.069551
-0.09687
-0.046175
0.0073907
0.040509
0.022478
-0.0071594
-0.0073225
-0.007703
-0.010066
-0.010563
0.028405
0.097814
0.062711
-0.036023
-0.058103
-0.032806
-0.011846
0.021546
0.022279
-0.017623
-0.033562
-0.0039125
0.062554
0.15052
0.22758
0.21495
0.12965
0.043713
-0.023988
-0.084988
-0.076066
0.012216
0.060718
0.025539
-0.039139
-0.084191
-0.071585
0.0060009
0.049848
0.00072562
-0.053078
-0.086949
-0.011702
0.083631
0.098157
0.032133
-0.014996
-0.043691
-0.063733
-0.085558
-0.11704
-0.11419
-0.058635
0.0032253
0.043563
0.080736
0.084038
0.042731
0.0017344
0.028918
0.13347
0.14093
0.083559
0.058055
0.026943
-0.056688
-0.19888
-0.29485
-0.2617
-0.18176
-0.15187
-0.13513
-0.054037
0.029513
0.059146
0.050137
0.010329
0.010703
0.14124
0.26773
0.24103
0.15661
0.0021575
-0.10504
-0.11341
-0.079875
-0.0144
0.042276
0.033609
-0.012426
-0.035134
-0.052211
-0.063357
0.0016891
0.099884
0.053169
-0.048076
-0.089032
-0.05826
-0.023657
-0.0050562
0.023442
0.050142
0.032722
0.013068
0.019253
0.060592
0.12549
0.15848
0.13606
0.088089
0.030555
-0.015193
-0.0082126
0.027844
0.049434
0.02566
-0.036018
-0.07186
-0.051769
-0.010067
0.062897
0.16305
0.17467
0.076624
-0.011105
-0.037368
0.04597
0.086728
0.047228
-0.013329
-0.047203
-0.02492
0.00089157
-0.028632
-0.054386
-0.0038571
0.072329
0.064388
0.00052586
-0.024726
-0.020487
-0.020744
-0.01137
0.036143
0.058402
0.036457
-0.0034009
0.0031395
0.031661
0.016486
-0.056753
-0.18694
-0.34384
-0.39582
-0.29593
-0.19153
-0.14561
-0.072056
0.053527
0.25197
0.40301
0.34355
0.20226
0.043721
-0.070503
-0.095084
-0.061633
0.0057289
0.028809
-0.015332
-0.065626
-0.05982
-0.042829
-0.033937
-0.00086517
0.041051
0.044715
0.016714
0.0077028
0.017148
-0.012769
-0.043594
-0.045466
-0.029725
0.00037725
0.031055
0.028003
0.019552
0.034761
0.057869
0.091592
0.13233
0.17179
0.16409
0.11321
0.040587
-0.052766
-0.094348
-0.0085505
0.073927
0.056931
0.011403
-0.039639
-0.089833
-0.078181
-0.015737
0.034174
-0.0066837
-0.098058
-0.096028
0.029383
0.1341
0.12947
0.064029
0.0062338
-0.027677
-0.042813
-0.082319
-0.12168
-0.087368
-0.019943
0.02334
0.04809
0.051713
0.022705
-0.0048124
0.012765
0.015837
0.0082282
0.06967
0.14633
0.13974
0.09289
0.046465
0.035284
0.025614
-0.043362
-0.18568
-0.31667
-0.32004
-0.23868
-0.19806
-0.17887
-0.10411
0.031485
0.21
0.27418
0.20121
0.1063
0.018569
-0.047755
-0.05773
-0.036673
0.0017147
0.019243
0.0012522
-0.023403
-0.013414
0.0066275
0.0041239
-0.00066521
-0.0039946
-0.010084
-0.012232
-0.0073158
0.025602
0.0087781
-0.046674
-0.058249
-0.046114
-0.039652
-0.033746
-0.054427
-0.081943
-0.11394
-0.10097
-0.024949
0.054757
0.11136
0.10623
0.094885
0.077584
0.0024889
-0.044422
-0.02635
0.0055388
0.029495
-0.021786
-0.099389
-0.085946
-0.044869
-0.015343
-0.0092697
-0.093124
-0.12243
-0.13683
-0.072052
-0.02586
0.0063348
-0.0085656
-0.040982
-0.054195
-0.078733
-0.11027
-0.10931
-0.096723
-0.062609
-0.033671
0.026719
0.17171
0.29503
0.37078
0.4461
0.50314
0.56604
0.60605
0.60307
0.57234
0.53066
0.56418
0.69395
0.81297
0.87978
0.88337
0.80268
0.7311
0.70921
0.72696
0.80977
1.3717
2.1495
2.0357
1.272
0.64078
0.31955
0.0023208
-0.28889
-0.42628
-0.41102
-0.3674
-0.32854
-0.29369
-0.29778
-0.33998
-0.373
-0.3769
-0.35485
-0.3216
-0.30036
-0.31479
-0.29682
-0.27442
-0.35698
-0.52895
-0.6984
-0.83022
-0.89544
-0.84139
-0.72135
-0.63185
-0.56128
-0.49959
-0.43544
-0.39888
-0.44143
-0.49994
-0.50372
-0.52548
-0.5661
-0.53964
-0.48132
-0.4557
-0.40953
-0.30902
-0.20807
-0.18517
-0.24582
-0.27982
-0.29229
-0.39215
-0.40101
-0.25236
-0.072651
-0.027978
-0.032967
-0.035305
-0.051552
-0.080382
-0.075106
-0.0074793
0.033501
0.024416
0.03237
0.054776
0.11372
0.24734
0.36603
0.40229
0.42316
0.45669
0.51083
0.58402
0.61188
0.57025
0.57665
0.68106
0.80138
0.8563
0.80792
1.2033
1.9358
1.9409
1.3233
0.87332
0.71032
0.71574
0.80667
0.90308
0.91206
0.77349
0.49309
0.089693
-0.30931
-0.45358
-0.40746
-0.35096
-0.31157
-0.28828
-0.33382
-0.38247
-0.38561
-0.3798
-0.36943
-0.35163
-0.34333
-0.33641
-0.2995
-0.24726
-0.31261
-0.53261
-0.77192
-0.87516
-0.8493
-0.77062
-0.67561
-0.57329
-0.49399
-0.43206
-0.40103
-0.40791
-0.41861
-0.44862
-0.52535
-0.60433
-0.62036
-0.73833
-0.96179
-0.84547
-0.47372
-0.2447
-0.21012
-0.27439
-0.33519
-0.34287
-0.24161
-0.090778
0.014868
0.066139
0.074831
0.03863
-0.011909
-0.035238
-0.029725
-0.022248
-0.015237
-0.0014415
0.026584
0.03048
0.011131
0.0096288
0.064139
0.18343
0.29459
0.36525
0.41417
0.47673
0.53444
0.58038
0.63429
0.64577
0.62127
0.65151
0.71288
0.70914
0.68233
0.67199
0.67488
0.67936
0.68852
0.74611
0.81742
0.81989
1.3245
2.2384
2.1694
1.235
0.5076
0.022502
-0.27873
-0.41132
-0.39006
-0.33843
-0.33457
-0.36112
-0.38546
-0.4055
-0.41416
-0.3907
-0.35691
-0.35905
-0.37445
-0.35888
-0.30336
-0.27039
-0.39274
-0.5323
-0.5743
-0.63596
-0.75623
-0.83028
-0.8174
-0.73895
-0.59832
-0.45858
-0.32506
-0.26457
-0.29763
-0.37735
-0.49121
-0.60836
-0.61538
-0.52067
-0.45401
-0.43457
-0.39644
-0.52041
-0.78031
-0.73924
-0.48965
-0.32827
-0.16446
0.01613
0.10856
0.090792
0.044268
0.0098026
0.0037788
0.030405
0.031113
0.0055104
-0.0093
-0.010249
-0.010994
-0.0089442
-0.0071777
0.00063194
0.051705
0.15769
0.26215
0.35313
0.46268
0.52358
0.53673
0.5451
0.56949
0.60773
0.64565
0.64653
0.66228
0.70865
0.72744
0.70402
0.68992
0.66724
0.65839
0.73012
0.81582
0.83838
0.86188
0.86753
0.83722
0.8472
1.0398
1.2621
0.7155
-0.052908
-0.41216
-0.487
-0.47535
-0.44435
-0.4451
-0.4344
-0.40197
-0.37708
-0.35636
-0.32556
-0.26698
-0.23013
-0.21458
-0.22165
-0.33581
-0.51494
-0.6516
-0.72442
-0.69609
-0.6293
-0.6411
-0.70616
-0.68435
-0.50609
-0.30097
-0.23844
-0.32741
-0.42277
-0.44528
-0.48593
-0.56019
-0.56093
-0.52037
-0.49385
-0.46561
-0.40248
-0.32184
-0.27026
-0.26891
-0.27475
-0.40203
-0.57044
-0.44569
-0.14545
0.012364
0.022064
0.011231
0.011731
-0.026487
-0.042402
-0.024205
-0.011468
-0.0077351
-0.0081659
-0.008339
0.0136
0.093786
0.21479
0.31688
0.40713
0.45629
0.52813
0.61291
0.6328
0.60291
0.60912
0.62591
0.61166
0.59676
0.62672
0.67847
0.67482
0.5886
0.56833
0.66839
0.7946
0.86013
0.82588
0.77633
0.86361
1.3475
1.8842
1.5278
0.58611
-0.086238
-0.34416
-0.37073
-0.39338
-0.43138
-0.42528
-0.38528
-0.38015
-0.40324
-0.42212
-0.40684
-0.34669
-0.29046
-0.28414
-0.26387
-0.26085
-0.38314
-0.57792
-0.68978
-0.71794
-0.72809
-0.71423
-0.65958
-0.58378
-0.50789
-0.44349
-0.37355
-0.33682
-0.36952
-0.45219
-0.49893
-0.47418
-0.40486
-0.36754
-0.40452
-0.4485
-0.4486
-0.41756
-0.37998
-0.36365
-0.32524
-0.27144
-0.41126
-0.60432
-0.46045
-0.13153
0.03406
0.042276
0.001313
-0.016144
-0.025432
-0.0019493
-0.0089402
-0.036212
-0.016919
0.0071281
-0.0042991
-0.0042281
0.047236
0.15867
0.30655
0.40748
0.4699
0.53594
0.60721
0.61838
0.59376
0.58791
0.61132
0.65478
0.69638
0.70632
0.68965
0.70655
0.72989
0.70399
0.70879
0.75337
0.76523
0.75696
0.72894
0.67975
0.67809
0.76736
0.82815
0.79312
0.70327
0.61046
0.51408
0.31207
0.025
-0.21482
-0.51125
-0.9068
-0.91637
-0.62175
-0.35969
-0.2495
-0.26726
-0.31974
-0.28802
-0.24508
-0.30734
-0.42544
-0.55479
-0.67495
-0.72622
-0.69122
-0.64386
-0.62175
-0.56617
-0.48149
-0.39251
-0.37715
-0.45071
-0.54002
-0.5166
-0.41912
-0.39625
-0.4376
-0.4531
-0.45386
-0.44517
-0.41457
-0.36546
-0.31192
-0.30658
-0.32963
-0.32663
-0.4407
-0.56315
-0.42782
-0.13748
0.033924
0.050605
-0.006305
-0.064131
-0.047265
-0.0084258
-0.021337
-0.02546
0.010604
0.019454
0.0056237
0.023878
0.14013
0.28362
0.3934
0.47302
0.61899
0.78607
0.81654
0.7064
0.60756
0.55159
0.58782
0.67629
0.69374
0.70071
0.72794
0.72147
0.6657
0.66166
0.71883
0.76126
0.77712
0.75186
0.69739
0.69943
0.75854
1.0197
1.3011
0.8568
0.095901
-0.40598
-0.59245
-0.52897
-0.37814
-0.31453
-0.34052
-0.38391
-0.38381
-0.35813
-0.34883
-0.34364
-0.34716
-0.321
-0.30303
-0.41852
-0.58408
-0.65896
-0.69422
-0.72512
-0.71361
-0.63987
-0.61134
-0.6074
-0.55083
-0.43604
-0.34983
-0.39282
-0.48669
-0.5282
-0.5222
-0.47481
-0.43117
-0.43083
-0.4242
-0.37114
-0.32782
-0.3209
-0.34231
-0.36225
-0.32882
-0.28445
-0.26535
-0.2885
-0.32066
-0.28033
-0.1669
-0.043301
0.0034187
-0.018096
-0.03355
-0.022935
-0.010533
-0.011585
-0.01769
-0.023749
-0.01692
-0.010349
-0.0081203
0.0035575
0.020806
0.041834
0.15215
0.30965
0.40377
0.50834
0.65805
0.74786
0.71588
0.61493
0.59053
0.63683
0.67904
0.69243
0.69845
0.68087
0.68814
0.67822
0.62698
0.62223
0.69686
0.74157
1.0643
1.638
1.6346
1.0944
0.68374
0.53929
0.49993
0.35714
0.050814
-0.20646
-0.36456
-0.50635
-0.54535
-0.44467
-0.33274
-0.32417
-0.39136
-0.41945
-0.3554
-0.29505
-0.30429
-0.36275
-0.35883
-0.27734
-0.31473
-0.47312
-0.61261
-0.6659
-0.6674
-0.65469
-0.641
-0.61656
-0.56689
-0.49151
-0.38055
-0.30955
-0.35973
-0.4996
-0.57035
-0.48684
-0.40448
-0.41532
-0.43335
-0.43257
-0.40039
-0.3157
-0.29476
-0.34406
-0.33916
-0.31085
-0.31978
-0.3323
-0.30686
-0.27595
-0.25156
-0.15624
-0.067793
-0.070284
-0.052639
-0.012661
0.0026581
-0.00091054
-0.0052878
-0.015302
-0.020857
-0.022986
-0.022014
-0.018093
-0.016415
0.021831
0.089995
0.20906
0.30134
0.37137
0.47252
0.61476
0.69636
0.67122
0.59548
0.57584
0.61547
0.69708
0.76036
0.71648
0.62247
0.59569
0.62361
0.64177
0.67408
0.76317
0.82727
0.80334
0.75187
0.70803
0.7206
0.8042
0.85155
0.82407
0.66657
0.57717
0.53371
0.36617
0.099632
-0.16893
-0.32576
-0.37887
-0.40668
-0.40643
-0.34423
-0.3187
-0.31551
-0.27971
-0.25409
-0.27558
-0.28999
-0.29133
-0.27509
-0.26624
-0.38015
-0.59186
-0.79332
-0.92788
-0.87377
-0.65976
-0.52898
-0.51319
-0.56235
-0.63552
-0.6477
-0.58815
-0.49666
-0.41475
-0.37669
-0.37642
-0.38663
-0.38407
-0.39615
-0.44806
-0.49287
-0.48422
-0.43042
-0.37763
-0.34602
-0.33892
-0.32921
-0.28903
-0.2558
-0.28202
-0.29915
-0.20275
-0.071406
-0.01362
-0.0064587
-0.015105
-0.022083
-0.024898
-0.025417
-0.024735
-0.017121
0.0049849
0.027716
0.0022102
-0.023915
0.0013885
0.071367
0.20461
0.3194
0.3656
0.40944
0.52146
0.66123
0.68208
0.61945
0.59221
0.61588
0.64209
0.68905
0.73615
0.71138
0.651
0.64805
0.68861
0.7312
0.74369
0.74607
0.72702
0.71383
0.72734
0.74938
0.81111
0.81623
0.74355
0.70085
0.68073
0.57693
0.36855
0.075611
-0.19566
-0.31581
-0.33794
-0.34628
-0.34996
-0.32581
-0.31624
-0.33038
-0.31723
-0.27161
-0.25786
-0.28976
-0.31022
-0.2519
-0.21331
-0.35311
-0.60697
-0.80967
-0.87265
-0.83597
-0.75325
-0.6303
-0.52071
-0.49774
-0.57995
-0.64891
-0.60315
-0.50229
-0.42822
-0.41436
-0.42284
-0.41555
-0.40426
-0.42077
-0.45522
-0.45173
-0.40594
-0.36407
-0.33522
-0.30423
-0.27683
-0.26581
-0.28082
-0.28799
-0.31394
-0.3168
-0.21118
-0.07917
0.013198
0.03478
-0.0067059
-0.010162
0.003769
-0.0074548
-0.021434
-0.016791
-0.012437
-0.021098
-0.022019
-0.022768
-0.026101
0.037241
0.187
0.30337
0.36799
0.46911
0.58413
0.64156
0.6264
0.58752
0.6235
0.67217
0.64872
0.62829
0.68613
0.70995
0.66034
0.67428
0.7229
0.74718
0.77075
0.76539
0.73552
0.73693
0.72301
0.68547
0.76974
0.82699
0.78669
0.71444
0.62686
0.55599
0.34093
0.043463
-0.20281
-0.29335
-0.32064
-0.39459
-0.41189
-0.35271
-0.32991
-0.31958
-0.30695
-0.3029
-0.28184
-0.28375
-0.30756
-0.26005
-0.20103
-0.28634
-0.5137
-0.75967
-0.90378
-0.86332
-0.7325
-0.63042
-0.55614
-0.5467
-0.61021
-0.64617
-0.58736
-0.48795
-0.43181
-0.41764
-0.39399
-0.38073
-0.40775
-0.43082
-0.44847
-0.46553
-0.42051
-0.32969
-0.29881
-0.32469
-0.30695
-0.27635
-0.25334
-0.22824
-0.25086
-0.25214
-0.15694
-0.050219
-0.0042711
0.005523
-0.0026372
-0.022523
-0.050301
-0.065037
-0.05069
-0.045951
-0.049584
-0.037052
-0.026189
-0.016515
0.0015166
0.075385
0.17898
0.21277
0.29037
0.39243
0.48415
0.6147
0.70248
0.69297
0.64211
0.56949
0.59441
0.70713
0.74421
0.68041
0.65755
0.69168
0.71636
0.75189
0.8081
0.8193
0.77791
0.74302
0.70876
0.69408
0.78089
0.82754
0.77998
0.70638
0.63483
0.54393
0.29294
-0.0071456
-0.18378
-0.22665
-0.25809
-0.33262
-0.41029
-0.38266
-0.31188
-0.28428
-0.27323
-0.24169
-0.24782
-0.27294
-0.27084
-0.23062
-0.23834
-0.39395
-0.63827
-0.8007
-0.85039
-0.82963
-0.72251
-0.59042
-0.53247
-0.53368
-0.62747
-0.73208
-0.68747
-0.51798
-0.38882
-0.34126
-0.31388
-0.30262
-0.33362
-0.38908
-0.43745
-0.43101
-0.38914
-0.36298
-0.37121
-0.3752
-0.33629
-0.29542
-0.27138
-0.22983
-0.18355
-0.1606
-0.12919
-0.072643
-0.03689
-0.027044
-0.035563
-0.03903
-0.055707
-0.10101
-0.11482
-0.059336
-0.029509
-0.061481
-0.068435
-0.041976
-0.001769
0.085945
0.17915
0.24242
0.29134
0.38799
0.50342
0.61751
0.67269
0.65426
0.63475
0.60134
0.58557
0.67838
0.74187
0.74054
0.75072
0.7453
0.71659
0.72342
0.75977
0.82978
0.88278
0.87206
0.81178
0.74673
0.7601
0.81045
0.78876
0.71963
0.59025
0.40701
0.15941
-0.061375
-0.15464
-0.18113
-0.26718
-0.37055
-0.41049
-0.38335
-0.35115
-0.31481
-0.27372
-0.24744
-0.23285
-0.24522
-0.26161
-0.22719
-0.21879
-0.34655
-0.60051
-0.8042
-0.88466
-0.83949
-0.69518
-0.56253
-0.53112
-0.52343
-0.56706
-0.64948
-0.61731
-0.4723
-0.38437
-0.38605
-0.42311
-0.42494
-0.41539
-0.42074
-0.39853
-0.36895
-0.38781
-0.41756
-0.40069
-0.35642
-0.30515
-0.23762
-0.19216
-0.19613
-0.2421
-0.26003
-0.1651
-0.037401
0.021878
0.014921
-0.03145
-0.077967
-0.0807
-0.054536
-0.057532
-0.06197
-0.038974
-0.024031
-0.022338
-0.017192
0.0040127
0.07552
0.18676
0.25431
0.27262
0.35146
0.51352
0.67703
0.7073
0.62307
0.56803
0.53871
0.51764
0.588
0.71695
0.78142
0.7429
0.69924
0.72287
0.75866
0.74645
0.77681
0.8425
0.84433
0.82342
0.83612
0.84162
0.82935
0.80125
0.74781
0.53232
0.30827
0.095916
-0.067961
-0.16037
-0.20836
-0.26112
-0.32413
-0.35664
-0.35467
-0.34052
-0.30431
-0.26072
-0.24786
-0.24996
-0.24546
-0.22929
-0.20763
-0.22219
-0.36374
-0.56629
-0.7556
-0.86413
-0.83504
-0.67234
-0.49901
-0.47938
-0.53805
-0.60206
-0.65348
-0.60445
-0.48413
-0.40188
-0.35112
-0.32851
-0.35318
-0.3792
-0.38911
-0.37749
-0.3608
-0.36921
-0.38334
-0.36241
-0.30882
-0.24227
-0.17392
-0.14808
-0.15972
-0.12257
-0.055802
-0.023231
-0.0034692
0.029829
0.024409
0.00066781
-0.026628
-0.057439
-0.055784
-0.043119
-0.02939
-0.018342
-0.019531
-0.019537
-0.01225
-0.0092781
-0.0064759
-0.019557
-0.051906
-0.042654
-0.0056227
0.0051339
0.0027633
0.0029647
0.0087039
0.016485
0.017655
0.035477
0.046318
0.025106
0.025105
0.039061
0.030811
0.010916
0.013612
0.037071
0.019168
-0.026125
-0.038067
-0.022366
-0.0072402
-0.0012248
-0.0017832
-0.0044839
-0.0045443
0.0016925
0.0042761
-0.0030043
-0.0046864
-0.0020101
-0.0029699
-0.0022952
-9.2185e-05
0.0011885
0.0014743
0.0013524
0.0012116
0.0011541
0.00045826
-4.0246e-05
0.00053164
0.002075
0.0048798
0.0044428
0.0015427
0.00049298
0.0012246
0.0018912
-0.0015672
-0.0036237
-0.00099557
0.0014554
0.0018792
0.0012505
0.0012733
-0.00012373
-0.00098178
-0.00031692
0.00038951
0.016449
0.027048
-0.001809
-0.023848
-0.014814
-0.0019461
0.004239
0.0029116
0.0013119
0.0011043
0.00052351
0.00053989
0.015575
0.0262
-0.00078622
-0.022451
-0.00014775
0.021216
-0.00031835
-0.020672
-0.013235
0.013175
0.028482
0.00029016
-0.021852
0.0015365
0.038178
0.025285
-0.024734
-0.038694
-0.0016081
0.027523
0.020026
0.0050559
-0.0022981
0.014738
0.026988
0.013767
0.0024137
-0.0018571
-0.00185
-0.01849
-0.03024
0.0014331
0.025681
-0.00022526
-0.037656
-0.025113
0.0055659
0.0090211
0.0067494
-0.010744
-0.008966
0.01042
-0.0075192
-0.022882
0.002855
0.023448
0.016519
0.0068955
-0.00050764
0.013506
0.026638
0.014025
0.00058493
-0.0041661
-0.0025736
-0.0018308
-0.0022576
-0.01588
-0.041418
-0.024663
0.025015
0.039259
0.020271
-0.011914
-0.028709
-0.00061042
0.0061947
-0.011641
0.0064298
0.0074606
-0.011934
0.0056302
0.0067385
-0.012009
0.0061971
0.022374
0.013441
-0.011323
-0.026102
0.00066199
0.022414
0.015625
0.0056587
-0.00027603
-0.0015337
-0.00087583
0.00040996
0.0010308
0.00045686
0.00026053
-0.00026963
-0.015951
-0.025325
0.0028638
0.023262
0.014462
0.0045272
0.00038806
-0.00087396
-0.0017468
-0.0016993
-0.0011266
-6.4091e-05
0.0009131
0.00075103
0.00022025
-0.0005897
-0.0011642
-0.00017052
0.00076668
-1.1651e-05
-0.0008345
-0.00067023
0.00037882
0.00097339
-9.6408e-05
-0.00093762
-0.00053322
-3.6686e-05
-0.00043358
-0.00092286
0.00075159
0.0018129
0.00041244
-0.00015632
0.00037994
-0.00015487
-0.00071739
-8.9573e-05
0.00099834
0.00078208
-0.00066475
-0.0012494
-0.00010688
0.0012411
0.00090368
-0.00081978
-0.0013312
-0.0007911
-0.00015653
6.5492e-05
0.00067868
0.0010542
0.00053447
9.0662e-05
-0.00071001
-0.00049077
0.0010299
0.00085694
-0.00033806
-0.00035602
-0.00019112
0.00052602
0.00098788
0.00050562
8.0085e-05
-6.5024e-05
7.8408e-06
-0.00019031
-0.00048389
-0.00024421
-0.00041749
-0.00060167
7.2916e-05
0.0006666
7.6969e-05
-0.00051481
-0.00039656
-0.00012888
-6.4985e-05
-0.00016671
-8.2427e-05
0.00011552
0.00017148
0.00066245
0.001591
0.001466
1.3016e-05
-0.0014446
-0.0010508
0.0002651
0.00045459
0.00024144
-0.00046469
-0.00036768
0.00087633
0.0011807
0.00056554
-0.00041618
-0.0014235
-0.00084616
0.00071168
0.0010385
0.00042609
-0.00056749
-0.0016786
-0.0013842
-0.00051464
0.000392
0.0013501
0.0012858
2.0616e-05
-0.00085082
-0.00066
-0.00011157
0.00066503
0.00032836
-0.0011296
0.014483
0.025677
-0.0020935
-0.023013
0.0013422
0.021948
-0.001918
-0.022707
-0.014262
-0.0032073
0.00098867
0.00099022
0.00040808
7.2828e-05
0.00048025
0.0012396
0.00065413
-0.00034723
-0.00043598
-0.00059086
-0.00029202
0.00060569
-9.0594e-05
-0.0008912
-0.00062019
-0.00014746
0.00012059
0.00012477
9.1931e-05
4.0064e-05
-0.00012807
-8.5945e-05
2.708e-05
-1.3602e-05
-2.2437e-05
0.00011202
0.00016636
5.6813e-06
-2.2331e-05
0.00012185
0.00019327
9.7473e-05
0.00069683
0.0015109
0.0013766
0.00051672
-0.00047297
-0.0010201
-0.00068477
-0.00024154
-0.00015742
-0.00011336
0.01572
0.02586
-0.0028273
-0.024268
-0.015341
-0.0041304
0.0010492
0.0022589
0.0018372
0.00060829
-0.00010365
-0.00080545
-0.0010093
0.00019271
0.00098737
0.00050931
4.9718e-05
-0.00057037
-0.00032498
0.00036554
0.00016582
0.0010499
0.0010768
-0.00051614
-0.0010954
-0.00057243
0.00048554
0.00042246
-0.00097912
-0.00068006
9.7946e-05
-0.00041223
-0.00079221
-0.00040867
0.00044346
0.0015295
0.0015365
0.00073235
-0.00046068
-0.0016691
-0.0014317
-8.8811e-05
0.00071158
-0.0001321
-0.00075877
6.908e-05
0.00083971
2.5002e-05
-0.00069321
-0.00053795
-0.00024368
-2.9703e-05
-1.322e-05
-5.8808e-06
0.0001259
0.00013235
5.6439e-06
-0.00015193
-0.0001766
0.00095508
0.0023076
0.00080895
-0.001036
-0.00079025
-0.00084121
-0.0010096
-0.00051669
-0.00010974
6.7862e-05
0.00056118
0.00092207
5.2853e-05
-0.00061635
9.8182e-05
0.0012148
0.0006513
-0.00092379
-0.0013229
0.015137
0.026308
-0.0018446
-0.023706
-0.015441
-0.0038225
0.001854
0.0017648
0.00035999
-0.00016232
-0.00017827
-8.7844e-05
-8.1291e-05
-0.00011478
-5.0437e-05
-6.9107e-06
0.00050098
0.00083926
1.0098e-05
-0.00019912
0.00035235
-0.00024759
-0.0006201
-0.00034746
-0.00022997
0.00039722
0.00086844
1.0477e-05
-0.00066537
-0.00053334
0.00028779
0.00072896
-0.00016753
-0.00078819
-0.00039694
-8.0174e-05
0.0011108
0.0017084
-0.00024501
-0.0015925
-0.0010377
-0.00020743
0.015951
0.026514
-0.0019105
-0.023273
-0.014857
-0.0047589
0.00017993
0.0017753
0.0016222
0.00040117
-0.00021446
3.5219e-05
-0.00050019
-0.00029291
0.00038869
-0.00015332
-0.00071288
4.358e-05
0.0012555
0.0013827
0.00063312
8.3083e-05
-0.00010595
-0.00061859
-0.00089337
-0.00044545
-7.2948e-05
-1.3429e-05
7.4439e-06
0.00052144
0.00086998
0.00045842
0.00011371
-0.00045747
-0.0014638
-0.00089797
0.0013077
0.0016277
-0.00025988
-0.00060723
-0.0003186
-0.0010134
-0.00062725
0.00082636
0.0018297
0.001559
-0.00040483
-0.0023434
-0.0014359
0.00066124
0.0013366
0.00074032
-0.00026641
-0.00086143
-0.00040832
-0.00010706
4.8194e-05
5.7905e-05
0.00050386
0.00031985
-0.00038447
-0.00032955
-0.00060166
-0.00077885
-0.00036788
0.00041307
0.0013219
0.0012601
0.00051056
2.4375e-05
-0.00058376
-0.0013608
-0.0012464
-0.00050044
0.00047342
0.017638
0.028616
-0.001597
-0.025119
-0.017496
-0.0059061
0.00098755
0.0032433
0.0024117
0.00078902
-0.00063781
-0.0011192
-0.00066915
-0.00017441
0.00061041
0.00053106
-0.00036362
0.00016598
0.00019882
-0.00096384
-0.00069626
0.00081989
0.001236
0.00010724
-0.0007679
-5.1548e-05
0.016356
0.026819
-0.0018889
-0.023799
-0.015499
-0.0043924
0.00094201
0.0017217
0.00093761
