0.0078347
-0.0093994
0.020699
0.011249
0.0061774
-0.0015178
-0.0020383
0.011776
-0.01214
-0.0054276
0.0067237
0.0018109
0.00069497
0.0012658
-0.0053974
0.0073149
0.00013077
-0.0092883
-0.0004275
-0.014335
-0.013804
-0.001068
0.011838
0.021192
0.0061868
-0.029857
0.00017555
-0.0098839
-0.0081397
-0.0043762
0.0066666
-0.009284
0.011747
0.00021723
0.0033738
-0.0021516
0.00013368
0.0095172
0.0024442
-0.0043729
0.0090312
9.9553e-05
0.0013143
-0.00099158
-0.0050133
0.0050317
0.00065749
-0.028121
0.010767
0.017245
-0.0038407
0.0013444
0.0013547
-0.0125
-0.015506
-0.0026702
0.008434
0.00065585
0.00070114
-0.0059856
-0.00034459
0.01068
0.010685
-0.0081422
0.006134
-0.0032776
-0.00098943
0.00070049
-0.0015523
0.014981
-0.014397
0.0012485
0.0023489
0.011781
0.0067768
-0.0014738
-0.00042626
0.00074608
0.007824
-0.0043216
0.0078709
0.010079
0.0019167
-0.0097585
0.014438
-0.0015513
-0.01037
0.0013099
0.010082
-0.015027
0.018499
-0.0092006
0.020672
0.00010081
0.0028694
-0.0031836
0.0090802
-0.038068
-0.010452
-0.0043514
-0.0015057
-0.000553
0.00078242
-0.001072
-0.014972
-0.013206
0.028922
-0.0076098
0.010602
0.0051176
-0.0011057
0.0089542
0.010716
0.016217
-0.0049652
0.0079179
-0.010339
0.03056
0.00012899
0.0046236
0.0051184
-0.0098274
0.00063695
0.011186
-0.0060221
-0.0015065
0.010187
8.2774e-05
0.0095108
-0.0054287
-0.013573
-0.0093114
0.0078837
0.00067684
0.0045288
-0.0022194
0.031178
0.0012767
-0.012088
0.012321
-0.012083
-0.011611
0.020676
0.010618
-0.014809
-0.0021775
-0.019815
0.021724
-0.0086984
-0.0053997
0.010627
0.00072804
0.0094754
-0.016573
-0.0143
-0.0093104
0.00072026
-0.0092974
-0.015465
-0.0015101
-0.001068
0.0001243
-0.0021816
0.0051063
-0.0026933
-0.00047696
0.00063946
0.011154
-0.015388
8.3314e-05
0.0095464
-0.028673
0.021151
-0.0048673
-0.0010295
0.00012622
0.00072816
9.6956e-05
-0.0055036
-0.013836
0.00068323
0.00065437
0.01061
0.0017988
-0.019865
-0.0050063
0.017949
0.00016771
0.0007012
-0.023218
-0.012104
0.009518
-0.00049867
-0.012174
-0.024856
-0.00215
-0.00046823
0.00069243
0.0001665
-0.004327
-0.0021503
-0.0098895
0.010612
0.001266
-0.0054904
-0.0021512
-0.00046755
0.01008
6.7049e-05
0.011218
-0.009247
0.011296
0.011303
0.01854
-0.0011348
0.0013998
-0.0099063
0.013318
-0.012716
-0.012676
0.001275
-0.00042743
-0.005504
-0.00039257
-0.00042816
0.010618
-0.0087044
0.0067221
0.0078949
0.020712
-0.018151
0.0033063
0.017285
0.010684
-0.0081065
-0.028062
-0.0055884
0.021136
-0.0027265
-0.0032836
0.0072675
0.021834
0.011256
0.0055693
-0.011542
-0.0082168
0.0078574
0.014516
-0.00099317
-0.0015908
0.00066204
-0.00042939
-0.0048862
-0.034372
5.6872e-05
0.0011541
-0.0081199
-0.0048535
0.0077979
-0.018745
0.0095178
-0.012631
-0.01545
0.017231
-0.0015875
-0.028709
-0.010487
0.0050874
-0.0093034
0.0067595
-0.0043255
0.00011788
0.0018415
-0.0015153
0.033943
-0.029274
-0.0010299
0.00068599
0.0012548
-0.00538
0.017344
0.00064768
0.0023837
-0.018172
-0.00615
0.017333
0.0012928
0.0018688
0.0001786
-0.0044084
-0.009847
-0.020433
0.0019193
-0.0088539
0.014071
-0.053501
-0.040487
-0.024536
0.038787
0.0059356
0.031098
-0.0031941
-0.023754
-0.0034263
0.0033267
-0.0047711
0.018927
0.12961
-0.012798
-0.034189
0.0032796
0.043812
-0.046719
0.087871
0.16234
-0.21008
0.030409
0.18343
0.059056
0.030807
-0.058294
0.090659
-0.11564
-0.013819
-0.37136
0.0027027
0.39652
-0.74786
-0.30221
-0.75713
1.4566
0.010889
0.097035
0.77617
0.54227
-0.90777
0.1118
-0.089651
0.12085
0.10073
0.16538
0.21328
0.2677
0.30107
0.35761
-0.20584
0.42766
-0.10978
-0.42692
-0.025245
-0.42074
0.58611
-0.28444
0.44709
-0.28181
-0.025871
0.0068102
0.015591
0.039908
0.089752
-0.1122
0.052248
-0.062787
-0.025759
0.057545
0.0039003
0.63245
-0.55767
0.20131
-0.74138
0.02871
-0.059669
-0.34965
1.2634
-0.67959
-0.28641
2.9477
2.9404
9.4211
2.1143
8.6804
1.6077
-1.5651
6.2202
-14.301
-4.8864
0.028359
-7.2292
15.188
-0.2627
-4.0455
0.71935
2.7061
-2.0112
-1.1584
-0.23429
2.0598
-0.41383
0.71098
-1.0789
2.4746
2.4791
0.09932
-0.76736
0.90276
0.08284
-0.51771
0.083189
-0.14275
0.91667
1.005
2.6475
-4.1447
-1.5619
3.1494
0.032057
1.0382
0.23862
-0.037663
-6.5199e-05
0.53737
-0.35894
0.16179
0.15067
0.39333
0.077066
0.29799
-0.33972
-0.017389
0.27923
0.075162
-0.19564
0.50203
-0.43735
0.11713
-0.16812
0.16403
-0.066571
0.23711
1.8285
-0.88406
-1.0827
0.0036008
0.015387
-0.25896
-0.34932
0.4519
-0.32736
0.26773
-0.027955
-0.12917
0.24825
0.61335
-1.332
-0.014098
0.28533
-0.97316
-1.0108
1.7554
1.3821
2.9347
1.1421
7.9237
6.9298
-0.030499
-11.401
5.4336
-6.6961
-4.2007
-16.382
6.4469
-10.367
-12.501
1.1655
1.8908
-3.8155
-4.8079
0.28351
-1.0194
-0.35198
0.23485
-0.75216
-0.52687
-0.99323
-0.31505
-0.85287
0.46572
0.78733
0.096873
0.41276
0.016748
-0.1399
2.0111
3.8886
-2.9165
-1.509
3.2474
-0.0028638
0.46793
-0.5878
0.0047103
0.12555
0.49507
0.40106
0.04038
0.0038834
0.34771
0.0072802
-0.10552
0.18318
0.12218
0.012927
-0.019948
-0.029019
0.15479
-0.16995
0.077281
0.050974
-0.1634
0.83505
0.37743
0.69384
-0.43944
0.13454
-0.28444
0.1841
-0.076272
-0.043405
0.20866
-0.23248
-0.34315
0.26353
-0.065113
0.77049
-0.20491
0.39101
-0.19883
2.0691
-0.52825
-0.070211
2.2665
3.0052
10.852
1.7657
7.3762
8.0901
-16.575
-1.8942
-5.9262
2.225
-12.48
-1.4593
-6.3902
-10.371
6.9018
-10.263
-0.090892
12.072
-3.1518
4.9446
-3.3987
1.9008
-1.0814
1.0057
-0.65382
2.0606
0.14366
1.4871
-0.47961
0.72213
0.31392
0.14036
-0.18324
0.16685
0.032128
-0.028112
0.14108
0.1263
0.082685
-0.16013
0.89763
0.34432
0.40061
-1.9748
4.8413
-2.5364
0.44126
0.025944
0.06792
-0.20085
-0.16843
-0.0078572
-0.059531
-0.022634
-0.072733
0.22188
0.51828
-0.52915
0.17592
-0.2233
0.10065
-0.015485
-0.023896
-0.18459
-0.18307
-0.050307
-0.043522
-0.039095
0.58026
-0.28604
-0.091042
0.65046
-0.34907
-0.20906
0.22671
-0.26065
0.3363
-0.077264
0.048536
-0.042065
0.10336
0.040924
-0.030119
-1.836
1.352
-0.38038
-0.50897
0.03302
-0.45296
-0.30178
1.9286
0.79651
4.1692
1.5359
6.4909
8.3709
8.8187
-6.1248
9.0442
-6.083
-4.958
7.3419
-15.421
9.2526
-0.23467
-1.467
4.6306
3.4529
2.9477
-0.55395
-1.4843
-1.3531
0.40677
-0.34267
-0.79949
0.91247
0.6486
-0.40346
-0.60292
0.3807
-0.22131
-0.031189
0.42688
0.11363
0.070883
-0.16018
-0.48663
0.11149
0.26234
-0.18515
-0.23498
-0.64374
3.4334
-2.2591
0.18895
-0.22803
-0.015648
0.54853
-0.60501
0.34531
0.1164
0.089459
-0.057224
-0.11291
0.12843
0.19536
-0.3424
-0.061896
0.13958
-0.17746
-0.069889
-0.26465
-0.13048
0.16913
0.080755
-0.076694
-0.96361
-0.28185
1.0763
-0.49244
0.31461
-0.088817
-0.25035
0.32217
-0.023471
-0.037293
0.18254
-0.16062
-0.17745
0.75492
-0.11499
0.042997
0.23367
-0.37529
1.3086
0.15192
-0.91921
-5.2272
6.2958
12.822
2.2094
0.0064119
-2.1921
-4.5813
0.35437
-9.3387
7.8321
-21.229
8.16
-2.2866
0.66977
1.1961
10.242
0.79114
2.3998
-0.34015
-0.53909
0.12583
1.3233
0.070961
0.83154
0.37753
-0.45731
0.089144
-0.0086757
-0.1432
-0.27166
-0.07498
-0.080559
-0.51971
-0.034175
0.055733
-0.18447
0.54588
0.46678
2.6877
-2.1299
-0.091016
-0.25456
-0.079075
0.1406
-0.082407
0.29413
-0.53093
0.30502
-0.50668
0.4482
-0.0057717
-0.018716
-0.27295
0.2646
-0.040258
0.12464
-0.097547
0.090327
-0.074958
0.0058765
-0.2077
0.13396
0.39616
0.33546
-1.598
-0.14429
0.84328
-0.55997
0.3291
-0.30844
0.15671
0.20809
-0.07791
-0.080938
-0.24215
0.054882
-0.059968
0.10279
-0.64795
1.5372
-0.77774
0.19681
0.60459
-1.0457
-0.72731
-1.1052
4.2456
5.1126
7.477
-8.4498
2.1778
-9.8204
-9.7239
-17.136
1.1166
1.3804
-5.4681
-3.9093
4.06
3.7628
6.5748
2.5447
6.3938
8.9746
0.78141
-1.0742
-1.2961
0.31516
0.84926
0.076929
-1.2989
0.18513
0.10429
-0.29176
0.12157
-0.064992
0.043428
-0.26116
0.45289
-0.78012
0.1362
0.9151
0.52737
-2.132
-0.84023
-2.1146
1.5384
-0.011749
-0.094357
0.21766
-0.59877
0.30439
0.022857
0.026783
0.24935
-0.027573
-0.10293
-0.06387
0.10176
-0.099438
0.21635
-0.080101
-0.13122
-0.16426
-0.083301
-0.23098
-0.01493
0.98683
1.3176
-2.505
0.094213
0.24773
-0.46001
-0.39193
0.29811
-0.033933
0.097462
0.034844
0.00059266
0.083257
0.064013
0.29734
0.26638
-2.0118
-0.8633
-0.70899
0.8572
-0.79422
-1.9374
2.3808
-0.84601
1.4136
6.4753
13.2
7.9296
-1.6029
-2.1951
-7.8694
-4.7028
-4.4586
-9.4161
-4.3174
-3.477
-10.146
2.5399
0.39021
8.0491
-0.26667
4.4004
-1.9634
1.2509
0.71794
0.32666
-0.94005
1.4264
-0.058773
-0.9956
-0.12964
0.16954
0.29092
-0.0071731
0.17656
-0.36571
0.037916
0.25842
-0.26569
0.42172
0.24596
1.7583
0.229
0.055036
-2.1078
-1.9304
1.1938
-0.53135
-0.038587
0.64044
-0.10238
-0.24658
0.17271
0.020219
-0.0078025
0.271
0.032364
0.19958
-0.075918
0.13965
0.18892
-0.045221
-0.074781
0.13852
-0.089698
-0.056571
0.26518
3.9852
0.99588
0.18643
-0.18791
-0.30191
0.46607
-0.50172
-0.16522
0.086948
-0.20516
-0.14425
-0.018434
0.024335
0.013471
0.54621
-0.64223
-1.2406
0.66904
2.3052
-2.8764
-1.2115
3.2337
13.678
2.7082
-4.7647
12.399
-11.109
-5.2024
1.8785
-2.0422
0.70599
5.0365
-9.0502
10.558
-10.481
0.47033
-10.32
-0.096418
-8.0689
5.1709
-0.29594
-5.5837
-2.1618
-0.21821
-0.08351
0.17413
0.61955
0.25652
0.72441
-0.49746
-0.48984
0.4907
1.1361
-0.36475
-0.91986
-0.61539
-0.0042413
0.72964
1.7435
1.7549
-4.2016
-4.7882
-4.7251
-4.4754
7.7455
-1.3951
1.4513
-0.43376
-0.1207
0.09169
0.064657
-0.19898
-0.11643
0.28303
-0.057932
-0.071283
0.098052
-0.028854
-0.10717
0.17544
-0.048434
-0.051385
-0.20295
0.033771
0.18579
-0.49617
3.6415
-4.7552
3.4786
2.4762
1.8087
-0.17551
0.22916
-0.087298
0.064568
-0.1587
0.23152
-0.21275
0.010395
-0.09796
-0.26214
0.25604
1.1182
0.78302
-1.5778
1.3436
0.6359
-4.4819
0.078832
2.4241
11.814
-0.36556
16.538
-8.7713
1.5844
-7.7814
-4.539
-4.059
-0.024859
-0.84785
-5.2996
2.3087
-6.8822
-0.13327
0.39498
-2.9175
-5.411
-26.904
18.278
-8.4242
0.89695
1.5795
-1.9164
0.086855
-0.18652
0.87237
0.85539
0.1575
-0.38401
0.36155
-0.094367
0.14721
-0.22143
-0.44154
-0.25182
-0.17931
1.0488
0.73056
2.3427
6.2737
-3.9836
-1.2423
-2.7308
1.5924
0.47441
0.40273
-0.35495
0.3654
0.23863
-0.43931
-0.18486
-0.15193
0.18855
0.043005
0.19892
-0.45885
-0.066702
0.12566
0.019863
-0.16489
0.065807
-0.10787
-0.4102
2.0766
-4.2663
4.6481
-3.5772
1.6242
-0.21757
-0.37533
0.42833
0.53534
-0.52252
0.2603
-0.0056178
0.21717
-0.23326
0.22868
0.23003
0.90584
-1.1286
-0.044647
-0.49923
1.6782
-0.90381
2.3537
2.9956
2.6777
-9.8339
-2.0752
-11.559
13.157
-8.6295
2.7096
-3.8607
-0.62472
1.8381
-5.8728
-0.69981
-0.95724
-2.4972
-1.5113
-1.4377
-32.469
26.746
-2.679
1.0707
-1.4422
1.8123
-2.5001
0.79326
0.55256
0.41912
-0.18096
-0.04098
0.092855
0.026255
0.26278
-0.63513
-0.74122
-0.56232
0.35158
0.53018
1.2488
5.8652
-0.22434
-4.4326
-2.5888
4.0598
2.9997
1.6958
0.31517
-0.34853
0.17449
0.021836
-0.4868
-0.04266
-0.055736
0.16064
0.12014
-0.14481
-0.07916
-0.37053
-0.045046
0.2289
-0.23114
0.25837
-0.088232
-0.088191
-0.41909
1.8621
0.58889
-0.96776
-0.79541
1.042
1.6068
0.19225
-0.086928
-0.082323
-0.31636
0.31001
0.71246
-1.0691
0.27333
0.41094
-0.24485
0.18965
0.59428
-1.2222
-1.4308
0.25831
2.6651
-4.6506
-0.50579
3.7349
5.1644
14.124
-0.87305
4.6325
-6.4122
-3.5973
-4.7799
8.3484
-12.666
8.8499
-4.2636
0.071874
1.2786
-2.8293
3.3323
-7.3801
-0.78187
0.68002
-3.941
-0.7753
-2.4321
13.043
-8.7548
3.0211
-0.042427
-1.0197
-0.85847
0.55038
0.10802
0.051715
-0.54011
0.13405
0.031276
-0.16799
-0.15941
-0.11393
0.036772
0.2087
0.52728
0.43525
2.161
-8.5765
-2.377
-8.0636
-0.36105
1.1221
0.59814
0.35918
-0.29328
0.35053
0.12208
-0.19425
0.078731
-0.0653
0.0020626
-0.010402
0.081273
-0.14308
-0.047744
-0.065113
0.062282
0.17915
0.16939
-0.35075
-0.38642
0.0096764
-0.33405
0.48387
-10.207
10.124
-1.939
2.2791
2.4444
0.046731
0.45299
-0.12251
0.18922
-0.17854
-0.085324
-0.27912
-0.084484
0.28256
0.67235
-1.3819
-1.231
0.60509
0.75522
0.81688
4.9333
7.8488
4.5095
-6.8082
0.96364
0.13666
-2.1637
4.1086
-4.0581
-2.8618
-6.2935
4.567
-3.3846
-2.8327
-1.3441
-1.6083
-0.35205
-3.4033
-26.496
-17.531
28.653
-1.0904
-0.90553
0.91406
0.59878
-0.30271
-0.03033
0.11954
0.0016913
-0.24055
-0.055003
0.062846
-0.017058
0.15921
1.46
4.0247
5.7065
-11.69
-7.1168
0.85605
5.2801
0.78105
0.46194
-0.19699
0.14582
-0.039468
-0.17126
0.023921
0.56477
0.46712
-0.23308
-0.08471
0.053477
0.084017
0.00063368
-0.032904
-0.021591
0.0053184
0.07259
-0.24781
0.8712
1.6787
-0.32106
6.3646
-1.7219
3.05
0.3392
-0.27732
-0.033094
-0.16647
0.11126
0.17523
-0.40114
-0.19799
0.084274
-0.1567
0.28163
-0.90592
-1.4142
0.34879
0.59836
12.76
4.6323
-11.13
0.70167
-3.4027
-8.6868
0.38016
-0.76131
-4.3462
-2.636
-2.5411
-2.2592
-1.8354
-4.1071
0.050101
0.20916
-1.7786
-0.86484
-1.367
-5.4267
-5.327
25.838
-0.079356
0.70542
-0.89268
0.7414
-0.060429
-0.26836
0.07872
0.10516
-0.12342
-0.11806
-0.11324
-0.024742
0.05459
0.36519
1.4286
2.7177
-9.7955
-4.6658
-6.8232
-2.7388
5.3922
0.56009
-0.20255
-0.1382
0.35396
-0.01096
0.040472
0.48716
-0.166
-0.12777
0.054409
-0.13388
-0.27768
-0.0063656
-0.27571
-0.25427
-0.19517
-0.076932
-0.36465
-0.0022864
-10.519
6.2068
-1.3651
-8.0149
8.7135
1.2709
0.73693
0.22176
-0.12048
0.24718
-0.20482
-0.24922
-0.16531
-0.23837
-0.18679
1.1305
-0.83522
-1.4928
2.5288
-1.1858
1.0566
6.2125
3.7422
0.11012
-6.8167
-13.596
1.1649
7.4356
-11.947
3.6946
-0.13752
2.5796
11.586
-10.804
-6.2512
-6.6544
0.34875
1.2423
0.043231
-1.1969
-27.131
1.4187
-9.0275
-0.28542
0.34422
-0.0844
-0.10837
0.07612
-0.001196
-0.0094258
-0.095144
0.015418
-0.050423
-0.019404
0.00078996
1.0923
2.0485
4.2685
0.25137
-7.2935
-1.7839
6.5276
-0.46627
-0.3708
0.10571
0.44638
-0.049626
0.0015811
0.26299
-0.027185
-0.18018
0.022438
-0.0097565
0.035755
-0.13296
-0.075322
-0.3539
-0.28422
-0.02223
-0.34769
-0.010952
-0.92031
4.3387
4.9562
-7.1296
-7.9712
1.1654
0.56044
2.4024
-0.46711
0.26681
0.083609
-0.16001
0.26041
-0.59081
-0.0099437
0.053323
0.91066
-0.47837
-1.362
-0.40544
1.8984
0.04101
-1.648
0.86838
-2.5797
5.2459
-4.5363
-2.5324
6.2675
9.5986
-9.9894
-3.0922
-2.5698
0.66698
-5.9897
-6.1212
5.2556
4.4999
-11.458
-0.371
-5.8115
-24.85
1.4107
1.1619
-1.1943
0.49503
0.90269
-1.7163
0.95653
-0.012137
0.023266
0.52919
-1.0589
0.96918
-0.27358
0.14979
0.63732
1.5011
3.0976
-4.3271
-6.8702
5.1275
5.8514
-0.82084
-0.81221
0.63144
-0.17604
0.21575
-0.50579
0.2719
-0.13698
0.29339
-0.01767
-0.017274
0.044247
0.069505
-0.051673
0.0085077
0.0021706
-0.12955
0.027557
-0.040154
-0.15242
0.037223
1.9384
4.2754
0.20781
2.0073
0.89739
-0.7173
0.22294
-0.1119
0.10219
0.0059089
0.00073738
-0.073907
-0.10911
0.252
0.66304
-0.2383
-0.52953
-0.045201
0.20276
-1.3806
-0.037066
0.75181
-0.56427
1.5904
-1.1658
4.8895
11.786
1.5639
-6.7487
3.1047
-2.6711
1.8802
-12.355
-8.2719
-2.8687
1.6305
5.1304
-3.0429
3.8121
-8.1496
8.0257
-1.4385
-1.8098
0.068345
0.22358
-0.68672
-0.099416
-0.1215
-0.3686
-0.12649
0.73748
-0.65299
-0.21081
0.49817
0.31045
-0.29009
0.11701
0.78255
-0.62165
-0.49218
-0.024693
-1.4025
0.95848
-0.86682
0.036179
-0.17138
0.021286
-0.049677
0.13334
0.1327
-0.12235
-0.20751
0.02819
0.0028648
0.035605
-0.23342
0.10547
0.036792
-0.086962
0.17026
-0.13468
0.045271
-0.728
0.09512
2.021
4.3198
-1.295
-14.248
1.4321
4.5162
2.3156
2.4784
-0.73551
-0.67809
0.18309
0.095311
0.12943
-0.1972
-0.047917
-0.051452
1.3401
-1.8487
0.75863
-0.03006
0.24018
0.34408
-0.83963
0.87894
0.038898
-0.92842
1.8528
-3.0878
-3.5452
2.1704
-9.4034
6.7466
4.1778
-8.3792
-7.9701
-7.2283
-1.7598
2.6337
-5.8655
3.1131
11.417
3.8641
-8.9337
5.2499
1.9953
1.0497
-0.37576
1.4046
-0.29608
-0.61334
-0.83007
0.35679
0.54749
0.46051
-0.37344
-0.50298
0.31532
-0.008363
0.54864
-0.0481
-0.19026
-0.13473
1.1442
-0.44157
-0.044227
3.1127
-2.5706
-0.63054
-0.76634
0.2895
-0.074336
0.21924
0.15295
0.21272
0.49226
0.058271
-0.015354
-0.074221
0.0046054
0.1131
-0.096435
0.013401
0.086571
0.03728
-0.12603
-0.35209
-0.34022
-0.33317
2.6351
2.8547
-0.20325
-1.1801
3.4556
0.18049
-0.30482
0.32326
-0.058799
-0.067601
0.10794
-0.11414
-0.0019415
0.10751
-0.0061931
0.11968
-0.32782
-0.10167
0.071584
0.078427
-0.076331
-0.60024
-0.46618
-0.084221
0.55079
-0.50527
5.5621
7.8759
2.4009
0.2969
-11.304
-0.29965
2.5008
-6.9156
4.8048
-11.285
3.8155
-6.8894
0.83735
-3.7868
-4.9101
4.8472
-5.4685
-1.1845
0.51875
-0.11615
-0.29793
0.58851
-0.13662
-0.3441
0.41083
1.0609
-0.11685
-0.18297
-0.84239
-0.57248
-0.01286
-0.034066
-0.83404
-0.25829
-0.33943
0.19994
-0.81459
-0.68554
1.2397
-4.6102
0.70346
-0.7539
-0.23578
0.37017
-0.02584
0.50538
-0.17887
0.2923
-0.016525
-0.042891
-0.12518
0.22665
-0.097382
0.01044
0.12657
0.0022906
-0.092894
-0.031003
-0.11863
0.936
6.5722
3.85
-6.0229
-6.0152
3.178
2.3376
2.5951
-0.2767
0.42007
-0.16973
0.073685
0.0042299
-0.14827
-0.15693
0.04314
1.0002
-1.1221
1.3013
-0.45939
0.53006
0.56774
-1.0299
0.74521
0.21623
-0.54608
-1.3083
5.0229
8.3235
9.9255
-4.2894
-18.639
5.8018
-3.409
-2.8368
0.21984
8.3938
4.6522
8.8203
-0.6805
-7.3341
6.3708
13.456
-4.5106
-5.1083
2.044
-1.2513
0.47457
0.70946
-0.11997
0.19569
0.85574
0.17476
-0.12557
-0.24233
-0.82139
0.022072
0.12432
-0.53192
0.044745
0.04524
-0.37998
-0.019227
1.0854
-0.22643
0.33838
2.7917
-1.6738
0.058741
-0.97968
0.30121
0.00057822
-0.27034
0.42595
-0.36229
-0.051442
0.31335
-0.1527
-0.082291
-0.67021
0.46473
-0.36891
-0.32186
0.10171
-0.071758
-0.14153
-0.3503
1.9712
-1.6588
2.7328
-0.45191
-3.0429
3.5963
-0.19192
-0.2166
0.19069
-0.052104
-0.0076563
-0.021972
0.057145
-0.056144
0.1487
-0.1779
0.031564
-1.6444
-0.037074
-0.48644
-0.095739
0.13124
-0.68912
0.029948
-0.41813
0.43544
2.4099
5.6348
9.7631
8.5806
-15.601
-0.43188
-2.3565
-2.1774
2.3978
0.89912
-3.8813
1.0952
14.948
15.029
14.638
-7.7334
6.5301
-3.7551
1.14
1.1544
-0.19366
-0.39182
-0.36051
-0.091299
-0.14759
-0.8439
0.28564
-0.081657
0.42837
0.20897
-0.29704
0.19366
-0.15575
-0.21197
0.23089
-0.45325
-0.10647
0.18739
-0.75535
0.33564
0.4245
-3.4355
1.1094
-0.96188
0.36344
0.18536
0.19377
-0.0042561
0.29821
0.091998
0.38401
-0.14041
0.026226
-0.0064102
0.13134
0.21366
-0.052515
-0.014387
-0.18344
-0.23363
0.27925
2.3425
3.4265
0.057203
-2.1936
-1.5834
1.713
2.8121
-0.041192
0.26481
-0.10747
0.066084
-0.22075
-0.11548
0.37777
-0.23795
0.49569
0.64243
-1.4583
-0.29666
-0.35764
0.63754
-1.0947
0.22028
0.50488
-0.65406
1.3993
4.4161
5.3989
9.8357
3.0221
-19.909
4.2504
4.8498
-0.1164
-13.245
-9.8947
6.7534
-3.526
-4.5825
5.0922
-9.9016
14.607
2.1065
-3.0338
1.7129
-0.60773
-0.55471
1.1152
-0.44649
-0.14727
-0.38597
1.3158
0.3712
-0.31202
-0.38592
0.03266
0.076934
0.68946
-0.46479
0.080744
-0.25508
-0.39097
0.78942
-0.24074
0.10338
2.9981
2.813
1.2853
-0.98773
-0.51258
0.059302
0.26701
0.3051
-0.59882
-0.070338
0.47549
-0.41982
0.09819
0.015931
0.033639
-0.058372
-0.088599
-0.052011
-0.54843
0.58008
3.1919
-4.4152
-0.42632
-3.0382
0.58923
-1.3033
3.0168
-1.6453
0.18493
0.39642
0.067152
0.11399
-0.022549
-0.12243
0.38955
-0.15753
-0.0032617
-1.0287
1.1933
-0.3057
0.59016
0.28207
-0.72936
-1.4578
0.10422
-0.13799
1.4889
4.9183
9.9385
9.6065
5.9818
-18.033
14.877
-3.567
4.7092
9.4976
-15.806
1.0364
-11.848
-7.3031
13.576
-3.3283
8.5368
-2.6909
1.6126
-0.21092
0.79847
-1.6518
0.70605
-1.204
-0.49831
-0.75065
0.65183
-0.025071
-0.39942
0.22812
0.13316
0.054538
0.0096067
-0.086736
0.025443
-0.67795
0.51244
0.84442
-0.70622
-0.55799
2.8369
-4.0988
0.10682
-0.70333
-0.098887
0.20712
-0.098425
0.1533
0.15578
0.068237
-0.0033347
-0.043576
-0.28581
-0.28465
0.0059438
-0.019522
0.2674
0.060147
-0.0053776
-0.024537
-0.05324
-0.11067
-0.24778
-0.30189
0.94325
0.9901
-4.5275
0.60971
-2.1579
1.4372
1.5797
-0.35625
0.75202
-0.49293
0.25151
0.028589
-0.2536
0.14319
-0.26317
-0.0070408
0.11565
1.0491
0.61239
-0.17192
-0.37223
0.88661
-1.0784
-0.71554
1.1667
0.49641
2.3241
2.8335
9.9508
5.9642
9.236
-1.1232
2.711
-13.841
8.9919
-17.262
4.0685
-13.47
-6.0745
0.89243
-11.567
5.849
4.2432
-1.1718
0.56186
19.724
-4.7233
2.6304
-2.7078
-0.24705
-0.47601
0.83504
-0.24134
-0.73916
-0.95322
-0.23324
0.96488
0.2575
-1.3832
1.4391
-0.1268
0.11495
0.91692
-0.35655
-0.36061
0.065702
-0.28375
-0.095579
-0.45366
1.8622
2.7
-4.4279
0.64705
-0.56295
-0.62076
0.64167
0.03238
-0.051533
0.11605
0.18492
0.20196
0.40901
0.022476
-0.26409
0.13968
0.15722
-0.28481
0.24531
-0.17698
-0.21844
0.2026
-0.42728
0.10575
0.04702
1.6388
-0.053018
1.8473
-6.0435
0.52134
-1.4563
-0.16408
-0.69526
-0.019829
0.10975
-0.13659
0.043237
-0.041549
-0.018871
0.076426
0.6678
-0.86746
0.89243
-0.44038
0.73451
-0.086216
-0.42896
1.1725
-0.02738
-0.75198
0.85155
8.5913
7.4252
7.4142
-7.8353
-17.445
13.023
-6.6697
3.6229
-4.11
-1.1157
-15.706
1.2536
-4.6119
1.1678
-4.084
0.49011
5.2729
-5.1036
-2.6074
0.93436
1.7141
-1.4069
1.3522
-1.2186
0.38944
0.93618
0.57629
0.29136
-0.34936
-0.21369
0.21628
0.14893
0.77782
-1.1292
-0.3102
0.11382
1.513
-0.2788
1.1554
4.3391
-3.1484
-2.1247
-0.54079
-0.4088
0.3355
-0.11511
0.054511
-0.0055509
0.14423
-0.014853
0.092788
-0.025667
0.017984
-0.056337
0.27133
-0.14517
0.10263
-0.43877
0.52667
-2.3333
2.682
2.8554
0.57757
1.8987
-3.662
1.2129
1.2606
-1.3652
-0.038773
0.3316
0.039418
-0.094474
0.051899
0.16515
-0.16928
-0.14222
-0.14213
0.89819
1.2586
-0.50719
-0.56404
-0.28382
0.90561
-1.355
-0.43702
6.7604
9.7739
8.9724
-17.057
-4.5492
-5.1933
-0.13489
9.6074
-17.332
-8.4706
-5.8128
-12.009
4.5466
3.0447
7.6846
-12.608
21.17
-3.6799
3.4521
-5.018
0.25009
-0.39769
-0.75231
0.34618
-0.72742
-0.98542
-0.66351
1.1627
0.031925
-0.077507
-0.32652
-0.074322
0.74696
-0.32773
-0.13278
0.58219
0.74759
-2.0509
1.3282
-1.163
-2.1478
0.29017
-0.84311
0.23395
0.33924
-0.007597
0.24387
0.51509
-0.10948
-0.072105
-0.17313
-0.05939
-0.044173
0.066002
0.011222
0.15642
0.079602
-0.11372
-0.22686
-0.38064
0.50372
1.5101
3.4317
5.2022
-3.5736
2.065
0.78728
0.78292
1.1502
-1.5309
-0.39532
0.22454
0.15671
0.082354
-0.068444
-0.17839
0.1312
0.39495
0.018363
0.21992
-0.19624
-0.24363
0.99024
-0.69813
0.81264
-0.15711
-0.080935
5.7834
10.194
-15.551
-13.512
-10.527
-0.8461
6.4096
-11.123
1.4956
-12.924
-2.1502
1.7018
-2.0319
-1.1429
-3.5085
20.832
2.4555
-4.935
-2.1497
0.361
1.1054
-0.16293
1.6518
-0.50846
-0.34468
-0.01104
1.1216
0.11797
0.085333
-0.93772
0.65179
-0.21047
-0.15343
0.56751
-0.056972
-0.72511
1.3126
0.46745
2.3995
3.0879
-0.52301
0.1903
0.14286
-0.085392
-0.19607
0.40277
-0.48945
0.60989
-0.58315
-0.4048
0.12498
0.18308
-0.18982
0.16602
0.10019
-0.1258
-0.11885
-0.13088
-0.35889
-0.36702
1.6832
-2.175
3.4504
-8.5964
4.9272
-2.7117
2.4053
0.0030784
-0.08114
0.066829
0.027268
-0.18034
-0.022594
0.045973
-0.11893
0.094807
1.2782
1.2001
-0.85251
-0.26467
1.3508
-1.2837
1.2821
-1.4619
7.4351
6.9007
8.7907
-19.082
-0.65509
-5.5687
10.567
-10.212
-7.2516
-3.0106
-10.179
9.8778
-2.8197
-5.342
8.474
8.473
-7.7732
-12.102
1.0475
-1.1939
-1.0299
-0.05585
1.047
-0.90852
-0.34498
-1.1975
0.71297
-1.489
0.69539
-0.41805
0.57856
-0.44291
0.10462
-0.36446
0.7423
0.97189
-1.1432
0.41856
0.85644
2.4987
-4.4243
0.34152
-0.88612
-0.27732
0.39416
0.098875
-0.12342
0.11798
0.2912
-0.1277
-0.47949
0.070422
-0.10799
-0.094672
0.12364
-0.14071
0.16262
-0.052581
0.0094846
-0.16269
-0.67741
0.29721
0.9835
3.5168
3.4368
-3.6593
-0.16771
-0.034381
-0.071054
0.021177
0.010248
-0.08647
-0.066148
-0.1261
-0.12857
1.0373
-2.1325
-0.75393
0.05139
0.93177
-0.61625
-1.5156
0.62226
-1.6239
1.0989
2.2482
12.17
9.9887
0.31412
-13.265
-9.8663
-5.8611
3.6819
2.0665
3.0853
0.08103
-3.3252
-3.7295
-2.9554
-0.5455
-0.12457
-26.416
17.556
3.078
0.1304
0.16375
-0.26123
1.9117
0.28252
-2.5312
-0.013677
0.41664
0.39847
-0.22872
-0.72221
0.26735
0.45479
0.08952
2.8001
3.7054
1.8136
-3.3855
-1.1098
2.6967
5.1329
-1.1822
-0.10036
-0.52905
0.3443
0.054392
-0.11904
-0.43098
0.54321
0.2444
-0.18756
0.16986
0.0568
0.066802
-0.06167
0.22347
-0.13179
0.019868
-0.03797
-0.053954
-0.021761
0.018617
0.74867
1.44
-7.7643
8.0038
-0.89029
-1.0706
1.5664
1.0704
0.013166
0.10189
0.061438
-0.017639
-0.045025
-0.1794
-0.86077
0.93126
-0.75177
0.39707
-1.0352
-1.9939
3.7362
-0.93486
3.4897
-0.40169
14.673
7.2243
-16.428
13.393
-6.5788
-14.336
11.92
-11.218
2.3346
1.5704
-1.7112
-5.5348
-10.329
2.9125
-3.6697
-25.869
-0.53982
-3.4834
-4.3219
1.7541
0.24349
-0.11312
0.067603
0.13158
-0.27697
-0.25417
0.44665
-0.17777
-0.35476
0.53615
-0.44159
0.15765
-0.044308
0.17358
1.5337
1.538
1.6812
-5.4244
-8.1914
5.269
5.3277
-0.35286
-0.58048
0.36164
0.33801
0.33829
-0.014715
-0.12042
-0.11895
0.12672
-0.081666
-0.080389
-0.066101
-0.034704
0.08084
0.0040088
-0.1312
0.13376
-0.0099712
0.025362
-0.081988
-0.081258
0.96939
-0.036145
5.6691
-1.8467
-3.5564
1.846
3.0933
-0.31156
-0.20412
0.010603
0.013736
-0.11238
0.035159
-0.13882
-0.012306
0.24255
1.1489
-1.6137
-0.38454
-0.27744
1.7648
-2.5044
4.5781
-2.9843
-0.017753
2.2084
6.0956
21.693
5.5241
12.047
-13.689
-6.4242
3.8072
-2.0218
-0.83273
-0.68701
-3.8662
-1.8578
3.5895
0.59563
-8.6604
10.436
-12.43
-5.7985
0.82239
-9.7556
0.88194
0.37506
-0.28014
2.1553
-0.62316
-0.90818
-1.0651
0.49076
0.99065
-0.49755
-1.9068
2.3224
0.68541
0.35113
0.43928
2.606
1.8193
1.8898
-0.49783
4.2372
2.0943
-0.12156
-0.60016
0.39247
0.35178
0.0051984
-0.020796
0.18308
0.10726
-0.069442
0.094294
0.083745
-0.098816
0.14759
-0.12922
-0.037591
-0.1126
0.26238
0.90472
0.081645
4.0261
-11.694
-5.692
0.45167
0.67044
1.6322
0.6425
0.29987
0.14787
-0.18244
0.0033232
-0.4956
0.2029
-0.16547
-0.02577
-0.12438
-0.33636
0.15012
-0.15512
1.6304
-1.2269
-1.5434
-1.5986
-0.68248
1.9255
6.9632
8.2964
-0.29667
-1.032
-5.6547
1.5309
-10.528
3.4773
2.0528
-7.7029
7.8245
-9.6586
1.2017
1.1084
1.4931
-6.1307
15.713
-35.962
20.317
-7.024
1.9774
2.0061
-0.28096
-0.64228
1.5493
0.66137
-0.59312
-1.9055
-0.25028
1.0656
-1.4485
-0.24356
-0.021524
0.46226
0.88534
2.4387
-5.2923
3.7676
-11.693
-7.2071
4.9071
2.2284
-0.9663
0.17715
0.72159
0.25248
0.14371
0.3112
-0.063017
-0.011122
-0.10805
-0.0161
0.0097833
0.060092
0.028453
-0.028512
0.029989
-0.1136
-0.0021694
0.23115
1.2078
0.5207
4.734
1.1606
1.1719
-3.9752
7.2106
3.2752
-0.99249
-0.95225
-0.23706
-0.03701
0.095852
-0.10972
-0.10944
-0.19993
-0.22151
0.038819
1.1245
-1.7669
-0.55546
-0.3735
0.712
-1.0514
2.6865
-1.5644
0.12328
3.065
4.9835
18.53
-7.5968
4.8887
-9.5375
-8.3455
1.6038
-0.61754
-6.1732
13.634
-8.6579
-1.6764
0.031426
0.43163
-22.614
7.7372
-6.1577
16.712
5.4856
3.655
3.2865
0.49556
-2.1675
1.7382
3.3658
0.82112
-2.5334
-2.2274
0.94188
0.57062
0.41344
3.5209
-0.20293
0.091307
0.62039
1.007
5.4175
6.5457
-6.7731
10.43
4.6752
-0.96701
-0.3655
-0.031551
0.32524
-0.20421
0.31148
-0.22838
-0.22994
0.31821
-0.25109
0.021903
-0.0015086
0.0016747
-0.027827
0.011445
0.097113
-0.22934
-0.00039717
-0.057242
0.071976
-0.27116
0.0036748
2.4025
-1.5969
6.4815
-3.9906
-5.0678
-13.61
1.4053
2.9976
0.12982
0.23991
0.066722
-0.085648
0.14781
-0.077804
-0.12021
-0.064337
0.10033
0.83721
-1.6722
1.1025
-0.54109
1.5439
-0.6437
-1.9482
-1.4602
0.68357
0.78189
11.946
20.158
-12.827
3.7902
-3.3153
-5.0231
-0.70314
0.99241
2.1743
-2.7517
-8.1847
-4.5536
1.0576
-0.72062
-4.2907
-1.9562
-3.326
-23.225
-7.0621
-15.851
22.481
12.484
-19.685
2.0618
3.7865
1.8417
-2.9709
0.71301
-3.7199
2.9774
-2.2949
-4.1674
1.0643
0.80181
2.6256
6.1024
-4.8571
-8.9863
-7.4836
6.503
6.8792
3.0158
-0.24382
-0.093272
-0.41389
0.74225
-0.24922
0.22376
0.18316
-0.25279
-0.0047544
-0.20059
0.26948
0.0016789
0.073448
0.052114
0.037934
-0.036475
-0.089344
-0.019326
1.724
-0.68528
0.26896
7.5176
-1.117
0.94374
2.3562
1.5127
-0.20258
0.071972
-0.22547
0.066567
-0.18356
0.09649
0.1157
-0.046355
0.6408
0.18032
-0.49345
-0.12975
0.13679
-1.7205
-1.8668
1.2081
0.29944
6.9764
6.1991
15.435
-6.3726
0.99637
0.98703
-7.4041
-1.7445
-4.8744
8.5402
8.5493
1.1633
1.1044
-1.2379
-1.2151
-11.54
-20.239
-32.468
15.269
2.6786
2.3502
1.3552
-1.4834
-0.14305
0.76709
1.9738
1.1166
0.064028
-0.51384
-1.1037
1.5727
-0.60936
-1.945
0.56767
7.7221
7.1619
-8.6172
-2.4179
7.0817
-1.0831
0.13319
-0.98006
0.14396
0.44802
-0.40102
-0.15434
0.15586
0.022938
0.10639
0.10361
-0.15246
0.27514
0.027192
0.099245
0.053276
-0.022228
-0.10635
-0.097654
1.0787
3.4585
2.7514
1.7532
-12.211
-2.1437
3.1479
-0.02661
-0.075007
0.21701
-0.089449
0.0063363
-0.10926
0.026439
-0.016962
-0.059189
1.0251
-1.5273
0.57192
-0.51371
1.346
-0.42178
2.6965
-0.50294
0.642
0.10072
13.116
4.0603
-3.9712
-21.085
4.4084
-7.9279
-10.108
-3.2596
-2.4993
0.28831
-3.9116
-3.6068
3.7052
-8.6478
-8.5133
-15.19
17.617
8.693
-0.93644
-0.81929
-0.62848
0.96415
0.37043
0.45654
0.42361
1.2925
0.49335
0.019389
0.50299
-1.884
-2.5926
-0.135
-2.3806
0.4466
-0.26953
-1.0091
0.68819
6.835
1.5609
-0.17155
0.24727
-0.43017
-0.085844
0.39322
-0.56761
0.78412
-0.7923
0.6749
0.20715
0.035604
0.16646
-0.052846
0.089708
-0.20824
0.023825
-0.10475
-0.054845
-0.049399
0.33634
-2.707
-2.3121
2.5248
0.49709
-0.1742
-0.13123
0.044526
-0.28961
0.069127
-0.021742
0.076747
-0.0025344
-0.14775
0.29639
-0.64212
0.24751
0.086322
1.6995
-1.3994
-1.5744
0.90042
1.1922
3.3817
14.367
-7.4302
11.538
-10.213
-5.1655
-2.0749
-1.1984
-4.0671
7.2094
-5.499
-4.4929
-0.13193
2.564
-9.8499
-22.565
19.422
5.4057
-1.7526
3.2513
2.3229
-1.1033
-0.28438
-0.22314
0.44812
-0.17946
0.68949
-0.51757
0.99381
-0.3399
2.1786
-0.14487
-0.43668
4.9992
0.696
-8.9884
-0.96701
1.0764
-0.21541
-0.20025
-0.60115
1.1281
-0.27091
0.36827
0.32183
0.38222
-0.21265
0.45435
-0.0028223
0.0027649
-0.22636
0.051121
0.38845
0.29089
-0.28892
-0.081717
-0.07775
-0.29842
0.0072437
-0.35582
-0.2123
-1.9992
-2.638
1.711
-0.021517
-0.023915
0.1236
-0.062552
0.070537
0.075093
0.031002
-0.042029
0.029313
0.84495
-1.6664
-0.49071
0.14615
0.73892
0.51814
0.30152
1.6997
-0.17242
2.2181
12.59
4.6475
3.6008
-5.4988
-2.6088
-12.617
5.8638
-9.0075
9.9208
-10.221
-3.9981
-2.9622
-3.6742
4.6479
-1.1137
-12.533
-9.7828
3.5519
-0.19719
-0.31893
0.9036
-0.12841
0.55208
-0.32833
0.22033
-0.7109
0.33565
0.12639
-0.21304
0.20364
-0.27231
0.073061
-0.17827
0.23501
0.1266
-0.015572
-0.30506
1.106
-0.50631
0.55761
1.7465
-1.2951
-0.12639
-0.37566
-0.2603
-0.23912
0.14045
0.025272
0.10391
-0.26584
0.172
0.25787
0.16457
-0.0067943
-0.048986
0.21824
-0.16555
-0.022166
-0.21346
-0.1791
0.068306
-0.10514
2.2823
0.29673
1.6127
-0.56033
-0.26037
-0.23395
0.014209
0.18956
-0.23034
-0.022825
0.0037868
0.33621
-0.24267
0.07905
1.3531
-0.97085
-0.19222
0.084438
0.7364
-0.33398
-1.1688
-0.083182
-1.251
-1.212
2.9464
9.675
10.023
14.882
-4.3837
4.4319
4.4669
0.28491
-4.8253
-4.5708
5.3229
-4.7567
-8.6823
4.4612
-4.7145
3.1332
0.060705
0.81813
-0.83767
-0.30608
2.1362
-2.3989
0.12859
0.97425
-0.17249
-0.061722
-0.14312
-0.18357
0.17095
-0.11286
-0.091411
0.15423
-0.071161
-0.10176
-0.15031
-0.39765
1.0941
2.6429
0.30861
0.5483
-0.63547
0.75809
-0.24503
-0.18476
-0.032604
0.029778
0.49832
0.06883
-0.046755
0.17411
-0.056371
0.11976
0.034206
0.15111
-0.18111
0.006291
0.10208
-0.040596
-0.074409
0.11436
-0.32256
-0.32045
1.0561
-1.169
-1.3705
0.70691
0.70846
-0.035248
0.046797
-0.0099913
0.0065911
0.0041228
0.0043888
-0.011947
-0.10566
0.080242
-0.069498
0.21396
0.20862
-0.94638
-0.40808
0.27048
-0.42636
0.40863
-1.1715
-0.87434
0.87852
1.5125
-2.0762
8.1733
8.4051
5.0636
6.7466
9.2159
-6.807
1.059
-5.2967
-15.472
2.0554
-0.37318
1.6157
2.9571
-1.163
-1.2134
0.31135
-1.2792
0.29272
1.5284
-2.3794
1.1894
1.2596
0.79256
-1.2039
-0.37329
-0.26339
-0.23266
0.058708
-0.017071
0.88449
0.70098
-1.437
-2.4837
6.5975
-4.6159
1.1482
-1.0191
0.36594
-0.46969
-0.076912
0.37519
-0.15062
0.046871
0.092984
0.24163
0.01424
-0.079822
-0.059619
-0.034078
0.13119
0.068446
0.31641
-0.23618
-0.0021952
-0.22455
0.24108
0.26537
0.687
-0.25467
-0.38889
-0.030476
-0.11114
-0.030135
0.071997
0.098659
0.074785
-0.13671
0.1358
-0.14518
0.050871
1.1658
-1.5519
0.49304
-0.019928
0.64636
0.35318
-0.92493
1.7292
-0.76711
-0.90431
3.8995
7.1049
6.5175
9.3746
-10.368
-12.506
6.1193
-2.5408
-9.7583
-4.9909
-4.728
2.9195
-10.815
1.6063
8.6532
-0.84148
0.95888
-1.1099
-1.4938
4.3442
-4.367
0.47819
-0.30454
0.74363
-0.56393
0.13604
0.11599
0.019915
-0.25496
-0.27853
0.2363
0.48281
-0.51362
-0.59955
-1.0625
-0.78476
-1.9681
0.91055
-0.23146
-0.2284
-0.09315
0.4115
-0.072565
-0.063733
0.031955
0.28667
-0.12051
-0.088543
0.23525
-0.097544
0.21422
-0.046041
0.038054
-0.071513
-0.16928
0.16281
-0.085914
-0.10445
-0.010596
-0.12321
0.71914
-0.20897
1.1368
-1.2899
0.56637
0.17941
-0.064304
0.042805
0.28161
-0.0099654
-0.12278
-0.002685
0.16892
-0.2763
-0.68419
0.055379
0.40587
-0.037851
-2.3928
1.2647
-0.54979
2.2206
2.5585
8.9622
6.5101
12.101
6.6907
-12.962
2.7999
0.8024
-13.973
2.1585
-11.36
-11.005
13.516
13.548
-3.6274
11.445
7.2694
-1.1914
-0.79839
0.61418
-0.030096
-1.7701
-0.41292
0.54235
0.47946
-0.79202
0.0096428
-0.48787
-0.24056
0.071887
-0.3324
0.10462
-0.14542
-0.026561
-0.019252
-0.25169
1.1726
0.89551
-0.51552
-2.6009
1.7114
1.6913
1.5843
-1.0815
0.37398
-0.25803
-0.070937
0.22316
-0.30695
0.17436
0.15557
-0.13542
0.055767
0.2022
-0.24986
0.099997
-0.17541
0.077986
0.072931
-0.0071724
-0.062051
-0.1494
-0.49688
0.0057717
0.50333
-0.7188
-0.39576
-0.38363
-0.59252
-0.77311
0.50051
-0.3574
0.17008
0.21842
-0.22053
0.18298
0.31886
-0.26237
0.23902
-0.15247
-0.022743
-1.5492
1.8944
-0.20384
-0.1666
0.31441
1.002
-1.3718
0.23905
1.252
2.9526
6.1014
2.7904
8.8024
8.1871
-19.432
-8.815
17.595
-24.213
17.538
0.35539
2.0008
-1.1748
-4.2985
-17.668
12.34
-7.3836
13.664
1.3778
1.1089
-0.46185
0.21836
0.10932
1.9833
-0.60998
-1.4371
1.169
1.5171
0.91207
-0.45213
-0.23107
0.040969
-0.18502
0.41547
-0.019282
-0.285
0.3166
-0.25376
1.9457
2.6367
-1.2911
-2.7979
1.3024
5.3304
-0.80862
0.94862
-0.15665
0.054151
-0.022586
-0.15985
0.37451
-0.20973
0.30232
-0.34959
-0.38552
0.077858
-0.14421
0.21764
-0.0078383
0.0032061
-0.21084
-0.23642
0.10537
-0.21009
-0.040904
1.5907
-0.36053
0.90584
0.52626
-0.11263
0.1765
-0.14944
-0.084989
-0.17068
0.24808
-0.072881
0.13291
-0.015477
-0.15351
-0.16593
0.11059
0.17329
0.28924
1.4709
-0.51227
-0.23098
0.58993
-0.42402
0.033722
-0.22527
0.96164
4.8564
-4.2846
8.274
15.529
10.138
13.182
15.777
-24.06
6.1378
-5.5996
-13.93
-6.2304
-3.8771
-10.075
-1.4151
1.409
2.9839
0.056526
-1.4069
2.1641
-3.3237
-2.5628
0.4354
1.0941
-0.13543
-0.32942
-0.28086
0.56476
0.20505
-0.59783
0.3454
-0.083606
-0.45979
0.22189
0.22196
0.27922
0.89535
-2.0168
-3.0532
-2.9186
2.3651
-2.8696
1.3409
-0.46728
0.010616
-0.26592
-0.088313
-0.13295
-0.0095962
0.1588
0.15895
0.14315
-0.056091
0.018245
-0.10275
0.12659
-0.051133
0.0045754
-0.1621
-0.034936
-0.17604
1.339
-0.75377
0.84873
0.21898
-0.48986
0.1348
-0.65128
-0.45195
0.041592
0.23546
-0.17813
0.001263
0.14553
-0.074116
0.052569
0.4438
-0.0099728
1.0979
0.26799
-0.26228
0.18928
-0.38986
1.3271
-0.90122
0.78235
0.36529
11.523
9.2185
5.9543
8.7414
-18.894
-3.3503
-1.2691
-3.1535
-7.6727
-0.088583
7.074
-7.554
2.1279
-0.35639
5.7517
0.099726
-1.0567
1.5644
1.6171
-1.7748
1.4988
0.014908
0.56404
-0.47923
-0.19186
0.40385
-0.31374
-0.15073
0.067021
-0.1084
-0.010123
0.15354
0.86903
-1.1654
-0.81843
6.167
-4.2896
1.0945
-0.29917
-0.13658
-0.18888
-0.071161
0.13457
-0.078121
0.08027
0.10579
0.61767
-0.16379
0.20567
0.14382
-0.29691
0.22364
-0.10781
-0.085892
0.10584
-0.047769
-0.055009
0.0082757
-0.198
-0.071371
0.46948
0.011662
-0.103
0.46253
-0.20455
-0.18206
-0.071005
-0.066584
0.12276
-0.20721
0.02144
-0.11414
-0.031962
-0.01121
-2.4035
1.2616
-0.8423
-0.45994
0.21814
-0.97118
0.033291
-0.44038
0.63086
2.5568
-1.7671
6.5919
14.795
7.5941
-2.985
9.4919
-10.641
1.6839
6.7538
0.016111
-24.822
-0.05255
2.8057
1.0608
-3.1469
3.6966
0.89732
-1.3496
-2.2695
-0.68849
-0.85924
0.54404
0.17714
-0.11216
-0.53407
0.39855
-0.047716
-0.43574
-0.19691
0.097204
0.19553
-0.32369
0.17452
0.32101
-0.93352
-2.0283
-0.70559
-0.38359
-0.14528
0.00068422
0.063041
0.11057
0.1815
-0.11077
0.24171
-0.32935
0.54171
0.51577
-0.43202
0.08936
-0.24687
0.095045
-0.0064069
0.011245
-0.0066482
-0.15005
-0.1906
-0.17662
-0.13401
0.082235
1.1174
0.003614
-2.2562
0.36266
0.92511
-0.52004
0.1261
-0.053224
0.065725
-0.13379
-0.074968
-0.11892
0.7492
0.75819
0.93135
-0.24693
-0.17847
0.73022
-1.054
-0.71541
0.44716
0.15206
4.0767
-5.4812
7.6179
9.518
7.8469
-11.578
-9.1622
-1.2665
-11.618
-3.0863
-4.2877
-12.945
0.48792
-11.068
1.0166
10.48
-4.4604
6.5897
-5.1244
3.6208
-1.728
2.1775
1.6818
1.0987
-0.32271
-0.72034
0.053562
0.028298
-0.22692
0.056365
-0.059322
0.002829
-0.40204
-0.2855
0.69496
0.70801
0.77175
0.7852
-1.6716
1.6449
1.514
-1.3791
-0.4261
0.10898
-0.21261
-0.10977
0.55762
0.017455
-0.44949
0.4609
0.077737
-0.31595
-0.23449
0.2248
-0.12828
0.038471
-0.077151
-0.15871
-0.16262
-0.28996
0.5606
0.044901
0.34601
-0.69589
0.38788
0.41226
-0.062104
0.016898
0.056165
-0.0018648
-0.11554
0.017738
-0.058114
-0.029999
0.14103
-0.32174
0.17125
-1.3057
1.3661
-1.067
-0.52211
0.17788
-0.31832
-0.81452
-0.047863
1.5117
-1.5175
6.1018
7.5826
8.1736
-6.3539
-1.1686
-5.4944
0.57515
-5.3895
-0.63815
-4.5189
-6.5587
5.3117
6.7896
0.14375
-3.5562
-0.38639
-0.2677
-0.63097
2.6068
-2.2089
-1.4637
0.31003
0.61074
0.11791
-0.74682
0.33036
0.099541
-0.54678
0.35193
0.094729
-0.15402
0.097029
0.04803
-0.1939
0.69573
0.42645
-0.1954
-1.4741
-1.9092
0.71714
-0.070637
-0.35279
-0.27746
0.15622
0.069928
0.18011
0.027937
-0.37996
0.017631
0.11875
-0.039064
0.077702
0.057131
0.1108
0.026985
-0.13125
-0.22227
0.022502
0.29089
0.51925
1.1057
-2.3508
0.21723
1.3545
-0.81804
0.38084
-0.08585
0.28688
-0.055437
0.0036423
0.0016677
-0.11493
-0.1252
0.0043309
0.40611
0.39418
-1.9404
-0.1318
-0.32125
0.71118
0.45484
-2.5182
-0.32535
0.18059
1.4231
3.0499
11.263
6.3388
5.7946
-0.029944
-2.8732
-2.9776
-19.679
2.0813
-3.4511
-7.9077
-4.3786
-4.1231
-1.0449
1.8861
0.24451
4.4392
-0.95813
1.423
1.1081
0.6207
0.76391
-0.40187
-0.46419
-0.77847
0.14391
0.14604
-0.12978
-0.025776
-0.10363
-0.34993
0.0048605
-0.0046756
0.084243
0.061572
-0.31069
3.6364
-1.0595
1.557
-0.59991
3.8592
-7.1917
0.10762
-0.040311
0.014615
-0.0050864
0.47026
-0.53913
0.1235
-0.048219
0.21059
0.047744
0.064275
-0.23247
-0.011133
-0.30443
-0.25897
0.66359
0.14019
-0.14688
-0.78357
0.86566
-2.2935
0.8959
0.60034
-0.36176
0.47762
-0.48043
-0.17784
0.24458
0.10371
-0.050728
0.10799
0.073741
-0.064257
0.11151
0.035746
0.63801
-0.18108
-0.94678
1.7051
0.3719
-2.9567
-1.2746
-0.65886
6.6628
15.362
3.8295
-15.616
15.999
-14.884
-0.70988
-15.884
11.718
-1.2131
-1.5889
-4.3982
1.7635
-2.932
-2.5142
-3.6346
11.349
9.2495
10.02
6.1711
0.57554
-0.23521
1.1918
-1.6864
0.063314
0.53422
0.18684
0.1196
0.38894
0.16526
-0.33493
-0.27709
0.097367
-0.22067
-0.12555
0.67251
-1.1107
-0.31196
-1.1595
0.67655
-0.45786
-1.3287
1.4444
0.035002
-0.32297
-0.37262
0.21998
-0.010828
-0.006791
-0.0098999
-0.036489
0.087103
-0.033507
0.017636
-0.46995
-0.24314
0.0015865
-0.0080401
-0.19009
-0.011763
-0.19594
1.9596
-2.2759
0.013396
0.63145
-0.45323
0.22596
-0.086391
-0.041704
-0.032029
-0.12212
-0.26563
0.19595
-0.032659
-0.14292
-0.10117
0.29161
0.83808
0.30202
-0.71931
1.143
2.2764
-2.416
-0.81919
3.3479
6.3738
15.599
2.4681
2.633
-1.503
-8.5248
0.2554
0.086572
-3.3705
10.341
-6.1857
-0.73219
-1.2822
-5.85
-3.5243
-1.3045
-27.886
21.945
-22.186
0.72847
-2.0855
-1.7271
0.88459
-1.0393
0.29679
0.34813
-0.19999
0.53253
0.061675
0.030647
-0.30946
-0.0080607
0.00010463
-0.38579
-0.37994
0.9744
0.03563
2.415
0.071558
0.52853
-10.39
5.177
0.46197
0.66671
-0.36248
-0.39564
0.58094
0.58319
-0.088025
0.27331
-0.010213
0.087816
-0.033098
0.02409
-0.46382
-0.27768
0.23307
0.24604
-0.21279
-0.32299
-0.31951
0.23053
-0.49284
2.3705
4.4651
1.5734
-0.24886
0.93203
-0.05733
-0.058071
-0.44085
-0.10463
0.2656
-0.26032
0.73241
-0.021383
0.060355
-0.091693
0.54832
0.43327
-0.25592
-0.15771
1.1586
2.6778
-2.181
8.6447
-2.2632
3.0645
5.536
16.532
-16.955
12.366
-2.2391
-19.078
11.019
-15.797
1.6191
-5.9993
-3.5596
3.4742
-2.8816
-4.3563
-1.4148
5.9206
-12.773
14.067
0.92792
-0.011005
-1.8948
-3.4858
0.16193
0.7454
0.2263
0.39777
-0.59005
-0.4896
-0.14476
-0.083969
0.2482
-0.88518
-0.15253
-0.10515
0.58019
0.89166
3.6574
-1.0203
-3.7769
-3.2063
5.6564
1.8345
0.87443
-0.019437
-0.55731
0.61993
0.32549
0.057869
-0.38387
-0.188
-0.042574
0.064729
-0.037777
0.016783
0.41581
-0.37795
0.22682
-0.22392
0.18994
1.9982
-0.64767
-4.5307
3.0667
0.91493
0.14703
-0.95477
-0.32464
0.027303
-0.15567
0.30583
0.3431
-0.31656
0.26505
-0.063812
-0.14867
0.31089
0.28356
-0.04434
-0.11914
0.19182
-1.9357
-2.2033
3.5987
-4.1169
2.721
7.2979
18.979
-4.0933
3.731
-6.0461
4.1053
-8.3304
-6.227
-0.048692
-5.8686
5.9446
-16.132
7.3811
-2.9639
-3.2636
-2.6537
-12.884
-9.4332
0.56035
-5.6827
5.6497
1.143
-0.28013
0.52418
0.51309
1.1076
-0.1145
-0.92747
-1.0327
0.0058394
0.28101
-0.25476
-0.78304
-0.50103
0.61959
0.45844
1.6624
1.6714
-8.7988
-4.42
-0.9218
5.4481
1.5975
-0.19814
-0.28115
0.80008
0.051416
-0.38962
-0.57307
0.27654
0.40645
0.042435
0.037358
0.094477
0.31535
0.32536
0.11804
0.043739
-0.077352
-0.89352
0.16985
0.90028
0.41193
5.9023
-2.6052
0.50438
-0.015568
-0.85884
0.43969
-0.11722
0.4995
-0.3428
-0.15945
0.17345
0.17599
0.00081376
0.24027
0.1312
-0.63974
-0.64572
0.77592
1.8479
-2.6386
5.7729
-2.2683
-0.87906
14.723
7.2819
4.3466
-0.51709
4.1091
-4.3599
-4.3284
-1.3377
-5.2473
-14.898
3.7746
-3.3824
-8.281
9.904
-7.915
0.10901
-0.95344
-8.9565
-30.485
-4.9758
2.1702
-9.995
0.70056
0.69623
-0.13126
0.50689
-0.18448
-0.24022
0.22228
0.033889
-0.072376
-0.27553
-0.014047
0.00066917
0.13695
0.23527
2.403
3.8615
2.9141
-8.5182
-9.9263
4.2964
2.563
-0.94191
0.28722
-0.29892
0.073778
-0.2064
-0.11524
0.32316
0.042816
0.021775
-0.020762
0.0704
-0.023933
0.026665
0.039737
-0.011092
0.057385
0.14751
-0.21246
-0.21725
0.6968
0.88811
-1.3925
-0.97927
1.0519
1.4236
0.66019
-0.1491
-0.51122
-0.22356
-0.089212
-0.066584
0.32223
0.31288
-0.36107
0.14148
0.22971
-0.63947
-0.11312
-1.0421
1.1149
-3.179
-1.8226
1.4652
0.97488
9.1034
12.432
-5.6593
-7
-3.1132
8.4608
-7.1437
1.8237
10.232
-6.1735
-2.5591
3.2857
-6.6399
-0.71452
-1.2737
-2.1437
-24.944
26.332
-13.177
-10.825
-0.59378
2.1212
1.6498
0.97231
-0.68147
0.15383
0.0075829
0.17806
-0.65405
-0.12861
0.23653
0.25256
-0.10477
0.28349
1.5281
6.5867
-4.8964
-4.6327
-8.6291
-2.1374
4.8786
9.2664
0.22712
0.21015
0.16702
0.42302
-0.04923
-0.21467
0.21285
0.047717
0.09339
-0.082634
0.041857
-0.025727
-0.18146
-0.0023858
0.12497
-0.19359
0.13385
-0.52177
2.7317
-0.66944
-1.0785
0.75136
1.396
-0.56429
0.32043
-0.016093
-0.18023
-0.043095
0.00086236
-0.29232
0.16866
-0.048547
-0.092932
0.057203
0.59582
-0.22486
-0.19537
-0.5138
2.0226
-4.2259
6.2077
-4.0688
2.4713
7.4156
11.447
0.51512
9.9633
-0.14097
1.8799
-3.4485
10.398
-3.1437
-4.8213
1.2942
8.6056
-6.9046
-3.7933
-3.8096
-5.5678
-2.6583
-1.239
-3.599
-4.027
-32.342
1.4934
18.054
1.1733
-17.686
1.4344
3.8802
-1.046
0.72475
-0.4373
0.081403
-0.49844
-0.61562
0.26979
-0.15216
-0.22168
0.57919
-0.060696
0.5707
1.4328
1.4385
1.4729
-5.6221
-8.1038
-9.6543
6.5743
8.3096
-0.20903
0.43772
0.17766
0.39372
-1.1064
-0.023148
-0.045422
0.18106
0.10016
-0.1672
0.090736
0.17517
0.11717
0.16571
-0.35459
0.17094
0.42718
0.31576
1.526
1.1691
4.9375
7.105
-4.4069
0.47754
-0.5085
0.65256
0.12202
-0.066159
0.038792
-0.14096
0.068646
-0.013395
-0.096822
0.23182
-0.10755
-0.33667
-0.27098
0.28946
1.0528
0.040717
-1.4672
-2.2207
0.0173
4.4277
4.1812
20.371
-6.9856
-5.6262
0.13126
12.944
-14.183
12.318
-12.525
-13.215
1.3991
0.23591
0.99436
0.48669
-6.3256
-4.9794
0.1987
-1.7644
-2.4037
-9.847
-14.376
-15.447
19.912
7.3943
-23.39
6.7882
2.7675
10.396
-1.9332
1.521
0.018165
-0.36997
0.38685
0.26468
0.2804
0.078816
-0.024875
0.12775
0.035157
0.788
4.6994
5.9412
-8.9733
-5.3017
3.5643
1.0754
7.2412
-0.66368
-0.41863
0.10055
0.58545
0.11831
0.14545
0.35251
-0.065526
0.035546
-0.064478
0.16653
-0.025907
-0.13932
-0.072101
-0.18367
0.012605
-0.23991
-0.11716
0.27273
-0.21956
0.30156
1.43
4.6369
-7.2324
-0.37372
-4.7629
3.5809
0.391
1.0705
0.54612
-0.47038
0.1789
0.061429
-0.13245
-0.12444
-0.038901
0.0072214
-0.058079
1.5226
-0.24254
-1.2318
0.3006
1.0682
-1.3337
1.4958
-0.27386
8.9454
6.9112
3.2102
12.759
-6.4404
2.0899
-2.7282
-4.9959
-1.3259
0.26026
-8.4802
-1.9895
-6.2703
-4.5354
3.7125
1.3896
-0.49563
-0.071476
-1.2256
-1.5386
-14.173
-19.928
26.959
8.7233
1.5827
-0.15197
-0.78232
-0.077072
0.18331
0.30597
0.21861
-1.0643
-0.0020959
-0.13556
0.53918
0.28678
-0.13732
-0.22515
-0.023258
0.84386
1.6475
7.8012
3.5258
-5.6726
-6.4259
-8.6212
6.0209
7.347
-0.52521
0.21514
0.01149
-0.37889
0.26585
-0.15356
0.073663
-0.066963
-0.089093
-0.033525
0.012275
-0.1332
-0.1023
-0.026829
-0.042099
0.08456
-0.3999
0.55388
-0.13138
-0.41328
-0.40943
3.2221
4.0017
-10.978
6.9767
7.2846
-0.23718
2.0134
0.050391
0.15309
0.21226
-0.49276
-0.2243
-0.040248
0.027428
0.1489
0.010674
-0.21752
1.0922
-0.34862
-0.31787
0.88086
1.4433
-0.97186
1.609
-0.74482
4.6931
2.6741
1.5298
6.9038
-0.98966
-13.194
-12.941
9.4546
2.6724
-0.11145
-1.3541
-8.0376
10.028
-0.038738
-3.7147
1.873
0.29212
-0.51081
-1.5862
-1.3871
-27.169
-21.082
14.492
-0.59591
3.9171
-3.4318
1.1351
0.074993
0.94829
0.35463
0.0091697
-0.76957
0.18409
0.057666
-0.035652
-0.22132
-0.067694
0.35471
-0.05163
0.30746
1.1223
5.7854
1.1207
-5.5626
-8.0592
-3.6821
6.6136
6.2092
-0.62042
-0.11234
0.36209
-0.065838
0.16079
-0.33837
0.15972
0.088105
-0.093942
0.17259
-0.033432
-0.075453
-0.1363
-0.13949
0.10886
-0.16685
-0.48357
0.059192
-0.032503
-0.23112
0.8719
0.97629
7.3128
-5.3359
-3.5903
-0.80594
-0.73759
0.51361
0.61041
-0.4105
0.26602
-0.13242
-0.27451
0.22254
-0.36697
0.079945
0.11229
-0.17191
0.31964
-0.95947
-0.63614
-0.85921
1.0855
-0.56077
1.0486
-0.67894
2.446
14.288
-1.608
15.699
-4.6863
7.9342
-8.0842
7.925
-9.5032
0.84534
-2.5897
-15.375
4.0304
0.19758
-0.53635
-0.98147
-2.4048
0.16933
-0.81795
-1.5379
-4.8046
-15.387
6.8235
-6.9461
-0.031964
0.18368
-1.1096
0.24726
1.2984
-0.30833
0.29227
-0.32323
-0.075354
0.32792
-0.010019
-0.034569
0.072928
-0.00026092
0.017872
0.11071
0.62792
2.1149
1.1834
-5.9563
-4.3878
-8.0735
6.6649
2.6365
-1.0131
-0.025792
0.20403
0.022651
-0.21186
0.12651
-0.21625
0.13187
-0.34762
-0.12425
0.069675
-0.059465
-0.30881
-0.10373
-0.11343
0.062902
-0.29663
0.15047
0.074646
-0.58427
0.7715
1.9031
3.2976
-11.01
5.2907
0.88872
-2.167
1.818
-0.18107
3.2405
-0.14634
0.1254
0.12889
-0.35108
0.054074
-0.219
0.042719
-0.077475
1.4524
-0.79695
-1.4993
0.11048
2.5216
0.086473
1.8351
1.0286
1.5185
0.93136
-3.4354
-3.1811
7.3524
8.8749
-1.1304
4.0582
1.7892
-2.5128
0.92286
-9.1504
-8.8933
1.006
-5.1864
-0.21555
-0.12781
-1.459
-2.7284
-2.7015
-20.582
2.7336
3.5299
2.0975
-1.1378
1.5684
-0.3691
-0.036153
0.13485
0.27051
-0.1109
-0.35598
0.00823
0.14981
0.015826
-0.12878
-0.018754
0.014835
0.032087
0.13131
0.43858
4.3531
8.6643
-10.689
-6.6877
-4.5704
1.6349
8.1642
-0.28884
-0.24005
0.028818
-0.5682
0.19885
0.16736
0.14408
-0.071026
-0.18626
0.12102
-0.010499
-0.079741
0.012484
-0.34823
-0.0042896
-0.012284
-0.11004
0.33017
-0.36839
-0.10383
0.38847
0.94142
3.319
7.3093
9.75
3.083
-8.8177
-4.9035
1.2685
-1.0021
1.0811
0.3499
0.090606
0.092918
-0.10243
-0.098432
0.0081466
0.23542
1.3924
-0.90886
-0.82259
-1.0933
0.7911
-0.77389
-0.090948
-1.214
3.5722
2.1602
12.979
12.746
-8.8157
2.7071
-2.8349
8.9191
-3.0912
-1.8674
0.31411
4.1991
-3.2158
2.0319
2.399
-2.1612
-4.791
0.23168
-0.95695
-0.80279
-17.569
-4.4931
6.7005
-1.3879
-0.88381
4.5981
-2.888
-0.32689
0.6096
-0.38796
-0.091262
-0.21813
-0.19726
0.45283
0.25344
-0.54163
0.10397
0.33011
-0.0046109
1.0349
0.39643
7.6811
-12.159
-0.76835
-1.3019
2.0537
7.3442
-1.2029
-0.38565
0.13444
0.3484
-0.2043
-0.091645
0.36508
-0.022878
-0.22155
0.14204
-0.23542
0.24089
-0.16454
-0.051321
-0.0025456
-0.1353
0.28916
0.020535
-0.37619
0.080119
-0.17512
0.35912
4.4182
1.4047
-4.5715
5.6465
-6.7658
-5.1054
4.2157
-0.52706
1.0036
-0.15582
0.1847
0.74212
-0.38905
-0.64265
0.65206
0.014528
0.24248
0.89079
-0.72385
-0.57043
0.83256
-1.1454
1.1142
0.93398
0.30966
7.5968
1.4714
18.793
-17.127
4.3217
-6.7229
3.642
1.289
-5.2571
2.5972
-2.3078
0.9961
-1.7235
-6.8335
-2.0897
-1.9799
-1.7284
1.4252
-3.3474
-19.766
-8.057
-0.17954
-0.90907
0.6337
0.44973
-2.9621
1.1619
0.42108
0.24343
0.19174
-0.58999
0.29253
0.20824
-0.038272
0.48049
0.22959
-0.8379
0.22884
-1.2772
0.20434
0.40388
0.049397
-0.60991
-0.72399
-0.69994
0.47247
-0.27506
-0.27451
0.33107
-0.39238
0.40994
0.11012
0.11064
0.27235
0.07514
-0.24368
0.45156
-0.1497
-0.079339
0.085631
-0.041291
0.06277
0.041644
0.081461
0.067926
-0.054973
0.030486
0.06759
-0.79008
0.77321
-0.068529
-0.34995
-0.19456
0.16172
0.18793
0.053766
-0.19559
0.031724
-0.11724
0.016267
-0.0022697
0.045274
0.017331
-0.014369
0.090577
0.023046
0.035411
-0.029312
0.08248
-0.0030333
0.063475
-0.07142
0.043446
0.032699
-0.031432
0.016816
0.046488
-0.080114
0.032656
0.0019692
-0.11312
-0.011914
-0.01662
0.025073
0.01506
-0.012033
-0.0081958
0.015563
0.014925
0.044909
0.053756
-0.013747
0.0036409
0.016428
-0.016312
0.018543
0.063632
-2.6965e-05
-0.0094865
0.0081998
0.0098797
-0.017504
-0.01046
0.042374
0.070724
-0.085371
0.0059001
-0.044014
-0.074177
-0.0055564
-0.051354
-0.085414
0.024722
-0.028357
-0.01375
-0.0020381
-0.0017816
0.039845
0.010227
0.016974
0.044631
-0.0069039
0.065487
0.028317
-0.022351
-0.02944
0.021073
-0.0030034
-0.0036337
0.0063218
-0.0035548
-0.012095
-0.032333
-0.0023508
-0.00098246
-0.040775
-0.024216
0.037606
0.0030682
0.0090105
-0.031458
0.013041
-0.0054953
0.060915
-0.026805
-0.032052
0.027605
-0.07321
0.071445
-0.0013002
0.03014
-0.042518
0.078254
0.032381
0.0031662
0.0043522
-0.10867
0.037624
-0.040788
0.03897
0.093566
-0.058103
0.068909
-0.0022327
-0.07534
-0.094061
0.0063335
-0.05083
0.015674
-0.026723
0.00099971
0.011014
0.00041367
0.010381
-0.028851
0.005033
-0.0049403
0.0063551
0.023714
-0.0015232
0.013088
0.02302
-0.0022751
0.0070016
0.017795
0.062384
-0.007599
-0.0069846
0.040348
-0.062699
-0.022295
-0.022085
0.02367
0.0057375
0.063595
0.014697
0.035935
-0.026767
-0.17772
-0.081204
0.0043638
-0.026163
-0.010396
0.04173
0.037901
0.041086
0.0075467
-0.021726
-0.011073
0.0011521
0.023098
0.053611
0.0076222
0.0030948
0.018541
-0.015597
-0.014948
0.0063217
0.025634
-0.020099
0.0037199
-0.023601
0.0076294
-0.0036287
-0.019494
0.0037197
-0.0056086
0.0096222
0.0037254
-0.0088457
-0.0075608
0.015649
0.016943
0.0083549
-0.00022979
0.0017761
0.0069768
0.0263
-0.026882
0.020447
0.025728
-0.009547
0.0082907
-0.056146
0.10222
0.038197
-0.0018386
0.038179
0.010422
-0.014692
-0.014608
-0.014296
0.033683
-0.032956
-0.0035935
-0.078065
0.041069
0.007618
0.0043765
-0.012319
0.0011384
0.040425
-0.022332
0.0076296
0.013708
0.018542
0.033664
0.024992
-0.0023613
-0.0023413
0.0024265
0.0043792
0.013703
-0.0036075
0.00048362
-0.038732
-0.0088323
-0.013652
-0.0049383
-0.0036631
-0.010781
-0.0068979
-0.022316
0.0056649
0.0082841
-0.010134
0.0037139
-0.0075279
0.0089225
0.021765
0.0024601
-0.026849
-0.0030062
0.016307
-0.014195
-0.0069198
-0.018177
0.027601
0.043684
-0.0062189
0.017876
0.0017864
-0.0074974
0.0089224
0.0043777
-0.030063
-0.003683
0.015018
-0.0030143
0.0069927
-0.0014548
0.013709
0.0030787
0.0050207
-0.0036312
0.0072677
-0.018149
0.0050068
0.016933
-0.014286
-0.018157
0.0030807
0.033692
0.017591
0.024977
0.0085539
0.0031217
-0.0010533
0.0043978
0.0069667
-0.012045
0.0024328
0.034344
-0.011703
0.0076324
-0.047489
0.00052794
0.0076134
0.052179
0.08092
1.7698
-0.4852
0.16946
-0.08255
0.036457
-0.01086
0.044252
0.012243
0.006227
-0.0043438
-0.060131
0.018231
-0.014284
-0.010983
-0.0049362
0.0017071
0.02495
-0.0043171
0.035769
-0.028806
-0.15458
-0.010272
0.007641
0.025098
0.027605
0.018471
-0.023549
-0.0029941
-0.012901
-0.0023164
-0.0028344
0.0036708
0.004351
-0.012304
0.005766
-0.0095705
-0.018876
0.0063583
0.034999
0.016964
0.02168
0.0043607
0.024962
-0.013583
0.0030793
0.021069
0.006325
0.037621
-0.022883
-0.0075879
-0.014303
-0.0029397
0.0056819
0.0056838
-0.00084701
0.0010986
0.0076462
-0.0029336
-0.014923
0.0010899
0.030438
-0.0049603
0.0076921
-0.0036433
0.019751
0.013727
-0.0056008
-0.014937
0.015655
0.0091503
-0.017528
0.038943
0.0043381
0.017624
0.011765
-0.0036253
0.0056801
0.026954
-0.015578
-0.032089
-0.0069026
-0.0036603
0.0063508
-0.023606
-0.01082
0.01501
0.0043935
-0.039616
0.0044194
0.010455
0.036251
-0.02423
0.04755
-0.054821
0.018437
0.0037902
0.011633
0.0023855
0.042291
0.009715
0.0024091
0.0083321
0.042994
-0.03554
-0.010178
-0.018842
-0.0055864
-0.0036315
-0.012291
-0.0014959
0.0030787
0.016314
0.0070102
-0.012961
0.010435
-0.0049454
-0.0055924
0.0083106
-0.013593
-0.010193
0.0030859
0.0069924
-0.002288
-0.01362
-0.013613
-0.0021644
-0.0049351
0.015013
-0.011627
-0.022923
-0.012797
0.013722
-0.0023239
0.017648
0.03761
-0.028164
0.0024149
-0.022876
-0.0036299
0.0050297
-0.029491
-0.028138
-0.014949
0.019022
0.025016
0.010422
-0.017573
-0.0029151
-0.022977
-0.012248
-0.0014807
0.014411
-0.0043282
0.016314
0.0043776
-0.020163
0.0024126
0.016328
0.0063339
-0.0023225
-0.029499
0.0037183
-0.013618
-0.0036037
-0.014245
-0.00021124
0.0037772
0.0056795
0.0069981
0.016982
-0.02082
0.0024206
0.017652
-0.0036287
-0.0029577
-0.0095407
0.0017836
-0.014278
0.0076548
0.015007
0.011744
0.0011073
-0.0036423
0.0096385
-0.032201
-0.019504
-0.033517
0.044248
0.017055
0.00049634
-0.0088497
-0.018264
0.033767
0.009628
0.016328
0.0078169
0.0030648
0.01502
-0.01228
0.0070082
0.0010937
0.0024189
0.044957
0.018316
0.0043892
0.00045978
-0.010152
0.0076429
-0.003626
0.0089717
0.01042
0.01306
0.0063536
0.0050443
0.0030616
-0.0094968
0.00047175
0.015656
0.027588
0.024337
0.001778
0.0030883
-0.0049413
-0.0056078
0.0024231
-0.0020717
0.0030801
-0.022318
0.0076221
0.0056746
-0.0020515
0.0031038
0.015681
0.006314
-0.012941
-0.0001484
0.0043657
0.024346
-0.032943
