0.00020542
-0.020911
0.018313
0.0077871
0.011982
0.019372
0.028554
-0.0045604
-0.00082682
0.02137
-0.0003698
0.0051386
0.0061353
0.0054794
0.030131
0.0077136
0.0054189
0.0050148
0.0059019
0.0091323
-0.00099518
-0.012628
0.014357
-0.0046915
0.0097242
-0.003408
0.016084
-0.0035013
0.0050881
0.010221
-0.010061
0.0063494
-0.01364
0.026896
0.012419
-0.0012428
0.0068742
-0.0023182
0.014798
0.01066
0.017037
-0.0035407
0.015049
0.0068081
-0.0087263
0.0013965
-0.0030595
0.006214
0.025943
-0.00074061
0.00044726
0.024816
0.023841
0.045271
-0.0016862
0.0058317
0.0047917
-0.0063048
0.0038029
0.019112
0.023086
0.0022022
0.002301
0.0016955
-0.0030194
-0.0031398
0.0049228
0.0035834
0.0055767
-0.010705
-0.010126
0.0050839
-0.0055264
-0.0046083
0.01918
0.026478
0.0055674
0.014283
-0.0027787
0.0187
0.0068232
-0.0046027
0.022972
0.023622
-0.001187
0.0051886
0.013832
0.011934
-0.0066738
-0.020718
0.025286
0.022559
0.0027245
-0.0061232
0.019494
0.015586
0.022777
0.010091
-0.0073831
0.0060712
0.013112
-0.026228
0.021838
-0.01566
-0.011517
0.0069328
-0.0046837
0.00244
-0.015021
0.019368
-0.022504
-0.0021044
0.015944
0.019064
-0.0092334
0.017687
0.025269
-0.014819
0.0057075
0.02948
0.0086614
0.013613
-0.0063629
-0.0064749
7.2522e-05
0.015408
0.022941
-0.006377
-0.0052078
0.0089088
0.045457
0.0016487
0.0040775
0.0017194
-0.0025043
-0.023933
0.0031851
0.012769
0.0055768
0.00076529
0.0058656
-0.013944
0.013855
-0.005302
0.01915
-0.012473
0.015219
-0.0056989
0.014505
0.019662
-0.00509
0.014486
-0.013546
0.0021285
0.010187
0.0057685
0.015414
0.0055593
0.0012779
0.017353
-0.012084
0.0069942
-0.010175
0.012219
0.00063838
-0.0010032
-0.0016721
-0.01117
0.0241
-0.00049265
0.0098058
0.017883
-0.011444
0.023272
0.00024726
0.0091228
0.018266
-0.00063664
0.0042163
-0.0064916
0.0096114
-5.616e-05
-0.0090465
0.00027514
0.0019047
-0.0029273
0.042651
0.020032
0.0095281
0.012833
0.011475
0.00040657
-0.0086045
-0.0062398
0.025285
0.0033524
0.0020906
0.010997
0.02077
0.023884
0.0022458
0.00045276
-0.0091504
0.010261
0.01577
0.003096
0.0021589
0.0019906
-0.0071823
0.0022774
0.022231
0.021153
0.02059
0.050864
-0.027826
0.038664
-0.0093959
0.025651
0.0027419
0.012231
0.0087631
0.010086
0.014255
0.019161
0.0092882
-0.010694
0.0086113
0.01215
0.02057
0.017558
-0.0026851
0.0049945
0.011386
0.0084376
0.01692
0.016428
-0.0066306
-0.021096
0.0026419
0.0031547
0.0025986
0.017804
0.0082258
0.0034517
0.010868
-0.011011
0.012142
0.024118
0.0098779
0.00055312
-0.00095456
0.0097547
0.022917
-0.0068537
-0.010044
-0.019849
0.019003
0.033402
-0.0084336
-0.00094927
0.00078879
0.02201
0.013914
-0.0078933
0.0013678
0.0090937
-0.0086804
0.014849
0.0097076
0.01265
0.013206
0.0090917
0.016861
0.019131
0.012678
0.0065099
-0.0018274
0.0067314
0.0061184
0.031205
0.018014
-0.0044083
0.0041684
-0.0047162
-0.016361
0.020133
0.016165
0.01524
0.016137
0.00047628
0.006788
-0.0024743
0.024854
-0.032676
0.051338
0.056759
-0.024384
0.04837
-0.033956
-0.058213
-0.021342
0.021726
0.011718
-0.045917
0.10366
-0.11356
-0.0074225
-0.16028
0.14714
0.0083518
0.11688
-0.13044
0.079044
0.051131
0.18637
-0.13254
0.083376
-0.12615
0.058611
0.024155
-0.070883
0.095958
-0.066078
0.060978
0.22333
0.48765
0.096736
0.086316
-0.29387
0.26168
0.48358
-0.2947
-0.14039
0.60982
-0.10973
-0.28443
0.078977
0.39649
-0.11113
-0.32523
-0.15022
0.2421
-0.0012854
0.056371
0.11791
-0.038183
-0.26241
0.17508
-0.4405
0.24553
-0.87313
-0.58502
-1.6341
0.43761
0.026436
-0.43204
0.096573
0.20751
0.11933
0.22752
-0.083595
0.34283
0.029768
0.24348
0.025466
0.05854
-0.11476
-0.47247
1.1184
-0.53575
0.38296
-0.32821
-0.58468
-0.67538
-0.72412
-3.0667
-4.9491
4.6035
9.7713
0.11895
7.4011
-10.295
-4.8032
0.98055
-2.1124
5.2128
0.81613
2.2359
2.7948
-2.6331
-1.4106
2.2898
0.72193
-1.0975
0.38249
-0.76416
0.58491
-0.64091
0.4818
-0.30684
0.069798
0.073513
0.5046
-0.86057
0.53052
-0.65784
0.39234
0.12821
-0.48209
0.95064
-0.39194
3.0552
-2.967
-4.6573
6.7368
-1.3871
-0.066878
1.3838
0.13461
-0.17586
0.89887
-1.7186
-0.17212
-0.74215
1.102
-0.3239
0.051171
1.2424
-0.23577
0.27068
-0.22079
0.37475
0.37922
-0.085988
-0.054677
-0.38175
0.29487
-0.4088
-0.53113
-1.9481
1.5783
-0.20909
-0.71655
0.57403
-0.039737
0.69002
0.34951
-1.1977
0.51224
0.006163
-0.089175
0.41191
0.89737
-1.3701
0.39308
-0.32794
-4.2019
-7.6871
3.6207
1.4676
5.8265
-0.5058
-0.2308
6.0574
-4.9551
-8.7582
1.527
-0.33326
-0.87342
8.8746
-2.1709
-2.2325
0.93217
-1.4097
0.29549
-1.9366
1.4097
0.68187
0.11067
0.73093
1.7781
-1.0623
1.0027
-0.60364
1.3004
-0.00058601
1.3694
0.79744
0.80782
0.59978
0.78444
1.0644
3.0306
3.5041
-3.3572
-1.6644
2.2951
0.18291
0.74838
-0.55191
-0.25248
0.62365
-0.91392
0.71481
-0.83792
0.67738
0.74605
-0.12998
0.75796
0.27195
-0.017766
0.19336
-0.22604
0.71754
0.42279
-0.16947
0.30717
0.13545
-0.12285
-0.2292
-3.1201
-2.4782
0.9374
0.3258
-0.23249
0.84289
0.074673
0.12648
0.54098
-0.023653
-0.34086
0.67327
-1.5052
1.5656
0.50617
0.61403
-0.77294
-2.7036
0.46692
-1.3959
-3.7404
0.90148
3.3184
1.0002
6.0297
0.97719
3.956
-1.3101
0.1
5.198
-3.054
-9.2074
3.3397
-1.596
2.9874
0.97599
-1.3227
0.77152
3.2831
4.5988
-0.62412
3.1994
0.45396
0.087928
-1.5214
0.42025
-1.7734
1.871
-0.7923
1.3643
0.36475
0.21619
-1.0011
0.38873
0.23373
0.20168
0.81067
-0.027664
-0.0020681
-1.072
3.0675
0.27432
-1.58
-2.222
-0.25659
2.1187
-1.5079
-0.099781
0.48974
-0.0089853
-0.32145
0.44036
-0.77093
-0.57508
-0.11798
0.49497
0.24516
-0.55643
0.55127
-0.63489
-0.079302
-0.0025368
-0.33798
-0.27354
-0.25946
-0.1451
0.21976
0.20859
-0.06583
0.6816
-1.0359
0.40363
0.34454
-0.42929
0.55828
-0.76155
0.72279
0.024441
0.060784
-0.036934
-0.14018
0.013112
0.18742
-2.3038
2.6582
-0.80003
-0.32588
-0.94782
-0.31548
-0.40652
-0.53563
-6.1861
-5.7758
4.4408
-1.9255
6.0854
-0.13313
4.5975
-0.93682
3.8998
-2.2133
4.0598
-5.8173
2.0073
2.6859
0.40961
1.7217
-0.49835
-10.985
3.5468
0.1337
1.1828
-0.141
-1.4502
1.3225
-0.84851
1.8679
-0.62655
-0.65751
0.19854
-0.21683
-0.53548
1.1585
0.33453
0.6656
-1.0082
-0.54228
-1.2469
2.2295
0.60959
-1.1909
-0.1102
0.061321
2.6611
-0.18109
0.1276
-0.011088
1.1166
-2.1045
-0.29845
-0.30268
-0.31361
0.12775
-0.14208
0.0064676
0.095904
-0.041757
-0.016295
0.31587
-0.4782
0.12925
-0.31691
-0.15286
-0.79593
-0.30957
-0.99972
2.6397
-0.16705
0.6536
-0.31482
0.058746
-0.43813
-0.58906
0.43072
0.28685
0.18303
0.13956
-0.13899
0.00023856
0.89723
-2.3803
2.1488
0.15454
-0.81892
-0.24552
-1.352
-4.0054
7.4688
5.3216
3.1896
2.8821
-2.3902
-2.3954
-2.9076
-0.32818
-3.2646
7.5778
1.7222
5.6877
-2.8834
-5.2682
3.5909
-13.572
12.746
-5.1704
0.26418
0.11874
-0.50918
0.69068
-0.48493
0.24906
0.97167
-0.85576
0.99788
-0.2083
-0.41418
0.49436
0.32827
1.0651
-0.90724
-1.0147
0.45746
-0.39399
3.3781
-0.49429
1.1169
2.725
-2.699
0.090794
0.52486
0.41127
-1.3306
0.0079288
-0.62223
-0.73013
1.0348
0.64349
-0.34906
-0.0043756
-0.54899
0.28288
0.20435
0.083504
0.099448
0.017637
-0.053997
0.13667
-0.08356
-0.16238
-1.2353
-3.2039
9.5864
-1.3867
-0.065207
-0.038042
0.01886
-0.46547
0.053775
0.47838
0.0027671
-0.48619
0.41061
-0.06628
0.041557
-0.27563
-2.249
2.9145
-0.8894
0.28696
0.62377
-0.74841
-0.47094
4.762
2.2532
3.1449
-2.278
3.7434
-1.3534
-0.94673
-0.9615
0.13166
-0.25994
-0.28763
0.76185
3.4081
-1.4908
-2.2232
0.21496
1.6892
-5.272
-3.7244
6.3002
-0.92786
1.2316
-2.6216
0.28445
0.20472
-2.0388
-0.18834
-1.2091
-0.08307
1.1004
0.72104
0.52699
-1.4723
0.31402
-1.2007
-0.67928
1.2334
-0.13287
-2.5709
0.11
1.7685
-1.7932
-0.52721
0.54074
0.35227
0.38338
-0.8845
0.46488
-0.69714
-0.26044
-0.090486
0.18472
0.012096
0.3842
-0.45465
0.065047
-0.16098
-0.11887
-0.10165
-0.16728
-0.25146
-0.97769
-1.2666
-2.6363
-0.56421
-1.2488
0.58649
0.31638
-0.63432
0.4836
0.50182
0.4856
0.19471
0.24598
0.24876
-0.17346
0.54429
-0.68687
-1.5833
-0.29377
-0.2981
0.49904
-2.1031
1.1599
1.75
-0.83195
-4.771
1.0476
3.1841
11.029
-1.3764
0.76405
2.9882
-2.8489
-3.2566
-3.0161
0.81157
4.2577
2.4736
2.2063
-3.0112
-4.6044
13.822
-4.172
-0.40524
1.3457
-1.1224
-0.81797
2.2807
-1.2722
1.0712
-0.87835
-0.051028
0.1683
-0.2705
0.31922
0.80821
-0.63616
-0.30592
0.78308
-0.70349
-0.018326
1.4942
0.97797
-0.34437
0.95107
-4.4425
5.67
1.1996
-0.38615
0.24494
-0.11721
0.13808
-0.051303
0.062444
-0.4763
-0.1312
0.090431
0.1327
0.33595
-0.53948
0.54584
-1.3222
-0.25319
-0.43248
0.37488
0.10658
-0.013536
0.45239
4.0535
3.703
0.26089
-0.15292
-0.36238
-0.15033
-0.62107
-0.3487
-0.24175
-0.58047
-0.34172
-0.28781
0.039625
-0.31304
-0.60531
0.91588
-0.57335
0.96845
0.86041
0.85037
-4.3527
1.1719
17.05
17.464
3.5905
-2.057
-3.7345
-9.8664
-0.15624
-2.4409
-3.8309
4.2758
-1.3885
1.3097
0.30081
-0.77879
-5.7339
0.32877
1.5942
7.8292
0.70971
1.4134
-3.0086
0.2721
-0.95723
1.4018
1.4553
0.10682
1.0288
1.1917
-1.7284
1.5513
-0.96062
0.9588
0.88744
1.1979
0.016368
0.66694
-0.18889
-0.18628
0.51058
-6.7637
-5.8198
-5.6302
13.543
1.3266
1.2982
0.95682
0.21488
1.2937
0.65595
1.2057
0.71885
0.44424
0.43871
0.69208
0.30431
1.0391
1.7323
1.4432
-0.37271
0.31606
-0.47231
0.60139
0.70117
-0.54694
2.8592
0.25843
-2.5587
-2.843
0.5772
0.76338
-0.4615
0.34127
0.577
0.1826
0.39809
0.28288
0.32616
0.23319
0.26875
0.38107
0.13791
0.36007
-0.077869
0.73321
-0.13373
-1.2679
0.3263
-0.38612
18.541
12.471
3.921
8.6732
-6.6209
-5.2467
0.93933
-2.0441
-0.31647
-4.3456
-4.8717
-2.0608
-3.6029
0.22233
1.791
0.18466
-1.3948
-4.2669
-1.3325
0.97151
1.8191
1.0556
0.86421
0.37609
2.0147
1.9013
0.9284
0.93037
1.1769
0.37321
0.99993
0.5818
0.6309
0.72081
-0.21449
0.020093
0.65882
-0.79147
1.9956
4.3745
-4.4477
-2.3711
0.52423
1.1544
0.59691
0.20738
0.29772
0.12889
0.30287
0.81025
0.16464
0.86903
0.20509
0.45216
1.0631
-0.72923
-0.29172
1.0521
0.38462
-0.0092614
0.26732
-0.18587
0.43511
2.0737
-1.7284
-3.1424
4.4494
-3.8892
0.89408
-0.14731
0.20912
-0.097796
0.4432
0.17584
0.029347
0.41131
0.20229
0.037225
0.020268
-0.34566
1.379
0.12097
0.20096
0.27065
-0.96421
-1.5829
-1.4866
10.55
0.5792
-8.3151
-4.2067
-2.0708
-3.6362
0.018975
2.6372
-1.8951
-2.6167
-2.9518
-1.1102
0.22261
1.9604
2.5383
-0.52972
-4.4343
-10.411
7.0364
2.2816
-2.2832
-0.84418
2.633
1.1518
1.1552
0.34894
0.53899
-0.15055
-0.13168
1.282
1.048
0.556
-0.23474
1.2189
0.45375
-0.20475
-0.7868
3.3722
-0.29667
-3.7342
-1.8917
8.6296
1.626
0.52998
0.0077314
0.21778
0.23761
0.61831
0.86577
0.055971
0.31274
0.15541
0.26295
0.038326
0.10714
-1.3757
-0.12466
0.98837
-0.1238
0.7337
0.11468
0.11365
0.62409
0.55716
3.3016
-1.025
-0.97177
-3.2887
-0.68771
-0.48976
0.93491
0.88715
-0.26754
0.16065
-0.15057
0.17398
0.35459
0.29761
0.30895
0.016828
-0.69789
0.74054
0.10832
0.44037
-0.046941
-0.42445
1.1438
0.042911
6.8569
9.9872
12.733
-0.71416
-0.84531
-3.2153
-8.8485
0.014942
0.32269
1.9388
2.4376
-2.7881
-1.1968
-3.3331
-1.8784
-3.9474
-1.032
1.6795
1.5474
1.2306
-1.8927
15.563
-1.8344
-2.0542
-2.3081
1.6015
2.0893
-0.076165
0.24157
0.66524
0.31155
0.57486
0.29056
0.53741
0.0052858
0.40607
0.28562
0.31421
0.21086
0.13474
1.0298
-1.1542
-4.5601
-2.7519
1.4815
1.0602
1.2979
-0.14793
1.0471
0.8235
0.19691
1.2025
0.74359
0.25075
0.70662
0.48755
0.60838
0.43735
0.45078
0.52298
0.74956
0.18777
0.39206
0.46512
1.3323
1.0748
0.19722
1.6789
6.3279
-7.6797
5.6425
-1.8991
-4.0215
1.6732
-0.62818
0.20152
-0.60791
0.011042
-0.28455
-0.047824
-0.11564
-0.29034
-0.39549
1.3177
0.091986
-0.85589
-0.24216
0.033228
-0.9774
9.1204
4.1661
-2.3185
-4.553
-3.9093
0.090788
-1.8956
-0.50262
-1.1176
-2.7175
-1.8668
-3.2988
-3.5931
0.33657
0.8175
0.52655
1.8332
-3.6094
-8.0844
-0.94687
3.2898
2.7015
0.5067
-0.073574
0.82917
0.60407
0.49201
0.58624
0.79419
0.73989
0.50936
0.67255
0.55625
1.1411
1.2759
-0.59118
-1.6933
-1.1599
4.6863
7.6597
-0.87186
-0.11593
0.097647
0.44525
0.56616
0.43756
0.48775
-0.23929
-0.098883
0.39277
0.25221
0.2364
0.16368
0.44011
0.12767
-0.057365
0.25521
-0.0423
0.97301
-0.057328
1.6995
4.9479
0.062662
0.47773
-8.6487
0.012705
-0.39913
0.50681
0.10531
0.391
-0.19958
0.50191
0.38222
0.081379
0.33354
0.44509
1.4533
-0.027144
-0.33418
4.4843
4.9532
11.871
2.6146
-7.0979
-0.21738
0.15103
0.14461
-4.3153
-0.017341
-1.5518
-1.5512
-3.4278
-1.1977
-1.6896
-2.9531
-2.7565
0.14589
-1.262
-0.24658
-2.8304
-2.6878
8.3208
-1.5255
-2.0227
3.0522
0.18045
0.57309
0.73757
0.70738
0.54051
0.92827
0.27159
0.61336
0.65205
0.17867
0.18428
-0.023381
0.95744
-0.78472
-2.7252
-1.5228
0.81352
1.9247
0.7033
0.58734
0.74369
0.54967
1.6463
0.31325
0.4712
0.53073
0.70106
0.50134
0.74228
0.89618
0.35689
0.77399
0.34272
0.67637
1.1677
1.4779
0.49062
5.2192
-2.2687
3.802
-5.7707
-10.479
4.491
0.13495
-0.22668
0.7944
-0.51039
0.060143
0.31054
0.11359
0.51325
0.4233
-0.67101
1.5385
0.90977
-1.84
-0.74356
2.1912
4.4429
7.0403
-0.5883
0.13154
0.4657
-0.056702
-0.24284
0.48989
-0.74476
0.82627
-2.4246
-1.0686
0.30704
-2.7284
-0.69233
0.0037297
1.2133
0.031829
-2.4257
-0.77383
-3.9803
15.99
1.6248
-1.3787
0.025818
-0.22673
-0.44648
-0.32606
-0.15101
-0.22412
-0.59979
-0.090939
-0.21313
-0.28585
0.20773
-0.98581
-1.4258
-1.9068
1.2217
1.2691
2.1588
0.51991
-0.067234
-1.0127
-0.35296
-0.62822
0.52896
-0.95791
-0.10356
-0.12241
-0.41822
0.14753
-0.17442
-0.091568
-0.10602
0.32777
0.19369
-0.11085
0.2132
-0.35003
2.2208
0.33725
0.7688
1.0214
-2.3948
-7.6677
1.4159
0.092715
-0.54018
-0.49076
-0.17953
0.42957
-0.23993
0.71184
-0.24055
2.6057e-06
0.13262
1.0902
-0.34984
0.4474
0.14048
0.96894
-0.77612
-1.8917
-1.029
2.4779
2.0075
3.4741
4.018
1.8774
1.1472
-3.1067
-1.5399
-1.2722
-0.98199
0.57671
-1.9079
-2.6941
-0.9998
-0.8949
-3.9363
-10.825
6.9804
3.3299
2.4422
0.64049
-0.75546
-0.76781
-1.0495
0.55654
0.83654
-0.68723
1.5315
-0.6442
0.60413
0.26165
0.31061
-0.12434
-3.1194
1.4419
0.772
1.4151
-1.507
1.109
1.0424
-1.5251
-0.37484
2.0583
0.75877
0.16674
-0.34459
0.2435
-0.065527
-0.066487
0.33117
-0.32292
0.17258
-0.054017
0.12566
0.040716
-0.15265
-0.023835
0.055054
0.82513
2.938
0.93775
-0.96363
2.507
-1.8952
1.3461
-0.59764
0.15301
-0.41973
-0.16774
-0.15631
-0.11568
-0.0013613
-0.4577
-1.0458
2.127
1.3319
-0.54241
-0.32779
0.099886
0.16375
-0.65426
1.4854
4.4621
3.5797
3.1703
1.6999
2.8353
2.7513
-1.183
0.96844
-5.2372
-4.5376
-4.2622
-0.79595
0.061938
1.2951
1.9522
-1.5056
-0.6456
-6.607
-7.8938
-6.4561
6.8287
0.022562
0.42761
2.2294
0.15274
0.90366
-0.12716
-0.1975
1.216
0.1804
-0.73397
-0.42009
0.51003
-0.026843
-0.36346
0.32512
0.14936
0.50947
0.27776
-0.28113
1.2652
0.29389
1.2622
0.036543
-0.064418
0.26916
-0.27389
0.28976
0.45498
-0.22276
0.3319
0.11304
-0.11775
0.18091
-0.17147
0.32639
0.12924
0.020327
-0.12037
0.15086
0.98557
1.2466
6.9921
-2.4396
-6.2589
-4.721
0.26789
2.791
-2.9327
1.557
0.61198
0.38149
-0.056745
0.08082
0.38104
0.32761
0.24629
-1.2975
3.2771
-1.8904
0.76655
-1.1049
0.85126
-0.26815
-1.0651
0.39549
2.8171
4.4682
3.1169
2.6025
0.90305
2.0783
-0.55432
-0.54533
0.026454
-4.1341
-2.7536
-2.035
-2.1401
0.82951
-1.6991
-4.8164
-9.7569
5.7449
-5.6328
0.47145
-0.48771
0.16002
-0.58506
-0.04391
0.69664
0.3383
0.48099
-0.82838
0.45155
0.52696
0.43941
-0.01562
-0.23157
0.029949
-0.0079132
0.090664
0.028352
0.49667
-0.082011
0.47727
-0.30612
-0.32141
0.49656
0.039955
-0.26858
0.10395
0.078723
-0.25098
0.12098
-0.26903
-0.11961
0.30564
-0.28717
0.42521
0.044765
-0.10999
0.46452
-0.41349
-0.38409
0.47681
-0.17027
0.90777
0.87762
6.0144
3.7264
-8.2336
-6.0486
3.2345
0.3241
0.54801
-0.53308
0.29823
-0.038794
-0.1157
-0.010064
-0.11462
-0.16864
0.13581
-0.55062
-1.1773
0.96988
-1.1123
-1.0512
0.93692
0.83369
-1.1037
2.087
4.9414
3.2743
4.2526
3.3789
3.8908
1.9209
1.5611
-1.0369
-3.3195
1.6418
-3.4009
-3.226
-2.9027
0.7811
-1.1649
-1.1175
-3.7982
-3.8773
0.28156
-4.6337
-1.407
0.59518
0.90289
-1.1174
-0.060101
0.21524
-0.38661
-0.78943
0.068223
-0.14427
1.2496
0.3091
-0.20967
0.44489
1.1979
0.42636
-0.38809
-0.68441
0.14842
-0.71983
0.61369
1.9462
-0.7522
0.30078
-0.6596
-0.822
0.78087
-0.4029
0.081678
-0.61404
0.084175
0.01392
-0.032779
-0.39177
-0.2342
-0.068012
0.071264
-0.27824
0.13699
-0.21941
-0.18693
0.26921
3.0287
-1.5113
-3.6817
-3.9567
3.4415
1.6573
-2.2273
1.3091
-0.6151
0.24825
-0.00572
0.0043663
0.076262
0.10752
0.27229
-1.0407
2.7172
-2.9465
-0.20141
-0.055047
-0.074491
0.64533
-0.39678
-0.070874
2.2461
2.8637
4.5889
5.9212
3.5716
1.757
3.6602
0.3776
0.39599
-0.19159
-2.9973
-6.9968
-2.3744
0.94972
1.0585
0.97185
-7.5102
-8.4987
-7.8439
-0.82786
-0.94913
-0.33522
-0.54534
-0.11087
-0.56315
-1.3565
-0.44046
0.29447
0.99105
0.61241
0.80698
-0.39741
-0.15336
0.58995
0.21639
-0.26317
1.5199
-0.39701
-0.49873
0.83103
0.7341
-0.05843
-2.8213
-1.3362
0.98996
-0.43749
0.34679
0.79555
-0.36387
0.62555
0.66666
-0.31166
0.36395
0.30689
0.91299
-0.64129
0.59795
0.83466
-0.26662
-0.13201
0.21488
0.3469
0.41537
3.4797
2.3918
-5.2251
-4.4126
3.7533
-0.31079
0.49846
-0.28142
0.040085
-0.23544
-0.022622
-0.10464
0.1398
-0.21402
0.054507
-0.15505
0.69323
-0.040362
0.058032
0.27113
0.46286
-0.79457
2.0777
2.5589
5.4265
3.4424
4.9202
3.8669
3.4297
2.7274
0.12711
-2.5598
-1.1026
-0.6985
-4.7132
-5.1385
-0.31083
-0.77655
-0.82541
-7.7703
-2.6699
0.34396
-4.0991
-1.765
-1.6873
0.7584
0.85451
0.42479
-0.17578
-0.1026
1.1136
0.11688
0.27373
-0.29832
-0.43063
0.27692
-0.54068
0.46619
0.68277
-0.40054
1.3258
-1.0323
0.63923
-0.76759
-0.034782
-4.9372
7.5323
-3.2759
1.4699
-1.0292
0.88895
-0.12402
-0.012992
-0.090778
-0.21618
-0.3837
-0.2476
0.19359
-0.27919
-0.47421
0.078156
-0.10338
-0.13346
-0.2293
0.49809
0.4254
1.0773
3.391
1.3381
-0.95674
-5.8894
-0.016245
-0.42788
-0.099863
0.48
0.08735
0.038702
0.029381
0.20522
0.10705
0.18484
-0.44617
0.27144
1.4375
-0.33252
0.68911
-0.66645
0.019207
1.1822
-1.2082
1.1356
2.8983
5.0542
6.2821
4.243
1.6636
4.3298
-0.83293
-3.0074
-1.2672
-1.3059
-2.7918
-0.8245
0.14047
-0.54342
-1.1645
-2.8143
-4.5754
-3.9247
-0.16686
3.221
1.6135
1.1615
0.47571
0.10447
0.43618
0.053183
-0.048739
0.32789
0.72135
0.84907
-0.21509
0.10936
-0.26439
0.47549
0.61225
1.8363
-0.57195
-0.78919
-0.91756
0.17039
1.1841
-4.9251
-2.0893
2.0455
0.0082318
0.3914
0.5175
0.41011
1.1181
0.66839
-0.44555
0.82505
0.21264
0.07934
0.33245
0.011442
0.42107
0.15636
0.36511
0.57322
1.8136
0.98648
0.43869
-1.6372
-4.6523
-0.78656
-1.9554
0.95918
0.81749
-0.089522
-0.054658
0.15981
0.24203
0.20865
0.26462
0.55713
0.13767
2.4947
-2.5869
1.4747
-0.13364
-0.055878
-0.024195
1.3695
0.64899
2.7396
4.7965
4.5927
7.5852
4.6209
5.5474
3.7632
-3.1571
-0.49193
-3.3549
-4.486
-4.7937
-8.4112
-3.1346
-2.901
-0.60684
-0.36805
2.1536
-2.7935
1.0462
0.77743
-0.47335
3.1124
-0.94992
1.7911
0.36782
0.46696
0.89909
-0.44517
1.4766
-0.078277
-0.015237
0.23537
0.31086
0.46391
0.20885
0.9707
-1.2301
0.53733
1.3512
-2.0478
-1.9179
2.1414
0.087052
0.13429
0.057694
1.1024
0.30314
-0.13641
-0.12503
-0.23796
0.36981
-0.090389
0.43262
0.41007
0.26961
-0.070643
0.12891
0.31848
-0.12679
0.36211
0.1074
0.009492
0.22542
0.20474
0.34703
0.99654
3.1637
0.79327
-4.8473
5.2145
-1.0645
-2.6501
-1.4132
0.57346
-0.31999
-0.18821
0.1849
-0.42996
0.32242
0.2871
-0.31015
-0.51342
-0.95214
-0.016901
0.96346
-1.0186
-1.3984
1.5134
-0.33562
5.1891
2.7562
9.5187
8.4938
6.5278
3.2821
1.6905
-3.9602
-3.9895
-6.8863
0.27533
-7.0446
-5.8689
-5.1718
-2.2178
-2.0363
0.81748
3.2735
0.8228
0.35051
-4.0874
-8.7681
-2.2704
-1.3095
5.2775
2.3285
0.69226
0.84504
0.56922
1.398
0.74978
0.92253
0.018349
3.5341
-2.3227
1.7334
0.53653
-0.51721
0.87461
0.11954
2.5802
-0.49926
-1.173
0.37836
-0.68094
-0.44655
3.8923
-0.99259
1.1127
0.059908
-0.35045
0.7725
0.068009
-0.27033
0.51201
-0.13884
0.12901
0.13003
0.11771
-0.057817
-0.60371
0.73134
-0.55082
0.84115
0.69905
-0.50188
0.95901
-0.28803
0.12037
0.70888
-0.099389
2.1129
-0.18796
-2.9065
-4.7003
-0.27024
0.14927
0.099553
0.48415
0.077823
0.20432
-0.24579
0.57513
0.16339
-0.46872
2.1339
-2.0333
1.0186
0.22163
0.41076
-0.048173
1.137
-0.77045
2.5262
4.5095
6.6112
7.1745
7.5926
2.9541
3.6954
-2.5479
-1.5786
-1.7171
-6.494
-9.1296
-2.4267
-3.8322
1.371
-2.1186
-1.4439
-1.5613
-8.3992
9.0222
-1.8753
2.8475
-2.8999
1.62
-1.7493
0.82595
-1.3394
0.093491
-0.46503
-0.30052
0.81494
-0.11848
-0.43061
-0.58289
-0.26998
0.81492
0.50454
-1.3898
-0.82509
2.0968
0.1117
-0.30831
-4.7728
6.0238
0.85414
-0.26089
-0.032461
0.54242
0.19283
-0.15674
-0.67733
-0.36093
-0.20264
0.023164
-0.010602
0.13999
-0.49253
0.40131
-0.28905
-0.25127
0.11788
0.11528
1.1927
4.2339
-1.5384
-2.8315
-1.3635
-1.3422
-1.2936
1.3809
1.1067
-0.81435
0.074576
0.18478
-0.091562
-0.037159
0.26239
-0.16805
-0.17132
-0.043154
-1.8291
0.7537
-0.075127
-0.10232
0.83265
2.0205
4.5609
4.7649
7.6019
1.3644
4.0972
-0.83806
-0.42398
-2.4211
-6.4381
-4.951
-5.3041
-2.7843
-2.8816
0.11152
1.7413
-2.2084
-1.6455
-2.7769
6.597
-3.1586
0.66993
2.0655
0.1556
1.8171
1.1031
0.38167
0.71579
0.43517
-0.19879
0.35361
0.81699
0.27768
0.27801
-0.46912
0.17969
0.47236
0.044261
1.8005
-1.4394
-0.68544
-4.5234
4.6938
-1.0211
0.91813
0.50099
0.19934
0.14374
-0.086837
-0.27872
0.7121
0.36447
-0.0018258
0.17171
-0.054316
0.3441
0.084023
-0.0075842
-0.22501
0.47719
0.22505
-0.1678
0.24893
0.27477
-0.20423
3.7494
0.61204
-4.1554
2.9962
0.4355
-3.3531
2.6794
0.76513
-0.97526
0.30499
-0.12225
-0.15847
0.30841
-0.47842
-0.73336
1.191
-1.5034
0.67554
0.84153
-0.79506
0.64497
1.7018
-0.2222
1.3283
6.9937
1.9695
3.9097
0.55419
-2.4783
-2.761
-6.0528
-6.5309
-1.6606
-0.32809
-5.1536
2.3523
1.4738
-1.3046
-1.7174
-3.7314
-4.3153
5.1119
-1.9005
4.3638
-2.37
0.58544
0.42456
-0.45985
0.64364
0.27151
0.31386
0.67558
1.4353
0.92085
-1.1324
0.5908
0.44624
0.023526
-0.5698
0.0069457
-0.83626
1.0798
-0.79372
0.089837
-0.21023
0.71227
0.61262
0.42019
0.79741
-0.53769
0.60673
-0.18627
1.1817
0.55467
0.13433
0.060312
0.33289
0.12431
0.1896
0.54186
0.11056
0.26268
0.50858
-0.07025
1.4729
0.0053085
3.4844
-1.5612
-4.9394
-1.0612
1.7106
0.24731
0.29734
0.08028
0.18993
0.15009
-0.049574
0.29614
0.085579
0.26265
-1.0367
-1.9388
1.2507
0.17825
-0.026988
2.2845
4.5449
3.0727
7.0325
9.0052
2.4972
3.3733
-2.6114
-2.7073
-5.3321
-7.3534
-7.8222
-2.6171
-2.8144
0.84104
3.1075
0.58819
0.039204
0.065505
-3.6511
-10.124
10.846
-4.244
-4.1096
2.3712
0.20189
2.1635
2.5618
1.0381
0.30432
2.241
-0.21174
0.93019
1.1909
0.68016
1.015
0.61627
0.081756
0.227
2.2117
0.39931
-0.94542
0.48208
1.526
0.56552
0.62284
0.36336
-0.22828
0.58747
0.59788
0.19385
0.6328
0.52762
0.81897
-0.43941
1.009
0.10917
0.17194
0.3868
0.1915
0.4052
0.30577
0.13952
0.16615
0.26141
0.26849
0.29156
3.6607
1.6775
-0.99367
0.30814
0.096113
-0.22029
-0.090441
0.082659
-0.10131
0.090049
0.035556
-0.55755
1.7896
0.44838
-0.089655
-0.57071
-0.50244
-3.079
-0.53274
-0.096558
5.3803
8.4951
7.1178
6.4399
-1.298
-7.3718
-2.8375
-2.776
-7.0516
-5.1639
-7.0769
-1.4881
-0.97895
-2.7637
-1.0206
0.89587
1.1126
-3.0678
4.4509
2.0466
1.6286
0.92573
1.2714
0.44228
0.64814
0.31202
2.4728
0.77091
-0.043732
0.45974
1.3527
0.37643
0.15128
1.1173
0.50968
1.2208
0.93548
-2.6366
-0.27071
6.8975
-0.5433
0.92689
0.17086
1.0911
-0.0654
0.85962
0.071085
1.3743
-0.45565
-0.04898
0.64091
0.24573
0.18892
0.23066
0.39389
0.21356
0.26363
0.11519
0.35872
0.34953
0.30746
-0.038289
0.11356
-3.5745
3.3635
2.2452
-1.0751
1.4115
0.047154
-0.28711
0.29226
0.071129
-0.065635
0.16891
0.20019
0.61872
1.4901
-1.5892
1.2543
-0.78623
1.0737
-0.45778
-1.8569
-2.8786
-1.0658
4.8867
6.0452
-1.3255
6.2063
-1.0898
0.06735
-3.2438
-2.7321
0.8466
-5.4949
-1.5884
-5.8017
-7.3681
-1.3482
0.63389
3.1411
-0.5906
6.9504
21.98
4.1225
-4.2915
-1.1503
0.44993
-0.54088
0.15779
-0.55733
0.33378
-0.4766
-0.5782
0.68142
-0.045418
0.13535
0.094887
-0.072882
-0.24255
0.21408
0.20594
-2.3051
-0.88213
-1.4648
0.32697
0.36803
0.86363
0.57506
0.35581
0.23559
0.23402
1.0427
0.48158
0.45666
-0.069986
0.25051
0.051963
0.33011
0.40554
-0.4282
0.14026
0.16443
0.13249
0.019259
0.16412
0.031626
0.45843
-3.1596
-2.3735
5.2543
8.9447
0.040288
-3.7988
2.9196
-0.71022
0.36752
-0.18447
-0.0874
0.075996
-0.2501
0.1047
-0.094806
-0.073836
-0.43742
0.88537
1.0158
-0.74157
-1.735
-1.17
-1.4455
-5.266
1.6054
8.4329
1.8707
3.7017
0.41591
-2.4069
-1.5705
-7.0301
0.42741
-0.35284
-1.4358
-6.9335
-8.6357
-3.1077
4.8471
3.5727
-0.24896
4.534
8.628
23.162
1.5542
4.8106
-1.1168
2.3742
-0.85401
-1.761
-0.75518
1.9252
-0.52004
-0.71081
-0.6118
0.38784
1.221
-2.6471
-0.20667
-0.48265
1.5918
3.4161
6.512
-6.5057
-9.6488
5.2656
-1.5983
-0.2751
-0.17171
-0.59004
0.46783
-0.090401
0.23636
-0.26683
-0.14943
0.0065938
-0.21823
-0.23524
-0.0089327
0.031875
-0.094763
-0.12434
-0.08271
-1.8194
-6.9931
-4.4512
-0.34034
7.1261
2.6972
4.3712
-0.38809
-0.020147
0.25873
-0.27338
-0.071033
-0.40278
0.12178
-0.13072
-0.29542
-0.058821
-0.15294
-0.17158
-0.47123
0.62695
-0.79541
-0.71941
-0.3715
-1.398
-1.8239
-1.3356
5.747
2.1548
0.78342
-5.5915
6.1916
-3.8654
-0.69923
-0.83158
-6.7054
-0.60924
-6.0391
-0.096683
-0.70844
2.708
3.1172
3.1837
1.4206
1.6013
10.392
13.696
5.101
-3.66
-3.1274
-0.52042
-0.54555
0.16542
0.45609
0.066483
-0.77059
2.0024
1.4567
-2.1827
-0.41758
1.2604
-0.50066
0.28907
0.28686
8.4375
0.47186
-4.8466
-5.607
2.0851
-0.098817
1.2688
0.12171
0.85055
-0.26619
-0.29173
0.55749
-0.028767
0.63657
0.62424
0.48153
0.30904
0.29565
0.23816
0.42454
0.18345
-0.0083548
0.37981
-0.55261
-1.3246
-5.0488
9.621
-0.46707
-0.39421
5.824
-4.5485
3.3554
1.9032
1.8154
-0.13947
-0.15431
-0.23206
-0.27457
-0.26492
0.12568
-0.03742
-0.2389
-0.20156
0.052488
0.85179
-0.73973
-1.1198
-0.65463
-1.8782
0.80095
-0.36238
4.0297
-1.3297
0.82659
5.3774
1.7041
-5.5013
-1.3562
-2.6513
0.64871
-2.4134
-0.5906
-10.815
-1.5288
3.2223
4.1524
2.0299
4.1853
-4.5815
17.085
13.14
4.6531
-4.8118
1.0577
2.6573
-1.7056
1.3585
1.6229
-3.1399
-0.88604
1.8783
-0.76952
-1.7977
0.6611
-0.5735
-0.8386
0.80369
2.028
3.9829
12.518
-5.1121
-3.9589
-0.7511
0.24605
0.468
0.26778
-0.063681
0.28241
0.78668
0.27571
0.24865
-0.30354
0.34722
0.24692
0.48542
-0.29775
0.74576
0.14269
0.47617
0.0345
0.37971
0.28052
0.072357
-0.11292
-0.91748
-2.7911
-13.414
8.7342
-0.14403
3.0651
8.7256
-0.21797
-0.10397
-0.68222
0.14695
0.035095
-0.22052
0.14376
0.083745
-0.27476
0.12977
0.095077
-0.023751
-0.37592
0.078109
-1.0809
-2.1555
0.57879
1.1019
-1.9628
4.7218
3.5891
-1.242
-3.1959
-2.213
3.6848
-3.4179
2.6378
-0.90771
0.57736
-0.28018
-3.7492
-15.157
-5.5454
-0.96293
-3.3369
4.1686
3.8544
4.0296
3.4362
1.8424
1.3094
7.7321
5.5189
-2.7198
-5.9291
2.1414
2.046
-4.0678
-0.023564
0.32926
-0.0043434
-1.0943
1.0134
-0.88549
-5.0014
0.25748
10.451
1.7204
-5.1846
0.53076
-0.95939
-3.9115
-0.40381
-0.091578
0.19845
0.59345
0.10675
1.3017
0.55884
0.21063
-0.38176
0.39593
0.60573
0.47417
0.018645
0.23114
0.35781
0.17668
0.28613
0.00022379
0.24775
-3.8441
-9.3576
-3.5039
8.8704
8.42
6.4266
-1.4187
0.00062096
-0.30874
-0.12109
-0.014995
0.0025333
0.051236
0.053394
0.16732
0.028212
0.33983
0.36236
0.4627
-0.0077002
-2.1966
-0.17517
-0.15117
0.48246
-3.4618
2.8664
0.097894
-1.921
6.4094
-0.36993
-0.41006
-3.6095
-3.8548
4.8672
0.11345
0.065767
-2.6407
-3.8199
1.4924
1.4103
-0.0037766
6.8915
10.034
12.43
-1.6885
-0.46679
-1.0526
0.39487
0.19247
-1.4744
0.95458
-0.81551
-2.0079
-0.45364
2.3066
-2.4651
-1.1077
1.167
-0.34178
3.9013
10.425
-3.3924
-8.3133
0.7502
-0.1612
0.98147
-0.91962
-0.41728
-1.1576
0.77718
-0.9678
0.29668
-0.2613
-0.043917
0.13091
-0.23267
0.25501
0.38881
0.19964
0.1716
-0.16132
0.095137
0.15727
-2.6589
-2.2537
3.9982
1.79
0.33946
13.07
0.96731
0.14209
-0.52218
-0.27549
-0.10264
-0.56754
-0.47731
-0.24223
-0.16737
-0.25373
0.46022
-1.7943
0.6139
-0.99561
-1.5302
-1.1027
-2.8495
2.0538
-2.4175
0.11758
-3.7799
1.8537
-9.3836
-0.16772
-2.9461
4.0624
0.47382
4.5982
-2.2399
-3.7517
-13.246
-3.9905
-0.53892
-0.071017
1.3686
2.8203
5.4798
17.882
-3.551
1.5415
-0.1381
-0.068236
0.20252
-0.10182
0.59785
0.50765
1.603
-1.1854
-0.66971
0.46725
-1.6321
1.8701
-1.7278
1.8279
1.2205
-2.0083
9.3188
-4.9761
1.1404
-0.0016186
-0.077374
-0.73626
-0.79424
1.0509
-0.631
-0.10664
-0.80672
1.1732
-0.098555
-0.24948
0.10626
-0.06022
-0.1489
-0.27955
0.020611
-0.023955
-0.37732
-0.38719
0.6869
-1.3673
7.1708
2.1277
0.72796
-0.46884
-0.69796
-0.015815
-0.56606
-0.16488
-0.31598
-0.22165
-0.21931
-0.51688
0.46109
0.44098
-0.076565
-0.024242
-0.87432
-1.2581
1.3832
-1.8372
-3.7814
-1.1576
1.281
-8.5946
4.644
4.1059
2.4907
2.0937
-1.0615
0.92827
-3.9869
-4.7486
5.111
-0.38866
1.4411
-1.424
6.38
-12.51
8.6582
12.142
2.4222
0.56106
-0.070355
-1.5475
-0.47824
-0.27276
-1.1602
0.021553
-1.6478
-0.29679
0.90407
-0.84022
1.3055
-0.14162
2.0375
4.385
-3.2612
-8.1034
2.2184
-0.7717
-0.72985
-0.022651
0.89722
-1.2236
-0.086721
-0.035838
0.021664
-0.26559
-0.33937
0.047241
-0.11258
-0.3412
-0.11731
0.5975
0.062814
-0.46477
-0.23461
0.28303
-0.72638
0.10032
-1.2359
0.16613
-0.98928
5.2717
-0.66911
-0.97688
-0.20445
0.18363
-0.16143
-0.3677
-0.14875
-0.080358
-0.22909
-0.015209
0.85029
-2.6834
-0.045143
-0.84758
0.076558
-0.092772
-0.1075
0.51069
-0.39199
-4.3126
1.0186
-5.3003
6.3981
-2.8393
-4.0982
1.6623
2.057
0.16879
-1.9449
0.49226
1.1018
-1.2722
-1.0664
1.2764
1.2519
1.9366
-1.3704
2.468
2.74
-0.88665
-0.6464
-0.84914
-0.024343
-0.36048
1.1385
-0.58662
0.45277
0.32227
-0.29707
0.81703
-0.26256
-0.030937
0.2165
-0.17686
0.30274
1.5004
-0.2009
0.31279
-0.079281
-0.60215
1.1085
-0.44624
0.26608
0.24592
-0.15218
0.23044
-0.7203
0.47185
-0.21385
-0.53832
-0.29587
0.1728
-0.50822
0.22007
-0.20305
0.60448
-0.083559
-0.0004526
-0.088569
0.09218
-0.97439
-0.436
-1.1311
-0.59858
1.1739
-1.0585
0.22204
-0.20825
0.28262
0.39719
-0.21402
0.20209
0.2561
0.53524
-0.27311
0.18174
0.10473
0.37483
-0.17142
0.53739
0.42674
-0.50626
0.42992
-1.154
-2.4301
-4.6785
-8.5321
-1.2651
1.4267
7.6397
-0.30893
0.93005
4.3294
4.0255
-7.4598
0.84924
5.4089
7.4877
-3.5739
-8.5644
3.323
4.7841
-1.1767
3.2909
0.62105
-0.8838
0.57229
-1.5478
2.8397
1.947
0.18435
-0.12523
0.20689
-0.2215
0.17924
0.87059
0.25594
0.32802
-0.72721
-0.021753
-0.25592
-1.3312
2.7837
-1.0772
-2.4517
1.4534
0.18972
1.99
-0.71101
-1.519
0.79507
-0.34384
0.53175
0.17258
0.80356
0.3042
0.072297
0.20781
0.069514
0.11751
0.022978
0.07493
0.24003
-0.025147
0.19212
0.12749
-0.67776
-0.64908
0.63184
-1.5649
4.4556
-0.26497
-0.25118
-0.55933
0.24165
-0.13971
-0.38459
0.20819
0.19959
0.014663
-0.18261
0.15544
-0.20394
0.39972
0.55712
-3.2856
-0.2182
0.45962
-0.73106
0.62869
-0.5169
-0.38005
0.94531
-5.0252
-4.02
4.7639
-4.2862
4.4846
1.4073
2.8549
2.1774
2.8641
7.9221
-1.0069
2.2106
-6.4033
-3.1079
4.9857
6.25
0.1074
0.69932
0.31297
-0.7392
0.48764
-2.2485
0.83419
1.3511
1.2222
-1.2292
-0.43563
0.035087
-0.79206
-0.19836
-0.18579
0.9334
0.36035
-2.4414
-1.0787
1.2102
3.5514
1.5054
-1.6297
0.52926
-0.27066
-0.6003
-0.26188
-0.56536
-0.33056
-0.73465
0.44245
-0.1292
-0.16379
0.17582
-0.56066
0.0039345
-0.035681
-0.32668
0.15442
0.017999
-0.49951
-1.0174
-0.23794
1.0773
0.0093119
-0.94073
0.047686
-0.17811
-0.13728
-0.14333
0.013259
0.10854
-0.29948
0.52816
-0.22316
-0.22221
-0.45319
0.32
0.0043974
0.65458
1.3834
-2.358
0.7285
-1.6029
-2.3561
-4.6592
-3.2117
-1.2571
-3.8388
5.1758
2.1237
-3.2564
3.4194
0.84877
2.3782
2.6285
2.2625
2.7657
-1.7714
-3.4684
3.9541
7.2572
5.7674
-1.8637
-1.777
0.19244
-0.45887
-0.93548
-1.6524
1.9462
-1.5098
0.10393
-0.31327
-0.50959
0.29362
-0.98761
0.081024
-1.5875
2.4818
-0.69756
0.56788
2.2353
-3.1947
0.87071
-0.54051
0.20107
0.092434
0.90086
0.6618
-0.23841
-0.53172
-0.20295
0.99353
-0.38025
0.1235
-0.44569
-0.35338
0.026967
-0.061715
-0.22456
0.21691
0.11631
-0.16469
-0.097575
-0.27936
-0.070113
-0.57393
-0.45205
0.99448
0.80986
0.12274
-0.52251
-0.13267
0.60964
-0.0686
-0.080984
-0.049233
0.086032
0.14551
-2.9199
-1.3456
0.15116
0.084569
-1.1419
-1.2766
0.49061
1.4396
-7.1895
-2.2793
1.1206
3.1577
-5.4248
0.86148
2.0018
2.7516
2.5721
-4.4123
6.4979
2.583
2.5827
1.9782
1.7492
-0.085562
0.50984
-4.6599
-1.5156
2.0698
0.44381
-2.919
-0.94682
0.76076
0.26153
0.55572
-0.25096
0.010951
-0.35518
-0.45325
0.59203
0.51387
0.22481
-0.90865
-0.063511
0.26074
0.51641
1.6084
-0.74636
-0.13334
-1.553
1.5699
3.4711
1.2594
-1.1198
0.78063
-0.15908
-0.52001
-0.027714
-1.0586
0.033345
-0.18626
-0.2378
1.6707
0.47777
-0.8991
0.11664
-0.28794
-0.089024
0.28537
0.021181
-0.024867
-0.18574
-0.8016
-0.026905
-0.4466
-1.3385
0.58661
3.3776
-2.3746
-0.63082
0.64124
-0.29847
-0.070884
0.60331
0.085578
0.22707
0.87669
-0.28879
0.19366
-0.27957
0.52095
-2.9479
3.1628
0.12292
0.056559
-0.65701
-0.9771
0.76772
-4.6198
-5.7506
1.6893
-4.5341
-1.7801
1.2415
-0.95679
-1.17
-2.2377
8.5665
-9.5425
3.5107
6.4377
2.0305
12.371
-0.11107
-2.5067
3.8547
-2.3434
2.5935
-6.1617
6.6097
0.066223
2.2797
0.64869
0.013613
1.577
0.55696
1.3051
-0.10478
0.72567
0.043098
0.38701
-0.2876
0.39308
1.4183
-0.26904
-0.55121
0.81387
-0.5201
1.6935
1.3491
0.74345
-0.72839
-2.3158
2.6441
0.24189
0.69675
0.3148
1.4534
-0.088364
-1.0078
-0.15106
-0.036495
0.62315
0.69952
-0.47266
0.039105
0.046503
0.4525
0.041865
0.67727
-0.18472
-0.36434
0.36716
0.068498
0.011648
-0.49157
-1.6915
-1.0816
1.2865
-0.7349
0.49025
0.26858
-0.11612
-0.07842
0.47151
0.25147
0.47939
0.093273
0.049635
0.18063
0.2597
0.48896
-0.94986
2.2084
-0.01163
-0.42013
-0.3453
-1.1707
-1.6767
0.26283
-5.923
-0.85981
-3.0917
-3.4343
2.5039
-0.4375
5.2097
9.7927
-0.36298
4.3537
0.5684
-6.0342
3.457
3.9168
2.8918
-1.2231
0.41815
-7.7458
0.61291
0.17907
1.0903
-2.5853
-1.3532
2.3846
-0.33246
-0.11779
-0.40744
-0.32827
0.23917
0.15414
-0.045752
0.16986
-0.3075
-1.2877
-0.12039
-0.11627
2.5429
0.26349
1.4435
-1.0313
-2.4216
-0.053565
0.2386
-0.48321
-0.72195
-0.15762
-0.0011166
0.15619
-1.5103
0.12787
0.15371
0.14467
0.18315
0.32047
0.23065
-0.039705
0.21579
-0.035258
-0.12339
-0.16083
0.10928
-0.70468
-1.9193
-0.020829
0.79134
1.359
-0.97043
-0.057103
-0.1442
-0.68987
0.31911
0.14171
-0.10476
0.12067
-0.13209
0.15516
-0.085556
0.24094
-1.9617
2.7989
0.6027
-1.1442
0.55296
-1.6141
0.58109
-0.58988
-3.4544
-5.3567
6.3178
-5.9028
0.89212
1.3797
3.3486
-2.253
6.6832
-0.88495
7.5348
2.4012
1.1613
-1.9834
-1.1862
3.6972
-7.4804
4.4864
-0.32151
0.55699
-1.0413
-1.7628
0.4764
-0.81687
1.2611
0.18102
-0.18207
0.4168
-0.3252
0.52925
0.83217
-0.22867
-0.016182
-0.36246
1.2651
1.0492
-0.80641
-0.020981
1.7757
-2.6469
-0.23155
0.042904
0.40687
0.66604
-0.19682
-0.17021
0.37659
0.0012565
0.77311
-0.752
0.77519
0.63945
-0.98349
0.31206
-0.50496
-0.49426
0.61687
-0.021116
0.023227
-0.064322
0.040419
-0.14435
-2.107
-1.8057
-1.0952
1.0256
0.22296
-0.097941
0.085679
0.41122
0.56563
-0.37877
0.34642
-0.30308
0.10574
0.12515
-2.8152
3.1227
-0.68098
-0.40613
-1.0334
-0.059508
0.72854
-2.898
-2.7517
-6.0795
-1.2975
-6.1009
5.7746
2.1363
-4.1396
3.6766
7.7247
-0.31917
-2.5862
6.9607
-1.8324
1.3616
1.4309
0.26056
0.37252
2.5661
6.7394
-0.34806
1.9999
-0.94627
1.5929
-0.65132
1.0657
-0.16779
-0.76637
0.62352
-1.3009
0.71386
-0.30556
0.16489
-0.80006
-0.53931
-0.4345
1.3346
-0.33092
-0.73639
0.3173
-1.1921
0.68405
0.51855
0.83939
0.10438
-1.1079
-0.37591
0.51204
0.068258
0.44898
0.79037
-0.066863
0.30142
-0.072103
0.2468
0.063974
-0.21649
0.18565
-0.072111
-0.099334
-0.24699
-0.2428
-0.70519
-1.7236
-0.06461
4.6668
-1.2918
0.50558
-0.20999
-0.027757
-0.016956
0.094793
-0.064015
-0.33632
-0.43876
1.4666
1.4002
2.6217
-0.2681
-0.29456
0.29623
-1.2831
-0.047439
-0.63693
-3.8606
-3.0191
-3.0484
0.26028
-3.5335
-2.4728
-0.36377
1.0809
3.0826
-1.1711
-1.6972
2.9803
2.3309
5.6513
2.391
1.9386
-2.5607
-3.4032
-1.3364
15.863
-0.4319
-2.5335
1.8568
2.7447
-2.0241
-0.30098
-1.4866
-0.48256
-0.75015
-0.68598
0.19203
0.076602
-0.78714
-1.3215
-0.59622
-0.65359
1.1537
-0.17903
-1.3225
-0.039325
-0.33368
2.5327
-2.0515
-0.69548
0.02462
-0.22895
-0.040962
-0.24609
-1.4326
-0.92549
-0.24091
0.32561
-0.76642
-0.010498
-0.41345
-0.04279
-0.17578
-0.40528
-0.32034
0.17672
-1.0763
-1.4553
0.21605
-0.0091617
1.1898
-1.5331
1.0789
-0.0068535
0.11509
-0.23897
-0.25661
0.1361
-0.065512
0.0074995
-0.2127
0.2382
-0.21264
-0.02845
-2.6686
3.4592
-1.5665
0.53881
0.10988
-1.3219
-0.18102
-1.7058
-9.8318
-3.2228
-4.0531
1.2847
0.83136
-1.5017
2.4416
1.8511
1.0185
-4.0711
1.8678
6.6231
0.57113
9.7959
0.60059
-0.72008
1.109
2.5119
0.45687
1.2126
0.23563
-0.47726
-0.45698
-0.49817
1.2943
0.62704
-1.5487
-0.15102
0.62022
-0.60922
-0.010965
0.95415
-1.8219
0.10856
-0.32714
-1.0477
0.81144
1.4827
-0.24929
-0.91243
-2.4185
-0.81928
0.57732
-0.054157
0.37157
1.1132
-1.7197
0.7176
-0.49367
-0.29092
0.53871
0.94812
-0.35938
0.72948
0.21262
0.56656
0.17683
0.030687
-0.21096
0.051044
-1.3404
-1.0621
-1.0032
3.6696
-2.1916
0.88737
-0.15476
0.60239
-0.51376
0.48843
0.0059117
-0.20279
0.1522
-0.13931
-0.11826
-0.453
0.97736
-1.3896
-1.0063
0.43059
-0.45486
0.8713
-1.8947
-0.571
2.7325
0.74364
-2.6357
-7.3943
-3.8742
6.6696
-2.1929
-5.2919
3.8322
5.4603
-2.3008
-2.5949
-0.30553
1.2035
4.7908
4.5884
3.6341
-4.8482
-17.594
7.8095
1.0325
1.7148
-1.9944
-3.4294
-2.3524
2.5617
-0.74767
-0.88818
0.66474
0.63304
-0.43611
-0.20631
0.67116
0.21061
0.22075
-0.063819
0.096339
-0.17769
0.22297
1.7129
1.9723
-1.6485
-1.3459
0.4682
1.0091
-0.28326
-0.2437
0.30258
-0.086865
0.70348
-0.40477
0.092182
-0.64224
0.17734
-0.038944
-0.11771
-0.93559
-0.49743
0.26176
-0.62058
1.1454
-0.44133
-0.53844
-1.5864
2.819
0.60955
2.7413
-0.99324
0.33114
0.27709
-0.12341
-0.54752
0.19339
-0.19472
-0.47077
0.31599
-0.082229
-0.078064
-0.034158
-0.015404
0.2
1.469
-1.2111
0.7484
2.4426
-2.9805
-2.2163
-1.4479
8.1558
12.397
1.7661
-4.8879
-0.24016
-2.4665
2.5476
2.4093
3.1441
0.10217
1.0892
0.11461
-2.9857
-2.9948
-3.3194
-3.6309
-0.58251
-8.841
10.78
-9.9157
-1.4949
-1.5304
-0.42715
3.954
1.5354
0.62374
0.21328
0.66747
1.0042
0.69337
1.1102
0.24831
0.44186
-0.0083904
-0.17442
0.29092
-1.4705
-0.68602
-1.2424
0.26151
0.5553
0.20014
-0.21929
1.6596
0.23387
0.36581
0.36938
0.63878
0.52778
0.48177
0.43385
0.30409
0.48288
0.11041
-0.17402
0.34407
0.76252
0.20499
-0.30525
0.64182
-0.23136
5.045
-6.6665
2.6469
0.18018
0.28806
0.3188
-0.32172
0.29908
0.21611
-0.13032
0.30107
0.3948
0.28084
0.10314
0.14414
0.76699
-0.30176
0.2071
0.21989
1.1745
0.35593
-2.0118
-0.8249
1.2112
16.524
8.548
7.4326
-1.9017
-4.0638
-8.3819
3.3681
-0.93622
-4.1043
-0.27628
1.0424
-1.2224
-3.0771
1.4083
-0.019457
1.427
-0.035145
-0.15447
0.34849
-1.7057
3.0164
-4.4909
-0.84032
3.7066
0.71155
0.14013
-0.15849
0.80246
-0.053533
0.25169
-0.67326
-0.011553
0.25791
-0.74362
0.84315
0.035738
-2.0984
4.341
-1.2071
-2.5994
5.3139
3.343
-0.16226
0.37717
-0.93454
-0.065781
0.23731
0.22521
-0.48463
-0.21339
-0.30861
-0.29059
-0.31446
-0.25323
-3.5202
1.1786
0.41061
0.67109
-0.77005
-0.69366
-0.66168
0.9063
1.0341
-0.90274
-6.9196
3.0218
-0.44027
0.23988
-0.3163
0.23558
0.19305
-0.1276
0.25366
-0.39383
0.27207
0.2615
0.24602
0.0023314
-0.10596
0.37416
1.0414
-0.070446
0.41563
-0.81528
-2.1433
3.9603
0.89875
0.36573
6.5492
3.8316
3.5747
2.4901
-2.5784
-1.7377
3.4229
5.1842
2.0884
-5.4745
-3.5404
-1.841
1.9403
2.1208
-2.4295
-11.297
11.402
-5.389
-1.5912
1.1359
0.92128
-3.773
1.0876
1.0818
-0.71245
0.29824
0.38332
-1.215
0.44416
-0.14594
-0.51678
0.53974
0.5
-0.3735
-0.41233
0.41519
2.4463
-1.851
-3.8654
4.524
0.76419
-2.2492
1.1647
-0.27773
-0.20921
0.43891
-0.62233
-0.47079
0.63858
-0.21341
0.16196
0.1599
0.061145
0.288
1.91
-3.0306
0.53199
-0.14158
0.20494
-0.68465
1.6804
0.87188
-3.4991
-0.13725
0.66794
-0.48429
0.81163
-0.32332
0.72789
0.12135
-0.066567
-0.069716
0.26975
-0.34285
0.00037262
0.30198
-0.16707
0.72477
-0.081992
-0.1503
-1.1051
-0.63824
1.0131
2.2993
4.1454
3.9532
2.3352
11.831
1.5999
1.017
-0.20567
-1.9245
2.7205
-0.6666
-4.9801
0.066393
-2.0247
-4.0889
-6.5799
-2.8198
-1.7647
-0.12812
10.511
-4.0178
-0.54441
1.2752
-1.0895
-0.14396
0.55787
-0.55969
0.61879
0.22229
-0.80478
0.55875
0.27787
0.59077
0.21024
0.50557
0.24388
0.10611
-0.087252
-0.42058
1.5723
-2.9687
1.8679
5.7062
-1.3727
0.22398
0.031177
0.080782
0.27604
0.51216
-0.71873
0.42981
1.0799
-0.50588
0.35518
0.13099
0.13421
0.037478
0.91998
-0.62247
0.5252
-0.34762
0.49074
-1.1269
-0.34648
-2.5414
-11.457
13.487
0.24478
-0.090032
-0.29539
0.81572
-0.12729
0.38779
0.018619
0.076811
-0.11102
-0.10701
-0.087732
0.10337
-0.44209
1.048
-0.28866
0.08669
0.29759
-1.999
0.21605
-0.98298
2.607
15.65
4.689
6.8877
1.4014
-6.388
1.6375
1.5533
-1.3379
-5.0765
-0.45346
-2.69
0.0099859
-1.2594
-1.6116
-2.2656
1.04
1.3347
1.9113
-5.1324
-2.9879
1.8154
5.8835
-0.10939
1.5949
0.34828
-0.0083049
-0.082265
-0.17771
-0.30858
0.45702
-0.14672
0.266
0.034152
0.2034
0.11321
-0.20467
-0.24302
0.33648
1.7058
-6.3196
3.5853
6.1879
-0.6296
-0.47924
-0.63604
0.11265
-0.085916
-0.35344
-0.0068164
-0.36099
-0.21513
-0.38209
-0.20162
-0.27411
-0.075216
-0.23929
-0.048755
-0.28087
-0.53532
0.65514
-0.20766
0.73458
0.57795
-1.5081
11.352
7.6287
-3.2569
-2.3912
-0.48911
-1.0919
0.2226
-0.62057
-1.2407
-0.27749
-0.3696
-0.35539
-0.42388
-0.2829
-0.50824
0.99808
-0.57642
-0.64376
0.49748
-1.1499
-1.0421
1.1077
-0.41166
10.319
10.632
-0.18384
0.14152
-3.7095
-1.4168
1.1447
-1.5275
-4.6789
-0.37596
-1.7654
0.34481
-4.2678
-3.2043
-3.0616
1.3851
-7.918
-3.6599
15.942
12.46
-15.766
2.5915
-0.60216
-1.6673
0.89977
0.34178
-0.68337
0.95752
0.75712
0.14885
0.22097
-0.14925
0.59241
-0.13517
-1.7944
0.016344
0.04673
-3.3484
-7.2356
9.6266
5.0002
3.3096
-1.5677
0.37207
-0.21961
0.47238
0.028785
0.65477
0.38279
-0.1369
0.059594
0.13584
0.34039
0.091593
-0.095933
-0.22339
0.52989
-0.20124
-1.6161
-0.32288
-5.1354
3.1141
-2.0209
7.7177
-6.0105
1.4277
0.49825
-0.92606
0.74643
0.88737
-0.24158
0.014407
0.092262
0.39061
-0.17076
0.7262
-0.59971
0.36848
-0.32627
0.026118
-0.49549
-0.19694
-0.65069
1.3353
1.5428
16.04
2.9094
2.6418
6.7999
-5.7381
-6.2808
2.2858
-1.67
0.64986
-2.2494
-3.3113
-1.2285
-0.99997
-2.4361
-4.3538
-2.9765
-0.075084
-0.4318
-1.1689
0.15288
-6.5087
13.447
8.1392
2.7093
3.7389
2.6082
-0.68612
1.7769
-0.49499
0.048961
1.0259
-0.52302
1.0138
0.36698
-0.70369
0.31288
0.37676
-0.47573
0.53696
-0.35747
-0.366
-0.18599
-4.0735
-1.7367
2.2662
9.5271
-3.4913
-0.94918
0.50381
-0.36947
0.59021
0.24427
0.39303
0.32427
0.024532
0.060064
0.73603
0.13423
0.092482
0.14845
0.8038
-0.33395
1.7967
0.62795
-2.8329
-2.087
-2.8952
8.1735
0.051064
3.7322
-7.2761
1.3141
0.20698
-0.096368
-1.1454
0.29693
-0.5904
0.0076577
-0.29073
-0.034422
0.55943
0.0765
0.40553
1.1647
0.080844
0.0096316
0.14921
-1.2932
1.0979
2.2547
-0.31121
8.5597
8.4534
5.7299
-1.3481
-6.6576
-5.2491
4.2015
-1.9002
-0.37106
-1.1351
-5.3427
-0.12564
-1.4204
-2.2803
-3.5509
-0.36472
-0.73006
0.11149
-0.80751
0.42646
-5.844
-4.9599
-0.45548
-4.4366
5.839
-6.5346
-3.4933
7.2093
0.98436
-0.56526
0.098798
1.6834
0.46061
0.96201
0.81333
0.67245
0.73578
0.57478
0.62607
-0.069245
-0.246
-1.3316
-1.716
-2.7689
5.2729
2.9292
-0.45888
0.18075
1.6105
0.078404
0.45071
0.97344
-0.16159
0.9489
0.36109
0.69346
0.64064
0.38233
0.36618
0.50039
0.35054
0.44101
0.30356
0.0014703
-0.03286
1.4835
-0.042787
-0.1599
0.21561
1.6381
9.7492
1.2207
-0.91554
-4.5336
-6.579
-5.9234
0.11383
1.0774
0.70975
0.59155
0.41443
0.5859
0.47764
0.59624
0.13035
-0.20805
0.33912
1.1404
-0.43482
-0.86125
1.4093
0.448
0.093198
1.4135
13.665
12.707
4.1006
-4.6571
-5.0846
-3.4667
1.5535
-0.81852
-0.57662
0.89927
0.1891
-4.1205
-2.7337
-1.8133
-2.4133
1.2269
1.0664
-0.43141
0.15579
-2.811
-4.8934
4.0204
9.2033
-2.8296
-3.5268
-1.337
3.4787
0.64219
0.71508
1.3003
-0.084525
0.73533
0.85453
0.36118
-0.40627
0.92009
0.22867
0.74535
0.19616
-0.35786
0.17547
0.0085787
-1.5721
-1.9453
-0.72912
3.4365
-1.3161
0.73265
0.19748
0.41498
1.0228
0.26816
0.2197
0.52784
0.43491
0.44805
0.58206
0.54249
0.36743
0.33149
0.31602
0.45369
0.71839
-0.47008
0.78029
1.6517
0.073215
0.079442
2.0353
2.3953
9.3021
-3.5118
-3.4299
-4.4237
-10.36
-0.99241
3.5273
3.3573
2.3158
0.30458
0.14387
0.2613
-0.65458
0.93958
-0.026284
-0.69836
1.1575
-0.77647
-1.2196
-0.54207
-0.61699
0.53657
0.062521
1.0196
4.6356
8.0999
1.7327
-0.38784
-1.083
-0.85725
-0.58568
0.28856
-0.66555
-0.20136
-0.054592
-1.9582
-3.6571
-0.14058
-1.9321
-0.70115
0.95865
-0.14576
-0.43019
-1.0973
-8.2929
1.5374
1.5707
0.27459
0.15065
-5.3925
2.0883
0.14207
0.29541
0.56293
0.27094
0.9676
0.11637
0.28515
0.76927
0.10596
0.61799
0.6281
0.21517
-0.38746
-0.11352
-1.1656
-0.94086
0.86686
1.5808
6.0385
-0.14895
0.73595
0.4436
-0.43551
0.86481
-1.2124
1.1725
-0.14322
-0.29969
0.41678
-0.18069
0.57169
0.39252
-0.16675
0.29244
0.23005
0.21387
0.12705
-0.1688
1.4405
-0.28071
1.3096
4.1046
3.7477
0.38116
4.2682
2.1636
-6.5738
-6.3104
0.8423
1.2733
-1.1118
0.76922
0.34848
0.12717
-0.045968
0.097836
-0.24868
-0.033499
-0.31729
1.0714
-0.25807
-0.14087
-1.1711
2.0396
-1.1299
-0.59861
1.5229
3.1121
7.4098
0.77593
-4.4557
-2.2367
-0.083109
-0.071597
1.8713
-0.88823
1.4695
0.48592
-3.2551
-1.5762
-2.5038
-1.8981
-1.0166
-0.1276
-0.38049
-2.2768
-1.9742
-8.7826
2.8433
16.257
-3.3384
1.0529
-3.1761
1.4765
-1.4134
0.53265
0.47298
-0.0079377
-0.1263
0.098249
0.11626
0.43656
-0.20865
0.3701
0.087057
0.11787
-0.62714
1.2871
-2.6655
0.74547
1.1522
2.0862
0.96732
-3.2994
1.787
-0.51778
-0.10951
0.088728
0.30226
0.0047032
0.36075
-0.41417
0.35084
0.28092
-0.23136
0.40617
0.33872
-0.082841
-0.098497
-0.35021
0.12945
-0.052913
0.35055
1.0823
2.3016
4.2695
5.0207
1.5678
0.26827
2.3139
-5.9173
-7.2385
-11.463
0.96781
0.48777
-0.29791
-0.3183
1.0305
-0.59527
-0.023997
0.12045
0.17564
-1.1035
1.1142
0.81972
-1.1899
-0.73368
0.75987
-2.3599
-0.21071
1.0977
3.5437
2.2614
-3.2034
-3.626
0.12665
3.772
3.4212
1.5503
-1.9638
-0.23251
1.0998
0.38798
-2.4392
-0.55744
-0.099047
-0.04516
0.0621
-2.3057
-2.2467
0.51517
-3.0338
-1.6165
-3.922
0.69655
0.38906
0.44078
0.99014
1.0953
-1.0523
0.11848
0.84583
0.21575
0.21201
0.21915
0.31271
0.34415
0.52002
-0.023581
0.3469
0.019334
1.2515
-4.096
0.45294
2.0187
2.0963
-0.92454
0.61603
0.81884
-0.78776
-0.26377
-0.72795
-0.095905
-0.21432
-0.13382
0.008287
-0.23392
0.077579
-0.21108
0.24184
-0.3367
0.16102
-0.46173
-0.01416
-0.24973
-0.40153
0.66823
1.2599
0.58389
3.5572
6.2316
1.6157
1.2412
2.0163
-7.7593
-7.8007
-5.4499
1.7051
0.053568
-1.1204
0.15138
0.42208
0.59208
-0.13578
-0.011869
-0.062668
-0.01211
0.82406
-0.23686
0.32605
1.3816
0.34701
1.3818
0.701
0.73045
2.2347
-3.0086
-4.6452
0.89003
1.449
1.5078
-1.5476
-0.43566
1.1442
1.448
-1.1147
-0.10699
-0.017416
-2.2185
-1.6618
-1.4434
0.070191
-1.2562
-1.4904
-0.6473
-6.026
9.7374
3.4805
2.5848
-1.5976
-2.6304
1.2683
-2.5892
0.90012
-0.062291
0.26107
0.034452
-0.21754
0.05347
0.37066
-0.23446
0.0021392
0.12727
-0.4396
-0.063727
-4.5593
0.97347
3.1267
2.5483
-1.7399
-5.0862
3.7765
-0.10564
0.091756
-0.32902
0.55479
0.86258
-1.055
0.25268
0.36605
-0.41599
-0.051017
-0.10338
-0.13591
-0.12515
-0.10924
0.35344
-0.74595
-0.21271
0.69755
1.0359
0.11911
2.3229
5.5022
1.3389
2.4166
2.7413
-4.0782
-13.259
-7.3762
0.12838
0.11885
-0.78612
0.44465
-0.21301
0.50476
0.78192
-0.066303
-0.16268
0.21289
-0.19655
-0.35658
0.42449
-1.121
1.0948
-0.25746
-0.70902
-0.16609
0.47076
-2.5007
-7.0497
-2.3469
5.1252
4.4944
0.24964
1.4032
0.14718
-2.3404
0.32555
0.93292
1.0587
1.7822
-2.1356
-0.46826
1.6389
-0.6563
-1.9407
3.3804
-6.0449
-0.89095
2.5456
-0.6411
0.75298
1.7566
-0.16948
0.54596
-0.13994
0.081245
0.81367
0.059162
0.1946
0.20841
0.23035
-0.28379
0.27299
0.81778
0.60136
-0.061304
-0.14704
0.19777
0.55413
0.12044
0.37996
0.024921
-0.010724
-0.0016365
0.1227
0.11201
0.18484
-0.33735
-0.32113
0.30098
-0.046443
0.13468
-0.18259
0.32771
0.28862
-0.097193
0.1216
-0.0081471
0.15043
-0.053866
0.088067
0.035959
-0.042814
0.11527
0.75578
-0.71201
0.044181
0.22457
0.14072
-0.059756
-0.085726
0.18738
-0.29606
0.26329
-0.12934
-0.088813
-0.051745
0.0017047
0.036174
0.026818
0.089299
-0.13095
-0.12305
0.088166
0.012414
0.05361
-0.14919
0.11217
-0.037121
0.13218
-0.097547
0.019087
-0.033649
-0.090459
0.13093
0.0011429
-0.10991
0.0090834
0.049517
0.039097
0.030598
-0.091518
-0.030546
0.019005
0.0057287
0.01402
0.0275
0.0148
-0.044362
0.074901
-0.037986
-0.087769
0.0096392
-0.029399
-0.07613
0.060781
-0.054133
-0.011104
0.071681
-0.010846
0.10301
0.20513
-0.2012
0.094842
0.013024
0.016104
-0.082771
0.017597
-0.13251
0.13547
-0.0035405
-0.083051
0.044252
-0.042755
0.098477
0.045444
-0.13731
-0.013193
0.0040315
0.088105
0.038344
-0.049488
-0.055976
0.045388
0.038031
0.024619
0.052883
-0.09299
0.023122
0.03096
0.068424
-0.079387
0.033327
0.043876
-0.021791
0.065338
-0.08772
-0.02448
0.027799
-0.086464
0.0031935
-0.099833
0.059502
-0.1088
0.2702
-0.36379
0.393
0.28787
-0.2316
0.11404
-0.14257
-0.040757
-0.073564
0.034566
0.02184
0.07319
-0.16233
0.074557
-0.042915
0.0055177
-0.14198
0.0083664
0.046964
0.047175
0.029199
-0.15215
0.08464
0.080252
-0.064007
0.096284
-0.043904
-0.0012467
0.0035722
0.017
0.0018365
-0.089218
-0.0060992
-0.02479
0.057204
0.026303
-0.095936
-0.0071635
-0.042653
0.12555
-0.065687
-0.11927
0.043013
-0.09543
-0.047151
0.054808
-0.014353
-0.12025
-0.28331
0.2635
0.036791
-0.05449
0.0047007
0.015964
0.087038
-0.02938
-0.084163
-0.039662
0.052414
0.060444
0.065861
-0.040458
0.00094125
-0.01038
0.05293
-0.011394
-0.077875
0.0030254
0.01117
0.030365
0.018798
-0.055552
-0.0089347
0.035095
0.041961
0.030065
-0.057235
-0.011647
-0.0016983
0.075294
-0.011183
-0.041554
-0.029572
0.014583
0.024117
0.066573
-0.084007
-0.035666
0.028696
0.024607
-0.028608
-0.047254
0.047037
-0.10754
0.031544
-0.006027
-0.025033
0.18074
-0.21672
0.16385
-0.03701
-0.13025
-0.12423
0.033748
-0.018917
0.055319
-0.0011938
0.0035253
-0.041541
0.076412
0.0035809
0.066902
-0.043509
-0.049033
0.039544
0.054332
-0.0052967
-0.068336
-0.0063099
0.022921
0.051472
0.052874
-0.027599
0.0036673
-0.0098236
0.048934
-0.054953
-0.022993
-0.041872
0.030859
0.022405
0.027964
-0.07732
-0.013602
0.056737
0.015105
0.053296
-0.055644
-0.026426
-0.0094592
0.041645
-0.069309
0.017204
-0.035076
0.040237
0.031973
0.071214
-0.048343
-0.040994
0.023174
0.034222
0.01329
-0.090033
-0.039406
0.0010009
0.07695
0.0046901
-0.051473
0.02283
0.021223
0.032914
0.041838
-0.08169
-0.0046558
-0.016399
0.010824
0.042762
-0.094061
-0.022753
0.010159
0.039203
0.025112
-0.024925
-0.014738
0.0078546
0.050412
0.0087934
-0.079013
0.005017
0.076872
0.011148
0.034759
-0.082089
-0.024689
0.01587
0.055653
0.046651
-0.033629
-0.038984
0.044945
0.1167
-0.065703
-1.4581
1.6814
0.35621
-0.14583
0.0087794
-0.085548
-0.028753
-0.059359
-0.010685
-0.010921
-0.075176
-0.11601
0.0031188
0.043332
-0.0047155
-0.052483
-0.011029
-0.00019449
0.022891
-0.047373
0.011179
-0.082998
0.029243
0.013611
0.025924
-0.083319
0.025079
0.020473
0.031108
0.026855
-0.10426
-0.026369
-0.012858
0.032653
0.021888
-0.06705
-0.054478
0.024496
0.0077686
0.024031
-0.051164
-0.0090314
-0.0046964
0.030172
-0.019829
-0.049968
0.019944
0.045843
0.042006
-0.03737
0.001524
0.03681
0.0060851
0.0057861
-0.071348
-0.052471
0.037572
0.042385
0.003637
-0.053977
-0.04712
0.0039891
0.053034
0.018625
-0.071606
-0.0040038
-0.0014807
0.004185
0.011058
-0.07368
-0.02446
0.080006
-0.016741
0.038261
-0.031306
0.028893
0.010666
0.026723
-0.0037195
-0.09426
-0.017299
0.016045
0.029656
0.015404
-0.075638
0.0095454
0.0081562
0.07086
0.015505
-0.049446
0.0086048
0.025288
0.016781
0.016207
-0.11023
0.025089
0.09926
-0.046572
0.11482
-0.092962
-0.030526
0.045794
-0.013783
-0.0056525
-0.064758
-0.047274
0.0093094
0.031411
0.048144
-0.089138
-0.0161
0.02795
0.04332
0.031425
-0.059405
0.0095688
0.0042343
0.048629
0.032584
-0.079314
-0.0101
0.032137
0.058496
0.012811
0.012469
-0.095693
0.016774
0.0075977
0.056598
0.029465
-0.10447
0.0015815
0.040288
0.04091
0.03385
-0.024976
-0.027849
0.051658
0.01697
-0.0018849
-0.053946
-0.022839
-0.0046053
0.076011
0.0082212
-0.060234
-0.040693
0.051804
0.013543
0.050762
-0.075437
0.010191
0.0024305
0.017269
-0.0054145
-0.069044
-0.032053
0.028731
0.020562
0.037665
-0.063122
-0.014495
0.022207
0.035407
0.021924
-0.070542
0.0077655
0.011289
0.028184
0.026344
-0.077971
-0.028171
0.049905
0.023784
0.035358
-0.061481
-0.030614
0.013426
0.037889
0.0002811
-0.036241
-0.050323
0.022778
0.064891
0.056561
-0.050924
0.038836
-0.031003
0.051705
-0.041549
-0.041617
-0.074889
0.022711
0.068532
0.020919
-0.097878
-0.022998
0.011278
0.050943
0.030933
-0.053097
-0.029336
0.0085458
0.057353
-0.00085129
-0.057033
-0.062898
0.044394
0.028981
0.054619
-0.062277
-0.016681
0.028304
0.0094418
-0.024464
-0.050253
-0.059496
0.020277
0.041257
-0.00090775
-0.034925
-0.012014
0.015411
-0.0018436
-0.028771
-0.084998
-0.014649
0.056543
0.044318
0.016075
-0.070979
-0.0050367
0.033304
0.025955
0.049356
-0.058034
-0.0015909
0.0046444
0.03532
