0.018305
-0.030244
-0.029029
-0.037058
0.050504
0.0092873
0.018178
-0.046961
0.020666
0.076174
0.036019
-0.051827
-0.03032
-0.038107
0.077187
0.027474
-0.021705
-0.030765
-0.0095948
0.057029
0.045383
-0.0029861
-0.050964
-0.037198
0.049143
-0.020967
-0.019027
-0.017548
-0.04563
0.061574
0.041445
-0.029073
-0.044628
-0.016688
0.099705
0.019213
-0.019899
-0.0083796
-0.056485
0.060969
0.0012284
-0.017358
-0.036095
0.0044937
0.07203
0.068795
-0.029732
-0.049258
-0.026742
0.033454
0.050213
-0.039011
-0.036995
0.030084
0.078825
0.02795
0.008449
-0.02976
-0.028659
0.086654
-0.012852
-0.029602
-0.028032
-0.046413
0.052331
0.03991
-0.00048868
-0.02891
0.010427
0.069266
0.055173
-0.042388
-0.058755
-0.045774
0.041044
0.0098925
-0.0084613
-0.027369
0.023204
0.058932
0.019433
-0.018745
-0.048037
-0.017309
0.08155
0.0096227
-0.010883
-0.03838
-0.016115
0.070213
0.0092183
-0.030664
-0.026281
-0.015864
0.10811
0.03625
-0.0029161
-0.052114
-0.0089172
0.05806
0.0073063
-0.010207
-0.031017
0.0011182
0.067455
0.034898
-0.0023079
-0.061975
-0.02837
0.066865
-0.0011831
-0.0013658
-0.030371
0.048022
0.065079
0.013678
-0.016742
-0.030893
-0.022421
0.073114
0.061291
-0.028702
-0.035437
-0.042789
0.082418
0.0017401
-0.026848
-0.024543
-0.013197
0.072133
0.038084
-0.037695
0.012499
-0.036189
0.071225
0.011423
-0.046032
-0.045873
0.013631
0.11015
0.0082523
-0.00021142
-0.037913
-0.035681
0.059296
0.01109
-0.029448
-0.053363
-0.04384
0.072973
-0.033157
-0.033124
-0.01066
0.093014
0.050415
-0.037016
-0.034958
-0.033434
0.073533
0.0032937
-0.0046876
-0.02405
0.015991
0.062609
0.02164
-0.017239
-0.035276
-0.04218
0.071629
-0.025144
-0.014346
-0.044947
-0.038573
0.065248
-0.0033483
-0.022505
-0.03116
-0.019089
0.077031
0.045108
-0.033088
-0.030897
-0.027852
-0.046387
-0.016486
0.071546
0.019463
-0.01932
-0.027275
0.03984
0.01968
-0.0077211
-0.0071537
0.021535
0.066267
0.018122
-0.011073
-0.029761
-0.019158
0.057948
0.018424
-0.020712
-0.027427
-0.037061
0.07901
0.018807
-0.010435
-0.018535
-0.017349
-0.035202
-0.025792
-0.032715
-0.03089
0.017726
0.010252
-0.030922
-0.0084709
0.1065
0.034453
0.032558
-0.034997
-0.0048739
0.080959
-0.0085663
-0.0073141
-0.02422
-0.034314
0.044495
0.022998
-0.024669
-0.043467
0.10294
0.03171
-0.027386
-0.046586
-0.045195
0.083491
-0.032753
0.033358
0.041371
0.030647
-0.046941
-0.035018
0.062416
0.010695
-0.04583
0.02327
0.079557
-0.00052777
0.0097555
-0.02834
-0.0082965
0.068144
0.055635
-0.021245
-0.038504
-0.048567
0.067903
0.019692
-0.040066
-0.0079975
0.028862
0.075681
0.027106
0.0054471
-0.044255
-0.011698
0.064955
-0.034252
0.035123
0.052221
-0.025896
-0.053178
0.0068316
0.085218
-0.036484
-0.0040172
-0.032981
-0.040768
0.074499
0.025296
-0.032655
-0.05984
-0.047741
0.089638
0.027734
-0.041106
-0.048405
-0.017336
0.061061
-0.018692
-0.0080839
-0.046548
-0.033439
0.088835
0.041742
-0.014039
-0.11291
0.0042753
0.051578
-0.038119
0.035944
0.04452
0.037633
-0.075262
0.062909
0.17168
0.15872
-0.15721
-0.12251
-0.23292
0.2702
-0.072487
0.026278
0.30146
-0.03132
-0.025658
0.4529
-0.19159
0.13349
-0.23423
-0.1932
0.082018
-0.11045
-0.45598
0.50935
0.42556
0.1394
-0.25782
-0.15458
0.34775
-0.36965
0.20763
0.52736
0.27294
-0.68683
0.1353
0.41363
0.095452
-0.13151
-0.18023
0.50739
0.36925
-0.091364
0.39795
0.22391
-0.23224
0.53727
-0.69287
-0.090553
-0.39254
0.24518
-0.37575
0.51901
-0.023755
-0.034503
0.00070395
0.0046533
-0.055026
0.11922
-0.16678
0.068876
-0.16549
-0.45376
0.20266
-0.089363
1.0776
-3.3081
2.8817
-1.5764
-0.10072
0.059967
0.78227
0.2793
0.1645
-4.1452
-4.4463
-4.6819
-7.0977
0.28612
4.5656
3.9787
3.2152
4.7234
3.4359
1.0699
1.9276
0.53862
1.8706
3.1647
6.2483
4.2773
3.3051
-3.1729
-0.72603
-2.8593
0.71949
-0.70336
-0.6789
-0.95624
-0.76307
-0.68551
0.20662
-1.2022
0.53916
-1.8232
-1.4303
-1.1242
0.13196
-1.4486
0.53133
-0.99886
-0.56799
0.20942
-0.015473
-1.5939
1.2111
-0.086919
-0.2451
-0.52067
-0.25801
-0.60054
-0.74336
-0.19182
0.38004
-0.46698
0.045708
0.027342
-0.3509
-0.2262
-0.12077
-0.53356
0.52623
-0.68678
-0.083451
-0.18625
0.21572
-0.43258
0.17673
0.19704
-3.1081
2.2903
-1.1475
0.74563
-0.98237
-1.1937
1.0263
-0.58451
0.5196
0.2922
-0.54152
0.71385
0.67337
-3.9208
0.86117
-0.64257
0.51025
-0.22343
-2.8539
-3.4246
-5.7623
-6.0048
-7.5682
-5.1095
-3.7311
-2.2141
3.3197
3.0779
6.2524
1.2385
9.6744
7.8
9.3514
-1.8133
2.6627
-2.2215
-2.4646
-0.01876
0.1535
-1.0015
0.36323
-0.89936
-0.64034
0.46317
0.22439
-0.35905
0.95828
1.3185
-1.2542
0.47397
-0.27427
-0.82101
-1.4705
-0.79229
2.5365
-0.36851
0.93946
-0.74329
1.4129
-1.0856
0.30623
0.46141
-0.74247
0.73829
0.31259
-0.31314
0.52733
0.80359
-0.58808
1.1441
-0.255
0.33444
-0.056239
0.090143
-0.3935
0.18975
-0.0014839
0.11548
-0.048728
-0.22919
-1.0268
1.4136
-0.65263
0.41647
-0.0055036
0.31664
-0.15402
0.18752
0.25878
-0.061663
0.09105
0.55865
-1.6956
2.4333
-0.51596
0.65219
-0.67689
-0.31192
-1.5177
-0.052875
-4.9954
-5.8975
-6.5383
-9.1646
-6.4392
-2.9748
-3.4406
2.1401
3.0079
3.9811
1.6657
8.5944
5.8581
3.3151
3.5342
2.6998
-1.522
-2.8724
-2.4651
4.9454
-0.65117
1.2031
-1.0722
0.60066
-3.4452
2.4294
-3.2023
1.9503
-1.4909
0.69173
0.23158
-0.67442
-0.24665
-0.85919
0.24395
-1.2603
-0.16336
-0.31105
-0.49465
0.45466
-2.4846
-0.4353
0.36225
1.4611
-0.096615
-0.30722
-1.266
0.64421
0.1667
-0.21205
-0.30688
-0.18545
-0.74708
-0.14273
-0.34186
-0.15553
0.37296
-0.97835
0.24324
-0.4215
0.10669
-0.339
-0.33142
-0.45371
-0.42915
0.029742
-1.02
-0.97915
0.2411
1.1029
-1.1655
0.82897
-1.0967
-0.1664
0.14689
0.029541
0.14231
-0.083574
-0.017881
-0.14328
0.20825
-0.047059
-0.034431
-3.0454
3.7694
-1.2133
-0.17099
-0.049285
0.92333
-1.3257
-0.04502
-4.7117
-5.472
-7.1669
-6.5328
-6.6114
-1.3315
-1.4145
5.6499
3.2578
1.6886
5.1681
1.9864
2.91
-1.1858
-1.3072
1.0731
4.2894
17.469
4.5311
-1.1856
0.66313
0.25653
-0.080669
-0.80709
0.096942
0.32814
0.40533
-0.33955
0.34762
-0.099769
-0.49812
0.88427
0.27856
-0.15548
-0.74988
-0.15038
0.58408
-0.6912
-0.48176
0.33408
-0.088637
0.080835
1.346
0.88898
-0.84653
0.2755
0.93371
-0.88018
0.21916
-0.31711
-0.16597
0.12778
0.21089
0.19008
-0.096852
-0.29612
-0.42074
0.37259
-0.16743
-0.12487
-0.3375
-0.23827
-0.29454
-1.6376
0.68547
1.5582
0.049492
1.364
-0.95035
0.44616
-0.0041909
-0.10951
0.12463
-0.11112
-0.35272
0.14737
-0.2867
-0.46101
1.0152
-1.1826
1.374
0.30703
-0.6711
0.42026
-1.023
0.01243
-9.2771
-7.7978
-7.2461
1.1602
6.7773
1.865
2.7137
5.61
6.856
3.4667
1.4875
-2.3343
-2.1762
-1.7178
-2.0942
10.599
1.5711
-0.13723
-1.3991
-0.57131
-1.9074
1.1334
-0.89164
-0.37393
-0.48736
-0.23269
-0.45133
-0.67667
-0.53311
-0.66021
-0.23667
-0.8334
-0.79429
-0.27015
0.1097
-0.4772
-1.3417
-0.50926
-0.8629
1.7633
-2.5925
-0.96385
-0.29684
0.29539
-1.0807
0.07362
-0.6007
0.088698
-0.71042
0.67696
-0.19049
-0.0034996
-0.15725
0.40807
0.14745
-0.081546
-0.20641
-0.14096
-0.041163
-0.072011
-0.14331
-0.29094
-0.34115
-1.2747
2.9545
-2.1164
-0.59449
-1.3622
1.1095
-0.48358
0.46006
0.28318
-0.031897
0.45049
-0.53071
-0.048283
-0.11908
0.26419
-2.1577
3.5647
-1.6696
0.83394
0.33583
0.54535
-1.7859
-8.5387
-8.7079
-7.9444
-2.665
-1.2053
4.6397
1.9603
1.9512
6.2645
7.6566
7.2645
1.4199
1.0462
-0.63965
-2.5115
-2.5708
-1.6776
4.972
-6.6694
3.9573
-1.1479
-0.45636
-2.5314
1.6457
-0.72115
-1.1935
-0.49399
-0.2084
-1.1704
0.1284
-0.54177
-0.55981
-0.73799
0.12751
-1.3311
0.074004
-0.94425
0.81399
0.55644
-0.19075
-1.363
-0.052209
-0.054853
-0.57156
-0.091818
-0.17365
-0.27099
0.067347
-0.53188
0.0013332
-0.050889
-0.34361
-0.087154
-0.33341
-0.40264
-0.022957
-0.12314
-0.27742
-0.19802
-0.20078
-0.23406
-0.60534
-1.3623
-0.46596
1.8536
-2.6967
1.0406
-0.98054
-0.47344
0.26863
-0.16134
-0.0097691
0.1197
0.015014
-0.021944
-0.34111
0.61007
-0.50179
-2.3519
-0.8392
-0.58652
0.652
-0.12935
-0.25772
1.2083
-0.19781
-4.0331
-6.3158
-7.2628
-6.9364
-3.1757
0.21104
3.6542
3.3656
2.9956
3.7252
3.6072
2.9982
2.3984
0.43189
-0.0095948
8.2997
-2.334
-0.73038
-2.7037
1.2665
-1.7704
0.1156
-0.22084
-0.75694
-1.1692
-1.6175
-0.17629
-0.60528
-0.064279
-0.36619
-0.14678
-0.76805
-0.24075
0.16528
-0.64532
-0.10022
-1.5769
-0.61547
2.5116
-2.8555
-1.2123
2.2359
1.9375
-1.1003
0.075682
0.25699
-0.37923
-0.31022
-0.45668
-0.49066
-0.20764
0.091464
-0.13799
-0.012669
-0.295
-0.14879
-0.011186
-0.56794
-0.17685
0.18149
-0.58954
0.25822
-0.76261
-1.2784
0.2013
0.3433
0.14114
-0.6871
1.3197
-1.5452
-0.65836
0.38547
-0.42356
-0.18943
0.17079
-0.045788
-0.001888
0.049543
0.73561
-1.4125
1.3751
-0.76519
-0.58324
0.20009
2.0831
-4.0482
-5.7314
-4.1663
-0.24212
-0.27467
3.3551
2.0661
0.13545
0.42164
0.22235
-0.56135
2.1461
0.21673
1.2928
0.17114
1.7104
5.1559
-0.41767
-13.711
-2.0681
1.4397
0.65732
-1.3692
0.47849
0.91287
0.12481
1.1223
0.33775
-0.1842
0.35286
0.10659
0.13489
-0.0099748
-0.097261
0.50865
-0.088708
1.7946
1.7199
0.64139
-1.1238
-2.3524
-2.2587
2.6939
0.41934
-0.26082
0.19113
0.011147
0.36329
0.2462
0.11214
-0.035413
1.0534
0.26712
0.015349
0.149
0.19427
0.43755
0.24261
0.31753
-0.075043
-0.12248
0.016877
0.24069
-0.12569
1.6532
-1.1407
-5.4049
6.5619
0.57411
-0.96428
0.81039
-0.2549
0.32576
0.078909
0.435
-0.17508
0.19266
-0.21471
-0.41332
0.68213
-0.086063
1.6417
-1.0106
1.6643
-0.16393
-1.8924
-2.1341
3.0634
0.26747
-3.0449
0.64062
-1.8483
1.8664
1.523
-0.17797
0.0098476
1.9957
-0.17678
-1.6881
-0.16036
0.30912
1.0026
0.18964
1.8865
2.5906
7.3359
-0.89715
1.7347
-1.031
0.59624
-1.4297
-1.3776
-0.016301
0.13977
-0.049804
-0.44882
-0.58163
-0.66318
-0.15305
-0.31004
-0.33009
-0.22513
-0.69891
-0.83396
-0.022072
0.46164
-2.0832
4.9649
-2.7935
-3.6982
-0.8984
0.59326
-0.1595
0.23532
-0.2356
0.20885
-0.48012
0.095466
-0.51654
0.052919
-0.18929
0.23765
0.72152
-1.856
0.6601
0.070658
0.016645
-0.38944
0.098874
0.13766
-1.4531
0.48133
-5.0787
-1.4954
6.2289
3.5824
-0.4149
-0.24352
0.92091
0.80591
-0.50738
0.34757
-0.26979
0.097548
-0.42073
0.3814
0.34935
-0.13737
-0.15396
-0.010452
0.75911
1.6188
-1.1673
1.6264
1.1907
0.22167
-1.1928
-0.31923
-2.7539
0.030129
-2.1994
1.7486
2.8908
1.3727
-1.3349
0.089121
2.1719
-0.50711
0.014278
1.6852
2.6893
4.8984
-7.4877
-7.3063
2.4482
-1.9127
-1.2564
1.3864
0.01825
0.8973
0.23824
-0.22777
-0.38252
-0.58816
0.75406
0.16721
-0.023671
-0.25334
-0.17327
-0.05227
-0.5958
0.5824
1.7181
1.5911
-1.7369
-3.4573
3.0732
1.1937
1.4295
0.42332
-0.58362
0.46563
0.60083
-0.30777
-0.17908
-0.0268
0.19344
0.054604
0.067003
-0.1882
-2.0729
-0.03514
0.81799
-0.44349
0.63144
-0.12752
-0.12523
-1.1244
-3.2642
3.9935
-6.4619
-6.2278
6.8701
0.95759
1.0979
0.24147
0.23617
-0.25154
0.64223
1.1929
-0.55367
0.1643
0.69711
-0.030766
0.34273
0.58496
-0.41053
-0.04832
-0.11798
1.7808
-0.99648
-1.8072
1.5725
2.8761
5.3834
6.3014
-1.9815
-0.95001
-1.9028
-2.1413
1.452
-1.3479
2.3259
1.5819
0.32311
-1.1165
-3.2998
0.77408
-2.3393
1.9238
2.1151
3.4232
3.236
1.9344
3.7229
-11.525
6.412
-1.0075
0.6201
1.0571
0.70121
0.21221
0.5767
-0.089414
0.71005
0.29614
0.1955
0.24636
0.39912
-0.064182
0.51333
-0.080442
0.84724
0.53744
-0.19807
-6.3226
-5.5884
-0.16544
1.4695
0.63029
1.1625
0.013466
0.32872
1.7136
-0.19529
0.065196
0.86459
0.21156
0.99395
0.88866
0.14224
0.79368
0.56307
0.83952
0.28671
0.86505
-0.29423
0.18849
0.025895
-0.90462
-3.1585
2.1966
-11.526
4.1082
11.489
1.0997
-0.757
0.66666
0.13687
0.21282
-0.32102
-0.024006
-0.19305
0.31693
0.5212
0.072752
-0.52794
-0.9575
1.7093
-0.22682
0.85446
1.4821
6.9846
3.4317
-4.0329
-4.2684
-1.1143
-0.24389
-1.4413
0.7332
-1.3521
-4.2824
-1.1174
-3.7651
-4.3353
0.92225
1.0706
3.0215
4.1878
-0.85472
1.1451
-6.7958
2.0603
2.0168
0.59914
0.37989
-0.020027
0.46687
0.38866
0.56944
1.3223
0.14127
0.73029
0.32603
0.12984
0.089093
1.8329
5.9157
-3.6651
-4.7011
4.2235
4.2699
4.8324
0.79903
0.12338
0.048348
0.44368
1.2086
-0.061118
0.73996
0.10982
0.30748
0.11852
0.31519
0.10472
0.50569
-0.13364
0.2508
0.49568
-0.029609
0.095301
0.59778
-3.6586
3.4939
-2.8201
-0.47743
8.7887
1.1781
-0.36678
-0.25236
-0.29016
-0.089365
0.16792
-0.32581
-0.22226
0.10313
-0.026728
0.2475
0.27251
-0.63425
0.80905
2.9163
8.6181
16.962
0.10892
-11.258
-1.5463
-3.5186
-0.77162
-6.986
1.0529
3.6256
3.4316
-3.6387
-0.83352
-3.4886
-5.4188
-5.2272
0.50443
2.6921
6.6356
0.52142
0.41898
5.6928
-4.0516
0.075126
1.2289
0.54843
0.3612
0.73107
0.25866
0.7551
0.64235
0.515
-0.41856
0.74078
0.49547
-0.0093842
0.77346
-0.87557
-0.024217
-6.4531
-8.1042
-4.1745
3.0792
1.6793
0.72396
0.79114
1.4873
0.82018
0.63249
1.1258
0.70116
0.79117
0.96954
0.68049
1.0069
0.81005
0.53459
0.094418
0.64457
1.2151
0.78665
-0.4739
5.5813
-11.463
1.5343
9.1533
2.5671
-0.79
2.0308
0.17556
0.2311
-0.11685
0.20642
-0.2269
0.035219
-0.088808
-0.22259
-0.096066
0.35895
-0.72407
1.8449
-0.78042
1.4379
15.194
18.162
2.6348
-3.7009
-6.5635
-0.95558
2.0587
-0.59164
2.8277
3.8439
-2.1937
-2.3348
3.5582
-9.6264
-3.7801
-0.70114
2.7107
-1.8898
4.7125
-6.1207
-1.8376
-2.4548
0.2604
0.51615
0.78622
-0.03601
0.64452
0.16874
0.46756
1.1916
-0.43617
0.30331
-0.0018903
0.31594
-0.48402
0.86792
3.891
-2.9332
-7.6583
2.0641
9.625
0.43029
0.2235
-0.10594
0.11909
0.57849
0.36179
0.95259
-0.2363
0.083854
0.1627
0.80652
0.388
0.20489
-0.10788
-0.54435
-0.19396
0.53202
-0.39273
0.10031
-1.5372
-1.073
1.8643
6.6039
2.8759
-0.95726
-1.0671
1.3625
-1.0229
-0.56703
-0.53979
-0.47677
-0.31473
-0.57423
-0.36301
-0.41112
-0.1522
0.63162
-0.971
-0.25763
-0.188
0.23358
-1.6596
0.60098
-0.45568
0.15959
-2.1938
4.4679
-1.1183
-4.5957
-5.0748
3.7098
-0.37569
-2.5904
-6.5056
-8.9679
-1.6076
2.9674
2.5597
-4.5008
2.506
0.56961
-10.354
6.3516
5.1161
-1.794
-2.2349
3.2106
-0.1422
0.37259
0.21471
-0.13093
0.80033
0.021295
0.34737
0.31251
-0.079561
0.57876
2.7377
-2.8298
1.0006
-0.64133
-0.57238
0.35076
0.33332
2.0403
2.0755
-2.7826
0.43117
0.0022934
0.42117
-0.32784
0.29225
0.27845
-0.086697
0.20261
0.28699
0.063402
-0.045986
0.3966
0.53561
0.1676
-0.082882
-1.4196
-5.998
-8.4454
6.9598
0.65775
-0.00042338
0.28017
-0.55837
0.51628
1.3179
0.36369
0.17553
0.053416
0.25028
0.42259
0.19095
-0.86442
0.12264
0.092842
0.14192
1.1707
-0.39986
0.33263
-2.4368
-1.4836
2.3987
-2.6656
0.76977
12.275
-5.6226
-2.0192
-3.4635
-2.2701
-0.32199
-1.9745
-0.085271
5.308
1.6907
-0.84769
-0.65809
3.2915
-1.4337
-6.3957
-1.3104
2.1615
0.22712
0.67806
1.2175
0.59851
0.83788
-0.28462
0.39123
0.11562
0.76483
0.060748
0.55243
0.6403
0.07779
0.92069
1.2286
1.1021
-1.6153
1.2484
0.2303
0.22464
0.29172
-0.51778
0.021455
0.28433
0.083872
0.77152
-0.60587
0.38135
0.02591
0.0023439
0.294
-0.081949
-0.025772
0.40448
0.11138
0.22017
0.022445
0.1157
-0.60746
-0.25519
-5.5472
-10.882
-2.389
3.3326
3.9187
-1.8911
1.734
0.30193
0.52169
-0.23892
1.0107
0.28244
0.32757
0.32951
0.32855
0.35089
0.87794
-0.63498
0.87813
0.18693
-0.17048
-0.62434
1.3814
0.52486
-0.24984
-2.6499
-1.7378
3.0244
9.2411
0.62126
-3.0426
-3.7696
-2.1869
-10.78
3.6195
1.444
3.561
1.9698
-0.16006
-0.3921
-0.62851
0.52159
-2.3932
4.9326
1.8838
-0.30689
-1.0658
1.3361
-1.0179
-0.030329
-0.082395
-0.31936
-0.14509
0.98926
-0.28595
0.043604
0.059072
-0.59096
0.46964
-0.46714
-1.8866
1.2294
0.98807
1.3967
0.72319
0.28731
-0.64492
-0.3962
-0.15502
0.24747
-0.24124
0.24371
-0.31596
0.39933
-0.28672
-0.61945
0.5805
0.19339
-0.26294
-0.16143
-0.12551
0.15582
-0.045877
-0.12896
0.21495
-0.44169
-0.89907
-0.85357
-9.2611
-2.9953
15.799
4.503
0.94456
-0.65856
-0.14506
0.13293
0.11986
-0.27197
-0.21302
-0.12588
-0.17785
0.15357
-0.36214
0.054011
1.3795
-0.31599
-0.172
-0.16252
-0.34631
-0.64443
-0.58514
0.56512
-2.4748
-2.168
1.055
3.7637
2.9358
-3.5442
-2.0923
4.6282
5.4914
-5.3962
-6.5853
-5.2229
5.0693
-0.51471
4.3598
0.89654
-0.64505
2.8192
-3.238
3.8938
-0.053829
1.0832
0.66968
0.72592
1.0005
0.31768
0.76943
1.4792
0.27359
0.71816
0.33472
-0.42042
-0.074282
0.81595
0.3545
-0.36789
2.7631
-1.0598
2.2586
-0.47429
-0.22751
-0.95512
0.58864
0.28364
0.41724
0.81625
-0.85196
0.50022
0.60819
0.30934
0.12299
0.53999
0.066966
0.040858
0.24753
0.060206
0.31143
0.092638
0.029817
0.50446
-0.86658
-1.1979
-1.0471
-3.6906
8.4575
4.7055
3.4836
-0.55773
-1.1418
-0.04121
0.32709
-0.94893
-0.30013
-0.30454
-0.65562
-0.1881
0.26954
0.20032
-2.0815
1.5874
-0.49788
-0.58868
0.16979
-0.40092
0.524
-0.8833
-2.4757
-4.9571
-2.0484
4.5808
2.238
-1.3714
-0.99377
0.68124
2.7994
-3.7647
-11.3
-4.9746
0.4058
6.8504
1.4963
-2.1942
7.9254
-1.6686
1.0673
-1.2239
1.3861
-1.6711
1.1344
1.1125
-0.016905
0.046767
1.3026
0.37713
1.1098
0.84973
0.073885
0.3046
0.71221
0.23642
0.43752
-0.76115
1.753
-0.70951
-1.2048
2.8768
-0.84626
1.0885
-0.058049
1.1209
0.28325
0.24066
0.14783
0.40583
0.1935
0.095458
-0.1415
-0.016386
0.71658
0.028128
0.0074008
0.71789
-0.59206
-0.29321
0.44573
-0.057587
0.17881
0.1258
-3.394
-8.3167
-5.2341
13.17
4.1485
2.0384
-0.60044
0.44027
0.49658
0.13587
-0.085409
-0.1547
0.17087
0.17058
0.25561
-0.17455
0.3123
0.077144
0.43348
-0.031111
-0.36148
-0.41415
0.037905
-0.34549
-2.4943
-4.2671
-4.1056
4.1563
3.7296
5.5817
-4.2094
3.8416
7.9999
-0.55377
-2.6425
-6.7651
-1.5987
3.1491
5.7623
5.3981
10.672
-5.0858
4.5833
-2.4352
0.74048
0.70762
-0.37373
0.37183
-0.03002
0.0065389
0.39931
-0.91439
-0.35882
0.62093
0.7194
-0.093798
0.38809
-0.52299
-0.19964
-0.16127
-1.0499
2.478
0.23733
1.3774
0.60924
-0.11336
1.8049
-2.7079
1.3669
-0.43706
0.57684
-1.1401
0.43892
-0.012557
0.24122
-0.039291
-0.25011
-0.063176
0.27136
-0.46085
0.21958
-0.26509
0.005509
-0.008539
0.15113
-0.61907
-1.146
-5.9565
-1.5206
0.27767
4.7335
8.2202
2.0155
-0.80393
-0.80713
1.0936
-0.54013
0.10851
-0.83803
-0.3097
0.83577
-0.74625
1.0318
-0.053762
-0.37572
-0.27527
-0.66986
0.81103
-0.74115
-0.23106
-0.025996
-1.6278
-4.3068
-0.73827
1.8235
4.1972
1.347
-0.56729
2.2467
0.075647
-0.060607
2.2315
-1.2525
5.6802
1.045
-4.0997
1.7536
0.84581
2.5097
2.9423
-2.6809
2.0192
-0.083497
-0.47681
0.52363
-0.53315
0.068781
-0.9192
0.49239
0.38795
-0.003366
-0.32713
0.29447
-0.24466
-0.33498
-0.52307
-0.058775
1.8122
0.56803
-1.6552
0.78458
-0.6035
0.45311
1.1843
1.408
-1.0326
0.099537
-0.8521
-0.23068
-0.29042
0.015947
-0.38451
0.22653
-0.8755
-0.053992
-0.60919
0.086168
-0.028124
-0.28826
0.29281
-0.36809
-1.9023
-7.5591
-9.1786
-1.6268
10.989
5.102
7.9095
0.095279
-0.81649
0.23341
0.52287
-0.40675
0.10038
-0.081089
-0.30646
0.17825
0.2084
-0.16016
-1.9094
1.7251
-0.19501
0.042996
0.39026
-0.9576
0.16305
-1.2352
-6.1508
-2.4384
-1.2293
1.518
-0.66433
4.7306
0.151
0.67069
3.4583
-1.2166
-2.1063
-8.1858
-2.0257
-3.4381
-1.4807
6.8154
-6.3692
5.1921
-3.6231
3.0676
0.53428
0.1477
0.65162
1.0359
-0.033093
1.2188
0.37569
0.08759
2.4994
1.1108
0.48165
0.41846
0.56864
0.5189
0.51578
-0.36787
1.187
-0.6257
-1.0577
2.5156
1.5815
1.7842
-1.2638
0.75087
0.41836
0.12871
-0.67943
0.18566
0.70408
0.67034
0.96255
0.25767
0.047209
0.19936
0.19171
-0.56412
0.71147
0.11462
0.30028
0.33933
0.25664
0.12956
0.17641
0.15845
-0.52553
-1.3495
-4.886
-3.1633
1.7789
5.0308
0.87876
-0.1117
1.0549
0.7617
-0.65435
0.69098
0.28212
-0.02135
0.50297
0.11962
0.42508
0.91405
-0.19222
1.842
-0.3919
-0.51603
1.375
-0.3676
0.36189
-0.026417
-3.9322
-5.375
6.3004
3.4093
2.8122
0.65193
4.356
0.80171
-1.5042
3.4896
2.0309
-0.54742
0.0043929
-1.0838
2.4383
-1.0726
2.9898
4.3704
-3.1303
3.6199
3.1985
0.086546
4.8725
-2.8228
1.9887
-0.37239
0.026897
-0.36556
-0.74585
-0.43905
-1.5099
1.2471
1.0518
-1.2818
1.298
-1.0016
-0.19177
-0.25757
0.080056
-2.079
1.3611
1.2781
-1.4249
2.8116
-0.97052
0.34205
-2.174
1.0064
-0.11443
-0.32992
0.58083
-1.5434
0.40038
-0.25302
-0.11862
0.31043
-0.5207
0.38825
-0.31602
0.74131
0.068209
-0.41685
0.30804
0.10225
0.059594
-0.022644
-0.15502
0.4814
-1.477
-4.4399
-7.0993
-0.69728
6.2102
6.6878
7.8297
-0.27572
-1.2326
-0.15477
0.19101
-0.82939
-0.47624
-0.36642
-0.098098
-0.067906
0.47411
-2.6261
2.3965
-0.72298
-0.1163
0.24971
-0.61219
0.28872
-1.0172
-4.0468
-2.8577
-0.30924
0.42676
6.9897
1.0479
1.3683
1.7332
2.0731
-2.8592
-7.6474
-4.4524
-0.87666
2.218
2.7338
-1.891
0.42782
0.77258
2.2129
-3.5199
-2.1275
0.46962
2.0143
-2.2221
1.2474
-1.2933
0.023559
0.090688
1.1761
0.52485
0.21242
-0.10237
0.038427
0.02837
0.31406
-0.79358
-0.99192
-0.52965
-1.017
1.8264
0.0011759
0.85134
1.4192
-3.1082
-0.47786
0.61062
0.38088
-0.26149
0.59817
0.14497
0.024978
-0.33201
0.039743
-0.2022
0.2356
0.038753
0.50845
-0.15505
0.18735
-0.91736
-1.5161
-9.1465
-6.4243
4.4902
1.484
5.4745
9.0468
2.9451
2.7836
0.68515
0.33314
-0.79435
-0.16174
-0.50307
-0.27664
0.24508
-0.25585
-0.13303
-0.12201
-0.41187
1.8644
-0.95737
-1.0225
-0.7836
0.25048
-3.9521
-5.1716
-3.2119
6.223
-2.8638
-0.44232
1.071
-2.7315
-4.3171
-4.0466
-6.5303
1.2834
3.6278
-2.1939
2.8603
5.6547
0.53683
2.3283
8.0356
-3.6321
5.0403
-0.7723
-0.25655
-0.66133
0.60874
0.46138
-0.23245
0.39387
-0.63629
0.098707
1.2664
0.27484
0.010791
-0.01403
0.2163
-0.03556
0.044784
-1.0264
0.79186
2.4934
0.2989
0.97431
-2.9061
1.6562
-0.40619
0.061205
-0.31918
0.26199
0.017132
0.072162
0.11988
-0.52681
0.82383
-0.085003
0.039892
0.24055
-0.17567
0.63412
0.2712
-0.10866
-0.042154
-0.64838
-0.84867
-4.3087
-7.4638
1.172
6.0803
9.7635
-2.7477
1.2462
2.0315
-3.0357
-0.56125
0.10246
0.7095
-0.29764
0.21322
-0.051562
0.21882
1.4042
-2.5435
2.7871
-0.70358
-0.75653
1.4199
-1.4449
0.069832
0.13969
-2.2129
-1.2927
-0.78471
4.5272
-0.56631
-0.8328
-1.8101
-4.5255
-2.957
6.3589
5.2862
-4.9333
4.1926
1.7039
-3.8208
3.9697
4.6522
0.067113
-2.5586
-0.89085
0.1231
0.18398
0.12661
0.78943
-0.65005
-0.048398
-0.57712
0.0012328
1.1637
0.93887
-0.94308
0.24093
-0.35972
-0.28123
0.08909
-1.1225
0.15252
-1.5111
0.27948
-0.27099
0.78762
-0.045072
0.6295
-0.59821
0.35739
-0.060762
-0.11127
-0.064665
0.20462
0.069427
-0.3168
0.38506
-0.0071984
-0.29502
0.0050467
-0.046273
-0.035255
-0.096527
-0.12834
0.18931
-1.3451
-4.6261
-7.8913
-4.7334
10.358
9.8399
3.1365
-0.81308
-0.14247
-0.24767
-0.038839
0.16233
-0.43899
-0.22492
0.037711
-0.11639
0.079846
0.77186
2.1956
-1.292
-0.2152
-1.0612
-6.054
-6.4417
-5.4232
-0.06864
5.2743
0.81057
-2.9355
2.8224
-1.1821
-4.4134
-4.8597
-1.6886
6.5031
-2.2356
7.2974
7.5484
-1.1459
-0.57445
-0.60165
0.4964
-2.0326
-2.1207
4.9616
4.784
-1.1562
0.084922
0.14027
0.39844
-0.52408
0.70506
-0.41704
0.7851
-0.22589
2.2235
0.004046
0.55021
-0.27063
0.3996
0.29699
-1.7544
-2.2254
1.3625
0.98031
-1.4997
1.4758
-0.69488
0.93999
0.092883
-0.16389
0.40071
0.46575
0.38873
0.50867
0.82529
-0.19811
0.78635
-0.26307
0.43405
0.27982
0.31086
0.35393
0.10461
0.037589
-0.37641
-0.34339
-3.8716
-5.8258
1.4608
3.7971
8.912
0.18612
-0.20365
0.054265
-0.2505
-0.077737
-0.092055
-0.30724
-0.066022
-0.19419
-1.589
-0.27259
-0.59694
0.8006
-1.0062
-1.3842
-1.558
-3.4144
-2.0664
4.0359
1.7101
0.96507
-1.7573
-1.4845
3.4498
-1.4086
-5.2846
-4.9833
-5.6884
3.4702
1.4113
-1.383
1.9593
0.25493
-0.6884
3.6356
1.48
3.3822
1.9019
-0.14979
-0.91299
1.0467
-0.72648
0.38238
0.98046
0.7491
-0.34965
-0.068731
0.11057
0.19349
-0.52107
0.85298
2.9851
5.4179
4.1386
-0.37193
-5.0734
-6.0951
3.2627
-0.55098
0.50824
-0.33458
0.11985
0.11401
0.31606
-0.63605
2.4939
0.21594
-0.016156
0.3866
0.2259
-0.36471
-0.10944
0.14548
0.069128
-0.010385
0.26085
0.18835
-0.63534
-0.38461
-1.4066
-9.7357
8.9908
10.49
-4.3487
1.7196
2.3393
-1.8717
-0.39207
0.12338
-0.035765
-0.11769
-0.45735
0.29618
-2.222
1.5007
-0.19116
-0.064014
0.54416
-1.6404
2.0593
-3.9004
-0.47324
1.2287
7.7054
-4.9117
-0.031972
0.9985
6.215
-1.9813
-0.2756
3.2166
-3.1666
-1.116
-7.3791
-10.671
-4.1042
0.6034
1.7977
-4.8082
8.1055
8.2507
-2.5409
-0.68127
2.6964
-0.23358
0.0080934
0.54931
-0.29372
-0.21954
0.40211
0.19087
-0.14577
-0.061133
0.17228
0.18001
0.053091
0.11595
0.95362
0.90242
-2.2096
1.5626
-0.47707
-4.0313
-3.8015
0.014634
0.24475
1.0147
-0.31247
-0.30414
0.46308
0.27736
0.26806
0.16838
-0.029949
0.031654
0.081986
0.38893
0.25616
0.2761
0.060477
0.4339
0.27481
0.10008
0.14574
0.024153
-5.9483
-6.3903
5.0122
10.701
6.549
1.1652
-1.5815
0.66181
-0.75405
-0.048283
-0.33521
-0.47586
-0.23319
-0.18462
-0.066466
-0.1639
0.36634
-2.3926
0.074607
-0.4909
-1.0006
-0.52496
-0.015888
-4.8486
1.16
5.3376
-4.5803
0.37457
-0.25232
1.2846
1.6326
-1.1931
3.1635
3.2512
1.5504
-2.5746
-6.6671
-1.7085
1.8276
0.33881
2.0247
2.7343
-2.0657
12.316
3.7607
-3.2925
6.1757
-0.64311
-1.1086
1.1822
1.1354
-1.648
-2.9712
-0.6366
0.78015
0.16848
-0.19203
-0.95748
-0.7537
0.18017
0.76943
6.6342
8.8923
0.94504
-12.28
-11.233
3.3219
0.27608
-0.45246
-0.13032
0.46238
-0.52876
0.056095
-0.31714
-0.2322
-0.064796
-0.22742
-0.22666
-0.42187
0.094758
-0.20542
0.015433
-0.63031
-3.6913
-8.77
-6.6889
-2.9226
7.8309
5.0687
6.1867
-3.0295
-0.93684
1.8052
-0.7378
0.16041
-0.35885
-0.1993
-1.1523
0.44705
-0.19876
-0.082751
-1.8747
0.78906
0.39458
0.033139
0.72383
-1.0992
-1.4494
-0.8999
-0.96291
1.4077
0.53422
-1.7239
-6.51
1.7919
4.8117
3.3721
1.0178
-2.8117
-1.6024
-4.6906
0.56069
-1.0186
1.2676
0.0058988
1.1466
5.9525
-1.8711
-3.8721
8.6498
1.7415
-2.5535
2.1189
-1.3955
-2.5088
1.7941
-0.61016
-0.27963
-2.1192
0.70788
1.7602
-1.5905
-2.1019
1.1533
0.14006
-0.18168
0.47485
5.74
6.7524
-1.7733
-3.8097
-10.447
5.8318
-2.1516
0.87017
0.66433
-0.5234
0.24983
0.55206
-0.23251
-0.062055
-0.37908
-0.19916
0.50174
0.18036
0.051516
0.16366
0.029782
-0.52412
-0.063124
-1.5896
-1.901
-6.6429
-0.20929
2.3227
2.2827
6.5041
0.29998
-2.1364
-2.056
-1.9603
-0.34518
0.22051
0.37848
0.061179
0.059676
0.0042054
0.06008
0.097374
1.3001
-2.0204
-0.47079
0.60031
-0.88744
-0.80615
0.61661
1.2669
-1.1107
1.2159
-3.1876
0.14891
-1.114
2.5341
0.75587
3.2232
1.8241
2.6233
2.1982
1.6941
-6.3295
-1.4618
0.48615
0.86556
-0.91549
1.3973
-2.0181
6.6755
0.75967
4.7147
-0.3551
2.0325
-1.9746
0.44962
1.2622
0.7532
-3.2281
-1.7678
1.301
-0.13822
-1.8822
1.5774
-0.99777
-0.95362
0.43646
1.5149
1.8013
9.239
-3.4466
-10.42
-6.9219
-2.1405
0.48394
0.90284
0.92142
-0.59783
0.90454
-0.25826
-0.0058874
0.45701
-0.438
0.21311
0.33064
-0.060176
0.49281
0.31739
0.34585
0.07634
0.20047
0.16213
0.41397
-0.39973
-0.89984
-1.3993
-7.7152
1.7785
2.3803
3.7688
4.5863
-3.611
-0.024482
2.3765
0.21611
0.018993
-0.43041
0.06752
-0.22594
-0.1304
-0.24437
-0.1439
-0.27634
-1.2865
1.2575
-0.98472
-0.33758
0.48638
0.9366
-0.52582
0.83229
-0.93049
-2.2778
-1.7503
-3.2967
0.025948
3.667
4.6967
3.3503
2.1776
2.853
1.8568
-3.7229
-4.3226
-1.36
-1.7477
0.24421
0.16529
2.2494
-0.40403
-1.6284
-6.7398
-0.63934
8.3508
-10.101
-0.21335
4.8523
1.5126
-0.61514
-1.0466
-0.46096
1.9103
-0.96685
-1.6935
0.61093
-0.58393
0.18258
5.5666
3.6781
1.4188
0.61036
-10.41
-2.6538
4.2826
-0.065012
0.5634
-1.2754
0.97123
-0.34663
0.44913
-0.26711
-0.46133
-0.12403
-0.062172
0.0094657
-0.28733
-0.17111
0.2065
0.13429
0.0038826
-0.42725
-0.091066
-2.4063
-3.0883
0.22139
1.2679
2.5263
0.16363
-1.6191
0.53015
-0.3298
0.053358
-0.28317
0.13829
-0.15399
0.28567
0.13908
-0.26357
0.99896
1.5747
-0.69911
0.024913
-0.88681
-0.55048
-0.15056
1.5416
-0.61039
0.14238
-2.6708
-0.82666
-2.3607
0.60862
0.73552
2.3097
2.2344
-0.01926
1.874
1.7849
-1.006
-1.5625
-1.1278
-1.0581
-0.4115
-0.061554
-11.933
7.8317
3.7005
0.060783
0.97976
-0.22473
-1.6131
1.6513
0.95354
0.30771
-0.27537
-0.6518
0.66962
0.66787
-0.18467
0.36683
-0.24589
1.6963
2.4586
2.4869
-5.3507
5.3229
-1.5367
0.39261
-0.70528
-0.75962
0.79757
-1.6526
-0.25126
-0.045598
-0.010982
0.054472
0.052595
-0.43625
0.37247
0.10457
-0.23834
0.060271
-0.1151
-0.099069
-0.25145
-0.64689
-1.4055
-0.51883
2.1491
1.5064
0.88041
-3.5048
-0.76647
-0.17799
0.11579
-0.40998
0.019448
-0.1787
0.16499
-0.27242
-0.24563
0.65978
-2.1273
1.4573
-0.19913
0.58671
-0.5388
1.6966
-0.20829
-0.37734
0.30069
-3.7442
-1.2333
-1.9534
-0.046478
6.241
4.1396
1.8162
0.31165
2.6507
-0.6095
0.14145
-0.011169
-1.905
-0.40397
-0.8349
-5.2747
-6.6927
-3.2711
-2.8437
-0.23428
0.98082
0.84676
-0.098031
0.19287
0.66679
0.92525
-0.62631
0.25596
0.31346
-0.31249
-0.06254
-0.616
1.1676
-1.0707
-1.3345
-0.2917
0.74828
-2.3664
4.6929
0.2229
0.74176
-1.1826
-0.66901
0.61207
-0.96143
1.2995
-1.2126
0.84671
0.42751
-0.0072323
0.10086
0.10263
0.23383
-0.23792
0.30747
-0.17771
0.20224
-0.17533
0.47833
2.277
-2.6545
-3.3302
0.42231
-0.36645
0.11803
0.057277
-0.26639
0.11627
0.10076
0.001321
0.40275
-0.25444
0.65711
0.92615
-0.59836
0.90446
1.364
-0.86613
-0.10822
2.1768
0.17381
-1.1908
-3.7714
0.034059
-2.7165
-1.959
3.5704
2.5647
3.6638
1.0096
2.3849
1.0665
-0.59246
-1.3417
-2.7733
-0.76896
-3.5959
3.3526
-7.7832
3.3164
2.102
3.7074
-1.2097
-1.2527
-1.1543
0.70561
-0.33856
0.078938
0.28009
-0.20583
-0.064002
1.2879
-2.5561
0.097386
-0.22262
0.51271
1.8273
0.18549
2.0896
-1.4026
-1.3187
0.050193
0.45878
-0.64569
0.38191
-0.57655
0.22747
-0.58641
0.34869
-0.16026
0.027075
-0.5933
0.10601
-0.34515
0.046215
-0.38841
-0.17117
-0.25134
-0.37259
-0.057809
-0.96944
-0.037423
2.84
-1.8937
1.1527
0.4113
-0.012208
-0.50632
-0.23564
0.22278
-0.16751
-0.095196
-0.16954
-0.0634
0.61116
-2.1722
-0.49078
-0.13035
0.79106
0.011688
-1.0056
1.7361
-0.24354
-2.2118
-3.3549
0.42132
-8.1786
1.4052
2.336
-0.5711
3.5177
-3.3606
4.6974
-2.2012
-0.024697
0.34551
0.58282
-0.020485
-1.2506
-0.23481
6.8832
1.086
2.2326
-1.7482
1.4362
-1.6994
1.9678
-0.64596
0.3923
-0.30611
0.76505
0.12651
-0.15572
0.27092
0.0085661
0.30545
-0.37323
0.70533
0.31696
-0.67654
-0.16918
1.7589
-0.083558
0.14982
1.5525
0.40626
0.15792
-0.10885
0.0028337
0.20947
0.11002
-0.10668
0.50343
-0.20866
0.16094
0.12006
0.10082
0.29528
0.10513
0.16436
-0.18319
0.038434
0.40536
-0.3698
0.35177
-0.82675
0.44547
-0.73253
0.20388
-1.0134
-0.42403
0.48136
-0.10966
0.15847
-0.010226
0.1665
0.032053
0.25325
-0.26442
0.28189
0.17901
-0.17326
-0.29895
0.56532
1.0909
0.071075
-0.8934
-0.047162
-1.1829
-3.1486
-1.1474
-7.5538
-6.1242
-7.3627
-1.9751
-0.37606
-0.017332
3.1441
3.8017
5.6098
2.4925
-0.041102
1.6774
4.7429
-0.34633
2.8573
-11.569
5.283
-1.4949
-1.159
2.5304
-1.7837
0.22054
0.84629
-0.65941
0.64056
-0.12749
0.43235
0.24643
-0.41549
0.06845
-0.045535
0.35415
0.69195
-0.43073
0.41655
-0.23614
0.79235
-1.199
0.76148
0.44591
-0.215
-0.43313
-0.15357
-0.3189
0.28769
0.01692
-0.53517
0.41288
-0.085582
0.20254
-0.12247
0.19218
0.215
-0.17544
0.15823
-0.023028
0.0047788
-0.055804
0.31211
0.082453
0.068969
-2.1012
1.6394
1.3807
-0.50092
-0.47488
0.26874
-0.0095947
0.1262
0.15484
-0.12993
-0.12316
0.081051
-0.095098
0.14938
-0.017533
-0.029529
0.35076
-1.5632
-0.93967
0.8265
-1.1891
0.45565
0.69925
-0.81869
-0.46334
-2.3764
-3.3521
-7.8158
-5.2251
-8.1428
-1.8003
2.1167
1.6153
8.5461
4.0371
4.8373
0.0051017
0.47042
-0.46439
2.8877
7.2823
-2.2418
-0.2564
-0.2112
-0.4134
0.54002
-3.1712
0.20098
1.2033
0.64601
-1.4719
0.7218
-0.64295
-0.38978
-0.09528
0.55134
-2.105
-0.38125
1.7227
0.81711
-1.7781
0.72177
1.8433
-1.532
0.16859
-0.47537
-0.2676
-0.081111
-0.37541
-0.079494
0.1187
-0.052943
-0.4617
-0.11321
-0.16101
0.091591
-0.13908
-0.071084
0.26944
-0.22929
-0.2478
-0.032498
-0.083455
-0.8126
0.71314
-0.19692
-0.27598
-0.22067
-0.10312
0.054634
0.39574
-0.18201
-0.14046
-0.11065
-0.29214
0.19309
-0.24891
0.18132
-0.70477
0.37399
0.31304
0.99678
-0.79943
1.4091
0.055056
-2.0085
-0.69624
-5.8305
-9.4964
-4.9442
-9.8617
-4.9884
-0.62747
0.80614
2.8434
3.1461
1.663
1.5782
0.87283
0.65078
2.3708
1.9998
8.6905
4.8622
-2.2528
-1.6534
2.3389
-1.4969
-1.0115
-0.78411
0.27052
-0.0053291
-0.37392
0.35919
-0.20726
0.12563
0.020181
0.40822
1.1096
-1.7723
-0.3619
0.15994
1.0037
-0.43299
-0.006304
-0.39129
-0.088721
0.21939
0.363
-0.20719
0.1133
0.32925
0.10638
-0.16699
-0.32239
0.20862
0.091294
0.44053
-0.325
0.0328
-0.086643
-0.31137
0.26944
-0.18803
0.13121
-0.025117
-0.083547
0.36483
-1.0166
1.4449
0.17292
0.60864
0.18113
-0.16286
-0.0028631
0.11328
-0.075422
-0.23644
-0.073255
0.30232
-0.91911
-0.91543
0.46278
-0.4047
-0.025152
-0.07202
-1.7352
1.6198
-4.2596
-5.9752
-7.6124
-11.4
-1.2132
-3.2852
-5.1208
2.5585
5.0707
3.1869
5.7843
8.0647
8.125
-2.1983
-2.053
-1.4813
4.3973
-5.8034
-0.83834
-0.16231
0.94739
-0.83322
-0.80242
0.12838
0.42951
0.56518
-0.38142
1.1375
-0.40489
0.28873
-0.0080666
0.17865
0.47853
0.5268
0.3581
0.20227
0.082118
-0.74628
0.3479
-1.391
0.97042
-0.23017
2.7158
1.5855
-0.7884
0.24518
0.11626
0.0059598
0.054525
0.083456
0.33782
0.25496
-0.20441
-0.49013
0.86552
-0.066695
0.0063904
0.10784
0.13741
-0.12568
0.16704
0.09823
-0.03568
-0.051142
-0.16534
0.14219
-0.50836
1.9978
0.16898
-1.3447
-0.80353
0.5852
-0.2662
0.33889
-0.22799
0.043987
0.25358
-0.0086209
-0.25654
0.33823
-0.25157
-0.13478
-1.4503
2.2184
-0.37167
0.678
-0.24482
1.4141
-1.1155
-0.85586
-2.4033
-6.9646
-5.4226
-11.088
-9.7185
-0.71185
-4.3506
0.96973
5.7179
8.0486
11.462
3.9729
12.668
-1.3545
2.9512
1.7645
-0.8658
0.35677
5.3133
-5.2821
2.6185
-1.7911
1.0194
-0.37233
0.25375
1.3817
-0.979
1.0918
-0.14824
0.086508
-0.74202
0.43763
-0.21171
-0.24085
0.0027191
-0.15322
0.24431
0.082448
0.70774
-2.2123
0.099334
-0.13325
0.47157
1.1768
2.058
-1.782
0.28526
-0.79174
-0.10703
-0.42077
-0.63647
-0.39975
0.04563
0.048536
-1.4188
-0.080221
0.27037
-0.12764
0.14007
-0.259
0.07771
-0.41733
-0.13279
0.27271
-0.38233
0.055593
-0.31083
-0.46117
0.60128
0.43695
-0.42941
-0.03265
0.07362
0.14841
0.028758
-0.048261
-0.57244
0.24808
-0.049522
-0.056199
-0.10735
-0.08662
0.62297
-0.21399
1.4293
-0.32092
-0.41363
-0.068363
2.072
-1.5482
-0.97348
-3.5772
-7.4255
-7.7332
-6.0799
-7.0953
-3.9496
0.54445
3.4602
-0.2595
8.4981
9.1318
13.09
5.4446
1.5408
2.8365
2.5579
0.44685
-1.0106
-2.0745
-1.4796
-0.023853
-0.99895
-2.2737
0.31925
-0.044782
-0.78963
-0.64137
-0.24686
-0.37921
-0.27715
-1.2244
-0.13341
-0.52831
-0.29051
-0.24041
-0.2399
-2.6442
-0.61798
-1.9498
1.9196
0.34339
0.62617
-1.2772
-0.22071
-0.31257
-0.28903
0.0035185
-0.26409
-0.14623
0.040283
0.059247
0.05735
-0.058857
-0.35899
0.048358
-0.22194
-0.11452
-0.033743
-0.094856
0.064935
-0.23022
0.05362
0.0005911
-1.1251
2.0457
1.0495
-1.8727
0.15144
-0.46795
-0.010354
-0.016724
-0.14973
0.076059
0.32221
-0.16614
0.010208
-0.13188
0.033147
-0.2402
1.9247
0.48661
-1.1296
0.70484
-0.32588
-1.9875
1.5028
-2.4714
-4.7196
-13.402
-5.7024
-9.7882
-3.5644
-6.7707
1.733
3.2659
10.569
-0.42845
2.1591
0.83615
-0.32349
2.169
15.223
-6.8734
4.1156
-1.081
0.77824
0.59584
0.66025
0.77826
-0.25557
0.69625
-0.93315
-0.49197
0.85964
-0.40202
-0.43485
0.10646
0.08187
0.31026
0.98934
-1.8523
0.40465
0.14384
0.93647
-0.89732
-0.25478
-0.91131
0.38904
0.073008
0.14322
-0.17417
0.15826
0.40584
-0.16776
0.65638
-0.51344
0.4998
0.60559
-0.25054
0.55087
-0.59579
-0.38772
0.53416
-0.43341
0.15765
-0.011892
0.19222
0.0093774
0.18133
-1.0395
-0.74937
1.008
-0.33408
-0.11486
0.037888
-0.3957
0.40719
-0.30192
0.56974
0.17771
0.011702
0.29085
-2.2449
1.9359
-0.28784
-0.58245
-0.3709
1.5965
-2.4029
-0.45721
-2.0647
-3.1055
-9.0451
-5.5853
-8.5904
-5.0871
1.8555
1.5365
0.22026
6.2324
7.9805
6.3765
6.5798
0.97941
-0.019735
0.54132
5.3183
21.168
3.2887
-1.7647
0.25871
-0.27273
-0.7737
-0.086351
-0.40496
-0.30879
0.083114
0.5049
-0.32937
-0.63553
-0.68563
-0.15651
0.55026
0.31295
0.31891
-0.62335
0.62565
-0.27268
-1.2589
0.17046
-0.30768
-0.2381
-0.076533
0.095883
-0.41618
0.14143
0.4395
-0.77908
0.51298
0.40947
-0.85375
0.43289
0.14378
0.10269
-0.1946
0.07092
-0.039893
-0.21699
-0.16592
-0.3219
0.052937
-0.28714
-1.8211
2.112
1.1848
-1.9425
1.171
-1.2002
0.26423
0.024513
-0.013447
-0.14321
0.05336
0.019875
0.088581
0.08936
1.2494
0.50851
-1.3548
0.7245
1.1824
-2.5225
0.89587
-0.48653
-5.1959
-7.2954
-9.704
-6.4397
-2.8891
-4.712
-1.6374
4.5086
5.6706
5.3384
3.3237
5.8589
3.3956
1.9342
-0.57377
-0.54334
-1.388
-0.45433
7.3117
0.66705
-1.8012
1.7438
0.28002
-0.26471
-0.6678
0.033407
-0.26948
-0.31356
-0.013073
-0.69886
-0.54078
0.32857
-0.32426
-0.68502
0.94413
-2.3148
-1.3902
1.9381
1.0537
-0.90424
1.5481
-1.4309
-0.34298
-0.1582
0.10037
-0.42108
-0.34932
-0.36611
-0.38578
0.59236
0.27632
-0.20331
-0.035241
-0.069276
-0.1367
-0.20413
0.036323
-0.15163
-0.47079
0.14229
-0.036611
-0.98685
0.94583
1.5344
-1.965
1.005
-0.011058
-0.26939
-0.021948
0.17148
-0.016742
-0.15485
-0.27183
0.33448
0.21947
-0.2747
0.18942
-1.6218
2.0662
-1.1349
0.09191
0.62112
1.3885
-2.6913
0.13
-3.4887
-7.1528
-6.715
-7.728
-4.4651
-0.89898
-1.8476
3.0249
3.667
6.7546
8.2907
5.5703
3.0422
-1.1263
-2.1303
1.2251
6.7515
1.5787
-2.1901
-0.26736
0.36625
-0.39673
-1.7691
-0.35161
-0.44419
-0.53808
-0.31691
0.21589
-0.72014
-1.077
0.49117
-0.58738
0.16666
-0.073849
-0.44478
0.43207
-0.80466
-1.6919
0.10115
0.18791
-2.4219
0.06748
0.37682
-0.74924
0.04601
0.13969
-0.42122
-0.50717
0.79045
-0.95616
-0.41409
0.051663
0.015544
0.076774
0.35914
-0.056282
-0.27269
-0.17218
-0.13878
-0.23749
-0.052188
-1.3874
1.0948
1.239
-1.6849
2.0069
-1.1477
-0.043672
0.025899
0.1278
-0.4499
0.36985
-0.10957
0.070406
-0.33362
-0.18334
0.17989
0.36556
-1.3413
0.55471
-1.2612
0.86034
3.1944
-1.8239
-1.121
-0.39142
-2.9057
-3.6286
-6.6047
-12.398
-2.8207
-0.091639
-3.1393
5.4702
2.9858
7.5129
8.1776
6.7326
3.5135
3.3769
-0.76015
0.45459
1.8576
1.0123
-1.3462
0.11785
0.063582
-0.43039
-1.7429
-0.004855
-0.5953
-1.1839
0.064412
0.054041
-0.78462
-0.92752
-0.51877
-0.88917
-0.26319
-0.92985
0.33473
-0.27712
-1.1144
-0.78504
-0.72126
1.3726
0.34112
-4.9122
2.1564
-0.69917
-0.63295
-0.34882
-0.407
0.19187
-0.85041
-0.39917
0.071819
-0.30482
-0.36253
-0.10922
-0.38356
0.34168
-0.79549
-0.55375
0.19409
-0.43952
-0.04675
-2.4085
1.0549
-1.8669
0.66005
1.497
-0.47425
0.78575
-0.96362
-0.35752
0.38323
0.1026
-0.096325
0.25285
-0.1416
-0.17427
-0.092924
0.016685
0.53475
0.60928
-1.0735
-0.33677
1.0286
0.18406
-1.4291
1.9981
-7.4382
-10.027
-4.0515
-3.8728
1.3664
1.661
1.5242
-0.85529
3.1856
1.5141
1.3309
0.66933
2.767
0.84241
2.3783
3.7158
-0.35179
-4.3187
-1.793
5.066
-0.20945
-2.0279
0.0076351
-0.64795
-0.88568
0.30266
-0.34308
-0.36512
-0.041885
-0.24417
-0.96941
-0.51221
0.027875
-0.14457
-0.26987
-0.79655
1.8698
1.372
1.1289
-2.2807
-1.8035
-1.8541
-1.0101
0.33892
-0.18839
-0.39665
0.017796
-0.15545
-0.29176
0.049268
-0.17259
0.11656
-0.46895
-0.26742
-0.37754
-0.25268
0.015966
-0.046144
0.087489
-0.18031
-0.080172
0.76256
-3.4888
0.47496
0.54731
-1.0422
1.0048
-0.26826
-0.12438
0.084674
-0.28254
-0.33246
0.19052
0.075005
0.024329
-0.29577
0.52165
-0.98259
0.23407
0.75267
0.40733
0.40715
-0.76202
-1.9162
1.5823
-7.9417
-3.9304
-6.0305
-1.6512
1.522
3.6494
0.99329
2.2116
0.21799
0.26297
-0.74051
1.816
4.6569
1.7694
0.89199
2.2749
6.0514
-2.6856
-11.713
1.1055
0.061596
-1.3952
-0.54387
0.28284
-0.27793
0.12715
-0.57595
0.047836
-0.072606
0.24493
-0.23282
-0.26448
-0.29926
-0.35241
0.25373
0.88157
-0.72714
0.008693
2.352
-0.4697
-2.0285
2.1049
-1.7928
1.3222
-0.68574
0.10673
0.63093
0.59741
-0.2214
0.60971
-0.49326
0.30559
-0.56837
-0.12798
-0.40885
-0.19707
0.14725
0.30035
-0.29454
-0.54098
-0.51955
0.32981
-0.049018
-1.1189
0.88887
-0.66806
6.0913
-1.9056
0.14406
0.43634
-1.6008
-0.54649
0.57037
-0.69672
0.97558
0.33466
0.13285
-0.31551
0.57671
-0.69056
0.79292
0.27888
1.484
0.18218
-0.94976
-0.031982
0.24172
-2.0239
-2.7254
-4.1669
-7.6354
0.29462
2.2565
1.1114
4.6322
3.5407
0.72074
-1.0513
0.18485
1.9551
0.10392
1.5846
1.7161
-0.10122
-4.7891
-6.4915
1.4626
0.48193
-0.47811
-2.6139
0.69924
0.21687
0.19783
-0.1183
0.021038
-0.84175
0.12641
0.072538
-0.11392
0.26993
0.42857
-0.44518
0.0079568
1.0942
2.2117
-0.89545
-2.1328
0.91758
2.0089
-1.7376
0.66184
0.32884
-0.84125
1.0828
0.63438
-0.85926
0.5669
-0.42561
0.01672
-0.099891
-0.052284
0.049912
0.96204
-1.2573
0.37823
-0.41803
0.0080656
-1.3526
3.0008
-3.0838
-4.3356
5.2548
0.10137
-3.1363
-0.19664
0.13853
-0.24924
1.0031
1.0399
-0.48819
0.52278
0.45132
-0.11641
0.56858
-0.033483
0.82599
0.65666
0.064169
-0.45655
-2.1174
-0.69243
1.3253
-2.917
-0.8797
-4.0651
-3.5228
-0.75511
-1.8757
3.7562
1.9777
6.6245
6.5925
2.7346
4.4799
0.079703
-0.053634
-2.7787
-1.1206
0.8971
5.6737
-4.5554
-8.0999
5.7571
1.4213
-0.83563
-1.4651
-0.81643
-1.2035
0.15818
-0.79424
-1.7676
-0.22977
-0.7487
-0.31695
-0.31326
-0.48167
-0.4183
-0.35241
-0.18186
-0.69211
-0.3118
-3.186
-1.2138
3.0804
-0.37965
1.275
-1.4029
-0.85013
0.73127
0.53707
-1.289
0.046676
0.77164
-0.20179
0.15598
-0.13279
-0.4
0.80804
0.48407
-0.13443
0.19367
-0.54057
-0.56883
-1.5228
-1.516
-3.7779
-11.996
7.304
8.2096
-1.518
-1.0085
1.2868
-0.35315
1.0996
-0.83071
-0.64978
0.76877
0.73564
0.067418
0.72107
-0.32352
-0.63397
0.54152
0.21171
2.1407
-1.2576
0.66077
1.0435
-1.1384
3.962
-1.683
-2.3723
-0.52503
0.43296
1.5781
1.554
0.39058
-2.3013
2.1844
1.1594
2.2252
-0.84181
-0.15963
-1.9679
1.8376
1.9616
4.0528
-0.91304
-4.7994
7.7716
1.6933
-0.83238
0.27847
-0.49297
-0.065
-0.10469
-1.059
-0.10379
0.19119
-0.74174
-0.05925
-0.35783
-0.33716
-0.23098
-0.75839
-1.406
0.7344
3.9138
-5.5496
1.0472
2.1167
-2.0867
-1.8193
0.36127
-0.29666
-0.14912
-0.49211
0.12733
0.1519
-0.10442
-0.066617
0.18277
-0.12854
-0.22678
0.18707
-0.080821
0.089724
-0.12391
0.69475
-0.81862
1.1873
-1.7842
-2.3485
9.5666
4.0609
8.5615
1.5114
0.59726
-0.56097
-1.3744
-1.0376
-0.51357
-0.56851
0.10782
0.084203
-0.99957
-0.30086
-0.95048
-0.19148
-0.35436
-1.1681
-0.033594
-1.1125
-1.7653
2.0008
-2.2652
1.8124
5.9988
0.36677
0.53668
-1.8277
-0.17474
-1.139
0.8548
-0.80434
-0.95788
-1.7659
-0.1841
-2.0638
0.63106
1.2692
3.0678
-1.3007
-3.7781
-10.507
12.712
-6.8499
-0.47773
0.40492
-1.343
0.1957
0.37003
-0.65064
1.1042
0.32307
0.38081
-0.30337
0.027557
0.12604
-0.56573
-0.34281
-0.84843
3.5364
-2.8163
-6.1002
1.2444
0.10646
8.4066
-0.92434
0.60091
-0.38666
0.99465
0.98482
-0.2602
0.89304
-0.95784
0.27843
-0.39841
0.43826
-0.34394
-0.46444
-0.083418
0.25943
-0.95878
-2.155
-4.1694
-11.189
4.4514
-6.915
9.4899
8.37
-2.6812
0.68735
0.25355
0.21778
0.09704
0.25248
-0.27054
0.5002
0.4134
0.16439
0.070874
0.60666
-0.5401
0.40864
-0.42748
1.7834
-2.3534
0.52704
-0.13388
0.080273
8.0539
1.9594
-1.9164
3.6416
-1.1365
-2.7172
1.9573
-0.49839
1.9809
-1.8076
-1.4871
-0.11877
-2.8597
-2.0812
-1.1419
-0.38367
2.7685
2.6495
3.422
2.8172
2.9735
1.2727
-7.718
1.942
5.5764
-0.24959
-3.1764
4.1285
-1.0761
0.22128
-0.086912
-0.86778
1.548
-0.56155
-1.2707
-0.38193
0.038876
-0.32069
-0.46964
-1.2401
-1.1842
3.2535
-4.4577
-3.9007
-0.1037
5.893
-0.37225
-1.9135
1.8121
-0.99791
1.0077
1.3287
-0.25718
0.9434
0.37749
0.26842
0.67884
0.69499
0.19256
0.47036
1.608
-2.1565
0.61403
0.19998
-7.2238
-7.4229
-8.0144
13.582
-4.2156
10.548
5.2473
-2.6494
1.6241
0.58517
-0.62268
0.53384
-0.33873
0.39729
0.16544
-0.070795
0.99798
0.082638
-1.3242
0.93689
0.48199
0.29394
2.2002
-2.3679
-1.0936
2.5965
-1.9771
6.4131
6.3631
1.8791
-1.3818
-0.74829
-1.204
-1.6931
-0.045701
-3.8622
-1.2274
-1.5079
0.93687
0.55748
-1.2973
-1.4037
3.9718
0.71648
3.029
1.5361
4.3347
-4.3881
5.7403
-20.488
-18.303
9.0213
2.034
-1.4697
1.9629
-1.4075
1.7458
-1.7338
1.5549
-0.51197
0.66634
0.4978
0.022323
0.08921
0.1386
-0.57492
0.64737
0.59695
0.25833
-6.4054
-4.5542
4.9089
4.4448
-0.045248
-1.0175
-0.058897
0.70284
0.47165
-0.31456
1.0295
0.69241
0.59715
0.7188
0.34202
0.20343
0.64241
0.14713
0.46228
-0.20511
0.4076
-0.46242
-0.20791
0.74616
-1.1208
-2.331
-10.021
-2.4496
18.965
-3.3635
3.7675
2.8976
8.2369
2.1128
0.81781
-0.53757
0.107
0.10683
-0.37423
-0.21873
-0.028971
0.17714
-0.37392
0.84764
0.92965
-0.89399
0.055891
1.9733
-3.5971
0.94407
0.13539
5.4395
15.922
10.304
4.6834
-9.6541
-9.4871
-5.8431
1.7273
-3.1295
1.15
1.1045
1.1203
-6.8381
-3.729
0.20338
-1.183
2.7971
1.6542
1.0128
2.5556
1.5322
-8.0725
-2.2143
-1.2867
2.1376
-5.3124
-0.76239
2.518
0.13764
0.48463
1.6363
-1.0338
1.0404
1.0598
-1.0046
-0.12307
0.68559
0.22466
-0.33927
-0.81308
-0.92234
2.7245
4.7467
-4.1034
-7.2146
-6.0549
2.7489
5.3013
-1.4009
1.4956
0.84279
0.75589
1.2729
0.58256
1.0324
0.52855
0.25333
0.33179
1.1366
0.60589
0.59255
0.18043
0.76794
1.357
-0.72786
2.543
0.31259
-0.90016
-0.8585
-11.511
-9.1775
19.909
-11.664
-11.233
0.39099
5.5344
0.54088
0.36321
0.34555
0.039636
1.0025
0.7469
0.64529
1.0496
0.82367
0.41001
1.049
0.38591
1.6988
1.5249
1.1872
-0.99891
1.6243
0.28024
1.6498
8.712
10.457
1.6891
0.62606
-8.1447
-5.2448
1.9533
1.3407
0.068009
1.8881
-0.13455
0.91046
-7.7044
0.05448
-2.5494
0.36512
3.6779
1.2476
2.3834
-2.3032
0.56807
-0.087563
-9.9283
11.063
3.5453
-10.968
2.0511
0.73365
-0.34288
0.37814
-0.29216
0.91046
0.57776
0.1184
0.1663
0.70844
1.1172
0.41188
0.033468
-1.4623
2.4942
5.5569
-3.1022
-7.3009
1.8153
10.568
3.5136
-0.41867
0.52168
0.03665
-0.30028
0.53565
-0.59722
1.711
0.22391
0.07357
0.5436
0.01751
0.17463
0.25408
-0.14529
0.45951
0.29765
-1.3118
0.12609
-0.9525
-2.5285
-1.1211
-11.757
-8.0478
19.967
9.9715
6.3465
0.61598
9.5841
-0.52509
-0.72927
-0.34444
-0.60774
-0.20781
-0.14143
-0.58002
-0.27
-0.2779
-0.36643
0.041948
0.27713
-0.26079
-0.56957
-0.39899
-1.2104
0.079597
-0.68332
3.177
13.287
18.148
10.992
-12.773
-12.2
-8.6115
5.1066
-1.3832
-0.61976
4.5096
-8.1838
-5.2218
-1.012
0.2305
-1.1514
0.66058
1.8941
1.6245
1.4177
3.2814
-1.1381
-3.2743
10.11
-8.1145
-0.5966
-7.1209
6.768
0.12476
0.34
0.6008
-0.26176
-0.054307
0.62192
0.2998
-0.042395
0.46229
0.36672
0.40118
0.0053227
0.10767
0.033978
4.7541
-4.5286
-7.5015
-3.4774
3.1113
2.8636
-0.28342
1.1644
0.52942
0.88055
1.1021
0.78685
0.50825
0.4755
-0.0030151
0.69463
0.96433
0.49386
0.41805
0.15722
0.58691
0.83483
-0.1179
0.22174
1.6968
-2.1382
-4.0444
-3.7143
-9.8631
23.655
-12.149
2.2259
5.0313
8.4739
-3.2809
0.28382
0.010174
0.40774
0.14049
0.74499
0.092969
0.21883
0.58728
0.25182
0.60811
0.068685
-0.3343
1.0632
-0.4398
0.76903
1.1549
0.1255
2.7031
4.3538
28.579
2.4972
-4.9224
-9.9529
-3.9567
9.6601
-0.1783
-1.2289
5.3479
1.8453
-8.4989
-5.4313
-6.2732
-4.1045
-3.894
1.4219
1.0623
1.0077
-0.12328
-3.744
2.3402
0.52175
-0.89277
2.6507
1.9
1.8776
-0.30999
-0.40536
0.071584
-0.12901
0.39522
0.35086
-0.0086422
-0.11226
0.036953
0.40416
-0.14002
0.32823
-0.41114
1.4583
1.5943
-1.5028
-3.3498
-1.2592
11.884
-2.2817
0.32189
0.46799
-0.51297
2.012
0.42532
0.86223
0.13848
0.0077813
0.18975
0.55153
0.038921
0.31577
0.35579
0.3841
0.18615
0.37118
0.26979
0.1666
0.06411
-0.45046
-0.55934
-5.3248
-1.8177
2.8137
-11.417
3.7165
8.3887
2.7427
-1.5575
-0.12023
0.053632
-0.46099
0.16053
0.56888
0.61883
-0.057064
0.064791
0.10177
-0.24386
0.90546
-0.20393
-0.42211
-0.58258
0.70542
-1.7981
0.55603
2.4905
7.0589
25.383
0.067358
-1.5912
-20.456
-4.8836
5.2805
-1.6063
-2.4076
1.4569
3.8007
-1.3444
-7.2158
0.99478
-2.8589
-3.3899
2.713
3.1499
0.45168
-2.4466
0.92648
-3.5127
4.2521
3.0573
1.4819
-6.6708
7.8927
-0.21676
0.8714
0.73551
1.2988
-0.090216
1.2924
0.92996
-0.15126
1.1628
0.7963
0.088038
0.5715
-1.0314
3.8468
-4.2647
-9.6487
2.7496
8.2702
-0.1117
-0.090286
0.40657
-0.85989
1.6642
0.45264
1.0269
0.71933
-0.23976
0.39643
0.15383
1.24
0.41947
0.51477
-0.12694
0.57654
-0.47677
-0.065811
1.1376
-0.33171
0.97988
-0.61386
-1.1489
-2.2598
1.85
5.6675
-7.5953
0.36395
5.4665
-1.4103
-0.42385
-0.42197
-0.60342
0.28073
-0.15355
0.49248
0.16915
0.1566
-0.22622
-0.11585
0.56083
-0.13008
0.048124
-0.18722
-0.060957
0.22193
0.016245
0.66732
9.0124
16.303
13.656
1.5839
-13.22
-8.8226
2.91
-3.5332
0.067199
7.5001
2.5324
-4.2571
-3.7933
-5.1637
-0.74264
-1.0589
-3.4009
1.1244
2.3587
-5.4542
1.7557
-1.3043
-0.23797
1.4124
0.14497
2.6678
0.88879
-0.62164
0.65004
0.029968
0.19278
0.37338
0.34017
0.71311
0.085848
-0.093542
1.2287
0.63823
0.50952
0.0068821
0.23754
0.064653
-1.1154
0.08159
-0.1675
0.73852
-0.36096
-0.34636
1.4187
-0.51831
0.54093
-0.048951
-0.051155
-0.15532
-0.069432
0.013548
0.084829
0.11708
0.1534
-0.0036577
0.021314
0.083355
0.05049
0.1224
0.028927
0.039124
0.037419
-0.075037
0.0056451
0.049067
-0.17469
0.19606
-0.31449
0.097224
0.44192
-0.067241
-0.021284
0.097895
-0.11309
-0.062766
-0.088437
0.11108
0.099493
0.040689
0.065234
-0.10836
-0.010197
0.10401
-0.074176
0.017979
-0.033355
-0.052681
0.10777
0.047329
0.047822
0.091879
-0.22081
0.10467
0.054804
-0.069401
0.022121
0.1808
-0.12935
-0.033674
-0.014021
0.0095292
0.021854
0.05117
0.054336
0.025126
-0.062563
0.079331
0.11403
-0.079381
0.095965
0.0089816
-0.024933
-0.070296
0.07781
0.045545
-0.01252
-0.0058644
0.069298
-0.027467
0.020154
-0.091635
0.16238
-0.16067
0.04174
-0.030267
-0.006975
-0.0080414
-0.036673
-0.0097294
0.11203
-0.027878
0.075726
-0.054447
0.015647
0.005784
-0.03698
0.012826
0.060361
-0.041377
0.054992
-0.013635
0.024743
0.01228
-0.00063992
0.025642
-0.045916
-0.020589
0.087793
0.056343
0.0081873
-0.010568
-0.026708
0.011231
-0.0047228
0.010477
-0.020334
0.0053027
-0.066392
0.075916
-0.046739
0.0064862
-0.00085024
-0.0063873
0.39413
-0.1356
0.051036
0.14696
-0.10823
-0.0070663
-0.12044
0.07797
0.049039
0.017381
0.1045
-0.043363
-0.064304
0.083693
-0.14259
0.088207
-0.049044
0.033031
-0.055087
0.051946
-0.048488
-0.078107
0.040892
0.039673
-0.019581
-0.025649
-0.038812
0.01044
0.0019135
0.017905
-0.050336
-0.023222
-0.040752
0.0051101
-0.013492
0.0274
-0.033916
-0.069658
0.031891
0.02624
-0.009603
0.018591
0.030769
-0.016254
0.095652
-0.073572
0.0057933
-0.079727
-0.022221
0.14627
-0.14483
-0.061127
0.017271
-0.029821
0.022619
-0.013381
-0.024815
0.0039405
0.041462
0.044138
0.045699
-0.0089962
-0.033273
0.015204
0.019622
-0.0068088
-0.023813
0.019562
0.02183
0.018546
0.013518
-0.02783
0.012339
0.0092799
0.032899
0.0066144
-0.0083822
0.0099981
0.013843
0.024946
0.00032473
-0.022373
0.0038912
0.021752
0.046048
-0.0098428
0.022743
-0.011315
0.036131
0.012904
0.021844
-0.038814
-0.06079
0.11605
0.083572
0.0024997
-0.026186
0.09052
-0.11597
0.1355
-0.074797
-0.038684
-0.036936
-0.0035255
0.037103
-0.0064777
0.095108
-0.082687
-0.014613
-0.037863
0.0076162
-0.017946
-0.0096615
-0.022235
0.05623
0.009449
-0.0036717
-0.0503
0.0078241
-0.011329
0.022173
0.012473
0.00025243
0.0024352
0.0074197
-0.030701
-0.0093835
-0.048521
-0.0029445
0.02651
-0.0088152
0.025295
0.0016857
0.0059779
0.014086
0.028326
0.032778
-0.033528
0.051437
-0.03686
0.089238
0.071183
-0.10401
0.054902
0.021098
0.0074272
-0.11006
0.074189
0.011078
0.077917
-0.10653
-0.04757
-0.025884
0.015565
-0.051492
0.013731
0.0050394
-0.02897
0.043452
-0.010302
0.036595
0.0083662
-0.022025
-0.00075018
0.0045831
0.015334
-0.013078
-0.037758
-0.018367
0.026832
0.027596
0.011311
-0.019791
0.0057581
-0.026582
0.023491
0.016344
-0.020652
-0.037746
0.015164
-0.011462
0.030317
-0.039466
0.0053613
-0.019742
0.039406
0.024659
0.021933
-0.043844
0.033713
0.02151
0.018763
-0.19248
-0.26384
-0.02504
0.041222
-0.012158
-0.051049
0.014737
0.021367
0.06006
0.036392
-0.023632
0.021342
0.026565
0.052794
0.010677
0.00049694
0.027401
0.03034
-0.033543
-0.030136
0.0045026
0.0070062
0.041956
-0.027885
0.040977
-0.047543
0.0083913
0.037502
0.0098267
0.039224
-0.047944
0.026424
0.020131
0.037936
-0.019322
-0.003329
0.00075973
0.012187
-0.0050803
0.033326
0.011353
0.017312
0.028485
0.00059311
-0.0092772
-0.011258
0.028335
0.0072736
-0.0043032
0.005045
0.041031
0.0025126
0.021492
0.020698
-0.043283
-0.0037379
0.033173
-0.0068431
0.0091702
-0.0048812
-0.04418
0.0198
-0.001815
0.026179
-0.012541
-0.016032
0.0063406
0.018832
0.021066
-0.025628
-0.0052733
-0.013193
0.041724
0.031522
-0.029443
0.0069066
0.020514
0.0265
0.002618
-0.025302
-0.0038846
0.041309
0.0040553
0.039782
-0.020495
0.0044391
-0.016534
0.062735
-0.044656
-0.038442
0.048945
-0.0081351
0.071924
-0.014044
0.026844
-0.08504
0.033565
0.024407
0.0077588
0.025956
-0.013133
0.029561
-0.037262
0.0091273
-0.026511
-0.0087445
-0.016579
0.0041362
0.011528
-0.014745
-0.0055277
0.013075
-0.0011008
0.025769
-0.013208
0.0049192
-0.0077298
0.032085
-0.0062759
0.0093196
-0.025468
0.024319
-0.016918
0.038283
0.036594
-0.03153
-0.015333
0.0025405
0.01277
0.022492
-0.034412
-0.031168
0.028019
0.017447
0.02493
-0.051953
-0.020425
-0.027967
0.021969
0.013084
-0.030411
-0.047836
0.034549
-0.015639
-0.010683
-0.018064
0.020977
-0.02446
0.06511
-0.0044981
-0.056389
-0.029229
0.041588
0.0254
0.0044677
-0.012206
0.0026802
0.0069566
0.024542
0.031014
-0.002044
0.007279
0.022269
-0.014388
-0.0084021
-0.015437
-0.045294
0.020466
0.026773
0.025307
-0.019584
-0.0092289
0.0031337
0.013462
0.0079815
-0.01191
-0.030313
0.020196
0.030148
0.013537
-0.023177
-0.0079975
0.022235
0.03948
-0.016669
-0.039429
-0.021266
0.05434
-0.037922
-0.064324
-0.031239
0.079387
-0.081065
0.035788
0.015305
-0.025198
0.0058153
-0.0013039
0.0055805
0.018912
-0.0065973
-0.0072496
-0.0017159
0.0091184
-0.0047997
-0.017995
-0.020674
0.024649
0.0074642
0.039433
-0.010914
-0.013082
0.0063344
-0.0014251
0.0051459
-0.027173
-1.0676e-05
0.012043
0.031165
0.0024457
-0.011961
-0.012603
-0.00047504
0.013212
0.001554
-0.033297
0.0068745
0.015848
0.031987
0.01958
-0.070027
-0.019348
-0.012424
0.027246
-0.0049929
-0.02856
0.016751
-0.0022381
0.031794
