1.3826
1.3826
1.4045
1.382
1.4155
1.4205
1.4228
1.4708
1.4277
1.4098
1.3855
1.406
1.4469
1.3833
1.352
1.3605
1.3569
1.3464
1.3509
1.3294
1.3112
1.4028
1.3575
1.3507
1.365
1.3716
1.3367
1.4261
1.3769
1.3825
1.3767
1.3582
1.3867
1.3765
1.3945
1.407
1.4008
1.3596
1.3797
1.3848
1.3449
1.3845
1.3705
1.3675
1.343
1.366
1.4212
1.3417
1.3811
1.4253
1.3758
1.4023
1.3721
1.4252
1.341
1.375
1.3803
1.387
1.3829
1.4322
1.3639
1.4043
1.3858
1.3707
1.37
1.3848
1.4117
1.3441
1.4366
1.4351
1.4792
1.4359
1.394
1.4029
1.3995
1.4339
1.3886
1.4136
1.395
1.3805
1.3895
1.4352
1.382
1.3978
1.3883
1.3789
1.3796
1.3473
1.3837
1.3637
1.4114
1.3658
1.4052
1.3924
1.3588
1.354
1.3355
1.3729
1.3817
1.3849
1.4256
1.3987
1.3949
1.3699
1.4012
1.4552
1.3784
1.3992
1.4012
1.3916
1.3796
1.4319
1.3745
1.3645
1.3571
1.3548
1.3241
1.3674
1.3591
1.33
1.4121
1.3617
1.3532
1.3834
1.4352
1.4017
1.3602
1.4556
1.4539
1.4021
1.449
1.4544
1.3521
1.3794
1.3821
1.3566
1.3814
1.3783
1.3811
1.3787
1.3616
1.3781
1.3699
1.3896
1.3821
1.4087
1.3675
1.3644
1.3785
1.4145
1.3564
1.3491
1.4168
1.369
1.3718
1.4365
1.4772
1.4137
1.3575
1.3553
1.354
1.3293
1.4187
1.3621
1.3732
1.3732
1.4229
1.3717
1.3675
1.3818
1.4266
1.3464
1.3774
1.4497
1.4189
1.4071
1.4517
1.4033
1.3904
1.4405
1.4372
1.4386
1.4289
1.3756
1.3845
1.3797
1.3497
1.4059
1.3888
1.3993
1.3692
1.4014
1.4011
1.3998
1.3942
1.4023
1.4003
1.3637
1.3972
1.3868
1.3666
1.4445
1.3959
1.3829
1.383
1.4348
1.3479
1.3478
1.3868
1.3914
1.444
1.3968
1.4027
1.3996
1.4025
1.4547
1.4184
1.3824
1.3931
1.3943
1.3612
1.3922
1.3489
1.3543
1.385
1.3657
1.3696
1.4856
1.3353
1.3208
1.4043
1.3538
1.3412
1.384
1.3998
1.3422
1.3962
1.3492
1.396
1.3503
1.4194
1.3353
1.4231
1.439
1.4099
1.3968
1.4317
1.3773
1.3454
1.374
1.3802
1.4323
1.4448
1.3643
1.4044
1.435
1.4317
1.4115
1.378
1.3759
1.3843
1.3658
1.4233
1.3607
1.3716
1.4327
1.3944
1.4046
1.3846
1.3875
1.393
1.3896
1.3985
1.398
1.366
1.3903
1.3855
1.3708
1.3687
1.444
1.3563
1.3813
1.4227
1.3683
1.4004
1.3302
1.2825
1.3003
1.2059
1.1124
1.1118
1.0907
1.0225
0.94893
1.0009
1.0292
1.0225
1.0728
1.0814
1.0427
1.095
1.0948
1.0344
0.98008
1.0021
0.8915
0.87921
0.85874
0.85046
0.92763
1.1059
1.0685
1.1484
1.1973
1.2301
1.2598
1.495
1.2782
0.95929
0.74901
0.60528
0.67408
1.9148
3.8141
3.612
3.6953
4.1269
3.9176
4.4773
5.3242
5.518
5.6394
5.4622
4.8007
4.8907
4.672
3.6503
3.9406
4.2115
4.0192
3.4445
3.1421
2.1817
1.3596
0.5549
0.40044
0.37172
0.42175
0.60222
0.61286
0.45534
0.4213
0.46905
0.73079
0.65589
0.62372
0.54007
0.48005
1.1238
0.88372
2.2884
3.8318
2.7776
0.73774
0.63305
0.32094
0.4208
0.34786
0.33936
0.15321
0.099609
0.035387
0.11217
0.065177
0.066792
0.022409
0.022945
0.018325
0.03169
0.030623
0.047243
0.061389
0.40981
1.2335
3.4129
6.2834
8.1013
4.8155
2.2191
0.73918
0.45768
0.68951
1.1266
2.124
3.3753
3.3923
1.184
0.49547
0.3826
0.34582
0.47018
0.39454
0.43736
0.43488
0.41153
0.41947
0.12298
0.21502
0.70064
1.5975
1.947
0.74346
1.005
1.0244
1.1979
0.80395
1.0841
1.376
1.9403
2.4713
2.5372
2.1199
1.2122
0.97069
0.75564
0.7791
1.2158
1.8296
1.1073
0.28034
-0.8179
-0.88112
-0.41813
-0.21543
-0.24007
-0.39692
-0.54951
-0.70782
-0.5827
-0.49114
-0.68786
-0.90276
-1.0489
-1.1332
-1.2747
-0.79464
-0.67931
-0.85502
-0.53849
-0.27833
-0.21182
-0.14028
-0.14703
-0.1166
-0.081688
-0.018325
-0.034244
-0.051459
-0.049683
-0.034318
-0.011144
-0.016164
-0.014317
-0.010601
-0.016006
-0.017538
-0.0088447
-0.0023257
0.0034784
0.019636
0.44308
1.0936
0.52242
0.24666
0.76839
0.91596
1.8218
2.1177
1.3664
0.47508
0.16087
0.30841
0.35276
0.36585
0.31187
0.34507
0.19517
0.30961
0.25926
-0.0093655
0.52815
2.3089
1.0926
1.6549
1.4513
0.55732
0.44627
0.49229
0.32886
0.46943
0.81788
1.4762
1.5631
1.2674
0.71406
0.35551
-0.0080124
-0.062463
-0.082834
-0.14995
-0.25092
-1.3063
-1.1564
-0.48658
-0.29635
-0.20295
-0.4067
-0.67377
-0.81004
-0.97977
-0.98031
-1.2131
-1.4703
-1.526
-1.3253
-1.0507
-0.7667
-0.62539
1.1807
-0.019179
-0.051085
-0.1563
-0.12676
-0.10895
-0.082226
-0.035639
-0.0078676
0.0020613
0.01059
0.0025426
0.010091
0.00018122
-1.7403e-05
0.0014002
-0.0026581
-0.0016132
-0.0026912
0.00098809
0.007313
0.0089752
0.013416
0.025215
0.037394
1.0637
0.94009
2.7116
2.9287
1.1767
0.75012
0.50856
1.184
1.9136
3.1801
3.7507
2.4761
1.0006
0.66036
0.77451
1.0919
0.92661
0.73448
0.60151
0.50038
0.74126
0.59942
0.47785
0.23365
0.17291
0.39799
1.4281
2.9476
4.9582
4.9944
3.8787
3.1822
2.8661
2.5511
2.5642
2.5982
2.993
3.844
4.385
4.733
4.0587
3.2088
2.5497
2.1369
1.7391
1.9017
1.6757
1.5056
0.81371
0.69113
0.54576
0.56332
0.53928
0.62128
0.739
0.5962
0.48335
0.30181
0.20256
0.075675
0.28234
0.35785
0.28896
1.331
1.9545
1.9046
0.91991
0.39169
0.13393
0.040878
-0.027103
0.043816
0.01614
0.022766
0.033772
0.019063
0.00016865
-0.0027429
-0.00018382
-0.0015158
-2.6288e-05
9.5614e-05
-0.0015044
-0.0018594
0.0024484
0.0025292
0.011236
0.014494
0.12269
1.0767
3.8069
1.1956
1.0216
0.6704
1.2718
2.3218
3.0728
2.7143
1.4375
0.78426
0.71161
0.72715
0.67805
0.51878
0.44233
0.46933
0.4104
0.31851
0.19187
0.20971
0.15047
0.17152
0.32533
1.4538
3.0896
4.0528
4.3639
2.9448
2.7192
2.5755
2.7768
3.0361
2.8725
3.6681
2.8728
3.1631
2.5802
2.7208
2.5033
2.3342
2.1221
1.4897
0.88957
0.58014
0.43234
0.35554
0.49745
0.79358
0.69063
1.0676
1.1027
1.2338
1.292
1.3215
1.0061
0.83126
0.56055
0.61278
1.0066
0.88599
1.5013
1.5833
2.8702
1.4834
0.97777
0.71306
0.45963
0.41663
0.35044
0.12812
0.075294
0.027638
0.0031434
0.01694
0.01868
0.0068318
0.0066916
0.016848
0.013271
0.028903
0.02332
0.035466
0.037809
0.56453
0.69881
1.5517
3.5494
1.3866
0.77984
0.57422
1.3803
2.1971
3.0755
3.4185
1.6888
0.97847
0.65256
0.52788
0.58028
0.44455
0.29712
0.13929
0.13017
0.35076
0.17462
0.14273
0.095907
0.066107
0.24035
0.68292
0.63193
0.8651
1.0387
1.07
1.0534
0.33635
0.49637
0.54329
1.1675
1.0607
1.006
0.56402
0.062111
0.15542
0.089329
-5.115e-05
-0.31783
-0.24191
-0.4764
-0.40295
-0.31616
-0.14493
-0.26455
-0.61875
-0.90697
-1.2133
-1.261
-1.3798
-1.3894
-1.453
-1.6302
-2.0542
-1.8636
-1.749
-1.4872
-1.2691
-1.5714
0.63385
1.1795
0.57387
0.27549
-0.077643
-0.1073
-0.086714
-0.016932
0.003103
0.013036
-0.0072011
-0.0054117
-0.0040363
-0.0022099
-0.003418
-0.0084261
-0.0025448
0.0047439
0.013188
0.022128
0.030478
0.022
0.18568
0.67886
0.83589
4.2959
1.4934
1.2019
0.69023
1.5201
2.391
3.0827
3.3222
2.1143
0.93802
0.71392
0.68396
0.67843
0.64069
0.54493
0.41162
0.35604
0.27487
0.22961
0.58222
1.5164
3.8073
5.1805
5.8301
4.9286
3.5772
3.0788
2.8612
3.2553
3.0546
3.3231
3.7863
4.3373
4.6143
3.9503
2.98
2.4784
1.9423
1.9737
1.9254
1.7737
1.5412
0.86082
0.077089
0.42533
0.86069
0.77438
0.86832
1.0752
0.93169
0.90633
0.89662
0.62911
0.30446
0.21356
0.50952
0.46867
1.6574
2.1182
1.7783
0.91066
0.4666
0.12546
0.016175
-0.0045218
0.036315
0.051894
0.034109
0.022279
0.021968
0.00861
-0.00021215
-0.0060045
-0.0093701
-0.011867
-0.0034185
-0.001396
-0.0023623
0.00056911
0.0069524
0.0071825
0.012886
0.012977
0.013749
0.19792
0.69624
0.4869
0.037368
-0.094484
-0.042231
0.36454
0.64029
0.51355
0.14484
0.071842
-0.033173
-0.11569
-0.15042
-0.14333
-0.022025
-0.038549
0.035982
0.2445
0.1631
0.15034
0.28066
0.45505
1.0959
2.253
3.3219
4.1943
5.2849
6.7865
6.4923
6.2415
6.9127
7.6776
8.3884
8.871
8.8862
8.6003
8.5839
8.6555
9.9824
9.6309
8.1225
8.8956
8.0808
2.0732
0.98808
1.553
3.2386
5.636
6.5989
5.8828
5.4489
6.3255
8.1105
8.6342
8.525
8.5645
8.3818
7.2526
6.6251
11.783
11.718
4.1074
1.9027
1.0604
1.1841
1.329
1.1519
0.50182
0.14513
0.07465
0.034151
0.026114
0.0095421
0.0010821
-0.00061845
-0.0044851
-0.0037221
-0.0047491
-0.0083129
-0.0092487
-0.0090607
-0.0060485
-0.0075544
-0.011685
-0.012903
-0.019012
-0.68631
-1.2465
-0.92422
-1.0418
-1.6486
-1.8006
-1.1094
-0.6625
-0.47413
-0.49194
-0.4721
-0.45273
-0.42102
-0.40341
-0.42424
-0.5347
-0.040488
0.36242
0.23757
0.28265
0.31629
0.2857
0.94206
2.8104
4.3095
5.2486
5.459
5.5015
5.4297
5.8775
6.4431
7.241
8.257
8.6233
8.9377
8.7477
9.1484
9.1364
10.046
10.11
9.7338
8.1554
6.124
3.2098
1.2296
0.77234
0.76478
1.7254
4.297
5.0613
4.9266
5.5216
7.6938
7.9776
8.9809
9.6753
9.291
10.048
10.48
9.6896
17.124
20.232
7.1529
3.2361
2.1041
2.1316
2.5293
2.1211
1.0819
0.33769
0.085868
0.043564
0.041287
0.028554
0.027772
0.017245
0.01579
0.0084992
0.0018463
-0.0046725
-0.0077748
-0.0092789
-0.013448
-0.010824
-0.7478
-0.19845
-0.39846
1.3223
0.6328
0.78087
0.81894
1.0399
1.1039
0.94783
0.61082
0.14016
-0.050179
-0.026102
0.029464
-0.012103
-0.029573
-0.091418
-0.078353
-0.05479
-0.092497
-0.44717
-0.31026
-0.15345
0.12423
0.11697
0.66419
1.3344
2.5563
2.3746
3.5161
4.0021
4.3487
4.515
6.1116
6.9314
7.7211
8.2244
8.5938
8.3883
9.0872
9.7598
9.0593
8.6378
8.2439
6.3759
4.4072
2.4033
1.0025
0.70722
0.74015
1.4087
2.9983
4.9014
5.286
5.2852
6.2127
6.7701
7.8402
8.6402
8.6143
8.6579
8.3549
8.5679
13.949
14.321
5.4521
2.0026
1.3396
1.2016
1.4079
1.2839
0.79684
0.25811
0.07435
0.027366
0.015402
0.0021688
-0.0038745
-0.0096906
-0.013342
-0.018786
-0.019328
-0.022431
-0.026528
-0.03079
-0.021809
-0.097978
-0.50649
-0.43765
1.2565
0.62161
0.65605
0.72175
1.0452
1.124
0.87067
0.55485
0.32332
0.2077
0.23922
0.13889
0.083139
-0.0076241
-0.077814
-0.021311
-0.13173
-0.13526
-0.060674
-0.01234
0.10218
0.071708
0.011202
0.068823
0.88675
2.0051
4.9117
4.979
4.9322
4.6885
5.1892
5.9394
7.0403
8.2422
8.4166
8.1977
8.5491
8.6016
9.8313
9.2309
8.1819
6.413
4.6056
4.0325
2.0078
1.3943
0.82873
1.0528
1.5113
3.1458
6.2053
7.1548
7.3543
6.5619
6.9818
9.1803
9.4872
10.452
10.643
9.3222
8.7403
15.874
16.768
6.9811
2.3666
1.3029
1.715
1.6959
1.7287
1.285
0.17773
0.06581
0.039398
0.029851
0.01418
0.01138
0.0029123
-0.0045922
-0.011648
-0.015594
-0.02244
-0.020592
-0.024341
-0.028336
-0.032145
-0.040756
-0.045725
-0.046158
-0.053058
-1.0892
-0.88788
-1.353
-0.45934
-0.31775
-0.35361
-0.42273
-0.35323
-0.46753
-0.41757
-0.24728
-0.25341
-0.21795
-0.24985
-0.23063
-0.18385
-0.22224
-0.31136
-0.29419
-0.0023589
-0.36678
-0.3537
-0.2054
-0.22544
-0.28742
-0.65991
-0.74279
-0.71498
1.1578
1.7685
2.1934
2.1969
3.0511
4.2997
5.3967
5.7608
5.6411
5.4981
5.3868
6.093
6.6673
6.5801
5.7097
4.5026
2.9719
2.0702
1.1806
0.67039
0.39594
0.29523
0.31845
0.81095
1.4857
2.4806
3.2659
3.5874
4.3613
5.205
5.6852
6.0983
6.2486
6.5896
6.5854
10.091
13.033
5.3008
1.4453
0.67441
0.61297
0.85303
0.8977
0.0063999
0.00054545
-0.013182
-0.025079
-0.027403
-0.039038
-0.04419
-0.063121
-0.050444
-0.05728
-0.056464
-0.050424
-0.05149
-0.048941
-0.058754
-0.064129
-1.0242
-1.009
-2.6633
-0.75556
-0.70772
-0.8771
-1.0953
-1.1781
-1.0104
-0.90293
-0.81374
-0.94247
-0.94444
-0.98361
-0.93946
-0.85058
-0.20121
0.043494
0.087441
0.044742
0.12457
0.36463
1.4108
1.8775
2.9599
3.7276
3.9373
3.7823
4.4579
5.4343
6.4545
6.2671
5.9338
5.6032
5.8266
6.0939
6.3512
6.5391
7.5769
6.9172
6.3786
4.5627
3.3629
0.50806
0.30717
0.27481
0.7249
1.2805
2.1185
2.908
3.6083
4.3158
5.3267
6.0775
6.1341
6.2622
5.4348
4.9946
9.9458
11.684
4.7084
1.4098
0.69149
0.70042
0.74024
0.68488
0.0062131
-0.0093858
-0.01182
-0.022384
-0.036253
-0.02223
-0.02449
-0.039746
-0.055661
-0.060587
-0.065561
-0.065775
-0.08298
-0.067704
-0.063648
-0.070798
-0.92211
-0.81245
-1.4603
-0.47601
-0.31001
-0.35481
-0.49107
-0.45452
-0.54097
-0.47768
-0.45572
-0.50153
-0.54205
-0.59603
-0.67899
-0.70808
-0.42148
-0.057222
-0.092275
-0.14062
-0.12725
-0.36776
0.19896
0.71972
1.1204
2.1155
2.1939
2.5973
3.3773
4.1899
5.0166
5.1143
4.8038
4.5617
4.5912
5.1322
5.5873
5.5232
5.9193
2.2091
0.9231
0.44091
0.25446
0.15646
0.099465
0.12424
0.25941
0.63574
1.2422
1.7685
2.1839
2.7248
3.976
4.6514
4.9085
4.7129
4.7386
4.9771
8.0858
11.045
6.3015
1.2699
0.72713
0.61765
0.58527
0.019786
0.022994
0.0082427
-0.0015018
-0.0077545
-0.015491
-0.018653
-0.014387
-0.038082
-0.045238
-0.037862
-0.039474
-0.044276
-0.057806
-0.049216
-0.036062
-0.038005
-0.073301
-1.6798
-3.5513
-0.66926
-0.61996
-0.69105
-1.2132
-1.3399
-1.2109
-1.0392
-0.97336
-1.0945
-1.1055
-1.0999
-1.0098
-0.96087
-0.52233
-0.25711
-0.18848
-0.19815
-0.30138
-1.1211
-1.3301
-0.58854
-0.0068184
0.55062
0.71331
1.6484
2.1635
2.6463
2.9563
3.2489
3.1483
2.904
2.9743
2.85
3.0324
2.9861
3.0815
2.8237
2.8616
0.2699
0.075884
0.021778
-0.016208
-0.060071
-0.18027
-0.38372
-0.35826
-0.078864
0.40777
0.64983
1.0886
1.4167
1.7391
1.8359
1.5233
1.4993
3.9677
7.4642
5.6996
1.7252
0.65178
0.49784
0.73205
0.76806
0.39805
0.078046
-0.0035694
-0.013271
-0.022202
-0.010601
-0.0063814
-0.017098
-0.015392
-0.02165
-0.033438
-0.041854
-0.04501
-0.042124
-0.034689
-0.035418
-0.1216
-0.60021
-1.5354
-0.26303
-0.18232
-0.21135
-0.36711
-0.40409
-0.58244
-0.52621
-0.42955
-0.55183
-0.5529
-0.53064
-0.42723
-0.4599
-0.4156
-0.21518
-0.17159
-0.22446
-0.44944
-0.92955
-0.97935
0.2162
1.2898
1.6645
2.3088
2.3426
2.8042
3.4436
4.0474
4.6482
4.9442
5.3367
5.1473
4.4722
4.1343
4.0466
3.7906
3.906
4.0335
3.6098
3.4505
3.6517
2.3789
0.63549
0.11714
0.1131
-0.0068438
0.19826
0.3934
0.44432
0.5528
0.70444
1.0687
1.4607
1.7825
1.995
4.5073
6.1931
4.8752
1.5227
0.82561
0.69534
0.67328
0.71689
0.38189
0.072581
0.0099239
-0.029434
-0.044104
-0.058071
-0.055579
-0.047427
-0.048575
-0.076558
-0.06052
-0.056686
-0.063973
-0.06278
-0.060916
-0.071673
-0.070596
-2.8055
-3.586
-1.1888
-1.2104
-0.8602
-1.1856
-1.6409
-1.9381
-1.8414
-1.6209
-1.248
-1.1191
-1.5016
-1.4337
-1.6515
-1.2398
-1.106
-1.4455
-1.2677
-1.1187
-0.34011
-0.22431
-0.18798
-0.62208
-2.4214
-2.4341
-0.82912
0.50341
1.0998
1.6578
1.9157
2.8249
3.1812
3.9422
3.6247
2.9754
2.4597
2.6375
3.0756
2.8344
3.0902
2.8898
2.1119
0.82037
0.10269
0.0012932
-0.046694
-0.098081
-0.13091
-0.21107
-0.46739
-0.34739
0.11466
0.40684
0.53508
0.64654
0.678
0.71647
0.70768
0.51228
1.3003
2.6968
2.0978
2.4113
0.85392
0.4372
0.4035
0.33064
0.16684
0.071263
-0.026046
-0.025692
-0.012579
-0.044249
-0.072673
-0.097978
-0.048315
-0.031053
-0.037416
-0.038836
-0.057109
-0.046968
-0.052104
-0.055371
-0.054606
-0.74863
-2.5181
-4.6887
-0.87866
-0.45511
-0.37476
-0.5411
-1.1213
-1.7778
-1.7405
-0.81038
-0.63301
-0.65238
-0.67772
-0.82339
-0.62887
-0.6127
-0.57371
-0.54289
-0.64913
-0.73886
-0.30638
-0.21868
-0.22709
-0.28573
-0.64481
-1.3058
-0.89619
-0.087365
0.91947
0.7117
1.1036
1.8455
2.4232
3.0345
2.8699
3.4592
4.2129
4.476
4.6587
4.3999
4.9261
4.7555
4.0713
3.1884
1.3541
0.42717
0.055506
0.0063189
-0.034362
-0.040054
-0.051492
0.082824
0.40085
0.64704
0.85734
0.97298
0.91292
0.88528
1.1104
1.2146
1.3793
1.6242
2.9581
3.0985
3.8255
1.8575
0.84786
0.63957
0.63233
0.59395
0.37091
0.08718
0.026597
-0.0063532
-0.029885
-0.057052
-0.10065
-0.055347
-0.023549
-0.031676
-0.05109
-0.039088
-0.07335
-0.11413
-0.10056
-0.08282
-0.099147
-0.075675
-4.173
-1.4445
-1.0294
-0.92208
-1.2399
-1.9345
-1.568
-1.4297
-1.2968
-0.98435
-1.1268
-1.0585
-0.81108
-0.72371
-0.59834
-0.56577
-0.73451
-0.85171
-0.6533
-0.33586
-0.25041
-0.2025
-0.34473
-1.0844
-0.4665
0.4884
1.5742
1.6264
1.6817
2.3192
2.7125
3.0351
3.8107
4.4559
4.8945
5.0682
4.8987
4.5389
3.6253
3.6966
3.2081
2.7655
1.1517
0.25313
0.10624
0.074741
0.00396
0.0063662
0.024641
-0.082747
-0.042581
0.39648
0.46519
0.47772
0.29406
0.095295
0.57755
0.7591
0.48479
0.53951
1.8709
2.5327
-0.11442
-0.30524
-0.22715
-0.32511
-0.35474
-0.44601
-0.52716
-0.16806
-0.081435
-0.093236
-0.050636
-0.10814
-0.11358
-0.08055
-0.063862
-0.064785
-0.060097
-0.035832
-0.048155
-0.09788
-0.095392
-0.058523
-0.070061
-4.9764
-6.6951
-1.5934
-0.61756
-0.63872
-0.8757
-1.2655
-1.7233
-2.3061
-0.92729
-0.59989
-0.70735
-0.84003
-0.97665
-0.83076
-0.62461
-0.63419
-0.58318
-0.70126
-0.67588
-0.38147
-0.24288
-0.19075
-0.20778
-0.81528
-1.7932
-0.88064
1.1734
1.3317
1.409
1.9171
2.1974
2.9046
3.6818
4.4625
5.7981
5.4018
6.2268
5.8623
4.9874
4.7136
4.7077
4.5368
4.5609
5.1164
4.7227
0.17454
0.12915
0.15226
0.17349
0.2716
0.51449
0.8725
1.1603
1.5092
1.6741
1.5866
1.6936
1.8586
1.9399
2.0551
2.4345
4.0581
4.7509
5.3283
2.0919
0.96232
0.78114
0.75426
0.64114
0.45788
0.091304
0.04098
-0.0045456
-0.021567
-0.047406
-0.058583
-0.015459
-0.020406
-0.031884
-0.037313
-0.040633
-0.03729
-0.081618
-0.059464
-0.069441
-0.069699
-3.869
-5.1032
-2.8452
-1.7021
-1.7337
-2.1666
-3.1409
-3.5489
-2.7889
-1.8625
-1.3593
-1.3973
-1.5125
-1.2345
-1.3017
-0.90633
-0.87828
-0.89843
-1.0158
-0.96833
-0.45477
-0.31496
-0.33211
-0.47752
-1.7902
-1.9421
-0.4884
0.077437
1.238
1.0062
1.2366
1.6676
2.044
2.7008
2.7762
3.2286
3.6276
3.7874
3.3556
3.0023
3.1217
2.8721
2.9608
3.2174
3.2747
2.7793
0.11171
0.13133
0.18748
0.20421
0.36081
0.63384
1.2696
1.5364
1.7197
1.894
1.8796
1.5915
1.4328
1.9836
2.5148
4.8619
4.0578
4.6955
1.7513
0.95676
0.82072
0.80741
0.77661
0.56273
0.1081
0.0414
0.01801
-0.0055571
-0.035308
-0.055602
-0.042133
-0.014054
-0.042731
-0.035256
-0.029759
-0.044265
-0.081043
-0.049725
-0.062115
-0.6329
-4.1107
-7.9201
-2.7092
-1.3846
-1.4201
-1.754
-2.7624
-2.9812
-2.3942
-1.0305
-0.75377
-1.0571
-1.1651
-1.0556
-0.80456
-0.59692
-0.51915
-0.57757
-0.79326
-0.80356
-0.41932
-0.28749
-0.24712
-0.27745
-0.96177
-1.7806
-0.63095
0.96734
1.6479
1.3876
1.6651
1.992
2.6825
3.5601
4.701
5.2103
5.5878
5.6159
5.2581
4.4276
4.3135
4.3696
4.7111
1.8583
0.53362
0.2469
0.16091
0.22182
0.28635
0.40843
0.58992
1.3015
2.149
2.4816
2.7611
2.8505
2.9307
3.1154
2.9791
3.0878
3.3378
5.632
6.5624
6.6092
2.6644
1.4296
1.1171
1.0586
0.92415
0.58929
0.2317
0.052465
0.0067931
-0.0052393
-0.046727
-0.063047
-0.050698
-0.028174
-0.026977
-0.038264
-0.027594
-0.04521
-0.062893
-0.045793
-0.064705
-0.039048
-0.06576
-0.049742
-0.051388
-0.99053
-3.4148
-7.4441
-1.4453
-2.7609
-1.9673
-0.78288
-0.71529
-0.57565
-0.74538
-0.7296
-0.632
-0.56311
-0.525
-0.566
-0.72434
-0.62501
-0.3508
-0.27779
-0.27783
-0.28037
-0.95865
-1.8487
-0.65561
-0.045011
0.60323
0.95851
1.0586
2.087
2.1042
3.4486
4.4737
4.5602
5.1712
5.27
5.481
4.7449
4.5422
4.1823
4.0567
4.1529
4.3743
4.0631
2.7901
1.3238
0.47604
0.079467
0.08341
0.15201
0.23424
0.26454
0.55828
0.7488
0.88605
0.95449
0.88809
0.78989
0.87235
0.96507
1.4537
1.3918
1.6464
2.8005
2.2173
1.4254
0.34221
0.11817
-0.031596
-0.030053
-0.11231
-0.21204
-0.080937
-0.086637
-0.10059
-0.079951
-0.1013
-0.1227
-0.08941
-0.02394
-0.056337
-0.035059
-0.020638
-0.027777
-0.08247
-0.052762
-0.047172
-0.051606
-0.052323
-0.058486
-0.057678
-1.0321
-4.0658
-9.1492
-3.6978
-1.7308
-2.11
-2.677
-4.5038
-4.0997
-2.4049
-1.4386
-1.1558
-1.1961
-1.8877
-1.1455
-1.2413
-0.90031
-0.74578
-0.76388
-0.97239
-0.88502
-0.45143
-0.39585
-0.35623
-0.50216
-1.7336
-3.1209
-2.893
-1.151
-0.012856
0.63611
1.3731
2.4043
3.144
3.2944
4.1211
5.1712
5.5161
5.8862
5.5552
4.9856
4.743
4.9741
4.9428
5.0793
5.4957
4.6315
2.724
1.1202
0.3181
0.087464
0.030725
-0.0030987
-0.025646
0.024022
0.080774
0.40416
0.90821
1.1001
1.212
1.0867
1.261
1.6339
1.6664
1.9934
2.2603
4.4724
3.8392
2.814
1.129
0.60131
0.47543
0.4177
0.30909
0.13885
-0.00044245
-0.041173
-0.063062
-0.052958
-0.081119
-0.088494
-0.05128
-0.021448
-0.054426
-0.060892
-0.035334
-0.055666
-0.053634
-0.070948
-0.072239
-0.38287
-4.3086
-4.3674
-1.6092
-1.3477
-0.70955
-1.1994
-1.5212
-1.8012
-1.5356
-1.0253
-0.75468
-0.65247
-0.83572
-0.91177
-0.66115
-0.43272
-0.39282
-0.44819
-0.47491
-0.51305
-0.30249
-0.16632
-0.12459
-0.13513
-0.059915
0.27073
1.3696
2.2629
1.5972
1.4128
1.8347
2.5735
3.4339
4.256
4.4351
4.7292
4.9395
5.1545
4.713
5.6848
5.9713
5.013
2.6962
0.93856
0.2535
0.098451
0.077365
0.038241
0.048502
0.059577
0.17387
0.83246
1.9106
2.0168
1.867
1.7606
1.965
2.1103
2.4275
2.0546
2.2436
4.7621
3.7362
4.7425
2.3537
1.236
0.99577
1.0894
0.99906
0.92283
0.053826
0.022508
-0.0024164
0.0030842
0.0031049
0.0052535
-0.0029349
-0.012445
-0.01235
-0.023421
-0.025791
-0.020768
-0.023197
-0.014766
-0.012405
-0.51637
-2.2904
-0.81783
-0.12088
-0.22328
-0.2239
-0.17997
-0.66761
-0.62078
-1.0853
-0.52074
-0.31431
-0.34679
-0.37546
-0.43761
-0.45527
-0.35383
-0.3465
-0.41191
-0.54835
-0.58079
-0.33061
-0.20976
-0.16726
-2.9275
-0.86159
-0.25327
0.22061
0.91448
1.4504
2.6677
3.2258
3.8675
4.3239
4.7731
4.5188
4.0376
3.5014
3.9247
4.0459
4.6567
4.9277
4.1421
2.9793
1.0079
0.3735
0.10423
0.041847
0.010626
-0.031928
-0.04425
-0.19246
0.090207
0.24103
0.39899
0.86466
0.749
0.76397
0.92696
1.1013
1.648
1.8749
3.4109
4.4146
4.2871
2.0882
1.0424
0.96667
0.86425
0.63273
0.46828
0.1153
0.032309
0.001912
-0.021995
-0.051767
-0.025212
-0.028289
-0.032758
-0.044817
-0.042784
-0.046307
-0.047548
-0.047516
-0.050535
-0.036508
-0.44893
-2.1205
-5.6944
-1.5754
-1.4164
-1.3178
-1.6235
-2.4758
-2.7605
-2.3264
-1.3157
-0.84496
-1.0105
-1.2523
-1.5072
-1.0618
-0.92991
-0.77574
-0.78563
-0.89237
-1.0117
-0.43636
-0.32513
-0.29965
-0.48134
-1.453
-2.2729
-2.5387
-0.93395
-0.47616
0.13483
0.77896
1.06
1.6226
1.7322
2.2071
2.3935
2.3436
2.2228
2.3198
2.4799
2.4008
2.4737
1.5706
0.52008
0.00935
-0.021498
-0.064772
-0.26861
-0.26966
-0.33484
-0.63192
-0.48382
-0.093591
-0.018693
0.19592
0.34532
0.082556
-0.03673
0.53145
0.6503
1.0033
2.0508
2.1442
2.8195
1.0752
0.44459
0.38887
0.26124
0.22067
0.0058487
-0.0040392
-0.016564
-0.015147
-0.0096423
-0.018508
-0.02489
-0.017127
-0.019552
-0.047745
-0.032856
-0.034538
-0.033515
-0.035072
-0.041855
-0.028358
-0.57657
-2.2028
-4.7147
-2.3961
-1.4339
-1.1717
-1.6811
-2.4534
-2.6793
-2.1168
-1.332
-0.99639
-0.88227
-0.9108
-0.94937
-0.81755
-0.69416
-0.49485
-0.49906
-0.68782
-0.62094
-0.27136
-0.22623
-0.21614
-0.37809
-1.344
-1.5856
-0.80101
-0.19875
0.34264
1.2095
1.9565
2.8362
3.2617
3.42
3.1194
2.7553
2.5586
2.4311
2.6923
2.6224
3.2253
2.4592
1.2647
0.36698
0.034328
-0.0027557
-0.069688
-0.19434
-0.31028
-0.38111
-0.5795
-0.36486
-0.32252
-0.45162
-0.22504
-0.58636
-0.11303
0.52788
1.5501
1.9098
0.9739
0.58778
0.35723
0.23301
0.25706
0.15626
0.097754
0.021745
-0.027856
-0.033798
-0.029313
-0.06829
-0.048322
-0.045035
-0.018965
-0.024698
-0.028789
-0.036171
-0.045993
-0.051263
-0.057151
-0.049489
-0.053131
-0.041739
-0.040599
-0.78373
-0.49122
-4.4497
-2.2251
-1.3772
-1.0087
-1.038
-1.2899
-1.0892
-0.80405
-0.82182
-0.85136
-0.84333
-0.81088
-0.5821
-0.45724
-0.50965
-0.4845
-0.26177
-0.19875
-0.32882
-0.045137
0.72461
2.9555
3.1453
3.1576
2.8152
2.6059
2.976
3.276
3.7313
4.2789
4.944
5.2438
4.7217
4.2006
3.3219
2.9155
2.5478
2.7549
2.4189
2.0952
1.0754
0.6421
0.07637
0.027651
-0.019713
-0.055015
-0.16758
-0.17628
-1.3901
-1.2442
-1.2486
-1.2075
-0.74001
-0.28719
0.11821
-0.06306
-0.1174
0.19305
-1.425
-1.1084
-0.80582
-0.53664
-0.64869
-0.45496
-0.31524
-0.054464
-0.082384
-0.041148
-0.098489
-0.035109
-0.033637
-0.046193
-0.058529
-0.030136
-0.034234
-0.038887
-0.037168
-0.035915
-0.050583
-0.051739
-0.039278
-0.040411
-0.029323
-0.039968
-0.50222
-0.62191
-1.6288
-1.9868
-1.5527
-1.2922
-1.0455
-0.81281
-0.73083
-0.61297
-0.5015
-0.44831
-0.37781
-0.39896
-0.29817
-0.040482
-0.035762
0.21772
0.14191
0.089517
0.19877
0.70403
2.164
4.1517
5.647
4.2378
3.2329
3.5198
3.713
4.3886
5.6509
6.1598
6.2954
6.2128
5.2601
4.4562
3.9662
3.6137
3.2031
2.9374
2.6693
1.6777
0.67403
0.05607
-0.18086
-0.12136
-0.15317
-0.21907
-0.81438
-2.1686
-2.3251
-2.1631
-1.5401
-1.2287
-1.21
-1.195
-0.78482
0.2157
0.61425
1.5784
2.5602
4.211
2.0639
0.67739
0.35286
0.2255
0.36589
0.32382
0.17916
0.095495
0.083353
0.031739
-0.0077685
-0.0096847
-0.018538
-0.018354
-0.018386
-0.022087
-0.034411
-0.042275
-0.045778
-0.059908
-0.070156
-0.066116
-0.056764
-0.12292
0.23336
0.10633
0.26863
0.86701
1.0516
1.0878
0.9148
1.1317
1.1595
1.0941
1.2563
1.3176
1.283
1.5565
1.6697
1.8003
1.7043
1.5679
0.86143
0.70189
0.59978
1.4772
4.7516
7.2636
8.9325
7.3536
6.2026
6.211
6.011
6.1828
6.8919
7.4839
7.9808
7.4555
5.4442
4.9881
4.9605
4.8781
3.9809
2.7732
1.1047
0.51393
0.14787
0.052961
-0.0031242
-0.040097
-0.022734
-0.044468
0.053252
0.49688
1.0445
1.1849
1.2826
1.3275
1.4376
1.6921
2.348
2.1175
2.2299
5.2158
5.7401
4.0234
1.5124
0.77136
0.71518
0.7973
0.79294
0.63676
0.31705
0.24518
0.14601
0.024531
0.002222
0.0010907
-0.0081951
-0.006461
-0.0079994
-0.0050576
-0.0058078
-0.0070556
-0.0028681
-0.0042242
-0.0069592
-0.036166
0.050261
0.29954
1.3979
1.1298
0.94443
1.5809
2.6521
2.7237
2.0018
1.9443
1.9724
1.9976
2.1072
1.8903
2.0376
2.238
2.2014
2.2899
2.5209
2.2552
1.8355
0.70181
0.48844
0.45412
1.0657
4.8937
7.541
8.5655
6.9579
5.4582
4.9005
4.9809
5.0814
5.9466
6.116
6.3063
6.3639
5.5488
4.8067
3.9563
3.7101
3.0674
1.9849
0.94977
0.62025
0.19529
0.09772
0.067292
-0.039898
-0.074655
-0.10069
-0.013986
0.12133
0.38486
0.53849
0.702
0.95472
1.1282
1.5761
1.7815
2.3259
2.3193
4.3429
5.0397
4.0139
1.6288
0.82524
0.46101
0.39807
0.53952
0.34573
0.18459
0.15914
0.096509
0.019578
0.0016982
-0.012592
-0.018692
-0.021
-0.018131
-0.0087557
-0.009961
-0.014202
-0.014216
-0.015751
-0.01382
-0.011329
0.21601
0.75508
2.9979
1.2928
1.3714
2.2393
3.5531
3.6146
3.4064
2.9741
2.7521
2.7492
2.599
2.7752
2.9326
2.8199
2.8982
3.1583
3.4503
3.4115
2.441
1.2275
0.63335
0.73038
1.4547
5.6473
9.1643
10.825
8.5937
7.0363
5.6661
5.0826
5.5681
6.0258
6.6795
6.8406
6.8109
6.3158
5.3486
4.4184
3.7377
3.2005
3.2151
3.2219
2.5461
1.7304
0.81928
0.19255
0.23422
0.042864
0.0041846
-0.059499
-0.10549
-0.16299
-0.34515
-0.40635
-0.15758
0.01064
0.040195
0.20897
0.41139
0.42691
0.55126
1.118
0.89624
1.0797
1.697
1.6987
1.7045
0.75937
0.44857
0.40009
0.45106
0.51955
0.41611
0.25121
0.10297
0.16936
0.035206
0.016407
0.0005484
-0.001919
-0.003788
-0.0033713
0.0048048
0.0016868
0.0082276
0.0080169
0.0077785
0.0097769
0.010644
0.011512
0.065545
0.11133
0.26227
0.64391
3.2605
2.4264
2.0459
3.0876
4.3717
3.8556
3.4057
2.9959
2.6797
1.8104
2.0229
2.065
2.3939
2.6241
2.0382
1.3736
0.70409
1.087
1.4501
4.5486
8.62
11.116
10.043
7.7679
5.895
4.9559
4.7653
5.2735
5.9048
6.2974
6.25
5.6316
5.2629
3.9357
3.1731
3.0123
2.4202
2.1779
1.9314
1.228
0.53305
-0.19642
0.51335
0.4554
0.54437
0.98526
1.3633
1.4154
1.3811
1.5603
1.8296
1.9223
1.9966
1.7843
1.7335
1.677
3.2297
4.7968
3.2731
1.7019
1.108
0.79914
0.79209
0.84833
0.57611
0.24577
0.20426
0.10407
0.084679
0.033671
0.020289
0.02001
0.040579
0.026843
0.031286
0.042426
0.046095
0.043483
0.046747
0.051471
0.0593
0.046243
0.22406
3.6822
3.2112
4.5512
6.4264
6.8218
6.0126
5.0155
4.8908
4.4202
3.891
3.9929
3.7919
3.4938
3.3335
3.6308
3.9122
3.9523
3.2286
2.2266
0.93061
12.97
11.606
8.1838
7.2359
7.4335
6.4582
6.8775
8.222
8.4737
7.949
6.7296
5.661
4.5796
4.1762
3.6023
3.4762
2.8425
2.7769
2.1229
1.6324
0.96018
0.14195
0.13926
0.11672
0.64231
1.1552
1.258
1.2789
1.3836
1.5423
1.9123
2.2739
1.9972
2.1744
1.9037
2.0783
3.8762
5.7412
4.7378
2.3645
1.3714
1.0323
0.77533
1.0895
0.90828
0.42204
0.35434
0.13462
0.12182
0.04838
0.026073
0.019029
0.031275
0.023193
0.028048
0.05461
0.06414
0.045717
0.044988
0.062793
0.047392
0.17195
9.2848
5.3233
3.6728
4.3561
5.3917
6.5717
5.8156
5.5052
4.861
3.5021
3.1273
3.006
2.7044
2.7386
2.4509
2.7162
3.0454
3.2971
2.9595
1.937
1.2211
1.3886
1.9515
8.4996
13.079
14.116
6.1172
6.0686
6.5459
7.1245
6.9278
6.155
4.9758
3.9117
3.4319
2.8329
2.7511
2.5326
1.9737
1.5556
1.1583
0.61697
0.048565
0.4055
0.15671
0.12808
0.096323
0.75375
0.90338
0.8481
0.94061
1.1165
0.9557
0.67288
0.89997
0.96139
2.0283
3.7516
3.4778
1.3928
1.06
0.92908
0.82956
0.71728
0.48963
0.23841
0.31987
0.16103
0.1094
0.040695
0.030699
0.030241
0.043397
0.043378
0.044952
0.049334
0.066238
0.080843
0.065233
0.076526
2.3731
6.3409
10.836
5.4238
3.4962
4.3743
6.6199
7.9918
7.1062
5.6792
4.8242
3.9793
4.1145
3.6185
3.4023
3.1619
2.8933
3.0021
3.5595
3.9345
2.9249
1.8097
11.065
12.234
10.395
6.4387
5.4028
4.104
3.9644
4.1021
3.8458
4.0522
3.8258
3.3154
2.3175
1.5579
1.3568
0.89785
0.74966
0.50002
0.14509
-0.16074
-0.57228
-0.93789
-0.010997
0.30625
0.62319
0.89279
0.98917
0.62919
0.57723
0.51869
0.6204
0.55415
0.49919
0.3745
0.6638
0.11124
0.47874
0.86089
0.34234
0.21173
0.01775
0.039028
0.13373
0.24433
0.25955
0.09389
0.11997
0.031302
0.017607
0.041683
0.029467
0.018842
0.038669
0.027972
0.055793
0.029088
0.059455
0.062334
0.039474
0.04641
0.045836
0.055508
0.04177
2.0515
1.2884
1.2541
1.9226
2.9506
3.4207
3.3407
1.8992
1.3008
1.0525
0.99912
0.97976
0.88906
0.82794
0.85669
0.89991
0.93104
0.78845
0.43218
0.31589
0.34367
0.58769
2.0458
3.6742
4.4547
3.8214
3.1937
2.4353
2.2915
2.1125
1.7319
2.0033
1.7979
2.0323
2.1426
2.2103
1.8656
1.3853
1.0191
1.1946
0.94888
0.68962
0.039153
0.074362
0.02814
0.18827
0.20581
0.38734
0.63278
0.596
0.54919
0.56668
0.57616
0.40115
0.22262
0.023582
0.061741
0.49757
0.41925
0.97748
2.2278
3.4172
1.5602
0.82951
0.68858
0.67815
0.87102
0.93861
0.2024
0.14005
0.097911
0.10982
0.11638
0.10381
0.046148
0.031468
0.042701
0.046357
0.034982
0.030754
0.058046
0.044852
0.04701
0.045311
0.42553
3.2572
4.7223
1.7281
0.97401
0.87513
1.257
1.9844
2.5463
2.5286
1.5541
1.2824
1.2961
1.2976
1.0692
0.82168
0.71417
0.73256
0.84126
0.95145
0.88762
0.45297
0.2997
0.31258
0.53021
2.0597
2.6584
2.4962
2.6981
2.5393
2.5283
2.3361
2.4348
2.6224
2.4632
2.0001
1.5708
1.1507
0.79246
0.7026
0.66404
0.63622
0.5115
-0.025541
-0.18617
0.42542
0.25565
0.22975
0.37322
0.63284
0.5973
0.59459
0.71005
0.69395
0.58454
0.40718
0.056823
-0.07915
-0.073567
-0.1366
0.0092242
-0.76321
-0.54431
0.0052496
-0.77234
-0.78735
-0.38803
-0.19076
-0.12614
-0.072678
-0.033884
0.0046535
0.019583
0.013446
0.0301
0.027739
0.036259
0.039928
0.022804
0.023328
0.024886
0.014396
0.01251
0.024118
0.025489
1.545
3.0983
3.9679
3.7651
1.9819
1.0733
0.90586
1.666
2.8831
3.9511
4.6508
3.4981
1.9005
1.2889
1.2889
1.3701
1.1442
1.0106
0.79266
0.45719
0.25706
0.49001
1.4349
3.2482
4.585
4.3175
3.5595
2.4651
1.7997
1.4538
1.3488
1.1626
1.0168
1.0847
0.84069
0.94224
0.57687
0.15695
-0.35518
-0.32466
-0.42228
-0.52619
-0.76078
-0.97277
-2.1611
-1.159
-0.63157
-0.17614
-0.26591
-0.06258
-0.10175
-0.079175
-0.085932
-0.29916
-0.3282
-0.34604
-0.39773
-0.15581
-0.38917
0.61108
3.2406
2.6378
1.3894
0.79032
0.60492
0.47891
0.53701
0.50448
0.16293
0.12683
0.13886
0.11649
0.061515
0.07896
0.084432
0.016122
0.027197
0.051814
0.032095
0.026414
0.037747
0.047254
0.81347
2.0486
4.4564
6.0003
3.136
2.3509
2.0205
3.1731
4.2742
4.8484
5.0099
3.6517
2.0815
1.7562
1.7582
1.5596
1.2298
1.0239
1.0345
0.92053
0.31746
0.59764
1.8555
5.6271
6.9465
6.223
4.8687
3.7256
3.2175
2.9694
2.9188
2.7111
3.134
3.1306
3.0347
3.3262
2.8601
1.9405
1.2217
0.91611
0.44933
0.55672
0.43393
0.11694
0.070246
-0.39285
0.25387
0.26725
0.26596
0.41131
0.48085
0.31898
0.30927
0.13077
0.064568
0.063764
-0.029136
-0.33438
-0.032298
-0.26285
0.94029
0.58192
0.41628
0.45664
0.23792
0.28775
0.30093
0.24343
0.13608
0.058402
0.074898
0.055955
0.057153
0.044053
0.030256
0.012362
0.022635
0.017391
0.011183
0.015238
0.022435
0.029099
0.031352
0.048831
0.040874
0.055774
1.6435
1.4722
1.3769
2.318
3.3339
4.0455
4.7842
3.9717
2.1935
1.7207
1.4707
1.3362
1.2316
0.87892
0.82272
0.75113
0.75392
0.98072
0.45983
0.37686
0.27062
0.58685
1.3795
3.5578
4.7015
4.7179
3.9295
3.4863
2.7262
2.5888
2.6164
1.8557
2.5947
2.5158
2.5565
2.6296
2.7613
2.1252
1.5975
1.0585
0.96987
1.1097
1.3828
1.2633
-0.038616
-0.061742
0.04902
0.23188
0.17869
0.32398
0.50542
0.58164
0.57712
0.53386
0.48594
0.55752
0.3204
0.0659
-0.093068
-0.076817
0.14483
0.78272
0.62653
1.0944
0.99955
2.6211
1.805
0.87552
0.42416
0.37012
0.30306
0.23333
0.17541
0.13592
0.059626
0.026387
0.064541
0.093822
0.026942
0.038023
0.0094772
0.057117
0.046779
0.017001
0.033266
0.046336
0.050785
0.055278
0.074106
0.38829
1.4694
3.234
6.0701
9.0651
3.0279
2.1006
1.757
2.3301
3.7318
5.2722
6.1731
6.068
5.5527
2.973
2.3234
2.1042
1.6936
1.4457
1.1579
0.83004
1.1379
1.223
0.92242
0.46828
0.34244
0.57914
1.5306
3.0292
4.9835
6.0129
5.1073
3.8086
3.3291
2.956
2.4966
2.192
2.3072
2.4553
2.8524
3.3422
1.5768
1.2243
0.8208
0.67094
0.72675
0.29765
-0.18434
0.2423
0.14848
0.18392
0.36056
0.50475
0.49788
0.44403
0.37293
0.41113
0.14611
0.092107
-0.14365
-0.33797
-0.43174
-0.68527
-0.48227
-0.73331
-0.23285
0.10235
1.0995
0.56542
0.51572
0.24693
0.21231
0.26431
0.17712
0.10169
0.075646
0.026274
0.042115
0.037189
0.06719
0.028698
0.013968
0.013014
0.013823
0.0080076
0.0054294
0.012079
0.025911
0.031518
0.039473
0.042885
0.25581
1.2166
1.7489
4.3781
7.1579
3.3759
4.2429
4.9861
4.3118
3.4438
2.4071
2.06
1.6916
1.6379
1.47
1.1511
0.90202
0.96198
1.0186
0.86643
0.52605
0.24574
0.46886
1.9261
3.9541
5.929
6.6835
6.2954
5.3218
4.2356
3.8762
3.0889
3.2911
3.7264
4.2244
4.9732
5.5639
5.4152
3.7694
2.5228
1.9803
2.0711
2.0552
2.0529
0.44528
0.2431
0.5883
0.81679
0.8945
0.75473
0.66159
0.60366
0.75965
0.50139
0.30796
0.29554
0.36419
0.38429
0.20072
0.24694
0.82355
0.44715
-0.93397
0.014436
0.026829
-0.16515
-0.22044
-0.21055
-0.11829
-0.033946
-0.00024183
0.013181
0.0094627
0.018794
-0.0018606
0.0043398
0.0018288
-0.00064651
7.0555e-05
-0.0013115
-0.00039941
0.006133
0.026139
0.294
0.51802
1.5716
1.1872
0.63439
0.33706
0.3316
0.50857
0.85818
1.0827
1.0904
0.83098
0.54935
0.39256
0.39529
0.39549
0.35744
0.32549
0.31654
0.25916
0.39551
0.059656
0.18311
0.79604
2.8743
3.2034
2.7367
2.7298
1.9235
1.9568
1.6075
1.8154
1.476
1.534
1.5331
1.6744
2.0187
1.6282
1.0495
0.56552
0.30693
0.075385
0.10655
0.098553
0.047056
-0.38056
-0.38969
0.46428
0.39311
0.36256
0.51993
0.9205
0.93132
0.93892
0.92757
0.69154
0.40323
0.26882
0.36157
0.23591
-0.46194
0.25301
-0.29729
1.2668
0.5736
0.44403
0.27727
0.2575
0.25007
0.3336
0.10041
0.10965
0.041389
0.047155
0.065042
0.039604
0.02841
0.009782
0.012386
0.027338
0.010432
0.010659
0.020512
0.02739
0.02317
0.028354
0.033116
0.031078
1.298
0.6284
0.83731
1.5582
2.4982
3.7513
3.5514
2.4902
2.0239
1.516
1.4461
1.3956
1.0851
0.83942
0.71792
0.71065
0.68779
0.53526
0.45093
0.21572
0.23137
0.44713
4.001
2.4403
1.8695
1.9933
2.12
1.9256
1.5063
1.5055
1.6503
2.0547
2.1819
1.8154
1.338
0.95292
0.70363
0.36592
0.46832
0.34367
0.45216
0.21106
-0.24846
-0.049454
0.0096675
0.045275
-0.018123
-0.025571
-0.078997
-0.18218
-0.23438
-0.27882
-0.38922
-0.62272
-0.72134
-0.65929
-0.16865
0.68514
-0.34855
-0.85825
-0.32399
-0.17264
-0.24137
-0.25136
-0.16594
-0.073509
-0.029168
-0.0069
-0.0067337
-0.0063783
0.00047346
0.0077638
0.0011253
-0.00011365
0.0045392
0.00082868
-0.0011724
0.0018292
0.0088437
0.019533
0.024578
0.024958
0.099959
0.78621
1.0473
3.3713
5.0028
1.5681
0.85219
3.2841
2.6287
1.3011
1.0327
1.0005
0.86755
0.75387
0.59436
0.58416
0.49804
0.68733
0.73774
0.38597
0.20827
0.17443
0.41773
1.052
2.6454
4.2574
4.4758
4.5972
3.3723
2.2827
1.9495
1.937
1.6858
2.0253
2.1292
2.333
2.9855
3.044
2.0463
1.7574
1.4106
0.98547
0.26914
0.039572
0.23363
0.237
0.38673
0.66525
0.65396
0.78879
0.62747
0.77774
0.63039
0.43147
0.28743
0.32533
0.13476
0.093982
0.44033
0.32188
1.1852
1.5416
3.4089
1.7549
1.0477
0.74047
0.56586
0.68118
0.73745
0.23897
0.14722
0.057448
0.084628
0.086329
0.091046
0.036648
0.023905
0.034859
0.034412
0.01857
0.014498
0.028649
0.031829
0.030978
0.032923
0.049511
0.043183
1.8037
1.2986
0.88306
1.7455
2.8408
3.9232
3.3152
2.8116
1.4804
1.4411
1.5723
1.509
0.93936
0.91289
0.90087
0.79771
0.80656
0.67806
0.26705
0.18885
0.11833
0.31777
1.0095
1.8485
2.4843
1.9532
1.5909
0.81054
0.72115
0.74485
0.29356
0.47165
0.20515
0.26638
0.62988
0.70796
0.45335
0.18561
0.34557
0.40386
0.090897
0.18557
0.13477
0.045965
0.070114
0.23306
0.26654
0.27234
0.044908
0.18481
0.12556
0.32875
0.36657
0.065314
-0.021821
-0.20305
-0.14166
-0.30944
-0.31217
0.34646
0.35297
1.1473
1.7997
0.81116
0.33979
0.26823
0.20273
0.10779
0.1166
0.066948
0.029516
0.023298
0.019314
0.020673
0.012469
0.0010285
0.00035187
0.0023095
0.00015749
0.0019801
0.0078353
0.013688
0.016685
0.022582
0.036407
0.195
0.4943
1.2503
0.15415
1.2554
1.4257
2.0134
2.2501
2.2272
1.8594
1.0968
0.82942
0.74951
0.59584
0.57275
0.57979
0.44016
0.65308
0.5222
0.28372
0.20415
0.16986
0.31829
0.58484
2.014
3.6354
4.159
5.835
7.3745
6.4062
6.1371
5.8522
6.4972
7.1396
8.1279
8.4608
8.6072
7.9452
7.1647
7.7564
7.8256
6.8576
5.4301
3.7486
2.3716
1.8639
2.3343
4.3153
6.3198
7.7664
7.3588
7.2378
7.2877
7.8553
8.8336
8.9546
9.3071
8.371
8.0679
7.2672
13.752
16.044
10.368
3.5621
2.0024
1.4951
1.957
1.5561
1.1329
0.47214
0.16962
0.086066
0.046657
0.035155
0.034871
0.030002
0.024212
0.023625
0.022879
0.015272
0.014914
0.016786
0.01204
0.010986
0.01172
0.0044028
-0.12263
-0.039893
-0.040656
0.30048
1.0263
0.53688
0.71232
0.94296
0.77649
0.7924
0.6569
0.4247
0.32642
0.30645
0.27158
0.35998
0.28116
0.31768
0.32514
0.28192
0.23986
0.4339
0.54007
1.3807
2.9197
4.1641
4.7419
5.4464
5.6952
5.1746
5.0146
5.2452
5.9622
8.919
8.7415
9.5595
9.3787
10.15
9.8382
7.9778
7.517
7.3761
6.1151
3.6211
1.4717
1.1901
1.6918
3.8905
5.8832
5.901
6.4177
6.6649
6.8055
7.6213
8.5819
8.5963
8.9077
8.1268
8.7547
8.9148
13.979
14.718
7.5183
2.8421
1.4417
1.0961
1.4704
1.508
0.90561
0.3676
0.19757
0.059731
0.042369
0.029238
0.023615
0.010504
0.0069505
0.005181
0.0054488
-0.0036319
-0.010991
-0.01467
-0.010712
-0.25133
-0.37193
-0.30014
1.472
0.89146
1.776
2.2877
2.2065
2.3853
2.4211
1.8488
1.4612
1.1422
0.79558
0.59239
0.59887
0.56991
0.60407
0.64439
0.55746
0.57247
0.75455
0.18355
0.28637
0.31477
0.24091
0.65081
1.8557
4.1317
4.6773
5.3327
5.2061
4.8612
4.8329
5.4648
6.6438
7.7503
8.3184
8.7252
8.6771
7.3533
7.023
6.3489
6.0251
5.3685
3.2909
2.1502
1.3523
1.2362
1.6195
2.4995
4.276
5.5191
5.9656
6.1297
6.743
6.9386
7.4463
8.6536
8.9555
9.0188
8.9086
8.4882
13.232
15.685
7.553
2.9336
1.641
1.0171
0.97946
1.1346
0.66245
0.25901
0.1391
0.10065
0.083876
0.039615
0.012045
0.0028398
-0.0016791
-0.00663
-0.010615
-0.012813
-0.013162
-0.015296
-0.018475
-0.58146
-0.15142
-1.0465
-2.4665
-0.46811
-0.7642
-0.8041
-1.0725
-1.4905
-1.3274
-0.98796
-0.83648
-0.76314
-0.68381
-0.48747
-0.38393
-0.35024
-0.42013
-0.50405
-0.6177
-0.56889
-0.43035
-0.52748
-0.49159
-0.29535
-0.41461
-0.72457
-0.44333
-0.020839
1.5965
3.5166
4.9448
4.9431
4.8123
5.7607
6.5826
7.9823
8.6652
8.8916
8.8341
8.7179
8.4543
9.4774
9.7846
9.367
8.6507
6.8063
1.6429
1.2502
1.6808
2.3402
3.7704
5.6785
7.1364
7.1069
7.497
7.466
8.3499
9.4557
9.9379
10.502
9.5424
9.508
14.089
15.831
10.413
2.9162
1.1028
0.67974
0.70601
0.73069
0.64462
0.20205
0.038204
0.013751
-0.00082139
-0.013745
-0.033672
-0.036721
-0.027949
-0.042177
-0.038876
-0.03843
-0.03546
-0.049582
-0.046283
-0.047955
-0.056312
-0.052663
-0.049253
-0.071037
-0.81787
-1.3185
-1.995
-2.0833
-1.5295
-1.027
-0.93095
-0.82964
-0.79545
-0.75662
-0.64553
-0.65673
-0.60802
-0.68536
-0.65582
-0.76241
-0.3713
0.07645
-0.082028
-0.18609
-0.24999
-0.025229
0.26212
0.64004
2.1913
2.8748
2.6068
2.3772
2.4806
3.6358
5.1646
5.7608
6.8523
7.3097
7.4633
6.6729
5.6181
5.7294
6.4436
5.9746
2.2507
1.3914
0.97488
0.55616
1.0598
1.0774
2.1893
4.0875
5.0707
4.9234
4.9432
5.3945
6.5683
7.3506
8.1441
8.1017
8.2055
8.6393
13.679
14.95
11.433
3.8397
1.6057
1.4162
1.2912
1.0753
0.70848
0.27557
0.078235
0.045169
0.022361
0.022929
0.017149
0.0092271
-0.00098899
-0.0059271
-0.0095686
-0.017486
-0.017286
-0.029175
-0.02765
-0.034423
-0.040619
-0.035078
-0.041873
-0.02921
-0.884
-1.3472
-1.7835
-1.9848
-1.6994
-1.4411
-1.4541
-1.2858
-0.92875
-0.7658
-0.74651
-0.69909
-0.81007
-0.7643
-0.63592
-0.75337
-0.11934
-0.13507
-0.19512
-0.25769
-0.55065
-0.93685
-0.66672
0.0465
0.80536
2.2998
2.4484
2.7521
3.0727
3.6054
4.3022
5.2984
5.4718
5.5158
5.4308
5.4849
5.934
5.7726
5.3875
5.3344
4.2977
3.6333
2.3448
1.8668
1.304
0.74984
0.64717
0.4088
0.6075
0.92842
3.1834
3.6332
3.8173
4.7017
5.2029
5.7939
5.7208
5.0122
7.8537
8.4113
6.2357
1.9204
0.69919
0.44463
0.50056
0.52098
0.37289
0.076185
0.01821
0.0072049
-0.0028626
-0.012931
-0.018945
-0.027006
-0.035433
-0.036285
-0.042023
-0.044376
-0.056367
-0.064675
-0.062537
-0.066271
-0.073142
-0.067095
-0.065554
-0.09485
-1.2974
-1.4322
-1.443
-1.4083
-1.3931
-1.4528
-1.4351
-1.2711
-0.96664
-0.76807
-0.84874
-0.90902
-0.90801
-0.84747
-0.6733
-0.6038
-0.39957
-0.0097606
-0.17929
-0.33762
-0.33435
-0.77805
-0.89277
-0.11747
0.15005
1.6973
2.209
2.6155
2.4529
3.0859
4.2132
5.2658
5.635
5.1249
4.7008
4.8845
4.904
4.8574
5.0152
4.3815
3.4941
2.8642
0.71248
0.39933
0.52873
0.77864
1.6534
2.6604
3.7902
4.6202
5.1329
5.502
5.6167
6.9769
7.6332
7.8596
7.4062
7.7246
13.54
12.296
7.2391
2.5069
1.264
0.99804
1.3444
1.3119
0.41141
0.14551
0.045228
0.026391
0.0072757
0.0014113
-0.0057681
-0.014198
-0.019889
-0.027504
-0.040835
-0.049938
-0.077471
-0.081427
-0.077952
-0.075922
-0.084099
-0.084412
-0.050842
-0.088886
-0.88725
-0.9698
-2.0139
-1.4858
-1.0718
-1.1547
-1.3888
-1.176
-1.4082
-1.4008
-1.4047
-1.2697
-1.0902
-0.95098
-0.8408
-0.9731
-1.0211
-0.96069
-1.0624
-0.97935
-0.49576
-0.36846
-0.16747
-0.12192
-0.16396
-0.09689
0.4706
0.93896
1.7546
2.3793
2.6663
2.3684
2.7142
3.2135
4.1026
4.9003
4.8934
4.4569
4.2441
3.9089
3.9144
3.425
2.4731
1.6233
1.4435
1.0609
0.66393
0.61855
0.45156
0.52544
0.69816
1.587
3.0136
2.9278
3.7331
4.05
4.1263
4.6783
5.0859
5.7049
6.3421
5.9906
5.7068
9.3869
11.204
7.7661
2.4902
1.2033
1.0161
1.0062
0.80363
0.34283
0.11329
0.046572
0.021242
0.010858
-0.0005569
-0.0085127
-0.014118
-0.025471
-0.028061
-0.030667
-0.045103
-0.04972
-0.071913
-0.066334
-0.051983
-0.062226
-0.063635
-0.067627
-0.06391
-0.058954
-1.0114
-1.3171
-1.8307
-0.68691
-0.65576
-0.61812
-0.877
-0.94502
-0.97598
-1.0187
-1.0786
-0.98425
-0.83878
-0.6169
-0.52786
-0.65339
-0.70107
-0.84253
-0.36157
-0.25395
0.13006
0.023039
0.013857
0.16236
0.55159
1.579
2.1264
3.3069
3.6126
3.318
3.5462
4.249
5.0461
5.2799
5.4351
5.0398
4.5463
4.2536
4.5881
4.7694
4.7201
4.8259
4.0196
3.2025
2.2552
1.4021
1.2296
0.56144
0.32711
0.25054
0.08475
0.0001707
0.016615
0.16405
0.42038
0.90327
1.2367
1.1713
1.2947
1.6881
2.1547
2.469
2.9551
3.1111
3.2725
6.4234
6.5374
5.0817
1.4763
0.79667
0.76587
0.70229
0.75751
0.23498
0.11057
0.019174
0.0045034
0.012281
0.0028156
-0.0071851
-0.013094
-0.021599
-0.029343
-0.036541
-0.036886
-0.044588
-0.045735
-0.047534
-0.055066
-0.058583
-0.055495
-0.057394
-0.047714
-0.38124
-1.0778
-2.9812
-1.2706
-0.94073
-1.2018
-1.6039
-1.6342
-1.4759
-1.2464
-1.171
-1.1007
-1.0233
-0.95979
-0.96707
-1.0793
-1.118
-1.2217
-1.1729
-1.0496
-0.53463
-0.2858
-0.13735
-0.011024
0.024936
0.16707
0.70999
0.86367
1.692
1.7867
1.9498
1.8629
2.3316
2.8172
3.4408
3.7302
3.3007
2.9495
2.8234
2.9036
2.734
3.3264
3.2477
2.3795
1.7435
1.0864
0.71128
0.51219
0.28617
0.17063
0.088335
-0.029297
-0.14087
-0.19023
-0.23678
-0.19359
-0.12195
0.29448
0.47338
0.92875
1.2312
1.3223
1.4565
1.5219
1.9387
2.1064
5.0134
8.8952
4.4781
1.1172
0.56438
0.53454
0.58114
0.59931
0.29263
0.065792
0.011609
0.0021202
-0.00042078
-0.0077312
-0.010926
-0.013958
-0.02646
-0.031861
-0.02962
-0.040732
-0.032747
-0.040193
-0.042198
-0.05297
-0.059465
-0.070431
-0.069088
-0.043009
-0.34483
-0.88525
-3.2077
-0.87517
-0.8101
-0.80744
-1.307
-1.421
-1.4128
-1.1621
-1.0752
-0.95844
-0.92513
-0.94705
-0.90066
-0.96746
-1.1588
-1.1706
-1.0528
-0.7057
-0.13328
-0.26387
-0.026658
0.029283
0.08335
0.12944
0.50704
1.4735
1.6524
2.2431
2.0764
2.3435
2.8552
3.1973
3.5021
3.2545
2.9097
2.6334
2.292
2.4287
2.9853
2.9733
2.3117
1.8374
1.2828
0.85087
0.56417
0.45494
0.16883
0.016717
-0.097924
-0.20876
-0.25543
-0.27979
-0.36214
-0.34044
0.28178
0.58948
0.60336
0.62777
0.87976
1.4006
1.4116
1.7442
1.6337
1.7715
5.1536
8.6327
4.3716
0.97208
0.59386
0.55771
0.54043
0.55051
0.21025
0.01171
0.010076
0.0073574
0.0013623
-0.003386
-0.0065686
-0.011923
-0.015209
-0.019278
-0.025432
-0.022489
-0.034578
-0.034123
-0.041119
-0.04441
-0.045005
-0.045995
-0.03459
-0.039838
-0.060271
-0.73415
-1.6571
-0.2109
-0.14804
-0.17687
-0.18839
-0.28976
-0.29769
-0.31581
-0.25266
-0.22511
-0.22111
-0.24996
-0.26458
-0.27512
-0.28486
-0.36389
-0.34465
-0.2041
-0.062952
0.14616
0.12104
0.17754
0.31825
0.78378
1.5591
2.3019
2.16
2.4339
1.9251
1.3329
1.7256
1.8406
1.8343
1.2363
1.1998
0.94247
0.79487
0.71363
0.62202
0.47126
-0.42921
-0.60994
-0.81495
-0.86996
-0.5818
-0.29481
-0.33069
-0.2909
-0.46455
-0.44161
-0.47539
-0.53384
-0.69373
-1.0668
-1.4687
-1.4232
-1.8415
-1.7944
-2.2793
-2.6151
-2.4444
-2.4065
-2.4024
-2.1059
-2.6438
-4.6067
-2.3215
-0.52454
-0.56875
-0.62802
-0.75359
-1.2609
-1.4323
-0.48908
-0.13604
-0.058311
-0.091784
-0.10397
-0.066132
-0.059781
-0.022519
-0.039884
-0.037134
-0.058039
-0.054821
-0.068741
-0.086352
-0.048113
-0.075368
-0.086969
-0.08451
-0.091424
-0.059658
-1.1685
-2.5031
-0.95702
-0.7048
-0.62196
-0.99627
-1.3404
-1.2801
-1.0734
-0.91454
-0.85956
-0.87821
-0.87773
-0.80225
-0.70951
-0.86162
-1.0005
-1.1153
-0.70285
-0.11951
-0.014722
-0.076192
-0.037687
0.068521
-0.0068931
-0.10077
0.21919
-0.71417
0.050143
0.062485
0.23391
0.31329
0.42272
0.20866
-0.25022
-0.44162
-0.61347
-1.1832
-1.8847
-1.9619
-1.7782
-1.0218
-1.2343
-1.1347
-1.0558
-0.72945
-0.59441
-0.5548
-0.50233
-0.49674
-0.53117
-0.32287
-0.49907
-0.52075
-0.7906
-1.0048
-1.397
-2.0916
-2.186
-2.6411
-3.6311
-3.8034
-3.6942
-3.8182
-2.8269
-3.1073
-0.044528
1.9383
0.27609
0.059385
0.055939
-0.03159
-0.060605
-0.085288
-0.17059
-0.024152
-0.0057236
-0.015713
-0.018259
-0.011802
-0.011596
-0.026375
-0.036485
-0.019667
-0.021164
-0.046623
-0.03608
-0.03056
-0.04283
-0.059106
-0.052926
-0.036154
-0.02555
-0.030584
-0.13294
-1.0629
-0.40916
-0.24102
-0.1752
-0.25424
-0.41473
-0.48665
-0.52533
-0.39793
-0.4002
-0.39192
-0.43792
-0.44418
-0.42459
-0.47451
-0.44037
-0.50794
-0.49061
-0.3495
-0.17918
-0.1426
-0.1273
-0.11829
-0.48064
-1.4883
-1.5866
-2.8072
-1.7855
-1.3401
-1.4463
-1.208
-1.0252
-1.6343
-2.2107
-2.1291
-2.2422
-2.2554
-2.3988
-2.0279
-1.7676
-1.4282
-1.4979
-1.5971
-1.2936
-1.0158
-0.74188
-0.68201
-0.51432
-0.37726
-0.3765
-0.33726
-0.35197
-0.72383
-0.98382
-2.0832
-3.1329
-3.4353
-3.4184
-3.9802
-4.7901
-5.3819
-5.1531
-4.8517
-4.3516
-4.4487
-2.2457
-1.163
-0.64224
-0.51741
-0.57671
-0.64222
-0.83665
-0.92471
-0.64313
-0.084122
-0.073613
-0.092729
-0.088688
-0.032995
-0.04305
-0.028837
-0.047755
-0.034047
-0.039175
-0.045773
-0.055529
-0.051773
-0.057886
-0.060755
-0.041814
-0.045418
-0.018807
-0.31501
-2.4359
-3.4723
-0.68292
-0.26702
-0.13841
-0.33818
-0.97355
-1.1828
-0.72152
-0.4925
-0.47832
-0.44727
-0.46989
-0.52165
-0.46349
-0.48151
-0.57812
-0.67787
-0.6353
-0.60324
-0.51095
-0.43785
-0.47957
-0.53457
-0.55932
-0.52488
-0.4713
-0.42398
-0.41321
-0.4018
-0.42034
-0.4664
-0.51111
-0.47705
-0.50428
-0.46424
-0.41161
-0.3824
-0.37329
-0.27921
-0.25023
-0.2084
-0.15505
-0.14111
-0.11091
-0.12543
-0.136
-0.11754
-0.13093
-0.15006
-0.20573
-0.21398
-0.25197
-0.27874
-0.28499
-0.27827
-0.315
-0.3118
-0.36272
-0.30998
-0.38265
-0.39153
-0.37676
-0.39025
-0.44286
-0.38648
-0.34366
-0.35642
-0.37175
-0.32742
-0.28864
-0.29895
-0.26381
-0.24377
-0.20221
-0.19735
-0.18355
-0.20318
-0.1887
-0.20128
-0.21155
-0.19106
-0.21611
-0.22708
-0.26463
-0.26584
-0.28961
-0.25768
-0.30852
-0.3011
-0.28053
-0.30186
-0.31139
-0.34011
-0.32477
-0.27675
-0.23781
-0.26667
-0.26886
-0.27379
-0.22368
-0.28764
-0.23337
-0.23236
-0.22578
-0.22534
-0.21818
-0.25183
-0.25952
-0.27644
-0.28064
-0.28144
-0.32799
-0.35243
-0.36092
-0.40928
-0.41721
-0.47003
-0.49064
-0.50092
-0.50388
-0.47288
-0.42427
-0.40944
-0.44159
-0.4243
-0.43491
-0.40341
-0.37806
-0.32668
-0.34473
-0.30544
-0.29991
-0.31146
-0.29248
-0.32102
-0.34296
-0.34052
-0.32476
-0.35069
-0.34177
-0.37455
-0.41959
-0.41105
-0.38427
-0.39846
-0.49141
-0.49729
-0.51784
-0.55779
-0.54129
-0.55018
-0.51616
-0.45709
-0.49667
-0.46131
-0.43004
-0.42462
-0.41944
-0.35224
-0.38169
-0.33394
-0.30062
-0.2713
-0.25818
-0.17069
-0.17104
-0.21917
-0.23279
-0.26458
-0.29884
-0.29996
-0.34797
-0.37771
-0.38948
-0.40711
-0.43136
-0.42199
-0.45382
-0.47942
-0.46948
-0.49036
-0.48377
-0.45837
-0.5113
-0.44673
-0.46064
-0.43252
-0.3856
-0.37448
-0.36001
-0.34901
-0.31448
-0.29176
-0.30246
-0.25095
-0.29853
-0.27006
-0.26445
-0.2859
-0.28837
-0.35349
-0.39467
-0.37956
-0.39522
-0.42251
-0.46439
-0.48052
-0.47013
-0.49527
-0.46812
-0.49073
-0.45121
-0.45626
-0.4344
-0.40374
-0.4054
-0.38552
-0.40453
-0.34527
-0.33784
-0.34783
-0.3265
-0.31624
-0.34697
-0.35078
-0.36586
-0.37178
-0.38768
-0.39992
-0.40931
-0.4407
-0.44865
-0.46321
-0.47722
-0.48964
-0.48218
-0.4992
-0.51817
-0.4734
-0.47563
-0.52285
-0.50332
-0.50758
-0.46369
-0.45792
-0.47114
-0.45137
-0.423
-0.36423
-0.3571
-0.33565
-0.30394
-0.30204
-0.29493
-0.29318
-0.29404
-0.317
-0.33104
-0.33893
-0.36557
-0.38425
-0.38595
-0.39218
-0.44577
-0.45072
-0.452
-0.459
-0.47641
-0.47335
-0.45015
-0.47605
-0.46819
-0.43585
-0.43392
-0.43588
-0.42839
-0.39707
-0.39776
-0.40681
-0.39948
-0.36045
-0.40392
-0.4039
-0.40054
-0.40121
-0.426
-0.41975
-0.40923
-0.43227
-0.4665
-0.44526
-0.47626
-0.50276
-0.50955
-0.51737
-0.51136
-0.538
-0.54607
-0.55064
-0.54768
-0.51124
-0.5238
-0.50443
-0.49841
-0.51344
-0.51932
-0.4977
-0.49293
-0.52235
-0.46404
-0.49712
-0.47192
-0.49105
-0.44981
-0.46133
-0.44579
-0.4818
-0.44758
-0.48437
-0.45446
-0.48296
-0.47312
-0.46572
-0.48422
-0.51926
-0.49554
-0.50424
-0.49807
-0.48262
-0.52941
-0.49907
-0.46973
-0.49779
-0.49035
-0.52762
-0.41792
-0.43384
-0.4212
-0.39102
-0.42133
-0.41732
-0.4435
-0.45506
-0.45369
-0.42755
-0.45041
-0.43048
-0.40789
-0.45868
-0.44273
-0.44447
-0.45791
-0.45553
-0.46907
-0.43183
-0.41391
-0.43301
-0.46474
-0.4436
-0.44084
-0.44318
-0.43317
-0.41928
-0.43436
-0.41974
-0.43174
-0.4363
-0.41334
-0.42484
-0.45314
-0.40563
-0.41236
-0.41557
-0.41958
-0.42396
-0.43829
-0.44034
-0.42592
-0.44873
-0.43625
-0.46325
-0.45429
-0.45641
-0.45764
-0.47915
-0.47818
-0.47256
-0.4751
-0.46932
-0.45941
-0.4667
-0.48252
-0.49538
-0.48415
-0.47666
-0.48812
-0.45515
-0.45053
-0.42621
-0.4168
-0.4653
-0.47118
-0.47922
-0.48326
-0.47355
-0.48361
-0.412
-0.45605
-0.49855
-0.48001
-0.49671
-0.48042
-0.4924
-0.50602
-0.49327
-0.47352
-0.42985
-0.44609
-0.52063
-0.47673
-0.46151
-0.41434
-0.45845
-0.47421
-0.49303
-0.46012
-0.47757
-0.49149
-0.46642
-0.47609
-0.45259
-0.49126
-0.48182
-0.43553
-0.45074
-0.46065
-0.44523
-0.47078
-0.47349
-0.46481
-0.47651
-0.44145
-0.43493
-0.45353
-0.45088
-0.44875
-0.45712
-0.46617
-0.46433
-0.41236
-0.47036
-0.48696
-0.47538
-0.47158
-0.47304
-0.44987
-0.46744
-0.43988
-0.45359
-0.46614
-0.43792
-0.44739
-0.43572
-0.47043
-0.4795
-0.46679
-0.47968
-0.46535
-0.44602
-0.47966
-0.46182
-0.44027
-0.43426
-0.457
-0.47415
-0.45224
-0.41599
-0.45066
-0.46951
-0.41045
-0.43613
-0.43013
-0.40831
-0.42207
-0.39737
-0.41518
-0.43754
-0.484
-0.47421
-0.44433
-0.49761
-0.47748
-0.45182
-0.50704
-0.50322
-0.45246
-0.47052
-0.4846
-0.48319
-0.43667
-0.42338
-0.47076
-0.46897
-0.41922
-0.49231
-0.45043
-0.479
-0.47132
-0.49867
-0.47191
-0.49674
-0.47626
-0.43939
-0.48665
-0.46083
-0.44645
-0.45735
-0.50116
-0.46429
-0.46851
-0.53444
-0.49518
-0.50262
-0.47425
-0.44992
-0.47422
-0.4607
-0.46213
-0.44636
-0.46472
-0.46961
-0.50802
-0.48747
-0.46141
-0.44331
-0.48519
-0.45223
-0.47383
-0.45154
-0.45954
-0.46568
-0.45201
-0.45481
-0.43284
-0.42946
-0.44053
-0.4471
-0.44307
-0.47928
-0.4874
-0.44138
-0.44694
-0.46589
-0.46175
-0.4702
-0.46955
-0.46534
-0.46069
-0.4618
-0.46419
-0.46839
-0.4692
-0.48239
-0.44918
-0.47207
-0.47932
-0.4624
-0.46359
-0.48183
-0.42653
-0.4873
-0.46322
-0.47116
-0.45276
-0.45686
-0.46859
-0.45312
-0.48596
-0.49455
-0.50528
-0.4684
-0.48378
-0.4313
