-0.014708
-0.073315
-0.023117
-0.081266
-0.033273
-0.028814
-0.073637
-0.023396
-0.02969
-0.016685
-0.020517
-0.018541
-0.02072
-0.024995
-0.02009
-0.0155
-0.017544
-0.014831
-0.032014
-0.078876
-0.038986
-0.052116
-0.051058
-0.060221
-0.051276
-0.056253
-0.10883
-0.10488
-0.094725
-0.024979
-0.030819
-0.0079963
-0.015926
-0.0088843
-0.008563
-0.024261
-0.021805
-0.018465
-0.031633
-0.028709
-0.034449
-0.034209
-0.015678
-0.032219
-0.024026
-0.014663
-0.018216
-0.015031
-0.062106
-0.0099665
-0.0078916
-0.013197
-0.020411
-0.081767
-0.035389
-0.07883
-0.031667
-0.024079
-0.030656
-0.02697
-0.032978
-0.021916
-0.027904
-0.021476
-0.018554
-0.022151
-0.010395
-0.014082
-0.0076622
-0.01918
-0.018396
-0.025988
-0.034822
-0.034467
-0.041783
-0.05565
-0.042597
-0.041301
-0.051325
-0.03753
-0.039205
-0.039569
-0.036653
-0.041468
-0.032001
-0.031881
-0.045131
-0.033296
-0.035147
-0.027486
0.033887
-0.046055
-0.043049
-0.040729
-0.050201
-0.036294
-0.04348
-0.040012
-0.0347
-0.050642
-0.048991
-0.062233
-0.068094
-0.049024
-0.048756
-0.036659
-0.033964
-0.033749
-0.024786
-0.028653
-0.040016
-0.035331
-0.028744
-0.027568
-0.033602
-0.040405
-0.016846
-0.016646
-0.022702
-0.019807
-0.014602
-0.081902
-0.0191
-0.020543
-0.021439
-0.021036
-0.024027
-0.010718
-0.023808
-0.022713
-0.0047983
-0.0090736
-0.01087
-0.013745
-0.0056205
-0.0035687
-0.0064
-0.0059065
-0.0066568
-0.0239
-0.031798
-0.020823
-0.032721
-0.026585
-0.041133
-0.039081
-0.02546
-0.0070263
-0.020904
-0.0034681
-0.012154
-0.023512
-0.022138
-0.018506
-0.029027
-0.019253
-0.027806
-0.02944
-0.084905
-0.041093
-0.03786
-0.034136
-0.040727
-0.034821
-0.035754
-0.045603
-0.039459
-0.094057
-0.023979
-0.016865
-0.012961
-0.010864
-0.012939
-0.019297
-0.0098213
-0.014519
-0.012974
-0.011195
-0.0087634
0.0039108
-0.0016597
0.0018939
0.012585
-0.011606
-0.0028133
-0.0087284
-0.015249
-0.027436
-0.017373
-0.016851
-0.024322
-0.007102
-0.021354
-0.012831
-0.0042239
-0.012629
-0.008423
-0.012028
-0.0074555
-0.0491
-0.0091413
-0.055141
-0.0082403
-0.016883
-0.013553
-0.026841
-0.0021547
-0.00058111
-0.015317
-0.013519
-0.0052329
-0.0064526
-0.014694
-0.014382
-0.005182
-0.0093886
-0.013201
-0.0049978
-0.0061578
-0.00067714
-0.0051475
-0.064233
0.00087948
0.038787
-0.0099689
-0.011115
-0.074514
-0.021682
-0.069441
-0.022665
0.034615
-0.019265
-0.020638
-0.021606
-0.019855
0.027999
0.029667
-0.033554
-0.020488
0.035969
-0.021469
-0.016511
0.040123
-0.027672
-0.035797
0.011123
-0.043892
-0.041026
-0.039566
-0.085563
-0.030634
-0.035725
-0.092531
-0.022226
-0.033178
-0.042808
0.01363
-0.027006
-0.093463
-0.033912
-0.030004
0.0088574
-0.038542
0.013142
-0.094815
0.0022205
0.014376
-0.049346
0.0088534
-0.046545
-0.009656
-0.11185
-0.11135
-0.0080758
-0.061629
0.0010628
-0.10066
-0.050569
-0.03918
-0.048917
0.0064456
-0.040396
-0.0069316
-0.0090388
0.048714
0.074557
0.1484
0.16373
0.29809
0.27802
0.42867
0.45464
0.49234
0.58463
0.62765
0.65413
0.72761
0.79675
0.84874
0.87517
0.95878
0.85872
0.92898
1.0032
0.95724
0.9952
1.0711
0.98254
1.0155
0.95306
1.0276
0.98476
1.0199
0.92122
0.85131
1.091
0.91503
0.6263
0.92287
0.47483
0.33722
0.41032
1.1454
1.9161
0.34306
-0.4958
-1.2734
-2.2777
-3.2616
-4.177
-4.6791
-5.3585
-5.7563
-5.9167
-6.2868
-6.3065
-5.6339
-5.9254
-6.1178
-5.4096
-4.7489
-4.8925
-4.5845
-3.1537
-2.0826
-1.5123
-1.4241
-1.7903
-1.6521
-1.6462
-1.773
-1.9287
-2.0161
-2.149
-2.3543
-2.1831
-1.9167
-1.9418
-1.7625
-1.5734
-3.436
-4.2677
-4.1408
-1.6606
-0.94807
-0.57521
-0.54998
-0.3234
-0.14998
1.1148e-05
0.0226
0.023284
0.098668
0.083571
0.082968
0.028425
0.028579
0.025873
0.045677
0.047251
0.059519
0.063234
0.3059
0.67441
1.2873
1.5422
2.2237
4.3391
1.9759
0.83805
0.46388
0.0013412
0.32345
-0.12977
-0.10876
-0.412
0.096348
0.19924
0.28196
0.40369
0.61427
0.68257
0.56082
0.47065
0.49665
0.48665
0.33988
1.1599
3.5663
6.0116
5.4644
4.4929
2.6932
1.4709
1.1231
0.44963
-0.00081848
-0.16686
-0.98782
-1.9932
-2.4175
-2.4413
-1.7974
-1.875
-1.6668
-1.7036
-2.1397
-2.9379
-2.736
-3.3263
-1.8644
-1.5582
-0.82684
-0.55103
-0.6454
-0.85657
-0.72196
-1.0563
-1.4887
-1.8483
-1.7465
-1.7529
-1.859
-1.8395
-1.8828
-1.849
-1.3458
-1.3508
-0.76168
-0.44826
-0.16658
-0.10521
-0.046218
0.0016984
0.070563
0.036289
0.06747
0.085191
0.099589
0.0748
0.027721
0.053657
0.049585
0.040664
0.060328
0.068609
0.060791
0.06066
0.05523
0.049425
0.82249
2.2881
1.0002
0.6798
1.3751
1.3162
2.6271
3.4934
4.3562
1.9811
1.0364
1.0563
1.2174
1.3345
1.0265
0.79251
0.79997
1.0435
1.1585
0.90394
3.1364
6.1323
6.4855
4.0021
2.72
2.1962
1.4907
1.3903
0.93137
0.84487
0.5789
-0.29339
-0.90815
-2.014
-1.8173
-1.7667
-2.0161
-1.919
-2.492
-2.4859
-2.6399
-2.1482
-1.81
-0.93924
-0.40617
-0.15374
-0.24207
-0.65975
-0.99968
-0.90685
-1.2843
-1.9048
-2.1013
-1.9587
-2.3
-2.6906
-4.1069
-3.6674
-2.2779
-0.7943
-0.36824
-0.092403
-0.072451
-0.01155
0.072137
0.0927
0.10767
0.099391
0.10387
0.10674
0.098488
0.049161
0.02147
0.063094
0.053714
0.029256
0.040514
0.070186
0.072089
0.062271
0.060283
0.045302
0.05487
1.3104
1.9619
6.5418
5.6602
0.80541
0.15439
0.025658
-0.29809
-0.53763
-0.16841
0.82188
1.3341
0.84938
0.74999
0.60132
0.64419
0.52152
0.39776
0.39963
0.4695
0.65352
0.62038
0.53999
0.34166
0.2445
0.43335
1.0829
2.1899
2.146
1.6658
0.19059
-0.58319
-1.0242
-1.6016
-2.2986
-2.9998
-3.4371
-4.5056
-5.4774
-5.5541
-5.6269
-5.0284
-4.3235
-3.8195
-3.8355
-4.3327
-4.7712
-4.3003
-4.2653
-2.6839
-1.3409
-1.2444
-1.2355
-1.6604
-1.9762
-2.1299
-1.9396
-1.9094
-2.0324
-2.0816
-2.5252
-2.856
-3.0836
-5.0001
-5.0782
-5.5116
-1.8634
-1.0427
-0.62118
-0.49055
-0.36453
-0.16576
-0.0030646
0.015124
0.074355
0.079992
0.068547
0.074441
0.016345
0.032015
0.049855
0.032447
0.033364
0.049333
0.07108
0.040732
0.065391
0.26552
1.3447
7.0217
8.614
1.8016
0.93378
0.76807
1.3242
1.6697
2.1455
2.4996
1.5601
1.0951
1.181
1.278
1.264
0.84655
0.69207
0.73388
0.85721
1.0272
0.94411
0.52072
0.41226
0.30358
0.5233
1.6182
2.9447
2.2957
0.94213
0.080409
-0.54427
-1.157
-1.9907
-2.418
-3.3737
-3.3976
-3.2138
-3.8109
-3.8295
-4.0628
-4.2893
-4.0743
-3.8886
-3.0546
-1.7513
-0.64508
-0.46247
-0.30543
-0.35444
-0.44077
-0.42648
-0.62439
-0.86877
-0.88536
-1.1445
-1.2702
-1.1149
-1.0012
-1.1842
-1.656
-2.2263
-2.4051
-4.1312
-3.3333
-1.5336
-0.9017
-0.47115
-0.25173
-0.10208
-0.039403
0.0033823
0.029932
0.052952
0.032211
0.011329
0.057637
0.069688
0.033234
0.03428
0.068509
0.041774
0.075046
0.049524
0.058891
0.06858
1.0265
1.5591
6.5276
5.6267
1.2198
0.40739
0.26308
0.35241
0.027356
0.05817
1.2171
1.2611
0.9877
0.84891
0.73112
0.63332
0.36547
0.37641
0.44896
0.52322
0.55798
0.69037
0.48159
0.35691
0.24288
0.47735
1.0029
1.7543
0.9255
0.27573
-0.37748
-0.27308
-1.2595
-1.4753
-1.9905
-2.6593
-2.6766
-2.727
-2.6899
-2.7087
-2.5913
-2.9296
-2.8918
-2.8393
-2.5667
-1.4307
-0.49009
-0.36276
-0.11169
-0.041595
0.088041
0.1937
0.071355
-0.25676
-0.38075
-0.64431
-0.69427
-0.66321
-0.97909
-1.3588
-1.6607
-1.0546
-1.3797
-2.3181
-2.3854
-0.19092
0.42768
0.45159
0.34194
0.41281
0.4615
0.40431
0.21324
0.11394
0.051068
0.069085
0.108
0.074574
0.063357
0.11393
0.13954
0.096217
0.075789
0.073602
0.076864
0.059416
0.8518
1.6256
4.8631
5.4019
1.1386
0.34393
0.28478
0.32678
0.20514
0.20662
0.44103
1.0024
0.62106
0.44695
0.43915
0.41601
0.59926
0.79932
0.70043
0.36073
0.21286
0.16569
0.32956
0.5219
1.524
0.69639
-0.83239
-0.88773
-1.354
-1.603
-2.4732
-2.6772
-3.0999
-3.7621
-4.9418
-6.1193
-6.916
-6.9058
-6.1518
-5.5692
-4.9477
-5.2251
-5.4003
-5.4447
-5.0322
-3.785
-0.69513
-1.5024
-2.2085
-2.4489
-2.7907
-3.2249
-3.183
-3.1134
-2.9592
-3.1042
-3.0474
-3.2813
-3.915
-4.5744
-7.0241
-5.8652
-4.716
-2.2472
-1.0766
-0.6563
-0.44564
-0.26337
-0.13026
-0.048508
0.00046946
0.025291
0.050949
0.073207
0.030449
0.048851
0.062041
0.062969
0.024853
0.038057
0.057868
0.074707
0.068283
0.060121
0.077691
0.07432
0.048514
0.75714
1.7258
0.83513
0.69102
1.1692
1.2725
1.1736
1.0363
1.2189
0.78714
0.7846
0.84943
0.7363
0.72683
0.64092
0.58141
0.75721
0.96145
0.72542
0.41109
0.32105
0.44498
0.58764
1.5845
2.9011
3.4196
3.8599
2.6555
1.7332
0.82132
0.43013
-0.15672
-0.36233
-0.4056
-1.1903
-1.4393
-2.0467
-2.0224
-1.7725
-1.6713
-1.8547
-1.7958
-2.0967
-1.7877
-0.44278
-0.17229
-0.23954
-0.48312
-0.92326
-1.202
-1.3372
-1.4528
-1.6539
-2.3156
-2.3005
-2.2934
-2.1572
-2.3392
-1.9108
-1.9113
-5.3418
-8.3719
-2.6634
-1.0607
-0.56389
-0.55194
-0.50507
-0.27954
0.043588
0.06143
0.043851
0.026991
0.039019
0.042856
0.030923
0.030359
0.056221
0.048512
0.040848
0.03871
0.035131
0.039141
0.021275
0.02136
0.032367
0.03865
0.024374
1.4722
0.90164
0.76973
0.45408
0.41522
0.42242
0.29402
0.4818
0.20913
0.27954
0.26544
0.21887
0.25931
0.26206
0.35465
0.46358
0.61325
0.46609
0.20548
0.20016
0.30584
0.27808
0.80133
1.5107
1.051
1.2011
0.56986
0.33649
-0.11684
-0.47158
-1.122
-1.4448
-1.5271
-1.8494
-2.2218
-1.7973
-1.4732
-1.2848
-0.48463
-0.53913
-0.36174
-0.70278
-0.24339
0.20276
0.073745
0.10789
0.13647
0.33477
0.85184
0.6994
0.22788
0.013335
-0.070258
-0.087267
-0.025771
-0.018331
0.020884
-0.017698
0.39292
0.18796
0.45847
0.39712
-0.27934
-0.31008
-0.11223
-0.035045
0.05732
0.17302
0.17003
0.096893
0.047565
0.027877
0.033363
0.029679
0.037862
0.037525
0.046891
0.041856
0.041504
0.044062
0.035355
0.038868
0.037427
0.02703
0.79822
0.21735
1.0051
3.0327
1.4702
1.4422
1.3277
1.6223
1.7779
1.3935
1.1102
0.92845
0.62976
0.67587
0.56891
0.52449
0.46696
0.53605
0.74528
0.766
0.79212
0.53209
0.42582
0.51721
0.81375
0.87407
2.7789
4.7425
5.3847
5.509
4.8951
4.0353
3.0548
2.6863
2.9776
2.7307
2.9994
2.5979
2.7928
2.7371
2.2688
2.3759
2.2997
1.9619
1.4788
1.9702
1.1924
0.77588
0.48539
0.39795
0.44546
0.80684
1.4703
2.1375
1.7682
1.5571
1.7037
1.8353
2.1269
2.333
2.2609
1.844
1.9116
1.8466
2.8278
5.0057
1.0809
0.45997
0.36888
0.38969
0.53003
0.65755
0.4879
0.2647
0.1081
0.047239
0.050155
0.043109
0.031597
0.03091
0.039051
0.044774
0.038081
0.041047
0.04564
0.046422
0.030667
0.10388
0.18106
0.84393
1.176
0.42808
0.3957
0.19152
0.2614
0.34777
0.40204
0.39018
0.37565
0.37114
0.39105
0.34142
0.28873
0.24959
0.31806
0.45863
0.56788
0.4888
0.319
0.30223
0.29537
0.42764
0.43447
1.0707
1.9684
2.5165
3.6047
3.2386
2.4724
1.9221
1.8189
1.9311
2.0683
2.5503
2.4418
3.1009
3.3248
4.0846
4.4607
3.7344
3.128
2.9566
2.2181
2.6837
1.534
1.1491
0.75232
0.97492
1.3581
2.9292
4.7568
4.9306
4.8717
4.1273
4.5251
5.985
6.1512
6.3264
5.7878
6.2195
5.9213
9.1165
8.3003
2.327
0.77949
0.49301
0.68941
0.84013
0.90016
0.90263
0.17123
0.092839
0.069462
0.065599
0.038452
0.048255
0.037125
0.042679
0.043193
0.034277
0.044759
0.036467
0.03188
0.033608
0.035389
0.037541
0.036158
0.03292
0.034972
0.60003
0.56355
2.3766
1.329
1.3417
1.7238
2.193
2.0895
1.7046
1.5841
1.2953
1.4282
1.2194
1.1618
1.0302
1.0329
1.2566
1.12
1.1487
1.0573
0.54085
0.30516
0.43808
0.45349
0.52047
2.0272
2.8843
4.0267
4.0768
3.6719
2.9256
2.3888
2.5574
3.5637
4.0133
3.8717
4.0597
4.2417
4.1819
4.8806
4.9089
5.0486
4.559
3.8687
2.9
2.2034
1.3631
0.98615
0.74223
0.71674
0.89754
2.3213
3.8984
5.156
5.0435
4.9681
5.668
6.3402
7.0843
7.9115
7.8847
7.7859
6.5181
9.244
10.177
2.6836
1.0037
0.51477
0.58678
0.86583
1.0974
0.048457
0.038644
0.037466
0.039006
0.026281
0.031996
0.034652
0.04041
0.02795
0.02661
0.024259
0.023186
0.023682
0.019539
0.024398
0.02101
0.2265
0.47057
2.0055
0.684
0.5397
0.52481
0.80057
1.0691
0.73946
0.71378
0.68251
0.74878
0.83073
0.92965
1.0424
0.77281
0.6163
0.4931
0.61901
0.72253
0.81881
2.8348
5.3896
6.2709
7.0151
6.592
5.576
5.2921
5.3256
6.2967
6.9606
6.7084
6.4433
6.3881
6.7069
7.0892
7.2072
7.2624
7.1822
7.6937
6.7158
5.3908
4.454
0.88316
0.60672
0.76401
2.0493
3.4952
5.0772
5.1183
5.6625
6.2009
7.6286
8.4285
8.2505
8.3427
7.9636
6.9346
13.827
10.527
5.4503
2.0261
1.1476
1.3214
1.738
1.9509
0.10145
0.086717
0.046611
0.060399
0.066834
0.029836
0.027309
0.036954
0.046334
0.046467
0.048931
0.053958
0.066509
0.044999
0.041416
0.021452
-0.039062
-0.054985
0.48991
0.022198
0.074336
0.16131
0.13988
0.060658
0.0078195
0.067498
0.085001
0.059281
0.1376
0.23475
0.3065
0.2826
0.25915
0.31383
0.21736
0.21758
0.18664
0.92107
2.2212
3.3405
5.3323
5.9678
5.9162
5.5632
6.2576
7.3752
8.2957
8.6967
8.5421
7.822
8.6993
9.6021
10.034
9.6632
10.563
5.025
2.5782
1.4448
0.84081
0.94667
0.71883
1.0067
2.5768
4.7856
5.8339
6.0207
6.3148
7.6631
10.112
11.589
11.218
11.314
10.965
10.27
14.72
18.014
8.1065
1.9145
1.1236
1.0796
1.2313
0.072588
0.13325
0.097021
0.059427
0.048275
0.053388
0.046414
0.025924
0.053387
0.053505
0.039708
0.039996
0.040213
0.050898
0.039442
0.024032
0.015711
0.024362
0.695
1.3287
0.43909
0.52405
0.54499
0.79006
0.82068
0.78677
0.70398
0.68739
0.81302
0.83491
0.88119
0.70414
0.48007
-0.12176
0.12552
0.33135
0.5792
0.6874
2.7335
5.7182
7.0163
6.6123
4.6778
4.1764
4.5484
5.0517
5.9289
6.5058
6.817
7.046
6.9692
7.5757
7.9524
8.3839
8.4728
9.0274
10.014
9.8212
1.6071
0.69887
0.60026
0.45079
0.58458
1.5485
2.8208
3.0943
3.7192
4.4925
5.6895
7.5625
9.458
10.392
10.925
9.9507
9.1086
13.236
12.458
7.0574
2.6305
1.2325
1.0436
1.775
2.149
1.6993
0.85139
0.062551
0.078707
0.1076
0.041615
0.015445
0.031441
0.02225
0.025446
0.034474
0.04174
0.040996
0.031004
0.02118
0.017721
0.024063
0.26974
2.2902
0.82495
0.72577
0.68368
1.0572
1.2193
1.1875
0.94612
0.61736
0.63529
0.75278
0.62857
0.63433
0.7351
0.59885
0.26411
0.18913
0.30156
0.50239
1.5491
2.7719
3.7677
3.1541
2.1353
2.6243
2.0937
2.8068
3.8012
4.435
5.2326
5.4882
5.3468
4.7883
4.0808
3.5928
3.1691
2.9983
3.3387
3.2776
2.4813
1.6622
0.74706
0.13819
0.43483
0.16318
0.52166
0.66467
0.71306
0.9907
1.108
0.91115
0.57126
0.20839
0.28299
0.35428
0.34605
1.8108
4.4844
3.6931
1.3633
0.742
0.56984
0.65192
0.79941
0.67859
0.24547
0.075062
0.061835
0.065885
0.055339
0.050161
0.030567
0.028428
0.043829
0.0251
0.015689
0.022812
0.020095
0.016455
0.016139
0.012633
0.7226
0.35934
0.12851
-0.20591
-0.21581
-0.31311
-0.3794
-0.30464
-0.24402
-0.20924
-0.16685
-0.1058
-0.27348
-0.28564
-0.032023
0.18933
0.056647
-0.059288
-0.11591
-0.21739
0.13816
0.19523
0.28933
0.74386
2.8989
3.6919
5.9157
4.6429
3.0238
3.3917
3.0082
3.1754
3.0769
3.2549
3.2647
2.4044
1.254
1.4163
1.3634
1.2566
0.94548
0.73639
0.65931
0.50851
0.097294
0.05294
0.048116
0.033429
0.025332
0.050874
0.19223
0.083348
0.22306
0.35012
0.41112
0.43439
0.6141
0.99718
1.5916
0.97294
0.93274
1.4994
3.2997
0.46219
0.17529
0.19362
0.23433
0.28852
0.49589
0.42182
0.14564
0.098138
0.017737
0.047722
0.065622
0.054063
0.035067
0.018014
0.01286
0.014012
0.024803
0.021025
0.021828
0.02213
0.026453
0.54207
0.9285
1.1905
0.85471
0.46254
0.25077
0.12335
0.11971
-0.040143
0.095249
0.061144
0.10159
0.047369
0.017141
0.034343
0.12042
0.13391
0.14986
0.13534
0.1316
0.11601
0.15016
0.10768
0.24085
0.4131
0.76743
1.7893
2.9988
2.8274
1.7566
1.48
1.3738
1.7083
1.8988
1.6025
2.5393
3.7336
4.7817
5.2622
4.4518
3.5181
3.8931
3.7063
3.3762
2.9082
1.2768
0.29186
0.072702
0.1378
0.23431
0.27379
0.33443
0.712
0.71386
0.87583
0.48879
0.46928
0.37465
0.18877
0.2832
-0.13743
-0.20106
-0.40483
-0.096377
2.3661
2.5954
1.5549
0.88029
0.69346
0.75163
0.80668
0.63251
0.17123
0.098419
0.079502
0.069713
0.076237
0.070164
0.035718
0.014535
0.017631
0.030344
0.015885
0.022772
0.027628
0.027168
0.024189
0.026537
0.017296
0.56652
0.085042
0.33919
0.21207
0.31491
0.31316
0.3607
0.40962
0.26141
0.18837
0.2276
0.30564
0.27307
0.5073
0.41707
0.17299
0.13386
0.36633
0.27967
0.33193
0.3573
0.43361
0.70993
2.8646
3.6332
4.9233
4.206
2.9153
2.2109
3.0823
3.1511
3.4294
3.4316
4.0848
3.8012
3.3022
3.0678
2.4725
2.2758
1.8733
1.7069
1.403
0.59652
0.14529
0.069353
0.13205
0.16241
0.23314
0.32024
0.46673
0.50341
0.70227
1.1137
1.1552
1.3626
1.783
1.9588
2.4074
1.9799
2.0783
4.2006
6.179
5.3561
2.1688
0.97881
1.0571
1.2614
1.2835
1.2242
0.34825
0.13167
0.11952
0.052453
0.091663
0.079738
0.051521
0.046801
0.044587
0.033609
0.017215
0.018926
0.042755
0.044534
0.031131
0.040623
2.1873
4.2895
0.30959
0.30473
0.17129
0.19771
0.16771
0.52337
0.89631
0.27518
0.22354
0.26741
0.22982
0.24483
0.30603
0.2986
0.34199
0.31112
0.2075
0.11511
0.14902
0.10873
0.15108
0.31171
1.226
2.827
3.6597
3.4577
2.705
1.3808
1.2218
1.5706
2.1445
2.5237
2.0615
3.2758
3.711
3.6746
3.1701
2.4269
1.8971
1.614
1.6236
1.5284
1.2532
0.62137
0.00076204
0.06667
0.15578
0.14561
0.19258
0.24392
0.23755
0.49144
0.27944
0.25428
0.28161
0.18704
0.021015
-0.47896
-0.56868
-0.61084
-0.19554
0.56173
-0.27414
0.56042
0.27528
0.072997
0.031593
0.059793
0.16508
0.070235
0.068769
0.04954
0.02389
0.041946
0.020551
0.0075945
0.0095358
0.013101
0.012828
0.0090007
0.0062983
0.018728
0.0099142
0.018378
0.018706
-0.10423
-0.14699
0.15908
0.25207
0.33683
0.63376
1.3039
1.2129
1.3052
0.96507
0.8198
0.85372
0.92606
0.84468
0.90057
0.74955
0.57198
0.4681
0.54337
0.72236
0.51577
0.47597
0.62692
0.98636
3.6261
6.1015
8.3863
7.487
4.9829
3.3846
3.4707
4.0302
3.9784
3.4368
3.6167
4.1826
3.8279
3.8689
3.5546
2.8589
2.394
2.0503
1.7998
1.6827
1.8446
1.3867
0.060123
0.060689
0.10691
0.071675
0.0023932
-0.26445
-0.27468
-0.55426
-0.45966
-0.53337
-0.68945
-1.0392
-0.90438
-0.87749
-1.4629
-1.8784
-1.3992
0.61827
0.59554
0.32183
0.32071
0.32698
0.36279
0.45693
0.12602
0.091256
0.10156
0.047624
0.086074
0.055502
0.044025
0.014158
0.041349
0.028162
0.017836
0.025333
0.046933
0.031068
0.040242
0.37083
2.2934
4.0649
0.31576
0.42465
0.25865
0.29938
0.701
1.0528
0.92956
0.42147
0.23917
0.321
0.30629
0.28393
0.34335
0.30983
0.34292
0.34645
0.38512
0.36537
0.19407
0.16973
0.21101
0.41172
1.7989
4.9168
6.6092
7.2781
5.8147
4.3476
3.946
4.1504
4.2647
5.1992
4.8864
5.6286
5.899
4.9864
4.4231
3.6329
3.156
2.9125
2.3898
0.87213
0.23692
0.14325
0.17101
0.28986
0.27079
0.2803
0.33074
0.48008
1.0238
1.2024
1.3599
1.2791
1.0838
0.7737
0.25247
-0.068136
-0.11628
0.55566
0.91405
0.87834
0.6661
0.30941
0.098068
0.11925
0.18022
0.1657
0.10519
0.053493
0.026561
0.034173
0.052165
0.046275
0.03493
0.015959
0.014582
0.018687
0.008668
0.010925
0.013069
0.014866
0.025093
0.013538
0.027556
0.026598
0.036637
0.7272
2.7248
6.9159
1.1514
3.2224
2.1688
0.8389
0.77002
0.65667
0.89156
0.86656
0.64683
0.54918
0.59379
0.55905
0.59364
0.37858
0.20331
0.28489
0.38475
0.59589
2.6276
6.8903
8.472
8.6626
5.7499
4.8917
3.9735
4.2581
4.1513
4.5889
4.6936
4.8529
5.0329
4.7831
4.5167
3.3975
3.3225
2.7973
2.8857
3.0182
2.8218
2.3796
1.4397
0.78189
0.39707
0.13973
0.22962
0.45033
0.55315
0.55638
0.92477
1.0345
1.1489
1.2945
1.1909
0.98446
0.69564
0.6808
0.85037
0.50248
0.44542
1.6155
2.7785
1.551
0.52893
0.19735
0.032678
0.032813
-0.0035974
0.070964
0.023842
0.046565
0.057259
0.052377
0.050471
0.010053
0.013941
0.0041722
0.015726
0.014687
0.0070735
0.007906
0.028367
0.022904
0.022706
0.024887
0.026851
0.038285
0.049358
0.78923
2.9454
4.3496
1.0067
0.33896
0.53469
0.85849
2.0105
1.4868
0.99349
0.67343
0.62264
0.57603
1.0036
0.73099
0.79775
0.61633
0.47032
0.50825
0.55567
0.49408
0.34562
0.31537
0.36752
0.83
3.4802
5.7196
6.3568
7.5122
4.9865
4.2194
3.6255
3.5081
3.4288
3.7117
3.3378
4.4417
3.7366
4.1176
3.219
2.9627
2.2484
1.9736
1.9214
1.6282
1.14
1.1453
0.23197
0.38847
0.13638
0.058766
0.087944
0.11966
0.13811
0.16219
0.42843
0.35231
0.58261
0.77721
1.1621
1.2186
1.5557
1.304
0.89152
0.66336
0.27758
1.7009
0.99247
0.10068
0.42944
0.25661
0.15488
0.16921
0.24415
0.25828
0.10435
0.079347
0.14414
0.09379
0.092177
0.079809
0.03791
0.016104
0.042822
0.049079
0.02134
0.033357
0.029165
0.043851
0.046574
0.23799
2.7186
4.1745
1.3574
0.60871
0.36334
0.23859
0.051458
0.41679
0.48876
0.44773
0.54234
0.60733
0.63929
0.62368
0.61742
0.47208
0.31093
0.25454
0.44576
0.44261
0.32882
0.26672
0.33796
0.63517
2.3524
5.0317
6.0556
3.8788
2.5877
1.2408
1.3013
2.1408
2.4955
1.9673
1.7728
2.0423
1.9945
1.5587
1.5764
1.6634
1.1057
1.8933
1.087
0.38616
0.10074
0.10056
0.23379
0.28105
0.41822
0.42328
0.60653
1.071
1.7221
1.95
1.8989
1.9831
2.0598
1.9535
1.687
1.0636
1.0573
2.573
2.2434
2.5713
1.0538
0.42108
0.34421
0.37489
0.48042
0.68175
0.056454
0.052366
0.028856
0.034118
0.038182
0.038991
0.045317
0.036116
0.025617
0.031689
0.043927
0.046606
0.049496
0.045614
0.063076
1.6563
3.2578
6.3412
1.2306
0.32689
0.19287
0.30159
0.69549
1.6478
1.4725
0.75767
0.50905
0.59264
0.6159
0.62672
0.64746
0.49521
0.61909
0.63634
0.63493
0.70867
0.41722
0.31519
0.30347
7.5112
7.5795
4.8553
3.5745
2.859
3.4565
3.9986
4.6051
5.0034
5.7294
5.5899
4.6438
3.6061
2.886
2.7833
2.5164
2.6725
2.3043
1.9229
0.94256
0.21743
0.059606
0.055857
0.097957
0.16862
0.21999
0.19267
0.075555
-0.21426
-0.68625
-0.27433
0.010513
-0.088816
-0.20566
-0.53849
-0.77022
-0.76774
-0.83675
-0.87767
0.13376
2.1553
0.88071
0.53415
0.30739
0.22836
0.12966
0.14862
0.069761
0.048076
0.020099
0.042979
0.053865
0.016493
0.0077199
0.012978
0.021323
0.018804
0.025631
0.029794
0.027932
0.034244
0.023213
0.39266
1.2694
1.265
0.92361
0.64508
0.50945
0.48646
1.0379
1.6145
1.5805
1.0209
0.72559
0.81199
0.99065
1.1728
0.91726
0.86928
0.83435
0.70634
0.83612
1.2101
0.38066
0.24626
0.28761
0.66823
2.5735
3.7866
4.9686
3.5602
3.4696
2.3944
2.1778
1.9996
3.048
4.4384
4.0341
3.8081
2.8639
2.4736
2.3191
1.9283
1.6821
1.2948
0.24676
-0.26253
-0.12011
-0.086758
-0.067604
-0.12938
-0.07315
-0.088944
-0.20497
0.0058808
-0.4421
-0.272
-0.13289
-0.14256
-0.50631
-1.0388
-0.82066
-1.4138
-1.8395
-2.0106
-0.8715
0.59935
0.62489
0.31896
0.24537
0.20978
0.34736
0.033718
0.053468
0.050701
0.012572
0.009822
0.015724
0.020502
0.010001
0.010531
0.02283
0.018681
0.023632
0.017934
0.016939
0.02212
0.017466
0.50415
2.0066
5.1187
2.437
1.4531
1.0431
1.5265
2.1231
2.7615
1.6256
1.015
0.83161
0.97035
1.1102
1.2612
1.0651
0.91585
0.76733
0.71539
0.82757
0.80518
0.37833
0.28394
0.34406
0.81878
3.8341
4.3902
4.2922
3.6791
2.324
2.874
3.9503
3.7946
5.2193
4.5873
4.0507
3.4888
2.6927
2.3666
2.4055
2.1608
1.4905
1.2205
0.32441
-0.043862
0.010093
0.035524
0.063956
0.062297
0.015577
-0.0074975
-0.064228
0.33675
0.49423
0.54458
0.34623
0.34785
0.4674
0.56406
0.59479
1.1203
1.1329
0.75495
0.38887
0.25016
0.24181
0.20173
0.21588
0.18016
0.099186
0.12457
0.092524
0.085711
0.062556
0.054658
0.022482
0.026487
0.029003
0.044638
0.06243
0.069995
0.087756
0.087012
0.11666
0.10331
0.10944
2.177
1.4997
11.614
7.4745
5.9342
4.5433
3.7285
4.7174
4.7771
4.3744
4.5308
4.2558
4.7783
4.8221
4.9641
4.6939
3.2349
2.2867
2.0943
1.6801
3.5162
9.8875
17.574
19.66
16.487
12.895
9.4342
7.28
7.025
6.9356
6.9181
7.1029
6.806
6.4582
5.4328
4.118
3.2574
2.6611
2.6519
2.2558
2.0539
1.246
0.94253
0.43478
-0.063795
0.011766
0.06185
0.076061
0.085
0.077712
0.21095
-0.25869
-0.14003
-0.11662
0.075176
-0.4248
-0.26189
-0.83237
-1.2493
-0.81799
-0.47952
0.17007
0.0015763
-0.003363
-0.27769
-0.15092
0.010756
0.11097
0.16574
0.057207
0.11996
0.031518
0.025911
0.033489
0.04456
0.025076
0.033131
0.042147
0.045844
0.048198
0.076595
0.092027
0.082714
0.088617
0.062079
0.068924
0.97201
1.2799
3.1903
4.5672
3.7811
3.0676
2.8767
2.6052
2.4989
2.6264
2.5446
2.8656
3.1546
3.5726
3.6826
3.232
1.5108
1.2293
1.0812
0.77753
1.1718
4.2577
8.2501
9.5099
7.859
4.7436
3.0574
2.8286
2.1606
2.07
2.1701
1.5718
0.90772
0.99473
0.16991
-0.15223
-0.040768
-0.21117
-0.57515
-0.95215
-1.5039
-1.6648
-1.4104
-0.77952
-0.52196
-0.083549
-0.0052486
0.044485
0.109
0.16029
-0.097445
-0.19413
-0.36057
-0.57609
-0.74788
-1.0819
-1.4965
-1.2901
-1.852
-2.7551
-3.1153
-3.6553
-0.75693
-0.0090574
-0.0024106
-0.073696
-0.13126
0.01621
0.090778
0.087351
0.23596
0.12391
0.060578
0.026605
0.051531
0.03645
0.037039
0.044112
0.063709
0.071563
0.081464
0.10814
0.1414
0.14995
0.13305
0.27022
2.6948
2.1671
2.5919
3.6745
4.1436
4.3082
3.9655
4.4934
4.0944
3.7238
3.9639
4.0668
4.2043
4.6127
5.0999
5.188
4.5411
3.0165
1.8719
1.9024
1.3478
3.3226
10.019
14.488
15.502
11.041
7.516
6.6874
5.6527
5.2619
5.2026
5.1119
4.5237
3.9179
2.5742
2.2746
2.4739
1.7828
1.3153
0.68039
0.42647
0.19241
0.21881
0.19721
0.33712
0.37849
0.46386
0.7235
0.98471
1.2821
1.6535
1.6259
1.491
1.6725
1.2718
1.103
0.91974
0.78464
0.54212
1.0833
2.8835
3.0856
1.4909
0.83324
0.65939
0.79342
0.65238
0.62438
0.38733
0.37529
0.3642
0.14017
0.056031
0.071759
0.1055
0.080192
0.088851
0.047357
0.10492
0.10263
0.15512
0.11664
0.1413
0.66399
1.1532
2.1747
6.937
3.5631
2.5054
3.3581
5.0582
5.6475
4.5672
4.3487
4.0373
4.254
4.1939
3.7182
3.8969
4.2657
4.3584
4.2839
4.5778
4.001
2.5481
1.3716
1.0971
0.84527
1.7503
7.2104
8.6655
8.736
5.8739
4.2302
3.1806
2.6298
1.9547
1.9656
1.5398
0.84359
0.27515
-0.17278
-0.39848
-1.4678
-1.7021
-1.9661
-1.9059
-1.0356
-0.55872
-0.049123
0.040066
0.10416
0.11665
0.16685
0.30016
0.32881
-0.035042
-0.43782
-0.67719
-0.73608
-0.99886
-1.391
-1.7555
-2.2376
-2.092
-2.4862
-3.6422
-4.5553
-5.1504
-1.6105
-0.76242
-0.53864
-0.54274
-0.75523
-0.3162
-0.10108
-0.020777
0.048852
0.035081
0.019782
0.035419
0.04337
0.05032
0.057326
0.042737
0.063355
0.10711
0.10919
0.14374
0.14498
0.12483
0.96138
2.284
5.981
2.4546
2.0238
2.2396
3.448
3.1895
2.9225
2.6903
2.426
2.4097
2.0432
2.1002
2.4996
2.4763
2.4912
2.8864
3.2447
3.1354
2.1804
1.6298
0.91588
0.93148
1.9887
7.1212
10.307
9.6304
6.8756
4.9966
3.5055
2.7813
2.3678
2.2236
1.8576
1.4161
0.75061
0.66341
0.19426
0.14556
-0.018186
-0.021544
-0.32802
-0.34501
-0.67932
-0.46775
-0.22156
-0.058343
0.24534
0.25119
0.19631
0.27403
0.23559
0.31123
0.72698
1.0716
0.8945
0.54112
0.4415
0.20413
0.12405
-0.24508
-0.41765
-0.51337
-0.6658
-0.83566
-1.685
0.95459
1.2502
1.2203
0.6396
0.4213
0.4337
0.55336
0.38202
0.22089
0.15711
0.3077
0.11249
0.07575
0.062935
0.055503
0.070261
0.094243
0.074331
0.05666
0.11493
0.10063
0.11997
0.1142
0.12327
0.19572
0.76533
0.69726
1.1424
2.6762
4.5541
2.6613
2.0602
2.692
3.8669
4.4218
3.9184
3.1153
2.7379
2.0557
1.9513
2.0436
2.2571
2.3933
1.7042
1.4795
0.73856
1.1101
1.5171
4.4999
7.2079
7.6448
4.4432
2.9017
1.719
1.0237
0.50104
-0.02191
-0.45133
-0.892
-1.3759
-2.007
-2.3771
-1.9141
-1.7815
-1.8208
-1.763
-1.8524
-1.8331
-2.1323
-1.6775
-1.2452
-0.71969
0.0086751
0.73302
1.4231
1.1967
0.74896
0.40854
0.43261
0.61546
0.53074
0.1519
-0.21476
-0.28419
-0.76108
-1.4681
-2.6458
-1.907
-0.42827
-0.079024
-0.011735
0.093776
-0.033064
0.063239
0.04933
0.11109
0.086488
0.095938
0.049575
0.041693
0.047455
0.095767
0.053628
0.068586
0.092873
0.10999
0.11872
0.13631
0.14136
0.1418
0.11544
0.5733
3.3258
2.9439
3.3328
4.353
3.9325
3.0785
2.3942
2.3631
2.2231
1.9628
1.9147
1.9858
1.9479
1.8319
2.0059
2.1479
2.0684
1.5675
1.4899
0.92768
11.613
9.108
5.3384
3.0971
3.064
2.233
1.83
1.5872
1.2433
0.46593
-0.033385
-0.10561
0.18951
0.079895
0.2178
0.46693
0.44579
0.31729
0.32264
0.66276
0.94004
0.60809
0.38762
0.14711
1.556
2.186
1.7135
1.296
0.86873
0.50027
0.37116
0.50089
-0.041772
-0.36405
-0.56865
-0.72752
-1.6912
0.21839
0.54905
0.41401
0.45249
0.50732
0.38712
0.59001
0.45719
0.24981
0.21552
0.10958
0.13816
0.070479
0.05064
0.044608
0.064077
0.041231
0.052823
0.095565
0.1153
0.095345
0.095607
0.11743
0.086458
0.32345
6.4869
3.4098
2.0551
1.9093
1.9748
1.988
1.7707
1.6559
1.5565
1.2659
1.0867
1.0758
0.93854
0.95354
0.82449
0.94648
1.0983
1.1077
0.95273
0.50439
0.44207
0.35461
0.51585
2.1932
2.3617
1.2952
-0.52731
-1.0835
-1.8744
-2.3164
-2.8987
-3.5001
-3.5745
-3.8393
-3.9047
-3.1338
-3.3563
-3.3768
-3.3841
-2.8232
-1.9162
-1.3192
-1.8257
-0.3082
-0.099254
-0.063401
0.0032176
0.49341
0.58497
0.34937
0.19145
0.10521
-0.098258
-0.36289
-0.49523
-0.81181
-1.3593
-0.79286
0.65667
0.50931
0.52736
0.60888
0.64003
0.61392
0.36416
0.18711
0.28377
0.16058
0.13537
0.066982
0.059767
0.059529
0.076717
0.063194
0.064517
0.074529
0.093892
0.12626
0.099658
0.10333
1.7334
4.0688
5.7815
2.682
1.8552
1.4689
1.6583
1.8286
1.4553
1.1323
1.0903
0.8778
0.88394
0.7077
0.66766
0.64814
0.51158
0.61182
0.74487
0.71687
0.31793
0.49911
3.3881
3.0159
1.3873
-0.053555
-0.59292
-0.94126
-1.4058
-2.1485
-2.5419
-3.3959
-4.0942
-4.5974
-4.1288
-3.8365
-3.7773
-3.1802
-3.265
-3.464
-3.6291
-3.53
-3.0653
-2.3537
-1.7981
-1.5338
-2.2675
-2.4995
-2.8777
-2.656
-3.3222
-4.2998
-4.6545
-4.3456
-4.2367
-4.1638
-4.4876
-4.2944
-6.6744
-8.112
-4.9014
-2.2476
-1.0546
-0.91626
-1.0142
-0.63671
-0.35018
-0.069127
-0.0082788
0.012338
0.012749
0.041424
0.034474
0.02579
0.051443
0.036881
0.073737
0.043817
0.082879
0.08519
0.056075
0.068891
0.062396
0.076853
0.043785
1.4809
0.72354
0.29665
0.10442
-0.1382
-0.73677
-0.12137
0.085863
0.29856
0.2568
0.27923
0.29599
0.13829
0.11992
0.095677
0.18415
0.25823
0.27373
0.19098
0.11903
0.1225
0.095225
0.17762
-0.14506
-0.73508
-2.1877
-2.6393
-2.312
-2.3547
-2.6816
-3.1775
-4.2247
-4.9886
-5.6638
-6.3515
-6.819
-6.2632
-5.6685
-4.9954
-6.5048
-5.5155
-3.2466
-1.2254
-0.28518
-0.19874
-0.53861
-0.85953
-1.3532
-1.7243
-2.1833
-2.7311
-2.6804
-2.7548
-2.8202
-2.658
-2.6783
-3.4192
-3.1398
-2.806
-4.0067
-3.0274
-3.2451
-0.95154
-0.3759
-0.2526
-0.16162
-0.09159
0.0034815
0.042772
0.03898
0.049619
0.07371
0.080072
0.085024
0.034154
0.028478
0.049655
0.056516
0.04554
0.046352
0.07315
0.054839
0.056773
0.062891
0.69234
4.5092
5.5643
1.8007
0.69602
0.66507
0.70906
0.54192
0.53636
0.54981
0.62399
0.73901
0.7633
0.63419
0.52618
0.29359
0.22604
0.20431
0.2744
0.27887
0.17048
0.15144
0.15555
0.14943
0.20543
0.62992
0.16977
-0.259
-0.59664
-1.0561
-1.7471
-1.4448
-1.909
-2.6124
-3.2179
-3.4417
-3.3515
-3.0832
-3.0008
-2.9074
-3.1077
-3.1889
-2.8273
-2.0817
-1.3196
-0.70545
-0.43341
-0.29172
-0.22107
-0.53557
-0.72999
-0.88091
-1.0448
-1.227
-1.188
-1.3809
-1.6652
-1.4813
-1.5999
-1.6562
-2.1334
-1.9769
-3.3448
-3.0643
-2.8973
-2.3155
-1.1026
-0.49667
-0.38629
-0.23787
-0.23141
-0.070888
-0.016495
0.0092735
0.034678
0.04159
0.058439
0.051373
0.031638
0.037179
0.045006
0.026573
0.027431
0.046501
0.039497
2.279
3.424
3.4593
3.5865
2.0873
0.80014
0.47923
0.92199
1.022
0.69212
1.0872
1.3374
1.0408
0.94613
1.1273
1.1213
0.79096
0.56887
0.317
0.26012
0.16603
0.39442
1.012
2.7359
2.9275
2.4888
0.70493
0.47578
0.38741
0.13078
-0.39895
-0.68533
-1.0893
-1.4444
-2.1832
-2.5117
-2.9779
-2.9433
-2.2993
-1.8962
-1.9313
-1.8373
-1.8323
-1.797
-1.3671
-0.59938
-0.33968
-0.17609
-0.072727
0.14704
-0.19919
-0.55614
-0.95534
-1.1233
-1.2713
-1.3985
-1.498
-1.7084
-1.9344
-3.2931
-4.1129
-1.9882
-0.70344
-0.33369
-0.20856
-0.1459
-0.016926
0.098828
0.052626
0.064499
0.086323
0.066569
0.042186
0.058686
0.055892
0.013242
0.030126
0.06607
0.047121
0.037639
0.047722
0.053877
0.89246
2.0321
3.8687
4.1333
1.9237
1.3099
0.7204
0.91433
0.66765
0.43885
0.48589
1.0484
0.85293
0.85065
0.81003
0.62992
0.29061
0.23344
0.17761
0.28094
0.1526
0.34311
0.70999
1.9275
2.4628
1.4355
-0.40053
-0.19865
-0.62828
-0.85537
-1.2681
-2.4406
-2.9037
-3.5743
-4.0235
-4.123
-4.3047
-3.8299
-3.4003
-2.9108
-2.9922
-3.527
-3.7947
-3.7259
-3.2171
-1.7915
-1.1508
-0.551
-0.36528
-0.54984
-0.70575
-0.84491
-1.2567
-1.6002
-1.8796
-2.0023
-2.3896
-2.3931
-3.0457
-4.1743
-4.2847
-2.9306
-1.4965
-0.91456
-0.64592
-0.77563
-0.5865
-0.32455
-0.09464
-0.0020368
0.020928
0.028935
0.054285
0.07721
0.041349
0.019132
0.038179
0.03143
0.02275
0.038719
0.049907
0.050885
0.0393
0.049872
0.041257
0.03984
1.276
0.47876
0.17292
-0.073489
-0.082112
-0.88653
-0.392
-0.28198
0.30274
0.68373
0.70642
0.36262
0.18293
0.054796
0.070468
0.14817
0.28063
0.27862
0.30928
0.27159
0.25914
0.4735
1.1118
1.8615
2.6323
1.2052
0.46183
-0.56016
-0.75685
-1.0857
-1.394
-2.1922
-2.725
-3.1529
-3.9315
-4.5684
-4.9429
-4.6624
-4.4216
-3.7712
-3.8332
-4.578
-4.8683
-4.5546
-3.6323
-2.2455
-1.2293
-0.7181
-0.42124
-0.50797
-0.7684
-1.1124
-1.4738
-1.9086
-2.1131
-2.1499
-2.0348
-2.0064
-2.4256
-2.5186
-2.4549
-1.3081
-1.4693
-1.8835
-2.2761
-0.89816
-0.2829
0.067098
0.15831
0.19608
0.21763
0.25224
0.20854
0.18248
0.0767
0.047401
0.11195
0.15996
0.053549
0.076287
0.020222
0.096044
0.086857
0.037395
0.070188
0.082037
0.075218
0.068214
0.072074
0.36308
1.4821
2.4777
3.9575
4.2227
0.92268
0.2653
0.032004
-0.096507
-0.71897
-1.8268
-2.2593
-1.1301
0.6562
0.90846
0.60831
0.29811
0.034182
-0.005829
0.0225
0.055165
0.2276
0.64039
0.69988
0.3126
0.19297
0.27025
0.47799
0.67273
-0.096934
-1.7404
-2.5092
-2.5498
-2.313
-2.8578
-2.3192
-2.6368
-3.1073
-4.1968
-5.1416
-6.0963
-4.3582
-4.4678
-4.8076
-5.0233
-4.7884
-3.9368
-2.8558
-1.3388
-0.71717
-0.57401
-0.89652
-1.5031
-1.7896
-2.5142
-3.0978
-3.3496
-3.2344
-3.2955
-3.5467
-3.4341
-3.3843
-3.7772
-4.1687
-4.7149
-7.7838
-7.2024
-7.8058
-3.8788
-1.7313
-0.78766
-0.63455
-0.55279
-0.34614
-0.15743
-0.057299
-0.011638
0.0065105
0.028299
0.043402
0.054598
0.016997
0.027077
0.026224
0.023239
0.03615
0.047579
0.0552
0.046876
0.043447
0.029405
0.060421
0.38367
0.51994
0.53095
-0.40339
-1.7096
-2.2732
-3.7917
-4.0438
-2.3561
-0.74131
-0.54638
-0.69078
-0.80065
-0.72534
-0.62512
-0.40998
-0.34689
-0.1731
0.12575
0.13576
0.093616
0.21467
0.61085
0.62635
0.34715
-0.37109
-1.0527
-1.2964
-1.3175
-1.1516
-1.1457
-1.6275
-1.7546
-2.063
-2.9398
-4.3323
-4.1983
-3.8034
-3.1243
-2.7093
-2.7556
-2.8605
-3.0178
-0.53354
-0.48698
-0.72868
-0.99562
-0.99891
-1.0698
-1.3905
-1.8467
-2.1922
-2.1716
-2.3696
-2.5903
-2.7062
-2.9255
-2.6684
-2.613
-4.2936
-3.8039
-4.0865
-1.7391
-0.82317
-0.38999
-0.28237
-0.25522
-0.20592
0.0009885
0.033017
0.031041
0.043357
0.076591
0.083924
0.053881
0.038133
0.064485
0.074754
0.063476
0.036276
0.083748
0.13189
1.407
2.5091
5.1601
6.2488
1.9321
0.94726
0.85174
0.98819
1.0039
0.49659
0.78928
0.73186
0.72012
0.66355
0.54922
0.12725
0.1467
0.1149
0.081261
0.19924
0.30461
0.1097
0.30792
0.84075
1.6054
1.6068
0.57282
-0.33223
-0.66467
-0.64822
-1.1514
-1.6176
-2.4502
-2.6368
-3.4422
-4.204
-4.648
-4.816
-4.5663
-3.8175
-3.7173
-3.5414
-4.4244
-4.2601
-4.1083
-3.3711
-1.7957
-1.055
-0.56866
-0.39415
-0.54479
-0.96516
-1.3775
-1.6309
-1.9757
-2.2441
-2.2694
-2.422
-2.9707
-3.1689
-3.4345
-5.3246
-4.6527
-4.052
-1.5174
-0.99668
-0.64882
-0.57099
-0.486
-0.45512
-0.097258
-0.047236
0.0059497
0.017845
0.05814
0.081391
0.042929
0.017762
0.025429
0.065479
0.034367
0.035721
0.06498
0.068036
0.049212
0.050756
0.055424
0.049895
1.7916
0.59213
0.52811
0.55391
0.80243
-0.0020925
-0.31854
-0.29635
-0.072442
0.16989
0.20649
0.28079
0.16077
0.015651
0.043989
0.18621
0.39109
0.46737
0.34588
0.17623
0.14595
0.24108
1.3139
0.34019
-0.24053
-0.71365
-1.2943
-1.3305
-1.5318
-2.1899
-2.5789
-3.7523
-4.215
-4.3966
-4.2559
-3.6275
-3.598
-3.7091
-3.9379
-4.2327
-3.8138
-3.2905
-2.1193
-0.79515
-0.48217
-0.34355
-0.39796
-0.67039
-0.95068
-1.2826
-1.5929
-1.5551
-1.842
-1.6356
-1.8536
-1.9685
-4.4927
-4.065
-3.9789
-2.8827
-1.531
-0.80423
-0.53123
-0.39352
-0.19378
-0.075434
-0.001232
0.01018
0.022729
0.06204
0.066957
0.065657
0.01818
0.023212
0.062544
0.029359
0.033346
0.050229
0.052261
0.056939
0.046782
0.022005
0.070049
0.66983
1.1035
3.5594
2.0485
0.12837
-0.22885
-1.5608
-2.4721
-1.1829
-0.37455
-0.15399
-0.56651
-0.64428
-0.43258
-0.35493
-0.26878
-0.15727
0.036971
0.14923
0.17203
0.11721
0.088848
0.16133
-0.30592
-1.492
-2.7721
-3.2285
-3.4839
-3.2548
-3.0773
-3.0718
-3.4034
-3.8069
-4.7458
-5.9191
-6.826
-7.5269
-6.3784
-5.6936
-5.8392
-4.8023
-3.0047
-1.4157
-0.71584
-0.53111
-0.80547
-1.3784
-1.9377
-2.2227
-2.417
-2.6321
-2.8547
-3.0454
-3.1358
-3.1769
-3.4529
-3.9636
-4.3641
-4.3658
-6.7131
-6.292
-5.7005
-2.7157
-1.3768
-0.80229
-0.62101
-0.62865
-0.63555
-0.16139
-0.059163
-0.0046946
0.018939
0.030355
0.066635
0.032047
0.027181
0.047704
0.053092
0.039122
0.034707
0.061623
0.055873
0.046921
0.045348
0.043485
0.031778
0.99466
0.83811
0.2944
0.28822
0.11677
-0.22972
-0.01182
0.43163
0.56218
0.68752
0.55253
0.44888
0.093472
0.088895
0.076584
0.24352
0.42844
0.50358
0.37366
0.27493
0.16504
0.32112
0.77706
1.5429
2.1025
1.0712
-0.13414
-0.50904
-0.83552
-1.4582
-2.1845
-2.567
-2.5934
-3.3522
-4.0911
-4.6595
-3.6096
-4.5434
-5.0106
-4.241
-3.3146
-2.0197
-0.83273
-0.25107
-0.10914
-0.21633
-0.18555
-0.3832
-0.88476
-1.438
-1.5194
-1.9458
-1.732
-1.7572
-1.7596
-2.1151
-2.2259
-2.1206
-2.7319
-4.2607
-4.5243
-3.3956
-1.9046
-0.68437
-0.1471
-0.013726
0.048835
0.097149
0.1303
0.083511
0.050497
0.042728
0.068706
0.095894
0.085778
0.02187
0.032548
0.053919
0.025865
0.027497
0.060789
0.058802
0.054761
0.064338
0.055853
0.2313
0.64372
2.1897
0.93255
2.4907
2.4937
2.2245
2.192
2.3911
2.4932
1.912
1.521
1.3758
1.0382
0.92466
0.75405
0.82318
1.2318
1.123
0.64152
0.35023
0.24596
0.40545
0.8011
2.2123
3.3484
2.7985
2.0784
1.6373
0.50662
0.022283
-0.4478
-1.239
-1.795
-2.4914
-3.201
-2.9097
-3.3886
-2.8162
-2.6518
-2.8364
-2.6037
-1.8847
-0.64923
-0.46544
-0.23408
-0.27351
-0.63823
-0.90815
-1.7022
-1.8743
-1.7418
-1.7899
-2.0885
-2.388
-2.4547
-2.6197
-2.3277
-2.609
-2.349
-4.1595
-3.3216
-3.5918
-1.1804
-0.49785
-0.27304
-0.19189
-0.064615
0.021866
0.074192
0.051923
0.039595
0.030791
0.038908
0.057663
0.059609
0.050418
0.050505
0.052031
0.045804
0.048252
0.063744
0.056439
0.054505
0.055553
0.055416
1.3663
1.019
1.6243
1.7009
2.238
2.0611
1.9251
2.0769
1.9581
1.5789
1.0585
0.75403
0.72494
0.83168
0.9344
1.1162
1.4025
1.5297
1.133
0.8192
0.58701
0.70196
0.67537
1.7432
2.6983
3.0607
3.0839
2.6113
2.3184
1.6663
0.84157
0.15362
-0.41184
-0.28598
-1.0781
-0.9976
-1.0801
-1.2116
-1.6868
-1.6156
-1.7882
-1.3228
-1.2627
-0.47084
-0.08536
-0.064003
-0.055677
-0.1049
-0.26249
-0.6377
-0.89314
-0.92204
-0.86959
-1.1069
-1.2369
-1.38
-1.2687
-1.444
-1.2304
-1.1852
-3.4785
-6.1255
-3.9429
-1.5632
-0.74199
-0.53205
-0.62662
-0.52803
-0.15719
-0.01038
0.04439
0.02212
0.021435
0.029582
0.043118
0.028769
0.029438
0.025306
0.029274
0.020665
0.029863
0.039169
0.026001
0.49949
0.87181
0.95663
0.90918
-0.071151
-0.47703
-0.76584
-1.142
-1.3121
-1.1815
-0.71438
-0.56496
-0.23128
-0.22039
-0.16816
0.0045957
0.022186
0.053511
0.19459
0.20812
0.16144
0.15362
0.26671
0.25634
0.39881
0.34612
0.88431
1.6944
1.4991
0.67969
0.58165
0.38566
-0.068066
-0.49239
-0.9617
-1.2171
-1.6035
-1.9776
-1.6932
-2.2498
-2.4081
-2.0184
-1.5205
-1.165
-1.3102
-0.69292
0.039773
0.10738
0.18549
0.23202
0.35594
0.56351
0.44115
0.2707
0.3217
0.42152
0.51761
0.26605
0.18763
0.10826
-0.30679
1.2734
1.2037
1.8882
2.0569
1.1462
0.41246
0.35948
0.27384
0.36598
0.47602
0.33167
0.16562
0.11906
0.11597
0.12642
0.10929
0.082081
0.062421
0.030375
0.067928
0.06957
0.054884
0.065341
0.072031
0.078164
1.0664
0.25337
2.4299
3.4716
1.5624
1.7002
1.3856
1.5437
1.8476
1.7596
1.5471
1.1637
1.0176
0.84345
0.81455
0.73984
0.71665
0.78166
0.93647
0.83427
0.87925
0.72476
0.2275
0.3065
0.40392
0.60345
1.5236
1.9704
2.0129
2.511
1.8923
1.9131
1.4909
1.138
0.89243
1.0397
1.1068
1.0363
0.83414
0.97857
1.3592
1.598
2.2274
1.7552
1.9205
1.8388
1.6456
0.51851
0.42202
0.65158
0.99331
1.7402
2.5317
3.4459
3.1631
3.1792
2.9771
2.9953
3.0189
2.9335
2.8242
2.0661
1.7755
2.1997
-0.39495
-2.0001
-0.75466
-0.36443
-0.32981
-0.42233
-0.40859
-0.22941
-0.037827
-0.0025701
0.012367
0.000764
0.0050351
0.0097557
0.003211
0.0028324
-0.00060692
-0.0021381
0.0015292
0.002088
0.0041454
0.0047797
0.0085268
0.0065426
0.0045804
0.017307
0.019515
0.26069
-0.24587
-0.3361
-0.25875
0.082719
0.19929
0.24191
0.20914
0.27846
0.30077
0.28284
0.36106
0.30832
0.38757
0.55101
0.54598
0.5113
0.32444
0.41918
0.49811
0.57996
0.9281
1.0076
1.1229
1.4619
0.65101
0.16246
-0.044824
-0.15002
0.045881
0.10003
0.2634
0.3701
0.83505
0.93486
0.22145
0.29431
0.64298
0.99311
1.214
0.69066
0.45763
0.34399
0.27578
0.67884
0.75633
1.4673
2.844
3.2183
2.6862
2.4114
2.6599
3.3505
3.72
3.8676
3.3075
3.7932
4.3033
6.2845
8.1188
4.2755
1.2185
0.59186
0.45172
0.43695
0.46704
0.39859
0.18797
0.073367
0.059203
0.035014
0.046875
0.055056
0.055986
0.059378
0.036183
0.038759
0.051675
0.046328
0.070605
0.06034
0.064334
0.070683
0.052713
0.052271
0.029813
1.0732
1.3743
1.8272
1.9419
1.513
1.353
1.3985
1.4277
1.1362
0.99749
0.92135
0.88974
1.0221
1.1204
0.92131
0.72447
0.62345
0.31829
0.35171
0.51922
0.75208
1.4237
1.8807
2.4924
3.001
2.6605
2.203
2.0453
1.7831
2.0095
2.5209
2.8074
3.0701
3.4389
3.52
3.7495
3.8769
4.0354
3.4682
3.1415
2.8241
2.6991
1.8769
1.3913
0.98483
0.62104
0.63187
0.51509
0.81525
1.2949
3.7186
3.2652
2.9437
2.9684
3.2103
3.319
3.8255
3.2032
4.1183
3.7719
0.33661
-0.58195
-0.35109
-0.35381
-0.42763
-0.42448
-0.22651
-0.043149
0.016431
0.014731
0.018794
0.017232
0.014863
0.015724
0.016089
0.014234
0.019774
0.017818
0.026685
0.024936
0.018794
0.019148
0.017059
0.012679
0.0098952
0.0077339
-0.15249
0.34146
0.26007
0.18074
0.03452
0.085192
0.045649
0.14917
0.21117
0.23598
0.2509
0.25906
0.34485
0.31161
0.30731
0.15081
0.55062
0.68301
0.34431
0.28468
0.23968
0.38607
1.1098
1.5883
2.09
2.8519
3.0876
2.9517
2.4519
2.8567
4.014
5.1231
5.3428
5.0958
4.7194
4.8495
5.0441
4.8935
4.6952
4.2511
3.174
3.0193
0.87059
0.63897
1.0113
1.6349
3.2088
5.0059
5.3007
5.9019
5.7711
5.9114
6.2019
6.9226
7.5097
7.1381
7.2433
8.2772
14.065
14.715
9.8793
2.8735
1.5619
1.2599
1.8526
2.0471
0.76234
0.35101
0.16182
0.14597
0.083722
0.10087
0.10802
0.090021
0.07225
0.07156
0.078632
0.081625
0.106
0.096681
0.086143
0.075695
0.071199
0.062693
0.032392
0.044471
0.31448
0.48159
1.3506
0.99061
0.70851
0.87239
1.2208
1.0037
1.0315
0.93023
0.87977
0.90362
0.96484
0.87854
0.83444
0.77614
0.69748
0.91464
0.56292
0.43103
0.19304
0.30735
0.39103
0.50328
0.67861
1.1025
2.3353
2.9802
4.4151
4.283
4.0192
3.2778
3.532
4.1776
4.9869
6.1673
6.3808
5.717
5.2236
5.1567
4.8762
3.8484
3.0291
2.1136
1.7224
1.2515
0.79435
0.89866
0.7307
1.022
1.3102
2.6104
5.2937
5.4379
5.9158
6.4115
6.0108
6.3013
6.7608
7.2237
8.1733
7.033
5.4921
7.3329
6.1163
3.4255
1.1187
0.45749
0.33225
0.39178
0.4195
0.28372
0.19009
0.10226
0.068993
0.03969
0.027888
0.048902
0.043371
0.045043
0.030421
0.027033
0.040749
0.038424
0.043841
0.033825
0.020696
0.023615
0.017164
0.017984
0.014877
-0.0012392
0.15095
0.5265
0.81258
0.28939
0.30756
0.337
0.5464
0.61673
0.63427
0.68499
0.79008
0.86216
0.96877
1.0218
0.99384
1.1675
1.1822
1.1925
1.324
1.8275
1.3458
0.93577
0.98288
1.6916
2.8591
5.5555
5.5207
7.6865
6.7017
4.9829
4.9718
5.358
6.2945
6.8542
7.4762
7.7067
7.2224
7.1226
7.6805
7.881
7.4718
6.7631
6.2443
5.7122
4.0374
2.6513
2.1357
1.3415
1.0426
1.2048
0.80659
1.0382
1.0688
1.7641
3.2405
4.632
3.987
3.9403
4.6419
5.9063
6.9755
7.6214
7.7976
8.2822
9.3534
14.862
17.614
9.301
2.7841
1.765
2.0069
2.2828
2.6157
1.4769
0.78327
0.16128
0.077924
0.19548
0.12712
0.10203
0.083894
0.071714
0.067997
0.063827
0.045548
0.046114
0.038812
0.034528
0.039021
0.035656
0.029163
0.020088
0.010457
0.062909
0.27372
2.1534
0.98751
0.9357
1.3056
1.7764
1.9402
1.8099
1.4632
1.3028
1.1739
1.1232
1.1029
1.0141
1.1244
1.1502
1.3546
1.0891
0.8988
0.58901
0.69034
0.64853
0.89952
1.1106
2.4675
5.3225
6.5452
8.3741
7.9993
6.1974
5.9843
6.0752
7.1548
8.7674
9.7277
9.7866
9.3683
9.2158
9.1677
8.8408
8.1998
7.6136
7.304
5.7333
4.1733
2.8752
1.9858
1.1859
0.88424
1.0249
0.79127
1.0186
1.0574
1.8905
2.625
4.239
3.8433
4.0379
4.7166
5.6233
6.965
7.4942
7.414
8.5722
7.7692
15.352
17.235
6.5659
1.8964
0.91411
0.97582
1.2951
1.6595
1.3105
0.65387
0.12773
0.048016
0.062534
0.078134
0.047078
0.030865
0.034917
0.035712
0.022882
0.024387
0.016749
0.01585
0.013989
0.013743
0.011733
0.0046459
0.0022916
-0.0050394
-0.036789
0.048944
0.71704
0.23468
0.2874
0.26789
0.54226
0.69617
0.67282
0.50407
0.46859
0.45139
0.47283
0.47017
0.46193
0.48736
0.55445
0.35381
0.31516
0.57652
0.52695
0.6477
0.45486
0.41013
0.44883
1.425
3.2805
5.797
6.2833
4.7426
4.4673
4.2642
4.7834
5.0121
6.1083
6.6387
6.4889
6.902
6.6416
6.2171
6.3951
5.7748
5.8517
5.2561
4.1968
3.2922
2.4308
1.6263
0.88949
0.55089
0.96772
0.69223
0.72328
0.84502
1.4333
2.6612
3.4266
3.1514
3.2726
4.2351
5.6123
7.1425
7.6392
7.6616
7.7765
7.8478
12.8
12.104
4.0496
1.0613
0.64731
0.66819
0.7306
0.92201
0.45145
0.13877
0.043755
0.012333
0.012014
0.010315
-0.0007202
-0.0032863
-0.0067344
-0.0071291
-0.014152
-0.016035
-0.022777
-0.02412
-0.028636
-0.032373
-0.03022
-0.036667
-0.035665
-0.039544
-0.096572
-0.81641
-0.85423
-0.31249
-0.29703
-0.38644
-0.54861
-0.75516
-0.72272
-0.64137
-0.58304
-0.53234
-0.58502
-0.64249
-0.64638
-0.56833
-0.6105
-0.65976
-0.7013
-0.5395
-0.16677
0.19359
-0.017225
-0.0077673
-0.073955
-0.05741
0.87162
1.9348
3.1773
4.0847
4.5167
4.8105
5.2409
6.2834
7.2365
7.7851
7.2655
7.5038
7.8869
8.0101
8.3124
8.1698
7.4976
7.2982
5.8848
4.5919
3.1096
2.0501
1.4107
0.99678
1.0811
0.70556
0.65941
0.70289
1.0115
1.7876
2.9974
3.9641
4.1408
4.2949
6.1917
8.1372
9.2885
9.6712
10.163
9.4191
15.373
19.73
11.597
3.5493
2.0329
1.8824
1.9284
3.043
2.6434
0.70295
0.20872
0.092132
0.15423
0.16239
0.087201
0.064981
0.019938
0.029845
0.02599
0.037676
0.028581
0.028071
0.035048
0.016923
0.022131
0.025516
0.016057
0.0095571
0.01094
0.14293
-0.34776
-0.0019232
0.030557
0.0082177
0.0834
0.23087
0.27403
0.16618
0.1474
0.16796
0.14007
0.11757
0.11141
0.09603
0.1429
0.0337
0.040139
0.10524
0.19388
-0.013157
0.12893
0.0858
0.057586
0.29098
1.5949
3.6682
4.8821
4.2761
4.0529
4.8171
5.4911
6.2122
6.9183
7.2404
6.9285
7.5346
8.2864
9.3568
9.157
9.3162
9.049
7.7979
5.7401
4.6145
2.7789
1.7516
1.1973
0.77498
0.65486
0.56485
0.32942
0.48214
0.56906
0.98739
1.4777
2.1475
2.9723
3.6073
4.5542
6.6813
8.1349
8.7198
8.432
7.5581
14.273
18.172
7.8819
2.7075
1.5222
1.5011
1.3132
1.7304
1.1512
0.56847
0.11185
0.025083
0.051283
0.045716
0.017183
0.0089225
0.014626
0.015162
0.0052891
0.00038016
-0.0066126
-0.01009
-0.010665
-0.015366
-0.023531
-0.022766
-0.025189
-0.021081
-0.055004
-0.61752
-0.25158
0.25554
0.14265
0.091273
0.16178
0.20069
0.15217
0.047411
-0.041079
-0.011468
-0.003003
-0.021249
-0.033382
-0.034228
-0.023522
-0.16214
-0.11805
0.15605
0.56217
0.34673
0.39851
0.37416
0.52643
1.3783
4.066
7.5135
8.2783
6.2998
5.4773
5.953
7.2014
7.9828
9.2535
9.7117
8.7869
8.3843
8.2017
8.5479
8.8472
8.783
7.9782
7.911
6.7282
4.4503
3.0488
1.5463
1.1648
0.64102
0.36907
0.3008
0.23907
0.23965
0.56866
0.84234
1.9216
3.0197
3.4666
3.6686
4.6301
6.2026
7.4658
6.965
6.5518
7.7595
11.974
15.85
7.1451
1.8158
1.3059
1.175
1.1947
1.2612
1.1991
0.68761
0.0931
0.074658
0.086056
0.073074
0.021754
0.020129
0.010297
0.012334
0.0047369
0.002766
-0.0032965
-0.0089868
-0.0086007
-0.0083033
-0.0046042
-0.0060601
-0.010912
-0.011112
-0.16012
0.95453
1.9101
0.68305
0.411
0.47144
0.84703
1.4733
1.5767
0.84914
0.43985
0.39235
0.43897
0.31881
0.25875
0.18068
0.09236
0.00093486
-0.041145
-0.105
-0.17063
-0.18484
-0.1666
-0.20784
-0.22085
-0.26447
-0.22499
-0.21591
-0.17342
-0.13685
-0.096361
-0.038615
0.070139
0.22309
0.42797
0.66722
0.90518
1.0094
1.107
1.1419
1.1065
1.0289
0.8705
0.78002
0.68846
0.61488
0.49989
0.44285
0.37735
0.30316
0.2129
0.18408
0.16202
0.13948
0.12
0.10164
0.10893
0.12997
0.14661
0.17656
0.2097
0.27538
0.33212
0.36696
0.43033
0.51153
0.50751
0.54629
0.54548
0.56091
0.54368
0.52164
0.51441
0.43103
0.45592
0.40479
0.36621
0.34248
0.36854
0.28935
0.31032
0.26417
0.27862
0.25045
0.2618
0.33748
0.31727
0.29408
0.33802
0.35019
0.38513
0.40861
0.44104
0.42161
0.44863
0.42593
0.41223
0.42991
0.45252
0.40857
0.45026
0.42146
0.46528
0.39561
0.40724
0.38446
0.35899
0.32236
0.34324
0.35241
0.35586
0.34835
0.36533
0.37193
0.42846
0.44326
0.4832
0.45131
0.49359
0.49022
0.46408
0.46538
0.43705
0.43425
0.40971
0.39012
0.37577
0.37273
0.33972
0.35565
0.31766
0.34894
0.32913
0.32887
0.36186
0.35395
0.37358
0.36951
0.36461
0.39995
0.38226
0.41333
0.41994
0.38418
0.35378
0.32405
0.31977
0.38919
0.37701
0.38474
0.36389
0.34904
0.33629
0.31625
0.32751
0.33488
0.33755
0.35958
0.33777
0.34241
0.31082
0.31089
0.34044
0.34224
0.33927
0.35566
0.32605
0.38808
0.39673
0.40035
0.41738
0.42188
0.43689
0.4015
0.39829
0.40624
0.39233
0.4165
0.35288
0.41155
0.37599
0.34936
0.34966
0.36246
0.37282
0.38518
0.33561
0.36741
0.3702
0.42013
0.40128
0.40961
0.40895
0.40584
0.41952
0.40911
0.37856
0.40548
0.37908
0.38468
0.37154
0.35568
0.39049
0.40546
0.38026
0.37723
0.39252
0.43174
0.43307
0.43175
0.45782
0.42739
0.45414
0.41942
0.42203
0.4145
0.38463
0.3881
0.38268
0.40082
0.36112
0.35539
0.31956
0.34531
0.33094
0.34475
0.34941
0.35128
0.36678
0.37881
0.38537
0.39543
0.40499
0.41227
0.42037
0.42058
0.42122
0.4129
0.41361
0.42934
0.38783
0.38713
0.3826
0.35784
0.36716
0.39781
0.34404
0.35817
0.34308
0.33247
0.31177
0.29189
0.28908
0.29903
0.29272
0.28472
0.27999
0.29254
0.28121
0.29188
0.30698
0.33671
0.34724
0.39276
0.42689
0.3795
0.37357
0.40905
0.37654
0.37302
0.36395
0.38455
0.34011
0.336
0.35959
0.34762
0.31451
0.31504
0.35128
0.32438
0.32654
0.33716
0.35867
0.33609
0.37595
0.33867
0.37306
0.35347
0.35475
0.34808
0.35394
0.36496
0.35267
0.3547
0.36048
0.36626
0.36272
0.36328
0.39439
0.39936
0.41755
0.42336
0.40063
0.41726
0.39509
0.43268
0.4123
0.45593
0.40312
0.39217
0.4089
0.37749
0.38863
0.36556
0.37372
0.37131
0.35254
0.37531
0.35957
0.39055
0.42074
0.37598
0.39186
0.41653
0.37493
0.43176
0.40993
0.42525
0.43222
0.38426
0.42255
0.39328
0.38347
0.37381
0.38323
0.37653
0.39227
0.34106
0.34136
0.34298
0.30941
0.34965
0.34495
0.3762
0.3889
0.39292
0.36812
0.37362
0.36527
0.37681
0.36605
0.36187
0.39894
0.37528
0.36952
0.37858
0.35213
0.33228
0.38526
0.36561
0.34373
0.34918
0.35175
0.34709
0.34429
0.35067
0.342
0.34734
0.34025
0.32968
0.33684
0.35852
0.37098
0.3312
0.33726
0.34443
0.33572
0.34323
0.34432
0.33371
0.34268
0.33089
0.35469
0.35219
0.38157
0.34862
0.37127
0.36038
0.35457
0.35303
0.39389
0.34263
0.34241
0.36018
0.37036
0.36618
0.35288
0.36358
0.34079
0.33051
0.31871
0.31418
0.34855
0.36268
0.36288
0.36676
0.36435
0.36605
0.36095
0.39335
0.37483
0.37206
0.37771
0.37148
0.38108
0.38567
0.41989
0.35747
0.3216
0.3499
0.38805
0.35817
0.36166
0.35681
0.38763
0.35567
0.35595
0.3902
0.36034
0.36724
0.395
0.35283
0.35141
0.37965
0.3711
0.34923
0.3581
0.40764
0.35444
0.37103
0.37247
0.36603
0.36292
0.39023
0.33784
0.35435
0.36195
0.35491
0.36215
0.36171
0.35613
0.37153
0.36842
0.37536
0.37509
0.37334
0.37915
0.35835
0.37696
0.36598
0.36394
0.38331
0.3578
0.35549
0.35423
0.37864
0.37509
0.37722
0.37834
0.3719
0.3581
0.38031
0.36345
0.34816
0.34703
0.36558
0.36749
0.36319
0.33607
0.35635
0.3774
0.3734
0.35048
0.35531
0.33087
0.37949
0.37099
0.33773
0.35003
0.37641
0.37122
0.35322
0.36845
0.35611
0.38208
0.36917
0.3796
0.38625
0.35868
0.37723
0.37164
0.34956
0.37889
0.31544
0.35957
0.36962
0.37337
0.34164
0.35983
0.36205
0.37963
0.34765
0.32069
0.35003
0.35735
0.36156
0.33976
0.33167
0.34691
0.37682
0.35145
0.34641
0.3952
0.37525
0.31552
0.34588
0.32976
0.34341
0.3402
0.33134
0.32071
0.34841
0.34472
0.32836
0.35748
0.33829
0.33148
0.34472
0.3325
0.34726
0.36671
0.33343
0.33552
0.31829
0.33071
0.30392
0.30157
0.30914
0.31236
0.31467
0.34158
0.34274
0.32281
0.3614
0.33659
0.34219
0.34598
0.35208
0.34963
0.3339
0.34474
0.34485
0.34151
0.35308
0.35022
0.36948
0.35066
0.34649
0.34229
0.34628
0.40136
0.32265
0.36511
0.3491
0.34999
0.34182
0.34796
0.34531
0.33148
0.31275
0.31165
0.36496
0.33745
0.34701
0.35865
