34.531
34.083
34.594
33.97
34.564
34.674
34.621
34.531
34.716
34.447
33.897
34.484
34.623
34.367
33.892
34.293
34.27
34.205
34.468
34.086
33.656
34.493
34.621
34.26
34.506
34.442
33.557
34.462
34.504
34.4
34.146
33.72
34.206
33.655
34.182
34.419
34.456
33.508
34.294
34.526
33.543
34.633
34.369
34.2
33.764
34.388
34.391
33.672
34.521
34.353
34.563
33.971
34.523
34.501
33.84
34.611
34.527
34.641
34.635
34.532
33.998
33.742
34.593
34.393
34.212
34.482
33.915
33.455
34.462
34.428
34.156
34.448
34.635
33.547
34.702
34.328
34.589
33.967
34.735
34.383
34.671
34.443
34.463
33.634
34.519
34.428
34.485
33.713
34.517
34.349
34.446
34.5
34.406
34.151
34.579
34.503
33.796
34.48
34.564
34.343
34.09
34.624
34.336
33.688
34.51
34.573
34.02
34.478
34.462
34.478
34.289
34.512
34.516
34.317
34.346
34.274
33.703
34.664
34.496
33.716
34.24
33.993
33.861
34.418
34.337
34.63
33.586
34.544
34.405
34.472
34.405
34.587
33.641
34.51
34.541
34.013
34.576
34.577
34.653
34.585
34.25
34.697
34.389
33.645
34.731
33.992
34.479
34.427
33.609
34.476
34.311
34.115
34.447
34.521
34.608
33.721
34.752
34.661
34.654
34.571
34.506
33.707
34.733
34.669
34.781
34.672
34.673
34.561
34.527
34.766
34.648
34.042
34.537
34.883
34.227
33.786
34.775
34.921
34.61
34.591
34.622
34.714
34.535
34.48
34.795
34.736
33.827
33.816
34.672
34.735
33.949
34.839
34.55
34.558
34.414
34.468
34.413
33.581
34.587
34.432
34.008
34.785
34.786
34.614
34.823
34.697
33.872
33.916
34.86
34.753
34.823
34.826
34.797
34.724
34.818
34.835
33.871
34.432
34.754
34.79
34.156
34.829
33.84
33.996
34.747
34.455
34.384
34.735
33.964
33.81
34.8
34.803
34.666
34.406
34.745
34.514
34.582
34.63
34.659
34.71
34.837
33.952
34.77
34.847
34.147
33.911
34.833
34.775
33.819
34.616
34.784
34.667
34.884
34.335
34.062
34.777
34.695
34.195
34.594
34.606
33.725
34.727
34.629
34.369
34.401
34.532
34.86
33.749
34.718
34.626
34.572
34.383
34.609
34.745
33.94
34.599
34.538
34.35
34.344
34.8
34.168
34.707
34.733
33.758
34.155
33.68
32.832
32.409
31.052
29.251
29.205
28.786
27.183
26.542
26.652
26.261
25.925
27.765
27.539
27.947
27.811
29.041
28.828
28.3
28.878
29.103
29.193
28.48
29.127
27.908
31.847
31.889
31.391
33.164
33.128
34.738
37.122
36.972
25.239
12.156
9.2076
11.229
34.859
63.096
47.271
44.227
43.32
46.136
53.152
59.005
60.749
60.758
59.691
56.23
58.428
56.343
50.461
53.03
54.974
53.232
51.938
52.691
49.356
39.935
23.327
19.272
18.614
25.763
28.253
27.83
26.829
29.696
32.446
34.24
37.173
35.348
34.505
34.827
33.659
33.027
69.41
70.234
48.421
19.308
13.239
10.019
13.116
10.986
9.373
3.7213
2.3432
0.71084
2.0602
1.2405
1.0313
0.33495
0.3409
0.2952
0.49965
0.47668
0.63079
0.73633
4.3686
13.227
31.299
52.544
75.277
71.548
40.772
28.344
25.457
24.585
32.03
38.6
59.259
50.594
25.186
10.888
8.4779
9.0802
11.378
10.592
9.3168
8.4304
8.7935
8.6324
4.413
12.206
34.022
56.05
64.528
58.443
47.068
39.441
37.643
35.109
38.189
47.088
58.695
67.47
67.946
55.041
42.703
36.555
35.937
37.321
49.13
57.827
58.645
51.874
39.326
24.715
15.583
12.298
17.487
24.36
24.667
29.643
33.948
30.959
32.412
34.47
34.849
35.636
37.589
36.68
38.83
39.138
18.271
10.353
6.5541
6.3061
5.092
4.5317
2.6466
0.71123
1.0184
1.103
1.1469
0.8179
0.27357
0.47205
0.40393
0.3401
0.50725
0.58522
0.49165
0.49871
0.50268
0.55723
10.37
34.381
13.832
9.0075
21.529
24.576
52.159
68.275
65.304
25.74
11.459
10.795
12.319
13.935
11.418
9.3664
9.7362
10.65
10.499
7.0433
28.012
56.429
67.691
57.283
47.545
42.414
39.32
34.572
40.656
45.804
56.543
66.41
68.604
65.858
48.494
37.622
38.44
42.154
47.557
53.259
55.784
50.172
36.352
19.61
11.877
7.0807
11.791
21.439
26.442
28.006
36.166
38.441
40.962
40.254
41.533
42.858
63.72
62.934
63.884
31.273
13.723
6.4703
6.2079
6.6166
5.5355
3.2514
2.0698
1.3924
1.0651
0.92878
0.96867
0.49848
0.19832
0.55665
0.47263
0.24234
0.32651
0.57872
0.6196
0.56154
0.57529
0.5728
0.70365
20.394
31.535
62.135
74.186
23.259
11.796
10.713
22.74
37.79
55.11
63.969
41.583
17.665
11.649
12.4
15.316
14.115
10.874
10.359
10.091
12.294
10.69
6.6587
3.5993
2.9467
6.4591
20.157
43.267
62.77
65.346
53.418
45.84
39.841
38.128
39.612
45.242
52.993
59.236
66.881
66.944
59.755
52.626
45.273
41.124
43.192
49.523
53.676
53.452
47.689
34.13
19.233
22.178
22.849
28.185
33.532
36.102
36.054
36.262
37.108
37.812
39.384
44.568
46.15
70.575
61.711
48.888
20.367
13.147
10.119
9.9586
9.4877
7.0352
2.45
1.294
1.6016
1.1628
0.80152
0.76291
0.17315
0.29978
0.45463
0.27436
0.26941
0.38859
0.57619
0.34666
0.63972
2.7342
13.073
54.851
69.149
16.876
12.427
11.982
26.143
43.938
50.629
46.786
23.61
15.136
13.877
14.878
16.471
12.745
10.745
11.31
11.688
12.645
11.046
6.0969
4.4069
3.9318
8.0247
27.544
53.728
66.632
62.651
44.793
42.513
41.334
41.252
43.434
49.056
57.096
47.36
47.057
46.027
49.034
52.698
53.884
55.098
46.766
31.956
16.243
12.632
8.258
12.209
19.164
23.61
28.278
30.676
32.335
33.653
36.42
38.722
38.954
38.692
37.348
39.784
41.759
71.539
61.757
45.172
22.883
13.769
10.763
7.2532
7.167
6.234
2.1916
1.3227
0.49929
0.137
0.54384
0.57637
0.26779
0.26314
0.52797
0.32667
0.60437
0.44235
0.64541
0.81998
14.761
18.893
55.561
71.442
21.877
12.84
11.624
27.527
42.776
51.722
54.508
32.187
19.381
15.39
14.599
16.81
13.402
11.446
10.747
11.705
13.008
11.74
7.4022
4.1181
3.4248
7.6745
19.637
45.287
40.965
38.334
41.787
45.921
49.081
58.647
65.249
69.277
60.92
47.268
42.786
41.214
43.16
50.083
53.437
53.199
45.329
28.013
13.336
9.7146
5.6939
9.8797
17.601
20.231
26.578
30.46
33.319
34.044
34.065
35.175
41.97
41.159
41.747
43.544
44.226
70.48
62.314
48.551
22.421
14.204
10.694
9.8873
9.4618
6.3474
2.7641
1.228
0.43146
0.50833
0.76887
0.50611
0.4286
0.75062
0.90496
0.65574
0.56122
0.60348
0.70308
0.65478
11.618
20.87
59.784
71.316
20.21
13.252
10.224
27.141
42.834
50.266
52.103
32.392
17.512
12.455
11.736
11.144
12.196
13.18
10.209
5.4589
3.0085
2.6129
7.0078
18.439
43.275
58.978
60.314
50.412
42.645
39.447
39.999
40.056
44.407
51.422
56.865
62.495
62.709
58.448
50.754
47.448
44.752
47.291
51.551
52.935
55.293
47.046
9.0948
16.161
26.55
29.234
31.104
33.676
32.057
34.375
35.267
39.973
40.329
37.573
39.887
44.566
66.811
58.582
48.738
25.969
15.483
11.51
9.7638
7.3833
5.7687
3.9061
1.7856
0.86371
0.96072
0.97456
0.35404
0.57645
0.67724
0.63296
0.23816
0.33369
0.47432
0.59222
0.54492
0.49525
0.67688
0.71129
0.56898
11.101
25.917
12.844
14.484
33.409
45.946
53.484
43.535
26.068
14.579
13.585
14.097
13.075
11.549
10.16
10.052
11.587
13.359
10.641
5.8291
4.3278
5.319
8.1711
24.419
52.564
65.275
70.665
64.348
54.977
51.375
49.963
53.291
54.495
57.838
61.073
57.987
55.154
51.701
50.377
55.678
52.287
44.75
45.342
41.853
9.475
5.0394
7.7045
16.414
27.902
32.102
28.376
27.231
32.773
42.09
43.473
43.902
45.145
42.375
39.011
36.78
72.057
74.597
25.232
12.097
8.122
10.356
12.31
11.582
5.5875
1.8978
0.94876
0.51113
0.73572
0.64601
0.45146
0.36581
0.60374
0.51383
0.4193
0.40961
0.3909
0.42568
0.2425
0.25884
0.40606
0.536
0.45216
28.439
26.476
26.079
28.876
34.97
37.247
29.386
24.097
17.888
17.09
14.021
13.351
11.805
11.877
13.434
16.31
16.995
14.357
7.9184
6.7536
7.9329
9.6039
27.431
60.324
69.912
66.815
54.764
49.99
47.566
49.489
50.553
54.505
56.909
56.444
56.315
53.257
49.571
49.448
48.558
44.87
41.106
35.548
29.217
16.436
6.9533
4.0823
4.1362
9.4638
22.979
26.349
24.815
27.145
37.297
38.365
43.879
47.68
45.728
46.428
43.67
43.063
73.198
74.585
24.085
10.971
8.1783
9.2813
12.112
10.25
5.6914
2.1213
0.61942
0.35444
0.4733
0.42088
0.49326
0.43595
0.50441
0.44004
0.44203
0.51578
0.44698
0.49163
0.5096
0.36568
16.834
5.999
38.808
48.442
22.221
19.913
23.697
31.375
37.456
32.405
23.27
19.26
15.011
14.886
12.864
11.846
10.594
11.821
14.05
16.455
15.823
13.801
6.9301
6.5318
8.3343
9.4927
30.642
57.581
68.874
66.249
57.269
49.736
45.316
44.294
51.688
54.644
57.401
57.542
56.137
48.352
49.276
48.455
43.59
42.588
41.537
35.038
25.859
14.86
5.9746
4.0254
4.1642
8.6349
17.867
27.253
28.921
28.022
31.913
36.306
41.754
48.431
45.881
44.218
44.633
45.358
72.639
75.412
26.387
10.09
7.9664
8.5635
10.954
11.348
7.517
3.0174
0.99285
0.45939
0.55268
0.55566
0.42821
0.40287
0.52778
0.64769
0.60186
0.65409
0.75697
0.79225
0.43258
1.9437
8.1949
33.964
44.339
17.975
19.299
22.818
34.813
33.089
24.623
21.214
16.847
16.637
15.401
13.225
11.22
10.851
11.41
14.049
16.311
15.925
12.114
7.7409
6.744
8.2422
11.632
32.207
54.434
65.551
65.184
56.876
49.112
45.422
47.171
51.273
56.517
58.738
55.873
48.139
49.176
50.181
51.669
45.833
41.702
36.522
29.891
23.323
10.125
6.5946
4.1112
5.3707
7.8394
16.329
29.863
32.127
33.075
30.152
32.992
44.822
46.44
49.378
48.026
42.524
43.887
71.209
75.974
28.432
9.2198
6.049
9.2196
10.214
10.944
9.4563
1.8176
0.81217
0.58961
0.60738
0.38392
0.47875
0.37579
0.43887
0.44656
0.40113
0.52617
0.45855
0.43386
0.46436
0.50783
0.5977
0.61164
0.62558
0.51585
12.057
12.044
29.127
13.521
12.772
18.125
25.603
26.231
20.299
19.332
16.508
17.531
16.292
15.542
14.864
15.019
16.941
18.661
19.364
18.95
13.006
6.2928
6.2129
7.2521
9.7123
32.917
52.375
64.698
63.251
53.507
44.373
45.324
44.956
50.732
57.579
56.68
54.912
52.042
47.7
51.299
51.105
49.113
36.911
30.061
21.25
15.244
9.0678
5.7209
3.8494
3.6547
4.6276
11.664
21.033
28.543
31.182
32.131
37.767
43.291
47.418
51.336
51.42
48.934
49.815
73.465
74.738
31.691
10.588
6.3073
7.8955
12.401
14.05
0.78181
0.50129
0.57385
0.69779
0.50434
0.60871
0.61181
0.77582
0.59069
0.63883
0.62858
0.55902
0.58654
0.55707
0.59361
0.69525
10.679
11.554
32.783
12.027
11.023
13.897
20.311
22.078
16.734
16.406
15.514
17.437
18.98
20.52
19.875
17.849
12.769
5.874
5.6397
6.9783
8.9274
32.618
56.891
65.569
64.104
54.491
46.196
45.682
47.107
51.949
56.869
55.186
53.128
51.103
50.378
51.897
51.034
49.264
50.249
48.54
46.747
38.62
28.89
4.9385
3.5229
4.1604
11.367
19.575
28.481
28.91
32.276
36.979
45.233
51.225
50.851
50.515
49.384
49.213
75.788
74.676
31.532
10.581
6.4832
8.0126
10.513
11.846
0.73676
0.67238
0.38971
0.52622
0.63601
0.29991
0.31358
0.46568
0.63204
0.67296
0.70823
0.73707
0.94476
0.72977
0.69409
0.64745
9.1413
9.6489
30.111
11.569
9.532
13.48
21.442
16.886
15.421
14.401
13.734
14.446
15.849
17.756
18.273
17.608
11.568
5.4537
5.3627
7.3912
8.2125
36.72
57.663
67.746
64.881
50.765
47.196
46.146
47.006
51.407
55.391
55.36
53.22
49.878
49.49
51.886
53.09
50.529
52.573
20.411
10.143
5.6031
3.0062
3.1293
2.3436
3.4142
8.7982
16.536
20.901
22.08
24.657
30.973
42.242
51.002
52.286
51.675
51.628
51.667
72.208
76.699
37.474
9.6238
6.3718
6.8849
8.6574
0.61271
0.95379
0.78991
0.47003
0.42055
0.49086
0.42557
0.2825
0.57466
0.62714
0.53287
0.53573
0.58237
0.76294
0.6201
0.44631
0.43128
0.76908
17.634
29.684
7.4242
7.724
9.0241
15.388
16.932
15.863
14.38
14.329
17.102
18.924
19.665
19.6
17.586
10.801
4.8255
5.0943
6.3797
8.5064
35.402
59.198
69.383
61.866
51.665
48.287
48.269
47.3
50.826
55.312
56.51
53.227
51.352
52.487
51.913
50.264
50.279
50.178
51.824
49.225
7.1939
3.2044
2.5218
2.0168
2.7074
7.6707
13.89
15.091
17.923
21.617
27.61
36.418
46.074
50.81
53.048
50.775
50.055
72.155
78.232
43.025
13.89
6.5992
6.0453
10.425
12.788
9.2352
4.461
0.36364
0.54043
0.82759
0.38892
0.17031
0.36467
0.2858
0.36309
0.58263
0.69893
0.73583
0.69143
0.54235
0.50855
2.1322
10.388
33.975
9.5075
8.236
8.8479
15.42
17.129
16.32
14.11
10.167
10.516
12.189
11.966
11.323
13.109
10.473
5.6418
5.2272
5.8972
12.531
40.778
62.216
64.111
49.349
40.373
37.833
36.196
42.388
49.859
53.12
57.93
56.756
54.032
50.507
46.946
45.689
48.715
51.376
54.022
56.148
54.194
53.196
48.217
28.393
12.132
3.7137
15.399
20.609
26.214
30.656
34.98
35.154
33.544
34.211
39.871
42.642
46.514
76.756
69.989
48.288
17.925
10.909
9.9465
11.685
13.399
10.114
3.8479
1.2892
1.1321
0.97012
1.0604
0.92692
0.68657
0.57824
0.79987
0.55084
0.48982
0.50519
0.46711
0.47237
0.56478
0.57201
25.432
28.641
9.0649
8.6842
6.733
9.9083
13.885
17.701
16.611
13.813
11.196
10.498
14.12
14.234
16.463
14.693
14.084
18.556
19.563
13.521
5.0569
4.3681
4.8461
12.643
53.771
71.83
77.922
65.682
54.556
53.888
57.452
61.213
62.278
62.253
58.359
56.335
49.594
52.581
57.024
55.645
59.839
60.703
47.396
17.826
3.4599
2.0766
1.9592
3.2081
3.4859
5.3068
13.999
14.788
16.092
19.073
23.112
29.671
36.735
44.561
44.295
40.69
43.68
73.531
69.763
55.68
19.617
11.563
11.296
13.159
14.806
10.007
2.4736
1.6004
0.39834
0.93397
1.2827
1.3058
0.70667
0.49462
0.47101
0.45001
0.63638
0.53079
0.57223
0.56947
0.67504
10.655
28.209
63.706
20.777
11.066
11.345
17.503
30.719
37.809
26.519
11.925
8.159
8.1502
9.1562
11.723
9.5898
8.2038
7.6963
7.3745
8.0878
8.0902
4.8416
3.6118
4.3337
7.5278
23.788
60.878
77.138
79.146
60.13
48.582
46.655
47.63
48.64
53.213
56.057
59.947
64.192
61.513
58.924
54.38
58.842
59.81
58.252
48.788
23.343
7.2952
1.6506
2.4082
5.2121
7.6203
11.333
18.521
25.269
29.414
30.669
32.688
33.886
39.475
42.437
41.713
39.534
42.549
72.997
68.839
50.359
19.587
10.149
8.224
9.2142
10.552
8.3648
2.5325
1.5339
1.3111
1.0005
1.149
1.349
0.76736
0.29871
0.3454
0.51746
0.34045
0.6035
0.91756
0.81296
0.68749
0.8286
0.61788
39.032
13.24
12.219
12.478
19.018
29.183
29.839
23.94
16.219
12.353
14.189
16.277
14.857
12.392
11.53
11.127
11.621
14.449
12.299
5.8618
4.843
4.9402
8.5328
42.396
64.869
76.067
66.988
51.709
46.017
45.951
47.819
45.3
47.962
54.002
57.17
60.19
62.574
58.668
48.548
46.228
43.803
31.859
14.762
4.4898
2.5283
3.1541
4.4829
6.1561
7.9908
12.669
21.497
25.88
29.948
29.955
32.147
35.7
36.747
38.08
39.793
44.38
71.83
65.301
47.104
18.884
10.961
12.512
14.283
14.361
13.171
3.6693
1.3195
1.189
0.5153
0.93114
0.96555
0.65032
0.52619
0.53455
0.45811
0.25685
0.32623
0.66372
0.66218
0.43328
0.53192
40.338
63.635
18.571
9.8141
11.201
15.977
27.151
38.515
33.012
11.182
6.6845
7.8687
9.7406
10.737
9.2108
7.0367
7.7057
7.5446
8.027
7.764
4.7635
3.6003
3.623
6.0197
21.376
58.095
77.785
76.514
56.067
48.156
47.358
46.334
45.226
49.494
54.688
61.158
62.384
63.792
57.375
51.05
47.674
47.905
48.727
52.271
58.617
58.801
2.5116
2.6347
5.6697
7.9686
15.098
21.601
28.025
29.249
32.114
35.498
36.454
42.162
42.145
38.413
39.485
45.266
73.673
70.461
50.522
16.956
9.0434
8.9677
9.6056
9.8604
7.6678
1.9176
1.3653
0.90937
0.60278
1.0242
0.89072
0.23446
0.30745
0.41161
0.42515
0.40222
0.32636
0.68835
0.4794
0.59215
0.58277
34.103
45.502
20.799
13.349
14.98
20.038
31.761
33.335
25.051
14.76
10.483
11.333
12.874
11.478
12.497
9.098
8.7734
8.3767
9.4773
9.1573
5.0287
4.1213
5.3132
8.1231
36.01
64.29
74.9
70.582
55.379
45.324
46.156
46.138
45.338
50.054
55.285
60.712
61.977
60.864
53.126
46.796
46.709
46.705
50.347
54.847
59.263
55.472
2.6554
4.1964
6.3062
7.7773
13.788
21.853
31.129
32.531
32.286
33.872
37.478
41.638
36.364
40.361
44.211
69.537
65.974
53.235
18.893
11.476
9.8578
10.78
11.901
9.964
2.3302
1.2377
1.3909
0.6268
1.1724
1.1279
0.76237
0.24446
0.65107
0.44911
0.31679
0.42528
0.75171
0.46688
0.6238
6.2411
38.235
60.433
18.607
11.586
12.891
17.534
29.296
38.299
29.721
11.818
8.267
11.512
13.123
13.116
10.918
8.4558
7.4869
8.162
9.2403
8.676
4.7978
3.6227
4.0043
5.701
21.904
56.791
71.516
78.037
62.456
47.112
41.531
42.811
42.014
48.374
54.3
60.295
62.516
60.308
54.071
47.339
44.242
44.318
46.898
17.948
6.338
3.5198
3.077
5.5194
6.8449
9.2458
14.501
26.772
34.619
33.812
33.139
35.049
38.432
42.165
42.664
40.777
42.303
68.533
67.225
54.69
20.036
11.837
10.348
11.072
10.734
7.8524
3.3872
1.506
0.74611
0.69889
1.0424
1.1113
0.94001
0.48592
0.44004
0.50333
0.34268
0.48909
0.60324
0.45451
0.62979
0.38002
0.66076
0.5637
0.74405
12.445
38.509
64.07
17.712
39.954
32.697
9.8272
8.0572
7.0928
9.6156
9.9247
8.074
6.926
6.7582
7.411
8.4367
7.0308
3.9955
3.6996
4.2612
5.5947
21.398
59.122
71.007
70.971
51.915
45.112
45.656
45.14
44.066
47.957
54.294
56.751
59.361
57.588
54.084
48.43
48.526
46.155
47.504
51.132
54.427
55.451
46.041
23.443
10.143
2.9956
3.5646
6.3748
9.5391
13.381
16.557
24.878
28.884
33.677
35.976
33.266
33.936
37.771
40.128
39.388
42.152
69.86
64.771
47.226
15.935
9.85
8.265
10.54
8.4665
8.8093
2.2035
1.7043
1.4526
1.0615
1.1415
1.0504
0.78894
0.20935
0.49795
0.31087
0.17911
0.22823
0.67991
0.46608
0.41328
0.47297
0.4767
0.6123
0.70403
10.334
32.265
55.986
25.52
13.168
18.125
23.598
40.459
35.307
19.549
10.833
9.2347
8.3104
13.784
9.15
10.287
7.4321
6.3627
7.0883
7.9519
7.5716
3.8769
3.6229
3.9547
7.0311
28.324
55.647
72.179
73.132
59.354
49.113
46.471
46.855
42.756
44.6
52.696
60.231
60.715
57.913
50.634
49.043
45.349
46.723
48.972
54.089
57.729
56.864
40.465
18.827
5.8758
2.6163
2.397
4.7181
7.0558
8.8539
16.931
25.47
32.147
33.881
33.412
32.38
38.692
42.636
41.163
39.143
43.164
75.358
62.78
42.867
17.587
10.018
9.766
10.577
9.8427
8.1495
2.3966
1.4066
1.7932
1.0443
1.1677
1.1917
0.65395
0.25655
0.58065
0.61286
0.29055
0.44739
0.40903
0.545
0.55413
2.8784
37.625
47.521
20.769
13.47
10.206
18.562
24.039
32.497
25.159
12.831
10.303
9.2142
11.277
13.035
11.895
8.6953
7.3163
6.9046
9.0893
8.7609
4.655
3.5578
4.1183
6.2583
24.364
58.317
73.105
73.384
56.701
44.145
40.853
44.376
47.363
49.278
55.042
61.253
61.882
59.036
49.371
53.736
55.918
53.409
31.721
12.507
4.094
3.0204
3.2805
4.175
6.3517
7.1524
13.425
22.751
30.46
29.38
30.299
33.272
38.861
43.296
42.438
40.082
45.5
73.955
63.124
49.366
22.245
13.675
11.624
13.442
13.223
12.542
1.1413
1.1098
0.67047
0.86263
0.85405
0.76718
0.82693
0.64086
0.42182
0.5395
0.58847
0.57122
0.56663
0.52684
0.67358
17.626
44.642
64.335
24.117
13.346
15.838
21.761
31.417
40.419
30.207
11.216
6.1991
6.8198
8.1198
8.9171
8.8205
6.6725
7.2372
8.1291
8.7191
8.8569
5.1007
3.4368
3.7968
78.026
66.178
50.558
41.311
41.379
41.191
45.173
50.31
58.277
62.204
60.524
54.065
47.312
41.014
43.189
45.012
52.994
57.439
53.459
42.156
20.233
8.5561
3.2013
3.3105
6.873
7.8138
11.511
19.988
27.564
33.974
36.369
37.296
34.612
39.127
42.431
41.571
43.291
44.043
70.416
66.834
50.634
19.934
11.162
11.142
10.778
9.1353
7.6236
2.6362
1.4899
0.48307
0.93856
1.2455
0.47543
0.45328
0.49576
0.59178
0.46886
0.5004
0.54957
0.57427
0.58835
0.48773
7.4899
36.039
59.264
20.353
14.144
15.043
18.826
32.449
37.15
29.425
12.735
7.5121
8.9478
11.303
13.957
10.955
9.7381
8.2303
8.0299
9.9643
11.757
4.5507
3.5062
3.8617
7.2905
30.368
60.127
75.626
75.942
60.807
44.756
51.729
58.826
60.959
59.206
53.791
49.369
43.95
44.081
48.794
52.788
56.964
55.587
40.274
19.091
8.086
2.802
2.4404
6.1897
7.9819
10.811
19.663
27.815
33.59
34.848
34.402
35.857
37.36
40.562
39.986
41.656
42.61
71.165
65.756
47.07
18.817
10.542
9.9912
8.4028
9.397
0.81569
1.1844
1.0832
0.42585
0.29688
0.50438
0.61691
0.30703
0.28647
0.59698
0.43939
0.46717
0.4259
0.47195
0.55629
0.50954
9.3162
37.403
56.262
26.278
16.096
13.431
22.432
33.296
38.088
26.049
13.745
9.3865
9.3912
10.458
12.537
10.588
8.9235
6.9283
7.1025
8.3286
7.7303
3.6708
2.9141
3.406
7.374
31.573
48.772
46.591
43.912
42.741
44.523
53.633
60.248
62.831
58.77
51.786
48.842
43.675
43.059
48.054
54.278
57.154
53.39
35.471
17.453
5.0602
2.8534
3.0992
5.2287
6.5661
9.2732
15.169
26.008
30.127
32.467
31.602
41.502
43.845
74.314
67.776
53.238
20.497
9.0367
7.7802
8.0909
9.7724
6.5792
4.698
3.0074
1.4224
1.2442
0.89084
1.1278
0.77315
0.67869
0.27033
0.32916
0.36532
0.45497
0.56669
0.60547
0.70291
0.66135
0.73844
0.65021
0.67291
12.088
7.3588
46.542
27.629
22.197
15.81
14.133
17.837
17.267
16.005
16.169
15.537
17.083
17.505
18.074
17.786
10.933
7.6336
6.5146
5.6606
12.875
35.952
65.166
74.246
62.806
48.275
41.313
36.821
39.681
41.453
45.064
53.027
55.285
56.094
50.286
44.229
38.618
38.066
39.533
46.047
46.483
47.994
42.722
30.734
14.545
6.0863
3.2704
3.7457
5.3735
6.866
29.72
31.786
34.967
36.913
40.889
42.382
38.737
38.384
67.588
64.752
46.772
26.943
16.721
12.995
14.92
11.712
8.553
4.0557
2.8887
0.75409
1.4179
0.38347
0.34815
0.44228
0.5735
0.30975
0.37133
0.43572
0.41512
0.4045
0.58279
0.63039
0.52182
0.56217
0.39297
0.44611
6.6124
8.687
22.545
29.837
24.851
18.495
15.927
14.46
14.314
14.649
14.093
15.524
16.394
17.86
18.537
16.258
9.3976
8.0251
6.8893
5.0621
8.7973
33.207
67.431
79.418
72.227
48.293
37.13
37.597
38.17
43.945
54.032
57.551
58.974
57.981
52.41
48.671
46.193
45.059
47.215
49.227
50.942
44.276
32.117
19.265
12.193
4.9055
4.1338
3.9843
9.7782
25.079
31.413
34.178
32.582
36.549
41.692
48.051
49.77
44.579
47.076
77.048
69.775
55.877
23.596
10.165
9.0164
9.0789
13.157
10.981
5.4702
2.2341
3.4504
1.5515
0.8264
0.37692
0.66314
0.45996
0.41443
0.43643
0.54706
0.53838
0.54429
0.65929
0.81284
0.80486
0.70935
1.4493
14.779
12.336
14.915
20.269
22.065
21.435
18.897
21.513
22.157
21.642
22.369
22.49
23.679
25.181
26.807
26.707
24.398
14.559
7.5011
6.6127
5.0688
14.252
45.817
70.13
73.445
53.766
40.272
38.773
37.296
40.042
44.075
48.654
51.478
52.433
43.462
43.897
48.385
49.125
47.597
38.67
21.391
12.407
4.2121
2.9671
4.2152
3.8117
4.8183
8.2289
14.291
22.362
33.907
34.537
34.134
38.49
38.85
44.193
46.79
43.833
43.303
76.988
67.184
56.675
21.727
13.056
11.09
14.444
13.653
10.986
4.8737
3.582
2.6282
0.94255
0.43349
0.53313
0.79409
0.61727
0.68603
0.34884
0.70016
0.65063
0.82014
0.60724
0.74162
3.4234
6.2599
11.125
34.271
18.03
12.847
16.525
23.342
24.987
20.547
19.355
19.27
21.171
21.472
19.136
20.164
21.732
21.868
21.389
22.85
20.647
14.367
7.9017
6.3422
5.2557
12.106
53.164
71.034
73.256
52.427
39.805
37.711
40.342
39.974
48.512
51.54
53.248
53.773
49.573
46.269
49.713
49.739
49.151
43.67
30.928
15.227
3.5896
2.4923
3.2729
4.0391
5.27
10.765
18.562
26.234
32.862
32.025
33.256
36.844
43.08
48.152
47.834
43.299
45.934
76.093
66.372
56.025
20.326
13.301
10.933
13.321
16.436
9.9727
5.0564
3.368
2.9345
1.274
0.49655
0.66411
0.73462
0.71323
0.67774
0.49135
0.60893
0.88005
0.75419
0.94876
0.88977
0.75602
7.0785
15.023
37.447
19.041
16.901
19.691
27.773
24.073
21.944
21.861
22.093
22.329
20.722
20.747
21.125
19.809
20.082
21.972
23.503
21.69
14.671
9.5685
4.5333
4.9304
11.188
43.299
68.714
74.259
57.066
43.955
37.536
36.057
38.428
42.424
49.281
51.957
54.228
52.801
48.889
46.122
42.901
42.194
45.613
50.281
50.978
48.547
45.009
30.853
17.174
6.0597
3.1272
3.4823
3.0666
4.1057
10.243
18.461
24.859
29.003
30.913
32.773
37.771
46.308
50.086
47.456
43.754
47.127
74.658
68.389
57.419
21.064
10.577
10.41
12.235
16.225
10.95
5.7886
2.2865
3.6688
1.1233
0.70559
0.56697
0.4806
0.56902
0.71514
0.58364
0.3803
0.70092
0.54676
0.61408
0.5564
0.60267
0.9634
3.9616
3.8018
7.6438
23.543
36.609
21.891
16.633
22.114
29.319
27.633
24.868
21.983
20.915
17.471
17.075
16.451
18.389
18.681
14.061
10.107
4.6933
7.5541
11.793
36.398
66.336
76.628
63.289
47.756
38.782
36.336
38.592
42.234
48.925
55.732
56.75
53.442
48.78
42.897
40.489
43.61
46.39
49.195
47.841
46.027
45.185
43.364
25.148
9.2571
14.585
24.381
31.487
31.593
29.885
33.939
41.315
45.33
44.129
41.739
39.467
42.583
71.41
65.177
50.687
18.651
13.376
12.044
13.397
15.737
9.616
3.5721
2.7796
1.2683
1.1285
0.52722
0.41505
0.43987
0.81668
0.47638
0.57838
0.74357
0.77508
0.77239
0.83338
0.83467
0.83836
0.67361
3.4806
23.48
20.706
25.02
33.208
32.616
28.79
23.862
24.007
23.296
20.139
19.411
18.708
17.154
16.464
17.655
18.933
18.932
15.705
10.994
5.7263
75.541
68.931
48.102
37.368
38.345
37.076
41.695
52.706
57.13
57.495
53.233
48.523
43.417
42.494
43.085
46.14
47.233
49.056
47.241
47.501
46.253
25.463
9.3619
2.399
15.887
24.984
26.87
28.481
30.351
33.886
41.676
46.169
45.181
42.434
40.019
42.524
71.406
65.166
51.843
21.138
14.442
12.797
10.488
15.887
10.811
4.4746
3.0159
1.1585
1.249
0.59602
0.42245
0.34645
0.51523
0.32899
0.38675
0.67585
0.73683
0.54263
0.51855
0.64834
0.48561
1.8779
54.76
33.421
20.916
22.328
27
29.998
28.678
28.305
25.494
19.926
17.4
16.467
14.274
13.392
12.31
13.093
14.584
15.693
13.579
9.5313
5.8041
6.7104
9.1426
41.958
67.492
75.938
38.86
41.483
46.835
55.733
56.415
54.422
50.075
44.272
43.293
40.448
48.853
50.58
48.968
44.432
46.352
45.634
34.911
16.99
4.5905
3.5505
4.0521
27.188
32.276
36.973
43.471
45.123
42.284
37.158
39.413
39.678
68.727
58.734
47.834
20.604
14.987
13.754
13.33
12.041
7.112
2.9486
3.4044
1.5687
1.1667
0.52721
0.45793
0.44452
0.56966
0.53427
0.52266
0.56347
0.66498
0.82379
0.62531
0.64577
15.494
35.902
59.226
27.485
20.475
22.352
32.577
38.432
34.22
27.984
23.807
21.116
20.699
17.246
15.44
14.451
12.752
13.054
15.747
16.709
12.595
9.6879
67.445
78.288
68.747
44.736
40.707
37.127
38.128
42.663
45.693
54.258
58.649
56.945
50.535
44.742
44.396
42.063
47.466
51.508
53.078
48.591
47.56
49.886
37.6
18.867
29.969
36.186
35.658
30.013
34.782
41.688
45.977
43.914
41.181
42.6
42.796
42.579
68.164
65.975
37.578
18.807
10.117
10.606
13.204
10.526
7.5832
2.2306
2.4892
0.73377
0.40902
1.0051
0.74288
0.40556
0.72755
0.44071
0.78618
0.42531
0.7914
0.8398
0.56156
0.67805
0.64333
0.83208
0.61691
27.358
13.459
12.577
21.783
37.484
44.71
41.827
26.212
16.963
14.021
15.045
15.395
14.214
13.295
12.149
13.727
14.527
12.421
7.1477
5.2076
5.4904
8.9098
28.98
55.2
70.482
65.503
54.928
48.146
44.828
43.354
41.368
43.404
50.694
57.204
62.687
63.756
57.024
50.921
46.323
58.225
50.22
32.238
13.281
3.9846
3.0553
9.1205
15.561
29.196
35.9
38.26
40.007
41.026
40.957
43.062
43.428
41.692
44.415
45.123
45.63
70.254
67.284
46.625
19.176
9.0794
8.6158
9.6555
11.286
11.13
2.196
1.2953
0.82622
0.95551
1.0175
0.98633
0.42702
0.32233
0.49149
0.53488
0.40112
0.36637
0.59841
0.49601
0.55502
0.60427
6.4882
46.517
61.891
23.276
13.682
15.578
23.152
37.656
44.747
39.522
21.344
17.276
17.468
18.11
16.069
12.91
11.752
10.81
13.857
14.456
11.568
8.3765
5.4335
5.1228
8.179
27.486
39.365
38.802
40.976
42.245
46.961
51.268
55.709
57.775
59.301
54.003
48.339
44.124
45.505
44.561
49.122
51.559
51.106
47.115
39.67
19.477
10.909
7.551
9.9701
19.075
23.323
27.203
29.927
31.599
31.992
32.781
35.43
36.171
35.59
36.795
39.03
41.123
64.554
57.893
47.212
33.241
17.673
10.932
10.308
7.7795
7.9151
3.6528
2.6081
0.66588
1.2603
1.0014
1.0521
0.89543
0.48655
0.49351
0.52371
0.30444
0.27904
0.4894
0.45008
27.553
49.118
62.12
68.037
24.124
11.117
11.51
22.758
39.219
52.256
57.995
45.824
22.82
14.666
14.851
16.977
13.364
11.274
8.5047
4.7958
2.4157
4.8814
15.099
40.494
60.642
61.887
52.495
45.511
39.414
38.13
37.666
40.889
48.585
54.442
62.98
64.241
60.867
54.274
43.348
39.026
42.628
48.034
56.342
59.721
52.342
35.009
18.644
10.256
32.875
32.587
33.452
34.976
35.339
39.418
41.926
42.654
44.401
43.407
43.486
71.221
66.22
48.202
17.377
10.814
10.708
9.8109
10.06
8.6481
2.3969
1.7036
1.4526
1.1031
0.60804
0.83889
0.8343
0.17571
0.33382
0.66169
0.43877
0.33267
0.43424
0.51487
9.4642
24.66
50.812
63.47
26.317
18.162
16.069
29.807
42.086
48.407
49.937
37.21
20.426
17.948
18.547
16.978
13.382
11.524
11.237
11.7
3.3725
6.3486
19.094
46.333
64.5
65.103
54.159
42.756
42.489
41.58
41.683
48.893
53.357
60.056
63.666
64.327
59.483
51.286
46.514
43.528
44.802
53.445
59.545
58.743
53.343
37.861
18.979
10.888
7.872
13.49
22.666
28.118
32.256
33.193
34.331
35.068
43.172
44.984
46.766
65.853
57.425
46.588
22.667
14.463
11.188
13.407
11.994
8.1906
3.7799
1.3305
1.2909
0.89545
1.0303
1.0023
0.56059
0.24966
0.42758
0.33329
0.23119
0.35924
0.47668
0.50815
0.46563
0.66346
0.64476
0.85365
21.619
14.619
12.922
24.299
35.763
45.908
51.509
44.651
28.192
19.838
18.316
16.926
15.531
12.678
10.952
11.529
11.252
11.452
6.2459
4.2638
3.0879
6.1138
15.92
37.37
55.018
55.027
50.821
44.499
40.255
38.715
40.063
41.43
43.973
49.013
55.389
59.138
58.198
48.293
43.612
38.958
40.381
48.571
55.25
54.013
50.148
34.678
16.407
11.197
7.2129
11.361
21.652
25.213
29.496
31.969
34.201
35.215
34.376
33.044
38.715
39.662
38.267
40.504
41.83
59.765
56.652
50.589
33.103
16.95
9.0597
7.8393
7.9199
5.4564
4.2548
2.6044
0.9662
0.4808
1.1081
1.2858
0.41596
0.55971
0.15005
0.77482
0.66341
0.28232
0.51757
0.64411
0.6452
0.69788
0.95244
5.4644
20.98
45.225
63.189
66.765
22.002
15.054
14.194
20
31.624
46.071
57.467
55.002
44.177
24.061
19.214
18.343
15.443
13.805
11.485
9.364
12.019
13.575
8.8358
4.3589
3.0756
4.7111
13.153
33.548
54.488
59.725
51.456
43.844
38.032
35.802
34.178
35.302
41.058
47.081
54.192
61.825
37.807
39.319
43.274
50.233
52.5
46.443
33.181
15.62
8.3294
6.7158
11.328
21.377
25.265
30.426
32.178
33.013
31.108
32.94
34.521
34.741
34.901
38.036
38.546
41.869
66.082
57.532
54.031
30.004
16.004
7.9972
7.6351
8.0158
5.4593
3.1278
2.0486
0.69068
0.73166
0.96673
1.1049
0.7941
0.26334
0.34803
0.37762
0.29809
0.41717
0.5483
0.67813
0.62041
0.68961
0.85792
5.6585
22.442
43.383
56.916
66.631
34.449
44.594
54.065
52.88
39.543
24.598
20.496
17.438
17.652
16.431
12.381
10.681
11.882
11.48
8.2738
4.0729
1.9903
3.877
14.396
30.039
46.585
54.259
52.813
46.994
40.918
39.336
32.74
34.434
40.45
49.479
60.404
65.794
60.824
47.555
38.567
36.185
39.243
46.793
53.851
9.7027
8.8889
16.31
24.079
27.817
33.161
32.369
36.319
37.365
35.708
38.684
40.048
40.194
44.975
46.428
48.78
70.159
62.058
49.455
21.737
12.221
8.6523
8.7897
9.8198
11.311
2.429
2.2259
0.86339
0.88195
1.1478
0.91521
0.56539
0.36682
0.56113
0.6202
0.51358
0.27877
0.64023
1.1282
12.142
23.211
55.769
63.841
20.874
13.026
17.433
30.024
43.798
49.676
51.335
34.59
22.088
18.311
18.719
18.582
15.658
13.041
11.988
11.681
12.506
2.2265
6.1809
20.286
46.257
62.672
56.385
45.069
40.759
39.572
40.594
41.912
45.966
47.511
57.555
62.322
62.036
57.844
51.455
44.351
43.534
43.803
52.726
56.526
58.015
52.94
35.64
18.612
10.016
7.9589
12.062
25.544
28.995
33.736
37.723
39.106
39.445
41.468
44.88
44.044
47.59
69.432
62.846
52.775
18.029
10.961
8.3477
8.1125
7.7833
8.6754
2.4587
1.9679
0.57446
0.75853
1.1106
0.98722
0.55327
0.21779
0.27895
0.6753
0.304
0.30482
0.538
0.56414
0.43926
0.48698
0.5932
0.59666
22.683
10.14
10.8
20.416
36.259
51.467
53.752
38.394
23.449
17.963
18.376
18.827
15.163
11.763
10.892
12.289
12.47
11.368
6.6049
3.0674
3.0638
6.9014
58.143
45.663
39.898
37.241
40.969
42.765
46.29
51.978
58.598
64.271
63.215
55.129
47.947
42.109
42.374
43.305
48.164
52.758
53.667
48.086
34.584
16.312
10.717
7.4094
12.085
18.156
24.554
29.505
31.195
33.364
35.093
35.43
38.574
39.773
69.095
61.113
54.467
31.647
16.078
10.448
8.9068
8.8782
6.7572
3.5408
2.009
0.47691
0.69644
1.2677
1.0363
1.0552
0.27679
0.31346
0.77097
0.34922
0.36725
0.56701
0.61721
0.72827
0.72669
0.6292
2.8052
27.321
40.211
65.225
69.706
23.341
14.078
59.171
52.273
29.421
19.433
16.196
15.674
15.055
12.305
11.165
11.078
12.377
12.795
7.9573
4.5845
3.2682
5.9718
13.822
33.4
52.034
60.134
58.247
48.286
40.784
38.59
36.614
40.375
45.308
54.281
62.075
66.114
65.085
52.946
52.252
57.337
48.895
30.347
15.946
8.4397
6.7044
12.484
20.992
28.909
30.369
31.326
31.581
33.515
37.12
39.635
39.452
40.485
42.792
43.694
46.142
69.165
63.114
53.226
23.217
13.05
8.7085
7.7226
8.7243
9.5011
3.084
1.7705
0.64774
0.99862
1.0729
1.161
0.54526
0.39163
0.61775
0.62662
0.37808
0.33043
0.5875
0.55338
0.50616
0.5379
0.69597
0.73483
24.704
17.203
12.792
25.156
45.767
56.939
52.807
34.133
21.198
18.998
19.36
18.919
12.285
12.542
12.638
12.878
13.023
11.033
6.802
3.9557
2.4843
5.4185
16.444
37.938
61.876
58.172
46.746
41.857
40.26
40.755
41.6
45.396
48.393
56.935
64.039
63.663
44.861
49.639
56.924
56.495
48.22
30.326
15.213
8.7539
5.7157
11.889
20.006
22.921
31.19
33.9
34.146
36.075
36.55
39.573
40.387
40.263
38.028
38.989
42.964
65.145
59.862
55.174
35.715
17.042
8.2465
8.3251
7.5722
6.3298
4.8294
2.4445
0.83849
0.58613
0.77377
0.91208
0.83728
0.21538
0.29157
0.49754
0.223
0.23075
0.51173
0.51514
0.5117
0.66263
0.7858
4.5771
14.012
42.986
17.781
30.181
38.672
48.115
56.133
52.31
34.73
21.892
16.976
15.562
13.445
12.827
11.139
11.059
13.132
10.976
6.708
3.1269
2.2059
4.0371
9.4215
32.7
53.363
62.773
62.851
57.489
49.092
45.829
43.535
46.475
50.551
55.451
58.446
54.934
50.614
45.251
42.687
40.121
37.77
30.239
19.573
11.791
8.779
10.537
19.618
30.531
38.7
38.008
37.36
37.848
40.938
46.684
48.449
50.303
45.962
41.429
39.439
72.825
69.851
41.814
14.494
8.6207
7.2428
10.314
8.3884
6.2972
2.5333
0.94449
0.55987
0.36484
0.38823
0.50856
0.48785
0.39212
0.39139
0.39173
0.34588
0.37919
0.52195
0.4673
0.47607
0.51577
0.55228
14.152
10.463
21.814
31.156
27.855
29.625
31.992
34.371
29.733
23.442
17.577
12.93
12.406
12.654
13.094
14.152
16.371
16.917
14.435
9.9738
7.2515
8.7207
9.7619
26.924
51.007
64.297
66.856
58.888
55.296
53.454
51.539
49.83
50.227
56.663
52.533
50.115
50.16
53.597
51.824
42.547
42.089
39.818
32.772
18.222
6.9859
5.517
7.8237
17.682
26.939
28.103
31.108
32.956
35.39
38.706
44.366
44.858
46.145
44.072
45.604
46.086
72.7
68.917
32.209
13.198
7.6751
6.8234
9.6576
10.568
6.2309
2.5323
1.4817
0.5127
0.46062
0.51143
0.66637
0.4085
0.46332
0.37354
0.40526
0.28897
0.42896
0.59994
0.4227
9.4922
19.219
32.784
49.23
28.592
27.166
28.659
31.619
36.444
38.063
29.66
25.433
20.419
17.418
14.876
13.878
12.595
13.189
14.187
16.338
18.321
16.051
10.117
9.2237
8.9742
10.802
28.411
57.706
64.73
65.384
57.979
51.367
49.288
48.398
49.759
54.396
58.567
59.581
58.189
55.068
51.237
50.902
50.103
39.595
32.754
21.068
11.856
6.8103
6.1381
8.5257
13.897
24.403
31.359
32.479
32.449
34.854
36.359
40.406
45.858
48.475
49.435
45.857
45.809
71.255
73.625
30.585
13.235
7.8781
5.4704
5.847
7.2653
4.178
1.5501
0.88426
0.78812
0.83326
0.79118
0.58662
0.44323
0.22386
0.49001
0.49325
0.40336
0.46488
0.5302
0.61846
10.509
3.0616
28.243
49.796
21.781
20.683
23.572
30.648
37.158
35.673
27.421
21.282
19.113
17.329
17.037
15.543
13.238
14.906
16.01
18.431
18.401
15.011
8.9871
8.1282
8.4463
13.021
33.886
52.461
58.538
62.233
57.375
53.697
42.065
42.55
48.277
51.708
56.797
57.341
55.163
51.586
49.342
45.981
48.936
47.05
44.191
42.752
36.456
8.0175
6.5808
8.7517
12.01
18.681
28.089
33.382
32.72
36.095
38.914
42.057
46.839
50.285
49.38
47.762
46.288
68.763
71.491
49.364
15.415
7.2595
5.7279
7.4605
8.8313
6.8016
2.2211
0.7445
0.66088
0.64078
0.56133
0.7055
0.50774
0.32153
0.43419
0.37764
0.41179
0.38893
0.57913
0.53623
0.58141
0.68062
0.62545
0.66294
1.0708
17.385
22.23
30.605
33.82
29.301
21.728
18.769
17.425
16.958
16.396
15.652
15.11
15.226
17.088
18.347
17.959
15.018
9.4019
7.9609
9.7646
18.055
33.663
51.255
58.726
64.153
56.773
45.337
39.795
41.425
47.326
53.525
56.087
59.133
55.735
50.957
46.234
42.051
45.586
51.1
43.441
13.825
9.5071
6.8561
3.5089
6.7771
7.3449
14.36
28.526
37.204
35.269
32.391
35.181
38.548
43.308
50.001
50.761
47.492
46.91
70.547
69.333
45.979
14.43
6.9187
7.0229
7.3724
6.9396
5.2479
2.1028
0.6297
0.51142
0.31879
0.41301
0.46342
0.48405
0.52607
0.31863
0.33326
0.45147
0.39849
0.58441
0.51381
0.55894
0.65193
0.52916
0.59492
0.36541
10.228
15.36
21.184
24.895
23.776
21.903
22.825
23.137
21.464
20.363
19.956
20.633
23.177
23.677
23.238
20.8
13.74
8.637
5.2795
7.8643
15.523
32.73
47.518
55.139
56.362
52.325
43.54
40.859
41.716
46.35
49.793
53.303
51.15
50.555
46.951
45.671
46.719
44.454
41.604
41.757
35.525
27.664
17.522
13.419
9.5994
6.4447
6.7826
4.6588
6.566
10.093
36.761
34.396
40.245
46.047
49.436
53.604
48.304
46.446
72.166
72.826
49.077
14.286
6.6603
5.6251
8.0731
9.2282
7.9136
2.7025
0.72442
0.36376
0.65153
0.69743
0.65279
0.69484
0.6645
0.61514
0.62862
0.57188
0.69153
0.72273
0.66146
0.67268
0.74381
0.68684
0.63355
0.73947
10.009
20.56
23.871
23.663
21.377
21.419
21.093
21.07
20.706
20.662
20.516
21.754
23.073
23.559
22.718
21.195
16.941
9.698
5.9376
8.0548
9.8767
23.707
44.842
55.565
62.966
57.991
44.236
39.536
39.8
42.303
49.486
55.243
55.497
50.741
45.893
47.081
46.028
43.54
42.427
38.201
29.543
26.379
6.248
4.4726
6.9574
10.58
20.713
29.105
30.719
33.127
35.285
37.513
37.559
42.89
46.647
47.759
45.854
47.717
72.131
65.139
38.624
11.452
7.037
6.265
9.9225
11.358
4.0958
1.8907
0.79275
0.73768
0.47822
0.63579
0.72882
0.63713
0.56026
0.59799
0.68826
0.72562
0.97222
0.92215
0.85299
0.79457
0.87432
0.83203
0.50543
0.73217
7.8624
9.8106
21.942
15.669
12.558
15.772
22.302
20.248
21.675
21.194
21.434
21.16
20.622
21.33
21.187
22.376
24.22
24.392
25.174
22.38
17.17
13.168
7.4059
8.841
13.983
26.525
46.712
55.717
58.253
50.73
42.347
36.206
38.034
43.021
47.664
52.544
52.858
47.014
45.728
43.984
42.188
29.583
23.194
15.073
12.212
9.0361
6.6843
7.4735
5.5761
7.7292
9.9906
18.806
31.746
31.946
34.616
35.315
35.092
37.988
42.346
45.795
47.948
50.878
47.725
75.241
69.806
39.064
14.843
8.2858
7.6038
9.0635
8.7891
4.7705
1.8738
0.9622
0.72411
0.7017
0.62687
0.9336
0.72304
0.74102
0.59463
0.52577
0.68353
0.6717
0.87069
0.74698
0.55121
0.66025
0.66611
0.68459
0.62563
0.51844
9.1697
14.483
19.295
6.7197
6.9314
7.2006
10.602
11.571
11.834
13.058
14.869
17.172
19.378
20.162
21.102
22.831
24.643
26.708
24.664
18.945
10.281
6.9678
8.4783
16.898
29.811
54.109
55.874
57.284
48.602
39.459
38.51
40.015
46.691
49.091
51.144
50.081
45.49
42.885
45.507
46.656
44.824
42.586
38.103
33.657
23.846
15.863
12.035
7.4854
5.5169
6.0293
4.0698
5.2027
5.4706
8.8497
15.777
24.285
21.48
21.306
25.398
33.183
38.918
42.433
43.037
43.348
46.32
71.472
73.592
38.24
11.205
7.169
8.5875
10.135
12.005
7.16
3.9982
0.79254
0.43339
1.1601
0.85668
0.7373
0.62812
0.60336
0.64233
0.65103
0.59581
0.64791
0.61619
0.58279
0.64451
0.67215
0.66006
0.66072
0.52484
4.0364
11.414
29.817
11.507
9.5048
12.759
18.133
18.762
17.665
15.287
14.752
14.372
14.321
14.484
14.09
16.716
18.632
21.109
21.073
19.945
14.619
8.3744
5.5845
7.8304
10.52
24.517
49.7
59.839
62.729
53.798
42.765
41.29
42.503
46.771
54.337
56.021
54.092
49.77
48.135
47.672
45.343
43.347
39.564
35.649
29.18
21.666
14.435
9.5398
5.8327
4.5021
5.7135
4.2273
5.2595
5.4502
9.6851
12.371
20.407
19.171
20.556
25.835
32.406
38.491
41.054
41.554
43.62
42.619
71.224
77.459
32.446
10.71
6.315
7.5469
9.908
13.611
8.9437
4.3682
1.0282
0.4403
0.66022
0.92427
0.58063
0.46127
0.56843
0.64734
0.51513
0.66259
0.49028
0.566
0.59205
0.73155
0.78838
0.93402
0.81241
0.58992
4.3428
10.741
31.257
9.2098
8.8628
9.3305
14.948
16.428
15.673
12.772
12.294
12.108
12.482
12.813
13.335
14.436
17.511
18.862
18.342
17.575
13.553
8.7361
5.9992
7.3487
10.634
27.493
53.149
60.985
61.117
49.845
44.952
42.227
46.43
50.394
55.784
55.61
51.721
50.854
47.363
46.621
47.448
42.406
39.347
37.34
28.585
20.718
14.443
9.8192
5.8324
3.8311
6.6833
4.7184
5.1031
5.7102
9.0808
16.086
20.634
19.644
20.32
25.992
35.084
43.865
43.082
42.242
43.635
46.034
74.612
79.932
32.747
9.9941
7.4445
8.1806
9.6371
14.359
11.145
3.5915
1.0734
0.60834
0.87418
1.1277
0.41712
0.39821
0.41797
0.38378
0.51107
0.41687
0.54768
0.49468
0.58939
0.63584
0.64693
0.70863
0.51114
0.54651
1.1981
15.596
31.867
8.1944
5.8065
7.5678
11.494
15.821
13.751
11.919
11.03
11.156
11.772
13.102
14.037
13.935
15.001
16.521
17.749
17.026
12.827
7.0097
5.9018
6.8574
8.8277
23.566
45.524
64.663
64.828
54.31
47.202
44.425
46.837
51.68
55.914
56.221
51.52
52.009
51.061
49.088
48.857
45.247
39.619
37.745
30.503
23.659
15.734
10.357
7.341
5.2277
5.6871
3.9593
3.8514
4.2338
5.7646
9.8123
16.026
20.64
20.742
22.966
34.047
43.683
47.361
48.628
48.162
45.669
72.558
79.053
40.423
11.614
7.2874
7.1897
8.0011
13.206
12.705
3.7233
1.1513
0.52149
0.9151
0.97365
0.57284
0.52957
0.19114
0.34354
0.31014
0.47315
0.4581
0.56379
0.67014
0.37307
0.61137
0.74085
0.74864
0.85442
0.66872
13.915
25.265
9.6006
7.5429
7.8287
12.111
15.533
14.25
11.742
9.9881
9.99
10.608
11.002
10.503
9.9363
11.608
14.396
15.51
14.249
10.067
5.2684
5.3009
6.2104
8.2928
27.168
54.082
68.385
67.206
54.045
47.84
48.63
51.263
55.446
59.428
57.991
52.993
53.57
53.609
53.081
50.525
49.357
46.242
42.196
32.745
25.515
15.351
9.8565
7.4201
4.9535
4.0721
3.9182
2.4951
3.9993
4.2305
6.7507
9.6411
13.149
18.068
21.841
27.909
38.712
44.762
45.725
46.275
45.452
73.551
81.15
36.994
13.269
7.9907
8.947
8.5579
12.626
9.9599
5.4798
1.0353
0.29642
0.79915
0.88856
0.44654
0.29058
0.50725
0.61055
0.3419
0.41518
0.83293
0.59692
0.5154
0.75034
1.0833
0.92667
0.77335
0.60607
1.2132
13.346
35.715
12.009
7.1907
7.688
14.703
15.757
15.411
12.402
8.3122
8.046
8.4979
9.2013
8.7978
8.7523
9.9905
12.009
13.151
11.729
8.9176
4.961
6.0321
5.9045
8.6044
19.44
53.395
68.438
72.035
56.535
47.506
45.272
49.983
52.047
56.967
59.353
54.151
51.729
49.335
49.028
50.222
50.793
47.032
49.036
42.955
28.351
19.063
10.669
7.8694
5.0166
3.1534
2.9676
2.5201
2.5732
5.3112
6.9244
14.304
20.994
23.449
25.25
31.056
41.588
49.492
45.292
43.404
48.384
74.686
80.452
34.937
10.242
7.9199
8.2606
8.7964
11.33
10.216
5.697
0.82629
0.78476
0.93488
0.99432
0.35961
0.46494
0.31059
0.4898
0.37471
0.45892
0.54637
0.67586
0.64863
0.78343
0.86501
0.61609
0.8405
0.84305
16.112
34.188
62.455
21.116
14.292
16.067
27.663
35.741
30.602
18.916
14.271
14.438
14.303
12.934
12.756
11.509
12.119
13.406
14.696
13.528
12.436
10.976
9.8758
10.455
11.016
12.141
11.041
10.524
9.9576
10.191
10.374
11.903
14.414
17.122
19.313
22.655
25.47
26.295
26.233
26.226
25.533
23.88
21.321
19.202
18.006
17.178
16.502
15.328
15.174
14.991
14.498
14.781
14.94
14.801
14.663
14.512
13.956
14.434
14.988
15.53
15.753
16.964
18.014
18.572
19.927
20.514
20.151
20.633
21.115
19.903
20.194
19.564
19.542
19.042
18.714
18.572
18.158
17.868
17.855
17.719
17.048
17.356
17.625
17.078
17.698
17.731
17.835
18.643
18.85
19.493
19.399
19.785
20.033
19.643
20.212
20.051
19.101
19.376
19.98
19.585
19.94
19.653
20.142
19.613
19.255
18.932
18.805
18.315
17.98
18.356
18.061
18.088
18.836
18.995
19.058
19.614
19.799
19.422
19.974
20.098
19.79
19.715
19.667
19.321
19.16
19.3
19.181
18.866
19.363
18.746
18.383
19.046
19.152
19.322
19.545
19.73
19.877
20.109
20.353
20.087
20.42
20.328
20.161
19.981
19.681
19.553
19.305
19.221
19.495
19.659
19.806
19.996
19.896
19.865
19.861
19.732
19.372
20.315
20.878
20.754
20.263
20.875
20.804
20.473
20.655
20.966
20.744
21.398
21.419
21.278
21.497
21.367
20.629
20.58
20.956
20.592
19.876
20.499
19.785
20.273
20.268
20.483
20.036
20.202
20.703
20.783
20.924
21.035
21.106
20.577
21.322
21.685
21.754
22.129
22.054
21.451
21.284
20.429
20.459
20.548
20.451
20.033
20.054
20.421
19.78
20.328
20.566
20.607
20.312
20.782
20.867
20.376
20.874
20.873
20.55
20.576
20.967
20.545
20.82
21.017
20.307
20.562
20.565
20.794
20.177
20.654
20.999
20.783
20.909
21.055
20.921
20.845
21.17
20.948
21.122
21.018
21.173
20.657
21.156
21.004
20.324
20.93
20.865
20.823
21.04
21.106
20.973
21.322
21.223
20.996
21.091
20.996
21.004
20.756
20.947
20.848
20.309
20.563
20.949
21.107
20.849
21.448
21.133
21.665
21.785
21.589
21.149
21.659
21.186
21.352
21.192
21.354
21.259
21.102
21.089
21.197
21.171
21.306
21.331
21.204
21.496
21.582
21.023
21.735
21.4
21.848
21.459
21.83
21.925
21.18
21.49
21.849
21.117
21.253
21.676
21.709
21.093
21.74
21.798
21.641
22.015
22.091
21.555
22.317
22.32
21.692
22.266
22.281
22.205
22.033
22.187
21.77
21.847
22.085
21.988
21.654
21.962
21.875
21.32
22.023
22.093
21.503
22.271
22.251
22.049
22.136
22.315
22.019
22.377
22.332
22.07
22.222
21.821
22.254
21.84
21.985
22.111
21.436
21.954
20.645
20.64
21.045
21.146
20.739
21.005
21.357
21.382
20.961
21.496
20.87
20.817
21.369
21.409
21.287
21.202
21.419
21.324
21.121
21.245
21.243
21.164
21.196
21.32
20.732
20.83
21.398
20.853
21.36
21.355
20.743
21.287
21.301
21.406
20.726
20.855
21.302
20.719
21.333
21.24
20.69
21.251
21.502
21.377
21.08
21.568
20.955
21.511
21.613
21.47
21.058
21.701
21.561
21.476
21.148
21.642
21.488
21.089
21.821
21.712
21.5
21.753
21.495
21.21
21.904
21.844
21.763
21.781
22.023
21.283
21.718
21.936
21.4
21.843
21.363
21.939
21.939
21.974
21.767
21.338
21.507
22.07
21.646
21.402
21.983
22.041
21.837
22.026
22.163
21.699
22.057
22.066
21.443
21.809
22.055
22.063
21.471
21.914
22.104
21.91
21.818
21.727
21.785
21.878
21.96
21.604
21.293
21.739
21.233
21.443
21.857
21.656
21.854
21.744
21.854
21.795
21.661
21.88
21.728
21.545
21.71
21.812
21.687
21.715
21.719
21.42
21.748
21.763
21.676
21.724
21.341
21.606
21.8
21.416
21.769
21.618
21.841
21.919
21.791
21.835
21.856
21.723
21.424
21.933
21.766
21.512
21.902
21.928
21.263
22.091
21.548
21.938
21.829
22.145
22.148
21.953
21.949
22.178
22.188
22.192
22.158
22.144
21.785
22.214
22.154
22.064
22.195
21.673
22.091
22.107
22.116
21.991
21.525
22.138
22.07
21.811
22.076
21.999
21.4
22.244
22.188
21.935
22.172
22.155
21.96
21.996
22.057
21.393
22.044
22.098
22.045
21.475
22.239
21.966
21.907
22.009
22.095
21.829
21.773
22.013
21.968
21.373
21.967
22.127
21.315
21.836
21.792
21.363
21.848
21.812
21.698
22.01
21.939
21.517
22.012
21.891
21.983
21.946
22.009
21.944
21.388
21.993
21.948
21.46
21.854
21.998
21.253
21.792
21.798
21.58
21.628
22.044
21.429
21.85
21.964
22.031
21.376
21.972
22.13
21.443
22.045
22.116
22.169
21.432
22.103
21.748
