0.00055862
0.0017053
0.00056031
-0.00047765
-0.0015654
-0.00047781
-0.0016746
-0.0016745
0.001647
0.0027903
0.0016458
-0.0027099
0.0006136
-0.0016756
-0.00271
0.0017546
-0.00042431
0.0016982
-0.00052982
-0.00053107
0.00061362
-0.0016216
-0.0016205
-0.0027088
0.00066298
-0.0027638
-0.0015688
-0.00053093
0.00060913
0.0016446
-0.0016172
0.0016502
0.00061159
0.0039337
0.00056079
-0.0016193
-0.0015137
0.00055965
-0.0037444
-0.0015137
0.00055852
0.00055855
-0.0026584
-0.0027638
-0.0014598
0.0005565
-0.0015654
-0.00037026
0.0015953
0.0017052
-0.0027067
0.00050688
-0.0005298
-0.0016207
-0.0015113
-0.0015638
-0.0016193
-0.00146
-0.0004758
-0.0026547
0.00050563
-0.00053284
-0.00053432
-0.0026037
0.0016449
0.00055551
0.0017032
0.00060952
0.0017045
-0.0016244
-0.0014575
-0.0036904
-0.00058489
-0.00053091
0.00061359
-0.001672
-0.00047965
-0.00042186
-0.0015653
-0.0015126
-0.0015139
-0.0015653
-0.0016219
-0.0037428
0.0016492
0.0015923
0.0016988
0.0016477
0.0015966
-0.00042445
0.00061087
-0.00048025
-0.0026547
-0.0015667
0.00056121
-0.0015652
-0.0037441
-0.0027087
-0.00053294
0.0016968
0.0016509
0.0016988
0.00055818
-0.0016192
-0.0027641
0.00061368
0.00274
0.0027386
-0.00047706
-0.0015113
-0.0015113
-0.00047908
-0.0026582
-0.0027652
0.0016468
0.00061242
-0.0015627
0.00056317
0.00061364
0.00279
-0.00058258
0.001595
0.0016464
0.0015937
-0.00058655
-0.00058392
0.0016506
-0.00047861
-0.00042441
-0.00058667
-0.0015652
-0.0005298
0.002737
0.001646
-0.00053288
-0.00048131
0.0016977
0.00055969
-0.0027613
0.00061369
-0.0026547
-0.0039038
-0.00036897
0.000718
-0.0015152
-0.0005335
-0.0036902
-0.00047585
0.00066767
-0.00052856
-0.0026019
0.0017019
0.0017054
-0.00047699
-0.0014606
-0.0037443
-0.0015112
0.0017595
-0.0026525
-0.00042518
-0.0015112
-0.0026017
0.0017002
-0.0014581
0.00066863
-0.00047327
-0.00053511
0.0017541
-0.0014547
-0.00047749
0.00061432
0.0028441
-0.00058645
0.0017554
0.000666
-0.00047758
-0.0014581
-0.00036861
-0.00058567
-0.0015121
-0.002549
-0.00047601
-0.0047253
-0.00047709
-0.0016206
-0.00036937
0.00055754
-0.001564
-0.00042413
-0.0026032
-0.00052999
-0.0036897
-0.0014574
-0.002548
-0.00047665
-0.0035848
-0.0004766
-0.0015127
-0.0004754
-0.00047745
-0.0015108
-0.0016189
-0.001512
0.0006669
-0.0015674
0.00066625
-0.00031403
-0.0026
-0.0026018
-0.001459
-0.0014589
-0.0015136
-0.0015127
-0.003746
-0.00047666
-0.0047807
-0.00042142
-0.0015107
-0.0003133
-0.00058548
0.0017547
0.0016991
0.00066743
-0.0015646
-0.0025505
-0.0015154
-0.0016224
0.00055881
0.00066556
-0.0026559
-0.0014596
-0.00037005
0.00066644
0.0017559
0.0006144
-0.0015635
0.00165
-0.00042287
0.00066735
0.0005623
-0.00058191
-0.0016712
-0.0015646
-0.0015105
-0.0015113
0.00072174
-0.0015647
-0.0016188
-0.0016179
-0.001618
-0.0026006
-0.00053096
-0.0037434
-0.0026556
-0.00047663
-0.0016191
0.00061158
0.00050418
0.00055926
-0.0015097
0.00061421
-0.0037435
-0.00058385
0.0017038
-0.00047731
-0.00031407
0.0017042
0.001703
0.0017017
-0.00058406
-0.001619
-0.0026555
-0.003854
-0.0037986
0.00055817
0.00050365
-0.00058579
0.0028471
-0.00052929
-0.0014015
-0.0016209
-0.0026546
-0.0015629
-0.0026599
0.00072001
-0.00036962
0.00061268
-0.0015673
-0.0016186
-0.0048357
-0.00031326
-0.0016753
0.0062245
0.010415
0.0081808
0.0081841
0.012761
0.013684
0.0083463
-0.00047672
0.010472
0.0038275
-0.012624
-0.0069014
-0.0091936
-0.00042104
-0.0072313
-0.0060353
-0.006032
-0.026622
-0.019
0.0031212
-0.0037974
-0.0071205
-0.020246
-0.0071269
-0.018943
0.00050408
-0.037795
-0.0049396
-0.015726
-0.015725
-0.016929
-0.032125
-0.023413
0.0071212
-0.2334
-0.28683
-0.14681
0.083009
0.25017
0.1752
0.11662
0.13798
0.12532
-0.031887
0.0067782
0.053042
-0.019783
0.027206
0.027199
0.02286
-0.055773
-0.067833
-0.16878
-0.16879
-0.10192
-0.12764
-0.039993
0.015651
0.059394
0.14823
0.05354
0.01389
-0.060272
-0.0063109
0.0082878
0.0051669
-0.023224
-0.02568
-0.02015
-0.0082245
0.0085091
0.0082486
0.009492
0.0093606
-0.018918
-0.21366
-0.094253
0.086539
0.19284
0.16534
0.18385
0.13048
-0.042412
0.10169
0.20048
0.19727
0.62074
0.254
-0.029026
0.094626
0.28816
0.18565
0.37353
0.86147
0.7397
0.59897
0.57598
-0.78691
-1.338
-0.4349
-0.84002
-1.3351
-0.90712
-0.025081
0.28789
0.024155
-0.043463
-0.07452
0.11188
-0.35485
-0.20086
0.10351
0.31806
0.2562
-0.0038255
0.078286
0.073881
-0.016507
-0.14495
-0.0023583
0.12645
-0.14323
-0.23759
-0.18369
-0.089488
0.019742
0.09617
0.12452
0.07249
0.087661
0.087679
-0.007248
-0.08644
-0.14506
-0.10993
-0.011635
0.065791
0.017856
-0.025916
-0.048373
-0.048349
-0.11924
-0.04823
0.023914
0.063957
0.064001
0.074788
0.028236
-0.021758
-0.032466
-0.0057038
-0.031719
-0.013695
0.0026327
0.0021863
0.0055414
0.0028905
0.007173
-0.015684
0.0022134
-0.091924
-0.055281
0.024888
0.093987
0.043683
0.059739
0.19917
-0.011148
-0.088123
0.06872
0.1611
-0.45812
-1.0511
-0.90521
-0.34698
-0.63334
-0.32662
-0.047753
0.4886
-0.011605
0.30876
1.0059
0.24399
-1.572
-0.97224
-0.53132
-0.0080163
0.26118
0.30962
-0.17942
-0.090586
-0.10167
-0.3732
-0.14022
0.020173
0.15844
0.26469
0.1041
0.014655
0.062923
0.018842
-0.0082587
0.020914
0.29124
-0.14092
-0.39272
-0.3286
-0.1684
0.078218
0.11221
0.14575
0.044814
0.052839
-0.022759
-0.014697
-0.07864
-0.096746
-0.050349
-0.0097658
0.051201
0.017775
-0.030861
-0.037997
-0.038238
-0.040812
-0.017454
0.026381
0.09282
0.065361
0.017664
-0.028471
-0.045852
-0.02025
0.0079735
0.0098008
-0.011796
0.0011193
-0.00267
-0.0060785
0.01738
-0.066626
-0.1835
-0.05223
0.00086661
0.086382
0.13415
-0.027647
0.15316
0.11414
0.082344
-0.054491
0.12223
0.32639
-0.2101
-1.0807
-1.1512
-0.37304
0.14063
-0.068725
-0.094658
0.084768
0.45427
1.045
0.67154
0.88098
1.0301
0.10997
-0.52415
-1.3136
-0.34763
-0.29618
-0.11924
0.17784
0.14738
-0.033165
0.031437
-0.10887
-0.18607
-0.16155
0.05276
0.10565
0.12928
0.05213
-0.0072235
0.010251
0.050523
0.10272
0.068917
0.025565
0.065792
0.10744
0.063871
0.0022245
-0.18271
-0.25372
-0.20059
-0.14393
-0.02669
0.072592
0.10586
0.098445
0.059177
0.052829
0.026505
-0.035896
-0.10275
-0.099451
-0.045476
-0.0089078
0.00068664
-0.0054394
-0.031595
-0.034205
-0.022489
0.11633
0.069803
0.053988
-0.039608
-0.048004
-0.017311
-0.026718
-0.041688
-0.031118
-0.014704
0.019162
0.0077328
-0.0065962
-0.0070766
-0.0048014
-0.023149
-0.023147
-0.25613
-0.02928
0.031248
0.14723
0.14313
0.079096
0.098482
-0.032356
0.077757
0.066572
0.16587
0.19997
-0.2646
-1.0044
-1.0009
-1.1268
0.0025595
0.15845
0.63434
0.65844
1.0036
0.99846
0.3348
-0.45115
-0.79856
-0.32896
-0.32298
-0.32727
-0.29674
0.17701
0.19881
0.042464
0.00064347
-0.14623
-0.083255
-0.12061
0.05835
0.091534
0.052084
0.039125
-0.0059912
0.019025
0.04568
0.045913
0.013643
0.045161
0.027571
0.067781
0.067772
-0.09081
-0.22297
-0.17325
-0.14268
-0.028604
0.10677
0.1186
0.014691
-0.054141
-0.07573
-0.076429
0.0070771
0.0033367
-0.042008
-0.06191
-0.043626
-0.039313
-0.032524
-0.0099373
0.0035289
0.065244
0.11348
0.051879
0.036648
-0.018805
-0.031817
-0.0115
-0.046083
-0.011375
-0.022055
-0.0017357
0.015008
-0.0076111
-0.00043847
0.003158
-0.0091796
-0.0068775
-0.0091037
-0.23593
-0.070889
0.011376
0.099649
0.13747
-0.0097599
0.076213
-0.1279
0.49933
-0.084321
-0.63022
-0.33911
0.24873
-0.19279
-0.36576
0.20114
1.0876
0.77833
1.4949
0.62708
0.26992
-0.28648
-0.67125
-0.45407
-0.15213
-0.28841
0.023672
0.21279
0.019309
0.018804
0.0089194
-0.11173
-0.18278
-0.015158
0.084201
0.073257
0.031994
0.014603
0.0086692
0.025937
0.043165
0.05009
0.029266
0.051362
0.070338
-0.040787
-0.18616
-0.1763
-0.13733
0.025316
0.081342
0.12724
0.067661
0.032526
0.056872
-0.015924
-0.057621
-0.10512
-0.091971
-0.052428
0.024015
0.027824
-0.0186
-0.02925
-0.031624
-0.042716
-0.022883
-0.0021743
0.048345
0.11863
0.082761
-0.021656
-0.013085
0.021362
-0.036096
-0.029791
-0.028901
-0.0010332
0.0043575
-0.0051093
-0.015141
-0.015721
-0.0063268
-0.0082875
-0.026746
-0.084712
-0.16503
-0.027842
0.056474
0.14506
0.05824
0.088785
0.21038
0.17065
0.073844
-0.67763
-1.0227
-0.57798
-0.41245
0.019827
-0.33492
0.60035
0.89187
1.0395
1.1189
0.62124
0.13252
-0.34657
-0.34693
-0.37785
0.064909
-0.36639
-0.090171
0.26751
0.10357
-0.053845
-0.11202
0.08096
0.0895
0.057546
0.057529
0.0045952
0.026204
0.040473
0.057107
0.057044
0.022466
0.090926
0.13583
-0.0054694
-0.0044259
-0.077089
-0.15751
-0.14424
-0.10568
-0.10573
-0.0090673
0.12519
0.067294
0.049236
0.049256
0.041035
-0.028242
-0.028224
-0.099057
-0.062334
-0.044024
-0.017718
-0.016134
-0.023647
-0.022188
-0.018928
0.017686
0.0839
0.10052
0.054234
-0.03788
-0.036379
-0.01912
-0.049224
-0.015774
-0.0043723
0.010124
-0.0066144
-0.010804
-0.002544
0.0078859
0.0020048
-0.008595
-0.061881
-0.21776
-0.031029
-0.017578
0.097462
0.11294
0.02611
0.1208
0.069639
0.088514
0.20896
0.031265
-0.094688
-0.81004
-1.3871
-1.0647
-0.31913
-0.13593
-0.093107
0.2982
0.27124
0.47903
0.93278
0.017479
-0.22608
-0.18902
0.1837
-0.27232
-0.14186
0.22948
0.063627
-0.047372
0.034238
-0.052383
-0.089454
-0.12883
0.048828
0.086613
0.059708
0.036897
0.0045982
0.042044
0.069515
0.055889
0.04385
-0.008663
0.044082
0.058537
-0.068534
-0.045414
-0.16812
-0.08127
-0.076463
-0.08025
0.0036823
0.081175
0.013774
0.032588
-0.0097803
-0.033133
-0.027548
-0.047559
-0.001491
0.011333
-0.0074149
-0.023281
0.013935
0.02302
0.0085546
-0.014567
0.011273
0.043001
0.1572
0.031871
-0.13007
-0.13446
-0.11168
-0.0184
-0.021045
-0.01789
-0.069971
-0.044088
-0.01102
-0.010932
-0.0041839
0.011947
0.0043916
-0.1624
-0.16817
0.090403
0.29809
0.2437
0.032954
0.097218
-0.1757
-0.33566
-0.34123
-0.72523
-0.82752
-1.029
-0.31615
-0.083296
0.13293
0.12505
0.1838
-0.01845
0.015393
0.00099456
0.15128
-0.088902
-0.51952
0.062086
1.6928
1.6894
0.28817
0.03363
0.044052
-0.028774
-0.030815
-0.0084316
0.016193
0.0029964
0.01204
0.01096
0.0018631
-0.02878
-0.0069568
0.037902
0.042371
0.038098
-0.0083719
-0.066179
-0.35783
-0.0071208
0.095668
0.16038
-0.11711
-0.093089
-0.10111
0.038302
0.08064
0.056936
0.0083535
-0.0065102
-0.0091238
-0.062077
-0.052625
-0.028289
-0.049483
-0.049449
-0.016126
-0.002422
0.030288
0.030271
0.021002
0.064041
0.089635
0.19292
0.1931
-0.11086
-0.07691
-0.057777
-0.11534
-0.11522
-0.069973
-0.07798
-0.037614
-0.032227
-0.032191
-0.060776
-0.025229
-0.0060758
0.008372
0.0083612
-0.14808
-0.20406
-6.5717e-05
0.28295
0.25448
0.12079
0.1349
0.015452
-0.41422
-0.56828
-0.63445
-1.3878
-0.58539
-0.71942
-0.12496
-0.082578
0.16361
0.29264
0.31493
0.33043
0.069505
0.34496
0.074769
-0.28717
-0.45219
1.1759
1.8708
1.1511
-0.24956
0.05418
0.008992
-0.012976
-0.018994
-0.020773
0.0046128
0.01834
-0.014787
-0.0060758
0.026814
0.0091787
-0.0078561
0.0039738
0.011679
0.032787
0.033417
0.011562
-0.018287
-0.18036
0.012559
0.07756
0.023371
0.0067718
-0.10435
-0.088639
-0.014805
0.080743
0.081709
0.021963
-0.065662
-0.037513
-0.0036924
-0.03156
-0.052966
-0.0643
-0.026963
-0.0045085
0.014404
0.010295
0.02867
0.050906
0.094706
0.1856
-0.094835
0.28298
-0.050348
0.0029573
-0.17053
-0.10481
-0.033767
-0.045362
-0.051919
-0.048821
-0.061682
-0.056327
-0.020795
-0.0037272
-0.009539
-0.025152
-0.22396
-0.078386
0.19385
0.24811
0.060982
0.089396
0.072692
-0.27871
-0.89898
-0.13373
-0.13067
0.33747
0.052586
0.046145
-0.055816
0.22142
0.50685
0.095536
0.2067
0.35588
0.26965
-0.077414
-0.31984
-0.18283
2.5244
1.0089
0.063493
-0.0025315
-0.011103
0.010414
-0.029905
0.017061
-0.0014675
-0.010152
-0.020034
-0.0044953
0.02911
0.0044137
-0.010232
-0.0080313
0.026665
0.028403
0.018149
0.034325
-0.019366
-0.1047
0.019025
0.1362
0.074617
-0.10374
-0.079334
-0.11574
-0.03374
0.035383
0.085109
0.031828
-0.042908
-0.04725
-0.021159
-0.029409
-0.048505
-0.03809
-0.03034
-0.0039882
0.014761
0.0039619
0.021356
0.038137
0.042028
0.074131
0.13145
0.0090367
-0.13485
0.11089
0.078441
0.038107
-0.21575
-0.068232
-0.050868
0.0086695
-0.019341
-0.080665
-0.046902
-0.025148
-0.0015633
0.011286
0.0069596
-0.16544
-0.18088
0.087599
0.28371
0.036104
-0.11972
-0.11996
-0.079022
-0.41263
-1.3853
-1.227
-0.72004
-0.69564
0.092423
0.070955
0.051564
0.048429
0.080912
0.049011
0.25484
0.22081
0.2524
0.15807
-0.023126
0.089285
0.071252
0.059897
-0.21838
0.24972
0.55835
0.55692
0.11081
0.02406
0.0047838
-0.019883
-0.019883
-0.0015369
0.0047581
-0.011204
0.0039699
0.015133
0.0035641
0.0086979
-0.0023196
-0.0069332
-0.0043985
0.0011118
0.014543
0.0064657
-0.019604
0.14466
0.34903
-0.090523
-0.28277
-0.13019
-0.1096
-0.031681
0.010858
0.069211
0.011983
0.0099316
-0.059608
-0.06338
-0.029323
-0.025023
-0.028784
-0.034157
-0.016132
-0.0075342
-0.0025042
0.014537
0.03421
0.060108
0.067208
0.07938
0.095732
0.028655
-0.29713
0.035888
-0.61935
0.52011
0.30241
-0.0096701
-0.097909
-0.067379
-0.051059
-0.048219
-0.036226
-0.02627
-0.010108
0.0078471
-0.10494
-0.11926
0.016063
-0.068881
-0.00071279
0.021285
-0.28702
-1.5326
-1.0485
-0.15567
0.42092
-0.044887
0.38071
0.2316
0.1499
0.22759
0.17486
0.22156
0.15877
0.15699
-0.022034
-0.17585
-0.39449
-0.23422
2.3764
0.47645
0.047325
-0.0079535
-0.021212
0.0060093
-0.0025522
0.0030767
0.012595
0.0041975
0.0030148
-0.022066
-0.0035164
-0.0030497
0.0060799
0.023046
0.017858
0.12296
0.47076
0.027733
-0.34965
-0.26205
-0.1129
-0.025684
0.0016751
0.050428
0.011836
-0.0035483
-0.022361
-0.070856
-0.031784
-0.022524
-0.0093861
-0.0019029
-0.01484
-0.02566
-0.020964
-0.011696
0.047601
0.062117
0.061696
0.1015
0.015995
-0.34641
0.058794
-0.38618
0.49123
0.15615
-0.029241
-0.019848
-0.033797
-0.044897
-0.060107
-0.036494
-0.011728
-0.00044965
0.0039546
-0.038513
-0.13583
-0.026421
0.13946
-0.18682
-0.81397
-1.8849
-1.5321
-0.13376
0.45188
0.0061987
0.0093473
0.22291
-0.039009
0.021886
0.24041
0.19541
0.11389
0.039956
0.016438
-0.025804
-0.00037695
-0.35392
-0.38311
0.015784
1.5354
0.70351
0.077717
0.001957
-0.0093206
-0.0098798
-0.001299
-0.0067515
0.0097908
0.012659
-0.0070435
-0.013513
0.0038465
-0.0024593
-0.003138
0.019442
0.01944
0.23007
0.52025
0.24406
-0.42034
-0.41702
-0.5957
-0.031908
0.0027345
0.027958
0.02801
0.012233
-0.016647
-0.050113
-0.039731
-0.039774
-0.022068
-0.0084783
-0.020052
-0.010289
-0.0025114
0.010732
0.016246
0.024448
0.019294
0.044407
-0.67556
-0.63784
-0.30708
-0.12707
1.1767
0.48614
0.11765
-0.015769
-0.010789
-0.0259
-0.021923
-0.0012089
-0.013431
0.001991
0.0009203
-0.004846
-0.064927
-0.032193
-0.070575
-0.14685
-0.094033
-0.57458
-1.827
-1.495
-0.27388
0.56436
0.12872
-0.006671
0.22148
0.38552
0.1619
0.30262
0.33482
-0.11518
-0.012264
-0.11239
-0.12119
-0.074334
-0.33804
-0.42227
-0.0093845
0.19467
1.2802
0.053887
0.026149
0.0052851
-0.0098077
0.00033312
-0.0041316
0.012684
0.011414
-0.01445
0.0018935
-0.00011662
0.003966
0.00044638
0.013627
0.11709
0.35713
0.44379
-0.13574
-0.601
-0.087285
0.0017115
0.017224
0.021459
0.0092831
-0.0014028
-0.0071772
-0.031505
-0.023291
-0.014867
-0.0035484
-0.0097285
-0.012804
-0.011395
-0.017386
-0.0021297
-0.0030561
-0.001009
-0.0099823
-0.014693
0.0033381
-0.43781
-0.76564
-0.42966
1.0869
1.3055
0.36283
0.13191
0.035112
0.02914
0.0042446
-0.00084462
-0.016254
-0.0057956
0.0084437
0.0025017
-0.017713
-0.020407
0.0058838
0.0062368
-0.059018
-0.16138
-0.0093939
-1.8967
-1.4798
0.15379
0.28153
0.36956
0.31083
0.32432
0.20118
0.16707
0.10425
0.070267
0.12051
0.041628
-0.045314
0.027238
0.1184
-0.010021
0.052613
0.98958
0.27233
0.13658
-0.053318
0.01572
0.05979
0.0064061
-0.017316
-0.033321
-0.015394
0.024046
-0.0067149
-0.011836
-0.0093075
-0.00035562
0.029619
0.089853
0.4606
0.43396
-0.14655
-0.59095
-0.20065
0.027939
0.00787
-0.003614
0.0082807
0.0038406
0.0097167
0.010542
0.015415
0.013659
0.0076884
-0.0026737
-0.0057033
-0.010357
-0.0012869
-0.00028321
0.0039477
0.0044314
-0.0027947
-0.0020855
-0.01987
-0.0018187
-0.22026
0.052107
0.15683
0.14844
0.14817
0.044316
0.01757
-0.00097676
-0.00072724
-0.0010883
0.0043777
0.0037075
0.0062103
0.024193
0.023779
0.064916
-0.015541
-0.033202
-0.019324
-0.019251
-0.037697
0.019891
0.012875
-0.069358
-0.054162
-1.2696
-1.2577
-0.36073
-0.30354
0.27721
0.22819
-0.14955
-0.54517
-0.19875
0.078802
0.34025
0.42417
-0.010419
0.016684
0.97251
1.8563
-0.09389
-0.012204
0.010466
-0.0028413
0.041513
0.023094
-0.0092829
-0.00042662
0.0033699
-0.019147
0.020385
-0.00023511
0.017875
0.0042182
0.012728
0.009764
0.021132
0.017593
0.0393
0.1092
-0.057217
0.011912
0.0074066
-0.0058769
0.0030888
-0.0053195
0.0021054
0.0012844
-0.0094747
-0.011188
-0.0026684
-0.0054484
-0.0066866
-0.0064944
-4.4323e-05
-0.0037954
-8.3426e-06
-0.0029059
-0.0019067
0.0011902
0.0017079
-0.015351
-0.088731
-0.41027
-1.1145
-0.50661
-0.03615
0.70149
0.93259
0.29659
0.080139
0.027015
0.016136
0.00072865
0.014932
0.013909
0.0089143
0.0095742
0.01813
0.045495
0.035627
-0.0042844
-0.030691
-0.053951
-0.020801
0.014019
0.016188
0.011805
-0.082932
0.101
-0.51627
0.27776
0.37961
0.5007
0.27388
0.083041
-0.29517
-0.24623
-0.16099
0.13639
0.30605
0.099344
0.088504
0.87735
0.36101
0.038905
-0.019282
-0.017738
-0.025758
0.013377
0.012127
0.0059635
0.0085068
-0.0069772
-0.012572
-0.0067908
-0.028649
-0.017451
-0.0051159
-0.035019
0.0024283
0.014774
0.024051
0.038643
0.0043796
0.022194
0.019067
0.016914
-0.030701
0.018722
0.00719
0.0048762
0.00029988
-0.00083401
0.0039993
0.0040562
0.0070971
-0.0047805
-0.0096693
-0.010887
-0.0032334
-0.0031742
-0.0053453
-0.0041866
-0.0033105
0.00035956
0.0021135
0.0012457
-0.01523
-0.039415
-0.068528
-0.25952
-0.17636
0.18258
0.13463
0.13217
0.065542
0.020239
0.0087265
-0.0030721
0.0026302
0.002388
0.0087653
0.007422
0.0031057
0.00097507
0.019905
0.057873
0.0040566
-0.018944
-0.040594
-0.034949
-0.030799
0.018489
-0.087032
-0.19576
-0.83156
-0.86856
-0.85493
-0.25453
-0.41486
0.096035
0.29983
0.2659
0.055627
0.014173
0.16047
0.2784
0.17504
0.089388
0.09854
0.23112
0.44604
0.008982
-0.0042449
-0.0024172
0.0036555
0.0012109
0.00090699
0.00091088
-0.00069038
0.0074541
-0.018847
-0.010763
-0.010924
0.0077031
0.0098175
0.012445
0.012473
-0.0199
0.012821
0.023174
0.03706
0.0052167
0.010734
-0.016505
-0.10205
0.0053296
0.00036872
0.009388
0.012063
-0.00077373
0.0043953
0.004597
0.00094824
0.00323
0.0015453
-0.0033183
-0.01583
-0.0084989
-0.001281
-0.0047656
-0.0015412
0.0016959
-0.0017304
-0.0091271
-0.11756
-0.35548
-0.77962
-0.41051
0.44316
0.58934
0.45103
0.14044
0.040513
-0.0044214
7.8901e-05
-0.00078248
-0.0030376
0.0021691
0.017962
0.013066
0.015665
0.055549
0.0077544
-0.010988
-0.018161
-0.013982
-0.015313
0.0038092
0.0085917
0.026284
0.023359
-0.059764
-0.9397
-0.27635
-0.23194
-0.19674
0.15341
0.28205
0.40322
0.1633
-0.1865
0.036754
0.16183
0.32854
0.13558
0.31323
0.71903
0.0052941
0.020991
-0.016364
-0.027986
0.020873
0.0031429
-0.0095228
0.045362
0.012544
-0.028228
-0.018033
-0.017196
-0.0012548
0.027117
-0.014838
-0.020759
0.00064772
0.018023
0.039341
0.034828
0.088285
0.026354
-0.068335
-0.088729
-0.10511
-0.002476
0.0029801
0.025886
0.017865
0.0098716
0.003277
0.005318
0.012084
-0.00091256
-0.019441
-0.01323
-0.016962
-0.0014489
0.0013203
-0.0057738
-0.0082829
-0.0041294
0.00043889
0.011859
-0.002224
-0.12103
-0.1323
-0.18536
0.17
0.10353
0.017851
0.017848
-0.0059607
-0.0041161
0.0010481
0.0021309
0.0024243
0.0030144
0.003062
-0.00056057
-0.00023255
0.01428
0.0038228
0.0019087
-0.010549
-0.017394
0.0084347
0.025657
0.070933
-0.11548
-0.35831
-1.1302
-0.23812
-0.082971
-0.54564
-0.14986
0.32253
0.17231
0.25842
0.074001
0.27034
0.32871
0.41817
0.74943
0.50557
0.054722
-0.030037
0.026893
-0.017838
-0.019383
-4.8743e-05
0.013502
0.01216
0.05035
0.028818
-0.0037131
-0.01371
-0.055491
-0.011605
0.0078412
0.008029
0.015358
0.012143
0.044725
0.057452
0.053806
-0.020609
-0.0081778
-0.10014
-0.16545
-0.16973
0.0010821
0.038826
0.02389
0.010616
0.0106
0.0090879
0.0022213
-0.0099398
-0.025813
-0.025814
-0.016156
-0.00464
0.0014285
-0.0078352
-0.010176
0.00038985
0.00040009
0.006464
0.0063918
-0.015375
-0.10765
-0.2938
-0.32903
0.064607
0.32509
0.20697
0.069391
0.039489
-0.0046711
0.0051302
-0.0090081
0.0048891
0.0077108
0.0023187
0.026088
-0.010694
0.0040354
-0.0058788
0.0074014
0.0013785
-0.0097578
0.0072724
0.02659
0.0077796
0.067192
0.040598
-0.25355
-0.96516
-0.11987
-0.41911
-0.16559
0.060257
0.63709
-0.29473
-0.18373
-0.0070969
0.14529
0.35048
0.26749
-0.0031276
0.2452
-0.084867
-0.070045
0.033073
-0.016715
-0.0054562
0.019308
-0.0063474
0.027808
0.052812
0.057402
-0.022404
-0.028377
-0.032727
0.0003771
0.014725
0.023029
-0.011614
0.0082413
0.0309
0.065205
0.10104
0.065198
-0.022349
-0.029154
-0.24095
-0.15695
-0.015298
0.0079695
0.042194
0.024456
0.018629
0.0044083
0.014712
0.0011079
-0.031884
-0.0027287
-0.00018321
-0.0024294
-0.0091214
-0.010641
-0.0025529
0.0013388
0.017914
0.006426
0.014184
-0.15478
-0.23282
-0.015788
0.13896
0.11101
0.046721
0.0027387
0.0025369
-0.0065643
0.0026998
-0.0027421
-0.0023406
0.010786
0.012846
0.00018897
-0.022914
-0.0034274
-0.00031905
-0.0024655
0.013165
0.018631
0.0050413
0.0022925
0.021834
0.073951
-0.036724
-0.13213
-0.82806
-0.11639
-0.44455
-0.13335
-0.31848
0.26068
0.2775
0.26629
0.3288
-0.068329
0.14683
0.17554
0.15157
0.4874
0.21925
-0.13662
0.05652
0.027754
-0.014032
-0.0032674
-0.042625
-0.017795
0.041944
0.085384
0.025079
-0.054976
-0.02866
0.01675
-0.00032548
-0.0047729
-0.0052643
0.013827
0.026826
0.076224
0.10434
0.10687
-0.019854
-0.082234
-0.22705
-0.14412
-0.017639
0.0060922
0.047727
0.015922
0.014474
0.018053
0.0074124
-0.015529
-0.038989
-0.029863
-0.0083152
-0.0053609
-0.0109
-0.022958
-0.018309
-0.019038
-0.0098453
-0.0079982
-0.0016112
0.0087841
0.024292
0.015114
0.014353
-0.044529
-0.057617
-0.067668
0.0020717
0.019157
-0.024193
-0.013259
-0.013264
0.0063454
-0.0037418
-0.0035886
0.0012376
0.0080813
-0.0046836
-0.016356
-0.029937
0.015871
-0.0059358
0.024193
0.023447
0.035594
-0.010362
-0.010505
0.0017076
0.02956
-0.095107
-0.74524
-0.72485
0.065879
-0.80572
-0.79941
-0.35812
-0.27414
0.18086
0.34558
0.021512
0.15135
0.13562
0.10216
0.33187
0.46798
0.46964
0.25875
0.027031
0.26224
-0.30095
-0.129
-0.031287
0.042242
0.029274
-0.017162
-0.067102
-0.0052512
0.026584
0.10333
0.059258
-0.034888
-0.016908
0.014539
-0.052091
0.043465
0.013702
-0.022907
0.034643
0.092377
0.11948
0.20731
0.18092
-0.056855
-0.33371
-0.38557
-0.080886
-0.018413
0.030429
0.06227
0.022926
0.02577
0.016064
-0.029103
-0.029118
-0.049579
-0.035186
-0.0084452
-0.012056
-0.012124
-0.0092649
-0.0090855
-0.014099
-0.0065424
-0.0066025
0.0087961
0.041968
0.020122
-0.032982
-0.18337
-0.27161
0.071281
0.18451
0.11265
-0.001431
0.0068438
-0.0034107
-0.013512
-0.0018248
0.0032521
0.011497
0.0074402
-0.0001554
-0.04831
0.018422
-0.017758
0.030527
0.018917
0.0067361
0.019424
0.035682
0.051098
0.097604
-0.079846
-0.65795
-0.46932
-0.13744
-0.55734
-0.089587
-0.20795
0.77789
0.068517
-0.009596
-0.21423
0.042334
0.1775
0.25144
0.16625
0.0053395
0.37777
-0.17092
-0.091136
0.063041
0.014264
-0.063163
0.032658
-0.016788
0.06749
0.11344
0.010656
-0.081793
-0.055367
0.026056
0.046962
0.019122
0.003665
-0.051634
0.047875
0.12758
0.17478
0.061844
-0.036648
-0.094731
-0.42823
-0.14367
-0.023206
0.02667
0.066232
0.036056
0.017631
0.0091502
0.0067934
-0.02036
-0.0021451
-0.0041232
-0.0057478
-0.0058191
-0.0029181
-0.013427
-0.01176
0.013615
0.050932
0.040251
-0.0082019
-0.40996
-0.58989
-0.05994
0.26063
0.43505
0.26663
0.024553
-0.021304
-0.023477
-0.00049649
-0.0060934
-0.00096496
0.011068
0.014164
0.0078798
-0.053596
-0.025175
-0.011937
0.014824
0.052476
0.050122
0.029499
0.098586
-0.075626
-0.65654
0.22306
-0.40055
-0.3987
0.43515
0.28014
0.32128
0.3229
-0.070827
-0.022511
0.020408
0.29219
0.29223
0.2675
-0.043337
0.12048
-0.60448
-0.61652
-0.2397
0.072188
0.080693
-0.01391
-0.0079408
-0.025064
-0.02503
0.090634
0.16564
0.16543
0.038593
-0.047907
-0.048043
-0.0074982
0.038958
-0.012252
0.00014974
0.13596
0.11212
-0.007622
-0.044344
-0.18683
-0.3646
-0.092597
-0.034535
0.084453
0.051233
0.020205
0.034804
0.0060018
-0.052016
-0.050902
-0.03854
-0.013816
0.0038632
-0.0051798
-0.005237
-0.015708
-0.023045
-0.016394
-0.013352
0.0028015
0.02727
0.048994
0.021501
0.028353
-0.021909
-0.099186
0.022686
0.06196
0.003007
-0.062417
-0.012473
-0.0023938
0.015043
-0.0066596
-0.00099211
0.0034633
0.0028297
0.004718
-0.037032
-0.086104
-0.0067873
0.003384
0.053718
0.047677
0.015308
0.017038
0.049103
-0.76042
-0.035255
-0.17357
-0.70607
-0.31982
0.45504
0.23378
0.0069811
0.24201
-0.021618
0.11918
0.27346
0.43077
0.33182
0.1733
-0.052045
0.45519
-0.43606
-0.21784
-0.046003
0.05472
-0.00090767
0.010577
-0.019756
-0.068883
0.011257
0.12352
0.096521
-0.024049
-0.050462
0.0027041
-0.0010857
0.010161
0.042419
-0.011041
-0.0080011
0.15373
0.25981
0.12101
-0.093717
-0.014616
0.065318
0.088844
0.046715
0.025262
0.029102
0.00043733
-0.032506
-0.059438
-0.035501
-0.024044
0.0037718
-0.0041981
-0.0098155
-0.018766
-0.028135
-0.02466
-0.015943
-0.0034039
0.019924
0.070756
0.06064
0.03696
-0.057983
-0.17457
0.028469
0.058318
-0.016288
-0.025715
-0.0073554
0.0017291
-0.0040359
-0.0038482
0.008042
0.007533
0.0023402
-0.0058096
-0.10365
-0.010355
-0.0093781
0.02182
0.055098
0.027693
0.12528
0.051131
-0.5817
-0.4934
-0.084426
-0.28749
0.08482
0.41935
0.35612
-0.089459
0.07938
0.061125
0.17737
0.27107
0.33737
0.4165
0.30248
-0.064052
0.27501
-0.49714
-0.16182
-0.11782
0.053511
0.054284
-0.043795
-0.014827
-0.019142
0.046318
0.061493
0.10308
0.00055284
-0.02632
-0.055063
0.036621
0.054226
0.060176
0.060144
-0.057765
0.061192
-0.25403
-0.48717
-0.15087
-0.043185
-0.043219
0.043086
0.071985
0.032268
0.023895
0.025801
-0.060151
-0.054164
-0.015144
-0.0023792
-0.010341
-0.016647
-0.015859
-0.016574
-0.016565
-0.018846
-0.0063654
0.01375
0.013735
0.053556
0.045405
0.014688
-0.076246
-0.24005
0.03551
-0.0081214
-0.014662
-0.003063
0.0053012
-0.004697
0.0033016
0.019352
-0.0084764
-0.065226
-0.051099
-0.0050285
0.037953
0.071922
0.052791
0.03294
-0.023968
0.0022474
0.038251
0.024207
-0.26441
-0.82256
0.01817
-0.10954
-0.21411
0.18507
0.16006
0.14258
0.18667
0.09466
-0.18449
-0.18156
-0.07672
0.10235
0.10434
0.73984
0.024148
-0.13202
-0.0079237
-0.074583
-0.015539
0.026521
0.0030034
0.071412
0.075566
0.014838
-0.0066387
0.028424
0.033678
-0.034746
-0.033173
-0.0070137
-0.013442
0.049907
0.25135
0.45974
0.10058
-0.45068
-0.29309
-0.22793
-0.042061
0.041358
0.11329
0.093926
0.050863
0.031132
-0.048368
-0.064997
-0.050124
-0.036669
-0.036544
-0.02791
-0.031518
-0.021352
-0.033557
-0.020378
-0.013417
-0.0075401
0.004745
0.026298
0.046227
0.047475
-0.47751
0.52082
0.44107
0.29516
0.01896
-0.10392
-0.0091983
-0.0017553
-0.0011009
-0.00013429
0.012294
0.024393
-0.022349
-0.092994
0.00051584
0.030554
0.052315
-0.0037165
0.057241
0.0096866
-0.031829
-0.14634
-0.55392
-1.518
-1.2384
0.17527
-0.2061
0.32308
0.56734
0.12649
0.56985
0.44146
0.56216
0.31759
-0.020604
-0.075581
-0.19546
-0.1211
0.66513
1.5834
0.025763
0.027186
-0.017331
-0.088329
-0.070839
0.037265
0.035877
0.046848
0.036426
0.0034885
0.0021687
0.0019131
-0.0078438
-0.019179
-0.021599
-0.0046207
0.0094175
0.064731
0.12085
0.074704
0.22531
-0.067918
-0.32271
-0.20243
-0.11138
0.017542
0.10959
0.070814
0.038561
0.0035137
-0.02982
-0.047657
-0.028612
-0.039152
-0.015874
-0.012567
-0.014037
-0.0064896
-0.0048561
-0.012443
-0.0088133
-0.0028561
0.011014
0.054531
0.067603
0.06138
-0.13292
-0.57865
0.54617
0.54748
0.14207
-0.067284
-0.037731
-0.0035656
-0.0035655
-0.014784
-0.020103
-0.0074668
0.013845
0.008431
-0.14829
-0.043543
0.038345
0.11479
0.1147
0.078431
0.052906
0.0084926
0.026091
0.041574
-0.025538
-0.39904
-1.5418
-0.8009
-0.52516
-0.21909
-0.12257
-0.28665
-0.50139
-0.74605
-0.77777
-0.83753
-0.29621
-0.45422
-0.30139
1.9775
1.5679
2.1035
0.25841
-0.1214
0.22113
-0.026207
-0.065462
-0.031406
0.021914
-0.087675
-0.033488
0.037908
0.029092
0.0032341
-0.013013
0.025037
0.043326
0.0044215
0.000353
0.065136
0.0084068
0.07411
0.11679
-0.17071
-0.2413
-0.15851
-0.10189
0.11091
0.09378
-0.036834
-0.02523
-0.02414
-0.031134
-0.016284
-0.013201
-0.0080876
-0.0089277
-0.0036429
-0.016211
-0.014061
0.0029693
0.071002
0.079292
0.057762
-0.036079
-0.46405
-0.92689
-0.010968
0.54407
0.37484
0.18545
-0.037341
-0.038441
-0.0043846
-0.0050797
0.01328
-0.027606
-0.00035712
0.0084748
0.011535
-0.13025
-0.051521
0.023179
0.083612
0.11876
0.015756
0.07284
-0.03398
0.074959
0.0048353
-0.46023
-1.3819
-1.243
-0.61053
-0.50047
-0.016462
0.47003
0.11729
-0.24625
-0.24671
-0.69755
-0.19637
-0.39187
-0.5464
1.3781
1.7139
1.4601
1.076
-0.10699
0.074085
-0.018154
-0.062158
0.0046086
0.021028
-0.050588
-0.10169
-0.025595
0.036841
-0.0010929
-0.012273
0.041244
0.049913
0.036421
0.037805
-0.024112
0.035203
0.032395
0.1724
0.077379
-0.13622
-0.11301
-0.14158
-0.031232
0.10768
0.079705
0.044828
0.027123
-0.047824
-0.042983
-0.013305
-0.017367
-0.01951
-0.023088
-0.021379
-0.01077
-0.002629
0.0083945
0.045486
0.078959
-0.0031844
-0.046389
-0.086283
-0.72173
-0.58382
0.30185
0.72554
0.18275
-0.072867
-0.030734
-0.019133
-0.014162
-0.028046
-0.034398
-0.0062401
0.0042654
0.023278
-0.062435
-0.12845
0.016054
0.055744
0.16474
0.072579
0.072781
-0.044401
0.052929
0.075893
-0.20357
-0.93382
-0.93299
-0.64576
-0.99124
-0.61694
-0.077143
-0.086571
-0.12678
0.45304
-0.063068
-0.20622
-0.48222
-0.51579
-0.56186
-0.55475
1.2501
1.8343
1.3706
1.3988
0.0012781
-0.013945
-0.065986
0.016171
0.012061
-0.10636
-0.21425
-0.21211
-0.036117
0.0070986
-0.021593
-0.073749
0.053307
0.13977
0.098709
0.092402
0.024983
-0.044043
-0.33009
0.31643
0.22625
-0.01162
-0.16977
-0.089858
0.041787
0.089489
0.080473
0.0304
-0.016619
-0.034641
-0.045223
-0.039
-0.020798
-0.0090037
-0.014294
-0.015252
-0.01244
-0.0070451
-0.023805
-0.014208
-0.0046495
0.0061838
0.012693
0.075259
0.11116
-0.031613
-0.011893
-0.52384
-0.58994
-0.010662
0.61192
0.28118
-0.017075
-0.070689
-0.014028
-0.023891
-0.025111
-0.055417
-0.021491
0.00087203
0.017774
-0.006878
-0.17831
-0.017607
0.041641
0.15174
0.10991
0.048817
0.043144
0.028017
0.10308
-0.066297
-0.47951
-1.5752
-0.89071
-1.206
-0.93292
-0.36258
-0.10604
0.054382
-0.075601
0.17015
0.29983
-0.28692
-0.2533
-0.50665
-0.67147
-0.53265
0.13002
1.5495
1.255
2.2235
1.2845
-0.095373
-0.20986
0.32974
-0.081926
-0.25886
-0.22874
-0.084197
-0.096975
-0.02973
0.0070241
0.15654
0.18931
0.083192
-0.10633
-0.39304
-0.19941
0.080349
0.52097
0.61173
0.095353
-0.18043
-0.049431
0.088041
0.13707
0.045422
0.036086
-0.017021
-0.060193
-0.061932
-0.034822
-0.0049692
-0.0037522
-0.011913
-0.021654
-0.032812
-0.020905
-0.024237
0.00052506
0.054964
0.089901
-0.084712
-0.086737
-0.39234
0.13869
0.17297
0.014171
-0.03974
-0.004757
-0.019127
-0.044727
-0.039456
-0.013918
0.0052089
0.01299
-0.0044117
-0.13704
-0.11697
0.021946
0.1241
0.15085
0.024166
0.13594
0.0042072
0.10882
-0.1694
-0.552
-0.96207
-1.1987
-1.38
-0.82292
-0.33645
0.060005
0.18413
0.018811
0.11306
0.20197
-0.087869
-0.34053
-0.61616
1.044
1.4585
2.1814
-0.041788
-0.0047572
-0.021919
-0.06998
0.015983
-0.018159
0.017037
0.017067
-0.15927
-0.12613
-0.06125
-0.085951
-0.10352
0.0026222
0.080705
0.046847
-0.58014
-0.12634
0.32594
0.67386
-0.22985
-0.087794
0.089407
0.089555
0.11051
0.031496
-0.010096
-0.057429
-0.057416
-0.066615
-0.020994
-0.021002
-0.010758
-0.011584
-0.015768
-0.018237
-0.023582
-0.022151
0.001537
0.043258
0.13138
0.027034
0.030669
-0.25694
0.034227
0.14273
-0.12941
-0.061905
-0.020827
-0.047348
-0.054233
-0.054229
-0.002994
0.011269
0.0047041
-0.084656
-0.20152
0.01207
0.081649
0.19207
0.069
0.10617
0.027486
0.061436
0.10044
-0.25747
-0.85698
-0.96436
-1.9298
-1.0948
-0.81621
-0.020985
0.0025469
0.15782
0.56291
0.12036
-0.20792
-0.27168
-0.33831
0.5619
0.82537
1.8577
1.0855
0.108
0.038205
0.032663
-0.036258
-8.2449e-05
-0.01043
-0.0098374
0.001837
-0.036078
-0.056196
-0.087601
-0.18325
-0.072941
0.14333
-0.010044
0.037519
0.029783
0.093936
-0.61461
0.28674
-0.21396
-0.1165
0.084892
0.11114
0.1046
0.04335
0.00037418
-0.044645
-0.078587
-0.013005
-0.015608
0.0075417
-0.01823
-0.063289
-0.035053
-0.048808
-0.021911
0.0030688
0.017755
0.0042743
0.00031258
-0.15708
0.10951
0.14108
-0.081907
-0.019078
-0.00084366
-0.026537
-0.048261
-0.034124
-0.019122
0.0021883
0.014033
0.0014217
-0.016165
-0.23657
-0.038144
0.062825
0.18261
0.071326
0.09202
0.10283
0.083563
0.032938
-0.16753
-0.43672
-0.77496
-1.6535
-1.1859
-0.51747
-0.14787
-0.041648
0.14209
0.22326
0.25116
0.32082
-0.012843
-0.46933
-0.57217
1.1591
1.251
1.7166
0.085927
0.050385
-0.063202
-0.042559
-0.033323
-0.0028583
0.020321
0.011306
-0.029129
-0.031032
-0.073642
0.020198
0.095643
0.040723
0.055776
-0.39595
-0.20437
0.57506
0.2284
-0.19848
-0.20638
0.027592
0.16119
0.091721
0.069821
0.011729
-0.01459
-0.020638
-0.074785
-0.036992
-0.012585
0.018721
0.021774
-0.032223
-0.058276
-0.034506
-0.010937
0.0030508
0.045892
0.12994
0.047428
-0.079614
-0.079696
0.015768
-0.051324
-0.10928
0.011672
-0.017357
-0.041017
-0.041411
0.012505
-0.0091311
-0.015507
0.00070573
-0.16758
-0.16747
-0.10245
0.1907
0.12032
0.1203
0.091557
0.1726
0.095123
0.10085
-0.06718
0.48259
-0.20679
-0.76018
-0.54431
-0.2508
0.35937
0.47917
0.40825
0.0031618
0.090146
0.24003
0.1182
0.2407
-0.21811
-0.58034
-0.59981
-0.35557
-0.39248
0.060725
0.19812
0.062166
-0.014245
-0.091775
-0.095442
-0.051724
0.035047
0.088631
0.052636
0.014385
0.0029674
0.027435
0.028396
0.028805
0.017633
-0.024105
0.029625
0.1477
0.10501
-0.01234
-0.022189
-0.23601
-0.28268
-0.14673
-0.026778
0.077947
0.14493
0.078871
0.039445
0.029926
0.034906
-0.016252
0.0019513
0.023
0.0016797
-0.033166
-0.031457
-0.043922
-0.035742
-0.00275
0.052632
0.17361
0.23826
0.33212
-0.20466
-0.13263
-0.097704
-0.059499
-0.022054
-0.0033398
0.00017065
-0.008029
-0.004832
0.0081161
0.0027601
-0.011547
-0.00069785
-0.093411
-0.16287
-0.022382
0.10141
0.18688
0.1077
0.10656
0.092484
-0.033874
0.21516
0.45437
0.68811
0.57503
-0.72341
-0.92837
-0.012336
-0.40401
-0.49221
-0.34435
0.34062
0.7551
0.2812
-0.1238
-0.25597
-0.51287
-0.18477
0.66384
-0.30623
-0.089189
0.13182
0.046797
-0.032558
-0.0012
-0.03872
-0.078493
0.0069209
0.064824
0.02848
0.0044108
0.001628
0.017994
0.068097
0.045271
0.018331
-0.010684
0.01648
0.045005
-0.042527
-0.11787
-0.041452
0.05532
0.17294
0.057312
0.04052
0.025545
0.0061114
0.0061338
-0.03341
-0.053784
-0.045512
-0.0039761
-0.0039768
-0.041095
-0.054611
-0.029698
-0.021384
-0.017714
-0.0022925
0.016289
0.040843
0.10222
0.03549
-0.025484
-0.0023804
-0.0057276
-0.025978
-0.018768
-0.019588
-0.0061584
-0.0010403
-0.0033896
-0.007639
-0.0029258
-0.0060519
-0.00058728
-0.0095005
-0.063196
-0.18764
-0.037978
-0.0086615
0.074359
0.13412
0.045757
0.088333
0.073242
0.07024
0.14647
0.29549
0.58147
0.0084249
0.021841
-0.65837
-0.4066
-0.28475
0.25467
0.68693
1.1517
1.1472
-0.066902
-0.42847
-0.62071
-0.61496
-0.47521
-0.035868
0.14963
0.06983
0.069854
-0.036045
-0.075511
-0.07575
-0.15846
-0.15158
-0.019804
0.024826
0.04339
0.082414
0.042496
0.057009
0.028877
0.072656
0.1799
-0.16293
-0.46497
-0.1441
-0.14828
-0.041627
0.054649
0.11818
0.1252
0.053471
0.029861
0.020943
-0.017923
-0.060978
-0.081105
-0.040333
-0.010511
0.014159
0.018953
-0.014255
-0.057389
-0.039508
-0.048206
0.11626
0.11053
0.088784
-0.049423
-0.079958
-0.032187
-0.042306
-0.010374
5.104e-05
0.00020594
-0.014783
-0.021217
-0.0086563
-0.035434
-0.0089287
-0.048809
-0.2427
-0.04571
0.047928
0.17099
0.19287
0.071448
0.11907
0.063803
0.080432
0.38791
0.54415
0.79335
0.061167
-0.80435
-0.88365
-0.22156
-0.47019
0.11835
0.55339
0.73466
0.68177
0.078685
-0.19351
-0.25212
-0.5477
-0.042824
-0.23709
0.047642
0.13984
-0.12617
0.11697
-0.014879
-0.047334
-0.093277
-0.00095296
0.055576
0.016418
-0.0040596
0.054088
0.089124
0.061706
-0.0045473
0.12839
-0.011615
-0.10061
-0.29446
-0.18105
-0.12415
-0.02683
0.046957
0.11678
0.059498
0.022968
0.02363
0.0020978
-0.026777
-0.030121
-0.028817
-0.03041
-0.0040654
0.0050267
0.003204
-0.015434
-0.032528
-0.045619
-0.042812
-0.028525
-0.0058116
0.032283
0.094916
0.075992
0.12401
-0.037574
-0.022875
-0.014427
-0.014371
-0.016811
-0.0119
0.006723
-0.0040703
-0.013022
-0.0078993
-0.13448
-0.067481
0.0058625
0.076159
0.096814
0.075348
0.13944
0.11099
0.11773
0.22392
0.2879
0.51064
0.030001
-0.85147
-1.1099
-0.58883
0.026279
-0.10929
-0.0011671
-0.3534
-0.30977
0.84072
-0.16995
-0.5869
-0.74901
-0.080215
-0.25584
0.051135
0.27496
0.0067083
-0.095287
0.042655
-0.045609
-0.11877
-0.10516
0.025495
0.02547
0.055862
0.03114
0.035842
0.013181
0.065722
0.08916
0.08459
0.087226
0.097032
0.097192
0.10621
-0.0038275
-0.27176
-0.28856
-0.28917
-0.094754
0.015077
0.076384
0.099571
0.099577
0.048399
0.0080529
0.012634
-0.019723
-0.019566
-0.046896
0.00056254
0.00056539
0.00058727
-0.011291
-0.005492
-0.028403
-0.035952
-0.029712
-0.0022201
0.036327
0.094309
0.095377
0.069581
-0.008978
-0.086139
-0.021332
-0.048902
-0.025143
-0.020101
-0.0080916
0.00083552
-0.0084921
-0.0099507
-0.015279
-0.011731
-0.011149
-0.0072214
-0.064204
-0.13469
-0.032592
0.0080959
0.11838
0.17042
0.065585
0.012069
0.091251
0.086032
0.0393
0.24667
0.42281
-0.49702
-1.2011
-1.4645
-0.34466
-0.55885
-0.014914
0.59369
-0.53334
0.59421
0.8708
0.59311
1.0591
0.44877
-0.35093
-0.017426
0.26064
-0.074442
-0.16129
-0.047096
0.12857
-0.01252
-0.24678
0.048072
0.25441
0.012942
-0.20351
-0.1079
0.026508
0.11666
0.034072
0.0338
0.045983
0.066605
0.083447
0.046534
0.07999
0.035056
0.32368
0.3235
-0.13655
-0.21258
-0.13622
-0.079607
-0.079901
0.12662
0.14779
0.088418
0.0044903
0.0080117
0.0016937
-0.072039
-0.0092497
0.025306
0.021738
-0.029733
-0.04223
-0.035625
-0.039269
-0.023107
0.0069885
0.061887
0.10168
0.011136
0.061089
-0.057953
-0.083675
-0.032582
-0.034721
-0.021601
-0.0069753
0.013767
-0.0061439
-0.011253
-0.0023591
-0.0044415
-0.017872
-0.016113
-0.019263
-0.19878
-0.037914
-0.03075
0.08757
0.16726
0.090704
0.047726
0.020656
0.072982
0.09133
0.081347
0.20861
-0.23605
-0.96096
-0.0070921
-0.27165
-0.95181
0.00059738
-0.30328
-0.21454
0.64815
0.6391
0.46472
0.73193
0.32783
0.20757
-0.19647
-0.11202
0.099629
-0.23267
-0.032292
0.2073
0.062075
-0.16045
-0.13988
-0.014397
0.083483
0.057693
0.032009
0.035405
0.033775
0.088068
0.12322
0.099168
0.10203
0.074589
-0.016126
0.33335
-0.010229
-0.3059
-0.36163
-0.12451
-0.078192
-0.0094536
0.051172
0.10083
0.053367
0.027759
0.0093699
-0.012763
-0.091951
-0.07783
-0.035239
0.021595
0.026459
-0.030286
-0.031104
0.013095
0.066638
0.089684
0.06645
0.12467
-0.075039
-0.12091
-0.12119
-0.048466
-0.014843
0.012548
0.001985
-0.018685
-0.0045054
-0.0052813
-0.024208
-0.024209
-0.021301
-0.14481
-0.091632
-0.0032188
-0.0032831
0.099592
0.12695
0.15024
0.086239
0.085736
0.058192
0.46655
0.58362
-0.10628
-0.10391
-0.71484
-1.0732
-0.62322
-0.13441
-0.4698
0.59671
0.79257
0.54584
-0.1349
-0.42697
-0.29734
0.42085
-0.15879
-0.27232
0.097723
0.22284
-0.055436
0.040765
-0.021891
-0.098932
-0.12555
-0.026524
0.056826
0.051653
0.040111
0.012948
0.078984
0.10208
0.054314
0.054259
0.11297
0.0026454
-0.10846
-0.23339
-0.1843
-0.15482
-0.071192
0.047267
0.11123
0.10552
0.036995
0.0035612
0.0079349
0.027517
-0.026783
-0.068622
-0.050177
-0.029068
0.0033547
-0.002867
-0.022828
-0.03396
-0.043242
-0.046368
-0.028671
-0.010598
0.027173
0.095849
0.12125
-0.093383
-0.081167
-0.044274
-0.02255
0.0058488
-0.0042483
-0.0060481
-0.016493
-0.01038
-0.014352
-0.044733
-0.015733
-0.057243
-0.20323
-0.014505
0.09445
0.22562
0.14447
0.11253
0.088552
0.062588
0.026643
0.28462
0.43811
0.44953
-0.37487
-1.2304
-0.33994
-0.19951
-0.31985
-0.067734
-0.18273
-0.76753
0.52657
0.12916
-0.22524
-0.70087
-0.15782
0.49577
-0.34699
-0.18587
0.10219
-0.051504
0.023884
-0.049537
-0.12218
-0.10376
0.034814
0.064468
0.015971
0.023063
0.028174
0.053937
0.045622
0.036287
0.054933
0.11326
-0.041615
-0.081197
-0.063379
-0.13745
-0.097816
0.029815
0.10102
0.11964
0.041577
0.0051201
0.012141
0.0036222
-0.030222
-0.072181
-0.083799
-0.032739
0.010116
0.0048948
-0.011518
-0.022788
-0.02533
-0.023622
-0.0065727
0.018898
0.081304
0.096655
0.048257
-0.027685
-0.023653
0.010228
-0.036841
-0.037424
-0.0022706
-0.0033314
-0.0050882
-0.0050654
-0.014454
-0.027114
-0.046805
-0.22479
-0.0022053
0.086374
0.14558
0.046856
0.10158
0.081288
0.11943
0.088107
0.13451
0.48146
-0.027254
-0.95938
-1.0968
-0.38568
-0.36049
-0.16748
-0.034928
-0.24539
0.15104
0.66558
0.6881
0.94774
0.95069
0.50987
-0.15062
0.067248
0.10544
-0.022857
-0.15018
0.047603
-0.054599
-0.16057
-0.088688
-0.088717
0.078291
0.046692
0.019636
0.044786
0.045193
0.060499
0.060638
0.058251
0.046651
0.1154
0.10725
0.03771
-0.10885
-0.29215
-0.16568
-0.13197
-0.074352
-0.0014231
0.096112
0.1566
0.069001
0.028518
-0.074039
-0.074163
-0.04277
0.020098
0.014382
-0.025554
-0.024592
-0.035082
-0.028243
0.0076521
0.058495
0.10605
0.11683
0.1246
-0.10826
-0.11036
-0.046678
-0.03857
-0.0047227
0.0050677
-0.0040404
-0.018167
-0.020931
-0.0082461
-0.009291
-0.014959
-0.02949
-0.01286
-0.16782
-0.1007
0.011838
0.14782
0.15354
0.098436
0.13592
0.065382
0.15067
0.23846
0.31975
-0.045522
-0.70752
-0.81367
-0.28463
-0.28682
-0.023855
-0.33286
-0.39871
-0.12964
0.51683
1.0516
0.1296
-0.70694
-0.35443
-0.27772
-0.13215
0.079418
0.11393
-0.06601
0.018941
0.062432
-0.077331
-0.13233
-0.042237
0.044124
0.050439
0.019548
0.017148
0.031281
0.060025
0.053374
0.06855
0.061634
0.065847
0.12494
0.13543
0.036181
-0.31584
-0.1323
-0.14393
-0.058492
0.036468
0.12441
0.08289
0.021366
0.0031748
-0.0097722
-0.075207
-0.063753
-0.037777
-0.001716
-0.0046394
-0.018129
-0.029102
-0.041847
0.0012419
0.045166
0.10377
0.093446
0.1097
-0.080052
-0.058029
0.0019974
-0.043076
-0.022869
-0.019675
0.017644
-0.0018719
-0.0087384
-0.01474
-0.0039805
0.0067666
0.0033718
-0.016087
-0.12615
-0.13699
-0.023463
-0.0202
0.11082
0.091162
-0.041839
0.14651
0.10829
0.16729
0.20672
0.088146
0.041289
-0.76507
-1.3033
-1.0942
-1.0133
-0.36013
0.18813
-0.015735
-0.18277
0.27655
0.62603
0.93761
0.83797
0.88382
0.017207
-0.17998
0.0068722
0.13208
-0.17405
-0.086951
0.14297
-0.062109
-0.18457
-0.040382
0.058485
0.062608
0.040001
0.023252
0.06735
0.063267
0.097158
0.087492
0.036779
0.12162
0.0051744
0.31216
-0.10229
-0.11897
-0.32893
-0.15022
-0.15976
-0.076963
-0.028383
0.030703
0.0014825
0.011074
0.011057
-0.0075584
-0.0083352
-0.0049726
-0.0094557
-0.023154
-0.0017971
-0.001789
0.035271
0.024362
0.017468
0.013537
0.086249
0.0973
0.18661
-0.045861
-0.04484
-0.21308
-0.089512
-0.089514
-0.032306
-0.002107
-0.010494
-0.026913
-0.035435
-0.043097
-0.014742
0.0072394
0.010929
-0.028121
-0.21611
-0.04557
0.15058
0.26889
0.045075
0.18358
0.14026
-0.21742
0.11877
0.04629
-0.47166
-0.93654
-1.1167
-0.61144
-0.56257
-0.27141
-0.28398
0.083261
0.0076872
0.23653
0.20171
-0.023764
-0.067663
0.92114
1.4359
2.2172
1.1172
0.08912
0.040213
-0.032489
-0.10561
-0.073894
-0.014498
-0.042454
0.0064311
0.03765
0.026162
0.012109
0.021761
0.061423
0.045845
0.058024
0.028204
0.027681
0.042724
0.050301
0.0022384
-0.080743
-0.10267
-0.15145
-0.13198
-0.18304
0.026693
0.026181
0.043656
-0.017326
-0.028328
-0.034648
-0.024697
-0.014649
-0.032242
-0.046996
-0.024528
0.0056128
0.055317
0.038251
0.0164
0.03857
0.07937
0.16781
0.20756
-0.024482
-0.17014
-0.18326
-0.069782
-0.058457
-0.029169
-0.029355
-0.020328
-0.050866
-0.02412
-0.025551
-0.00068224
-0.010975
-0.0082486
-0.20478
-0.097541
0.098067
0.28823
0.066538
0.054747
0.19456
-0.17113
-0.24441
-0.10991
-0.64524
-1.0129
-1.1547
-0.6913
0.10269
0.31113
0.40861
0.3835
-0.072368
-0.044834
-0.039592
0.03568
-0.078633
-0.222
0.68836
1.9964
0.49678
0.023433
0.036599
0.012131
0.013565
-0.044102
-0.024333
0.0063325
0.016238
0.016246
-0.0015017
-0.012927
-0.0087115
0.022594
0.029781
0.038673
0.030094
-0.0096335
-0.010117
-0.10764
-0.085481
-0.033395
0.20384
-0.10095
-0.118
-0.087028
0.029755
0.11082
0.036255
0.027139
0.022793
-0.034761
-0.060947
-0.052361
-0.028633
-0.081048
-0.019033
0.014865
0.033928
0.0070742
0.021362
0.039562
0.043553
0.10902
0.16838
0.096757
-0.095206
-0.23807
-0.18723
-0.092761
-0.028007
-0.008561
-0.0098069
-0.053248
-0.080448
-0.076001
-0.029862
-0.008014
0.0028629
-0.10611
-0.15311
0.015372
0.2158
0.18693
0.18691
0.2406
0.029319
0.035559
-0.1712
-0.17354
-0.33252
-0.9444
-1.3084
-1.1925
-1.1836
-0.36606
0.35825
0.61131
0.18507
0.12762
0.13685
-0.0030611
-0.2669
-0.35271
1.0104
2.1255
1.6605
-0.12481
-0.0045889
-0.041325
-0.010484
0.051679
-0.043066
-0.03138
0.032543
-0.017365
-0.0078035
0.010782
0.0062807
0.012632
0.0037357
0.020904
0.0098328
0.024888
0.0099914
-0.04508
-0.11959
-0.14593
0.020335
0.18663
0.06319
-0.085272
-0.08356
-0.027398
0.098005
0.079441
0.039343
-0.0098251
-0.072819
-0.064902
-0.031237
-0.019706
-0.025511
-0.062572
-0.067074
0.016912
0.026025
0.036562
0.079041
0.027733
0.046919
0.18585
-0.048679
-0.016927
-0.175
-0.065282
-0.11849
-0.025926
-0.028956
-0.039873
-0.033303
-0.021335
-0.043573
-0.0089203
0.027649
-0.04345
-0.16822
-0.062921
0.075363
0.14475
0.046169
0.168
-0.012557
0.047976
0.12678
-0.38045
-1.1364
-1.3901
-1.2474
-1.0771
-1.2396
-0.80214
-0.25388
-0.094425
0.46657
0.32787
0.98803
0.60332
0.46189
-0.12081
-0.30245
2.1944
1.5765
0.39841
-0.028129
-0.0011937
0.0038752
-0.0081715
-0.0082373
0.0027861
-0.014161
-0.020894
0.016725
0.0097915
0.010979
0.0048458
-0.010934
0.0094832
0.0068268
-0.0036434
-0.0004569
-0.033253
-0.091573
0.025467
0.05888
0.042488
0.011225
-0.092373
-0.03386
0.07501
0.10603
0.018642
0.0076325
-0.028966
-0.050194
-0.070832
-0.069523
-0.016454
-0.019973
-0.0027473
-0.0018887
0.042995
0.031082
0.041555
0.041459
0.10882
0.037294
0.27033
-0.046991
-0.0094016
-0.1371
-0.27647
-0.084477
-0.062974
0.012572
-0.018873
-0.021076
-0.024457
-0.02721
-0.0080139
0.010843
0.0052546
-0.13922
-0.08115
0.010111
0.14986
0.065947
0.13135
0.080134
-0.03148
0.035964
-0.68275
-1.089
-1.0907
-0.79111
-0.4334
-0.49867
-0.29072
-0.34652
-0.2541
0.29261
0.17399
0.3435
0.3396
0.097516
-0.17653
-0.4035
-0.18882
1.9679
2.1602
-0.20306
0.26787
0.018104
-0.00227
-0.0022503
-0.011511
-0.0082019
0.0032638
0.019086
0.019122
0.020905
-0.0064431
-0.018335
-0.012664
-0.002603
0.0054796
-0.0096055
-0.035693
0.023998
0.026473
0.11076
0.011791
0.045523
-0.10829
-0.10823
-0.049187
-0.01056
0.047187
0.014815
0.0087302
-0.049852
-0.069477
-0.028905
-0.018458
-0.001466
-0.023585
-0.025571
-0.022696
-0.008868
0.027021
0.0086539
0.0090935
0.051875
0.090893
-0.0097636
0.13333
0.12826
-0.020558
-0.26898
-0.084212
-0.097563
-0.030392
-0.020815
-0.013944
-0.012902
-0.039022
-0.0051719
-0.0018245
0.021653
-0.05909
-0.134
-0.054977
0.14193
0.17978
0.028714
0.19638
-0.0023072
-0.11723
-0.4726
-1.2261
-0.51589
-0.20543
-0.29024
-0.0022081
-0.24625
0.25226
0.25809
-0.074466
0.20208
-0.1432
0.047691
-0.4512
-0.46647
1.765
1.7748
1.3049
-0.17799
0.2098
0.099291
-0.010425
-0.030875
-0.014198
0.0094905
0.0092903
0.039106
-0.0053853
-0.0031703
-0.0038692
0.0049972
0.0042107
-0.00047513
-0.015204
-0.036172
-0.14668
0.12026
-0.12685
0.094387
0.17242
0.00077232
-0.1507
-0.010054
0.029544
0.037548
0.023226
-0.0047913
-0.062531
-0.068515
-0.045044
-0.014811
-0.0032865
-0.012583
-0.020011
0.010313
0.016462
0.018436
0.034101
0.051877
0.019373
-0.11212
0.056958
0.11689
0.032754
-0.19457
-0.087834
-0.075051
-0.040262
-0.03617
-0.019684
-0.029267
-0.0074959
-0.010838
-0.01163
0.013872
-0.031119
-0.13986
-0.016532
0.058548
0.16002
0.060745
0.076234
-0.008362
0.015505
-0.54284
-1.0681
-1.298
-0.95083
-0.097067
-0.15626
-0.40125
0.19029
-0.3238
0.042891
-0.016697
0.18115
-0.069207
-0.080787
-0.095973
-0.0026202
0.017478
-0.067346
-0.15129
-0.19604
1.09
2.2973
1.0841
0.22815
0.13982
0.2967
0.14531
0.023379
-0.012322
0.0014856
-0.0036199
0.028551
0.044761
0.0056473
-0.004586
0.00053706
-0.0016099
-0.0074668
0.015066
-0.012073
0.016423
0.00032091
-0.10057
-0.090205
0.23849
-0.14257
-0.12631
0.0008282
0.013238
0.050132
0.029612
-0.0076124
-0.042645
-0.066609
-0.040431
-0.016441
-0.030751
-0.0074161
0.028044
0.0080688
-0.0069201
0.051952
0.052741
0.01935
0.023357
-0.041969
-0.059555
-0.25745
0.25593
0.22561
-0.010728
-0.01008
-0.16061
-0.034174
-0.0059378
-0.035891
-0.0103
-0.0090318
-0.0042581
0.014106
-0.0091633
-0.0077257
-0.0077031
-0.10034
-0.056162
0.0045347
0.084589
0.12104
0.11565
0.024887
-0.11842
-0.43768
-1.1034
-1.7181
-0.97143
-0.12419
0.021064
-0.15923
0.0030258
-0.41096
-0.28548
-0.0042485
0.071156
-0.047778
-0.12934
-0.2065
-0.15224
0.10038
0.062563
-0.1715
-0.30693
-0.06323
1.146
2.634
0.54595
-0.25666
-0.22799
1.0685
0.34447
0.17682
0.095199
0.00068187
0.080924
0.084007
0.059864
0.024301
-0.00055339
-0.0025645
-0.017036
-0.027796
0.0027626
0.018873
0.024051
0.29408
0.079006
-0.12957
-0.13299
-0.16506
-0.085537
0.022451
0.040042
0.055827
0.013662
0.00992
-0.044294
-0.091213
-0.078857
-0.02528
-0.0075809
-0.027099
-0.034668
-0.021689
-0.010508
0.0075197
-0.0007364
0.028956
0.046527
0.028647
0.020714
0.019988
-0.14478
-0.53226
-0.3368
0.016558
0.4009
0.44608
0.1352
-0.056026
-0.014058
-0.032624
-0.023353
-0.037029
-0.044277
-0.018081
-0.0052145
-0.016182
-0.0030808
-0.11058
-0.095309
0.031929
0.15769
0.097645
0.02239
0.014221
-0.052658
-0.32608
-1.1387
-1.1043
-0.93543
0.32598
0.41762
0.054525
0.10386
-0.14425
0.0041874
0.26831
0.1951
0.14379
-0.060318
-0.18506
-0.068
-0.047696
-0.066416
-0.36085
-0.43026
0.18237
1.4543
0.9779
0.43852
0.0048237
0.10211
0.039942
-0.0074285
-0.02068
-0.025871
-0.023584
0.041477
0.034238
-0.0082512
0.0053677
0.017943
0.022553
-0.0060943
0.014769
-0.00042362
0.019016
0.051183
0.17205
0.36514
0.0382
-0.25159
-0.15581
-0.20984
-0.035744
0.016234
0.014537
0.018996
0.0099054
-0.028936
-0.032941
-0.025966
-0.0058115
-0.016118
-0.024988
-0.03066
-0.019637
0.002956
0.0076705
-0.011879
0.032895
0.044787
0.00071453
0.01384
-0.02358
-0.14535
-0.42666
-0.69272
0.15644
0.17173
0.49984
0.3534
0.097455
0.052308
-0.034645
-0.026502
-0.01384
-0.013006
0.004091
-0.0095932
-0.007708
-0.022479
-0.10951
-0.038483
0.13231
0.045463
-0.055765
-0.055886
-0.044533
-0.17705
-0.86619
-1.4177
-1.4246
-0.36752
0.71626
0.13581
0.23863
0.23812
0.069164
0.14227
0.049697
0.069074
0.088774
-0.18171
-0.085331
-0.09306
-0.23425
-0.23334
-0.46823
1.1914
1.1507
0.34819
0.34726
0.085469
0.11064
0.029047
0.029193
-0.012645
-0.036971
-0.011066
-0.0043191
0.046669
0.033389
-0.0048026
0.00965
0.0061266
0.024247
0.0028789
-0.015291
0.051813
0.027683
0.2346
0.48432
0.19898
-0.33007
-0.34459
-0.21363
-0.025007
0.020384
0.015629
0.012289
0.0019015
-0.010884
-0.016636
-0.019693
-0.0078887
-0.0031672
-0.016763
-0.02655
-0.021872
-0.0018172
0.0048456
-0.0074736
0.0042085
0.033172
-0.010211
-0.00087287
-0.016608
-0.13015
-0.15396
-0.66639
-0.014504
0.30221
0.43401
0.30673
0.21359
0.0049108
0.019785
-0.0025661
-0.012543
-0.010953
-0.011703
0.0067195
-0.0072377
-0.0075742
-0.0091714
-0.067643
-0.045322
0.078273
0.075914
-0.10554
-0.075804
-0.11415
-0.088301
-0.60646
-1.602
-1.2299
-0.39359
0.65236
0.27639
0.098106
-0.04026
0.16063
0.11131
0.30291
0.1442
-0.15362
-0.23041
-0.24709
-0.070353
-0.0036349
-0.08061
-0.39006
-0.2922
0.34199
1.4185
0.30924
0.11752
-0.056934
0.087736
0.029671
0.04423
-0.008508
-0.011995
-0.017609
0.014486
0.049019
0.0173
-0.0048648
0.0080542
0.019508
0.010565
0.0037959
0.0053552
0.023879
0.14738
0.56865
0.36764
-0.16876
-0.59462
-0.27077
-0.022894
0.01461
0.010589
0.01083
0.0052686
-0.008727
-0.020809
-0.016609
-0.0058054
0.00060279
-0.011799
-0.019125
-0.021388
-0.010464
-0.0043847
-0.001749
-0.0047038
0.013846
0.0050715
-0.010132
0.001968
-0.04266
-0.11081
-0.44879
-0.22936
-0.33255
0.041993
0.76537
0.51543
0.29301
0.11894
0.033266
0.023674
-0.00055621
0.00037299
0.0052322
0.010509
-0.0023391
-0.0042567
-0.034306
-0.025104
0.027557
0.050921
-0.12753
-0.07009
-0.084297
-0.16526
-0.29563
-1.5114
-1.4678
-0.05936
0.28788
1.2474
-0.36155
0.2095
-0.033917
0.043075
0.49212
0.50767
0.14555
-0.067871
-0.19162
-0.34859
-0.039654
-0.19585
-0.25612
0.12568
0.59267
0.59684
0.17981
-0.068677
-0.021589
0.047999
0.021989
-0.0005816
-0.01985
-0.040311
2.8588e-05
0.021155
0.0023563
-0.014328
0.0099078
0.030056
0.013764
0.019505
0.016436
0.016436
0.12051
0.60606
0.52494
0.078114
0.082325
-0.61384
-0.038124
0.027376
0.011184
0.011185
0.010798
-0.0056122
-0.022682
-0.014136
-0.014137
-0.0060172
-0.0044257
-0.0050352
-0.0069629
-0.0069389
-0.011681
-0.012729
-0.0037475
-0.0034022
-0.017627
-0.02158
-0.021438
-0.015967
-0.067356
-0.09724
-0.24311
-0.73426
0.10896
-0.44498
0.23771
0.86317
0.49078
0.24429
0.15217
0.081371
0.044143
0.015208
0.013623
0.01577
0.0061216
-0.00091673
-0.0019691
0.0013322
0.023487
0.013616
-0.097665
-0.10589
-0.055909
-0.13683
-0.099146
-0.69409
-1.4353
-0.69758
-0.35994
1.0232
0.30732
0.24978
0.11505
0.079878
0.23063
0.12885
0.18035
-0.0094427
-0.24493
-0.31807
-0.20693
-0.021581
-4.8847e-05
-0.11308
-0.020293
0.082477
0.31363
0.18145
-0.07536
-0.027046
0.064112
-0.0048236
-0.0078583
-0.06235
-0.05669
0.00036938
0.014251
0.0028188
-0.010463
-0.00071416
0.016196
0.038593
0.018819
0.027093
0.075165
0.33624
0.79262
0.22526
-0.21147
-0.83091
-0.25823
0.046676
0.034957
0.0018242
0.0058066
0.00072262
-0.0070169
-0.0095268
0.0021358
0.0026354
-0.0031051
-0.0072862
0.00061576
-0.0022931
-0.0015945
-0.0057959
-0.015933
-0.0045694
-0.024617
-0.058444
-0.045867
-0.081015
-0.16529
-0.14985
-0.49981
-0.23377
-0.23561
-0.027605
1.0697
0.41414
0.23333
0.12899
0.073081
0.032931
0.03085
0.042017
0.034209
0.0076442
-0.003582
0.054502
0.054571
0.041598
-0.024057
-0.10767
-0.080687
-0.08088
-0.092261
-0.45278
-1.2332
-1.1868
-0.22113
0.79046
0.58727
0.12935
0.092146
0.085675
0.31893
0.57168
0.43373
0.45476
0.085012
-0.24613
-0.23762
-0.11491
0.14813
0.40573
0.4737
-0.72663
-0.29224
0.087912
-0.049442
-0.048756
0.081154
-0.03635
0.0086673
-0.0013328
-0.039904
-0.03791
-0.04235
-0.02802
-0.040157
-0.058581
-0.084427
-0.098812
-0.001605
0.02499
-0.009057
-0.051944
-0.093447
-0.044169
0.06449
0.022721
0.086018
0.033168
0.028117
0.013128
0.0042894
0.063946
0.047803
0.047176
0.036726
0.032017
0.026428
0.021188
0.013312
0.0133
0.00038326
-0.00030829
0.00054862
0.0018064
0.0022461
0.0031259
-0.0036849
-0.0039043
-0.0065853
-0.03794
-0.0020087
-0.023784
-0.023317
-0.011303
-0.0051321
-0.0095362
0.0050348
0.0051118
0.0070043
0.004102
0.0045431
0.00974
0.0063723
0.0016087
-0.00027916
0.0020251
0.0090215
0.006249
0.0038475
0.0073818
0.0016988
0.0026461
0.0047905
0.00050388
0.00068899
-0.0087965
-0.0052302
-0.0052299
0.0054902
-0.0021394
-0.0055754
0.0027165
0.00089389
-0.0063317
-0.0015416
-0.0010654
6.4568e-05
-9.9863e-08
-0.0034285
-0.0023552
-0.0039311
-0.0024847
0.0057705
-0.0015027
-0.008068
0.0015877
3.8474e-05
-0.0044363
-0.00059784
0.0031859
0.009089
0.0030972
0.0020485
-0.00037161
-0.0023651
-0.00044921
0.0014425
0.0034326
0.0010336
0.00020935
-0.0043158
-0.0030589
-0.0060959
-0.010409
-0.0075366
-0.0041851
-0.0070582
-0.0036227
-0.00592
-0.0022548
-0.0017252
-0.0017899
0.00083379
0.00083388
-0.0044994
0.002174
0.00082028
0.0011162
0.0031971
-5.5878e-05
0.00063732
0.00075277
0.0069645
0.002603
0.0025202
-0.0015777
0.0040405
-0.0046311
-0.0074057
-0.0022033
-0.0013776
-0.0011292
-0.0031439
-0.0021366
0.00060467
-0.0029455
-0.0042319
-0.017268
-0.0070658
0.0013326
-0.0061263
-0.0089402
0.00019405
0.0016654
0.00086947
0.0064339
0.011277
0.010998
0.0036936
0.0062881
-0.00086292
0.00030634
0.007028
0.0046676
0.011492
0.0071633
-8.4371e-05
-0.0042156
-0.0035565
-0.011086
-0.0072557
-0.0035563
-0.0091073
-0.0037926
-0.0049106
-0.0020369
0.0005021
-0.0050361
-0.0022378
-0.003726
-0.0025492
-0.0033405
-0.00036477
0.0035066
0.00041988
0.0019971
0.00099056
0.0033142
0.0063944
-0.001653
0.0059148
0.0014728
-0.00055995
-0.0010848
-0.0015667
0.00040226
0.0028783
0.0065455
0.0098388
0.003798
-0.0032895
-0.005743
-0.0066399
-0.0094188
-0.010404
-0.0081718
-0.0056787
-0.0048466
-0.0025481
-0.0014763
-0.0015855
-0.00029406
0.0018495
0.0021115
0.0019376
0.003669
0.001896
0.0053308
0.0034263
0.0015214
0.0020702
0.0016769
0.0015026
0.0022428
0.0015871
-0.0011255
-0.0020908
-0.0039049
-0.00456
-0.0040106
-0.0037728
-0.0026542
-0.0025481
-0.0036862
-0.0035541
-0.00074784
-0.00070807
-0.001429
-0.0011915
-0.00099293
-0.00051023
0.0013035
0.0019581
0.00068955
0.0032922
-0.00075692
0.0020248
-0.00047076
0.0041772
0.0032762
0.0045677
0.0011107
0.0043868
0.0032515
0.0012396
0.00070526
-0.00095361
-0.0021296
-0.00286
-0.0023119
-0.000823
-0.0026127
-0.003005
-0.0046104
-0.0053286
-0.0056296
-0.0013067
-0.0037754
-0.00044525
-0.00033993
-0.00082291
-0.00075754
-5.3054e-05
-0.0010972
0.00053464
-0.00018416
0.0019579
0.0010827
0.0014357
0.0022834
0.00075559
-0.00011825
-0.00034093
0.00058702
-0.00060217
0.00066596
0.00049639
-0.00066729
-0.0034608
-0.00038059
-0.002911
-1.5212e-05
-1.4919e-05
-0.0010205
-0.0019976
-0.0015719
-0.0025471
-0.0018953
-0.0018953
0.00046816
0.00071954
-0.0016722
-0.0019329
-0.0012528
-0.00028498
0.0014076
0.0015385
0.0029916
0.00017036
0.0027959
-0.00053727
0.0014372
0.00036684
0.0014371
0.00066413
0.0010742
0.0010537
-0.00066672
-0.00047177
-0.00014552
-0.0036824
-0.0010869
-0.0010572
-0.00089127
0.00046767
0.00046762
-0.0006375
-0.00011733
-0.0031319
0.001438
-0.0014106
-0.0017726
0.00088738
0.00040225
0.0014043
0.00056561
-0.0011142
-0.00098399
0.00024461
0.0020902
0.0023864
0.022121
-1.1495e-05
-0.0065425
-0.002315
0.0010481
0.0009785
0.00184
0.00015635
0.0021647
-0.0008912
0.0012541
-0.00053907
-0.0010951
-0.0025204
-0.00078312
0.00011249
-0.0014757
0.0019972
0.00099342
0.0030163
0.0054452
-0.0010266
-0.0018127
0.0008184
-0.00025362
0.0013352
0.0033824
0.0019575
-0.0015433
0.0005325
0.00073376
-0.0015429
0.00016932
0.0014414
0.0013071
-0.0020309
0.00046544
-0.00033857
-0.00040524
-0.0024521
-0.0034273
-0.0005671
0.0010196
-0.0027681
-0.0012261
-0.0020301
-0.0034841
0.0010198
0.002245
-0.00098795
0.0003984
-0.0016766
-0.002453
-0.001476
-0.00063279
-0.00044443
0.0011757
-0.00073895
-0.00060569
-0.0006052
0.00072955
-5.0601e-05
0.00095323
0.0019303
0.00072966
0.00095316
0.001731
-0.00018288
-0.00060504
0.0017974
0.00017449
-0.00040651
-0.0021899
0.0013092
0.00053094
0.0013093
-0.0020575
0.00017512
0.0012427
0.00053078
0.00050364
-0.0017011
-2.3917e-05
-2.411e-05
-0.0010539
-8.9402e-05
-0.0019915
-0.0016345
-0.0013844
-0.00047289
-0.00096168
-0.0014508
0.00088702
1.634e-05
0.0013102
0.00086149
-0.00020757
-0.00053919
-0.0011869
-0.0025459
0.0021139
-0.00040652
-0.0011863
-0.0017002
-0.00053908
-0.00067039
0.0016934
-0.00018185
0.0010035
-0.00011565
-0.0018999
-0.00053909
-0.0001158
0.00066225
0.0019564
0.00095331
4.0301e-05
0.0010196
-0.00038369
0.0028277
-0.00053923
-0.00018579
0.0018239
-0.00024855
-0.0005172
0.0037646
-0.0011184
-9.25e-05
0.0013335
0.001444
-0.0004077
-0.0019893
0.0012453
0.00062177
0.00059965
0.00015447
0.0030253
0.00055014
-0.00051567
0.0028256
0.0018899
-0.00018156
-0.0034816
-0.00091827
-0.0027033
-0.0017682
0.00017712
-0.00016141
-0.0010313
-0.0014094
-0.0016089
-0.0010977
-0.00054014
-4.8825e-05
0.0015312
-0.0016746
0.0011809
0.0012465
-0.00054011
0.00095366
0.0013787
-0.0011172
0.00037646
0.0033836
0.00059486
-0.00026657
0.0024668
0.002249
0.0022487
0.00039531
-0.00045496
-0.00069125
0.00037701
0.0019559
-0.0015248
0.00011261
-0.0011167
0.00052789
-0.0016751
0.0017391
0.00024527
0.00044331
0.0015958
0.0010864
0.0030912
-0.0018359
0.0010869
0.001729
0.00057778
0.0011804
0.0028078
0.0014638
0.00062385
0.0013136
0.00062147
0.0031025
0.0021667
0.0029575
0.00053975
-0.0016917
-4.8067e-05
-0.0031027
0.00046119
-0.0015426
0.0025308
-0.00060666
0.0011006
0.0014464
0.0012483
-0.000541
-0.00054078
0.00096983
0.0011823
0.00088766
-0.00065737
-0.00054066
0.0026607
0.00039559
0.00095376
-0.00068796
-0.00068779
-0.00047507
-0.00054064
0.0022356
-0.0031179
-4.7951e-05
0.00046129
0.00033058
0.00023312
-0.0021009
0.0018247
0.00046094
-0.00024371
0.00024906
0.0016777
-0.0008831
-0.002478
0.0028763
1.8315e-05
