-0.00079241
-3.6491e-06
-0.00091515
0.00041134
0.00034198
0.00041089
-0.0017722
-0.001772
-0.00078453
0.00024865
-0.00072468
-0.00063074
0.00023416
-0.0017104
-0.00063072
0.0013904
0.0014984
0.00042602
-0.0007998
-0.00073853
0.00023433
-0.00062385
-0.00068462
-0.00069216
0.0015672
-0.0017185
0.00052649
-0.00073817
0.00048195
-0.00066076
-0.00086898
-0.00096897
0.00035779
0.0012845
-0.00091494
-0.00074601
0.0015524
-0.0008536
0.00044917
0.0015526
-0.00079205
-0.00079197
0.00058104
-0.0017183
0.0026404
-0.00066985
0.00034168
0.0025868
-0.0019951
5.7086e-05
-0.00081508
-0.0020031
-0.00079991
-0.00068431
0.0014297
0.00028072
-0.00074583
0.0026403
0.00028797
0.00039589
-0.0019414
-0.00067693
-0.00061505
0.0016071
-0.00072268
-0.00066942
0.00018039
0.00041882
0.00011887
-0.00050137
0.0025176
0.0015373
-0.0018261
-0.00073812
0.00023415
-0.0018953
0.00047276
0.0013757
0.00034175
0.001491
0.0015523
0.00034183
-0.00062255
0.00038747
-0.00090749
-0.0018724
0.00036473
-0.00084582
-0.0020571
0.0014986
0.0003569
0.00047255
0.0003955
0.0004035
-0.00091482
0.00034196
0.00044966
-0.00069206
-0.00067668
0.00042541
-0.00096859
0.00036418
-0.00079217
-0.00074597
-0.0017187
0.00023433
-0.0010222
-0.00096132
0.00034946
0.0014298
0.0014298
0.00047162
0.00057987
-0.0016575
-0.00078565
0.00029514
0.00022034
-0.0010367
0.00023421
0.00024804
-0.0019477
-0.0019952
-0.00078586
-0.0019343
-0.0017662
-0.0018873
-0.00096815
0.00040998
0.0014979
-0.0017662
0.00034229
-0.00079952
-0.00090074
-0.0007859
-0.00067871
0.0005297
0.00042291
-0.00085346
-0.0018405
0.00023454
0.00039622
-0.0029339
0.0025245
0.0025921
0.0016113
-0.00061843
0.0015377
0.00028821
0.001322
-0.0008603
0.0015448
0.00024145
5.7848e-05
0.000349
0.0026993
0.00045011
0.00143
0.0011458
0.00027485
0.0015584
0.0014301
0.001545
0.00036294
0.0025786
0.0012617
0.00010664
-0.00043478
0.0015121
0.002336
0.0004099
0.00017334
0.0013973
-0.0017034
0.0013901
0.0014441
0.00041046
0.002579
0.0025251
-0.0017653
0.0014909
0.0027549
0.0002881
0.0026179
0.00041148
-0.00062214
0.0026481
-0.00066935
0.00021878
0.0015609
0.0016682
-0.00079977
0.0014759
0.0025174
0.0026945
0.00034933
0.0039579
0.00034934
0.0015526
0.0002264
0.00041064
0.0013686
-0.00080716
0.0014913
0.0013835
0.00052603
0.0014445
0.0035514
0.0013607
0.0016069
0.0027647
0.0027033
0.0016782
0.0015541
0.0005739
0.00035005
0.0016532
0.0013127
0.0013673
0.0034892
-0.001764
0.0014538
0.00049023
0.0013219
0.00028013
0.002818
0.0017388
-0.00049781
-0.00079179
0.0014454
0.00045716
0.0026413
0.0025868
0.0013835
0.0013299
0.00017216
0.00021706
-0.00096919
0.0014375
0.0013219
-0.0010999
-0.0020717
-0.0020187
0.00027995
0.0013682
0.0014298
0.0024094
0.00028028
-0.00080694
-0.00086831
-0.00086821
0.0014841
-0.00073806
0.00038937
0.00045766
0.00034942
-0.00080685
0.00041901
-0.0018802
-0.00085374
0.0013071
0.00017237
0.00038952
-0.0019483
0.00011888
0.00041015
0.0036739
5.725e-05
0.00017975
0.00030176
-0.001948
-0.00080553
0.00045796
-0.001663
-0.00063632
-0.000793
-0.0018806
-0.0018262
0.001213
-0.00086082
0.0036062
-0.00068406
0.00039724
0.00021986
0.00070573
0.0025932
0.0026473
0.00029525
0.00046584
-0.00080701
0.00062875
0.0036131
-0.0017712
0.003225
-7.451e-06
-0.00098832
-0.0011729
0.0028997
-0.00029481
0.0021522
0.00034948
0.00095567
-0.0010167
-0.0023167
0.0025468
0.00084584
0.0013151
-0.003616
-0.0019713
-0.001675
0.0015347
0.001465
0.0060372
-0.00082114
-0.0016828
-0.0021108
-0.0012555
0.0023665
-0.0019412
-0.0030521
-0.0018464
0.00087192
0.00093044
-0.00094207
0.00085081
0.00048023
-0.0014982
0.013102
0.0028979
0.0054138
-0.0077185
-0.03
-0.018272
-0.014391
-0.025946
-0.051452
-0.082523
-0.10813
-0.001453
0.049558
0.0061776
0.0061694
0.003627
0.031272
0.028151
0.041952
0.041961
0.024589
0.028811
0.013569
0.012075
0.017101
0.002976
0.029503
-0.0020697
0.008523
-0.0038707
0.0017473
0.0019798
0.00302
-0.0016363
0.00083169
-0.0016325
0.0053613
-1.4257e-05
0.0031329
0.0006495
0.0025646
-0.024053
-0.018495
0.014035
0.023064
0.04345
0.071328
-0.01259
-0.0057708
-0.042451
0.10392
0.099576
0.39359
0.070539
-0.13712
-0.50122
-0.49634
-0.48737
-0.20597
0.19203
0.019813
-0.26169
-0.56152
-0.81671
-0.039779
0.072335
0.21215
0.26765
0.13078
0.017056
-0.049903
-0.00032801
0.015058
0.012113
-0.027151
0.054957
0.050777
0.0022349
0.019399
0.0444
0.026838
0.024023
0.074824
0.1082
0.31889
0.43014
-0.00048533
-0.52544
-0.087545
0.020749
-0.022551
-0.0069357
0.0077308
0.0080771
-0.012093
-0.055326
-0.05525
-0.016576
0.022748
0.013506
0.014399
0.013315
0.010076
0.011597
0.011255
0.018387
0.018421
0.021057
0.0063054
0.00603
0.016517
0.016561
-0.0022821
-0.0034275
0.0083848
0.044715
0.0025648
0.0069056
-0.0015191
-0.0017444
0.0079339
-0.0071836
0.0016355
0.00032194
0.0018858
-0.0082968
-0.010017
0.013573
0.003336
0.0072729
0.0076882
0.037918
0.12836
0.16748
0.46497
0.97216
0.86699
-0.40701
-0.97007
-0.33904
-0.018705
0.20101
0.22543
0.3094
-0.45745
-0.57646
-0.44397
-0.76421
-0.40281
0.78398
0.16496
0.11778
-0.0083804
-0.080025
-0.10751
0.073537
0.039078
0.033352
0.10107
0.020518
0.00028683
0.010161
0.018801
0.0094751
0.0081532
0.069669
0.034614
0.18516
0.76301
0.44024
-0.70943
-0.43591
-0.050996
-0.0021267
0.017941
0.020604
-0.00032166
-0.022744
-0.033494
-0.025673
-0.023946
5.2456e-05
0.005133
0.0044912
0.013573
0.017055
0.024778
0.014029
0.0088934
0.0060416
0.0030842
0.0048715
-0.0050064
-0.00058187
0.013265
-0.011485
0.0010111
0.017353
0.0052975
-0.009979
-0.0061693
0.0054273
-0.0035875
-0.0059468
0.00056282
-0.012055
-0.0025201
-0.033116
-0.0070527
0.0015578
0.010071
-0.00036651
0.01434
0.083069
0.0040896
0.037802
0.28547
0.63225
0.95157
-0.58909
-0.21918
0.4897
0.33113
0.0067952
0.087569
-0.4294
-0.52092
-0.46971
-0.35734
-0.21375
-0.50191
-0.6799
-0.72394
0.08548
1.2828
0.058775
0.060334
0.018146
-0.054079
-0.05704
-0.048755
0.044169
0.071523
0.05679
0.04445
0.00092035
0.008403
0.0078576
-0.0036452
0.0087309
0.0063326
0.022773
0.031632
0.030075
-0.008608
-0.0039017
0.097492
0.040304
-0.16069
-0.11047
0.044561
0.029126
-0.020346
-0.0037973
0.0035325
-0.010363
-0.015415
-0.012863
-0.035496
-0.035293
-0.0092929
0.023238
0.014721
0.010081
0.011648
0.01598
0.02662
0.0058641
0.010641
0.00044964
-0.0088979
-0.01021
-0.0044318
0.039272
0.021048
-0.0022768
0.017284
0.005515
0.0023061
0.00047703
-0.017734
0.0030643
0.0035885
0.00028364
-0.0068054
-0.0041743
-0.0041747
0.00074229
-0.030696
0.0060898
-0.00096371
0.0029063
-0.0026959
0.011016
0.016926
-0.03039
-0.041032
0.01217
1.0301
0.062564
-0.074078
-0.07539
0.59125
0.19317
-0.2286
-0.11469
-0.31474
-0.34142
-0.33938
-0.66255
-0.42319
0.094007
0.98228
0.99005
0.062828
0.037119
-0.036836
-0.038316
-0.072585
0.032594
0.066489
0.014313
0.042629
0.013692
-0.0053812
0.0029502
-0.014987
0.00098969
0.013732
0.015299
0.015361
0.018208
-0.017131
-0.033485
-0.028657
-0.028663
0.0088211
0.11031
0.0089122
-0.0078707
-0.00058735
-0.0099061
0.0013221
-0.023121
0.0009396
0.012518
0.014538
0.0073248
0.0098319
0.022395
0.029221
0.018785
0.011667
0.013054
0.0030393
0.0045801
-0.0028478
-0.0067678
0.00062965
-0.022031
0.0094113
0.053195
-0.0015757
0.018094
0.0019317
0.010775
-0.00099822
-0.020346
0.0030712
7.6836e-05
0.0021969
0.0083675
0.0022788
-0.0041651
-0.0040767
-0.03612
0.0057363
0.0087617
-0.0057988
-0.010177
0.021032
0.69719
1.1469
-0.17521
0.34284
0.13367
0.0526
-0.14867
-0.33094
-0.35497
-0.25374
-0.35195
-0.44729
-0.62725
-0.87607
-0.68103
0.050681
1.5606
0.04394
0.045245
-0.022365
-0.054331
-0.044834
-0.011579
0.044153
0.043863
0.059
0.013596
0.012836
-0.010199
-0.021028
0.0045129
0.0054937
0.034964
0.028124
0.0019138
0.016358
-0.015948
0.024429
-0.091415
0.0078198
0.067898
-0.02584
-0.003579
0.0085891
-0.009189
-0.022568
-0.028136
-0.041112
-0.013752
0.0084772
0.022395
0.015156
0.013581
0.0081547
0.01811
0.017858
0.020198
0.012413
0.012197
0.0050623
0.0033797
-0.0053613
-0.000855
-0.0069467
-0.0092349
0.054047
0.029958
0.0057857
0.0042415
0.002446
-0.010233
-0.011357
0.0052845
0.011615
-0.0055686
-0.0014162
0.00026697
0.003665
-0.001213
-0.031536
-0.0047575
0.0037037
0.0016956
-0.019937
0.0041238
0.14532
0.64845
0.80216
-0.6002
0.23358
0.31937
0.37073
-0.0056712
-0.27047
-0.44739
-0.22426
-0.27924
-0.44864
-0.61826
-0.75815
-0.64564
-0.6453
1.5138
0.31307
0.066441
0.0009702
-0.058964
-0.052495
-0.071548
0.0489
0.0021745
0.000718
-0.028364
-0.028621
0.010903
0.0099614
0.036103
0.020205
0.020175
0.046478
-0.007931
0.083025
-0.035144
-0.035377
-0.20458
0.11083
0.037266
-0.02076
-0.020709
-0.0029227
-0.0072261
-0.027163
-0.033922
-0.033907
-0.030677
-0.009208
-0.0092418
0.023973
0.0068939
0.012629
0.0097758
0.019198
0.020072
0.009283
0.0023078
-0.003259
-0.0038929
-0.011154
-0.036044
-0.034925
0.021293
0.020418
0.012884
0.0055476
-0.0093934
-0.013492
0.0044141
0.0049281
-0.0052787
-0.0029623
0.0010051
0.003903
0.001632
-0.017746
-0.02253
0.01558
0.012283
-0.014417
-0.044706
0.028163
0.044303
0.055612
0.052745
0.37296
1.322
0.080431
-0.35308
0.36038
0.09268
-0.061027
0.0548
-0.49555
-0.41794
-0.31097
-0.30737
-0.7677
-0.47242
1.3732
0.77751
0.12002
0.0051587
-0.046723
-0.092154
-0.089637
0.077618
0.10089
0.038459
0.047858
0.012492
-0.0075295
-0.023927
-0.015232
0.010726
0.010227
-0.0047234
0.022083
0.0088827
0.0036977
0.0042513
0.033929
-0.11828
-0.10643
0.081091
0.078372
0.0060956
-0.0028712
-0.014311
-0.026434
-0.0073872
-0.010208
0.0093696
0.019924
0.011749
0.016577
0.0068337
-0.0011063
0.0063073
0.011902
0.0090118
0.018162
0.0098529
0.0098584
-0.017783
-0.012867
0.011542
0.069978
-0.019154
-0.015815
0.0031188
-0.0066757
0.012948
-0.000986
-0.019467
-0.001159
-0.011296
-0.003678
-0.0023397
-0.0046036
0.0045236
0.0063139
-0.0018297
-0.0046606
0.033122
0.18383
0.22469
0.026414
0.093052
1.0464
1.8649
1.0114
-0.17119
-0.4723
-0.37147
-0.045351
-0.11729
-0.013994
0.099886
-0.035819
-0.15342
-0.13108
-0.12995
-0.55003
-0.41532
-0.36996
1.0226
1.0277
0.56705
-0.0039468
-0.03306
-0.047943
0.045384
0.022326
-0.004235
-0.029699
-0.010318
0.0045352
0.031662
-0.028308
-0.0030844
0.053165
0.028665
0.014098
-0.022375
-0.06705
-0.40183
-0.42142
0.11195
0.52707
0.1254
-0.0107
-0.041418
-0.0072123
-0.0029027
-0.005097
-0.0059862
0.00028935
-0.00030353
0.0054862
0.0060092
0.0040753
0.014592
0.014598
0.010106
0.018421
0.015111
0.015116
0.022173
0.012132
0.006407
0.090684
0.090785
0.24417
-0.087062
-0.22187
-0.092755
-0.092913
-0.061972
-0.025161
-0.043903
-0.017539
-0.017499
-0.011434
-0.0058443
-0.0072294
0.00048145
0.0004615
-0.023793
-0.054802
-0.0043652
0.073719
0.16567
0.19784
0.099585
0.032764
0.29205
1.4302
1.637
0.26087
-0.51854
-0.65049
-0.16291
0.03241
0.11159
-0.032709
-0.075306
-0.087151
-0.15491
-0.10218
-0.32194
-0.52207
-0.40769
-0.28859
0.81997
1.063
-0.042788
0.0031489
-0.095482
0.0058369
0.02129
0.0208
0.020163
-0.008533
-0.013202
0.0015396
-0.029537
-0.0022639
-0.0012476
0.030786
0.063426
0.029007
-0.0020291
0.00072538
-0.042589
-0.31015
-0.53655
-0.020133
0.33996
0.41917
0.028182
-0.066557
-0.022242
0.012247
0.015992
-0.0034162
-0.012272
-0.0039769
0.0024634
-0.0037122
-0.0014955
0.0064049
0.016433
0.010048
0.018471
0.015899
0.0086498
0.023508
0.03223
0.087596
0.23488
0.24101
-0.012737
-0.31985
-0.15525
-0.10076
-0.046641
-0.029842
-0.028438
-0.021583
-0.029099
-0.035486
-0.0081614
-0.0067564
-0.0068841
-0.015701
-0.10454
-0.034164
0.092168
0.20777
0.24938
0.15896
0.019334
0.055121
-0.7476
-0.7694
-0.61825
-0.21807
-0.21952
0.016314
0.22343
0.1519
0.024956
-0.045964
0.059192
0.068884
-0.058748
-0.39774
-0.47808
-0.57037
0.67779
1.0923
0.086165
-0.0013515
-0.086835
-0.09437
0.052978
0.032684
0.027015
0.013083
0.0079183
-0.013966
-0.047336
-0.016776
0.00039544
0.04891
0.036791
0.028976
0.058292
0.0032455
-0.08133
-0.23272
-0.59583
-0.31806
0.41606
0.52896
0.12553
-0.05751
-0.059678
0.0035165
0.037746
-0.0033377
-0.024755
-0.024266
-0.010312
-0.011447
-0.011686
0.0026049
0.013559
0.020468
0.0056871
0.018185
0.026911
0.028246
0.040352
0.04172
0.10785
0.21234
0.1817
0.18451
-0.23414
-0.19154
-0.24805
-0.10285
-0.046555
-0.0045641
-0.016349
-0.060113
-0.045255
-0.030815
-0.014321
0.004398
0.0049225
-0.11386
-0.12828
0.051577
0.23671
0.27738
0.13971
0.14009
-0.00417
0.3338
1.343
1.4029
-0.026736
0.0019327
-0.78308
-0.070199
-0.24761
-0.23304
-0.074274
-0.0582
0.20111
0.11076
0.14162
-0.011941
0.068937
0.15804
-0.14541
-0.17021
-0.20376
-0.5235
0.78315
0.77533
-0.10925
-0.071595
-0.061033
0.052743
0.052741
0.032864
0.0026951
-0.0050432
0.0044059
-0.0063439
-0.00853
0.0001681
0.01156
0.011418
0.0017933
-0.0018938
-0.0046118
-0.019255
-0.10169
-0.66397
-0.31471
0.17821
0.62298
0.12083
-0.039055
-0.06586
-0.0066397
0.053743
-0.0075886
-0.00041692
-0.026699
-0.057796
-0.027201
-0.014062
-0.012933
-0.015488
0.0075871
-9.9096e-06
0.016703
0.018293
0.042429
0.075665
0.086498
0.11836
0.11482
0.23162
0.091416
0.48621
0.2465
-0.6954
-0.40341
-0.24476
-0.17846
-0.092535
-0.060939
-0.054278
-0.046263
-0.037793
-0.013766
0.0068002
-0.11472
-0.1411
0.0041176
0.20359
0.12376
0.0055815
-0.050262
1.017
0.10584
-0.41579
-0.31578
-0.23901
-0.3701
-0.50831
0.10511
0.34753
0.20135
0.40373
0.43001
0.4243
0.07874
-0.1477
-0.3455
-0.54076
0.92934
1.2933
-0.095503
0.0024059
0.057963
0.012157
0.010504
0.017609
-0.0063177
-0.0014931
-0.0047612
0.010199
-0.011408
-0.016904
0.001624
-0.017848
-0.084278
-0.54888
-0.40201
0.037275
0.58569
0.28177
-0.096382
-0.097841
-0.020986
0.062783
0.0014445
-0.007706
-0.015952
-0.075664
-0.038147
-0.021597
-0.0055359
0.0029953
-0.014312
-0.022853
-0.0049898
-0.00053543
0.083136
0.1418
0.14003
0.14917
0.20181
0.14702
0.53863
0.37004
-0.67978
-0.21539
-0.18993
-0.090597
-0.080041
-0.071947
-0.1019
-0.074543
-0.018973
-0.0054864
0.0021027
-0.057502
-0.2183
-0.069384
0.22091
-0.12094
0.32867
0.77668
0.10741
-0.19266
-0.45003
-0.13265
-0.30051
-0.51587
-0.33862
-0.21111
-0.012027
0.23666
0.32874
0.31303
0.35815
0.29362
0.057223
-0.19858
-0.44942
-0.76223
0.67229
2.1891
-0.058424
-0.049584
0.024718
0.016221
0.01037
0.01139
0.015765
0.0044913
0.014223
0.0013213
-0.012574
-0.020045
-0.008677
-0.0075392
-0.0075008
-0.47866
-0.45724
0.0036888
0.38449
0.36576
0.4852
-0.122
-0.037941
0.066873
0.067021
-0.014659
-0.017425
-0.068229
-0.075758
-0.075806
-0.039432
-0.0075286
-0.020002
-0.0064631
0.0089379
0.023724
0.065775
0.1281
0.14792
0.23487
0.062839
0.60699
0.15063
-0.35419
-0.69196
-0.23238
-0.13007
-0.15453
-0.090703
-0.093335
-0.14122
-0.089766
-0.06305
-0.02225
-0.0090152
-0.025548
-0.19971
-0.13231
0.16671
0.030551
-0.16571
0.06449
0.15234
0.16892
-0.016892
0.018922
-0.18746
-0.096846
-0.56543
-0.11904
0.10531
-0.059997
0.20638
0.057233
-0.0098407
0.52529
0.36732
0.23132
-0.21943
-0.60321
-0.63999
0.27301
1.2229
-0.05754
-0.046374
0.0036839
0.016903
-0.0015207
-0.0032422
-0.010749
-0.0074713
0.00044236
-0.027808
-0.025703
-0.013918
0.020131
0.0017996
-0.074649
-0.25563
-0.22286
0.17099
0.30426
-0.06498
-0.19048
-0.03221
0.087021
0.017904
-0.010896
0.0013541
-0.057565
-0.070994
-0.048474
-0.0070845
-0.023478
-0.046138
-0.040745
-0.0080362
0.014146
0.041513
0.10461
0.14442
0.20767
0.31397
0.19873
0.36195
-0.093015
-0.34711
-0.38539
-0.017693
-0.069205
-0.13975
-0.098844
-0.13687
-0.13493
-0.16164
-0.084531
0.0071113
-0.011454
-0.15365
-0.23784
0.016602
0.31156
0.36735
0.18267
0.085122
0.31768
0.64641
0.36823
0.080047
0.21927
-0.040909
-0.86436
-0.77774
-0.12029
0.013217
0.11373
0.1789
0.52925
0.063149
0.024506
-0.17003
-0.08669
-0.13908
1.2454
0.6183
-0.21342
0.088589
0.0081303
-0.052963
-0.09503
0.020581
0.057662
0.051624
-0.032612
-0.016959
-0.021762
-0.0099963
0.0025254
0.025609
-0.04918
-0.16256
-0.039915
0.077454
0.16755
-0.0071567
-0.16375
-0.0030076
0.12779
0.077932
0.057942
-0.0037959
-0.037468
-0.057107
-0.048536
-0.041032
-0.013108
-0.048507
-0.065478
-0.054819
-0.062884
-0.056687
-0.038402
-0.016965
-0.0015493
0.11273
0.089898
-0.18389
0.08397
0.13576
-0.05188
-0.051933
-0.13942
-0.024957
-0.021065
-0.0054245
-0.0063754
-0.0013052
-0.01853
-0.016677
-0.10602
-0.10585
-0.19204
0.067848
0.13483
0.1122
0.11201
0.11575
0.047976
0.27622
0.32891
0.31613
0.27741
0.32975
-0.52077
-0.36651
0.11516
-0.27007
-0.40565
0.55834
0.79459
0.7779
0.24829
-0.12205
-0.19671
-0.6101
-0.60391
-1.1017
0.042894
0.14441
-0.012184
-0.10297
-0.033883
-0.049206
0.021307
0.10984
0.034028
-0.11134
-0.059468
-0.041986
-0.014517
0.012049
0.052969
-0.080674
0.0086453
0.25712
0.46167
0.30156
-0.13254
-0.086322
0.10175
0.13016
0.044863
0.0024409
0.0016565
-0.045286
-0.073356
-0.08402
-0.033287
-0.022694
-0.019421
-0.031385
-0.0084437
-0.01409
-0.026833
-0.005893
-0.0232
-0.016576
0.076579
0.31867
0.38809
0.27426
-0.46416
-0.65772
0.15787
0.21853
-0.028017
0.075086
-0.10114
-0.067748
-0.050483
-0.072141
-0.069955
-0.047049
-0.011703
0.0060425
-0.0003378
-0.21584
-0.036754
0.060237
0.19471
0.16895
0.075584
0.10132
0.0065519
0.096362
0.41376
0.2502
0.075244
0.070057
-0.026831
0.3407
0.0089418
-0.46585
-0.21047
0.42147
0.66036
0.44069
0.049216
-0.079663
-0.42138
-1.1648
-1.1247
-0.41686
0.06589
0.28294
-0.025273
0.0042743
-0.06255
-0.12492
0.07826
0.27121
0.21892
0.051174
-0.058054
-0.067545
0.053412
0.04124
0.081672
0.06305
0.0023113
0.026102
0.063028
-0.22058
-0.16162
-0.17016
-0.58198
-0.24071
-0.090207
0.13062
0.16487
0.13393
0.059694
0.01488
0.033476
-0.064931
-0.063822
-0.046541
-0.0039309
0.0048336
-0.019107
-0.027688
-0.046282
-0.036476
-0.017781
0.01903
0.12908
0.13296
0.11333
0.055118
-0.33662
0.069242
0.06968
-0.052751
-0.096792
-0.035624
-0.019046
-0.024498
-0.0036656
-0.014416
-0.0080201
0.0072137
0.0071027
0.010407
-0.12974
-0.10312
-0.017393
0.094322
0.14325
0.11713
0.11277
0.071523
0.29271
0.43015
0.32884
0.072793
0.08266
-0.41166
0.046585
0.28173
0.37219
0.3319
-0.61197
-0.1403
0.46285
0.37218
-0.20061
-0.42777
-0.42613
-0.27628
-0.56611
-0.3165
0.16677
0.055499
-0.052764
-0.084311
-0.0029396
-0.0029346
0.098366
0.065389
-0.090287
-0.032743
-0.032783
0.089071
0.06207
0.034809
0.034818
-0.13098
-0.023462
0.17083
0.16617
-0.0072704
0.11639
-0.20446
-0.72872
-0.1745
-0.045088
0.13882
0.14993
0.082139
0.018473
0.012418
0.023448
-0.010656
-0.028931
-0.052885
-0.0052093
-0.001328
-0.0018074
-0.012384
-0.039867
-0.031181
0.017352
0.16598
-0.035274
0.18627
-0.2671
-0.22816
0.022444
0.21989
0.12495
-0.12533
-0.089573
-0.036357
-0.0044857
-0.018538
-0.025271
-0.00371
0.0079861
0.0049559
-0.11606
-0.19246
-0.020172
0.06873
0.18135
0.10972
0.064755
0.07319
0.018548
0.089126
0.35134
0.60723
0.62821
-0.034863
-0.66438
-0.046147
0.23999
-0.16757
-0.10545
0.00084302
0.56607
1.1154
0.49886
-0.25591
-0.27789
-0.77949
-1.4658
-0.75949
0.30094
0.125
-0.021139
0.043697
-0.10865
-0.14098
0.18232
0.23099
0.078556
-0.00063541
-0.064709
0.029519
0.14761
0.036086
-0.04244
0.034608
0.018338
0.077212
0.24864
0.17276
-0.097183
-0.18959
-0.49643
-0.67903
-0.17402
0.0041724
0.18844
0.13398
0.05964
0.035347
0.036303
0.0068755
-0.024664
-0.092827
-0.061625
-0.053698
0.018417
0.004852
-0.02088
-0.039175
-0.038451
-0.014791
0.1933
0.19285
-0.097709
-0.069607
-0.12671
-0.01817
-0.023651
-0.068721
-0.068712
-0.025
-0.029647
-0.01615
-0.017388
0.0023792
0.015599
0.0090141
-0.025684
-0.24218
-0.05171
0.048527
0.16077
0.18079
0.10692
0.098163
0.066943
0.22692
0.38326
0.34344
0.23411
-0.50674
-0.74861
0.13996
0.12754
0.27962
0.11246
-0.2359
-0.33978
1.0853
0.19615
-0.21455
-0.76015
-1.6749
-0.21074
-0.058883
0.17419
-0.029547
-0.070571
-0.079658
-0.019604
0.067955
0.21399
0.1598
0.0054253
-0.03944
-0.094935
-0.0037018
0.10734
0.10753
0.031053
-0.0074246
0.067857
0.2656
0.088988
-0.091125
-0.0093655
-0.43329
-0.72294
-0.7214
-0.0062008
0.16463
0.16256
0.068431
0.068481
0.027922
0.0013739
-0.055263
-0.09699
-0.096991
-0.05653
0.0079305
0.0081436
-0.013656
-0.015519
-0.013752
-0.013759
0.077017
0.1782
0.16782
0.086469
0.011503
-0.10039
-0.043763
0.041034
-0.016129
-0.1815
-0.11132
-0.033846
0.001084
-0.021977
-0.0043222
0.013981
0.0079739
0.039372
-0.11387
-0.19218
-0.053081
0.064362
0.16283
0.11897
0.12723
0.09171
0.011843
0.277
0.5882
0.66251
0.60308
-0.28878
-0.76096
-0.033663
-0.17633
0.16165
0.20852
0.62243
0.92123
0.31268
0.15272
0.19408
-0.47649
-0.34871
-0.72178
-0.28971
0.29037
0.028356
-0.0073391
0.037139
-0.11898
0.023528
0.17704
0.27564
0.0062032
-0.072646
-0.048492
0.045662
0.069172
0.13239
0.0041939
-0.022995
0.013786
0.18043
0.31305
0.039039
-0.049905
-0.12507
-0.78275
-0.58543
-0.12598
0.0143
0.18066
0.14622
0.092734
0.010892
0.029773
-0.025248
-0.083085
0.00345
0.0073106
-0.0055474
-0.032007
-0.040588
-0.028895
0.0013824
0.14067
0.17868
0.010472
0.14548
-0.066908
-0.073435
-0.005937
0.020722
-0.13271
-0.13217
-0.026828
-0.01583
-0.0022269
-0.0076065
-0.011068
0.0083983
0.01456
0.0072726
-0.066856
-0.16245
-0.052141
0.015575
0.1254
0.093822
0.060208
0.12116
0.059993
0.14724
0.23416
0.52251
0.78777
-0.022012
-1.0163
0.091238
-0.32291
-0.40158
0.52557
-0.36801
-0.041553
0.43834
0.77775
1.2342
0.44207
0.51889
-0.58006
-0.45756
0.24106
0.13311
-0.026065
0.021245
-0.15326
-0.084366
0.10346
0.2866
0.10087
-0.0041617
-0.01743
0.068893
0.064299
0.017938
0.006689
0.01137
0.0057751
0.13456
0.23415
0.041685
-0.068858
-0.048924
-0.60571
-0.48254
-0.11602
0.0080441
0.16194
0.060294
0.044282
0.04751
-0.006894
-0.047503
-0.08127
-0.069224
-0.024553
0.0013804
-0.011309
-0.053238
-0.037814
-0.036509
-0.037473
-0.020972
-0.014845
0.032303
0.14556
0.073542
-0.13674
0.16866
-0.063555
-0.053209
0.043171
-0.045916
-0.099057
-0.017084
-0.017078
-0.011012
-0.0065196
-0.0028007
-0.0032019
0.013021
-0.0045827
-0.033549
-0.24065
-0.062651
0.0094901
0.13627
0.13097
0.073686
0.11925
0.11924
0.052706
0.30393
0.65077
0.53125
0.5398
-0.134
-1.1476
-1.1488
-0.43683
0.040081
0.11675
0.32344
0.079895
0.19037
0.93056
0.88522
0.72594
0.90261
0.19727
-0.21784
-0.50263
-1.4963
-1.1763
-0.35635
-0.037454
0.16991
0.055779
-0.030499
-0.1795
-0.038765
0.084443
0.2631
0.16909
0.013493
-0.023793
0.06169
-0.059633
0.11446
0.085785
-0.047606
0.024937
0.12266
0.25493
0.33113
0.22807
-0.018254
-0.6613
-0.94074
-0.26094
-0.073541
0.089416
0.17406
0.095075
0.059931
0.052734
-0.071338
-0.071272
-0.11312
-0.07643
-0.018448
-0.02071
-0.020672
-0.012552
-0.018273
-0.03271
-0.028177
-0.020165
0.027567
0.16097
0.15848
0.028421
0.13513
-0.15333
0.0061421
0.0076096
-0.073845
-0.15692
-0.064859
-0.026876
-0.024963
-0.0020213
-0.0047473
0.013163
0.01306
-0.0043547
-0.22748
-0.075034
-0.026321
0.1435
0.13185
0.098621
0.12973
0.097134
0.10685
0.36735
0.60872
0.82756
0.37257
-0.60346
-0.70245
0.029805
-0.46372
0.3469
-0.48255
-0.011039
0.3612
1.0422
0.29449
-0.0026271
-0.11547
-0.17898
-1.7456
-0.72059
-0.25667
0.21979
0.099798
-0.10861
0.052732
-0.088921
0.13434
0.24859
0.038943
-0.10338
-0.067261
0.043891
0.12466
0.084457
0.025602
-0.11581
0.014896
0.23137
0.29989
0.016448
-0.0080991
-0.16911
-0.92116
-0.37796
-0.088078
0.055976
0.17228
0.12645
0.032406
0.0090001
0.0098987
-0.03851
0.0096155
0.0045644
-0.0019173
-0.010078
-0.0088103
-0.02244
-0.028891
0.055324
0.20259
0.13999
0.11314
0.21123
-0.044293
-0.062581
-0.21198
0.025213
-0.10584
-0.2185
-0.064974
-0.0083398
-0.0047751
-0.020032
-0.018595
-0.0067283
0.011705
0.0057849
-0.11654
-0.17281
-0.03179
0.062396
0.14016
0.092979
0.09511
0.4821
0.6561
0.87436
-0.08528
-0.7924
-0.79261
-0.1334
0.28063
0.069561
0.070584
0.10067
0.66872
0.44094
0.82079
0.81916
0.39048
-0.38715
-0.29982
-1.6807
-1.674
-0.58832
0.17255
0.18468
-0.028334
0.003165
-0.062707
-0.069181
0.16343
0.32394
0.32403
0.12054
-0.033639
-0.033636
0.031865
0.091009
0.031437
-0.022608
0.25371
0.081583
-0.088839
0.0076403
-0.35318
-0.75855
-0.22584
-0.079808
0.19365
0.12348
0.036033
0.054899
0.0019252
-0.08735
-0.087858
-0.067179
-0.01702
0.014617
0.0041696
0.0014747
-0.027235
-0.033666
-0.039826
-0.032876
-0.00040746
0.081267
0.14467
-0.06837
-0.070166
0.17027
-0.047548
-0.03637
0.017767
-0.018663
-0.11826
-0.021332
-0.02342
0.0034806
-0.0072607
0.0010892
-0.0032027
0.0030216
0.0021532
-0.050705
-0.23317
-0.047538
0.015926
0.14626
0.09764
0.058229
0.14793
0.11179
0.77109
0.14342
-0.7971
-1.1724
0.082439
0.088961
0.33737
-0.10107
0.20739
0.67786
0.80787
0.89445
0.51301
0.093722
-0.083439
-0.35513
-1.0885
-1.491
-0.55442
-0.054757
0.16039
-0.012923
0.036117
-0.04486
-0.1598
0.022002
0.24844
0.1959
0.0037637
-0.061468
0.0013637
0.010948
0.027108
0.055501
-0.026227
-0.047939
0.26292
0.31445
0.10117
0.010848
-0.045947
0.13257
0.17393
0.10468
0.047841
0.060823
-0.0067053
-0.068191
-0.094652
-0.058717
-0.043542
0.013448
0.0039167
-0.0021685
-0.026982
-0.04678
-0.04111
-0.038755
-0.012071
0.044786
0.16858
0.16188
0.097827
0.025019
-0.26243
0.091669
0.0083377
-0.067374
-0.057101
-0.031973
-0.0049578
-0.0095423
-0.0060232
0.0065317
0.0033035
-0.0015884
-0.0098199
-0.2375
-0.082075
-0.017816
0.15333
0.13669
0.035488
0.2645
0.43982
0.73785
0.11524
-0.77965
0.11452
0.018133
0.12012
0.068444
-0.69541
0.26323
0.73515
0.80324
0.89802
0.24965
0.24351
0.1324
-0.59111
-0.51194
-1.9747
-0.4053
-0.24704
0.16224
0.10479
-0.068939
-0.029922
-0.089579
0.05322
0.12381
0.20549
0.042519
-0.0088667
-0.059637
0.061953
0.099945
0.10913
0.10908
-0.074967
0.038898
-0.3376
-0.84348
-0.29796
-0.090576
-0.090534
0.067921
0.13705
0.055461
0.042761
0.030825
-0.10044
-0.085991
-0.027237
0.011488
-0.011518
-0.012125
-0.018633
-0.021002
-0.020989
-0.036838
-0.019577
0.025037
0.025072
0.14586
0.12006
-0.07401
0.19191
-0.048952
-0.042944
-0.068148
-0.034668
-0.0076799
0.0015378
-0.00788
0.0014026
0.016605
-0.0071479
-0.13671
-0.19228
-0.025854
0.068261
0.13352
0.10576
0.069789
0.021897
0.032634
0.11935
0.1511
0.074639
-0.26476
-1.6603
-1.5012
-0.17463
0.058209
0.19073
-0.021899
-0.53197
-0.16144
0.092712
0.28061
0.40266
0.36501
0.042576
1.1986
1.0106
0.026239
-0.023344
-0.07802
-0.013276
-0.03826
-0.22331
-0.19078
-0.06423
-0.0052824
0.024297
-0.03361
-0.0067781
0.10078
0.11427
0.06204
0.16618
0.0046307
-0.39373
-0.54291
0.16157
0.62606
0.33257
-0.16502
-0.081166
0.071209
0.15782
0.070904
0.0026879
-0.0037242
0.0116
-0.03984
-0.073571
-0.049328
-0.03963
-0.015291
-0.013248
-0.0056584
-0.010956
-0.016622
-0.0158
-0.0037679
0.010894
0.036038
0.033466
-0.1881
0.090096
0.079776
-0.04975
-0.074927
0.15004
0.13712
0.019754
-0.022874
-0.023262
-0.027785
-0.01367
0.022622
-0.016013
-0.17526
-0.036025
0.079785
0.068261
-0.1093
0.040113
-0.088848
0.18376
0.097311
0.034429
0.22634
-0.32647
-1.153
-1.416
-0.827
0.20525
-0.29107
-0.0075733
0.27584
0.056639
0.049596
0.20912
0.42858
0.43899
-0.55545
0.5845
1.7861
-0.10485
0.041864
-0.017682
-0.094195
-0.050457
0.026823
0.027865
0.035272
0.038196
-0.0037056
-0.010329
0.031204
0.010062
0.014975
0.0097431
0.0023359
0.0023923
0.019969
-0.00067463
-0.50301
-0.33456
0.55046
0.32511
-0.20773
-0.15102
0.0015587
0.11919
0.086098
0.021502
-0.0014561
-0.029406
-0.047421
-0.035604
-0.035235
-0.013589
-0.007008
0.0041565
0.0077077
0.0090079
-0.0043919
-0.0044843
-0.00095217
0.017782
0.067139
0.01247
-0.0043993
0.20055
0.36524
-0.39599
-0.39637
-0.27761
-0.155
-0.052563
-0.0094306
-0.0094311
-0.027673
-0.039261
-0.01941
0.010107
0.0047134
-0.17048
-0.081874
0.038064
0.13893
0.13888
0.070729
0.046346
0.012643
0.1518
0.16169
0.1562
0.21377
0.31907
-1.1906
-1.1998
-1.0181
-0.47838
0.070651
0.1729
0.79184
1.2253
1.085
0.22039
-0.18809
-0.78594
-1.4049
-0.81777
0.99382
0.041149
-0.070302
0.10024
-0.083691
0.0057365
0.036859
0.0043673
-0.087475
-0.069436
-0.039484
-0.026596
-0.088
-0.078782
0.12833
0.18726
0.047967
-0.0045017
-0.021727
-0.13977
-0.34632
-0.42013
0.48983
0.2309
-0.1614
-0.10925
0.088156
0.060527
-0.02936
-0.031014
-0.022414
-0.019124
-0.0040487
0.0079371
0.0082252
0.0021328
-0.00092794
-0.01001
-0.0023318
0.0042112
0.07112
0.11004
0.049634
0.097836
0.14698
0.27179
0.28087
-0.49375
-0.32898
-0.23578
-0.12715
-0.053117
-0.014626
-0.014156
-0.024003
-0.01487
-0.025849
-0.012574
-0.00044107
-0.1202
-0.096059
0.013697
0.085934
0.13307
0.022694
0.058005
-0.031951
0.11774
0.19047
0.17713
0.78925
-0.28412
-1.4857
-1.0424
-0.69688
0.12296
0.15419
0.14243
0.1438
0.58894
0.36649
-0.028636
-0.45215
-0.29675
0.62765
0.69605
0.089187
-0.13695
0.09901
-0.0333
-0.0040302
0.021264
0.012126
-0.061334
-0.13343
-0.13998
-0.038046
0.071899
0.059593
0.045127
0.09398
0.051947
-0.018749
-0.07633
-0.10793
-0.35348
-0.63875
0.44738
0.73445
-0.021192
-0.13503
-0.034293
0.068599
0.053057
0.01423
0.00095488
-0.012324
-0.030957
0.00039844
0.0023578
0.0082628
-0.00067279
-0.0082817
-0.0022163
0.0042359
0.01145
0.028289
0.066179
0.013925
0.032678
0.3328
0.44694
0.42025
-0.2497
-0.75231
-0.30962
-0.16119
-0.032123
-0.011514
-0.011755
-0.018096
-0.034482
-0.032212
-0.0070694
0.0036643
-0.058791
-0.14311
-0.0040023
0.043456
0.13365
0.070782
0.038607
-0.0054955
0.062864
0.16946
0.15838
0.87434
0.8741
-1.2175
-1.0639
-0.47562
-0.41574
-0.40931
-0.31596
0.47748
0.99339
1.4023
0.30011
-0.051624
-0.30769
-0.31077
-0.88935
0.46337
0.33048
0.33245
-0.066975
-0.022238
-0.020093
0.050897
0.0036308
-0.057565
-0.11911
-0.11691
-0.091741
0.010998
0.0065745
-0.062795
0.022133
0.16065
0.067724
0.0084334
-0.0014687
-0.035196
-0.41332
0.040719
0.85484
0.32128
-0.10473
-0.069145
0.012498
0.046674
0.029485
0.0021188
-0.0074231
-0.017852
-0.022143
-0.020681
-0.015238
-0.0035377
0.0065815
0.012112
0.011546
0.0049845
-0.0038594
-0.0084161
0.0020716
0.0085615
0.0062082
0.032986
0.054613
0.00011083
0.22978
0.59516
0.93016
-0.13399
-1.0457
-0.4361
-0.25015
-0.067224
-0.027538
-0.0055765
-0.012934
-0.030092
-0.025003
-0.012285
-0.008038
-0.016854
-0.11449
-0.057783
0.019094
0.088102
0.079232
0.048551
0.021209
0.044724
0.1069
0.19309
0.58948
0.93051
-0.75571
-0.72329
-0.29663
-0.36246
-0.51712
0.11514
0.34152
1.0462
1.4328
1.1273
0.45055
0.32862
0.010483
-0.12581
-1.3582
-2.3463
-1.3239
-0.32127
0.20022
0.05265
-0.14078
0.12975
-0.021971
-0.10454
-0.17161
-0.029549
0.081272
0.068726
-0.022478
0.1691
0.020988
-0.041081
-0.060234
-0.24719
-0.53878
-0.17411
0.11992
0.86995
0.21644
-0.091847
-0.033921
0.020446
0.024304
0.0017197
-0.022549
0.0020536
-0.0032369
-0.015874
-0.017554
-0.013068
0.011001
0.014116
0.021137
0.012302
0.003807
0.0046959
8.8548e-05
0.01032
0.018132
-0.022057
0.33609
0.56586
0.08771
-0.57245
-0.32135
-0.025476
-0.0010098
-0.013918
-0.0078768
-0.018068
-0.0095547
-0.0022221
-0.0039756
-0.0057027
-0.042559
-0.073449
0.0065945
0.056228
0.066598
0.0070544
0.04532
0.037591
0.084509
0.24887
1.0438
1.4597
-0.59258
-0.61754
-0.30665
-0.38574
-0.26555
-0.23819
-0.25931
0.19522
0.30673
0.050426
-0.057789
-0.65977
-2.2243
-0.17961
0.13
0.099846
0.0019637
0.0084851
-0.0049601
0.043009
-0.0067408
-0.019579
-0.01959
-0.10055
-0.10783
0.0032086
-0.016026
-0.016267
0.073824
0.040953
0.019701
-0.37351
-0.56785
0.026701
0.83174
-0.051244
-0.048194
-0.0011971
-0.00093514
0.013728
-0.026996
0.015471
-0.0033182
-0.003319
-0.0052307
0.0055961
0.0055804
0.011617
0.017634
0.021764
0.015799
0.017399
0.0052965
-0.0029179
0.00078759
0.0034042
0.28353
0.28804
0.67296
0.33336
-0.69678
-0.13625
-0.024934
-0.0041556
0.0029039
-0.00088466
-0.00088438
-0.0038171
-0.0012643
-0.0033081
-0.012843
-0.051345
-0.01006
0.019542
0.036003
0.0066583
0.014239
0.037267
0.033386
0.17431
0.37616
1.6047
0.34135
-0.37432
-0.37948
0.15997
-0.26494
-0.068756
-0.07551
0.010163
0.5815
0.94052
-0.11871
-0.87889
-2.0746
-1.4871
-0.73115
0.17099
0.15418
-0.023696
0.0014289
0.0057305
0.0098601
0.025779
0.0032072
-0.016139
-0.038598
-0.049875
-0.074984
-0.077956
-0.021174
0.10398
0.035711
0.052118
0.045404
0.022992
-0.20059
0.39035
0.019989
-0.01368
-0.031708
-0.023145
-0.041216
-0.035803
-0.00095363
0.016797
0.019388
-0.0057248
0.011327
0.0046196
0.022072
0.039385
0.031215
0.021483
0.0081974
0.0049461
0.0094672
0.00095752
-0.0012856
0.11779
0.13188
-0.080063
-0.04392
-0.00089104
-0.0025848
-0.0033132
0.0083772
0.0047831
0.0019198
-0.0025783
-0.0045138
-0.0012428
0.0045096
0.014542
-0.0099149
-0.0070574
-0.012661
-0.00517
-0.0034556
0.004058
0.048988
0.18232
0.65171
1.948
0.33822
-0.056922
-0.12383
0.0811
-0.20262
-0.30443
-0.45879
-0.078468
0.64095
-0.029561
-0.06767
-0.13605
-1.5756
-2.1954
-0.56611
0.057863
-0.089896
-0.039418
0.051145
0.03384
0.020793
0.019237
0.0057089
-0.029491
-0.025745
-0.038489
-0.024966
-0.0097117
0.0031265
0.0054613
0.013921
-0.28848
-0.34513
0.2127
0.40505
0.050996
0.059801
-0.029353
-0.064876
-0.044506
-0.042699
-0.0098131
0.008666
0.011118
0.026529
0.014714
0.010296
-0.0025507
0.0014514
0.032693
0.043975
0.020027
0.0086813
0.0077721
-0.016554
-0.035021
-0.047049
-0.0069892
-0.0067565
0.037222
0.033424
-0.0032206
-0.0046773
0.0054331
0.01139
0.010538
-0.0055883
-0.00037791
0.0014467
-0.0024995
0.052237
0.052323
0.016208
-0.041304
-0.031659
-0.03165
0.0047633
-0.022668
-0.0063401
0.045119
0.37913
1.724
0.72506
-0.35483
-0.18316
0.36329
-0.19801
-0.045153
-0.46111
-0.37404
-0.71484
-0.40843
-0.12355
-0.42972
-0.41671
-0.24769
0.7461
0.10493
0.20236
-0.033063
-0.090993
-0.040308
0.018601
0.051551
0.035188
0.036415
-0.012022
-0.04377
-0.018384
-0.0044981
-0.00012487
-0.0027772
-0.01257
-0.00505
-0.0052338
0.015643
-0.026767
-0.057375
-0.048633
-0.019276
-0.0098823
0.14074
0.12951
0.045471
0.004239
-0.04531
-0.070068
-0.036333
-0.022368
-0.012327
-0.03584
0.00054729
-0.0023358
-0.013833
0.0066824
0.024781
0.020988
0.025372
0.015086
-0.0018674
-0.028017
-0.073846
-0.11695
-0.076101
0.095968
0.068014
0.031838
0.028293
0.0053916
-0.0051397
-0.00074255
0.004759
-0.00087859
-0.0068828
-0.0055413
0.0070911
-0.0050813
0.048177
0.061136
0.0076097
-0.045195
-0.064226
-0.044319
-0.036552
-0.063046
-0.0076532
-0.14341
-0.11334
0.31718
0.38304
0.2995
0.8784
0.51945
0.25659
-0.027342
-0.19603
-0.15109
-0.33001
-0.33512
-0.38674
-0.666
-0.062175
0.024147
0.52911
0.12845
0.033361
-0.056689
-0.093436
-0.0274
0.11418
0.021107
0.055429
0.028264
-0.020995
-0.017378
-0.013947
0.0016508
0.0023454
-0.033872
0.0020464
-0.0067511
0.00292
-0.030265
-0.0075343
0.12026
0.096796
0.0197
-0.0088058
-0.097779
-0.028268
-0.02591
-0.044005
-0.017395
-0.017466
0.012782
0.030201
0.029355
0.01234
0.012339
0.040271
0.047456
0.029189
0.016735
0.016672
0.0037576
0.0039894
-0.019689
-0.036241
-0.0348
-0.011655
0.064462
0.051183
0.012578
0.019345
0.0059586
0.0010422
-0.010303
-0.0077783
0.010014
0.0048929
0.0059751
0.0022934
-0.00066533
0.01906
-0.0027105
0.0013415
0.026829
0.004838
-0.040469
-0.051867
-0.024494
0.0048433
-0.031357
0.012105
0.11808
0.65918
-0.31702
-0.34105
0.66388
0.3341
-0.10862
-0.29071
-0.72141
-0.92548
-0.9258
-0.45559
1.5148
1.0434
1.0502
0.33449
0.017548
-0.15666
-0.11129
-0.11126
-0.054344
0.16083
0.16062
0.1674
0.12845
0.025202
0.0011043
0.016505
-0.015519
0.030061
0.020371
0.11324
0.072121
-0.13297
-0.27817
0.14368
0.095584
0.07666
-0.0024538
-0.027562
-0.062356
-0.06796
-0.041413
-0.044894
-0.037161
-0.0084397
0.041275
0.056601
0.02524
0.0072539
-0.0029107
0.0033625
0.021976
0.047186
0.03461
0.035116
-0.057479
-0.071842
-0.03933
0.062782
0.065038
0.0083718
0.023775
0.007214
-0.0053753
-0.009821
0.0058022
0.012156
-0.0054998
0.020203
0.00087581
0.025446
0.12421
0.0073174
-0.029313
-0.082917
-0.088668
-0.037188
-0.036975
-0.014333
-0.083655
-0.17464
0.1111
0.65564
-0.13548
0.11873
1.1408
0.28486
0.67478
-0.32683
-0.47666
-0.56611
-0.64094
-0.49769
-0.64006
-0.35724
0.65351
0.23703
0.17776
-0.11525
-0.22723
-0.088763
0.023813
0.15641
0.1066
0.11676
0.0058264
-0.042459
-0.042572
-0.049638
-0.007911
-0.0020841
-0.013107
-0.054552
-0.048105
-0.15682
0.010783
0.22425
0.15286
0.10244
0.022509
-0.01768
-0.071047
-0.056362
-0.042222
-0.032271
-0.03699
-0.026472
0.026417
0.057513
0.035523
0.020295
0.00089759
0.010829
0.017831
0.031606
0.052714
0.048922
0.023619
0.0040396
-0.03028
-0.065844
-0.12273
-0.11377
0.044227
0.1003
-0.0085585
-0.017295
-0.017238
0.01298
0.010386
0.020181
0.017822
0.030945
0.11686
0.014903
0.0020379
-0.07648
-0.11358
-0.10108
-0.039971
-0.0094696
-0.037352
-0.21605
0.065583
0.2917
-0.15725
-0.23685
0.68572
0.59529
0.46469
0.41199
-0.069139
0.059076
-0.29975
-0.98545
-0.62493
-0.49434
0.77986
0.15693
0.18797
-0.047983
-0.23253
-0.093095
-0.01694
0.08823
0.13526
0.11766
0.10408
0.011942
0.011914
-0.020526
-0.027865
0.0087796
0.010282
-0.0071428
-0.0063241
0.00075375
-0.047506
0.064343
0.064269
0.1223
-0.14848
-0.13539
0.16718
0.16642
0.016575
-0.0089244
-0.0074731
-0.030755
-0.030768
-0.02178
-0.065944
-0.044947
-0.004928
-0.0049746
0.033552
0.0084528
0.008453
0.021718
0.025011
0.013024
0.030095
0.028096
0.017112
-0.00068166
-0.0080793
-0.049393
-0.044625
-0.078365
0.010782
0.12902
0.016595
0.036242
0.020623
0.0096437
-0.012961
-0.017133
0.0059109
0.012051
-0.0080167
0.0046744
0.0056795
-0.0027311
0.027148
0.0058029
0.014485
0.019348
-0.025311
-0.047868
-0.055191
0.014143
-0.02033
-0.053294
0.15641
0.25062
0.33227
-0.50243
0.11101
0.91653
0.3166
1.0455
0.029737
-0.40905
-0.042903
-0.57429
-0.70964
-0.85685
-0.99533
-0.80937
-0.58257
0.97411
1.006
0.30267
0.18816
0.030333
-0.14908
-0.070691
-0.021638
-0.034709
0.010318
0.12459
0.19471
0.10373
0.021299
-0.025569
-0.0072389
0.022368
0.034291
-0.012769
-0.026784
-0.00044641
0.044925
0.27004
0.038777
0.03888
-0.45292
0.031505
0.034795
0.00060916
0.00062874
-0.014535
-0.050294
-0.064535
-0.043864
-0.042536
-0.026343
0.039297
0.0064895
-0.0030117
0.0016877
0.030752
0.037434
0.029092
0.026984
0.0090628
-0.0022046
-0.022786
-0.037955
-0.020625
-0.010689
0.075119
0.056223
0.0035939
0.010542
0.0062751
-0.0052689
-0.018855
0.0015438
-0.0010031
0.0055974
0.0019414
0.00055061
-0.0031368
0.0045763
0.055
-0.025696
0.034996
-0.013058
-0.026828
-0.0028291
0.011813
0.0082193
-0.073059
-0.025439
0.38933
0.16352
-0.25667
0.096006
0.24602
0.31384
0.5385
-0.10274
0.11844
-0.506
-0.73041
-0.66379
-0.63399
-1.04
-0.98601
0.37659
0.2352
0.099376
-0.10787
-0.020314
-0.064053
0.0066324
0.11053
0.18111
0.12517
0.043792
-0.026633
-0.034314
-0.017739
0.0035546
0.0072868
-0.008047
-0.023101
-0.0119
0.0078107
0.11549
0.2871
0.22081
-0.26554
-0.39372
0.012312
0.06936
0.042213
-0.0046291
-0.010484
-0.039989
-0.024572
-0.038474
-0.035723
-0.019308
0.048984
0.042864
0.018478
-0.0007016
0.0034157
0.022719
0.02132
-0.0090741
-0.031746
-0.050777
-0.064884
-0.057274
0.069019
0.088964
0.088429
0.034988
0.012268
-0.021197
-0.00681
0.010182
-0.0024524
0.00058126
0.0091728
0.0091723
0.0095405
0.070683
0.018014
0.014917
0.014864
-0.040309
-0.059786
-0.065991
-0.041599
-0.040311
-0.063951
-0.20346
0.26763
0.30827
0.28142
-0.032255
0.99389
0.76436
0.74192
-0.20363
-0.5668
-0.50932
-0.7607
-0.65161
-0.65305
0.29668
1.1845
0.24668
0.15562
-0.082058
-0.1682
-0.063198
-0.029026
0.12088
0.085606
0.10758
0.041279
0.0024512
-0.018778
-0.031524
-0.011535
-0.0098909
-0.011399
-0.025936
-0.030547
0.050735
-0.13561
-0.10515
0.092623
0.1966
0.056969
0.0097844
-0.030489
-0.054848
-0.045117
-0.034729
-0.024937
-0.028411
-0.046765
0.0048141
0.038854
0.031819
0.020648
0.0066772
0.019399
0.026457
0.031085
0.034517
0.031743
0.02093
0.0065936
-0.013073
-0.047183
-0.061069
0.098907
0.041876
0.02267
0.016194
-0.0061782
-0.0017805
0.0015764
0.011616
0.0027482
0.00018324
0.017236
0.010654
0.026549
0.088137
0.0039299
-0.043331
-0.098594
-0.067996
-0.053291
-0.03672
-0.10021
-0.11758
-0.16378
0.075566
0.32552
-0.02612
0.85839
0.4811
0.87293
0.1484
-0.023786
-0.17636
0.24719
-0.56385
-0.73392
-0.69917
-0.15742
0.61279
0.77795
0.20541
0.093644
-0.12333
-0.027792
0.02856
0.098838
0.11129
0.097186
-0.0043784
-0.016129
-0.031625
0.0069536
-0.0040997
-0.021488
-0.017675
0.0035359
-0.034359
-0.0039762
-0.074373
-0.078473
0.079103
0.064976
0.029925
-0.019675
-0.047055
-0.06606
-0.030849
-0.022308
-0.042137
-0.031095
0.010227
0.046154
0.056391
0.024693
0.0073099
0.017798
0.030837
0.026846
0.029046
0.018938
0.00054931
-0.0056764
-0.035375
-0.048967
-0.033199
-0.0096542
0.052671
0.043721
0.015839
0.031941
0.0035153
-0.00037882
0.0073481
0.00098501
0.0064577
0.013033
0.016465
0.080096
0.014305
-0.03121
-0.041755
-0.044872
-0.033891
0.0051878
-0.056043
0.005327
0.23637
0.32172
-0.28673
0.026225
0.64887
0.49615
0.64021
0.28038
-0.12269
-0.1035
-0.32707
-0.59191
-0.78622
-1.0292
-1.0288
-0.96098
0.5511
1.7518
-0.12092
-0.0714
-0.057459
-0.020185
0.13068
0.14232
0.089257
0.08924
-0.030093
-0.024781
0.013728
-0.0036551
-0.003839
-0.0061782
-0.0060175
-0.017371
-0.0046281
0.042637
0.083877
-0.04118
-0.20238
0.044962
0.1289
0.062775
0.018736
-0.0001571
-0.035121
-0.07998
-0.04
-0.049145
0.040492
0.049231
0.029678
0.010986
0.007767
0.027661
0.017005
0.025106
0.013205
-0.0073
-0.026635
-0.061571
-0.088292
-0.056304
0.098227
0.094931
0.022827
0.023602
-0.00054187
-0.011774
-0.0056477
0.0067233
0.012729
0.0083663
0.00028844
-0.0028282
0.013305
0.00074642
0.09003
0.028279
-0.0048884
-0.070873
-0.052399
-0.040802
-0.064566
-0.035154
-0.15207
-0.047067
0.27853
0.093807
0.16726
0.77254
0.81612
0.17495
0.128
0.19615
-0.019531
-0.13205
-0.36155
-0.63483
-0.89318
-0.49032
0.53478
0.16475
0.06655
-0.068779
-0.11107
-0.053026
-0.0097751
0.067152
0.079758
0.11291
0.063935
0.0052693
-0.022633
-0.011173
-0.010987
-0.011695
-0.0026622
-0.015825
0.00015613
-0.013526
-0.042389
0.029397
0.00075015
-0.13718
0.14838
0.15023
0.043493
0.002116
-0.01341
-0.047199
-0.025069
-0.033694
-0.022158
-0.030065
0.04188
0.038671
0.032905
0.012956
0.016767
0.015853
0.022806
0.024648
0.0031305
-0.019344
-0.043384
-0.055867
-0.074557
0.021528
0.099173
0.030455
0.028478
0.0093859
0.011919
-0.029064
-0.0063507
0.0013616
0.010622
0.009135
-0.0089319
-0.0085156
0.0033098
0.061377
0.012683
0.0042551
0.034599
-0.036413
-0.049764
-0.013449
-0.027224
0.005761
0.013571
-0.082707
0.23796
0.75649
-0.0031893
0.14818
0.94041
0.78264
0.47165
-0.21025
-0.0099279
-0.6153
-0.63832
-0.7202
-0.91079
-0.96698
0.8798
0.32397
0.14183
-0.026068
-0.18242
-0.13141
0.0098952
0.12454
0.12899
0.15548
0.038428
-0.0096235
-0.030942
-0.031652
-0.0084884
-0.0076456
-0.015901
-0.023942
0.0021055
0.033001
0.055614
0.26656
0.039389
-0.41807
-0.15869
0.091616
0.14704
0.062886
0.02325
0.0065937
-0.028784
0.0034052
-0.0088248
-0.0087579
0.006915
0.0016762
0.0074219
0.025571
0.040572
0.026335
0.026309
0.00059927
0.0076354
0.015345
-0.0061661
-0.077493
-0.013082
-0.14225
-0.025004
-0.026567
0.092758
0.039962
0.039945
0.016789
-0.0070318
0.0044388
0.013272
0.0047453
0.015962
0.0058884
-0.0060747
-0.0017808
0.017773
0.098057
0.014995
-0.064331
-0.063116
0.098212
0.045926
0.014151
0.27354
0.72181
1.4611
1.3497
0.22246
0.39464
0.12218
0.34521
-0.089487
-0.21731
-0.46738
-0.17476
-0.34108
-0.34614
-0.41457
-0.43854
0.038521
-0.55077
0.07531
0.80709
-0.057519
-0.0871
-0.059016
-0.045991
0.068782
0.13479
0.074015
0.0070947
-0.018915
-0.0249
-0.028941
-0.0024069
0.016796
0.025122
0.033884
0.017028
-0.013831
-0.043315
-0.0045123
-0.072763
-0.068001
0.013869
0.11688
0.074621
0.039966
-0.010093
-0.0067111
-0.012046
0.0051994
0.010596
0.010819
0.010067
0.010932
0.029853
0.041211
0.022448
0.008295
0.015212
0.01255
-0.0080501
-0.016483
-0.029422
-0.031478
-0.057187
-0.0039374
0.019088
0.032122
0.011132
0.0086521
0.006184
0.010103
-0.0017004
0.0058546
-0.0029454
0.0040175
-0.0079922
0.0032372
0.0043558
0.046919
0.014245
-0.021266
-0.0268
0.035421
0.079983
0.048525
0.099137
0.52029
1.1405
1.4091
0.53492
-0.12043
0.22478
-0.4953
-0.29108
-0.23275
-0.10294
-0.020747
-0.16889
-0.38588
-0.57003
-0.66352
-0.43163
-0.31893
-0.29012
0.71068
-0.01095
-0.15112
0.0384
0.038514
0.056187
0.092294
-0.015994
-0.035426
-0.035417
-0.032769
-0.023225
-0.020335
0.038943
0.031022
0.054633
0.039928
-0.030175
-0.081014
-0.20844
-0.24697
-0.027255
0.43222
0.13411
0.040307
0.00022143
-0.020209
-0.026886
-0.0053843
-0.0101
-0.0045874
0.012973
0.0096059
0.0066377
0.0045229
0.036286
0.01473
0.016844
0.011911
0.016871
-0.00022271
-0.0058221
-0.012902
0.014885
0.099223
-0.1131
-0.00834
-0.014181
-0.014271
-0.0039014
-0.0029278
-0.0057392
-0.007274
-0.0036416
-0.001087
-0.00079525
0.0018045
0.0015182
0.0010883
0.0070209
0.0063517
-0.0036308
0.012977
-0.0098012
-0.0097925
0.10213
0.17416
0.1971
0.60732
0.60829
1.6699
-0.19908
-0.05167
-0.074192
-0.080428
0.071636
-0.1339
-0.12688
-0.22386
-0.18804
-0.19813
-0.55007
-0.6031
-0.41952
-0.39341
0.26591
1.2157
0.23662
-0.12601
-0.17617
0.057928
0.10053
0.051484
0.028686
-0.018223
-0.077391
-0.056576
-0.048366
0.007288
0.01932
0.0099533
0.040483
0.058717
0.033978
-0.023179
-0.093018
-0.40993
-0.50126
-0.044201
0.64316
0.33556
0.093799
0.0059793
-0.013875
-0.014876
-0.0057519
-0.011275
-0.015086
0.016561
0.0053132
-0.00020681
0.0047583
0.0072356
0.013525
0.02686
0.012185
0.018793
0.0024395
-0.007567
0.0049355
0.12279
-0.01939
-0.038834
-0.010169
-0.051922
-0.053392
-0.017818
-0.0088484
-0.009982
-0.009816
-0.01126
-0.0098535
-0.0071527
-0.0036565
-0.0071398
0.0010703
-0.021715
-0.011503
0.018884
-0.0036286
-0.07922
0.0379
0.099887
0.19954
0.16578
0.4794
1.3293
0.31551
-0.23848
0.34101
-0.082796
-0.37347
-0.24752
-0.41454
-0.16651
0.044631
0.24012
0.11105
-0.22928
-0.50608
-0.42949
0.21361
1.0074
0.68598
-0.041013
-0.17949
0.077047
0.059557
0.029022
0.0044232
-0.062092
-0.083692
-0.071092
-0.032144
0.019923
0.011
-0.013682
0.042428
0.088723
0.043778
-0.0049125
-0.11005
-0.6291
-0.22118
0.42645
0.56669
0.31769
0.037472
-0.020281
0.0043062
0.0079244
-0.012341
-0.022667
0.0013302
0.021464
-0.0027777
-0.0030129
-0.00025655
0.00017319
-0.00057307
0.015094
0.021556
0.008355
-0.0029143
0.0096919
0.028675
-0.002013
0.14635
-0.061018
-0.16259
-0.099407
-0.12142
-0.063374
-0.023314
-0.013515
-0.010641
-0.0076038
-0.015522
-0.013789
-0.0095616
-0.0040389
-0.0043912
-0.042587
-0.03463
0.0069042
0.072586
0.045222
0.04594
0.045144
0.12762
0.27217
0.69206
1.7258
-0.34797
-0.71092
0.093151
0.12656
-0.20171
-0.057706
-0.27743
0.046973
0.16254
0.33607
0.33255
0.028848
-0.1785
-0.19918
-0.5047
-0.4176
0.72781
-0.20993
0.0030388
0.0094349
-0.0010723
-0.0010992
0.0035316
-0.0023781
-0.0027275
-0.015964
-0.015947
-0.01487
0.0066494
0.017606
0.0044859
0.006291
-0.011163
-0.088242
-0.29371
-0.74216
-0.73993
-0.25611
0.64532
0.3722
-0.012268
-0.012308
-0.044259
-0.022271
0.013672
0.0039179
-0.00072455
-0.013121
-0.022452
-0.015676
-0.0099847
0.0061669
0.0016673
0.0079135
0.011372
0.010966
0.013673
0.0064364
0.014699
0.016101
0.090283
0.18381
0.14705
-0.2152
-0.15498
-0.18802
-0.064173
-0.044864
-0.0184
-0.0069879
-0.0072867
-0.017169
-0.021569
-0.016363
-0.0092629
0.0033972
-0.020728
-0.06048
-0.028673
0.07565
0.14866
0.061223
0.20033
0.079492
0.099351
0.35009
0.38816
-0.32402
-0.26071
-0.044712
-0.0097856
-0.541
-0.14615
-0.13069
-0.041895
0.18834
0.1365
-0.031061
-0.09912
-0.29873
-0.32635
1.5742
0.26234
-0.4158
-0.039083
0.12334
0.07469
-0.019404
-0.072354
-0.03062
-0.023383
-0.050982
0.0089768
0.027592
0.020927
-0.0024537
-0.012406
-0.0038389
-0.05553
-0.31638
-0.71866
-0.55742
-0.035327
0.48663
0.73151
0.54488
-0.051309
-0.064704
0.0097665
0.026229
-0.0028114
-0.017182
-0.0032192
-0.032781
-0.037789
-0.0065123
0.015188
0.015057
0.0070847
0.0070013
0.011713
0.027075
0.026177
0.078721
0.052019
-0.00039392
-0.10552
-0.27656
-0.18531
-0.21453
-0.12063
-0.046627
-0.023931
-0.017154
-0.013477
-0.016322
-0.01977
-0.022263
-0.011393
0.00097841
-0.019916
-0.084165
-0.017592
0.047638
0.13556
0.05005
0.1132
0.07408
0.18176
0.051257
1.0604
0.69892
-0.61627
-0.76284
0.23634
-0.16496
-0.14468
-0.022414
-0.20361
0.05133
0.37626
0.10863
0.10827
0.038553
-0.065902
-0.088411
-0.22281
-0.09066
-0.14908
-0.21354
1.6379
0.70333
-0.41436
-0.1042
0.19013
0.18274
0.069955
0.06645
-0.033354
-0.034589
-0.033241
-0.040721
0.005919
0.021521
0.0016935
0.017144
0.0047014
-0.016317
-0.070859
-0.21806
-0.64344
-0.21175
0.28584
0.62125
0.69098
0.10021
-0.043665
-0.0060065
0.0020045
-0.029552
-0.0036335
-0.018632
-0.020774
-0.020298
-0.010811
0.011056
0.013958
0.016696
0.0080175
0.024755
0.037022
0.037292
0.019945
0.019815
-0.081529
-0.13189
-0.052425
-0.34044
-0.13442
-0.15605
-0.15735
-0.23149
-0.041017
-0.020588
-0.0096248
-0.01176
-0.015783
-0.019225
-0.011354
-0.013626
-0.0088763
-0.0089511
-0.087108
-0.049694
0.012348
0.071852
0.061546
0.14869
0.10883
0.15135
0.016172
0.89482
0.80599
-0.71878
-0.44573
-0.12204
0.28467
0.03441
-0.15354
-0.033522
-0.14799
0.43487
0.30676
0.30054
0.039999
0.1185
0.15012
-0.052744
-0.11211
-0.22787
-0.429
0.4335
1.1922
-0.19943
-0.12096
0.5889
-0.72403
0.39803
0.094817
0.032638
-0.034676
-0.022632
-0.052497
-0.051003
-0.0027424
-0.00031045
-0.0070797
-0.0049858
-0.0050614
-0.0034757
-0.022193
-0.22894
-0.76614
-0.38759
0.16457
0.4631
0.50612
-0.026269
-0.038564
0.024755
0.058542
0.0081013
0.0063728
-0.045858
-0.082773
-0.067956
-0.01681
0.0041776
-0.00069873
-0.0063785
-0.0043614
0.0035663
0.012754
0.020213
0.034419
0.070933
0.058132
0.086876
0.15402
0.12378
0.017282
0.01128
0.094812
-0.39783
-0.2916
-0.20369
-0.28612
-0.10684
-0.054401
-0.035918
-0.050185
-0.078435
-0.044052
-0.033005
-0.032192
-0.014812
-0.16628
-0.14848
0.032081
0.24359
0.27298
0.17311
0.13735
0.024527
-0.073776
0.25434
0.50463
-0.1819
-0.15926
-0.39775
-0.40181
-0.046316
-0.54497
-0.44022
-0.086132
-0.2686
-0.066069
0.22562
0.13832
0.35613
0.14415
-0.16218
-0.308
-0.48655
-0.11204
1.2764
1.8382
0.024266
-0.046636
-0.0023195
-0.02434
0.028972
0.027819
-0.030479
-0.037125
-0.015545
0.0027673
0.018418
0.0014409
-0.033505
-0.011939
0.0083705
0.01866
0.017536
-0.051729
-0.401
-0.64844
-0.39162
-0.051146
0.51508
0.67264
0.22739
-0.13698
-0.042721
0.040904
0.037952
-0.0043964
-0.041423
-0.043956
-0.056534
-0.021036
-0.016909
-0.01924
-0.018975
-0.0037609
0.018093
0.01858
0.023154
0.078578
0.07293
0.060388
0.10144
0.14311
0.079759
-0.080749
-0.16585
0.10897
-0.41988
-0.28407
-0.14271
-0.2201
-0.15073
-0.099137
-0.078169
-0.063777
-0.058026
-0.025929
-0.032312
-0.024546
-0.062146
-0.26229
-0.083358
0.25882
0.32117
0.18628
0.1859
0.044033
-0.073967
0.014455
0.34064
0.33466
-0.4914
-0.17225
-0.32562
-0.18048
-0.18264
-0.23845
0.18429
0.11688
0.13285
0.17353
0.28774
0.23208
0.070461
-0.20235
-0.21073
-0.40184
0.86993
2.0556
0.28437
0.29044
-0.025555
0.037621
0.018287
0.018432
0.010599
-0.0072226
-0.001174
-0.0066894
0.0075512
-0.0090901
-0.0034949
-0.0064389
-0.0032312
-0.0071906
-0.0048156
0.0043972
-0.027297
-0.1649
-0.58206
-0.34847
-0.093164
0.31569
0.6092
0.19052
-0.14035
-0.0424
0.048882
0.024476
0.0040285
-0.032271
-0.034702
-0.05613
-0.030261
-0.000997
-0.018384
-0.030042
-0.016459
0.0069591
0.016216
0.017776
0.041251
0.091432
0.062206
0.078295
0.17491
0.12024
-0.081463
-0.34148
0.16827
-0.11232
-0.26215
-0.12257
-0.24055
-0.19372
-0.076929
-0.060807
-0.073487
-0.087341
-0.093904
-0.017372
-0.019574
-0.023974
-0.041741
-0.26565
-0.15053
0.18484
0.39472
0.18745
0.14679
0.077158
-0.070134
-0.089801
0.1888
-0.29666
-0.09778
0.37953
-0.35162
-0.15372
-0.42962
-0.090687
0.040788
-0.32078
0.17879
0.050131
0.12
0.4129
0.36132
0.2029
-0.18776
-0.44611
-0.44022
0.042521
1.9059
0.27908
-0.072499
0.085542
-0.033946
0.016748
-0.039937
-0.011561
0.017071
0.027919
0.010681
-0.028513
-0.036761
-0.0093428
0.00032002
-0.025416
-0.028192
-0.019596
0.0022119
-0.0013038
-0.2
-0.43236
-0.10435
0.084351
0.40769
0.091354
-0.20685
-0.079095
0.020684
0.067085
0.025239
-0.026062
-0.052339
-0.062836
-0.042231
0.0064931
-0.014569
-0.034635
-0.034315
-0.0057152
0.012302
0.023349
0.034759
0.088382
0.080754
0.084346
0.17518
0.22688
-0.0059416
-0.45415
-0.065657
0.17646
-0.29302
-0.26355
-0.20253
-0.012602
-0.13057
-0.069797
-0.043931
-0.10276
-0.11424
-0.084544
-0.030604
-0.023057
-0.011638
-0.21044
-0.2085
0.054816
0.36766
0.20549
0.18023
0.09671
-0.042634
-0.23432
0.01551
-0.064524
0.022452
0.53266
0.43375
-0.10323
-0.5901
-0.64215
-0.11079
-0.027954
0.13997
-0.2569
0.25727
0.24353
0.095932
0.039005
-0.29075
-0.45295
0.23342
1.1239
0.18558
-0.14765
0.11947
-0.017397
-0.015177
-0.06147
0.014198
0.01658
0.033649
0.04048
-0.0016185
-0.012416
8.0756e-07
-0.0024641
-0.033614
-0.043843
-0.037941
-0.023738
-0.02371
-0.12049
-0.40058
-0.1225
0.01371
0.011144
0.26208
-0.21295
-0.12311
0.016235
0.016238
0.10905
-0.0022435
-0.067164
-0.083062
-0.083062
-0.061152
-0.0021269
-0.028604
-0.035255
-0.03528
-0.03101
-0.0077373
0.0081208
0.02865
0.093805
0.15
0.15159
0.19394
0.22378
0.20943
-0.044417
-0.47462
0.34327
-0.39873
-0.40479
-0.020609
-0.071765
0.065714
0.00433
-0.044457
-0.12793
-0.14406
-0.11643
-0.04994
-0.023427
-0.038526
-0.13139
-0.33224
-0.039131
0.28025
0.29158
0.16671
0.18304
0.0023318
-0.13443
-0.29402
-0.41584
-0.02315
0.27707
0.21256
-0.2513
0.021773
-0.091538
0.34588
0.14795
-0.084423
0.2196
0.053723
0.24024
0.27339
0.37812
0.12319
-0.28075
-0.45454
0.12146
1.0182
0.53936
-0.28395
0.15403
0.0989
-0.066283
-0.061071
-0.01644
0.072288
0.088222
0.027358
0.0049493
-0.02059
0.0095636
0.004399
-0.018167
-0.022242
-0.017186
-0.0067984
-0.037906
-0.26543
-0.12581
-0.064989
0.21695
0.089712
-0.17116
-0.16095
-0.087287
0.054311
0.075269
0.0068718
-0.034588
-0.063171
-0.067847
-0.047142
-0.013448
-0.003758
-0.025452
-0.041811
-0.010314
-0.0031696
0.012544
0.071673
0.072771
0.18061
0.19697
0.17348
0.24626
0.28745
-0.14288
0.21473
-0.0744
-0.61079
-0.23294
0.16833
-0.019968
-0.033352
-0.094665
-0.10158
-0.092796
-0.19475
-0.12417
0.04825
-0.031915
-0.36628
-0.36625
-0.13178
0.2509
0.38635
0.15533
0.15533
0.0010828
-0.37258
-0.47953
-0.58519
-0.09986
0.7356
-0.14807
-0.27382
-0.24788
-0.097512
0.19187
0.059808
0.14154
0.1115
0.10249
0.12968
0.18459
0.1121
-0.083257
-0.31582
-0.10592
1.0613
-0.034819
-0.26439
0.1006
0.10177
0.0011583
-0.037757
-0.094754
-0.009272
0.035413
0.047958
0.057645
0.035024
0.039522
0.040441
-0.016386
-0.10438
-0.14352
-0.13489
-0.075712
-0.078907
-0.076716
-0.042233
-0.017512
0.036812
0.05199
0.064702
0.089422
0.10358
0.10602
0.094683
0.043491
0.0020473
-0.023297
-0.029879
-0.020412
-0.037802
-0.023355
-0.023361
-0.0050726
-0.00064136
0.0055945
0.0084551
0.001568
-0.00043143
0.0015201
0.0026008
-0.002021
0.027601
-0.0037116
0.0074428
0.013554
0.010175
0.0032729
0.0061846
0.0062381
0.0038992
0.0023094
0.0034904
-0.003393
-0.0024456
-0.0050052
-0.0081096
-0.0088814
-0.011481
-0.0086387
-0.0074122
0.0010356
-0.0045949
0.0001696
0.00055625
0.001424
-0.0026715
-0.00024133
-0.0029198
-0.0026527
-0.0026512
-0.0030047
-0.0013983
-0.0016177
-0.0017789
-0.0025241
0.00042731
2.2282e-05
-0.00096404
0.0018531
0.0018287
-0.00074948
-0.0003141
-0.005661
-0.00036391
-0.0040643
-0.0058515
-0.0014556
-0.0045949
-0.0040461
-0.0011595
0.00040664
-0.00040864
-0.0062497
-0.0063332
-0.00087108
-0.0030367
-0.0050243
-0.00070982
-0.0022905
0.0020481
-0.0012805
0.00073849
0.0012426
0.0041107
0.0052313
0.0046463
-6.7522e-05
0.0012931
-0.0010532
-0.00082937
-0.00059147
-0.003808
-0.002412
-0.002437
-0.0025482
-0.0025477
-0.0011905
-0.0008166
-0.00019277
-0.0036085
-0.0027592
-0.0005535
-0.0026247
-0.00021843
-0.0012129
-0.0041802
-0.0018542
-0.0035289
0.0011216
-0.0012449
-2.4088e-05
-0.0014302
-0.0034495
-0.00099182
-0.0018166
-0.0014041
0.00089454
-0.0017394
9.924e-05
0.0018237
0.0059994
0.0023733
0.0016745
-0.0018341
0.0019062
-0.0045638
-0.006067
-0.0026073
-0.008876
-0.0078128
-0.0049121
-0.0085675
-0.0079591
-0.002765
-0.0011868
-0.00097383
-0.0028898
-0.0011293
-0.0041058
-0.0022616
-0.00081167
-0.0027237
-0.0011513
-0.00081182
0.001625
0.0026287
-0.00018945
0.0021673
0.0043904
0.0056559
0.002087
0.0026554
-0.00039815
-0.0018992
-0.0030374
-0.0061673
-0.0074348
-0.0032445
-0.0036574
-0.00034637
-0.0049767
-0.0023905
-0.0039937
-0.0046414
-0.0031166
-0.0045152
-0.0035313
-0.0050818
-0.0028805
-0.0037311
-0.0035557
-0.0060358
0.000479
0.0018201
0.0038112
0.0050233
0.0022522
0.0019977
0.0018443
-0.00017232
-0.00040106
3.9492e-05
-0.002367
-0.0030112
-0.00213
-0.00083383
-0.0032656
-0.007273
-0.0056464
-0.0054085
-0.0038333
-0.0022584
-0.0032144
-0.0033697
-0.005802
-0.00078234
-0.0022325
-0.00099579
0.00096786
0.0002143
-0.0012361
-0.0021917
0.00026619
-0.00281
-0.00040408
-0.00087316
-0.00082056
-0.0043836
-0.0020041
-0.0034813
-0.0010229
-0.0009433
-0.0019251
-0.0011713
0.00027925
-0.0002456
0.00083184
0.0015164
0.00030707
0.00045438
-0.0047042
-0.0027166
-0.0033624
-0.0012526
0.00010511
-0.00036575
-0.0011989
0.0033033
0.0014348
-0.0014141
0.0030066
0.0020527
0.0014886
-0.00043315
-0.0017778
0.00228
0.00080169
-0.0016842
0.0024692
0.00026334
-0.0018993
0.00050685
0.0014881
0.0015145
-0.00055364
-0.0033499
0.00087097
-0.00060627
0.00028051
-8.4613e-05
-0.001118
0.0016009
-0.00021531
-0.00058001
0.0005064
-0.0026478
0.00040074
0.00092467
-0.0015081
0.00037347
-0.0019656
-0.00068869
-0.0029232
0.0018251
0.0018246
0.0014067
-0.0013618
0.0023617
-0.00040907
0.001043
0.0010431
0.00084475
-0.0025946
-4.391e-05
-0.001337
-0.0010505
-0.0030125
0.0012372
0.0012898
-0.0016523
-0.0016399
-0.0017312
0.00042677
-0.001116
-0.0015608
-0.0011159
0.00092491
-0.0036279
0.0022709
0.0003745
0.00045318
0.00058569
-0.00088203
0.001381
-0.00097245
0.00146
0.00084547
0.00084542
-0.0019795
-0.00058
-0.0018366
-0.0011158
6.036e-05
-0.0024506
-0.000161
0.00082001
-0.0034959
-0.0014818
0.0025457
0.0025971
0.0019313
0.00033689
0.0028228
-0.01614
-0.00047718
0.0085763
0.002046
0.0011208
0.0022497
0.0037724
-0.00048176
0.00035852
0.0014588
0.0023473
0.00042744
0.0013841
0.0019702
-0.00087328
0.0018785
3.2579e-05
-0.0020711
-0.0024915
-0.0028097
-0.0029766
0.0014082
-9.4897e-05
-0.00018485
-0.0006307
0.0012165
-0.00030025
0.00028608
6.4385e-06
0.0008724
0.0009489
6.3292e-06
-0.0016377
-0.0011141
-0.0011659
0.00098644
0.00084668
0.00050391
0.00047798
0.0019922
0.0039524
-0.0019546
-0.00010725
0.00066981
0.0013276
0.00098551
-0.00080978
-0.00010717
-0.00077111
-0.0009485
0.00082002
-4.7904e-05
0.0019904
3.1304e-05
-0.0019809
0.0028323
-0.0012184
0.00034622
0.00039902
0.00039907
0.00095162
-0.000554
-0.00013284
-0.0020917
0.00095223
-0.00013282
-0.0021709
-0.00060685
0.00039881
-0.0021443
0.0019054
0.00047811
-0.0014497
-0.001165
0.00087326
-0.0011648
-0.0013969
0.0019059
-0.0011917
0.00087337
-0.0015063
-0.0024296
0.0018254
0.001825
-0.00097552
0.0017983
-0.0013705
-0.0024029
0.0024361
0.00045167
0.0014304
0.0024091
-0.00015909
-0.00052659
-0.0011646
-0.002538
-0.0029869
0.00042454
-0.0010303
-0.00041981
0.0027236
-0.003069
0.0025169
0.0011166
0.00042453
0.00037055
0.00018313
-0.00060777
0.0010803
-0.00058083
0.0010341
0.00042444
-0.00058083
0.00092815
0.00029144
-0.00013119
0.0018523
-0.00010394
0.0028574
0.00066015
0.00042424
0.0029389
0.00023769
-0.00063573
0.002802
0.0010562
-0.0010042
0.0017976
0.0012155
-0.0011081
0.00047848
-0.0013733
-0.0011901
-0.00026727
-0.0026461
-0.0040193
0.0007436
0.0032538
-0.00074356
0.00066266
0.00026639
-0.00060758
-0.00082049
-0.00092417
0.00068814
0.0010849
-0.0016389
0.001773
0.0014016
5.3615e-05
-2.6469e-05
0.0013761
0.00042398
-0.00055409
0.0012988
-5.3566e-05
-0.0012144
-0.0011878
0.00042368
-0.00012969
-0.0011342
-0.0010054
-0.0015585
-0.00028526
0.00090198
-0.0030144
0.0016972
-0.00076314
-0.00076333
0.00082074
0.0028298
-0.0020101
-0.0015584
0.0002955
0.0023777
-0.0016665
-0.0010059
0.00087517
-5.6068e-05
-0.0021647
-0.0016124
-0.0015312
0.0013275
-7.4095e-05
0.00077592
0.0010564
-7.5026e-05
0.0013822
-0.0014771
-0.0012133
-0.0017122
0.0012735
-0.00026181
-0.0011597
-0.00026309
-0.002769
-0.0031677
0.00072239
-0.0026697
-0.0024363
-0.00055412
0.00052195
0.00084871
-2.7961e-06
0.0017271
0.00039627
-0.0036192
-0.0011054
-0.0011858
0.00042274
0.00042277
0.0022518
-0.0012126
-0.00015495
0.0027486
0.00042276
0.0017819
0.0008221
-0.00012783
-0.0020112
-0.0020112
0.00044949
0.00042261
-0.0031387
-0.0018605
-0.00055424
0.00084916
0.00079542
-0.0039915
0.00094503
0.00024572
0.00084937
-0.00063397
-0.0016111
-0.0021877
-0.0020908
-0.0004049
-0.0016806
-0.00052752
