0.00079885
-0.0036149
-0.0013791
0.0018228
-0.00035929
0.0018228
0.00085206
0.00085259
0.0018924
0.0018353
0.0029811
0.00078658
-0.00035128
0.0019416
0.00078621
0.0017704
0.0017616
0.0040094
-0.00029412
0.00079476
-0.00035111
0.0018797
0.00079065
-0.0003024
0.003944
0.00084806
0.0029075
0.00079519
0.0040049
0.0040708
-0.0024764
-0.0013748
0.0018267
0.0017773
-0.0013791
-0.00029831
0.0017573
-0.00028992
-0.00036801
0.0017571
0.00079929
0.00079934
0.0029031
0.00084862
0.0016956
0.0029772
-0.00035946
0.0016995
-0.00022367
-0.0025254
-0.0024805
-0.0013173
-0.00029387
0.00079042
-0.00042132
-0.0014492
-0.00029894
0.0016956
-0.00035559
-0.00036444
-0.00022875
0.0018839
0.0029731
0.0017515
0.0029821
0.0029775
-0.00034666
0.0029161
-0.0014358
0.0040577
-0.0004811
-0.00042907
0.00085646
0.00079525
-0.00035129
-0.0013261
0.0029117
-0.0004173
-0.00035989
0.00066792
0.0017571
-0.00035979
0.0018798
-0.0014583
-0.0002853
0.0019542
0.0029207
0.00080411
-0.0013124
0.0017614
0.0018271
0.0029116
-0.00036476
0.00072891
-0.001379
-0.00036012
-0.00036962
-0.00030376
0.0018839
0.0040101
-0.0013742
0.0029208
0.00079939
-0.00029877
0.00084683
-0.00035101
-0.0013706
-0.00028116
0.0007336
-0.00042077
-0.00042058
0.002912
0.0029035
0.0019365
0.001892
0.00073805
-0.002538
-0.0035575
-0.00035117
0.001836
-0.0013238
-0.0002255
0.0018923
0.00086423
0.0019439
-0.00023438
-0.0013749
0.0018228
0.0017619
0.0019439
-0.00036
-0.00029492
0.00080799
0.0018926
0.0018832
0.0040014
0.00401
-0.00029025
-0.0013321
-0.00035085
-0.00036404
-0.002366
0.00061308
0.0027952
0.0028476
0.0029725
-0.00042855
-0.00035533
-0.00041217
-0.0013838
0.00066435
0.00074231
-0.0025252
0.00073387
0.0027874
-0.00036774
-0.00042039
-0.0025862
-0.0025419
0.0028514
-0.00042008
0.00066474
0.0029201
0.000609
-0.0015007
-0.0036225
0.0062403
0.0039479
-0.0037475
0.0018231
-0.0014405
0.0028627
0.0030346
0.0017699
0.0017659
0.001823
0.00060731
0.00061096
0.001945
0.00066946
0.0027826
-0.00035521
-0.0015817
0.0018229
0.0018811
0.0027892
0.0029771
-0.0025373
0.0028502
0.0028429
-0.00029391
-0.0015173
-0.00048214
0.0016927
0.00073393
0.0038071
0.00073395
0.001758
-0.0014444
0.001823
-0.0015092
-0.0013868
0.00066873
0.00067574
0.0029084
0.0017655
-0.00053899
-0.0026019
0.0017545
0.003874
0.0027845
0.0039351
0.0017566
0.0018109
0.00073358
0.00065542
-0.0015072
-0.0015104
-0.0016301
0.0019462
0.0028575
0.0050976
-0.00041298
-0.0014484
0.0038697
0.0050243
0.0040589
0.00079934
0.001765
0.00072553
0.0016943
0.0016996
0.0006762
0.00067993
-0.0014406
-0.0025377
-0.0013749
0.00067178
-0.00041328
-0.0046464
-0.0034999
-0.0035032
-0.0014484
-0.0015098
-0.00042071
-0.00047516
-0.0014482
-0.001387
-0.0024761
-0.0024761
-0.00042449
0.00079528
-0.0014562
0.00072619
0.0007339
-0.0013866
0.0029157
0.00086022
-0.00029026
-0.0025987
-0.0014406
-0.0014559
-0.0013224
-0.0014367
0.0018231
0.0016398
-0.002526
-0.00034769
0.0018305
-0.0013227
-0.0013875
0.0007263
0.00084412
-0.00030632
0.00079858
0.00085956
0.00085555
-0.00040413
-0.0013832
-0.00054214
0.00079031
-0.00036376
-0.0025379
0.0050816
0.0027936
0.0027899
0.00073779
0.0018185
-0.0013872
0.001806
0.00054893
0.00085273
-0.00051585
0.0040407
0.0040961
0.00083069
-0.00048663
0.001882
0.0017346
0.00073381
0.0017998
-0.00027866
0.00087308
-0.004855
0.0017892
-0.0015052
0.0020436
-0.0067832
-0.0013401
-0.0015258
0.0039312
-0.011605
-0.0035716
-0.0024334
-0.0024394
0.0051873
0.00059654
-0.00023372
0.0041634
-0.0035205
-0.0036758
-0.0025946
0.0018872
0.00067164
0.0017672
-0.0056827
-0.021911
0.038392
0.033744
0.025727
0.014285
0.036833
0.01646
0.0055482
0.050353
0.11863
0.064562
-0.0061902
-0.017284
-0.0091487
-0.0091746
-0.021055
-0.0023468
-0.011073
-0.0072114
-0.0071282
-0.0055974
-0.034423
-0.032961
-0.030404
-0.018707
-0.037869
0.021528
0.050998
-0.023243
-0.021916
-0.005976
0.015896
0.0095262
0.0021213
-0.0078743
-0.0023847
0.00040721
0.001807
0.00053213
-0.0047887
0.0050886
-0.027693
0.03042
0.039851
0.022681
-0.038919
-0.073799
-0.05808
-0.0091776
-0.35265
-1.2132
-2.119
-1.9282
0.31933
0.42273
0.8488
0.16117
-0.16009
0.12841
0.12434
0.3357
0.36224
0.2506
0.46057
0.22548
-0.18595
-0.23131
-0.15687
-0.016579
-0.022169
-0.0023126
0.030658
0.018824
-0.032028
-0.036905
0.041667
-0.019204
0.0068157
-0.048764
-0.037699
-0.0047859
0.042322
0.090943
0.062628
0.056035
0.17182
0.039523
0.00060048
0.073201
0.03191
0.016069
0.030384
0.043189
0.126
0.093027
0.021588
0.021709
-0.029223
-0.029157
-0.029586
0.0018506
0.0057217
0.001492
-0.016029
-0.017145
-0.013196
-0.013235
-0.0136
0.011276
0.017956
0.020872
0.020703
-0.016864
-0.066027
-0.036816
-0.05795
0.01487
0.00060693
0.0096618
0.023801
0.022161
-0.0087012
-0.01137
-0.010223
-0.010195
-0.014101
-0.0064574
0.024183
0.0058834
-0.056109
-0.10267
-0.33392
-0.67448
-0.91171
-1.2492
-1.2964
-1.6634
-1.1772
-0.18505
-0.17581
-0.20019
0.32652
0.30658
0.34521
0.65402
0.24402
0.10729
-0.015534
-0.033279
0.24017
-0.40981
0.044853
0.0030505
-0.062846
-0.016263
-0.026412
-0.06236
0.026925
0.039179
-0.0089344
-0.007902
-0.05963
-0.12549
-0.0050469
0.036824
0.13975
-0.1035
0.050381
0.075324
-0.16294
-0.011208
0.19087
0.055913
0.039707
0.025355
0.069375
0.052034
-0.0096333
0.019187
-0.015168
-0.0090742
-0.0038242
-0.010687
0.014581
-0.0011471
0.0017825
-0.025486
-0.031422
-0.023362
-0.0034124
-0.0032091
0.0017519
0.0039917
-0.013899
-0.08882
-0.13709
0.018177
0.0296
0.016452
-0.0053536
0.0041646
0.0040311
-0.0055873
-0.014055
-0.0067481
-0.017518
0.0088546
0.033543
-0.01157
0.003908
-0.014408
-0.098549
-0.26983
-0.55152
-0.69788
-1.208
-1.4037
-1.4808
-1.6591
-0.78457
0.068037
0.7613
1.071
0.96936
0.87355
0.91064
0.02398
-0.13642
0.23071
0.48605
0.45558
0.17522
0.044386
0.24542
-0.079202
-0.21209
-0.08077
0.012649
-0.0066542
0.034424
0.0027515
0.0070843
-0.013625
-0.0056516
0.0053741
-0.015187
-0.015433
-0.075147
-0.023944
0.028842
0.081451
0.1338
0.048916
0.011199
-0.084723
-0.027314
0.084727
0.035545
-0.02675
-0.041982
0.061005
0.039147
0.032138
0.021451
0.017391
0.012912
0.022558
0.024308
-0.010746
-0.01834
-0.01214
-0.020239
-0.027712
0.017662
0.024187
0.0064714
0.0026004
-0.0027601
-0.0030005
0.0030316
-0.031955
-0.019541
-0.0013199
-0.036582
-0.026618
-0.011058
0.01274
0.018052
0.010492
-0.012316
-0.027581
-0.0071298
0.0016097
0.00074933
-0.00094459
-0.0021711
-0.0021915
0.040544
0.00098763
0.0054897
-0.046535
-0.060629
-0.10206
-0.13328
-0.15098
-0.65022
-0.65088
-1.5087
-1.1795
-0.64011
-0.077872
-0.11338
0.46312
0.82397
0.85682
0.11853
0.64458
0.38075
0.39586
0.51793
0.1706
0.14755
-0.39463
-0.3799
-0.0084072
0.052331
-0.0093211
-0.010737
0.012921
-0.0133
-0.011455
-0.0011644
0.013872
-0.017799
-0.0026378
-0.028248
-0.014834
0.013811
0.039347
0.080579
0.080435
0.022475
-0.10534
-0.039679
-0.014119
-0.014147
-0.0027363
0.045605
0.029064
0.01711
0.01686
0.023792
0.038493
-0.018678
-0.032232
-0.0088058
-0.014426
0.027656
0.0023881
-0.008217
-0.0053806
-0.016811
-0.013128
-0.0076691
-0.0005246
0.0070111
0.018241
-0.019247
-0.07191
-0.039767
-0.10365
-0.058184
-0.02977
-0.0014315
0.01375
0.019837
-0.0079201
-0.024326
-0.012529
-0.0047146
0.0039009
0.015546
0.012637
0.010805
0.04449
0.0038961
0.012467
-0.017388
-0.077875
-0.10017
-0.24884
-1.8498
-1.4528
-0.72539
0.68754
1.1354
0.86131
0.4255
0.16695
0.17533
0.11419
0.61695
0.50375
0.40388
0.17934
0.0044062
0.16364
-0.40413
-0.094707
-0.0425
0.0065831
-0.0028797
0.023061
0.0068083
0.00040358
-0.0046795
0.018301
-0.014335
-0.014523
-0.036998
-0.026883
-0.00074223
0.04195
0.11384
0.11779
0.026748
-0.072567
-0.12484
0.062158
0.0025928
0.013473
0.079678
0.02804
0.02489
0.029693
0.057054
0.042953
-0.01877
-0.022892
-0.036546
-0.019079
-0.024908
0.00055616
0.024529
0.010977
0.0027477
-0.015429
-0.023161
-0.01176
-0.0083666
-0.00046744
0.0082118
0.015947
-0.01303
-0.097507
-0.24686
-0.18336
-0.030987
0.0069897
0.015858
0.0083967
-0.0094127
-0.012644
-0.0039932
-0.0010821
-0.0097107
0.0074496
0.010612
0.044376
0.012125
0.0071622
0.0036062
0.0076618
-0.055937
-0.051947
-0.0685
-1.6849
-1.3224
-1.0928
-0.31783
-0.039296
0.74864
0.92039
0.79434
0.23511
0.11837
0.1743
0.46614
0.66788
0.53892
0.2077
0.049753
0.051564
-0.40432
-0.088244
-0.010473
0.0050433
-0.00080383
-2.5088e-05
0.010452
0.0054381
-0.012504
-0.010181
-0.043812
-0.043667
0.045479
0.088642
0.14982
0.040918
0.04102
-0.04475
0.0086867
0.052355
0.066898
0.066853
0.017562
0.072534
0.047661
0.017321
0.017092
0.023703
0.075606
0.05796
0.0057813
0.005699
-0.0021808
-0.019794
-0.019805
-0.026033
-0.0022667
0.018457
0.00017892
-0.0057168
-0.012365
-0.0019892
0.0016701
0.0075109
0.0072571
-0.067213
-0.13473
-0.19326
-0.26851
0.0055478
0.00010022
0.021624
-0.0061692
-0.03031
-0.020169
-0.0069965
-0.006502
0.0040828
0.014863
0.015953
0.030335
0.016375
-0.013799
0.013046
-0.019784
-0.052051
-0.065178
-0.13312
-0.084149
-0.10262
-0.75668
-1.1832
-1.2425
-0.45441
0.31921
0.55459
0.96077
1.1473
0.85462
0.38466
-0.25763
-0.094928
0.38845
0.44055
0.39156
0.080471
-0.095787
0.010909
0.023596
-0.013915
-0.014456
-0.061299
-0.043413
-0.013115
0.0095353
0.011886
-0.0076239
-0.0032383
-0.027544
0.003147
0.04079
0.029523
0.079062
0.014835
-0.0064888
-0.032111
-0.11944
0.064174
-0.078759
-0.08393
-0.34992
-0.038791
-0.023225
-0.013198
0.010064
0.015892
0.0012187
0.033263
0.047191
0.025736
0.010867
-0.0016054
-0.0072273
0.008557
0.0090953
0.027348
0.018913
0.030427
0.018846
0.012178
-0.015737
-0.015732
0.069858
0.28647
0.31085
-0.044748
0.0032794
-0.018074
0.010209
-0.010631
0.0088647
0.010674
0.00020545
-0.0014149
0.00082673
0.0035151
0.0070777
-0.014305
0.061071
0.063433
0.053618
0.082739
0.19726
-0.0085133
-0.04531
0.062472
1.0495
1.756
2.0539
1.843
1.3789
1.1551
1.3073
1.1475
1.3703
1.7821
1.7705
1.8577
1.7513
1.0922
0.98057
0.79738
0.24748
0.2496
0.16994
0.11775
0.10342
-0.024057
-0.026027
-0.0019411
0.017996
0.034827
0.030677
-0.0032759
0.0047183
0.01276
-0.0053614
0.0043539
-0.0057601
-0.017558
-0.012814
-0.050396
0.11758
0.0745
-0.40053
-0.58291
-0.073829
0.010934
0.035746
0.0083233
-0.0062138
-0.0027837
-0.0069849
0.0088023
0.018842
0.0070368
0.00089642
0.00075442
-0.0067262
-0.0069627
-0.0092801
0.026827
0.011875
0.011914
0.015991
-0.032621
-0.041401
-0.018848
-0.016406
0.077282
0.24652
0.038008
-0.031787
-0.031764
0.030234
0.033217
0.0048568
-0.019099
-0.019196
-0.00049045
-0.0038342
0.01123
0.0060565
0.006073
0.012116
0.079989
0.056868
0.022978
-0.0059118
0.031711
-0.046172
-0.014124
-0.10801
0.43259
1.2376
1.8768
1.9065
1.4352
1.4027
1.6925
1.8327
1.8978
1.5666
1.2729
1.2255
0.96924
0.9468
1.0678
0.95539
0.51535
-0.023157
0.34779
0.15719
0.058347
0.057344
-0.037794
-0.056142
-0.0037829
0.018075
0.023048
0.025219
0.027093
-0.020347
-0.016855
0.01725
0.022191
-0.0035837
-0.019873
-0.019225
-0.019071
-0.026486
0.065056
0.17536
-0.075647
-0.4395
-0.2443
-0.012516
0.022463
-0.0010554
0.000758
-0.00046935
-0.02013
-0.0031776
-0.009627
-0.00044873
4.1679e-05
0.0074076
0.030137
0.0010271
-0.023879
0.026989
0.0074369
-0.0073719
-0.023566
-0.048166
-0.052075
0.0095345
0.054979
0.064765
0.12157
-0.10501
0.023175
0.012045
0.013189
-0.0044114
-0.025612
0.02284
0.00015537
-0.0011275
0.019682
0.013069
-0.0051027
0.013192
0.084539
0.054812
0.0096311
0.10112
-0.00063793
0.011633
-0.10552
2.0428
1.7229
1.1691
0.90958
1.3128
1.5009
1.6093
1.8715
1.6431
1.4455
1.3136
1.1482
0.95023
0.97424
1.0286
0.8283
0.32367
-0.11843
0.16975
0.12997
0.038325
-0.053574
-0.019926
-0.0098865
0.013696
0.027571
0.021419
0.0037649
-0.034299
-0.011549
0.028053
0.040894
0.0043903
-0.016997
-0.00016614
-0.013642
-0.019703
0.045878
0.18865
0.024153
-0.43551
-0.41038
-0.030155
0.024058
0.014799
-0.014494
-0.0014067
-0.027045
0.0047014
-0.0063771
-0.0012535
0.00081233
0.0015609
0.003176
0.017021
0.010328
-0.017939
0.017166
0.0061006
-0.013351
-0.021657
-0.043041
-0.054965
-0.10134
-0.017022
-0.038148
0.10936
0.024197
-0.037878
0.025645
0.015532
0.0002137
-0.022412
0.028811
0.0033194
-0.0006966
0.019311
0.02371
0.016992
-0.026775
0.11462
0.045454
-0.010489
-0.021379
0.04188
0.039864
-0.0031681
-0.078813
0.39978
1.3309
1.9983
2.0071
1.3758
0.94842
0.85719
0.86145
0.99151
1.7318
1.6656
1.6248
1.6177
1.4433
1.1868
1.0016
1.0386
1.0355
1.1677
0.95231
-0.15922
-0.19782
0.24818
0.040862
-0.033318
0.00071141
0.00088966
0.006909
0.0049506
0.0010656
-0.0028122
-0.0062788
0.00031504
0.00086204
-0.0088124
-0.008889
-0.0038173
-0.0034724
-0.016161
-0.012146
-0.029374
0.2116
0.18244
-0.38615
-0.62958
-0.11896
0.034764
0.021928
-0.010805
-0.004887
-0.033752
-0.018021
-0.010793
0.0033956
-0.00052789
-0.0097526
0.009819
0.0088596
0.0032904
0.011668
0.015669
-0.0050726
-0.016827
-0.032125
-0.042439
-0.024588
-0.021618
-0.20306
-0.28811
-0.52605
-0.79889
-0.1535
0.083169
-0.023115
0.074436
0.026774
0.026148
-0.0046455
0.0011978
0.014435
0.0041799
0.013997
-0.011773
0.079422
0.071748
0.079862
-0.034984
0.021494
-0.064004
1.295
2.176
2.0114
1.3217
0.91188
0.6503
0.69885
1.3426
1.5107
1.7689
1.6727
1.134
1.1364
1.0983
1.084
1.0044
1.0032
0.21208
-0.35512
-0.015347
-0.039797
0.012391
-0.0027266
-0.0078157
-0.0052759
-0.0044219
-0.0090456
0.0032758
-0.0052882
-0.0016497
-0.0023726
-0.0059349
-0.021944
-0.026373
0.092547
0.24762
-0.24336
-0.74104
-0.303
-0.012232
0.028315
0.0023162
-0.0050421
-0.013313
-0.0064883
0.0022986
0.0014485
0.0088672
-0.010584
-0.01449
-0.0060386
0.0022258
0.0044653
0.0079789
0.0091349
-0.035946
-0.059397
-0.046938
-0.011733
-0.078011
-0.23484
-0.36195
-0.72027
0.069267
-0.0085332
0.069348
0.023859
0.023026
-0.043348
0.022639
-0.00023955
0.0020323
0.0053261
0.012903
0.002005
0.061785
0.11037
0.049104
-0.036388
0.13664
0.97785
2.137
2.3304
1.1499
0.99473
1.0794
1.0438
0.64727
1.1227
1.8256
1.6742
1.6163
1.5423
1.3022
0.9869
1.074
1.1641
1.073
1.1677
0.52199
-0.38958
0.16976
-0.048668
-0.0098798
-0.0036832
-0.013157
-0.0087908
-0.016804
-0.00064129
-0.0034828
-0.0048737
-0.0071406
0.0063239
0.000131
-0.01164
-0.011668
0.06472
0.21979
-0.079662
-0.73962
-0.75091
-0.61827
0.053681
-0.0013985
-0.021927
-0.021402
-0.011847
-0.0043382
0.024504
0.012829
0.01241
-0.001135
-0.0060585
0.0017706
0.020032
0.016278
-0.010312
-0.012054
-0.064256
-0.046803
-0.05217
-0.3629
-0.31335
-0.7475
-0.53333
0.02189
0.0925
-0.021299
0.080654
0.017858
-0.00015405
0.025179
-0.00016991
0.00066214
-0.0018068
0.0010638
-0.0053237
0.037105
0.09903
0.023702
-0.043737
-0.040703
0.018193
0.60596
1.89
2.4536
1.5931
0.88776
0.76069
0.74125
0.57291
0.94275
1.5357
1.4524
1.2269
1.711
1.4462
1.1725
0.96429
1.0329
1.0065
1.147
0.5856
0.32744
-0.049616
0.0025854
-0.017567
-0.006554
0.0030561
0.0016201
0.001328
-0.0044761
0.010408
0.012999
0.0017772
0.0082137
-0.006602
-0.017884
0.0074819
0.12425
0.054926
-0.36966
-0.58267
-0.061713
0.01879
0.005892
0.0012328
-0.0079071
-0.02636
-0.0075574
0.021979
0.0099722
-0.016375
-0.023424
-0.0015901
0.00093341
0.0053151
0.0071928
0.0034093
-0.0094788
-0.029994
-0.022064
-0.06031
-0.028952
-0.13895
-0.476
-0.58072
-0.1836
0.093938
-0.0090357
0.026459
0.039509
0.034527
-0.022509
-0.025796
0.0067503
-0.00098885
0.00036087
0.019181
-0.022581
0.12807
0.091249
0.00057126
-0.011176
0.058455
0.023337
0.71054
1.4768
0.91149
0.64311
0.82083
1.2033
1.0804
0.83378
1.4012
1.5735
1.8313
1.7318
1.2364
1.0203
1.1748
1.3668
1.1325
0.81113
0.58044
0.11667
0.34566
-0.088468
0.10993
-0.039402
-0.040659
-0.0092007
-0.030866
-0.029117
0.020158
0.01329
0.014384
0.0019588
-0.0059045
-0.015683
-0.025931
0.10354
0.24119
0.16558
0.096607
0.057054
0.052114
0.043794
0.098551
0.22007
0.16038
0.0046733
-0.029624
-0.041978
-0.045606
-0.030853
-0.012282
-0.014036
-0.018486
-0.022495
-0.044148
-0.033165
0.0014792
0.01388
0.013757
-0.086852
-0.35773
-0.77101
-0.32387
-0.098387
0.035684
0.03669
-0.0017979
-0.046278
-0.02507
-0.016691
-0.011228
-0.0021511
0.010198
0.03329
0.038356
0.039076
0.01201
0.022044
-0.038875
-0.086823
-0.087073
-0.056694
-0.25735
-0.90071
-1.5136
-1.5169
-1.5531
-1.5524
-0.59606
0.017657
0.2389
-0.16444
-0.32549
-0.090021
0.33803
0.15469
0.28529
0.26303
0.29092
0.21724
0.33188
0.41621
-0.14121
-0.19627
0.18005
0.0060662
-0.01107
0.056761
-0.060826
-0.021269
-0.11884
-0.022026
0.036144
0.00044277
-0.0065856
0.037639
0.01788
0.071693
-0.043285
-0.019314
0.048987
0.0021875
0.12561
0.0029956
0.027714
-0.0076947
-0.026219
-0.0094116
-0.0046247
-0.0050536
0.026687
-0.014926
0.0011423
-0.012318
-0.011386
-0.0089881
-0.017697
-0.025515
-0.0098161
0.0093862
0.01841
0.018517
0.036873
-0.01102
-0.10962
-0.79635
-0.77563
-0.46286
-0.52081
-0.18638
0.014336
0.029166
-0.0096505
0.0080892
0.0045092
0.010153
0.0094315
-0.02101
-0.0093771
-0.0011886
0.0036725
0.05406
0.026579
0.027343
-0.00063789
-0.055347
-0.055602
-0.08602
-0.027073
-0.24915
-0.93635
-0.53028
-0.26006
0.41408
0.40418
0.14809
0.14292
0.19543
-0.53287
0.055349
0.27714
0.4244
0.49213
0.47981
0.37189
0.41124
0.17776
0.074634
-0.015724
-0.1115
0.067168
-0.015015
0.017255
0.03194
-0.0082132
-0.05307
-0.13335
-0.070112
0.066774
0.038795
0.10132
0.071299
-0.066407
0.0038093
-0.12591
-0.30758
-0.046797
0.0013614
0.066926
0.048985
0.050641
0.051828
0.041858
-0.010593
-0.068622
-0.024031
-0.013738
-0.0032077
-0.0039614
1.5137e-05
-0.010289
0.006173
0.013636
0.01044
-0.0019054
-0.018331
-0.010769
-0.0016954
-0.016761
0.023907
0.014222
-0.034017
-0.52534
-1.0798
-0.89715
-0.21376
-0.22676
0.018848
0.039257
-0.0037742
-0.0076352
0.003521
-0.011131
-0.025474
-0.021674
-0.015059
-6.053e-05
-0.00018004
0.013003
0.022811
0.031364
0.024995
-0.023001
-0.04757
-0.087919
-0.035784
-0.8737
-1.5863
-1.6617
-0.94584
-0.95737
-0.010817
-0.040554
0.1868
0.48835
0.31204
-0.14218
-0.5226
0.33975
0.32903
0.31306
0.30873
0.30822
0.073727
0.25412
0.1353
-0.22296
0.10148
0.021427
0.023349
-0.0033714
-0.0033748
-0.030583
-0.009021
0.043973
0.023686
0.023557
0.05029
-0.030312
-0.0044753
-0.0043309
-0.10283
-0.086132
-0.036177
-0.1249
-0.039153
0.096276
0.079824
0.099505
0.032882
0.042901
-0.002709
-0.063695
-0.015139
-0.019133
0.00078236
-0.0020037
-0.0085666
0.0015959
-0.0058798
-0.00039146
-0.007555
-0.015727
-0.0059217
-0.0072684
-0.0018011
0.014441
-0.00039514
-0.4279
-0.72512
-0.80555
-0.54718
-0.38934
-0.21852
0.048537
-0.031129
-0.016235
0.0028425
-0.013558
-0.018295
-0.006472
-0.010121
-0.0013217
0.0037398
0.034471
0.023458
0.023832
0.032696
-0.055714
-0.051284
-0.033087
-0.050826
-0.012966
-0.38484
-1.1145
-1.7363
-1.7283
-0.92602
0.03816
0.15727
0.12534
0.40537
0.70735
0.26064
0.1814
0.15526
0.16329
0.45269
0.26412
0.22729
0.32187
-0.056026
-0.156
-0.0052021
0.027188
-0.068995
0.068265
0.021723
-0.08505
-0.20245
-0.10508
-0.020745
0.071976
0.057238
0.014053
0.056468
-0.0050495
0.028752
-0.077648
-0.08008
0.063517
-0.077682
0.014074
0.14695
0.10949
0.07971
0.027919
0.030294
-0.019789
-0.050271
-0.018513
-0.00085029
0.0035966
-0.01295
-0.013096
7.6689e-05
0.0031331
-0.012664
0.012383
-0.00033756
-0.014603
-0.0046179
-1.9064e-05
-8.6732e-05
-0.0093718
-0.12742
-0.77799
-0.77918
-0.44062
-0.20191
-0.11228
-0.0033193
-0.0035082
0.0051021
0.0020368
-0.016403
-0.01851
-0.018799
-0.0036305
-0.00026492
0.0054244
0.037688
0.028588
0.025691
-0.027322
-0.061705
-0.052283
-0.051609
-0.17633
-0.68269
-1.5705
-1.8983
-1.2296
-0.1935
0.3665
0.093176
0.29071
0.60685
0.65635
0.089175
-0.40661
0.0021613
0.29971
0.552
0.22222
0.26824
0.069328
-0.0035038
-0.057215
0.076111
-0.010282
0.017918
0.037939
-0.01992
-0.052789
-0.046722
-0.064046
0.05346
0.057871
0.036314
0.069965
0.069664
-0.020003
-0.10551
-0.19354
0.014725
-0.057027
0.013568
0.089966
0.071685
0.12054
0.12377
0.031493
-0.044196
-0.043817
-0.023497
-0.023358
0.0054269
-0.0012967
-0.013542
-0.003065
-0.0029989
-0.0062458
0.00033846
0.0094858
-0.00064689
-0.0029514
0.0086283
0.0086177
0.022835
-0.013737
-0.21989
-0.68893
-0.82009
-0.41611
-0.14187
-0.11459
-0.04903
0.024351
-0.012388
-0.0085886
-0.013127
-0.011948
-0.024093
-0.017225
-0.0012485
-0.0081881
0.055869
0.021586
0.024089
0.018969
-0.03973
-0.023793
-0.036905
-0.041088
-0.078611
-0.56321
-1.3564
-1.7953
-1.2446
-0.37615
0.042794
0.26951
0.40673
0.40037
-0.33378
0.012616
0.017977
0.25211
0.31707
0.14793
0.23032
0.21758
-0.010575
0.13145
-0.15726
0.03906
0.02465
-0.04561
0.062251
0.019904
-0.063647
-0.09231
-0.090062
0.014025
0.039117
0.063182
0.09517
0.07572
-0.0027595
-0.095063
-0.19239
-0.16433
-0.055252
-0.0065353
0.1571
0.10044
0.18656
0.084028
0.034118
0.016354
-0.047329
-0.024045
-0.018028
-0.0056131
0.0067786
-0.0014942
0.018236
-0.0048103
0.0083563
-0.0036869
-0.0038416
-0.01038
-0.011244
0.019368
0.0049566
-0.08454
-0.50448
-0.75008
-0.59752
-0.27136
-0.22128
-0.05262
0.048204
-0.016429
-0.0057428
0.0092885
-0.0046141
-0.013523
-0.015675
-0.033796
-0.018399
0.0029364
0.022135
0.041652
0.022844
0.025675
-0.015319
-0.02637
-0.040889
-0.052029
-0.074419
-0.70131
-1.2333
-1.2634
-1.1611
-0.70187
-0.019871
0.49838
0.46604
0.56844
0.41078
0.31457
-0.12666
-0.30826
0.048424
-0.08977
0.16801
0.30203
0.32647
0.18276
-0.14074
0.001021
0.01252
-0.025729
0.066878
-0.012482
-0.063135
-0.16992
-0.15044
-0.041468
0.092566
0.1071
0.019795
-0.028046
-0.030476
-0.05342
-0.095191
-0.11566
-0.05096
-0.11717
-0.026469
0.12468
0.15895
0.10647
0.038276
0.024604
-0.048203
-0.010755
0.001176
-0.0074494
-0.030321
-0.0087181
0.012554
0.0057197
0.027654
0.014635
-0.0036742
-0.0025065
-0.012853
-0.014085
-0.0026926
2.6098e-05
-0.0042403
0.0066173
-0.038628
-0.14174
-0.55342
-0.62679
-0.44832
-0.44826
-0.13967
0.029029
0.0031919
0.0018688
0.001889
-0.02347
-0.0090137
0.0028509
-0.0023044
-0.0015132
0.010498
0.041496
0.043516
0.017892
0.021949
-0.022324
-0.01819
-0.041352
-0.090806
-0.090809
-0.12525
-1.4062
-1.7547
-1.1368
-1.1459
-0.82966
0.45135
0.45955
0.90849
0.78602
0.49752
0.7467
0.074478
-0.16507
-0.18567
0.088156
0.11528
0.037077
0.30259
0.091308
-0.11346
-0.0035874
-0.10712
0.023773
0.022819
-0.052357
0.049111
0.016483
0.0082236
0.0096993
-0.02896
-0.14375
-0.12435
-0.07346
-0.00017641
0.092087
0.0054253
0.075156
0.054802
-0.032309
-0.05358
-0.2572
-0.10268
-0.027283
0.071905
0.28253
0.2607
0.16289
0.0073639
0.027273
0.0041651
-0.047998
-0.018443
-0.017872
-0.0028189
0.025889
0.026051
-0.0069859
-0.00036945
0.0039596
0.018061
0.018061
-0.01253
-0.0048308
-0.014719
-0.0023731
0.0018439
0.029201
-0.034497
-0.16403
-0.61158
-0.85797
-0.48174
-0.078976
-0.13133
-0.035885
0.018011
-0.0021416
-0.0041398
0.0087421
-0.0091535
-0.016631
-0.014015
0.002209
0.02145
0.042191
0.029486
0.039202
-0.0074863
-0.038404
-0.014262
-0.059306
-0.027498
-0.23048
-0.84829
-1.4575
-1.5672
-0.88636
-0.049003
0.20782
0.65673
0.6786
0.41916
0.051604
-0.48189
-0.28381
-0.049898
0.28706
0.46908
0.30427
0.12787
0.16608
0.018739
0.10144
-0.19668
0.045565
0.021924
0.016567
0.057365
-0.065495
-0.086229
-0.10242
-0.041297
0.06266
0.10931
0.13355
0.048885
-0.076081
-0.069863
-0.17528
-0.16059
-0.13097
-0.1267
0.13465
0.21097
0.26021
0.074205
0.022281
0.00055119
-0.046571
-0.032877
-0.020943
0.0098377
0.015099
-0.0102
0.0090673
0.01129
0.0015625
-0.0058424
-0.007905
-0.010321
-0.017685
0.034643
-0.05821
-0.27519
-0.70281
-0.93574
-0.48291
-0.23341
-0.078884
-0.023691
-0.0025379
-0.0050977
0.0044916
0.023556
-0.010213
-0.017068
-0.014588
-0.021621
-0.0094172
-0.0010228
0.057102
0.034968
0.035005
0.02003
-0.055361
-0.070912
-0.14813
-0.84403
-1.575
-1.5375
-0.44924
-0.086202
-0.092581
0.47418
0.26662
0.11215
0.10675
-0.49363
-0.26413
0.24966
0.16794
0.17566
0.24057
0.23923
0.17124
0.36324
0.3737
-0.04835
-0.066331
-0.043584
0.031955
-0.01374
0.038794
0.0031441
-0.092433
-0.18445
-0.18449
-0.17476
0.098475
0.098409
0.056926
0.067276
0.056881
-0.08557
-0.005649
-0.1132
-0.13201
0.072793
0.21656
0.27405
0.033042
0.033446
-0.044498
-0.0014791
0.0011236
0.0041536
0.0074339
0.01533
0.012264
0.0050517
0.011767
0.010173
0.011293
-0.0060924
-0.0065996
-0.0067084
-0.0018453
-0.0052405
0.0041812
-0.006977
-0.082301
-0.37932
-0.79436
-0.76034
-0.32632
-0.16946
-0.13905
0.028525
0.039019
-0.0091596
-0.012764
-0.023531
-0.020209
-0.00043912
0.009841
0.0073972
0.0097265
0.030885
0.036585
0.030174
0.024521
-0.02487
-0.0059492
-0.023061
-0.071847
-0.078063
-1.2864
-0.8591
-0.071957
0.51876
0.63633
0.5578
0.60951
0.2245
-0.50432
-0.33727
0.28259
-0.010674
0.17669
0.48444
0.25035
-0.047861
0.0044007
-0.043751
-0.0087862
0.041984
-0.076503
0.061104
-0.017451
0.025842
0.10047
-0.044533
-0.12963
-0.17932
-0.12305
0.038132
0.12627
0.022291
-0.0029857
-0.037879
-0.087076
-0.21191
-0.021624
-0.077027
-0.065419
0.18055
0.022677
-0.015993
-0.050843
-0.030675
-0.0076422
0.012723
-0.0023395
0.017183
0.016978
0.011195
0.0066369
0.012523
0.019075
0.0059612
-0.0056557
-0.012026
-0.0087788
0.0034932
0.0053356
0.02398
-0.070705
-0.14886
-0.51032
-0.77671
-0.45903
-0.080688
-0.16227
0.020037
0.012986
-0.0064952
-0.014364
-0.012297
-0.0079931
-0.01108
0.016278
0.0041686
0.021474
0.034048
0.031385
0.01929
-0.055683
-0.1075
-0.14587
-0.9833
-1.8523
-1.5026
-0.75194
0.186
0.5769
0.64944
0.43863
0.32957
-0.00050797
-0.54553
-0.34177
0.10882
0.074974
0.51127
0.51595
0.27155
0.2074
0.1711
0.31846
-0.0044219
0.093634
-0.12157
0.019866
0.0072104
0.011575
0.091775
0.014856
-0.1055
-0.12603
-0.13238
-0.060882
0.0898
0.064766
0.086044
0.036306
0.036496
-0.09691
-0.24214
0.31384
0.32401
0.077247
0.010905
0.011122
-0.010654
-0.035437
-0.0021181
0.002216
-0.0011706
0.017857
0.0045485
-2.6692e-05
0.0021435
0.021972
-5.3584e-06
-0.0029047
-0.0093977
-0.0094427
-0.011959
-0.0081876
0.016209
0.016168
-0.045477
-0.12721
-0.55415
-0.84277
-0.5254
-0.078829
0.0027586
-0.00097362
-0.013345
-0.016503
0.0073578
-0.0067711
-0.008684
0.013696
0.045664
0.028309
0.007293
-0.0038077
-0.094675
-0.14007
-0.24529
-0.42219
-0.62272
-0.91295
-1.3426
-1.3073
-1.2939
-0.60141
-0.30635
-0.32029
0.45189
0.8131
0.25152
-0.59723
-1.1838
-0.889
-0.54096
-0.54897
-0.53975
-0.54174
-1.2773
-1.4916
-0.2183
-0.003535
0.029096
0.0060368
-0.028543
-0.038632
-0.098786
-0.061985
-0.031094
0.0091479
0.0022052
-0.026913
0.012229
0.043783
0.020814
-0.0082178
0.11557
0.40554
0.65284
0.68324
0.38897
0.072388
0.1108
0.041866
0.037931
0.04141
0.0022329
-0.017894
-0.0075032
-0.0011959
-0.0021275
-0.032248
-0.022491
-0.0033593
-1.2684e-06
-0.0056652
-0.011358
-0.013543
-0.013027
-0.012974
-0.0057967
0.0079686
-0.02672
-0.061294
-0.19334
-0.68527
-0.34295
-0.08099
-0.059646
-0.057726
0.050688
0.016282
-0.0074313
0.00024911
0.00042013
0.011435
0.0054496
-0.0007582
0.044334
-0.0099743
0.016791
-0.10152
-0.17082
-0.18725
-0.25435
-0.69416
-0.87853
-0.60839
-0.57922
-1.068
-1.3609
-1.1941
-0.65511
-0.50487
-0.23596
-0.042904
-0.57527
-0.64325
-1.0065
-1.562
-1.6367
-1.4821
-1.0881
-1.4577
-1.5654
-0.073298
0.031071
-0.043964
0.019176
-0.00098358
-0.020711
-0.040692
-0.059156
-0.023775
0.030672
0.010232
0.019774
0.0041391
-0.0021943
0.0012793
0.0036729
0.016414
0.032606
0.20378
0.40561
0.3416
0.33517
0.14332
0.10225
0.042051
0.03696
0.041421
0.0072322
-0.026376
-0.0089159
0.0032354
-0.0035782
-0.0083735
-0.020698
-0.019493
-0.0045923
-0.021771
-0.018524
-0.022943
-0.012437
-0.0035865
0.0007308
0.0098149
-0.023554
-0.65265
-0.65336
-1.0635
0.0043003
0.091561
0.081544
-0.011709
0.059991
0.0090143
-0.0002621
-0.00024488
0.010716
0.010882
0.0021247
0.0043609
0.0053661
0.032262
0.0078289
0.0033801
-0.011938
-0.013345
-0.15224
-0.27119
-0.48378
-0.6081
-0.60468
-0.19695
-0.45887
-1.1227
-1.1437
-0.90743
-0.6992
-0.73453
-0.76416
-0.34935
0.0067953
-0.23671
-0.66248
-1.1696
-0.9698
-1.027
-1.4511
-1.1459
-1.511
-0.54495
-0.016972
0.22752
0.037539
0.047814
0.027141
-0.02647
-0.033662
0.021159
0.021609
0.0085236
0.013883
0.041122
0.067537
0.061912
0.018148
0.023846
0.040437
0.26997
1.0782
1.2784
0.88861
0.14996
0.045017
0.03521
0.079416
0.029331
-0.012418
-0.02933
-0.016292
-0.0090278
-0.020701
-0.023042
-0.016248
-0.013933
-0.017962
-0.0062423
0.00017957
0.0018358
-0.039576
-0.034974
-0.37065
-0.95172
-1.0075
-0.5238
0.027196
0.26967
0.090848
0.024118
0.030649
-0.0039448
-0.0098631
0.0021176
-0.0017387
-0.0012611
-0.00028521
0.013837
0.029871
0.014107
0.0080598
0.0013336
-0.0011693
-0.10545
-0.12685
-0.2164
-0.2602
-0.46217
-0.31403
-0.2578
-0.8292
-1.3695
-1.4471
-1.0579
-0.35955
-0.53861
-0.73074
-1.0136
-1.0133
-1.2281
-1.1252
-0.87503
-0.78022
-1.4014
-1.7109
-1.549
-0.55073
-0.10689
0.078021
0.021264
0.042296
0.035747
-0.020514
0.012137
0.013249
0.015707
-0.026237
0.051876
0.15901
0.05786
0.017136
0.015207
0.0020486
-0.0058102
0.30314
0.90122
1.2184
0.92787
0.22041
0.044265
0.064166
0.057132
0.05402
0.043111
-0.029341
-0.0062692
0.013161
0.0097244
-0.0035268
-0.016776
-0.023708
-0.016605
-0.013979
-0.007848
0.0059585
0.0065832
-0.02174
-0.036865
-0.12725
-0.61242
-0.99227
-0.28495
-0.20178
-0.082568
0.083951
-0.0076368
0.0324
0.014274
0.014125
0.00010382
0.0066601
0.010039
0.0010842
0.0026223
0.0013423
0.0077834
0.040233
-0.012497
0.011096
-0.073032
-0.15155
-0.17315
-0.27253
-0.21382
-0.20848
-0.072907
-0.88877
-0.88987
-1.5591
-1.1938
-1.1141
-0.87767
-0.87981
-0.70139
-0.3373
-0.36155
-0.69723
-1.4619
-1.2384
-1.123
-1.1257
-1.0026
-1.6671
-0.93968
-0.89646
-0.083815
0.028893
0.014094
0.028771
-0.00052113
0.052436
0.1164
0.12239
-0.0036323
-0.03258
0.096762
0.06036
-0.0012301
0.052373
0.03579
0.00046361
0.004875
0.07111
0.48169
1.179
0.50246
0.032893
0.05623
0.048037
0.054603
0.054887
0.019405
-0.0097909
-0.0027084
0.0083177
-0.0031757
-0.035184
-0.025003
-0.011986
-0.0084353
-0.020989
-0.011095
-0.013861
-0.016322
-0.010544
-0.0026927
0.0077185
0.010069
-0.025605
-0.038002
-0.26135
-0.88393
-0.3622
-0.11486
0.077734
0.18806
-0.010353
0.073507
0.020984
0.0039346
0.00053117
-0.0024276
0.013071
-0.012601
-0.0051249
0.0015928
-0.0050257
0.023998
0.010357
0.01116
-0.024636
-0.18228
-0.23494
-0.18932
-0.36155
-0.2168
-0.013315
-0.74257
-1.5318
-1.5612
-1.2914
-1.0724
-0.86227
-0.70024
-0.40274
-0.095969
-0.1395
-0.93813
-1.1315
-1.3247
-1.545
-1.4277
-1.1196
-1.1478
-1.1116
-1.1186
-1.0295
-0.75993
-0.0031276
0.19468
-0.097293
0.062182
0.1584
0.03309
-0.040216
0.057575
0.08567
0.07115
0.055827
0.15017
-0.032405
-0.070442
0.40222
0.97339
0.87281
0.70321
0.20677
0.083772
0.071504
0.065125
0.048359
0.051175
0.0006698
-0.031799
0.0053761
0.010991
-0.021245
-0.045842
-0.016001
0.0024312
-0.0063717
-0.02191
-0.02243
-0.018887
-0.015632
-0.0047181
-0.017635
-0.08573
-0.3467
-0.69251
-0.24685
-0.30282
-0.13606
0.028944
0.025555
0.0030291
-0.0080573
-0.00070064
0.0043421
0.0014503
0.0052605
0.0020821
-0.0021591
0.006313
0.011365
0.0015317
0.0082807
-0.13292
-0.20879
-0.25661
-0.18861
-0.21611
-0.27452
-0.84363
-1.6049
-1.7467
-1.3998
-1.0036
-0.69806
-0.84378
-0.56275
-0.27384
-0.6744
-1.007
-1.1099
-0.8962
-0.99161
-0.91636
-1.2082
-0.54715
-0.036347
0.0015371
0.0082414
-0.0024113
0.019923
0.016016
0.0080533
0.0079655
-0.0013278
0.0048868
0.019355
0.060066
-0.020601
-0.01391
0.020495
0.016311
0.71896
1.0894
0.89146
0.30719
0.056028
0.066265
0.071097
0.070915
0.06619
-0.024468
0.027437
0.0094174
0.0094949
-0.016461
-0.00686
-0.0068465
-0.00516
-0.016406
-0.025348
-0.017351
-0.014082
-0.013447
0.0030865
-0.0014373
-0.061693
-0.51125
-0.50852
-0.11442
-0.17709
-0.079389
0.070358
0.01233
0.010243
0.0004387
0.001706
0.0018354
0.00090498
0.0076005
0.0010307
0.00083385
0.013078
-0.01047
0.022074
-0.092867
-0.18465
-0.1535
-0.26686
-0.17803
-0.29315
-0.34411
-1.2889
-1.6017
-1.4487
-0.95222
-0.93771
-0.66492
-0.63776
-0.36797
-0.50459
-0.62513
-1.1458
-0.84594
-1.2283
-1.35
-1.3685
-1.1735
-0.84804
-0.06056
0.014996
0.013182
0.0010517
0.0066597
0.015652
0.020384
0.016975
0.017548
0.056873
0.027219
-0.00014464
-0.0062225
-0.049519
-0.0022446
-0.053484
0.014732
0.022287
0.53418
0.12393
0.059678
0.043164
0.067066
0.054282
0.025669
-0.015672
-0.00027652
0.0043429
-0.036956
-0.022857
0.0023049
-0.0072418
-0.01692
-0.01987
-0.014027
-0.027472
-0.01922
-0.0028724
0.0043173
-0.0070188
-0.0057281
-0.3391
-0.3928
-0.13549
0.039147
0.0059108
0.021701
0.0071169
0.008259
-0.0043898
-0.0028727
-0.00013312
0.0022856
-0.00024227
-0.0029685
0.011466
-0.0033435
0.011703
-0.051884
-0.12462
-0.21469
-0.19606
-0.29348
-0.44307
-0.82413
-1.354
-1.599
-1.6096
-0.98724
-0.79029
-0.64487
-0.67786
-0.4819
-0.56655
-1.483
-1.1827
-0.98309
-0.88304
-0.9524
-0.87209
-1.3022
-0.62019
0.0092203
0.0035448
-0.014343
0.0039084
0.0059644
0.013893
0.025172
0.0059102
0.024241
-0.015523
-0.026338
0.00064232
-0.18982
-0.03215
0.064424
0.77532
0.86053
0.65042
0.20681
0.042269
0.041355
0.057199
0.068371
0.03283
0.0056456
0.0031375
0.0093707
0.00062528
-0.028497
-0.0079479
-0.014713
-0.0038559
-0.016099
-0.013192
-0.0055985
-0.021318
-0.005971
0.0079755
-0.0060496
-0.024484
0.018256
-0.014212
-0.013861
-0.15395
0.015055
0.018705
0.0095161
0.012757
0.0073705
0.010778
-0.0013869
-0.0023483
-0.0012138
-0.0013257
0.0063279
0.0081928
0.025858
-0.015323
-0.050728
-0.050787
-0.061774
-0.058359
-0.012046
-0.071592
-0.25166
-1.0619
-1.3408
-0.79752
-0.21712
-0.24372
-0.11287
-0.095993
0.075285
-0.11644
-0.15014
-0.34143
0.30766
0.090257
0.021771
0.13413
0.059794
-0.0094413
0.034701
0.018072
-0.011317
-0.015671
0.030451
0.0069412
0.0092718
0.013977
-0.012859
-0.013335
-0.0097593
-0.0092801
0.021468
0.023976
0.029221
-0.002182
-0.00059906
-0.021726
-0.08773
0.024717
-0.054574
0.078158
0.063338
0.015037
0.060831
0.022848
0.025393
-0.0016544
0.013925
0.0074184
0.0031898
-0.009288
-0.009028
-0.0096516
0.0095883
0.0030001
-0.0019237
-0.0018544
-0.0071472
-0.0026079
-0.001088
0.00097575
0.016798
-0.015929
-0.028066
0.06404
-0.065244
-0.10351
0.05582
0.0083406
0.023358
-0.010765
-0.010149
-0.010143
-0.013189
-0.0056945
0.0053972
0.0084421
0.0044149
0.019953
0.023149
0.0066174
0.010658
-0.05433
-0.068259
-0.055134
-0.041622
-0.35723
-0.78549
-1.6756
-1.7527
-1.3084
-0.046944
0.6808
0.69935
0.81367
0.8771
-0.18442
-0.11705
0.20714
0.56019
0.80602
0.79637
0.27189
0.24754
-0.15172
0.13382
0.048564
-0.020753
-0.036055
-0.02731
-0.017978
0.0053232
0.017965
0.0072026
0.0024884
-0.0037473
-0.0094117
0.024651
0.045873
0.029737
0.05237
0.028855
-0.033914
-0.087646
0.025598
-0.010249
0.048499
0.032153
0.029803
0.064256
0.15402
0.038901
-0.018486
-0.026881
-0.02683
-0.029401
-0.021054
0.0060538
0.0012109
0.0012214
0.0019151
-0.01122
-0.016415
-0.010491
-0.0029562
-0.0026863
0.013082
-0.00065238
-0.009934
0.020424
0.052928
-0.093271
-0.056556
-0.00036517
0.0089689
0.0053516
-0.00021589
-0.018319
-0.01729
-0.0061467
0.008216
0.00059863
0.0061082
0.0032687
0.026632
0.024389
-0.0020788
0.011283
-0.014744
-0.047403
-0.068782
-0.13954
-0.11249
-0.5528
-1.1592
-1.2786
-1.3504
-1.0888
-1.0813
0.36737
0.56142
0.55124
0.29103
0.54034
0.46765
0.47796
0.16364
-0.28765
-0.2593
-0.24541
-0.10043
0.0058177
-0.019476
-0.0098549
-0.0099711
0.0029999
0.040004
0.040405
0.013658
-0.011338
-0.013128
0.030007
0.072729
0.11176
-0.05335
-0.02257
0.040935
-0.018923
-0.08231
0.037655
0.12477
0.081684
0.021763
0.024761
0.027072
0.0086692
0.0011238
0.0088182
0.021029
-0.0055492
-0.0042558
-0.0093791
-0.0098823
0.0086193
0.016909
-0.0025327
0.0014896
-0.0077186
-0.023731
-0.019029
-0.0090008
-0.016176
-0.01521
0.0024289
-0.045262
-0.02496
-0.0066765
0.0047645
0.013712
0.0097692
-0.018404
-0.0079654
-0.0059488
-0.010777
-0.0082924
0.0063812
-0.0070455
0.021016
0.027707
0.0069079
-0.017025
-0.043978
-0.04486
-0.10564
-0.23599
-0.78315
-1.3308
-1.4775
-1.1944
-0.7293
0.074609
0.68306
1.0255
1.1413
-0.19267
0.17419
0.39204
0.61434
0.72568
0.64525
0.31413
0.25948
-0.064341
0.01735
-0.019151
0.0059042
-0.019096
-0.013281
0.035815
0.0080088
0.027283
-0.0017162
-0.0069848
-0.0083833
-0.008707
0.0063485
-0.040661
-0.091342
-0.1363
-0.059785
0.030475
0.073994
0.10978
0.086706
0.032396
0.039557
0.04092
0.039095
0.047457
-0.0040479
-0.00031641
-0.012776
-0.03246
-0.043779
-0.019153
-0.0015291
0.019516
-0.0048655
-0.0042324
-0.0041527
-0.022011
-0.0085716
-0.0029878
0.006781
0.0050657
0.010243
0.019928
-0.080031
-0.049323
-0.05516
-0.031561
0.029847
-0.012349
-0.014529
-0.010488
0.0012476
0.018498
0.018786
0.013749
0.0096337
0.0094397
0.016794
0.0017286
-0.043593
-0.070136
-0.12443
-0.11081
-0.25461
-1.1112
-1.6294
-1.5405
-0.80205
-0.16967
0.22075
0.94438
0.99871
0.98626
0.61934
0.28815
0.2612
0.51497
0.35504
0.3684
0.040993
-0.089388
-0.002736
-0.0051476
0.022227
0.018139
0.016983
-0.035975
0.014798
-0.0040096
-0.008886
-0.013244
-0.013318
-0.031664
0.0018427
0.027219
0.10131
0.055617
-0.0034391
-0.050722
-0.11941
0.046921
0.04669
-0.011109
-0.0030728
0.092648
0.116
0.11558
0.037184
0.041452
0.04535
0.04713
0.047109
0.04104
0.0022269
-0.018898
-0.019102
-0.019251
0.016213
-0.0052176
-0.0052169
0.0038597
-0.010192
-0.024989
-0.024243
-0.0075107
-0.004845
0.0030531
-0.0010637
-0.021574
-0.061827
-0.046235
-0.082568
-0.079769
-0.030022
-0.00064136
0.0081516
0.018464
-0.003679
-0.0070323
-0.0080425
-0.0051032
-0.010337
0.00083819
0.0018661
0.0044004
0.010578
0.024495
0.019492
0.012475
-0.016129
-0.051567
-0.12846
-0.22839
-0.38426
-1.1458
-1.2263
-1.1235
-1.4609
-0.74901
-0.074644
0.40263
0.78221
1.0816
1.5258
0.55399
0.43132
0.21935
-0.0076599
0.53857
0.42803
0.25704
0.29248
-0.11867
-0.2422
-0.079885
0.006296
0.0045915
-0.025957
-0.00031882
0.046805
-0.014285
-0.016551
0.043849
0.021908
-0.020203
-0.036884
-0.069327
0.027468
0.066742
0.066554
0.070516
0.02705
-0.094733
-0.07607
0.073732
-0.016018
-0.019042
0.14531
0.043451
0.053261
0.041613
0.041044
0.055229
0.052959
0.0092319
-0.0020683
0.010846
-0.02649
0.02362
0.012843
-0.0033893
-0.0012335
-0.02363
-0.031248
-0.023462
-0.011148
-0.0097837
0.0028016
0.012807
-0.055786
-0.10364
-0.063075
-0.13688
-0.044954
-0.0044292
0.004019
0.029888
0.022135
0.0010981
-0.013273
-0.0030945
0.0016464
0.0041133
0.0003531
0.014677
0.0099678
0.04432
0.019649
0.0086964
0.0049512
-0.073881
-0.080541
-0.16732
-0.2566
-0.67155
-1.2817
-1.1886
-1.1272
-0.93059
-0.3005
0.48174
0.95384
1.3131
1.1632
0.86482
0.32976
-0.35167
0.098827
0.55888
0.45342
0.084699
-0.012187
-0.042437
-0.011065
0.008332
0.0054728
0.019611
-0.010082
0.020785
0.021054
0.0088792
-0.0081135
-0.016157
-0.0070555
0.021482
0.052823
0.057078
0.027927
-0.016039
-0.06609
-0.095944
0.022105
0.035744
0.10615
0.17823
0.17123
0.0738
0.094364
0.047809
0.040488
0.033829
0.053663
0.025312
-0.0093818
0.010688
-0.009044
-0.014163
-0.0035584
0.012799
-0.0019258
-0.013127
-0.017048
-0.0060319
0.0084882
0.030101
-0.047471
-0.15383
-0.045559
-0.091425
-0.055043
-0.055288
-0.0080541
0.013755
0.010095
0.021791
-0.011132
-0.0044245
-0.00346
0.0011629
0.0011453
0.029444
0.0065306
0.025789
0.022017
0.022044
0.012243
-0.047753
-0.16088
-0.15556
-0.15618
-0.51217
-1.8088
-1.481
-1.0622
-1.0699
-0.34232
0.2027
1.1139
1.0945
0.043474
-0.055745
0.26102
0.68996
0.63207
0.48342
0.19252
-0.16647
0.032815
0.030752
-0.0064665
0.00055898
-0.01393
-0.062024
0.0022648
0.019802
-0.0025283
0.0084042
-0.0085942
-0.0094615
-0.015686
0.012895
0.019831
-0.00077217
-0.051788
-0.12427
-0.018596
-0.020996
0.056534
0.049238
0.10533
0.018797
0.026687
0.0022925
0.034925
0.048625
0.014933
-0.0022132
-0.013035
-0.016865
-0.018483
-0.020656
1.9952e-05
0.021092
0.010137
-0.0068562
-0.0045243
-0.015416
-0.026363
-0.0042202
-0.006248
-0.0015217
0.0051064
0.013977
-0.05699
-0.062106
-0.0098907
-0.0051286
0.010655
-0.0045991
-0.0087765
-0.012212
0.00073634
-5.4377e-05
0.015629
0.030145
0.0095501
-0.0042882
0.026628
0.024257
0.014058
-0.062442
-0.058272
-0.11659
-0.089302
-0.53302
-0.93256
-1.5961
-1.5603
-1.366
-0.65259
0.34402
1.027
1.0054
1.3124
1.0264
0.27131
0.063062
0.68472
0.72573
0.44698
0.41227
0.095404
-0.20319
0.12767
0.010882
-0.01295
-0.0080101
-0.016065
0.0076468
0.00030729
0.013858
-0.0099611
-0.017411
-0.015001
0.043401
0.079733
0.088053
0.046554
-0.034711
-0.10698
0.038275
-0.029073
0.021096
0.027809
0.052946
0.031713
0.022427
0.015695
0.064531
0.052824
-0.0094709
-0.034995
-0.022118
-0.028205
-0.011036
0.0019825
0.019293
0.0045044
0.00092572
-0.0067641
-0.014999
-0.023777
-0.0069949
0.0020426
0.0014527
0.013546
-0.043592
0.0011165
-0.072581
-0.12015
-0.047168
-0.0012373
0.0067934
-0.011367
-0.0024192
0.0027228
0.022699
0.020552
0.0062429
0.017174
0.011836
-0.00091396
-0.0084027
-0.049883
-0.074734
-0.11702
-0.14281
-0.66627
-1.339
-1.4443
-1.3609
-0.93119
-0.50614
-0.048822
0.57697
0.97942
0.9777
0.55501
0.45521
0.2841
0.27951
0.52923
0.53878
0.53441
0.55607
-0.017748
-0.47347
0.0065168
0.003804
0.02682
0.014682
0.039558
0.0003725
-0.012059
-0.011971
-0.029019
-0.024736
0.081633
0.10685
0.10667
0.046643
0.046484
-0.06256
-0.0715
0.079176
0.066438
-0.031694
-0.027665
0.0617
0.07242
0.039447
0.034766
0.029145
0.024183
0.038129
0.028304
-0.0071289
-0.014331
0.0059835
0.018638
-0.0033085
-0.0085723
-0.038274
-0.012687
-0.0040545
-0.005791
0.01297
0.01031
-0.044617
-0.10982
-0.045296
-0.065783
-0.063536
0.0087273
-0.0024621
0.021669
0.018627
-0.011976
0.0075483
-0.0046617
0.0071606
0.010867
0.028648
0.0032471
0.0044063
0.011232
0.021299
0.0081826
0.0043253
-0.045055
-0.067459
-0.14614
-0.22289
-1.1285
-1.8991
-1.5002
-1.0972
-0.2412
0.55762
0.95302
1.1976
1.0395
0.80406
0.21849
-0.022607
0.095973
0.14921
0.50519
0.46215
0.25987
0.078986
-0.029915
0.013773
0.015875
-0.024614
-0.0029488
-0.0042076
0.0053112
0.018711
0.0078409
-0.018005
-0.01554
0.0058424
0.0069701
0.052595
0.10473
0.0495
-0.035371
-0.070226
-0.092534
-0.012098
-0.031571
0.029409
0.1047
0.11165
0.031699
0.018996
0.022436
0.034264
0.066305
0.003313
0.014542
-0.008394
-0.023667
0.0073314
0.017427
0.0024243
-0.0041529
-0.023255
-0.016618
-0.0074779
-0.0038187
0.010784
-0.032643
-0.11373
-0.15052
-0.2115
-0.081268
-0.027871
0.0133
0.0056048
0.031643
0.0046714
-0.0021395
-0.0055056
-0.015545
0.00048782
-0.0012807
0.010868
0.030742
0.025572
-0.010165
0.0006295
0.018295
-0.024556
-0.057102
-0.13275
-0.17862
-0.065653
-0.20222
-0.61922
-1.2384
-1.595
-0.58064
0.2448
0.30141
1.0289
1.3833
1.1566
0.64319
0.26795
-0.079553
0.26028
0.58212
0.66389
-0.014661
-0.02738
0.026983
-0.0098153
0.045299
-0.0077684
-0.093253
-0.016636
0.0092712
0.024427
-0.0038198
-0.019215
-0.019521
-0.0096978
0.026037
0.052712
0.074861
0.064965
-0.034281
-0.049082
-0.091067
0.001402
-0.026428
-0.25941
-0.18869
-0.12457
-0.09261
-0.0070947
-0.017337
-0.0063448
0.0048635
0.0061332
0.035601
0.035623
0.02808
0.0085472
0.011612
0.02221
0.037508
-0.0063643
-0.0064725
0.010455
0.027125
0.023758
0.0015787
0.035455
0.11639
0.069692
0.22402
0.22405
0.044602
-0.0029199
-0.003065
-0.012597
0.0043857
-0.011281
0.0017631
-0.013016
0.019386
-0.0057965
0.0041807
0.0060892
0.0026546
0.016485
0.082781
0.036713
-0.016959
0.14637
0.019278
-0.058334
-0.088208
0.13554
0.95306
1.526
1.663
1.5079
1.3391
1.1551
1.4004
1.5959
1.5858
1.7208
1.9022
1.6997
1.6273
1.4447
0.5584
0.31259
0.52846
0.29634
0.15131
0.18226
-0.011677
-0.13589
-0.12649
-0.038189
0.0042315
-0.010829
-0.010517
0.013537
0.0093555
0.0037785
0.0030504
-0.013686
-0.044294
-0.0026108
-0.011923
-0.12563
0.066695
-0.14731
-0.094354
-0.090445
-0.06657
-0.015842
0.028329
0.031118
0.046363
0.043382
-0.002806
-0.0046346
0.005489
0.0038374
-0.0077558
0.010785
0.013144
0.0019143
0.0076796
0.038804
0.026597
-0.0017673
-0.013332
-0.010975
0.030203
0.029818
0.080812
0.042941
-0.00012773
0.0096536
-0.0093712
0.010311
0.0013175
0.00060475
0.012178
-0.00032876
-0.0040447
-0.0063205
-0.0034814
0.0061934
0.019525
0.090456
0.03234
-0.0016063
0.054887
0.061204
-0.10123
-0.030191
-0.24491
0.55676
1.1466
1.6137
1.7634
1.3749
1.4404
1.4413
1.6336
1.5132
1.6557
1.6852
1.3185
1.042
1.0978
1.0043
0.79497
0.39488
0.27869
0.13841
0.17246
-0.07591
-0.075609
-0.07539
-0.0064656
0.010177
0.027398
0.027405
-0.006352
-0.0044006
-0.027536
-0.0082451
-0.0048406
-0.023553
-0.023552
-0.028007
-0.017863
0.001161
-0.1642
-0.28018
-0.13826
0.012183
-0.00095066
0.0068181
0.0036001
0.025179
0.0028781
0.0050704
0.022136
0.0082569
-0.0071696
-0.010109
0.0012667
0.034073
-0.036194
0.00086305
0.033002
0.029262
-0.002576
-0.002406
-0.041153
-0.17466
-0.033131
-0.11255
-0.017566
-0.045331
0.033779
-0.017711
0.0055336
-0.0010292
-0.0096469
-0.0008015
-0.0082182
0.0014581
0.0085191
0.011643
-0.0015124
-0.014221
0.047037
0.065431
0.0087687
-0.0050218
-0.0056217
-0.10486
-0.030268
-0.072306
0.12983
0.12193
0.63358
1.1472
1.3176
1.1815
1.1901
1.2399
1.6966
1.73
1.6124
1.4247
1.4225
0.876
0.92524
0.97815
0.69525
0.23274
0.4183
0.18263
0.067113
0.18803
0.045295
-0.070492
-0.013389
0.025273
0.010666
0.0071978
0.0042001
-0.043275
-0.0062184
0.015988
-0.011838
-0.015614
-0.019039
-0.021966
-0.0089142
-0.019574
0.052889
0.00036952
-0.18533
-0.19448
0.015514
-0.015668
0.0037155
0.0016414
0.012592
0.019456
0.0044854
-0.019203
-0.0065601
-0.0081911
-0.0013995
0.0037683
0.00141
0.015812
0.026823
0.018573
0.018106
-0.00059061
-0.11618
-0.26262
-0.15769
-0.18006
-0.26651
-0.13302
-0.014094
-0.042987
-0.036057
-0.009525
0.020053
0.038545
-0.0028498
0.012353
0.0076984
-0.0099377
-0.021535
-0.014839
0.022789
0.069938
0.038271
-2.7124e-05
0.055372
0.042545
-0.0035244
-0.010061
0.083795
0.30989
0.20327
0.61474
1.3629
1.5066
1.4876
1.3854
1.5689
1.7431
1.5584
1.7017
1.7725
1.5737
1.408
0.90694
0.65458
0.54507
0.26186
0.30473
0.058779
0.069
0.017506
-0.048344
-0.024972
0.014944
0.015753
0.0034731
-0.0429
-0.025339
-0.023507
-0.015754
-0.0012035
-0.0075187
-0.0028256
-0.009748
-0.028609
-0.025338
0.0075985
-0.18195
-0.30495
-0.058548
-0.01582
0.031475
0.012821
0.0061569
0.015058
0.014583
-0.023074
-0.060742
-0.029115
-0.014941
-0.0062198
0.002805
0.010392
-0.040764
0.0086844
0.0089444
-0.014647
-0.028021
-0.060733
-0.1099
-0.26858
-0.49293
-0.99719
-0.7221
-0.17309
0.0010914
-0.019945
0.0060572
0.010573
0.018744
-0.0077351
-0.0094236
-0.0063378
-0.0096411
-0.0097695
-0.0076432
-0.000904
0.048795
0.05076
0.01891
0.0079332
-0.013549
-0.027012
-0.074871
-0.11299
0.27546
0.81202
1.2254
1.429
1.222
1.1813
1.231
0.94786
0.97711
1.0898
1.3414
1.5242
1.5002
1.3085
1.0353
0.92714
0.80041
0.45144
-0.071506
0.018577
0.31641
-0.024186
-0.011287
-0.011289
0.028834
0.016968
0.0063197
-0.016081
-0.016055
-0.009447
-0.0049708
-0.0065641
-0.0083724
-0.0016378
-0.020652
-0.021713
-0.071053
0.064695
0.085759
-0.098269
-0.21032
-0.071795
0.021773
0.022079
0.0084592
-0.014194
0.01495
-0.0051095
-0.0085508
-0.014596
-0.019514
-0.013204
-0.0095917
0.0058415
0.00054658
-0.00095082
0.008905
0.0063517
-0.0094467
-0.01117
-0.0026893
-0.061744
-1.0093
-1.8468
-1.2905
-0.4372
-0.1884
-0.0076873
-0.042941
0.01002
-0.0027367
0.025499
-0.0012991
-0.020824
-0.01385
0.0016919
-0.0079906
-0.016501
-0.027035
0.002882
0.076785
0.057231
0.00032055
0.04866
0.01078
-0.041084
-0.00068128
0.15774
1.3959
1.4905
1.5522
1.55
1.0757
0.90193
1.1638
1.1644
1.1351
1.3017
1.4875
1.1895
1.1251
0.94516
0.6718
-0.28215
0.37946
0.21625
0.50044
0.035601
0.060287
0.045304
-0.0031336
-0.00077437
-0.01204
-0.0015127
0.027518
-0.0027749
-0.014532
-0.016501
-0.014948
0.0031183
-0.046897
-0.10301
0.01273
0.21517
-0.21005
-0.77975
-0.52682
-0.14503
0.061358
-0.0090793
-0.011516
-0.032871
-0.041449
-0.014927
-0.019801
-0.018482
-0.02121
-0.0079311
-0.0032783
-0.0078484
0.012044
-0.0092517
-0.0027709
-0.033136
-0.085817
-0.41149
-1.0219
-1.9532
-0.97895
-0.60429
-0.070843
0.0040219
-0.013947
0.016709
-0.017693
0.00027231
0.026596
-0.0094627
0.001047
0.010954
-0.0063009
-0.017567
-0.023674
-0.0083994
0.059664
0.058687
-0.017192
-0.0013829
-0.010916
-0.049592
-0.014241
0.1378
0.82492
1.1277
1.4001
1.6336
1.3916
1.1515
1.1798
1.0556
1.1843
1.112
1.2429
1.3388
1.2527
1.2773
1.1977
1.0419
1.1029
1.1245
1.0279
0.72237
-0.10665
0.039672
0.53478
0.59958
0.41093
0.039912
-0.010996
0.060145
-0.0028608
-0.014923
-0.0054801
-0.025816
0.021515
0.0077152
-0.016748
-0.013968
-0.0093814
-0.014717
-0.060197
-0.10311
-0.10709
-0.33596
-0.74134
-0.57921
-0.2143
0.057236
-0.032152
-0.023555
-0.024537
-0.046169
-0.022154
-0.029626
-0.025987
-0.024122
-0.0055035
-0.0012022
-0.0070945
-0.027842
-0.0060564
0.016458
-0.091787
-0.091226
-0.09375
-0.96184
-1.82
-1.8165
-2.3443
-0.70847
-0.29327
-0.098593
-0.096569
0.021983
-0.041162
-0.038275
0.033101
0.010142
-0.010322
-4.5586e-05
-0.020891
-0.002917
-0.01089
-0.010845
-0.020929
0.049126
0.071205
0.027326
0.065135
0.038468
-0.012012
-0.00020885
-0.039388
0.4332
0.94723
1.577
1.4728
1.2659
0.91075
1.0357
1.0821
1.077
1.2845
1.044
1.1541
1.1425
1.1344
0.98264
1.0778
1.0146
1.0125
0.93491
1.0213
0.44179
0.0043646
0.23896
0.50375
0.35857
0.43409
-0.031143
-0.044509
0.081534
-0.016817
0.0094123
-0.019436
0.0056179
0.0012075
-0.0014003
-0.0043023
-0.0040888
0.0026425
-0.015519
-0.0084478
-0.0037424
0.010153
-0.25871
-0.65072
-0.36758
-0.13936
0.052678
-0.014681
0.0021585
0.0089147
-0.0034248
-0.0075787
-0.019216
-0.011822
-0.020128
-0.01004
-0.0094171
-0.011339
0.0031611
0.0129
0.010237
-0.001116
0.0015114
-0.052783
-0.12131
-0.067548
-0.075183
-0.44065
-1.4034
-2.3779
-1.3575
-0.74788
-0.34783
-0.11661
0.20868
0.027359
0.031136
-0.00078069
0.020381
-0.028256
0.0096473
-0.011052
0.0060761
0.014753
0.012066
0.034251
0.079965
0.063607
-0.037461
-0.035455
0.059686
-0.077757
0.011404
-0.0031308
0.56519
1.7996
2.5583
2.1821
1.1212
0.45834
0.64959
0.80159
0.69361
0.90951
1.2987
1.5018
1.3483
1.4363
1.0841
1.0522
1.2307
1.2491
1.2621
1.0464
0.14298
-0.29396
0.32659
0.11069
0.30183
0.014592
0.01241
0.05522
0.030532
0.059453
0.070275
-0.034106
-0.013201
-0.0080207
-0.04795
-0.025837
0.0014187
-0.010777
-0.0044672
-0.03946
-0.052017
0.185
0.20426
-0.20253
-0.78654
-0.48587
-0.11518
0.028691
-0.011801
-0.023647
-0.02084
-0.026161
-0.039139
-0.010583
-0.0050137
-0.015945
-0.01334
-0.0057197
0.009372
0.0082807
0.0092169
-0.0036903
0.013956
-0.0615
-0.090949
-0.013258
-0.054414
-0.50705
-1.2346
-2.3821
-1.9665
-0.62252
-0.62306
-0.22185
0.28003
0.13093
0.051826
0.016006
-0.0064786
0.0097282
0.0089031
-0.0028374
0.0080397
0.008374
0.016749
0.087048
0.10263
-0.039374
-0.096133
0.054789
0.055928
0.0014068
-0.0041252
0.24658
1.4335
1.428
2.4936
1.7593
0.7663
0.41813
0.41748
0.69285
1.1939
1.4084
1.4428
1.4374
1.1627
1.0038
1.0177
1.1788
1.1775
1.1776
0.60199
-0.037545
0.18004
0.17197
0.15464
0.082409
-0.015203
-0.014742
0.046049
0.028602
0.010653
-0.0097631
-0.017948
0.0014986
0.0030885
-0.016259
-0.019758
-0.017105
-0.0011704
0.011182
-0.029735
-0.0422
0.10591
0.27362
-0.049568
-0.67114
-0.50612
-0.10135
0.025946
-0.0085435
-0.019318
-0.029312
-0.019011
-0.026678
-0.020531
-0.0013175
-0.009431
-0.015741
-0.010347
-0.0017529
0.0089531
0.0037105
-0.0027743
0.00093374
-0.015822
-0.087136
-0.042791
0.023922
-0.34865
-0.98815
-2.1374
-2.5112
-0.80206
-0.67721
-0.43853
0.030007
0.28442
-0.0050154
0.034561
0.0050617
-0.042871
-0.010086
0.013019
0.0022107
0.019717
0.016414
0.0063243
0.018046
0.090092
0.022245
-0.087658
0.049178
-0.0057447
-0.049815
0.0013385
0.10072
0.88969
2.2353
2.7588
1.8097
0.65781
0.27655
0.67294
0.75432
0.91785
1.4943
1.4222
1.3232
1.2628
1.0925
1.0344
1.1098
1.1888
1.1873
1.0557
0.87055
0.23664
0.023967
0.36115
-0.13101
0.14161
-0.086247
0.032233
0.061001
-0.012341
-0.0042531
-0.0067949
0.00027565
-0.0017186
-0.022056
-0.014238
-0.02063
-0.00020652
0.0025534
0.0030846
-0.0025296
0.0095411
0.21028
0.13506
-0.41847
-0.49702
-0.095846
0.041471
0.0073114
-0.0070801
-0.01998
-0.029568
-0.018561
0.0078162
0.0077509
-0.0249
-0.027103
-0.0034731
0.01372
0.014516
0.020056
0.0018418
-0.012796
-0.012619
-0.060345
-0.071907
-0.02715
-0.17431
-0.80882
-1.6161
-2.3719
-1.0772
-0.9855
-0.67558
-0.016528
0.61526
0.1978
0.025219
0.021961
-0.040314
-0.051862
0.027551
0.043706
0.028048
0.010447
0.0075878
0.0078667
0.091911
0.027691
-0.076422
0.03268
-0.01699
-0.042948
-0.07138
0.030139
0.4918
2.2298
3.1757
2.0444
0.15624
-0.11605
0.88726
1.0713
0.72525
0.94854
1.446
1.4108
1.1911
1.0258
1.0556
1.2766
1.2917
1.2141
1.0221
0.36183
0.10293
0.3404
-0.12018
0.0075464
-0.046041
0.030507
0.031074
0.017456
-0.022621
-0.026197
0.016658
-8.5205e-05
-0.0051394
-0.008716
-0.021734
-0.012361
0.0041734
0.013683
0.01373
0.011404
0.10038
0.086492
-0.23229
-0.23097
-0.51617
0.032568
0.0021291
0.001041
0.00098348
-0.028377
-0.014947
0.017273
0.026017
0.026019
-0.015586
-0.015968
0.015281
0.014133
0.014084
0.016828
0.03601
-0.00077125
-0.013084
-0.0096173
-0.035954
-0.062744
-0.023125
-0.3022
-1.0547
-1.606
-1.5877
-1.1426
-1.22
-0.13838
0.55966
0.52912
0.063898
0.06019
0.00082449
-0.070069
-0.025925
0.038301
0.036895
0.048201
0.02935
-0.0013826
0.078148
0.085595
-0.082282
0.026646
0.039743
-0.035194
-0.058223
0.017962
0.21819
1.5
2.6895
2.6354
0.77834
0.18633
0.56888
0.91638
0.72513
0.89836
1.3593
1.6078
1.3781
1.3028
1.4171
1.1471
1.0236
1.2198
1.2572
0.8679
0.26223
0.15097
0.3634
-0.12685
0.021268
-0.024445
0.015012
0.057011
-0.0084022
-0.066373
-0.0037579
0.00020247
0.035507
-0.020926
-0.012532
-0.0011828
-0.0053363
0.0097783
-0.0020263
-0.023965
0.069537
0.259
-0.1555
-0.44806
-0.38731
-0.016224
0.026882
0.011039
-0.025416
-0.066308
-0.033366
-0.0042119
0.039229
0.030333
-0.0064152
-0.027648
-0.015076
0.016599
0.013417
0.017214
0.022236
0.023348
-0.017007
-0.020958
-0.056552
-0.07718
-0.045389
-0.44227
-0.983
-1.5783
-1.3325
-1.0899
-0.52306
0.30288
0.37943
0.083038
0.070249
0.017301
-0.07135
-0.01809
0.029978
0.073573
-0.0063078
0.040848
0.033274
0.03343
0.13841
-0.043293
-0.030525
-0.056526
-0.056252
-0.027917
0.089785
0.76818
2.0392
2.6264
1.3565
0.23552
0.14688
0.80967
0.7113
0.81252
1.4793
1.4016
1.3003
1.2873
1.2266
1.3253
1.222
0.99501
0.78743
0.7853
0.24634
0.13554
0.20687
0.034647
0.0247
-0.025098
-0.016674
-0.0050649
0.0018134
0.017902
0.01565
-0.0019017
-0.014441
-0.02025
-0.010079
-0.058128
-0.099057
-0.022801
0.031716
0.026501
0.016579
0.026405
0.05366
0.039223
-0.0030685
0.017345
0.0077585
-0.015361
0.0021238
0.014496
0.00045356
0.0051424
-6.2846e-05
0.01104
0.016141
0.0061918
0.014308
0.0086971
0.0086987
0.0028605
0.0040021
0.0063636
0.0054046
0.0052882
0.0042048
0.0060374
0.0027705
0.00032618
-0.0097784
-0.0049075
-0.011434
-0.0025552
-0.0030195
-0.00058589
-0.0051507
0.0055647
0.0011393
0.00013537
0.0010733
0.0009538
0.0056529
0.0010266
0.0028612
0.00054443
-0.00047015
0.0011065
-0.00012913
0.0020996
0.0010946
0.004139
0.0052951
0.0032574
0.0040042
0.0040696
0.0034414
0.001473
0.0014769
0.002106
0.00059423
0.00038361
0.00087613
-0.0025303
-0.00070787
0.00066223
-0.00042433
0.00079926
0.0018881
-0.0016531
-0.0026725
0.00038994
-0.0004958
0.0042862
0.00052669
0.0013281
-0.00035162
0.0017542
-0.0017239
0.001821
0.0031192
0.0033329
0.0051598
0.0052271
0.0017521
0.0081446
0.0061757
0.0051613
0.0021039
0.0051593
0.0051571
-0.0005719
-0.0015198
0.0016019
-0.00085219
0.0024843
-0.002747
0.0014002
0.0016101
-0.00070711
-0.00056385
0.00059337
0.0016836
-0.001441
-0.0014417
-0.00063846
0.0030532
0.0018924
0.00073632
-0.00021105
-0.00035535
0.0018237
0.0029814
0.0044268
-0.00028111
0.0041422
0.0049446
-0.001159
0.0015349
0.0003002
0.0016784
0.0016798
0.00066157
0.00051913
0.0005906
-0.0013739
-0.0027452
0.0048743
-0.0046196
-0.0060871
-0.0034769
0.0058973
-0.0009324
-0.0013715
-0.0014434
0.0017506
0.0032734
0.0045062
0.0023231
0.0052294
0.0063854
0.0037757
0.0072621
0.0033434
0.0021098
0.0002933
0.0011608
0.0039228
0.0015321
0.00051514
0.0010961
0.0046572
0.00051622
-0.0019524
0.00058774
-0.00064684
-0.0047837
-0.0034794
0.0005843
-0.0015182
-0.00050312
0.00058911
0.0037845
0.0017523
-0.0013652
-0.00049237
0.0029847
0.0029146
0.00094752
0.001028
-0.00049722
0.0021097
0.0018246
0.0050177
0.0038571
0.0049464
0.0028416
0.0052303
0.0086994
0.011094
0.010676
0.006034
-0.00063959
0.00044582
-0.00078889
-0.0041911
-0.00078037
-0.001727
-0.0017252
0.00059197
-0.00042701
-0.0015829
0.0006664
-0.0013705
0.0041416
0.0040739
0.0029907
0.0018287
0.0020406
0.0030564
0.0040719
0.0018959
0.0084269
0.0083586
0.0019648
0.0029835
0.00066207
0.0028372
-0.00057017
0.00044649
-0.0017292
-0.0027478
-0.00056697
0.00059002
0.0026954
0.00051727
-0.0015837
0.00066296
0.0027691
0.00175
-0.0015154
-0.0026027
0.00080544
-0.00021406
0.0040692
-0.0055851
-0.002533
-0.0013006
-0.00035587
-0.0023908
-0.0013014
0.00094478
0.0040685
-7.4601e-05
0.0020318
0.0018915
-0.00021244
0.00073321
0.00059201
0.0017504
-0.0004266
-0.0014449
0.0016799
-0.0016551
-0.0027454
-0.00064009
0.001467
-0.00035708
-0.0027445
-0.0036909
-0.0025333
-0.0014455
-0.0025339
-0.00035556
-0.002673
-0.00028541
0.0018216
-0.00021441
-0.0024622
-0.0013726
0.0042095
0.0029809
0.00073313
-0.0025332
0.0029115
0.0018209
-0.0024622
-0.002532
0.0029096
0.005964
0.0050868
0.0037855
0.0018915
0.001892
0.0018214
-0.0015863
0.0039964
0.00059064
-0.00042673
-0.00042655
0.00080334
0.00073428
0.0028392
-0.0026731
0.0028403
0.00066441
0.001962
-0.00021571
-0.0034787
0.002911
-0.00021248
0.00073219
-0.0013727
-0.00035482
-0.0013729
-0.0024626
0.0018237
0.00087229
0.0029096
-0.00035607
-0.0057989
0.0026977
0.0029088
-0.00042577
-0.00035702
0.00080288
0.00080296
-0.0004249
0.00073328
0.00052146
-0.0013721
-0.0015158
0.0016823
0.00080358
0.001891
-0.0036176
-0.0036199
-0.0036238
-0.0058012
-0.0024637
-0.0023897
-0.004498
0.013598
0.014956
0.0038002
-0.00044182
0.0074071
0.00196
-0.0023245
-0.0036196
-0.0034735
-0.00036207
-0.0023933
0.00073047
0.0029042
0.0028288
-0.0047811
-0.00028842
-0.00042988
-0.0035429
-0.0036146
0.0030632
0.0032105
0.0018168
0.0050127
0.001894
0.0029102
0.0030514
-0.00013669
-0.00021091
0.00065863
-0.00028506
-0.0035509
0.00065945
0.0029123
-0.0013698
0.00080739
0.0017461
0.00080289
-0.002534
-0.0014456
0.0017444
0.0039188
-0.0015136
-0.0013723
-0.0026787
0.005084
0.0017475
-0.00057085
-0.0013722
0.0019669
-0.0015155
0.0018918
0.0028365
0.0017453
-0.00042889
-0.00042557
0.0018889
0.0029827
0.003997
0.0018201
0.0018203
-0.0035511
-0.00035536
-0.0002839
-0.0024581
-0.0035509
-0.00028416
0.0008069
0.0018216
0.0018204
-0.0002822
-0.0013752
-0.0014452
0.0016792
0.00080544
-0.00028532
0.00080556
-0.00049858
-0.0013744
0.001894
-0.00028529
-0.0025316
0.00059113
0.0018911
0.0018915
-0.00042677
0.0029798
-0.0015864
-0.00049851
0.0007302
-0.0003565
0.00073132
0.0018188
0.00080435
-0.0014443
0.00080422
-0.0014426
-0.00042593
0.00073207
0.0017488
0.00058835
-0.00014194
0.0028385
-0.0025347
-0.0036942
0.00073215
0.0029093
0.0041406
0.0018214
0.0084945
0.0007329
-0.00042791
0.0007322
0.00073288
-0.0024619
-0.00021323
-0.0002844
0.00080271
-0.0013727
0.00080222
0.0020352
0.00073222
-0.002463
0.0019645
0.0029096
0.00298
0.0031951
0.0006613
0.0029801
0.0030525
-0.0013719
-0.0014447
-0.0015867
0.0018933
0.0051583
0.0029105
0.00066314
-0.0012291
0.0019619
0.0072634
0.0020372
0.00087618
0.0018215
-0.00057109
-0.0026043
-0.0037673
-0.0026065
0.0029111
0.0040673
0.0018192
-0.0015172
0.0017487
0.002907
0.0007317
-0.00035547
-0.00021346
0.0028376
0.0029823
0.001894
0.00073189
-0.00028392
-0.00028334
0.00066154
-0.00035491
-0.00013973
-0.0013733
0.00066336
0.0009459
0.0019654
0.0019656
0.0018922
0.0018903
0.00066252
-0.00035466
-0.00021232
0.0029068
0.0039992
0.00066169
-0.00028511
0.0028372
0.00080612
0.0018222
-0.0014433
-0.0013021
-0.0024609
-0.0023165
-0.0015177
-0.0024607
-0.0034783
-0.0036199
0.002983
-0.00020974
0.00087451
0.0051583
0.00080583
0.0051585
0.0019674
0.00080733
-0.00014182
0.0040007
0.0005906
-0.00035552
0.0027653
0.00080321
0.00066016
-0.00014198
0.0018204
0.0018252
-0.0013716
0.0018941
0.00073178
0.00073192
0.0019619
0.0029825
0.00080446
0.0051552
0.00073201
-0.0023213
0.0018915
-0.00028444
0.00066269
0.00066294
-0.00035636
0.00073212
-0.00028188
0.00052057
-0.00035535
0.00080267
0.0029799
-0.00042405
0.0028375
0.0019627
0.00080265
0.0029104
0.0018228
0.0018952
0.0039295
-0.00049794
-0.0012998
-0.0014439
