0.20682
0.207
0.20656
0.1913
0.20061
0.20251
0.20577
0.19991
0.20326
0.20324
0.19958
0.20183
0.20461
0.20237
0.20282
0.20181
0.21414
0.20132
0.2021
0.19123
0.18685
0.19989
0.20112
0.19415
0.19825
0.19762
0.19095
0.20047
0.19895
0.20017
0.20098
0.19966
0.19741
0.1888
0.19617
0.20107
0.20036
0.19082
0.19504
0.19859
0.1916
0.20075
0.19699
0.19498
0.18704
0.19849
0.19679
0.18533
0.19961
0.19615
0.19654
0.19188
0.19979
0.19682
0.18397
0.19724
0.19448
0.19813
0.19661
0.19441
0.19481
0.18525
0.19605
0.19513
0.20037
0.19622
0.19904
0.18729
0.20183
0.19426
0.19903
0.19393
0.19519
0.18636
0.19334
0.18601
0.19318
0.18497
0.19747
0.19803
0.19457
0.193
0.19226
0.18802
0.19444
0.19384
0.19395
0.18925
0.1913
0.19976
0.19344
0.19545
0.19178
0.18801
0.19371
0.1917
0.17943
0.1935
0.1926
0.18894
0.19269
0.19709
0.20367
0.1778
0.19519
0.19357
0.19329
0.19146
0.19545
0.1932
0.19927
0.19427
0.19404
0.19154
0.19204
0.19093
0.17983
0.19682
0.19358
0.1812
0.18735
0.18782
0.18144
0.19372
0.19653
0.19251
0.18285
0.19191
0.191
0.19239
0.19956
0.19429
0.18185
0.19543
0.19276
0.19367
0.19541
0.19389
0.18972
0.19075
0.18795
0.19359
0.19946
0.18389
0.19412
0.17922
0.18964
0.19115
0.18345
0.19128
0.18805
0.19054
0.18594
0.19118
0.18943
0.1801
0.192
0.19137
0.19016
0.18968
0.18983
0.18273
0.1916
0.19358
0.19239
0.19196
0.19187
0.19158
0.18878
0.19081
0.19222
0.18166
0.19735
0.18884
0.19182
0.18207
0.19185
0.18976
0.1918
0.18952
0.19047
0.19171
0.19344
0.18884
0.19166
0.19191
0.18254
0.18112
0.18587
0.18968
0.1823
0.18672
0.1863
0.18962
0.19698
0.18977
0.18905
0.18142
0.19409
0.19853
0.18875
0.19196
0.19211
0.19047
0.18955
0.18839
0.18064
0.17945
0.18907
0.18534
0.18828
0.18825
0.18755
0.18646
0.18857
0.18837
0.17949
0.18182
0.18552
0.18489
0.1835
0.18856
0.17778
0.1716
0.18423
0.189
0.18984
0.1852
0.1726
0.17883
0.18684
0.18679
0.18429
0.18951
0.18699
0.18586
0.19187
0.18369
0.18284
0.18504
0.186
0.17991
0.18483
0.18287
0.1744
0.17648
0.18639
0.18523
0.1748
0.18159
0.18511
0.18345
0.18069
0.17622
0.17302
0.18358
0.18431
0.18332
0.18074
0.18618
0.17648
0.18395
0.18342
0.19
0.17956
0.19007
0.18441
0.17542
0.1814
0.17935
0.18069
0.18322
0.18172
0.18268
0.17004
0.18226
0.18177
0.18651
0.17909
0.18327
0.17466
0.18112
0.18394
0.17567
0.17597
0.17378
0.16088
0.1484
0.14538
0.13672
0.14743
0.15884
0.17672
0.17341
0.17104
0.16974
0.158
0.15636
0.14366
0.113
0.11288
0.078302
0.052766
0.080744
0.08533
0.068927
0.037641
-0.018682
-0.021341
-0.038506
-0.10995
-0.1448
-0.16309
-0.1996
-0.20481
-0.22554
-0.22942
-0.24622
-0.16231
-0.08258
-0.097742
-0.13338
-0.43181
-0.86318
-1.252
-1.2073
-1.2173
-1.3132
-1.5125
-1.6732
-1.726
-1.7319
-1.7014
-1.5873
-1.6232
-1.5515
-1.3831
-1.3284
-1.1544
-0.91339
-0.643
-0.69043
-0.48354
-0.3315
-0.24983
0.04362
-0.028213
0.083284
0.046895
0.067015
0.032078
0.052353
0.01737
0.022293
-0.026859
0.04289
-0.02734
-0.0032253
-0.0016313
-0.019107
-0.14894
-0.34036
-0.27441
-0.037428
0.1438
0.149
0.15226
0.17551
0.17358
0.078513
0.048019
0.013683
-0.012505
0.01082
0.0089924
0.003235
0.0004873
0.0028015
-0.00070072
-0.00012074
0.0019091
0.0071449
0.082395
-0.18448
-0.617
-0.9405
-1.172
-1.3502
-1.0769
-0.77259
-0.66727
-0.56204
-0.69444
-0.85727
-0.87903
-0.65802
-0.15922
0.034688
0.071289
0.08764
0.13755
0.17253
0.19406
0.17473
0.18172
0.17744
0.087402
0.17363
-0.21557
-0.20652
-0.82047
-0.83465
-0.84516
-0.83953
-0.86742
-0.96135
-1.1117
-1.3637
-1.676
-1.8928
-1.8001
-1.5186
-1.1833
-1.0001
-0.96181
-0.86583
-0.82696
-0.70817
-0.55336
-0.47451
-0.36215
-0.18926
0.042957
-0.022872
0.032492
0.05805
0.041453
0.010015
-0.1388
-0.18564
-0.21025
-0.24775
-0.20839
-0.15443
-0.20472
-0.19723
-0.2534
-0.30172
0.032985
0.15431
0.13148
0.12772
0.10372
0.091411
0.052932
-0.0034082
0.010778
0.012826
0.013399
0.0090551
0.0036486
0.0038165
-0.00090828
0.0046049
0.006415
0.0074299
0.0047563
0.0025971
0.0038164
0.0082704
-0.31205
-1.0509
-0.42232
-0.27741
-0.65714
-0.74026
-1.1613
-1.1302
-1.019
-0.044558
0.091372
0.09476
0.12457
0.15299
0.16943
0.17299
0.19589
0.21402
0.21001
0.13989
0.012341
-0.38813
-0.53043
-0.58219
-0.53577
-0.6099
-0.63724
-0.77722
-0.9819
-1.2709
-1.5512
-1.69
-1.744
-1.6166
-1.2065
-0.85438
-0.70609
-0.55319
-0.49755
-0.2728
-0.20279
-0.11974
-0.12133
-0.032758
-0.09448
-0.026905
0.0067725
-0.022321
-0.064174
-0.091418
-0.35932
-0.46068
-0.51265
-0.47955
-0.58504
-0.62653
-0.82452
-0.97027
-1.0445
-0.33918
0.040542
0.087432
0.12652
0.13805
0.11107
0.064413
0.038844
0.0042186
0.0066377
0.011454
0.0081541
0.0083486
0.0028749
-0.00070936
-0.00073729
0.005077
0.0056492
0.0043847
0.0027861
0.0078723
0.0034525
0.0031691
0.005109
-0.50652
-0.97534
-1.7287
-1.9451
-0.72617
-0.37357
-0.33294
-0.71278
-1.1447
-1.4389
-1.1117
-0.70929
-0.15745
0.020139
0.019836
0.010858
-0.037074
0.05271
0.12886
0.17343
0.22076
0.19156
0.13045
0.0704
0.053892
-0.0085895
-0.21271
-0.33691
-0.85853
-1.0663
-0.83827
-0.93638
-0.95261
-0.94936
-1.0703
-1.3112
-1.589
-1.752
-1.9514
-1.8923
-1.6083
-1.3501
-1.0181
-0.84827
-0.61855
-0.53144
-0.24272
-0.18704
-0.092364
-0.1602
-0.06988
-0.092217
-0.02936
-0.10818
-0.17755
-0.21645
-0.36529
-0.39155
-0.39929
-0.42471
-0.56842
-0.67224
-0.76336
-0.95086
-0.95957
-0.70153
-0.12603
0.046068
0.066201
0.04025
0.068626
0.070189
0.044373
0.020649
-0.0011135
0.0098066
0.015296
0.0078173
0.0035886
0.0026679
0.0085132
0.0049142
0.0051986
0.0046821
0.00049169
0.007311
0.013085
-0.065262
-0.33555
-1.2558
-1.6788
-0.4743
-0.35489
-0.36763
-0.74551
-1.2281
-1.3466
-0.77011
-0.29613
-0.14746
-0.071695
-0.1423
-0.11184
-0.039672
0.077971
0.086673
0.16077
0.16042
0.084745
0.07566
0.022062
-0.051581
-0.12499
-0.30607
-0.87353
-1.2446
-1.3172
-1.026
-1.039
-1.1219
-1.1234
-1.221
-1.4254
-1.6831
-1.2443
-1.1379
-1.0158
-0.87193
-0.70115
-0.46601
-0.37322
-0.13242
-0.15343
-0.037353
-0.17269
-0.088572
-0.095144
-0.066764
-0.12427
-0.073982
-0.12205
-0.14108
-0.31492
-0.46765
-0.49343
-0.55398
-0.54447
-0.52155
-0.59539
-0.69384
-0.85518
-0.98353
-0.68788
-0.12597
0.017377
0.071986
0.12223
0.11446
0.10038
0.044637
0.025076
0.00020515
0.0019432
0.00636
0.010367
0.0030255
0.0042645
-0.00011959
0.0040953
-0.0010767
0.0078363
0.0097336
0.014326
-0.43838
-0.59409
-1.4585
-1.8538
-0.66298
-0.4032
-0.35292
-0.84915
-1.3195
-1.425
-1.08
-0.45344
-0.15195
-0.12885
-0.085728
-0.12499
-0.067248
0.05124
0.054977
0.11908
0.171
0.14517
0.14516
0.080974
0.034608
-0.059656
-0.156
-0.96092
-0.97875
-0.96123
-1.1642
-1.3517
-1.4905
-1.7545
-1.8901
-1.7535
-1.5153
-1.1689
-0.98784
-0.82938
-0.60944
-0.42572
-0.29888
-0.15894
-0.11349
-0.16108
-0.048183
-0.12747
-0.020412
0.018978
-0.020149
-0.078058
-0.085039
-0.12339
-0.20812
-0.38052
-0.466
-0.42722
-0.58231
-0.67551
-0.74251
-0.81687
-0.82835
-1.0886
-1.1044
-0.80027
-0.20072
0.014596
0.062415
0.0048136
0.049849
0.067889
0.053446
0.021641
0.0066428
0.0046493
0.0059843
0.0068471
0.008151
0.002023
0.0020666
0.0036552
0.0011567
0.00589
0.0077044
0.012957
-0.25387
-0.64483
-1.5797
-1.9089
-0.63945
-0.43789
-0.32058
-0.8386
-1.2915
-1.4633
-0.86364
-0.44086
-0.13367
-0.059199
0.072683
0.10146
0.18439
0.2279
0.15689
0.10658
0.060241
0.028698
-0.07671
-0.2045
-0.37806
-0.93033
-1.0823
-0.86218
-0.80863
-0.88282
-1.0403
-1.0945
-1.2785
-1.5405
-1.706
-1.8306
-1.7344
-1.5599
-1.3035
-1.1279
-0.90197
-0.7043
-0.56582
-0.34846
-0.25628
-0.17166
0.021394
-0.024799
-0.156
-0.089243
-0.13074
-0.23441
-0.40748
-0.45419
-0.43964
-0.56553
-0.66154
-0.70302
-0.79565
-0.88391
-1.0461
-1.1428
-0.82223
-0.23664
0.0063756
0.047773
0.075546
0.11509
0.10527
0.072621
0.032714
0.016112
0.00042217
0.0184
0.0064563
0.00069258
0.0030104
0.0021553
0.0044776
0.0037821
0.0055191
0.0027681
0.0024306
0.0067546
0.0041442
0.0091599
0.0091638
-0.31315
-0.73804
-0.39601
-0.46574
-1.0365
-1.4044
-1.4366
-0.83812
-0.39211
-0.14027
-0.10795
-0.15863
-0.091433
-0.06303
-0.069089
0.044874
0.066655
0.095531
0.079839
0.077154
0.047103
-0.00073618
-0.13464
-0.3977
-1.2614
-1.6533
-1.8298
-1.699
-1.5891
-1.4913
-1.4415
-1.4311
-1.4713
-1.5367
-1.572
-1.5403
-1.4419
-1.3096
-1.1703
-0.883
-0.67443
-0.52563
-0.46137
-0.28526
0.088318
0.079021
0.11744
0.2149
0.34105
0.23757
0.16657
0.13386
0.11181
0.11382
0.12993
0.06804
0.083289
-0.047277
-0.058749
0.012873
0.13347
-0.16081
0.19903
0.21879
0.15455
0.19854
0.23979
0.2219
0.11116
0.014069
-0.0066856
0.007665
0.014714
0.012521
0.0054518
0.0042257
0.0071044
-0.00029438
-0.00020581
0.00057794
0.00060164
-0.00097748
0.0025689
0.0026489
0.002469
0.0064885
0.0048532
-0.59324
-0.6027
-0.6574
-0.68733
-0.68495
-0.5008
-0.29069
-0.2757
-0.16656
-0.13299
0.026785
0.067966
0.072036
0.10854
0.13457
0.1611
0.16653
0.12548
0.072877
0.031745
-0.053776
-0.056522
-0.28246
-0.78741
-0.97754
-0.9204
-0.96232
-0.93522
-0.91561
-0.87485
-0.75678
-0.85991
-0.81884
-0.78441
-0.7321
-0.57485
-0.49751
-0.3417
0.1593
0.018444
0.037695
0.11534
0.2312
0.17505
0.12065
0.13382
0.1051
0.26493
0.67385
0.66757
0.41168
0.43507
0.55788
0.58756
0.70153
0.69886
0.64385
0.56124
0.50594
0.47557
1.0972
0.83604
0.33519
0.1321
0.10002
0.12924
0.17441
0.15145
0.10936
-0.0094293
0.00045512
0.0027523
0.00054413
0.0025549
0.0054771
0.00048052
-0.0022198
-0.00264
-0.0029602
0.00041549
-4.0198e-05
-0.0028556
0.0009369
0.00088545
-0.30255
-0.068233
-0.68939
-0.41653
-0.40876
-0.46014
-0.52498
-0.65049
-0.57794
-0.38186
-0.38793
-0.29328
-0.035276
-0.090795
-0.024523
0.001645
0.012754
0.04461
0.06074
0.062754
0.070495
0.033648
-0.0087976
-0.037593
-0.12504
-0.1077
-0.40558
-0.71093
-0.48238
-0.48845
-0.60616
-0.66501
-0.69897
-0.59468
-0.46701
-0.31677
-0.32443
-0.3694
-0.40154
0.30746
0.1547
0.20764
0.031937
-0.092352
-0.15003
-0.018758
0.16057
0.18172
0.11474
0.15787
0.11167
0.2867
0.57332
0.75899
0.82336
0.69859
0.7707
0.82753
0.93411
1.0683
0.9962
0.95828
0.96133
1.0649
1.9111
1.4529
0.5594
0.1634
0.077056
0.10828
0.14628
0.14243
0.17481
0.037807
-0.0020495
0.0083017
0.0059114
0.0015407
-0.0031127
-0.0019142
-0.0017658
0.0052192
-0.0026058
0.0014363
-0.0022491
-0.003156
-0.0026522
-0.0078066
-0.055984
-0.38598
-0.20184
-0.28056
-0.37088
-0.55877
-0.59414
-0.47543
-0.36265
-0.26261
-0.067627
-0.1038
-0.1288
-0.089679
-0.046608
-0.03357
-0.031914
-0.028894
0.0123
0.010386
-0.052262
-0.059725
-0.077148
-0.15308
-0.2014
-0.42139
-0.56386
-0.18447
-0.079431
-0.23282
-0.35333
-0.42316
-0.32483
-0.10848
0.028541
0.10845
0.091574
0.27435
0.36323
0.55278
0.40564
0.21711
-0.047896
-0.013274
0.0464
0.1623
0.19699
0.089815
0.16795
0.19016
0.30072
0.7321
1.0075
1.0456
1.0675
0.96341
1.1171
1.4675
1.5276
1.6485
1.5551
1.4522
1.5494
2.6072
2.4978
0.86689
0.17081
0.068564
0.098217
0.1242
0.14261
0.19811
-0.0067807
-0.01329
-0.0043308
-0.0025998
-0.0035461
-0.0059965
-0.0030312
-0.0057692
-0.0066143
-0.0036369
-0.0091574
-0.0059943
-0.0044528
-0.0060279
-0.0060906
-0.0087163
-0.0072844
-0.0080687
-0.0057453
-0.13379
-0.13314
-0.19705
-0.045723
-0.10215
-0.32871
-0.45552
-0.25032
-0.14404
-0.1576
-0.076955
-0.075572
-0.084471
-0.10802
-0.094099
-0.066641
-0.061442
-0.03806
-0.061349
-0.085562
-0.1346
-0.11409
-0.11782
-0.16092
-0.17512
-0.40055
-0.32304
0.35758
0.368
0.14655
-0.11547
-0.14632
0.024506
0.48086
0.70572
0.74389
0.63413
0.50539
0.54636
0.74925
0.83413
0.80616
0.24379
0.092262
0.17389
0.28257
0.3282
0.17144
0.19036
0.1309
0.11433
0.39789
0.82955
1.0888
1.0357
1.2514
1.4302
1.6929
1.8594
2.0161
2.003
1.9282
2.122
3.3552
3.0739
1.2298
0.19124
0.041562
0.076693
0.11346
0.15013
0.0050198
-0.0082823
-0.0058061
-0.011448
-0.0091606
-0.011231
-0.01117
-0.015782
-0.010407
-0.011781
-0.011317
-0.010505
-0.01199
-0.011298
-0.011636
-0.011498
-0.19512
-0.17771
0.023153
-0.079399
-0.045802
-0.21582
-0.34562
-0.21632
-0.048817
-0.053937
-0.046898
-0.032795
-0.016516
-0.0052292
0.0024738
-0.059244
-0.14926
-0.13003
-0.12777
-0.18429
-0.1906
-0.11601
0.039282
0.81292
1.0424
0.64175
0.31262
0.38577
0.45026
0.91505
1.2083
1.1723
0.9811
0.90459
1.0165
1.1537
1.0667
1.0363
0.92694
0.76888
0.64503
0.38386
0.16731
0.31288
0.16468
0.15126
0.39533
0.93304
1.4779
1.4534
1.6488
1.8602
2.2563
2.5139
2.4638
2.4494
2.4627
2.4938
3.952
3.7909
1.5376
0.3031
0.086703
0.14388
0.12146
0.21505
0.0030266
-0.0040325
-0.010412
-0.012294
-0.015665
-0.0076905
-0.0078731
-0.011341
-0.017422
-0.016887
-0.017699
-0.018662
-0.025079
-0.01782
-0.01912
-0.016254
-0.22394
-0.23495
-0.16969
-0.13894
-0.087046
-0.19121
-0.35012
-0.05079
-0.010535
-0.017885
-0.024717
-0.08018
-0.049319
-0.038679
-0.037083
-0.0635
-0.1748
-0.14796
-0.14268
-0.20627
-0.18903
-0.035468
0.49286
1.3867
1.6265
0.89228
0.67328
0.7482
0.95608
1.4332
1.7537
1.7775
1.5845
1.3824
1.4081
1.6955
1.6382
1.5163
1.3563
0.22131
0.29127
0.28206
0.15725
0.13916
0.085596
0.081469
0.3327
0.80623
1.0132
1.1058
1.169
1.5111
2.2274
2.7078
2.7403
2.8175
2.8324
2.8578
4.0773
4.2297
1.9927
0.31638
0.074394
0.07577
0.11932
-0.0093156
0.00013143
0.0072736
-0.0097812
-0.010419
-0.0092524
-0.012226
-0.0079806
-0.010471
-0.018226
-0.0087401
-0.015264
-0.014025
-0.01613
-0.017553
-0.012915
-0.012477
-0.022292
-0.22144
0.30594
-0.020189
0.053251
-0.028197
-0.067781
0.025484
-0.0084249
0.076941
0.077792
0.1025
0.14088
0.16191
0.17263
0.072836
-0.13697
-0.11503
-0.14424
-0.1651
-0.1336
0.25612
1.1825
2.3065
2.2733
1.6134
1.4044
1.4303
1.6123
2.0302
2.3073
2.2331
1.9433
1.9083
1.9571
1.871
1.7127
1.5042
1.3485
1.0581
0.88379
0.32
0.1443
0.088407
0.048162
0.082689
0.39081
0.54813
0.61697
0.79794
1.1527
1.5189
2.009
2.5927
2.7504
2.9615
2.8494
2.9423
4.212
4.5236
2.1562
0.50336
0.10599
0.097407
0.29173
0.17765
0.38249
0.27129
0.0028847
-0.013326
-0.0076341
-0.011991
-0.0051953
-0.011249
-0.0089042
-0.011378
-0.018443
-0.022124
-0.013406
-0.016742
-0.017228
-0.016412
-0.068915
-0.16701
0.61339
-0.021422
0.025787
0.038575
-0.10553
-0.051464
-0.052914
-0.094099
-0.050996
-0.01309
-0.086477
-0.065763
-0.019037
-0.05943
-0.063461
-0.12017
-0.10029
-0.099526
-0.18776
0.2868
1.0929
1.2044
0.38223
-0.22631
-0.25301
-0.21393
0.16294
0.84889
1.2688
1.7612
1.8438
1.8612
1.8675
1.5462
1.566
1.6316
1.6574
1.8161
1.6936
1.5181
1.2544
1.1594
0.55618
0.14317
-0.11281
0.0514
0.039694
0.076478
0.18616
0.26415
0.1661
0.22907
0.26144
0.50201
0.73799
1.2372
4.1193
3.3752
1.6944
0.12813
-0.081146
0.0066865
0.22384
0.48465
0.55055
0.17762
0.065056
0.012286
0.0032344
0.0053934
0.00094305
-0.0031448
-0.010459
-0.0022178
-0.014153
-0.012518
-0.015095
-0.0090743
-0.014717
-0.015656
-0.0023372
1.3182
1.8446
0.28469
0.30807
0.21578
0.28426
0.63297
0.93266
0.8469
0.76078
0.61342
0.46388
0.60484
0.56505
0.70569
0.64994
0.75936
1.1007
1.2693
0.93434
0.34388
0.23301
0.32644
0.87534
3.2504
4.1149
4.0741
3.4682
2.4332
2.4764
2.605
2.5983
2.9486
3.0583
3.0463
3.0037
2.6803
2.6703
2.683
2.4993
2.7018
2.8116
2.6397
0.94719
0.11585
0.039402
0.0025745
-0.026182
-0.029016
0.017338
0.258
0.23612
0.17821
0.27541
0.3852
0.61231
0.86082
1.0477
0.98672
0.98559
1.1897
3.7093
3.438
2.4
0.7277
0.10316
0.15637
0.54057
0.68606
0.50939
0.087554
0.048936
0.0014854
0.014754
-0.0016732
-0.00047746
-0.0063612
-0.0034708
-0.0066633
-0.0072628
-0.015088
-0.016071
-0.0098722
-0.017312
-0.008946
0.69351
1.8712
3.949
1.2013
0.56359
0.47962
1.0286
1.8974
2.3263
1.6899
0.73095
0.47503
0.43335
0.47059
0.63106
0.52374
0.42582
0.44263
0.42777
0.48832
0.51648
0.30904
0.18935
0.23767
0.46145
1.5659
3.0814
3.8137
3.618
2.3162
1.4337
1.4763
1.8479
1.923
2.2755
2.4366
2.5672
2.8013
2.7437
2.5384
2.3295
2.4774
2.6153
2.5374
2.3648
0.96897
0.19007
-0.013047
-0.011212
-0.056819
-0.081459
0.090831
0.33094
0.44049
0.60011
0.57492
0.69264
0.6667
0.61484
0.59314
0.61243
0.52834
0.72561
3.876
3.2924
2.041
0.39577
-0.023849
-0.017224
0.22906
0.42208
0.40118
0.12112
0.059778
-0.0012421
0.0052829
0.0043077
0.013885
0.0030437
-0.0089331
-0.010274
-0.015433
-0.0034238
-0.018036
-0.0087755
-0.0061993
-0.020672
-0.012153
-0.0169
2.4647
0.6111
0.59437
0.54749
1.0465
1.7254
1.7282
1.3604
0.77478
0.65499
0.69359
0.7069
0.73347
0.60023
0.57801
0.64758
0.62759
0.73179
0.74027
0.33419
0.24026
0.29611
0.54161
2.3765
3.18
3.2956
2.5497
1.4893
0.90027
0.97073
1.3649
1.3549
1.3316
1.7728
1.9738
2.1518
2.2462
2.0442
1.5577
1.2936
1.2912
0.91934
0.22474
-0.13028
-0.0062552
-0.027826
-0.06749
-0.10794
-0.08795
-0.067553
0.21916
0.088817
0.26864
0.25723
0.21262
0.28382
0.26332
0.18696
0.28302
0.73147
3.8439
3.1462
1.6709
0.17898
-0.071248
-0.017081
0.24172
0.4718
0.70016
0.14737
0.066225
0.048056
-0.004577
-0.013076
0.00068514
-0.019328
-0.0045557
-0.0079559
-0.013026
-0.0072234
-0.0093242
-0.015154
-0.011305
-0.012748
-0.015966
2.7219
3.9724
0.9586
0.36651
0.36056
0.73652
1.6097
2.2361
2.2072
0.64247
0.28054
0.33584
0.38325
0.54038
0.52051
0.36188
0.38267
0.38943
0.43482
0.44515
0.30243
0.16776
0.18641
0.37484
1.3902
3.0866
3.753
3.2569
1.9528
1.3941
1.2864
1.3419
1.4867
1.6545
1.8968
2.2361
2.5587
2.5239
2.2721
2.0961
1.7334
1.7177
1.7015
1.7177
2.0682
2.2211
-0.0015652
-0.020871
-0.047027
-0.047627
0.23721
0.51589
0.68191
0.71851
0.75538
0.92334
0.89981
0.8784
0.70461
0.61055
0.62088
0.98565
4.0322
3.3995
2.0608
0.39318
0.047822
0.00046348
0.2543
0.38221
0.44177
0.1037
0.054723
-0.027148
-0.014789
0.021792
-0.0061437
-0.0067303
-0.0090367
-0.011711
-0.011712
-0.009613
-0.0091232
-0.0086352
0.0016368
-0.01353
-0.016809
1.9951
2.741
1.0499
0.67117
0.7487
1.0203
1.8167
2.0317
1.5012
0.93922
0.6318
0.66934
0.73218
0.56412
0.65658
0.46725
0.47892
0.45404
0.53687
0.57722
0.3201
0.21729
0.30499
0.51524
2.1925
3.0265
3.3592
2.7868
1.8112
1.0398
1.1242
1.4263
1.481
1.7646
1.9106
2.2623
2.3677
2.2402
1.9264
1.6415
1.661
1.6162
1.8356
1.9765
2.1525
2.2909
-0.011648
-0.026103
-0.049708
0.002458
0.097921
0.27757
0.54412
0.59932
0.53751
0.45015
0.38767
0.3207
0.26402
0.52807
0.91243
3.6275
3.4571
2.3019
0.30246
0.04701
0.069315
0.26996
0.4217
0.55623
0.10147
0.046165
0.031916
0.00078301
0.010004
0.0095598
0.0053163
-0.006679
-0.0053598
-0.012135
-0.0026075
-0.0047851
-0.00090347
-0.0040649
0.0018723
0.40294
2.4242
3.6754
0.96488
0.44123
0.46753
0.83593
1.6978
2.3343
1.8351
0.73801
0.4464
0.61602
0.71104
0.72629
0.59986
0.49448
0.41391
0.45917
0.5155
0.54815
0.31189
0.20604
0.23772
0.36282
1.4072
3.0079
3.4508
3.2079
2.1216
1.0565
0.66324
0.75574
1.2535
1.4836
1.807
2.1943
2.2863
2.2582
1.9054
1.5664
1.4555
1.5289
1.538
0.32401
0.037739
-0.059004
-0.036695
-0.044648
-0.060698
-0.012473
0.18399
0.29327
0.55347
0.47966
0.50062
0.46137
0.36777
0.34101
0.37422
0.34968
0.54655
2.7519
2.8895
2.1201
0.31009
-0.021741
-0.055152
0.12566
0.30836
0.37745
0.080612
0.069989
0.026934
0.012045
0.0048614
0.003541
-0.0025824
0.011724
-0.012234
-0.014185
-0.0089694
-0.0085443
0.0018651
-0.0098077
-0.018504
-0.010127
-0.019066
-0.0074651
0.0044303
0.82894
2.4226
3.7025
0.82851
2.2512
1.9481
0.47729
0.34389
0.21735
0.39858
0.47332
0.34692
0.24901
0.21594
0.276
0.33498
0.37636
0.22222
0.17608
0.22029
0.3111
1.2143
2.4899
2.7869
2.6212
1.3553
0.70659
0.80432
0.96795
1.0507
1.0701
1.3928
1.5755
1.8227
1.9267
1.8807
1.5669
1.5533
1.4396
1.3665
1.588
1.7436
1.8095
1.5574
0.48065
0.22276
-0.072669
-0.059246
-0.077558
-0.075534
0.08757
0.24847
0.28014
0.38304
0.42195
0.41663
0.31521
0.30779
0.35065
0.43722
0.45166
0.85169
3.8183
2.8338
1.2834
0.16325
-0.04859
-0.0095047
0.1599
0.20154
0.36228
0.070102
0.080081
-0.011718
-0.0073934
0.00272
0.010103
0.0033337
-0.0054462
-0.0031074
-0.0084152
-0.0049146
0.0029373
0.0008855
-0.0065513
0.0057769
-0.01221
-0.0074178
-0.010637
-0.0012918
0.69754
1.9769
3.3115
1.2064
0.59754
0.91924
1.2622
2.2347
1.8949
1.0255
0.56108
0.47505
0.3437
0.73327
0.42523
0.45397
0.3418
0.27205
0.30114
0.39225
0.45882
0.24938
0.20456
0.2201
0.42871
1.7624
2.7805
2.9238
2.7395
1.8503
1.1519
0.93133
1.1572
1.0882
1.2068
1.5931
1.8411
2.0055
2.0047
1.6374
1.7862
1.6213
1.5206
1.7099
1.7499
1.9717
2.2071
1.6966
0.67622
0.073957
-0.025226
-0.027629
-0.035188
-0.051262
0.10637
0.21465
0.46871
0.61755
0.6541
0.63638
0.56748
0.56139
0.5082
0.55089
0.4654
0.76499
4.0566
2.775
1.3696
0.039897
-0.01161
0.015195
0.17993
0.31361
0.42696
0.10384
0.061746
-0.031834
-0.0028869
0.010579
-0.0010224
-0.012161
-0.0066644
-0.015391
-0.016569
-0.0074529
-0.01073
-0.0070948
-0.0073943
-0.016191
0.16773
2.2149
2.7809
0.99306
0.62827
0.33274
0.81009
1.2334
1.8983
1.4273
0.7742
0.59568
0.48638
0.54387
0.6793
0.68156
0.49511
0.41517
0.34363
0.44941
0.516
0.29594
0.16985
0.22643
0.36718
1.4904
2.7517
3.122
2.6437
1.5753
0.79989
0.49271
0.87314
1.4525
1.3448
1.7383
2.0252
2.0676
1.9388
1.554
1.7357
1.8598
1.9008
0.87707
0.21134
-0.03811
-0.0047393
-0.02584
-0.03172
-0.058985
-0.042372
0.10077
0.21377
0.14582
0.37903
0.38714
0.34396
0.30635
0.25474
0.18992
0.19454
0.45078
3.6404
2.5776
1.4552
-0.010001
-0.13244
0.048968
0.21619
0.32803
0.58413
0.010179
0.014139
-0.0026983
0.0040451
0.00096551
-0.0076876
-0.014046
0.0010971
-0.010436
-0.012586
-0.0097357
-0.015387
-0.015169
-0.013382
-0.0060136
1.1408
2.8161
3.8775
1.2201
0.61734
0.6783
1.1393
1.8448
2.3707
1.7715
0.66869
0.31789
0.3432
0.40537
0.47695
0.48833
0.34453
0.36557
0.41332
0.44062
0.4495
0.29626
0.14644
0.18154
2.6493
1.8125
0.78645
0.30396
0.397
0.72264
1.1604
1.1907
1.6156
1.9527
1.9611
1.7121
1.2989
0.97742
1.1301
1.0566
1.388
1.6801
1.787
1.2172
0.27396
0.096453
-0.061639
-0.042704
-0.079493
-0.10241
0.091186
0.43489
0.326
0.5626
0.55699
0.50012
0.33217
0.48398
0.35764
0.45076
0.49804
0.71079
3.4236
2.945
1.6791
0.17659
-0.091639
-0.068302
0.096551
0.23712
0.35228
0.075498
0.081444
0.0079493
-0.0012283
-0.0012495
-0.012006
-0.0063476
0.00033995
-0.017244
-0.0040161
-0.01224
-0.014675
-0.01218
-0.01386
-0.007708
0.51704
2.2911
3.4934
0.8802
0.54909
0.5503
0.97502
1.8503
2.0564
1.6521
0.67231
0.34117
0.41394
0.496
0.74605
0.55662
0.47064
0.37476
0.39613
0.51124
0.65941
0.27973
0.17249
0.20446
0.41584
1.7491
2.723
3.086
2.7964
1.7662
0.94072
1.2901
1.5076
1.893
2.0327
1.9025
1.6598
1.4953
1.3768
1.3978
1.522
1.8196
1.9217
1.5088
0.48702
0.14419
-0.01411
-0.025904
-0.061433
-0.085695
0.1
0.30128
0.54509
0.73903
0.72563
0.58879
0.48407
0.42894
0.38585
0.44072
0.58942
0.77436
3.4372
2.9888
1.5835
0.22264
-0.02179
-0.00010478
0.16931
0.31728
-0.0053276
0.024602
0.0041899
-0.0005219
-0.0073323
-0.013115
-0.015289
-0.00057907
-0.0070864
-0.0075341
-0.010408
-0.013061
-0.010571
-0.011822
-0.013233
-0.003913
0.61008
2.2185
3.1718
1.1701
0.69454
0.44665
0.95699
1.78
2.1847
1.4577
0.73908
0.47218
0.46356
0.48585
0.62152
0.56808
0.51099
0.34297
0.28558
0.36783
0.42164
0.21073
0.13726
0.18603
0.414
1.7502
0.63306
0.47174
0.52377
0.80933
0.99001
1.4552
1.6782
1.9454
1.7506
1.4924
1.4649
1.3689
1.3261
1.4618
1.6658
1.7942
1.9265
1.0607
0.3451
0.022344
-0.021218
-0.024996
-0.016666
-0.041543
0.10571
0.16837
0.42009
0.50963
0.58055
0.40733
0.38336
0.73522
3.6745
3.0029
1.8688
0.45204
0.030549
0.02747
-0.031284
-0.074859
0.054945
0.096067
0.081051
0.016308
-0.020285
0.0058878
-0.017479
-0.019794
-0.0088956
-0.0027896
-0.0076394
-0.0053717
-0.0072044
-0.0042337
-0.0036357
-0.0083126
-0.010339
-0.007609
0.0051728
-0.0010215
-0.30989
-0.11083
0.041419
0.18951
-0.062152
-0.21139
-0.22596
-0.33088
-0.31596
-0.29932
-0.29396
-0.2825
-0.28677
-0.3021
-0.32579
-0.23775
-0.2034
-0.2439
-0.21296
-0.15971
-0.28932
-0.18449
1.3556
1.7458
0.8389
0.25746
-0.14044
-0.22572
-0.15993
0.16098
0.32615
0.55607
0.58697
0.58186
0.37499
0.1682
0.026599
-0.10965
-0.1189
-0.1374
-0.14669
-0.23363
-0.31674
-0.25149
-0.04532
-0.056774
-0.057036
-0.049945
-0.046953
-0.085323
-0.13079
-0.074512
-0.087019
-0.15631
-0.19612
-0.13485
-0.2891
-0.21293
1.3445
1.3307
0.37222
-0.38046
-0.27537
-0.19685
-0.23018
-0.20333
-0.11182
-0.009921
-0.024682
-0.019087
-0.024292
-0.0069201
-0.0066246
-0.0081353
-0.015883
-0.0050985
-0.0060307
-0.009933
-0.0063902
-0.0069248
-0.0080832
-0.013763
-0.01111
-0.013462
-0.0073417
-0.0023886
-0.10588
-0.12455
0.44994
0.36797
0.072252
-0.039284
-0.033454
-0.0015675
0.012407
-0.0023514
0.006493
0.023829
0.070903
0.099689
0.1287
0.048781
-0.10894
-0.14561
-0.15376
-0.13262
-0.060141
0.34291
1.185
1.7033
1.4003
0.10046
-0.24021
-0.24633
-0.21843
0.00021898
0.307
0.51873
0.62763
0.59952
0.59276
0.48959
0.45999
0.47956
0.452
0.47798
0.47165
0.23767
0.18733
0.10576
0.06298
-0.012578
0.024681
0.051241
0.057071
0.25041
0.2687
0.41929
0.43263
0.4676
0.41726
0.35612
0.32748
0.18037
0.20325
2.12
1.6292
0.90626
0.05119
-0.094949
-0.021023
-0.055695
-0.0058431
0.029288
0.058789
0.021864
-0.050286
-0.0090991
0.010158
-0.0047782
-0.0018075
-0.0059337
-0.0047019
-0.0046795
-0.0049713
-0.0050765
-0.0044964
-0.0060621
-0.013256
-0.011945
-0.0096954
-0.0096528
-0.073922
-0.0547
-0.042482
-0.1185
-0.1201
-0.062425
-0.13874
-0.17447
-0.24377
-0.27441
-0.37734
-0.41433
-0.43803
-0.39396
-0.36596
-0.34121
-0.42354
-0.28979
-0.19389
-0.21156
-0.13188
-0.18011
0.40554
0.72605
1.0545
0.14938
-0.43663
-0.54417
-0.50278
-0.37802
-0.26968
-0.20376
-0.21525
-0.12687
0.073525
0.11472
0.13367
0.09538
0.05757
-0.051676
0.084416
0.062396
-0.0030485
0.021406
0.019886
0.018266
0.027192
0.047281
0.080155
0.042184
0.18326
0.22858
0.20358
0.088619
0.1158
-0.027908
-0.21448
-0.28413
-0.22967
1.4917
0.88804
0.57069
-0.20071
-0.10496
-0.0032693
-0.041443
-0.00687
0.021197
0.04184
0.01365
-0.031939
-0.0023478
-0.0024945
-0.0073383
-0.011643
0.00064346
-0.017071
-0.0012024
-0.014319
-0.0089986
-0.0097962
-0.0074375
-0.0034378
-0.0072668
-0.010813
-0.035382
-0.25847
-0.2943
-0.093208
-0.054959
-0.23976
-0.32026
-0.11389
-0.18571
-0.23931
-0.31766
-0.38404
-0.33616
-0.32104
-0.33833
-0.32374
-0.26128
-0.33922
-0.38517
-0.28764
-0.18319
-0.17836
-0.14908
-0.20207
0.15423
0.30553
0.54726
-0.15445
-0.52815
-0.68672
-0.74739
-0.55142
-0.33829
-0.33534
-0.45655
-0.37031
-0.42557
-0.36358
0.1287
0.12332
0.06971
-0.061697
-0.076682
0.040083
0.0062958
0.027644
0.021365
0.03186
0.039871
0.14206
0.29818
-0.0068273
0.042505
0.07575
0.08628
0.1195
0.097345
-0.085047
-0.15365
-0.25151
-0.22548
1.065
0.58134
0.2694
-0.15424
-0.029602
0.033472
0.031453
0.087167
0.11394
0.083477
0.039928
-0.01754
0.001014
0.00021827
0.0085666
0.0084564
0.0032308
0.0080503
-7.4315e-05
4.8969e-05
0.0054997
-0.00027696
0.0020649
0.0016391
-0.001603
0.027365
0.01083
-0.18053
-0.26568
-0.072925
-0.12198
-0.34769
-0.045101
-0.085641
-0.20384
-0.19969
-0.28684
-0.23816
-0.24486
-0.23876
-0.17904
-0.12563
-0.096211
-0.17607
-0.21615
-0.134
-0.14265
-0.090893
-0.13258
-0.21676
-0.17098
-0.10631
0.027501
-0.3256
-0.71019
-0.7844
-0.8167
-0.78873
-0.65327
-0.58298
-0.6748
-0.73647
-0.67764
-0.54253
-0.41776
-0.21307
-0.10354
0.12476
0.14351
0.10551
0.064182
-0.027787
0.03898
0.1013
0.029582
0.045059
0.049658
0.03239
0.048556
0.15061
0.36128
0.1264
-0.05613
-0.0046515
0.056022
0.046188
0.063186
0.02474
-0.1751
-0.30681
-0.3505
0.49636
0.0044309
-0.12483
-0.15583
-0.04489
0.020643
0.038312
0.13488
0.13345
0.11408
0.033162
0.024786
0.0028594
0.003953
0.0033629
0.00058884
0.0014314
-0.0010387
0.0043199
0.0039239
0.0056424
0.00063264
0.0036973
0.0013249
0.0012117
0.0084859
0.041424
0.041233
0.031734
-0.19917
-0.44434
-0.47764
-0.24108
-0.36557
-0.44658
-0.23016
-0.17342
-0.22499
-0.2606
-0.057901
-0.0071238
0.073641
0.0037753
-0.055246
-0.020269
-0.04732
-0.047275
-0.16878
-0.27364
-0.56709
-0.43991
-0.49981
-0.6346
-0.98236
-0.96356
-1.007
-1.0151
-0.99816
-0.93096
-1.0228
-1.118
-1.0668
-0.96373
-0.80899
-0.55008
-0.34436
-0.11089
-0.04527
-0.021758
-0.0050053
-0.001686
-0.076259
-0.065369
-0.0055264
0.23291
0.22378
-0.10535
-0.086772
-0.094391
-0.076433
-0.092298
-0.14167
-0.23537
-0.37913
-0.48379
-0.48498
-0.21961
-0.41213
-0.37881
-0.09081
-0.067533
0.021103
0.10535
0.20077
0.16961
0.066353
0.044043
0.0046031
0.013729
0.0058325
0.0061422
0.0066948
0.004248
0.0059457
0.007464
0.0096061
0.012113
0.011799
0.012715
0.0095106
0.0086151
0.0048898
0.055931
-0.32027
-0.28792
-0.28611
-0.38128
-0.28432
-0.28101
-0.24583
-0.27356
-0.30058
-0.19443
-0.1423
-0.081908
0.012883
0.078703
0.060261
0.043785
0.023175
0.032878
0.010551
-0.045663
-1.0026
-1.0296
-1.0729
-0.9221
-1.0628
-1.0015
-1.0177
-1.1629
-1.297
-1.3481
-1.2523
-1.1161
-0.89345
-0.67975
-0.40976
-0.18824
-0.10465
-0.050887
0.01083
-0.014753
-0.10524
-0.05918
-0.034976
0.045908
0.31557
0.15892
-0.10213
-0.15354
-0.23161
-0.29031
-0.32394
-0.35932
-0.39484
-0.49311
-0.55141
-0.60763
-0.89626
-1.0678
-0.83992
-0.19594
-0.098779
-0.034497
0.086414
0.2092
0.21932
0.090516
0.061358
0.0082225
0.00084547
0.011606
0.0074983
0.0064754
0.0038891
0.0061969
0.0062964
0.013734
0.014265
0.010736
0.010928
0.0089105
0.0080213
0.042722
-0.80969
-0.71609
-0.48704
-0.42053
-0.45515
-0.44347
-0.30818
-0.24924
-0.2594
-0.153
-0.11069
-0.086902
-0.014998
0.090716
0.15096
0.15869
0.17996
0.2031
0.19563
0.093827
-0.008646
-0.097156
-0.13435
-0.62492
-1.2312
-1.4828
-1.1374
-1.1917
-1.3166
-1.5265
-1.6459
-1.5626
-1.4624
-1.2741
-1.1526
-0.86905
-0.62596
-0.46218
-0.37442
-0.12143
-0.0728
-0.024943
-0.015299
-0.017075
-0.065594
0.062385
0.0544
-0.16336
-0.32804
-0.36806
-0.43949
-0.45938
-0.45762
-0.42652
-0.49957
-0.53082
-1.2743
-1.1753
-0.80759
-0.13077
-0.096438
0.015512
0.14502
0.24373
0.14949
0.05522
0.081592
0.023481
0.013785
0.011465
0.0086986
0.0097734
0.0096287
0.010349
0.011579
0.012281
0.015719
0.020905
0.014976
0.015687
-0.040152
-0.36524
-1.1553
-0.76532
-0.62073
-0.60263
-0.8423
-1.0016
-0.73381
-0.33744
-0.1656
-0.085793
-0.11766
-0.057013
0.043298
0.10517
0.1711
0.2446
0.25483
0.2681
0.23494
0.1826
-1.6328
-2.0491
-1.8982
-1.1893
-1.1466
-1.1076
-1.1487
-1.3219
-1.4107
-1.734
-1.9392
-1.8842
-1.701
-1.4714
-1.3564
-1.1142
-0.97842
-0.85795
-0.74399
-0.46231
-0.3863
-0.23699
-0.09814
-0.023262
-0.14084
-0.38383
-0.29536
-0.36295
-0.51919
-0.64449
-0.78703
-0.73424
-0.6977
-0.76633
-0.81768
-0.82986
-1.6592
-1.5501
-0.7252
-0.1232
0.029302
0.13847
0.059634
0.10181
0.035346
0.0024167
0.048764
0.0061543
0.009488
0.023068
0.0053476
0.01008
-0.00071626
0.010315
0.0051188
0.013006
0.008939
0.015275
0.011202
0.011174
0.013944
0.014095
0.014009
-0.88845
-0.51778
-0.40251
-0.75382
-1.2935
-1.6012
-1.2125
-0.75997
-0.45848
-0.27643
-0.27476
-0.2419
-0.19396
-0.21099
-0.13587
-0.17891
-0.16231
-0.11799
-0.045572
-0.054607
-0.11839
-0.24878
-0.732
-1.629
-2.1976
-2.0286
-1.6816
-1.3857
-1.3242
-1.3253
-1.3114
-1.567
-1.9154
-2.1521
-2.4628
-2.4936
-2.207
-1.9206
-1.5744
-1.1627
-1.0814
-0.67011
-0.31902
-0.13768
0.0097833
-0.13509
-0.35624
-0.47521
-0.77412
-0.7746
-0.99478
-1.1583
-1.1039
-1.1607
-1.2113
-1.2753
-1.3632
-1.4343
-1.4622
-2.3067
-2.1039
-1.3547
-0.35197
-0.01917
-0.0014808
-0.089043
-0.1455
-0.16042
-0.0029839
-0.0068886
-0.00041341
0.0033889
0.0034886
0.013243
0.002373
0.004451
0.0076738
0.012312
0.0067397
0.0059436
0.0079138
0.0076065
0.0098135
0.013347
-0.077215
-1.4504
-2.0973
-0.75746
-0.48317
-0.50122
-0.78683
-1.3138
-1.5435
-1.1021
-0.3847
-0.19961
-0.19536
-0.23118
-0.27015
-0.19512
-0.073254
-0.055508
-0.01776
-0.029742
-0.084079
-0.033858
-0.053259
-0.11178
-0.14178
-0.48268
-0.86348
-0.83666
-1.0302
-1.2387
-1.6145
-1.8221
-2.0466
-2.1529
-2.0892
-1.8409
-1.5679
-1.3372
-1.2216
-0.94235
-0.81158
-0.64623
-0.50247
-0.29094
-0.17788
-0.10134
-0.1397
-0.13952
-0.094174
-0.029013
-0.073675
-0.038795
-0.090877
-0.11456
-0.16438
-0.36539
-0.43263
-0.39136
-0.40616
-0.41648
-0.56117
-0.66951
-2.0296
-1.9851
-1.2787
-0.40923
0.046707
0.062597
0.079283
0.051798
0.037002
0.046048
0.0088576
0.0057018
0.0016633
0.0093092
0.0057086
0.0063139
0.0023003
0.0042176
0.0053371
0.002337
0.0035931
0.0022567
0.0040968
-1.3604
-2.3851
-2.8638
-2.9123
-1.1795
-0.56254
-0.51275
-1.1493
-1.7467
-2.1017
-1.9043
-1.1643
-0.35912
-0.003736
0.0871
0.037217
0.066911
0.022113
0.071686
0.038211
0.010601
-0.04125
-0.15464
-0.48104
-0.69265
-1.0391
-0.7842
-0.73402
-0.69823
-0.85997
-1.0494
-1.2749
-1.7093
-1.971
-2.3
-2.3909
-2.2199
-1.9341
-1.4555
-1.2414
-1.1837
-1.0787
-0.93708
-0.88666
-0.72604
-0.48805
-0.22646
-0.20525
-0.41693
-0.44725
-0.57438
-0.75156
-0.85284
-0.95774
-0.99812
-1.1159
-1.1294
-1.2148
-1.2376
-2.2934
-2.2324
-1.4988
-0.27006
-0.036259
-0.08465
-0.16038
-0.13948
-0.15374
0.0023208
-0.00042594
-0.00010487
0.010092
0.014539
-0.00010001
0.0055042
0.0039843
0.0057504
0.015109
0.010364
0.0052128
0.0081124
0.0081566
-0.39522
-1.2085
-2.1836
-2.6422
-1.1781
-0.89466
-0.69781
-1.3414
-1.735
-1.9803
-1.661
-1.0577
-0.33447
-0.17465
-0.1759
-0.19253
-0.12451
-0.09768
-0.016952
0.066707
-0.034488
-0.14353
-0.27338
-0.84479
-1.3205
-1.5634
-1.1932
-0.88707
-1.0163
-1.1334
-1.2818
-1.6666
-1.9593
-2.2548
-2.4161
-2.4137
-2.1989
-1.8151
-1.576
-1.3651
-1.2532
-1.2136
-1.0385
-1.025
-0.87557
-0.63377
-0.23119
-0.10777
-0.074923
-0.063567
-0.088666
-0.25089
-0.32284
-0.50237
-0.61227
-0.81466
-1.1401
-1.2674
-1.3614
-2.3697
-2.0563
-1.36
-0.36375
0.024733
-0.011561
-0.2248
-0.1382
-0.10238
0.0023548
0.0084184
0.0017646
0.015831
0.014936
0.01217
0.0091921
0.003658
0.0052102
0.0066535
0.0048832
0.0053069
0.0039315
0.0074233
0.0097951
0.012912
0.012133
0.0098794
-0.98605
-0.70863
-0.5715
-1.0947
-1.5114
-1.7827
-1.5516
-0.99343
-0.42312
-0.14146
-0.15407
-0.087223
-0.15724
-0.09431
0.010171
0.10672
0.12972
0.12583
0.089505
0.083143
0.050694
0.013943
-0.032559
-0.30363
-0.56074
-0.8995
-0.66916
-0.59185
-0.59837
-0.67237
-0.98568
-1.2095
-1.4177
-1.7269
-1.9218
-2.034
-1.9305
-1.5472
-1.2888
-1.0977
-0.87849
-0.80544
-0.67073
-0.62886
-0.44855
-0.31214
-0.050384
-0.15019
-0.07976
-0.089079
-0.10162
-0.10882
-0.10939
-0.18439
-0.35171
-0.66486
-0.61166
-0.56045
-0.75125
-0.83036
-0.90924
-1.0305
-1.1067
-1.988
-2.0538
-1.5332
-0.72596
-0.0041135
0.069292
0.10013
0.08109
0.063018
0.068467
0.037221
0.0055254
0.005657
0.016987
0.0077379
0.011161
0.0014772
0.0038306
0.011395
0.011761
0.0071936
0.008601
0.01294
0.012344
0.010894
0.0033761
-0.21089
-1.0041
-2.0444
-2.6809
-2.686
-0.95459
-0.66877
-0.55203
-0.79651
-1.3241
-1.844
-1.9771
-1.4733
-0.73161
-0.22748
-0.1153
-0.15479
-0.092865
0.045332
0.079475
0.089883
0.13289
0.1969
0.1116
0.048922
0.0017782
0.0048653
0.018366
-0.063966
-0.22937
-0.68195
-0.54838
-0.41973
-0.40373
-0.50343
-0.64938
-0.8378
-1.1129
-1.4696
-1.7898
-1.928
-1.0309
-0.8816
-0.69424
-0.58008
-0.49058
-0.38593
-0.21391
-0.10468
-0.12768
-0.07154
-0.081299
-0.032476
-0.096077
-0.24138
-0.3935
-0.58458
-0.66171
-0.69395
-0.82048
-0.78796
-0.79238
-0.99314
-1.091
-1.2606
-2.1236
-2.1162
-1.7831
-0.78349
-0.21864
0.035641
0.047607
0.050661
0.0051528
0.049304
0.027713
0.009603
0.012378
0.014045
0.01126
0.010449
0.0064603
0.0020126
0.0085586
0.0046465
0.011021
0.01165
0.01264
0.013698
0.012719
0.0083825
-0.18406
-1.0312
-1.9663
-2.5063
-2.7608
-1.4542
-1.7086
-1.8273
-1.4358
-0.50083
-0.31601
-0.14825
-0.047829
-0.065515
0.10529
0.12931
0.12613
0.16211
0.18091
0.11394
0.050071
0.027964
0.030136
0.1155
0.028118
-0.1695
-0.26741
-0.43472
-0.42617
-0.41094
-0.45076
-0.54895
-0.78826
-1.123
-1.5687
-1.9722
-2.128
-1.9146
-1.4672
-1.0458
-0.80221
-0.58281
-0.51937
-0.43729
-0.16573
-0.12572
-0.19397
-0.19123
-0.30988
-0.4709
-0.43265
-0.79223
-0.93847
-0.94872
-0.99409
-1.1258
-1.2119
-1.4012
-1.4763
-1.6029
-2.2739
-2.1417
-1.5126
-0.5018
-0.07043
-0.024865
-0.10994
-0.068832
-0.14106
-0.015216
0.002449
0.0090998
0.011777
0.019559
0.0047478
0.013808
0.0039058
0.0085264
0.014654
0.0067722
0.0071632
0.0064801
0.017053
-0.32457
-0.94444
-2.0825
-2.4191
-0.87164
-0.55903
-0.73569
-1.2415
-1.6911
-1.7776
-1.5082
-0.61283
-0.22775
-0.19057
-0.19555
-0.14256
-0.14828
-0.016423
0.083593
0.10953
0.12565
0.023853
-0.074707
-0.20366
-0.45354
-1.066
-1.0688
-0.88414
-0.7514
-0.86259
-1.0127
-1.172
-1.4384
-1.6385
-2.0361
-2.2468
-2.2426
-2.009
-1.6992
-1.4116
-1.3318
-1.2105
-1.1306
-0.95423
-0.89718
-0.70069
-0.49495
-0.1563
-0.15425
-0.093986
-0.13537
-0.26412
-0.41881
-0.40709
-0.80796
-0.87078
-0.85005
-1.078
-1.2631
-1.2139
-1.2661
-1.907
-1.9118
-1.3977
-0.20482
0.051281
0.044423
-0.0020649
0.00375
-0.059977
0.02114
0.006175
0.0042895
0.0095116
0.014969
0.01562
0.0097614
0.0046591
0.0067874
0.013271
0.0052788
0.0068271
0.0046573
0.011046
0.0068315
0.010138
0.011412
0.014224
-0.79774
-0.39206
-0.39933
-0.77518
-1.3606
-1.8271
-1.5696
-0.84263
-0.35589
-0.087953
-0.084046
-0.14911
-0.10549
-0.064044
-0.019595
0.056824
0.053539
0.05571
0.092645
0.055288
0.029913
-0.063794
-1.2398
-0.91118
-0.85174
-0.81908
-0.99222
-1.1997
-1.499
-1.747
-2.0405
-2.1721
-2.0666
-1.7624
-1.4366
-1.1384
-1.0347
-0.78757
-0.60217
-0.44938
-0.40921
-0.25538
-0.20067
-0.060503
-0.18315
-0.055089
-0.056109
-0.033588
-0.12879
-0.1224
-0.18909
-0.45575
-0.60314
-0.56873
-0.72097
-0.73595
-2.0623
-1.9765
-1.5059
-0.61081
0.01234
0.059849
0.0079138
0.028255
0.038304
0.061738
0.032955
0.0083062
0.011491
0.022576
0.0087008
0.0095629
0.0062038
0.0061504
0.010606
0.0062661
0.0068902
0.0074433
0.0085687
0.012469
0.01106
0.015034
-0.082004
-1.0952
-1.7879
-2.5025
-2.6329
-0.94374
-0.57012
-1.9209
-1.1924
-0.42082
-0.17754
-0.031273
-0.030596
-0.0069832
0.03539
0.11694
0.17215
0.17949
0.17377
0.12576
0.081353
0.058197
0.026644
-0.090903
-0.16461
-0.47098
-0.83379
-0.73791
-0.58004
-0.65841
-0.6586
-0.8898
-1.154
-1.4463
-1.8361
-2.1196
-2.1689
-2.0455
-1.646
-0.45631
-0.43712
-0.45208
-0.20792
-0.10697
-0.10096
-0.045478
-0.12001
-0.10215
-0.20153
-0.17034
-0.41502
-0.56566
-0.69075
-0.7916
-0.84641
-0.84533
-1.0469
-1.1649
-1.252
-1.3709
-1.9014
-1.8964
-1.5636
-0.49805
-0.086079
0.012337
-0.033487
-0.025871
-0.059323
0.012655
0.0097907
0.0049244
0.011153
0.01362
0.015922
0.002604
0.0090381
0.0079333
0.010965
0.0063961
0.0065724
0.0087654
0.0038821
0.0086905
0.0092447
0.012855
0.015568
-0.91121
-0.70506
-0.46666
-0.95448
-1.7025
-2.0349
-1.459
-0.56995
-0.2788
-0.10556
-0.13262
-0.15907
-0.012156
0.015992
0.070129
0.15154
0.14777
0.12716
0.102
0.074715
0.030165
-0.067545
-0.14816
-0.26708
-0.81812
-1.0154
-0.75125
-0.70053
-0.67055
-0.87921
-1.0188
-1.3493
-1.5733
-1.8885
-2.1711
-2.1084
-1.0267
-0.90098
-0.73008
-0.64148
-0.47395
-0.20333
-0.054221
-0.13168
-0.0012747
-0.054496
-0.061699
-0.13998
-0.19933
-0.28827
-0.5368
-0.69593
-0.74451
-0.8333
-0.79084
-0.77237
-0.89391
-1.1047
-1.2303
-1.9226
-2.0862
-1.5975
-0.81378
-0.06402
0.10773
0.086922
0.06695
0.10189
0.075889
0.044723
0.012359
0.0042979
0.013465
0.014688
0.0050635
0.0055371
0.003131
0.0078493
0.0028445
0.0044094
0.0076574
0.0074196
0.0095407
0.010571
0.012644
-0.092064
-0.43539
-1.6161
-0.66702
-1.2167
-1.5209
-1.8491
-1.7521
-1.3422
-0.63925
-0.3225
-0.1697
-0.14759
-0.0289
-0.054308
-0.027525
0.06314
0.13693
0.15438
0.13376
0.064143
0.058322
0.066556
-0.022206
-0.36734
-1.0848
-1.7087
-1.9193
-1.9316
-1.6285
-1.474
-1.4216
-1.4645
-1.6327
-1.7588
-1.8389
-1.6926
-1.4774
-1.1458
-0.065061
0.04475
-0.042905
0.050974
-0.054818
0.049403
0.077778
0.0082248
-0.1437
-0.15265
-0.35109
-0.22187
-0.30655
-0.28447
-0.29261
-0.56123
-0.75803
-0.85377
-0.88483
-0.77093
-0.62241
-1.0239
-1.1066
-0.5161
-0.026402
0.10965
0.1545
0.22685
0.1936
0.14335
0.054095
0.0054465
0.0074421
0.0073941
0.0042253
0.0034853
0.0025902
0.0049627
0.002475
0.0017853
0.0017192
0.00096307
0.0014855
0.0034122
0.0036384
0.0056188
0.00616
-0.31365
-0.19305
-0.50593
-0.87707
-0.80752
-0.81635
-0.6652
-0.42935
-0.21155
-0.16676
-0.13382
0.022998
0.095581
0.14302
0.18827
0.23564
0.28227
0.2786
0.20838
0.16237
0.1037
0.023471
-0.042174
-0.18445
-0.90288
-1.2774
-1.5498
-1.5016
-1.442
-1.4082
-1.3178
-1.2413
-1.2124
-1.2193
-1.0683
-0.77117
-0.47418
-0.29438
-0.16302
-0.086258
-0.047069
-0.026469
0.026631
0.066573
0.075603
0.072155
0.092206
0.16577
0.23942
0.1352
0.020017
-0.00011351
0.1174
0.14112
-0.0066679
-0.12839
-0.15976
-0.25164
-0.3419
-0.21096
0.088195
-0.32695
-0.20247
0.035446
0.091409
0.1137
0.16651
0.17979
0.10734
0.040358
-0.01352
0.002991
0.0063188
0.0068985
-0.0096153
0.002321
-0.0030524
0.0022333
0.0016313
-0.00026339
0.0027783
0.0033369
0.0024434
-0.14359
-0.43304
-0.67902
-0.48442
-0.77318
-0.78011
-0.80608
-0.86894
-0.83547
-0.5853
-0.30657
-0.30173
-0.24696
-0.2087
-0.11091
-0.067724
-0.0022551
0.031402
0.056615
0.08991
0.11017
0.041999
-0.0089527
0.0094372
-0.056003
-0.091453
-0.3341
-0.89818
-1.1017
-1.1483
-1.0822
-0.91807
-0.89312
-0.85536
-0.84637
-0.89599
-0.94127
-0.8924
-0.79868
-0.69247
-0.66122
-0.49852
-0.1345
-0.079183
0.0019714
0.098789
0.11961
0.080185
0.14811
0.20421
0.34917
0.4754
0.45277
0.35578
0.38452
0.45979
0.44959
0.44872
0.31322
0.23557
0.055695
0.044186
0.011363
0.62477
0.49153
0.046924
0.038303
0.014732
0.011798
0.049652
0.096234
0.071415
0.014642
-0.011309
0.0031761
0.0072443
0.0090178
0.0019576
-0.0046665
5.9641e-05
-0.0015362
-0.0021781
-0.0012591
-0.0025044
-0.0021949
-0.0026456
-0.19521
-0.02585
-0.60767
-0.36108
-0.52754
-0.62544
-0.67426
-0.7984
-0.72986
-0.4781
-0.35027
-0.38361
-0.36404
-0.36326
-0.35701
-0.27442
-0.1823
-0.18511
-0.14582
-0.11871
-0.14003
-0.17056
-0.17095
-0.14744
-0.16628
-0.26689
-0.66935
-0.88406
-0.91025
-0.78499
-0.66975
-0.63851
-0.56476
-0.55849
-0.55659
-0.49275
-0.4931
-0.48711
-0.41574
-0.3865
-0.35314
-0.13798
-0.052585
-0.063853
-0.18444
-0.22735
-0.20262
0.021995
0.088304
0.17713
0.36056
0.49087
0.69474
0.64664
0.44712
0.46029
0.4846
0.48245
0.48997
0.56595
0.45744
0.33119
0.26185
1.1324
1.1238
0.31412
-0.18158
-0.049883
-0.017484
-0.0063205
0.037633
0.051076
-0.00050391
-0.0019632
0.0021209
-0.0015528
-0.0085493
-0.012397
-0.0047232
-0.0022276
-0.0036709
-0.001937
-0.0061214
-0.0037716
-0.0081694
-0.0063729
-0.0073614
-0.010684
-0.0067129
-0.0069498
-0.0094869
-0.47745
-0.53955
-0.66812
-0.58745
-0.49647
-0.47353
-0.43225
-0.42563
-0.40865
-0.37248
-0.33354
-0.31403
-0.30372
-0.30832
-0.28651
-0.24973
-0.25403
-0.22258
-0.17515
-0.26029
-0.54439
-0.84857
-0.6815
-0.54604
-0.28163
-0.20898
-0.27754
-0.38443
-0.27221
-0.08663
-0.013948
0.0085435
0.062368
0.17085
0.29602
0.16359
-0.055802
0.032307
0.039218
-0.10991
0.11331
0.024398
-0.018405
0.050308
0.11702
0.14067
0.38956
0.70977
0.8763
0.72414
0.76317
0.84301
0.89937
0.98465
0.94762
0.85934
0.83368
0.963
2.1654
2.0815
0.82413
-0.069168
-0.019169
0.0031092
0.0098158
-0.0069583
0.070738
0.013933
-0.01861
-0.0098144
-0.0044485
-0.0081992
-0.011982
-0.009019
-0.012789
-0.0073213
-0.0078125
-0.011129
-0.0096178
-0.014446
-0.010734
-0.012406
-0.013729
-0.0089394
-0.0091386
-0.0050671
-0.096775
-0.15586
-0.25397
-0.32588
-0.29377
-0.28106
-0.30173
-0.31446
-0.3449
-0.31948
-0.31063
-0.28826
-0.29484
-0.25074
-0.21681
-0.28029
-0.24017
-0.23025
-0.11393
-0.20378
-0.37632
-0.53245
-0.39335
-0.26094
-0.036139
0.10145
-0.07647
-0.16144
-0.082961
0.036589
0.20006
0.29016
0.27648
0.24951
0.27992
0.21312
0.29799
0.16031
0.051975
-0.006763
0.19113
0.23704
0.22018
0.122
0.065878
0.035781
0.066208
0.061116
0.11675
0.25687
0.8775
1.013
1.083
1.2558
1.399
1.4624
1.2498
1.3348
2.8689
2.7896
1.5074
0.12546
0.0077305
0.030085
0.066145
0.051309
0.20518
-0.0038682
-0.012293
-0.0066111
-0.01314
-0.013523
-0.012866
-0.014142
-0.012394
-0.011916
-0.011026
-0.010761
-0.013665
-0.014267
-0.01268
-0.012911
-0.014221
-0.013079
-0.012139
-0.016647
-0.17087
-0.45867
-0.56711
-0.50872
-0.4546
-0.50146
-0.5263
-0.5195
-0.55667
-0.54335
-0.52537
-0.53709
-0.56061
-0.58244
-0.56928
-0.52137
-0.46301
-0.28173
-0.16941
-0.23792
-0.27742
-0.68788
-0.50654
-0.063604
0.57721
0.46923
-0.028393
-0.056716
-0.025153
0.14125
0.52256
0.80917
0.79143
0.58945
0.44185
0.40522
0.35946
0.28292
0.23596
0.12199
0.26547
0.21131
0.018461
0.042545
0.08652
0.33903
0.70966
1.054
1.0247
0.87376
0.86896
1.13
1.1116
1.2291
1.5869
1.636
1.4737
1.6286
3.3287
3.0252
1.204
-0.010356
-0.054984
-0.027319
-0.069042
-0.074156
0.029363
-0.035516
-0.017053
-0.021324
-0.0091384
-0.013255
-0.014764
-0.013479
-0.01496
-0.014431
-0.015173
-0.018867
-0.023269
-0.021887
-0.02018
-0.018797
-0.022023
-0.019539
-0.011456
-0.017494
-0.16967
-0.21237
-0.44046
-0.33747
-0.27152
-0.35746
-0.5635
-0.48264
-0.48173
-0.49388
-0.50936
-0.53349
-0.5373
-0.54852
-0.53993
-0.55951
-0.59489
-0.58775
-0.60603
-0.52503
-0.43938
-0.38036
-0.20425
-0.25983
-0.41682
-0.79994
-0.66531
-0.25528
0.090545
0.0051583
-0.15797
-0.24694
-0.15032
0.10806
0.28915
0.4085
0.46404
0.37437
0.23255
0.080651
0.045875
0.11326
0.12984
0.083314
0.018217
-0.035096
-0.01571
-0.042899
0.010078
0.056848
0.23138
0.62659
1.1978
1.1276
0.87791
0.78717
0.94421
1.137
1.3801
1.684
1.8144
1.9284
1.7742
3.8624
3.397
1.2839
-0.054883
-0.014088
0.047131
-0.0027202
-0.012491
0.11405
-0.018952
-0.024297
-0.018577
-0.018235
-0.015111
-0.010914
-0.017851
-0.01198
-0.015131
-0.01331
-0.018025
-0.017464
-0.017101
-0.012118
-0.01481
-0.017958
-0.017666
-0.017799
-0.016404
-0.01342
-0.23716
-0.37369
-0.49844
-0.12943
-0.17965
-0.17874
-0.23462
-0.2544
-0.25554
-0.29425
-0.33771
-0.33633
-0.36473
-0.3263
-0.30931
-0.29119
-0.26817
-0.26551
-0.33072
-0.39492
-0.31093
-0.19552
-0.23571
-0.47674
-0.59554
0.3988
0.67591
0.92589
0.95929
0.72611
0.60992
0.76394
0.97636
1.0121
1.0166
0.83222
0.7075
0.5775
0.41239
0.30094
0.18229
0.074957
0.09565
0.17601
0.21592
0.17319
0.16786
0.14975
0.12713
0.046046
0.071161
0.075811
0.089629
0.22337
0.63091
0.91348
0.71348
0.79979
0.934
1.2152
1.5562
1.8268
2.0302
2.1677
2.3813
4.142
3.9067
1.7809
0.2177
0.036698
0.042254
-0.0073975
-0.058148
0.01525
-0.027919
-0.015761
-0.011574
-0.01604
-0.015659
-0.021545
-0.018493
-0.017676
-0.018998
-0.019218
-0.017545
-0.019059
-0.018202
-0.017282
-0.019147
-0.020021
-0.019672
-0.019739
-0.01573
-0.12155
-0.34303
-0.4744
-0.28288
-0.25085
-0.35588
-0.44957
-0.41422
-0.40421
-0.40705
-0.43068
-0.41802
-0.40465
-0.41233
-0.39098
-0.46456
-0.50633
-0.56601
-0.55054
-0.51469
-0.4119
-0.25268
-0.16862
-0.22789
-0.28847
-0.60888
0.18147
0.83112
1.4355
1.1023
0.5981
0.80443
0.81775
1.0255
1.4808
1.7712
1.6227
1.3845
1.1485
0.94572
0.67726
0.48076
0.28688
0.19783
0.40921
0.26188
0.34969
0.15487
0.14196
0.065697
0.0039541
0.063507
0.061924
0.033853
0.20214
0.37592
0.73042
0.57274
0.63329
0.84254
1.2635
1.6009
1.9475
1.9118
2.2182
2.184
4.2408
4.1992
1.5879
0.10824
-0.034099
-0.0041917
-0.075358
-0.11951
-0.010916
-0.045292
-0.029524
-0.0099331
-0.020858
-0.0081315
-0.018226
-0.014583
-0.017701
-0.020333
-0.016201
-0.020281
-0.015659
-0.017442
-0.01866
-0.023216
-0.024752
-0.029928
-0.026071
-0.019267
-0.14407
-0.3554
-0.55452
-0.23719
-0.23004
-0.27693
-0.35222
-0.30333
-0.29128
-0.31837
-0.34805
-0.33029
-0.32067
-0.31943
-0.33813
-0.36298
-0.41766
-0.40731
-0.39391
-0.39687
-0.33623
-0.26294
-0.17671
-0.18678
-0.24946
-0.40809
0.62945
1.0953
1.5676
1.0865
0.90246
1.057
1.1462
1.3236
1.6454
1.7476
1.4934
1.3791
1.1195
0.90361
0.77404
0.62902
0.35774
0.27767
0.38374
0.13686
0.27522
0.17741
0.11756
0.082101
-0.026819
0.083785
0.1159
0.046418
0.17173
0.6152
0.66824
0.73934
0.74756
0.96188
1.291
1.9557
2.1702
2.2323
2.2137
2.4579
4.4086
4.0452
1.49
0.14452
0.010657
-0.0022816
0.0060433
0.00031404
0.087369
-0.042913
0.0015561
-0.015982
-0.021954
-0.0035355
-0.013996
-0.012279
-0.01412
-0.010968
-0.016005
-0.013775
-0.017663
-0.016876
-0.019272
-0.020799
-0.021071
-0.023851
-0.017704
-0.017842
-0.04191
-0.45147
-0.35976
-0.23214
-0.11006
-0.22514
-0.26128
-0.15949
-0.10321
-0.12162
-0.11546
-0.074283
-0.072686
-0.056829
-0.075288
-0.066497
-0.054341
-0.018918
-0.018027
-0.088078
-0.18271
-0.19982
-0.16986
-0.14006
-0.16807
-0.1377
0.84863
1.8333
2.387
1.9637
1.541
1.4182
1.54
1.7313
1.9924
1.9923
1.517
1.3688
1.2926
0.90695
0.89768
0.64002
0.40461
0.18258
0.32174
0.15498
0.21269
0.22231
0.1864
0.10675
0.071473
0.10325
0.040089
-0.0076913
0.068838
0.28622
0.51879
0.75079
0.81597
0.94856
1.3645
2.1696
2.695
2.896
2.7984
2.5631
4.0248
4.2035
2.1382
0.21558
0.030851
0.070276
-0.0011374
-0.065528
0.12239
-0.022234
-0.006127
0.0073838
-0.008823
-0.006293
-0.01552
-0.018869
-0.0053931
-0.0097795
-0.0092481
-0.01529
-0.014812
-0.0098732
-0.019166
-0.011717
-0.012918
-0.018391
-0.022753
-0.0088353
-0.02377
-0.30715
0.19812
-0.011814
-0.06945
-0.14999
-0.12662
-0.067377
0.016552
-0.03961
-0.05197
-0.019198
0.021595
-0.0011555
-0.021092
-0.050174
-0.040306
-0.0018276
0.033548
-0.016468
-0.13445
-0.16554
-0.14581
-0.1182
-0.076573
0.27136
1.5705
2.5206
2.9481
2.2986
1.8469
1.9863
2.2396
2.5553
2.757
2.5743
2.0698
1.8657
1.7611
1.4506
1.1314
1.1349
0.94657
0.44534
0.35538
0.26105
0.28407
0.21043
0.19273
0.12753
0.054753
0.071449
0.032612
-0.034898
0.032435
0.099702
0.17927
0.28562
0.63567
0.96098
1.1539
1.7813
2.2747
2.4813
2.5122
2.4273
3.7787
4.1317
1.6834
0.24866
0.0076801
0.059205
-0.074556
-0.17024
0.068159
-0.059545
-0.036383
-0.0025847
-0.021539
-0.0020845
-0.013081
-0.010004
-0.012247
-0.013974
-0.0094557
-0.013263
-0.016832
-0.017578
-0.017749
-0.019597
-0.024767
-0.027128
-0.025882
-0.011763
-0.042458
-0.37312
0.61779
-0.12271
-0.032087
-0.13608
-0.10069
0.037631
-0.084616
-0.10274
-0.10573
-0.097752
-0.094454
-0.093915
-0.11802
-0.12663
-0.13316
-0.11141
-0.071036
-0.054321
-0.12526
-0.16882
-0.17404
-0.11772
-0.091015
0.40862
1.3692
2.4612
3.0236
2.4309
1.8874
1.8429
2.1121
2.4509
2.7133
2.7019
2.2913
1.7397
1.3623
1.0172
0.89316
0.86914
0.5559
0.666
0.32849
0.26808
0.18151
0.12846
0.14759
0.1086
0.043698
0.046358
0.019533
-0.014609
0.021279
0.10317
0.28466
0.64657
0.94099
1.0436
1.3245
1.8808
2.3712
2.0963
2.0007
2.3662
3.3523
3.5978
1.5322
0.25079
0.048285
0.070288
-0.038856
-0.15275
-0.014702
-0.024683
-0.015806
-0.011534
-0.021758
-0.017437
-0.0086139
-0.010408
-0.0091981
-0.0062389
-0.0098037
-0.012899
-0.015118
-0.018635
-0.012016
-0.011946
-0.016935
-0.016486
-0.016972
-0.012626
-0.11756
0.46344
1.8398
0.47846
0.27699
0.21127
0.52345
0.84943
0.68422
0.097536
-0.055661
-0.11158
-0.16952
-0.23431
-0.30007
-0.35742
-0.36686
-0.40136
-0.43315
-0.37419
-0.34562
-0.31493
-0.29056
-0.31223
-0.32734
-0.35036
-0.32086
-0.3132
-0.29496
-0.30513
-0.30585
-0.29198
-0.27138
-0.17576
-0.063871
0.055142
0.20777
0.22586
0.2319
0.18773
0.15857
0.10117
0.020164
-0.055578
-0.11763
-0.18268
-0.21979
-0.26527
-0.2849
-0.31251
-0.37196
-0.37054
-0.37513
-0.36692
-0.37962
-0.37169
-0.34228
-0.33683
-0.32036
-0.31085
-0.27848
-0.2586
-0.23762
-0.20127
-0.18888
-0.14645
-0.12956
-0.1065
-0.10707
-0.11792
-0.13212
-0.13227
-0.14335
-0.15554
-0.17884
-0.1925
-0.20279
-0.223
-0.23711
-0.24107
-0.23444
-0.24634
-0.24487
-0.23212
-0.23155
-0.22535
-0.21328
-0.19514
-0.17542
-0.17261
-0.1466
-0.14118
-0.14786
-0.13913
-0.14753
-0.16105
-0.16093
-0.16168
-0.14518
-0.14888
-0.15911
-0.14542
-0.16836
-0.18962
-0.2084
-0.22497
-0.23399
-0.24427
-0.22696
-0.24269
-0.22486
-0.23045
-0.23091
-0.21874
-0.21339
-0.20049
-0.18868
-0.16642
-0.17098
-0.16812
-0.1668
-0.19325
-0.19528
-0.20597
-0.22144
-0.22808
-0.23965
-0.24195
-0.24498
-0.23454
-0.24398
-0.25466
-0.25139
-0.25062
-0.24308
-0.243
-0.24056
-0.23531
-0.2295
-0.22391
-0.21883
-0.21569
-0.21348
-0.20803
-0.22789
-0.25549
-0.25962
-0.23812
-0.23627
-0.23455
-0.23579
-0.22699
-0.23408
-0.2307
-0.22074
-0.23015
-0.22113
-0.23195
-0.22963
-0.23614
-0.22083
-0.22865
-0.22285
-0.22171
-0.20742
-0.21531
-0.19392
-0.20231
-0.19996
-0.20921
-0.20083
-0.20187
-0.18986
-0.19223
-0.2056
-0.20325
-0.2033
-0.21187
-0.1958
-0.2178
-0.21576
-0.21946
-0.19841
-0.20387
-0.21706
-0.21664
-0.20951
-0.20929
-0.20759
-0.1955
-0.20668
-0.199
-0.20579
-0.19578
-0.20073
-0.19121
-0.22668
-0.23695
-0.2643
-0.26278
-0.26456
-0.26231
-0.24619
-0.26225
-0.24798
-0.26766
-0.25735
-0.25636
-0.24015
-0.24786
-0.24837
-0.22746
-0.23866
-0.23745
-0.23282
-0.23161
-0.24964
-0.24696
-0.25566
-0.25444
-0.24145
-0.26433
-0.25557
-0.26629
-0.25822
-0.2622
-0.27213
-0.26804
-0.26509
-0.26159
-0.26124
-0.26013
-0.25558
-0.26016
-0.25369
-0.24608
-0.25211
-0.23368
-0.25282
-0.25894
-0.24881
-0.26296
-0.26162
-0.26968
-0.26073
-0.25791
-0.268
-0.27012
-0.27611
-0.26924
-0.27904
-0.2817
-0.29608
-0.30239
-0.29839
-0.30142
-0.29088
-0.28863
-0.2962
-0.29473
-0.27318
-0.28776
-0.27178
-0.28079
-0.27647
-0.28004
-0.26862
-0.27581
-0.26066
-0.28505
-0.29243
-0.28965
-0.29004
-0.30609
-0.29707
-0.3031
-0.29706
-0.29742
-0.29627
-0.3035
-0.29679
-0.29006
-0.28055
-0.29165
-0.27538
-0.28993
-0.28471
-0.29048
-0.29135
-0.27921
-0.2819
-0.29177
-0.28217
-0.28369
-0.30023
-0.29984
-0.2861
-0.29943
-0.29612
-0.29699
-0.2914
-0.28807
-0.26768
-0.28053
-0.28191
-0.27542
-0.28512
-0.28441
-0.2877
-0.27794
-0.28952
-0.27971
-0.29866
-0.29488
-0.2991
-0.30555
-0.29878
-0.29563
-0.28564
-0.29747
-0.29947
-0.2847
-0.29581
-0.29494
-0.30175
-0.28719
-0.29355
-0.29749
-0.2948
-0.29647
-0.30212
-0.29045
-0.28478
-0.30319
-0.30732
-0.29858
-0.30323
-0.30663
-0.31585
-0.37098
-0.37967
-0.36842
-0.36449
-0.34372
-0.36572
-0.36062
-0.36465
-0.34901
-0.36073
-0.3459
-0.34682
-0.36256
-0.36394
-0.36485
-0.35754
-0.36627
-0.36449
-0.36926
-0.3734
-0.38273
-0.38542
-0.38024
-0.38362
-0.36774
-0.36621
-0.38423
-0.36754
-0.38003
-0.38284
-0.3743
-0.39039
-0.38559
-0.38658
-0.36899
-0.37293
-0.38923
-0.37784
-0.3895
-0.38878
-0.37182
-0.39553
-0.39542
-0.39233
-0.37526
-0.39186
-0.37398
-0.38914
-0.38864
-0.39292
-0.37103
-0.38586
-0.38279
-0.37818
-0.37605
-0.38486
-0.3959
-0.37752
-0.38903
-0.38829
-0.38897
-0.39066
-0.38078
-0.37247
-0.38873
-0.38909
-0.39323
-0.38354
-0.39067
-0.36892
-0.37879
-0.38687
-0.37692
-0.38018
-0.37513
-0.38383
-0.39123
-0.38865
-0.37702
-0.36977
-0.37544
-0.38907
-0.37553
-0.37454
-0.38432
-0.38635
-0.39325
-0.38475
-0.39096
-0.39203
-0.3894
-0.39261
-0.3759
-0.38544
-0.39138
-0.39049
-0.37204
-0.38283
-0.38822
-0.39194
-0.38497
-0.38435
-0.38651
-0.39385
-0.39829
-0.39071
-0.38388
-0.39469
-0.38054
-0.38787
-0.40278
-0.40598
-0.40216
-0.3971
-0.40182
-0.40338
-0.4065
-0.40526
-0.39812
-0.40822
-0.40577
-0.40406
-0.41653
-0.40818
-0.40859
-0.40168
-0.41287
-0.40845
-0.40968
-0.40961
-0.39325
-0.41483
-0.41054
-0.39444
-0.40533
-0.41307
-0.41371
-0.41738
-0.4123
-0.41118
-0.41393
-0.41544
-0.40748
-0.41643
-0.40641
-0.41016
-0.40586
-0.41477
-0.40097
-0.41373
-0.39732
-0.40598
-0.41044
-0.41405
-0.41256
-0.41065
-0.41904
-0.41563
-0.41595
-0.41987
-0.41438
-0.41536
-0.41376
-0.41361
-0.41626
-0.41205
-0.41817
-0.40184
-0.41566
-0.41791
-0.41711
-0.4124
-0.40062
-0.41626
-0.42344
-0.4178
-0.41583
-0.41401
-0.40162
-0.41739
-0.41478
-0.42109
-0.41999
-0.4251
-0.43095
-0.42523
-0.42691
-0.4102
-0.42591
-0.42379
-0.42532
-0.41567
-0.43033
-0.43118
-0.4325
-0.4288
-0.43014
-0.43185
-0.43288
-0.43252
-0.42847
-0.41497
-0.43009
-0.44023
-0.42352
-0.43055
-0.43179
-0.42078
-0.43327
-0.43705
-0.43471
-0.44064
-0.43918
-0.42438
-0.43647
-0.43334
-0.4384
-0.44112
-0.43804
-0.43903
-0.42445
-0.43765
-0.44118
-0.42514
-0.44096
-0.4394
-0.4278
-0.43558
-0.4354
-0.43994
-0.42871
-0.44599
-0.43034
-0.44723
-0.43669
-0.44711
-0.42844
-0.442
-0.44636
-0.43204
-0.44545
-0.44755
-0.44592
-0.42597
-0.44328
-0.42846
