-1.0731
-1.0451
-1.0803
-1.0841
-1.0902
-1.09
-1.0825
-1.0881
-1.0856
-1.0665
-1.0505
-1.0804
-1.0792
-1.0689
-1.0275
-1.0562
-1.0425
-1.05
-1.0569
-1.0629
-1.0442
-1.0592
-1.0643
-1.0723
-1.056
-1.0668
-1.0408
-1.06
-1.0708
-1.0708
-1.0606
-1.0298
-1.0707
-1.0756
-1.0804
-1.0792
-1.0751
-1.0479
-1.0771
-1.0761
-1.0468
-1.0758
-1.0689
-1.0709
-1.058
-1.0623
-1.0622
-1.0523
-1.0642
-1.0634
-1.0751
-1.0689
-1.0641
-1.0709
-1.0563
-1.0707
-1.0763
-1.0727
-1.076
-1.0761
-1.0391
-1.0531
-1.0772
-1.0742
-1.0614
-1.0685
-1.0296
-1.044
-1.0597
-1.0732
-1.0541
-1.0696
-1.0761
-1.0471
-1.0804
-1.0541
-1.0806
-1.0727
-1.0789
-1.0623
-1.0781
-1.0699
-1.0754
-1.0388
-1.0676
-1.0644
-1.0658
-1.0365
-1.071
-1.0514
-1.0669
-1.0622
-1.0595
-1.0788
-1.0603
-1.0744
-1.0502
-1.0572
-1.0638
-1.0616
-1.0339
-1.0672
-1.0514
-1.0534
-1.0707
-1.072
-1.033
-1.0721
-1.0632
-1.0689
-1.0473
-1.0618
-1.0678
-1.0649
-1.0698
-1.0691
-1.0471
-1.0662
-1.0626
-1.0435
-1.0478
-1.0628
-1.0819
-1.0676
-1.0549
-1.0795
-1.0495
-1.073
-1.0712
-1.0721
-1.0554
-1.0686
-1.0453
-1.0589
-1.0643
-1.0248
-1.06
-1.0603
-1.0736
-1.0607
-1.0674
-1.0687
-1.0473
-1.0393
-1.0705
-1.0703
-1.0724
-1.0677
-1.0404
-1.0722
-1.0487
-1.0394
-1.074
-1.0594
-1.0778
-1.052
-1.0761
-1.0729
-1.0735
-1.0671
-1.0659
-1.0436
-1.071
-1.0665
-1.0667
-1.0668
-1.0667
-1.0669
-1.0571
-1.0732
-1.0732
-1.0517
-1.0608
-1.0851
-1.0361
-1.0527
-1.0814
-1.0839
-1.0772
-1.0723
-1.0713
-1.0657
-1.0415
-1.0612
-1.0636
-1.0594
-1.0405
-1.0439
-1.0626
-1.0715
-1.0458
-1.0781
-1.0771
-1.0704
-1.0555
-1.0555
-1.0628
-1.0417
-1.0599
-1.0489
-1.0233
-1.0666
-1.0666
-1.063
-1.0692
-1.0641
-1.04
-1.0418
-1.0685
-1.0722
-1.0695
-1.0695
-1.0676
-1.067
-1.0697
-1.0663
-1.0404
-1.0872
-1.0721
-1.0715
-1.0376
-1.0693
-1.0419
-1.0566
-1.0756
-1.0478
-1.0381
-1.0669
-1.0542
-1.0396
-1.0678
-1.0678
-1.0664
-1.0406
-1.0634
-1.0557
-1.0521
-1.0675
-1.0698
-1.065
-1.0699
-1.0604
-1.0692
-1.0707
-1.0739
-1.046
-1.07
-1.0663
-1.0435
-1.0656
-1.066
-1.0667
-1.0735
-1.0715
-1.049
-1.0694
-1.0686
-1.0287
-1.0527
-1.0532
-1.0372
-1.0649
-1.0618
-1.0415
-1.0387
-1.0483
-1.0647
-1.0318
-1.069
-1.0663
-1.0673
-1.0378
-1.0601
-1.0681
-1.0481
-1.0604
-1.0482
-1.043
-1.0351
-1.0636
-1.0682
-1.0638
-1.0596
-1.0315
-1.0513
-1.0031
-0.96258
-0.95143
-0.9166
-0.87086
-0.85063
-0.83344
-0.75278
-0.74079
-0.74672
-0.75619
-0.75476
-0.87556
-0.90915
-0.95644
-0.95501
-0.99929
-1.0238
-0.95885
-1.004
-1.0222
-1.0568
-1.0865
-1.112
-1.1001
-1.4101
-1.4922
-1.458
-1.5677
-1.5142
-1.6508
-1.757
-1.7382
-1.2897
-0.67906
-0.46164
-0.56065
-1.7705
-3.2191
-1.8449
-1.7787
-1.6572
-1.701
-2.1153
-2.6086
-2.8005
-2.795
-2.7485
-2.5702
-2.6334
-2.6683
-2.2935
-2.3739
-2.4037
-2.1548
-1.9334
-1.6622
-1.1453
-0.48732
-0.15433
-0.18356
-0.31633
-0.42455
-0.37782
-0.34044
-0.34235
-0.38104
-0.43597
-0.40262
-0.37903
-0.34031
-0.20248
-0.213
-0.12829
-0.17896
-2.4605
-2.8525
-1.6188
-0.12525
0.036347
0.026884
-0.28965
-0.37501
-0.5247
-0.19404
-0.1301
-0.029084
0.042409
-0.0082258
-0.0038456
0.010051
0.0020432
0.0088586
0.010203
0.011676
0.0074641
0.0070222
-0.29251
-0.91263
-2.174
-3.6714
-5.2734
-4.8105
-2.7067
-1.8863
-1.6748
-1.5733
-2.177
-2.6603
-3.8074
-2.8962
-1.1692
-0.34356
-0.17193
-0.12878
-0.16496
-0.3373
-0.20647
-0.14916
-0.14384
-0.080448
0.092474
0.21677
-0.013641
-0.34495
-0.33277
-0.0094318
0.39924
0.45488
0.48742
0.33325
0.019819
-0.70077
-1.486
-1.9988
-2.0543
-1.0938
-0.41584
-0.13787
-0.12095
-0.27899
-0.69596
-1.1251
-0.99262
-0.51837
0.14241
0.11015
0.20963
0.01214
0.040327
0.039471
0.18774
0.090545
0.20505
0.21697
0.2936
0.39905
0.5005
0.51244
0.49656
0.32908
0.18937
-0.0933
0.32113
0.2268
0.15526
0.12295
0.058449
0.028653
0.02494
0.021606
0.018129
0.02417
0.011338
0.018199
0.0080311
0.0024926
0.012189
0.010029
-0.00024487
-0.0013445
0.0030587
0.0076253
0.0097317
0.011636
-0.68955
-2.1903
-0.87537
-0.52183
-1.2604
-1.5516
-2.9027
-3.3466
-2.8425
-0.65927
-0.15568
-0.15038
-0.18007
-0.2338
-0.19664
-0.22818
-0.22614
-0.27676
-0.28073
-0.23642
-0.33891
-0.80426
-0.93013
-0.20192
0.22424
0.41072
0.34757
0.079697
-0.1577
-0.59865
-1.2231
-1.8358
-2.1067
-1.8276
-0.82676
-0.29673
-0.33549
-0.50001
-0.56171
-0.79448
-1.018
-0.9058
-0.62687
-0.17148
-0.20861
-0.0078963
0.034106
-0.099873
-0.50818
-0.20753
-0.14781
-0.16498
-0.15919
-0.23319
-0.36987
-0.59696
-3.2966
-3.5775
-2.6867
-0.70077
0.017315
0.11952
0.12528
0.09489
-0.022146
-0.023498
-0.03052
0.03196
0.021441
0.016504
-0.010862
0.014366
0.0057597
0.010091
0.014267
0.0033561
0.0031262
0.0060019
0.010446
0.0018837
0.010223
0.017032
0.015754
-1.2559
-1.9297
-2.901
-3.262
-0.83319
-0.55492
-0.27432
-0.87456
-1.541
-2.1855
-2.4335
-1.419
-0.25012
-0.072383
-0.084257
-0.12778
-0.20429
-0.088639
-0.088992
-0.075061
-0.13433
-0.10058
-0.1443
-0.037003
-0.020379
-0.092019
-0.19456
-0.76029
-1.2245
-1.0164
-0.16964
0.085723
0.2203
0.15439
-0.27159
-0.77965
-1.1432
-1.3424
-1.7115
-1.8695
-1.6171
-1.2055
-0.89814
-0.73738
-0.72638
-0.86434
-0.95698
-1.0689
-0.7907
-0.5391
-0.30004
-0.23608
-0.24057
-0.35651
-0.40382
-0.37071
-0.30888
-0.18098
-0.18021
-0.29013
-0.46611
-0.64274
-1.0562
-3.911
-3.0777
-1.5673
-0.15708
0.068837
0.063194
-0.1248
-0.16643
-0.18714
-0.044218
-0.047824
0.036908
0.012717
0.0090431
-0.0036803
0.0049397
0.0035059
0.013066
0.0073715
0.0077708
0.011399
0.017295
0.0079819
0.01847
0.0054381
-0.67894
-2.6951
-2.7456
-0.34632
-0.39041
-0.28852
-0.64129
-1.2922
-1.676
-1.4542
-0.33161
-0.13268
-0.04966
-0.1457
-0.051441
-0.063527
0.029264
-0.039835
-0.024007
-0.081382
-0.054869
-0.082652
-0.054836
-0.080848
-0.13016
-0.43431
-1.0543
-1.361
-0.92784
0.0015543
0.17062
0.042077
-0.14753
-0.58083
-0.83073
-1.2404
-1.0255
-1.0135
-0.93615
-0.97361
-1.0185
-1.0452
-1.0917
-0.76497
-0.54106
-0.16761
-0.35186
-0.14301
-0.15198
-0.22039
-0.35635
-0.30713
-0.30573
-0.27438
-0.28391
-0.28098
-0.21744
-0.16941
-0.17183
-0.14719
-0.29969
-0.69503
-3.639
-2.8698
-1.3802
-0.049353
0.20797
0.18109
0.10111
-0.016716
-0.10983
0.025458
0.0028614
0.015041
0.0039781
0.014902
0.01661
0.0078568
0.0076502
0.015887
0.0095815
0.018259
0.012786
0.018741
0.023644
-0.22776
-1.0193
-2.4162
-2.7096
-0.57862
-0.37198
-0.19672
-0.74895
-1.2087
-1.3689
-1.5828
-0.51268
-0.094303
-0.061521
-0.0070754
-0.010659
-0.010295
0.0047602
-0.054566
-0.034967
-0.05821
-0.047434
-0.019173
-0.0066151
-0.0013838
-0.068165
-0.043273
0.27335
0.36066
0.24373
-0.16581
-0.56145
-0.77371
-1.3052
-1.7155
-2.0839
-1.7542
-1.0233
-0.76987
-0.66664
-0.5548
-0.73342
-0.82504
-0.87426
-0.66074
-0.3926
-0.16518
-0.20682
0.0030426
0.022326
-0.098692
-0.33111
-0.24484
-0.28567
-0.28684
-0.2404
-0.26431
-0.2397
-0.25518
-0.36362
-0.51614
-0.67686
-0.8769
-3.464
-2.6657
-1.5843
-0.1298
0.15987
0.093907
-0.1491
-0.1451
-0.16517
-0.025547
-0.025138
0.0086023
0.014401
0.009955
0.0121
-0.0056948
0.0026569
0.0018007
0.0024019
0.010358
0.0068546
0.015845
0.00644
0.1856
-1.0504
-2.6
-2.7783
-0.53962
-0.53998
-0.20589
-0.70121
-1.0371
-1.3702
-1.2691
-0.50388
-0.1072
-0.075941
-0.023694
-0.068786
-0.01701
-0.043653
-0.049703
-0.050705
-0.005524
0.03157
-0.040279
-0.011233
-0.36939
-0.70811
-0.52086
0.047651
0.35329
0.4477
0.22414
-0.055522
-0.34381
-0.75065
-1.0637
-1.495
-1.7299
-1.5614
-1.1634
-0.90404
-0.78159
-0.78102
-0.94198
-0.91101
-0.97147
-0.7608
0.058121
-0.030693
-0.50469
-0.29326
-0.33043
-0.27834
-0.27343
-0.21733
-0.13787
-0.19642
-0.19713
-0.19091
-0.52074
-1.0028
-3.8292
-3.0109
-1.564
-0.13524
0.20534
0.18934
-0.0076404
0.045296
-0.011422
-0.075323
-0.023057
0.010697
0.010437
0.011262
0.0088402
0.013188
0.017003
0.0099106
0.0068206
0.00096184
-0.0052137
-0.0015445
0.0011435
-0.003409
0.0114
0.005079
0.01332
0.099607
-0.97986
-0.23434
-0.47193
-0.95225
-1.4352
-2.0429
-1.6643
-0.81627
-0.27725
-0.16831
-0.27642
-0.21177
-0.24088
-0.2702
-0.16509
-0.2527
-0.28947
-0.14231
0.0054862
0.059674
0.032503
-0.2036
-0.49273
-1.4199
-2.2118
-2.8635
-2.8171
-2.354
-1.9391
-2.0109
-2.4636
-2.4049
-2.5045
-2.4108
-2.2238
-2.0073
-1.7537
-1.5927
-1.825
-1.2949
-0.5004
-0.41476
-0.041424
0.0093958
-0.017222
-0.21885
-0.57555
-1.1103
-1.0928
-1.061
-0.77142
-1.0069
-1.6803
-1.8233
-2.0836
-2.1978
-2.0322
-1.8169
-1.6336
-3.8965
-3.3302
-0.68207
0.024824
0.10944
0.14261
0.12349
0.14881
0.02125
0.053564
0.028114
0.01347
-0.0029472
-0.0017426
0.010434
0.011639
0.0036959
0.01556
0.012724
0.012587
0.012045
0.012824
0.0079333
0.0063971
0.012873
0.015885
0.014969
0.36801
0.32608
0.40141
0.39304
0.20921
0.045206
0.1821
0.34265
0.3176
0.28938
0.27928
0.3053
0.32322
0.34219
0.36002
0.36257
0.32467
0.35833
0.26154
0.21601
0.19903
0.16599
-0.10001
-1.006
-2.1256
-2.5218
-2.1191
-1.9393
-1.8187
-2.0744
-2.3897
-2.3785
-2.5252
-2.5575
-2.5605
-2.3991
-1.9956
-1.5474
-0.18267
0.042324
0.079354
0.1603
0.2056
-0.081332
0.074621
-0.10743
-0.036578
-0.13421
-0.60377
-0.89951
-0.70116
-0.88741
-1.5063
-1.621
-1.9253
-2.1261
-1.9753
-2.1328
-1.9543
-1.9629
-4.0432
-3.624
-0.81242
0.1274
0.21145
0.19338
0.23861
0.18982
0.034381
0.064115
0.016293
0.012446
0.015446
0.013198
0.0091378
0.0143
0.015482
0.013239
0.01319
0.01715
0.014729
0.014933
0.017314
0.012575
0.4145
0.16714
0.55705
-0.20387
0.21517
0.24689
0.28917
0.2461
-0.04666
0.049337
0.26197
0.25642
0.29338
0.29657
0.26256
0.29658
0.30201
0.3384
0.39749
0.34563
0.27277
0.32452
0.22749
0.19572
0.18437
0.12946
-0.13561
-0.92822
-1.9527
-2.3161
-2.1545
-1.7869
-1.4947
-1.5908
-2.1765
-2.4744
-2.5197
-2.4597
-2.3373
-0.93641
-0.48938
-0.26612
-0.0041484
0.17913
0.16983
0.25363
0.23383
-0.099017
0.046588
-0.082676
-0.011936
-0.10091
-0.31921
-0.59511
-0.88369
-0.90079
-1.2218
-1.3512
-1.5691
-2.0062
-1.8404
-1.962
-2.0311
-2.1501
-3.6698
-3.1807
-0.67856
0.072155
0.17781
0.15014
0.17986
0.202
0.011379
0.050633
0.019163
0.002582
0.010437
0.011887
0.011391
0.012505
0.0098613
0.010117
0.019767
0.01488
0.01497
0.018781
0.014321
0.067928
0.26944
0.74295
-0.16147
0.10827
0.20503
0.23348
0.071974
-0.080152
0.10277
0.21526
0.26912
0.3003
0.30365
0.32177
0.32918
0.36631
0.366
0.39852
0.40205
0.33957
0.3526
0.24856
0.19703
0.17077
0.16644
-0.13616
-0.74939
-1.7172
-2.1587
-2.1177
-1.7915
-1.5598
-1.7186
-2.0921
-2.3973
-2.4991
-2.3795
-1.1793
-0.61431
-0.44924
-0.42626
-0.11616
-0.025656
0.19095
0.29211
0.11221
-0.076609
0.099305
-0.044973
-0.030834
-0.066328
-0.31545
-0.67544
-0.91132
-1.0379
-0.92518
-1.1015
-1.7021
-1.6864
-2.0951
-2.1138
-1.9334
-1.9862
-3.3107
-3.2955
-0.85389
0.055832
0.10382
0.16711
0.1696
0.16922
0.070186
0.054537
0.021344
0.016475
0.01724
0.012794
0.013556
0.013104
0.013063
0.012559
0.013832
0.013418
0.013242
0.014632
0.014288
0.016293
0.017426
0.019857
0.019659
0.017436
0.41099
0.40945
0.53446
0.20119
0.19448
0.22498
0.16029
0.081741
0.12156
0.14132
0.23489
0.19907
0.1972
0.20605
0.20054
0.2259
0.2179
0.18864
0.094817
0.093472
0.17579
0.15956
0.12465
0.066029
0.067253
-0.29244
-0.97279
-1.7468
-1.9593
-1.9275
-1.4918
-1.53
-1.6197
-1.9581
-2.2516
-2.2386
-2.0031
-1.7681
-1.4077
-1.202
-0.78703
-0.4569
0.25037
0.30418
0.11046
0.0055479
-0.050399
0.034165
-0.022331
0.0079085
0.041684
0.040048
-0.087484
-0.44419
-0.6085
-0.84876
-1.0567
-1.1958
-1.2792
-1.5585
-1.55
-1.6088
-1.6988
-2.6711
-2.6875
-1.0774
-0.029479
0.11626
0.1406
0.22349
0.24234
0.015003
0.015124
0.015609
0.021281
0.014036
0.016788
0.01724
0.016771
0.017351
0.018313
0.018675
0.01588
0.011631
0.01444
0.01625
0.015191
0.3293
0.3406
0.5042
0.27127
0.23057
0.23891
0.24184
0.23119
0.22525
0.21841
0.17233
0.22718
0.22916
0.18462
0.15593
0.12125
0.12384
0.12919
0.088023
0.036336
0.041987
-0.39024
-1.0652
-1.7239
-1.9673
-1.9119
-1.5997
-1.6157
-1.6647
-1.88
-2.0562
-1.9924
-1.8239
-1.5941
-1.3657
-1.0739
-0.65149
-0.25122
-0.27359
-0.058332
0.084836
0.1871
0.26796
0.0093317
0.022659
0.040191
0.12032
0.045376
-0.26488
-0.43318
-0.67527
-0.6914
-0.91705
-1.0627
-1.0713
-1.1306
-1.1697
-1.2075
-1.8712
-1.9426
-0.74983
-0.031445
0.094163
0.12115
0.18181
0.17905
0.013325
0.012902
0.0058172
0.012967
0.013494
0.0055292
0.0063978
0.010798
0.008027
0.01434
0.015509
0.015489
0.015855
0.018067
0.0092386
0.015013
0.23964
0.25274
0.49752
0.245
0.17963
0.13272
0.118
0.1893
0.12244
0.090732
0.11853
0.19937
0.17589
0.12862
0.10637
0.084166
0.069025
0.08508
0.057221
-0.021455
-0.027731
-0.5943
-1.3021
-1.611
-1.7692
-1.6196
-1.5368
-1.5313
-1.572
-1.6714
-1.7412
-1.7493
-1.6649
-1.4501
-1.1965
-0.92126
-0.54597
-0.23952
-0.16392
0.17853
0.12776
0.087591
0.045943
0.048756
0.037528
0.061058
0.14448
0.23814
0.14008
0.0016291
-0.11506
-0.11652
-0.40622
-0.55239
-0.59797
-0.68228
-0.66538
-0.73434
-1.0504
-1.234
-0.66639
-0.0017708
0.09771
0.13017
0.16099
0.0073087
0.019466
0.011355
0.0086935
0.0095115
0.0092898
0.005782
0.0051742
0.011062
0.0075997
0.010558
0.010786
0.010919
0.0072983
0.01148
0.0079318
0.0083329
0.015913
0.36362
0.5237
0.14438
0.14837
0.15409
0.19308
0.15331
0.15585
0.063504
0.097601
0.079203
0.066667
0.018452
-0.033297
0.011697
0.018925
0.042242
0.020413
-0.031563
-0.058121
-0.5674
-1.1833
-1.4768
-1.5196
-1.4847
-1.4026
-1.4242
-1.3754
-1.3536
-1.3638
-1.4225
-1.4235
-1.254
-0.98687
-0.57202
-0.16393
0.043694
0.10113
0.21147
0.29236
0.16971
0.080664
0.058896
0.04362
0.061973
0.19294
0.33547
0.30426
0.25665
0.18918
0.16012
0.16584
0.13211
0.033056
0.052848
-0.02058
-0.11439
-0.093897
-0.32698
-0.33605
0.0010349
0.10079
0.12815
0.2201
0.2642
0.20955
0.10611
0.0053909
0.0066675
0.013377
0.0042253
0.00078607
0.0030315
0.0032062
0.0043852
0.0083361
0.0092528
0.012152
0.0071887
0.0065844
0.0078514
0.03272
0.15284
0.38047
0.095188
0.12315
0.059702
0.016698
0.070908
0.076576
0.10394
0.12252
0.083933
0.072824
0.07721
0.033146
0.012562
-0.071794
-0.071683
-0.078289
-0.11358
-0.27387
-0.75234
-0.99255
-1.0973
-1.2334
-1.1732
-1.0894
-1.0311
-1.1543
-1.2418
-1.2805
-1.3185
-1.2677
-1.177
-1.0555
-0.95268
-0.76718
-0.63556
-0.44183
-0.32667
-0.099376
0.061994
0.095268
-0.039716
-0.015941
0.025148
0.059351
0.24843
0.21635
0.10502
-0.097929
-0.11891
0.0079437
0.050812
0.025868
-0.14462
-0.23627
-0.38857
-0.20613
-0.45858
-0.37974
-0.049115
0.060094
0.10441
0.13603
0.17993
0.17538
0.093803
0.031259
0.022634
0.0090297
0.012575
0.012985
0.005748
0.0045364
0.0076718
0.0073214
0.0060588
-0.0018238
0.0030959
0.0067584
0.0038647
0.011507
0.65634
0.22413
0.10787
0.13504
0.051462
0.049529
0.068885
0.021888
0.12859
0.14479
0.081417
0.088473
0.050382
0.058016
0.03596
-0.0052524
0.031544
0.021501
-0.039817
-0.032264
-0.038984
-0.030957
-0.044648
-0.076579
-0.35676
-0.64458
-0.91467
-1.0218
-1.0191
-1.0359
-1.121
-1.259
-1.1896
-1.1498
-0.9699
-0.74106
-0.51564
-0.35181
-0.24615
-0.15247
0.026505
-0.055566
-0.087619
0.022706
0.031757
0.046233
0.031397
0.062667
0.068289
0.10911
0.31033
0.25617
0.19431
0.049005
-0.063141
0.034153
0.033134
0.068106
0.015746
-0.13652
-0.33651
-0.42018
-0.59181
-0.6758
-0.077845
-0.023389
0.010664
0.02665
0.071983
0.098248
0.052118
0.033222
0.0069869
0.016681
0.01846
0.0014455
0.013882
0.0089162
0.0032011
0.0061398
-0.00048571
0.0042389
0.0069834
0.0059068
0.010338
0.21259
-0.12962
-0.43955
-0.28042
-0.065582
-0.11778
-0.25989
-0.26654
-0.28554
-0.096668
0.038147
0.020953
0.018857
0.051773
0.098248
0.077518
0.13022
0.10778
0.079788
0.07212
0.034273
0.07581
0.020263
0.0077407
-0.099207
-0.33646
-0.64248
-0.95658
-1.0149
-1.0966
-0.94766
-1.0501
-0.99486
-1.1038
-1.234
-1.271
-1.4173
-1.4014
-1.3847
-1.2974
-1.1069
-0.36607
-0.2406
-0.14352
-0.17687
-0.1175
-0.014649
0.031781
0.046468
0.10277
0.15063
0.2099
0.16716
0.014078
-0.11047
-0.099672
-0.065189
-0.053673
-0.083316
-0.26846
-0.38992
-0.38279
-0.52156
-0.62733
-0.75605
-0.4156
-0.14443
0.053034
0.11337
0.09847
0.12491
0.11875
0.050003
0.02979
0.010436
0.010318
0.016425
0.015545
0.0025779
0.0012633
0.002639
0.0030685
0.005127
0.0028216
0.00047596
0.0030021
-0.00055605
0.0039223
0.0032423
-0.41715
-0.077949
-0.086843
-0.15246
-0.24693
-0.30345
-0.33968
-0.17552
0.0085631
-0.057463
-0.079706
-0.055307
-0.02173
0.0062871
0.017823
-0.038212
-0.076671
-0.094545
-0.16938
-0.04025
-0.061342
-0.058789
-0.12803
-0.58382
-0.98426
-1.2726
-1.3389
-1.1917
-1.0593
-1.1588
-1.1493
-1.1303
-1.2462
-1.4128
-1.4191
-1.4887
-1.4768
-1.2198
-0.8486
-0.57822
-0.44076
-0.041908
0.035231
0.091202
0.050695
0.063639
0.091346
0.12543
0.16182
0.25707
0.26127
-0.054636
-0.17542
-0.060231
-0.051327
-0.046669
-0.010353
-0.26387
-0.51621
-0.76398
-1.0796
-1.1748
-0.82797
-0.22784
0.02765
0.058639
0.048196
-0.0004313
0.027523
0.048847
0.022201
0.020721
0.0033696
0.0086897
0.0093857
0.0034188
0.0027885
0.0068834
0.0085099
0.0056878
0.0058765
-0.0002835
0.00090966
0.0039083
0.001065
-0.4381
-1.0057
-0.35278
-0.10214
-0.14262
-0.28029
-0.52754
-0.68852
-0.57808
-0.1568
-0.051031
-0.021605
-0.045612
-0.056205
-0.030935
-0.031536
-0.0029606
0.021127
0.0064928
-0.043474
-0.010032
-0.012814
-0.051411
-0.14576
-0.48729
-0.84049
-1.4099
-1.5773
-1.3676
-1.156
-1.2333
-1.2273
-1.1901
-1.3726
-1.5467
-1.7234
-1.6956
-1.6687
-1.4778
-1.205
-1.0029
-0.86631
-0.7449
-0.54679
-0.45252
-0.3332
0.034658
0.053837
0.1172
0.16273
0.14929
0.030902
-0.21804
-0.21473
-0.18722
-0.1853
-0.15926
-0.35549
-0.41329
-0.47198
-0.54488
-0.74531
-1.0157
-1.1124
-0.78248
-0.087007
0.070172
0.11798
0.071395
0.073574
0.051741
0.026996
0.020308
0.0031985
0.0040642
0.017493
0.0078078
0.0029807
0.0021269
0.0058726
0.0089131
0.0077666
0.0060055
0.0014682
0.0070952
0.0046963
0.0065454
-0.14655
-0.80259
-0.36046
-0.26404
-0.34189
-0.39381
-0.58199
-0.65257
-0.3344
-0.21197
-0.12255
-0.13882
-0.14775
-0.046027
-0.026597
0.004029
-0.030364
-0.078847
-0.10653
-0.13738
-0.033652
-0.054638
-0.10668
-0.17159
-0.74152
-1.2587
-1.4991
-1.5773
-1.3741
-1.1461
-1.2714
-1.2823
-1.3026
-1.4294
-1.5854
-1.7198
-1.7531
-1.705
-1.4457
-1.0882
-0.86371
-0.70866
-0.67274
-0.52139
-0.44466
-0.53172
0.054484
0.087338
0.13306
0.15819
0.21657
0.049733
-0.3072
-0.14697
-0.11036
-0.18075
-0.13839
-0.36313
-0.24198
-0.72914
-1.1319
-1.4176
-1.2571
-0.9327
-0.21319
0.034936
0.088812
0.051273
0.054023
0.0036764
0.032108
0.016813
0.021349
0.0016019
0.014426
0.012794
0.0046217
0.0046669
0.003963
0.0091347
0.0068757
0.0062876
0.0036199
0.0051641
0.01184
0.063461
-0.60163
-1.2258
-0.45987
-0.17695
-0.24974
-0.426
-0.65053
-0.90014
-0.56228
-0.16413
-0.099769
-0.16553
-0.15244
-0.07745
-0.034166
-0.024273
-0.001633
-0.020593
-0.064886
-0.11336
-0.0089559
-0.041587
-0.071195
-0.14159
-0.61701
-1.1062
-1.6027
-1.7409
-1.6035
-1.1769
-1.1387
-1.1846
-1.2183
-1.4226
-1.6157
-1.799
-1.8531
-1.7642
-1.4697
-1.0952
-0.8223
-0.71695
-0.66454
-0.083395
0.00018483
0.079002
0.067471
0.1182
0.14712
0.17154
0.13302
-0.085899
-0.26748
-0.18352
-0.21862
-0.29896
-0.34594
-0.50183
-0.6891
-0.72912
-0.85959
-1.3539
-1.5074
-1.0424
-0.27356
0.034519
0.078083
0.065625
0.03952
0.0088698
0.056229
0.019145
0.010319
0.011789
0.012335
0.0059209
0.0061844
0.0059859
0.0065205
0.0063823
0.0081486
0.003102
0.0049252
0.0066758
0.0039248
0.0081238
0.0060078
0.011893
0.011453
-0.15972
-1.0791
-1.5577
-0.55217
-1.0833
-0.86689
-0.18974
-0.14367
-0.05122
-0.067536
-0.075958
-0.018268
-0.0080592
-0.0061688
-0.017026
-0.052361
-0.11662
-0.021652
-0.060255
-0.11257
-0.16129
-0.61206
-1.3913
-1.7881
-1.7245
-1.4299
-1.2588
-1.3339
-1.3607
-1.3746
-1.5401
-1.7784
-1.8302
-1.8507
-1.8182
-1.6281
-1.3886
-1.2317
-1.0639
-0.8004
-0.71392
-0.58969
-0.4747
-0.47489
-0.14283
-0.11597
0.059059
0.082478
0.14314
0.16015
0.11143
-0.023778
-0.15424
-0.16344
-0.21518
-0.33143
-0.25784
-0.26066
-0.40233
-0.6524
-0.63935
-0.79908
-1.4364
-1.4013
-0.80563
-0.062423
0.078315
0.064167
0.038372
0.04542
0.022019
0.030829
0.017793
0.0086175
0.010331
0.019207
0.0021598
0.011437
0.0046286
-5.598e-05
0.0053157
0.0027658
0.0035584
-0.0018247
0.0031941
0.0064789
0.0041734
0.0080917
0.013227
0.011945
-0.092115
-0.9593
-1.4828
-0.82075
-0.40441
-0.65209
-0.73288
-1.0956
-1.0608
-0.46978
-0.27933
-0.2291
-0.095724
-0.26642
-0.13161
-0.091067
-0.075168
-0.054114
-0.065533
-0.12739
-0.18987
-0.043413
-0.07775
-0.10757
-0.22221
-0.94527
-1.4931
-1.94
-1.9596
-1.7483
-1.3791
-1.3393
-1.4668
-1.3305
-1.456
-1.7127
-1.8464
-1.9118
-1.8266
-1.556
-1.3239
-1.0043
-0.96064
-0.91337
-0.78058
-0.66681
-0.72992
-0.48299
-0.29999
-0.015435
0.058824
0.054763
0.10343
0.15515
0.11824
0.079445
-0.14166
-0.32536
-0.36779
-0.29583
-0.2476
-0.41099
-0.47448
-0.68635
-0.73731
-0.96569
-1.8068
-1.4539
-0.84686
-0.11884
0.060431
0.10212
0.069181
0.032272
0.0044101
0.02621
0.015351
-7.7885e-05
0.016341
0.015649
0.011683
0.0094997
0.0032132
0.0096752
0.009576
0.0061689
0.0061528
0.0052213
0.0036736
0.0038966
0.018192
-0.67022
-1.2899
-0.52832
-0.35631
-0.19149
-0.50097
-0.59145
-0.84101
-0.64739
-0.24384
-0.24897
-0.1662
-0.13583
-0.14443
-0.16351
-0.094857
-0.10293
-0.090362
-0.14097
-0.20398
-0.052177
-0.04823
-0.10062
-0.18462
-0.78912
-1.4657
-1.8845
-1.9607
-1.6398
-1.1678
-1.1342
-1.3606
-1.4797
-1.5512
-1.7716
-1.9744
-1.9579
-1.8398
-0.69448
-0.6464
-0.60377
-0.66636
-0.32153
-0.059427
0.052849
0.063558
0.07293
0.092094
0.14305
0.15717
0.20757
0.023772
-0.18489
-0.21377
-0.15667
-0.16929
-0.2423
-0.43897
-0.62455
-0.70669
-1.0183
-1.8902
-1.7807
-1.1547
-0.30069
0.028277
0.025774
0.0060214
-0.032062
-0.1269
0.014487
0.010907
0.01079
0.01171
0.015994
0.011745
0.016714
0.013129
0.0098219
0.0089111
0.0088233
0.0088963
0.0091906
0.011201
0.01303
-0.41692
-1.357
-1.9688
-0.88819
-0.42349
-0.53163
-0.81715
-0.97818
-1.3143
-0.94272
-0.35298
-0.15384
-0.15321
-0.14517
-0.095117
-0.078876
-0.059398
-0.05801
-0.10296
-0.12416
-0.11979
-0.058945
-0.047976
-0.11651
-2.1081
-1.9348
-1.4405
-1.177
-1.216
-1.321
-1.5626
-1.7696
-2.0333
-2.1391
-2.0851
-1.8135
-1.4156
-1.053
-1.0319
-0.75744
-0.75603
-0.67045
-0.67054
-0.51478
-0.12248
-0.067026
0.073368
0.076937
0.16533
0.19129
0.049078
-0.26317
-0.23456
-0.33304
-0.39167
-0.57344
-0.40623
-0.5606
-0.71988
-0.87495
-1.01
-1.1097
-1.9644
-1.938
-1.2048
-0.21428
0.093818
0.13637
0.069829
-0.0052025
-0.028208
0.033142
0.0066155
0.0062142
0.012602
0.020585
0.0092369
0.0093131
0.0079024
0.003861
0.0071209
0.0086121
0.0083594
0.010973
0.014831
0.010624
-0.041344
-1.051
-1.9109
-0.62767
-0.41826
-0.43883
-0.71928
-1.041
-1.2451
-0.86413
-0.39548
-0.2
-0.18696
-0.23085
-0.32405
-0.21242
-0.16843
-0.14498
-0.1879
-0.25552
-0.34604
-0.10181
-0.10208
-0.13825
-0.26401
-1.1586
-1.8168
-2.2296
-2.2277
-1.9653
-1.5625
-1.876
-2.1031
-2.1561
-2.0782
-1.841
-1.5654
-1.2383
-1.1144
-0.99425
-0.88005
-0.78007
-0.7289
-0.57516
-0.23075
-0.080352
0.046038
0.050175
0.14674
0.18927
0.086972
-0.15353
-0.31739
-0.43933
-0.47777
-0.49783
-0.42473
-0.46352
-0.67223
-0.80715
-1.0398
-1.113
-1.9071
-1.8433
-1.0912
-0.096961
0.062592
0.078735
0.0093758
-0.012092
0.010326
0.013793
0.014457
0.0042998
0.0062357
0.0085462
0.012646
0.0066919
0.0059505
0.0038712
0.0075948
0.0051856
0.0088274
0.0089476
0.013287
0.0099814
-0.11498
-1.2049
-1.8399
-0.9719
-0.57333
-0.39139
-0.80175
-1.0807
-1.3316
-0.85658
-0.4583
-0.26585
-0.2432
-0.22456
-0.23347
-0.18544
-0.205
-0.14465
-0.087678
-0.17186
-0.2639
-0.089753
-0.072124
-0.10739
-0.26912
-1.1765
-1.4259
-1.4634
-1.3857
-1.466
-1.5811
-1.9174
-2.1517
-2.248
-2.1225
-1.7322
-1.4468
-1.1439
-1.022
-0.9469
-0.89283
-0.70757
-0.84522
-0.49471
-0.19358
-0.0055612
0.05715
0.073333
0.11612
0.15205
0.078159
0.056073
-0.23385
-0.30264
-0.31158
-0.28277
-1.0136
-1.1994
-2.3123
-2.1995
-1.769
-0.54422
0.00097199
0.036957
0.11464
0.1696
0.06043
0.06347
0.036597
0.023292
0.018766
0.017127
-0.001003
0.0030156
0.012784
0.00265
0.0077546
0.0074684
0.0050639
0.0045108
0.0040152
0.0027548
0.0069615
0.0089565
0.011858
0.0097306
0.20898
0.090224
-0.60084
-0.37469
-0.17856
-0.01658
0.043068
-0.0071788
0.036151
0.121
0.12794
0.078101
0.10133
0.12067
0.048588
0.0073341
0.0057054
0.027903
-0.011955
-0.054331
-0.21646
-0.80385
-1.7193
-2.0103
-1.7085
-1.3373
-1.1689
-1.0483
-1.204
-1.3549
-1.4615
-1.8153
-1.9024
-1.8964
-1.6021
-1.2728
-0.92645
-0.49417
-0.2471
-0.13863
-0.00053226
0.11222
0.13587
0.09495
0.025512
0.12118
0.10041
0.11133
0.14629
0.20059
-0.0106
-0.1268
-0.20237
-0.3204
-0.4904
-0.86393
-0.84774
-0.84368
-1.9538
-2.0543
-1.1473
-0.1747
0.15682
0.20927
0.30345
0.36509
0.25227
0.097136
0.078286
0.012246
0.0269
0.01109
0.0094946
0.012533
0.0069108
0.0097417
0.01171
0.0088753
0.013415
0.011828
0.011742
0.012508
0.011711
0.010348
0.010282
0.012283
0.19733
0.2651
-0.6973
-0.57473
-0.25584
0.037037
0.11993
0.078679
0.01698
0.027886
0.060448
0.024777
0.063225
0.10276
0.093192
0.10233
0.19746
0.22246
0.14666
0.065879
-0.067155
-0.46758
-1.6682
-2.3702
-2.2576
-1.3963
-0.89547
-1.0324
-1.0579
-1.3659
-1.8283
-2.0753
-2.1811
-2.1832
-1.8789
-1.4248
-0.95116
-0.59092
-0.39792
-0.40021
-0.34797
-0.19999
0.03404
0.058985
0.0071113
0.10173
0.087229
0.06186
0.20798
-0.11712
-0.3294
-0.49994
-0.59363
-0.7523
-0.9328
-1.272
-1.4002
-1.3168
-1.4444
-3.1683
-2.9803
-2.2636
-0.60745
0.0019329
0.068766
0.15361
0.2025
0.2042
0.094725
0.040022
0.07225
0.038153
0.011928
0.01151
0.016404
0.013947
0.013257
0.014228
0.018734
0.018151
0.018917
0.022162
0.02135
0.022266
0.020394
0.031716
0.45534
0.40893
0.28381
0.39298
0.64733
0.6312
0.64763
0.73676
0.68787
0.62371
0.54087
0.4875
0.52489
0.58781
0.58859
0.55853
0.45997
0.2326
0.13446
0.037639
0.013304
-0.037764
-0.9656
-1.8059
-2.3085
-1.4742
-0.87114
-0.87674
-0.86674
-0.97643
-1.1782
-1.4204
-1.6292
-1.7396
-0.41282
-0.32722
-0.19866
-0.094548
-0.050997
0.080223
0.18696
0.033658
0.091059
0.065818
0.10496
0.092801
0.11416
0.19572
0.30484
-0.033219
-0.41633
-0.45165
-0.41307
-0.74968
-0.68232
-0.78459
-0.96392
-1.0634
-1.1433
-3.304
-2.9784
-2.2686
-0.39334
0.012892
0.022499
0.10596
0.3005
0.3016
0.10046
0.092321
0.065574
0.021336
0.014784
0.013124
0.012394
0.016821
0.012794
0.012422
0.015587
0.017203
0.019969
0.017274
0.004657
0.12181
0.22372
0.37903
0.89329
0.2839
0.2531
0.1493
0.27352
0.48079
0.41679
0.47975
0.48343
0.49939
0.44126
0.40195
0.50393
0.53546
0.54933
0.53721
0.51424
0.43175
0.33486
0.16371
0.10593
0.035052
0.020412
-1.4609
-2.272
-2.5796
-1.484
-0.77715
-0.69844
-0.84204
-0.94151
-1.4136
-1.4898
-1.6116
-1.7445
-1.494
-1.2896
-0.4642
-0.2664
-0.13386
-0.083032
0.071112
0.0094432
0.092915
0.050261
0.088241
0.10342
0.13586
0.18185
0.082236
-0.15478
-0.40723
-0.40176
-0.52199
-0.63358
-0.77853
-1.0444
-1.0839
-0.99558
-1.2899
-3.6387
-3.0978
-2.3677
-0.37525
-0.0066292
-0.050268
0.12795
0.28397
0.19777
0.059841
0.06374
0.064745
0.025126
0.017153
0.010002
0.0096751
0.012963
0.010822
0.016786
0.020809
0.020986
0.025361
0.02294
0.026678
0.02454
0.24877
0.50393
0.86299
0.33822
0.29693
0.1833
0.44984
0.39719
0.43327
0.58715
0.64735
0.61007
0.58343
0.58223
0.59921
0.58404
0.61954
0.67664
0.65069
0.57883
0.43194
0.25564
0.11053
0.098444
0.14647
-0.7149
-1.7253
-2.3428
-1.5563
-0.78771
-0.49119
-0.47868
-0.60482
-0.91108
-1.2673
-1.3452
-1.5262
-1.5417
-1.3059
-1.0187
-0.72977
-0.54202
-0.48771
-0.49577
-0.34118
-0.17706
-0.12741
0.017438
0.074055
0.06048
0.056627
0.066846
0.080836
0.09876
0.18161
0.043995
-0.21494
-0.37569
-0.56957
-0.61536
-0.74399
-1.0218
-1.131
-1.0543
-1.0882
-1.286
-3.801
-3.2556
-2.5494
-0.49449
-0.090059
0.024991
0.072169
0.16278
0.23416
0.02659
0.039428
0.10375
0.032862
0.016749
0.016255
0.015412
0.018495
0.022281
0.019869
0.0081202
0.023776
0.017339
0.02028
0.017756
0.01915
0.032349
0.13455
0.12914
0.24588
0.67954
0.22579
0.5186
0.32537
0.24222
0.44012
0.33915
0.47415
0.62041
0.58964
0.53143
0.53349
0.53657
0.57981
0.57431
0.43865
0.30609
0.13559
0.19114
0.27177
0.27814
-1.5117
-2.19
-1.5991
-0.63893
-0.2207
-0.12979
-0.35324
-0.58649
-0.97975
-1.3044
-1.3933
-1.3393
-1.1736
-0.84824
-0.60469
-0.52696
-0.40984
-0.26152
-0.11292
0.0061587
0.091027
0.075582
0.13349
-0.0141
0.20142
-0.05043
-0.3392
-0.39756
-0.4467
-0.52411
-0.71946
-0.87044
-0.84771
-0.74494
-0.76145
-0.97968
-3.3264
-2.9543
-1.8443
-0.20923
0.031799
-0.029682
0.019739
0.20134
0.14339
0.037723
0.074241
0.023272
0.020784
0.014933
0.0093259
0.012981
0.010542
0.015054
0.017709
0.023367
0.024437
0.02423
0.026052
0.025801
0.025814
0.020592
0.10811
0.11827
0.17109
0.31845
0.34321
0.37081
0.45408
0.56703
0.64072
0.62618
0.56857
0.57049
0.55499
0.52115
0.5081
0.53926
0.56523
0.55703
0.48512
0.33853
0.17195
-2.1764
-1.9479
-0.59066
-0.1063
-0.080239
-0.22692
-0.45954
-1.0965
-1.2749
-1.2855
-1.0768
-0.91574
-0.63948
-0.53408
-0.37702
-0.31926
-0.30314
-0.24159
-0.11131
-0.12221
-0.19004
0.086605
-0.028269
0.070298
0.16932
-0.21756
-0.18576
-0.27295
-0.45957
-0.4834
-0.68506
-0.79574
-0.77175
-0.64741
-0.58485
-0.86635
-3.4904
-2.9204
-1.9316
-0.33931
-0.089552
-0.089395
0.01041
0.1287
0.18596
0.019389
0.062029
0.034385
0.027959
0.017098
0.0083932
0.0099514
0.015227
0.0093995
0.011095
0.019039
0.017864
0.015202
0.014408
0.018546
0.013696
0.051287
-0.55217
0.049693
0.19781
0.26125
0.3276
0.20803
0.4428
0.53471
0.59227
0.54138
0.47725
0.4633
0.39794
0.35089
0.31757
0.35157
0.4084
0.44282
0.3888
0.28221
0.18006
0.21791
0.20434
-0.20223
-1.6125
-2.2828
-0.24415
-0.49866
-0.73362
-1.1101
-1.2005
-1.1494
-0.95356
-0.64401
-0.50344
-0.42942
-0.61271
-0.55748
-0.34994
-0.19552
-0.17279
-0.12071
0.13594
0.054837
-0.0042889
0.090383
0.088307
-0.17147
-0.34104
-0.48313
-0.64814
-0.75006
-0.6185
-0.50659
-0.49171
-0.53712
-3.2281
-2.2347
-1.5099
-0.13169
-0.0077603
-0.081029
0.024533
0.13255
0.023596
-0.022311
0.060644
0.024132
0.013422
0.009537
0.0085946
0.011273
0.0055411
0.013852
0.013102
0.014117
0.016211
0.019567
0.01507
0.015433
0.50714
0.4296
-0.57287
0.221
-0.1466
0.062722
-0.011874
-0.19731
0.021249
0.35486
0.44044
0.45475
0.45628
0.41655
0.32357
0.30632
0.29612
0.30189
0.34464
0.36172
0.30372
0.25103
-1.7062
-2.4303
-1.863
-0.46477
-0.2276
-0.14783
-0.19051
-0.35799
-0.4497
-0.86962
-1.14
-1.0166
-0.8081
-0.50045
-0.46087
-0.41704
-0.64958
-0.70637
-0.6009
-0.47849
-0.51565
-0.49371
-0.16971
-0.082766
-0.61423
-0.8066
-0.61461
-0.19247
-0.44495
-0.72693
-0.84184
-0.73491
-0.64752
-0.74987
-0.75298
-0.84719
-2.8362
-2.1409
-0.80397
-0.047716
0.053425
-0.022129
-0.24679
-0.22555
-0.30573
-0.10406
0.047307
-0.0072758
0.0090889
0.018725
0.0039925
0.0087003
0.0051938
0.0097201
0.0022703
0.0079356
0.0001547
0.00058745
0.0066618
-0.0026534
0.0089591
0.0064026
0.0023469
-0.43871
-0.37666
-0.10916
-0.50603
-0.81486
-1.2398
-1.2983
-0.74812
-0.43698
-0.30137
-0.29947
-0.34447
-0.37688
-0.37764
-0.35472
-0.40756
-0.40112
-0.32718
-0.24073
-0.13174
-0.16283
-0.34428
-1.0552
-1.517
-1.7225
-1.2771
-0.72657
-0.47881
-0.45008
-0.5623
-0.417
-0.63437
-0.91554
-1.1519
-1.6943
-1.9185
-1.8236
-1.6413
-1.3213
-2.0694
-1.7799
-1.26
-0.49471
-0.14561
-0.063187
-0.19507
-0.47062
-1.0713
-1.3275
-1.3244
-1.1241
-1.0293
-1.0284
-0.89837
-0.87631
-0.74359
-0.85844
-1.0374
-1.0473
-3.0782
-2.6945
-1.4894
-0.46601
-0.059812
-0.072147
-0.28786
-0.52983
-0.65055
-0.10437
-0.070928
0.0034927
0.019057
-0.012385
-0.0041881
0.0055997
0.0086037
0.012668
0.011817
0.002117
0.00083223
0.0062402
0.0034474
0.0027052
0.01258
-0.055216
-1.4213
-1.496
-0.17768
-0.15404
0.0051949
-0.14772
-0.51151
-0.70475
-0.68598
-0.09974
-0.11195
-0.085895
-0.064182
-0.10893
-0.095781
-0.096287
-0.10952
-0.072766
-0.11949
-0.068242
-0.035855
-0.005751
-0.047063
-0.10526
0.043559
0.70555
0.66739
0.42359
0.095888
-0.35832
-0.49445
-0.74467
-0.97476
-1.0696
-0.856
-0.69622
-0.5193
-0.5851
-0.60047
-0.68205
-0.73349
-0.65392
-0.50725
-0.28312
-0.16814
-0.13064
-0.079674
-0.076697
-0.11878
-0.15321
-0.16635
-0.16275
-0.18892
-0.11256
0.027402
0.0086673
0.080525
0.06365
0.0069688
-0.14165
-0.37685
-3.0455
-2.6429
-1.5808
-0.15933
0.007158
0.052551
0.0063307
-0.073122
-0.19207
-0.065704
-0.10569
-0.016126
0.019651
0.0020795
-0.015165
0.0019391
-0.007418
-0.0016034
0.0076162
0.00085201
0.0075654
-0.0049698
0.0061512
-1.4405
-2.3689
-2.385
-2.0693
-0.80635
-0.4137
-0.29883
-0.84021
-1.1219
-1.4442
-1.7083
-1.4246
-0.22898
-0.13108
-0.032764
-0.099349
-0.11601
-0.22191
-0.16156
-0.15922
-0.088571
-0.18877
-0.17628
-0.77891
-0.83114
-0.74119
-0.21406
0.040113
0.1916
0.12346
0.012147
-0.1915
-0.52075
-0.69951
-1.1018
-1.2979
-1.3453
-1.102
-0.71072
-0.64168
-0.65839
-0.85355
-1.1096
-1.2248
-1.2809
-0.93346
-0.45505
-0.27693
-0.72033
-0.5962
-0.52975
-0.57275
-0.4108
-0.45505
-0.53232
-0.47142
-0.58923
-0.6629
-0.81832
-3.1683
-2.6951
-1.5081
-0.39987
-0.088023
-0.15394
-0.306
-0.46551
-0.51872
-0.10455
-0.08008
0.031897
0.0085285
0.0031395
-0.0056685
0.0022163
0.0039308
0.0083503
0.01475
0.0091153
0.0027211
0.0070442
0.005887
-0.21231
-1.0182
-1.9264
-1.9362
-0.69786
-0.65889
-0.38824
-0.90752
-1.0545
-1.3926
-1.4807
-0.86741
-0.34442
-0.15369
-0.15439
-0.21474
-0.22563
-0.1793
-0.1425
-0.13477
-0.02915
-0.10479
-0.3208
-0.72436
-0.70669
-0.69658
-0.2188
0.29659
0.26578
0.063765
-0.14286
-0.39933
-0.66531
-0.91269
-1.1722
-1.2965
-1.2749
-0.87332
-0.7547
-0.57332
-0.59463
-0.88568
-1.0417
-1.2541
-1.0696
-0.82277
-0.33049
-0.14051
-0.08057
-0.11939
-0.25183
-0.3484
-0.40169
-0.31278
-0.31274
-0.28304
-0.37301
-0.51437
-0.84698
-3.018
-2.2666
-1.2533
-0.27137
-0.040423
-0.060769
-0.29967
-0.31353
-0.34419
-0.10979
-0.042736
0.005512
0.011569
0.013984
-0.0079644
0.000314
0.0065643
0.0057972
0.0079597
0.0054133
-0.0015235
0.0032186
0.0034751
0.0078382
0.016113
0.0081333
0.010126
-0.6545
-0.55867
-0.35645
-0.71421
-0.95185
-1.1398
-1.0225
-0.95722
-0.31505
-0.031899
-0.044557
-0.057912
-0.17741
-0.17155
-0.12377
-0.13124
-0.14489
-0.17318
-0.11677
-0.021317
-0.02593
-0.11162
0.015109
-0.38477
-0.34263
-0.16086
0.21661
0.3878
0.45675
0.37461
0.13129
0.015862
-0.18494
-0.56853
-0.75056
-1.1224
-1.2104
-0.81521
-0.68343
-0.50175
-0.50185
-0.70919
-0.95395
-0.95609
-0.83426
-0.49134
-0.1832
-0.20274
-0.075309
-0.10905
-0.26853
-0.17987
-0.19282
-0.1171
-0.14633
-0.10829
-0.020405
-0.014065
-0.063601
-0.065009
-0.23583
-0.36971
-0.61497
-2.9751
-2.6801
-1.706
-0.63205
0.02692
0.037991
0.024898
-0.023292
-0.083665
-0.059289
-0.043316
-0.029078
0.0078489
0.028735
-0.0095487
0.008626
0.010814
0.0032353
0.020396
0.0073545
0.0046249
0.011118
0.011869
0.015808
0.018136
0.025428
-0.10475
-0.80478
-1.513
-2.1501
-2.0062
-0.56802
-0.43982
-0.23943
-0.36801
-0.73902
-1.014
-1.2092
-1.0511
-0.69543
0.030551
0.10511
0.054421
-0.046763
-0.065384
-0.10644
-0.14993
-0.22117
-0.18027
-0.21245
-0.11957
-0.056924
-0.11785
-0.13008
-0.057911
-0.36839
-0.28923
0.21265
0.42398
0.67701
0.56404
0.43763
0.26663
0.2216
-0.23003
-0.63642
-1.1569
-0.37851
-0.43582
-0.49926
-0.68566
-0.85557
-0.70477
-0.38268
-0.22814
-0.16957
-0.084122
-0.091199
-0.081947
-0.059163
-0.010796
-0.019937
-0.0070489
0.022222
0.14383
0.12301
0.16031
0.17736
-0.023895
-0.22739
-0.53197
-3.1979
-2.5597
-1.7083
-0.24177
0.072536
0.044356
-0.0056277
-0.12058
-0.18167
-0.047181
-0.042005
0.0087538
0.0030321
0.00012998
-0.010066
0.012332
0.0058493
0.010476
0.0087303
0.0077658
0.00855
0.01306
0.016862
0.013579
0.017205
0.024402
-0.037942
-0.76618
-1.559
-1.7946
-2.0769
-0.84158
-0.84775
-1.0301
-1.074
-0.58177
-0.14961
0.013628
-0.0016792
-0.092718
-0.065237
-0.09614
-0.10635
-0.12064
-0.11489
-0.17674
-0.10281
0.0075638
-0.059574
-0.15734
0.11659
-0.14052
-0.016876
0.11706
0.37057
0.45124
0.38879
0.34638
0.16486
0.02521
-0.37603
-0.83448
-1.3458
-1.2934
-0.85862
-0.52701
-0.45317
-0.39383
-0.64366
-0.85006
-0.23764
-0.21322
-0.40087
-0.48573
-0.56892
-0.42296
-0.39303
-0.40865
-0.32279
-0.31074
-0.29737
-0.38066
-0.49221
-0.63446
-0.84186
-1.155
-3.3693
-2.5505
-1.4271
-0.25414
-0.096748
-0.087425
-0.23083
-0.40865
-0.56337
-0.12314
-0.11358
-0.0052529
-0.0030312
0.007268
-0.014833
0.012844
0.0103
0.014788
0.014366
0.013941
0.006292
0.0071685
0.029832
-0.00054053
-0.91425
-2.0848
-1.9196
-0.5838
-0.40577
-0.51356
-0.84385
-1.2247
-1.0983
-1.1624
-0.4903
-0.188
-0.14517
-0.12396
-0.14269
-0.18423
-0.13021
-0.10789
-0.12225
-0.11626
0.011515
-0.050656
-0.12284
-0.60289
-0.62256
-0.30615
0.21407
0.40516
0.39159
0.12727
-0.076027
-0.33113
-0.62367
-1.0223
-1.3056
-1.5493
-1.4707
-1.1013
-0.93358
-0.85565
-0.88388
-1.1057
-1.2603
-1.4198
-1.1485
-0.79656
-0.42974
-0.24555
-0.11784
-0.2134
-0.58018
-0.81489
-0.80122
-0.39829
-0.42933
-0.47786
-0.66743
-0.87103
-1.0184
-1.141
-3.1965
-2.7112
-1.7755
-0.35915
-0.021507
-0.040762
-0.13573
-0.27059
-0.40421
-0.082615
-0.094532
-0.013955
0.0021208
0.0028679
-0.00094572
0.014064
0.0049103
0.0064116
0.016703
0.0077894
0.0072813
0.01548
0.014063
0.011582
0.01196
0.014886
0.014013
-0.30241
-0.22962
-0.19006
-0.38765
-0.69583
-1.0286
-1.1479
-0.55493
-0.25208
0.048635
0.086227
0.028393
0.042413
-0.043423
-0.069392
-0.075582
-0.13196
-0.12203
-0.030561
0.042121
0.042581
-0.021469
-0.20969
0.35668
0.49467
0.50472
0.3697
0.12995
-0.36487
-0.54414
-0.9281
-1.1946
-1.2969
-0.98584
-0.67396
-0.50837
-0.49425
-0.4867
-0.51284
-0.74489
-0.77829
-0.60278
-0.38821
-0.17415
-0.24324
-0.054696
-0.083516
-0.19827
-0.30171
-0.20399
-0.20775
-0.17114
-0.17051
-0.11545
-0.099465
-0.10514
-3.5938
-3.0449
-1.8184
-0.25799
0.056428
0.050514
-0.051338
-0.123
-0.17098
-0.030843
-0.024104
0.00087909
0.0060031
0.016146
-0.0053311
0.0033858
0.0066677
0.0078712
0.018734
0.0089943
0.0020067
0.015508
0.015107
0.019007
0.019387
0.015034
-0.021131
-0.98085
-1.8055
-2.2977
-2.0563
-0.65478
-0.4119
-1.4069
-1.289
-0.35408
-0.076258
0.00064528
-0.03082
-0.059611
-0.053006
-0.044251
-0.06298
-0.094251
-0.12742
-0.14522
-0.050264
-0.032177
-0.11207
-0.041901
-0.13505
-0.45019
-0.54916
-0.18699
0.27681
0.46566
0.41076
0.17742
-0.039881
-0.30353
-0.79055
-1.1559
-1.5474
-1.7265
-1.1747
-0.83802
-0.9667
-0.99955
-0.70886
-0.31454
-0.18758
-0.11704
-0.23812
-0.43662
-0.57537
-0.41225
-0.3136
-0.3528
-0.33337
-0.32814
-0.29293
-0.3345
-0.45854
-0.63688
-0.80136
-1.0254
-3.3236
-2.7399
-1.8939
-0.30199
-0.16069
-0.046847
-0.15009
-0.30287
-0.41938
-0.10957
-0.084037
-0.012148
-0.0067485
-0.0017827
-0.0017895
0.010018
0.0093802
0.016913
0.016208
0.0098675
0.008333
0.011796
0.016191
0.010276
0.01404
0.017896
0.018281
-0.49191
-0.53063
-0.22376
-0.55065
-1.1042
-1.4481
-1.0937
-0.39864
-0.24041
0.037896
-0.081094
-0.082087
-0.071838
-0.10635
-0.09726
-0.082654
-0.10318
-0.071137
-0.068322
-0.020746
0.0038007
-0.091285
0.041084
-0.31705
-0.41284
-0.21356
0.34845
0.54504
0.56526
0.2972
0.10142
-0.27003
-0.53782
-0.83856
-1.213
-1.3473
-0.70196
-0.81405
-1.0219
-1.0605
-0.89474
-0.44283
-0.18302
-0.19976
-0.028018
-0.071523
-0.23849
-0.31503
-0.24641
-0.16723
-0.2062
-0.19213
-0.15657
-0.12886
-0.08401
-0.052451
-0.18634
-0.41271
-0.825
-3.4305
-2.9324
-1.9456
-0.44938
0.23437
0.13673
0.079005
-0.0041582
-0.022074
-0.083533
-0.021753
-0.012353
0.014559
0.0098368
0.014006
0.0056153
0.0050677
0.0025729
0.013244
0.0061454
0.0059412
0.0138
0.011061
0.012568
0.017707
0.018356
0.10765
-0.038854
-1.1824
-0.4071
-0.94928
-1.1198
-1.4595
-1.6706
-1.5904
-0.93407
-0.31347
-0.14354
-0.1183
-0.085233
-0.19131
-0.19698
-0.19871
-0.24354
-0.12313
-0.025442
0.0012133
0.052343
0.051829
-0.039758
-0.37249
-1.0067
-1.5025
-1.8229
-1.908
-1.5574
-1.2316
-1.226
-1.5287
-1.4279
-1.5253
-1.61
-1.6
-1.4702
-1.092
0.18719
0.19968
0.04227
-0.069611
-0.52779
-0.15646
-0.28671
-0.53208
-1.0679
-1.5321
-1.7409
-1.3964
-1.5397
-1.6255
-1.8136
-2.2764
-2.313
-2.3075
-2.1176
-1.814
-1.7018
-4.0683
-3.2105
-1.3272
-0.028647
0.11346
0.10906
0.14769
0.15847
0.11602
0.036271
0.026175
0.015997
0.010048
0.011216
0.014962
0.014453
0.011311
0.011575
0.01166
0.010286
0.011347
0.015609
0.013859
0.014129
0.015243
0.016348
0.43488
0.31019
0.66443
0.4122
0.36523
0.25522
-0.014911
-0.16546
-0.09284
-0.030833
0.019008
0.13105
0.17001
0.21325
0.24716
0.27667
0.29393
0.23832
0.16058
0.16729
0.10865
0.032479
-0.041479
-0.14924
-1.2081
-2.0526
-2.5653
-2.4795
-2.4615
-2.2079
-2.2244
-2.1598
-2.2068
-2.4625
-2.036
-1.7854
-1.4739
-1.2277
-0.74908
0.018545
0.15668
-0.025515
-0.035677
-0.33164
0.085452
-0.11543
-0.25383
-0.7393
-1.1415
-1.0134
-1.069
-1.0998
-1.2016
-1.5758
-1.8308
-2.0041
-2.0918
-2.1611
-2.1423
-2.1672
-4.0873
-3.0826
-0.8514
0.11212
0.22815
0.19443
0.25184
0.31811
0.16157
0.074747
0.043778
0.015905
0.01474
0.0098655
0.01889
0.012741
0.013602
0.011751
0.012653
0.0087824
0.013303
0.018209
0.013501
0.25996
0.49358
0.73925
-0.11482
0.43647
0.38355
0.38882
0.28611
0.091341
-0.066335
0.18221
0.2942
0.34143
0.28842
0.27544
0.28189
0.24955
0.2934
0.27179
0.25075
0.2211
0.18525
0.17731
0.20167
0.16041
0.077647
-0.11825
-0.92762
-1.8299
-2.2757
-2.3354
-2.2545
-2.0464
-2.1384
-2.2293
-2.3692
-2.5208
-2.6602
-2.6378
-2.5295
-2.0926
-1.6902
-1.398
0.10244
0.080473
-0.20662
-0.083661
0.14043
-0.1023
-0.26665
-0.49544
-0.80454
-1.1576
-1.0469
-1.197
-1.517
-1.682
-2.1022
-2.378
-2.5513
-2.5033
-2.3442
-2.4477
-4.1555
-4.1561
-1.1765
0.021147
0.11886
0.040912
0.051844
0.16998
0.052067
0.047866
0.02475
0.019133
0.010434
0.0090245
0.015722
0.012479
0.0072301
0.012541
0.015106
0.012602
0.014109
0.016408
0.019145
0.25722
0.089399
0.60793
-0.13571
0.19905
0.23832
0.29341
0.23392
-0.060207
-0.074056
0.17967
0.24675
0.27535
0.24143
0.19504
0.2071
0.19183
0.2206
0.21582
0.21813
0.14954
0.18262
0.16724
0.1755
0.16573
0.13993
-0.18491
-0.9286
-1.567
-2.0349
-2.2281
-2.1128
-1.5368
-1.5902
-1.9265
-2.1867
-2.3572
-2.3674
-2.2738
-2.0629
-1.8729
-1.3017
-0.95715
-0.43009
-0.261
0.10432
0.30015
0.21647
0.034584
-0.06741
-0.27423
-0.38118
-0.96337
-1.1933
-1.1902
-1.5737
-1.9737
-2.166
-2.5918
-2.7656
-2.6221
-2.673
-2.5361
-4.0281
-4.1335
-2.3195
-0.21298
0.029874
-0.027562
0.054756
0.22028
0.16988
0.078717
0.025255
0.0052004
0.019556
0.014558
0.017186
0.015352
0.010333
0.012001
0.012811
0.010931
0.01192
0.015751
0.015568
0.016531
0.017689
0.018839
0.020142
0.03415
0.080843
0.12333
0.10479
-0.074948
0.024091
0.16606
0.18585
0.12976
0.10075
0.086374
0.070946
0.071093
0.081669
0.09976
0.11091
0.10672
0.098005
0.11551
0.14029
0.10772
0.035111
-0.39811
-1.2752
-1.7809
-2.193
-2.1287
-1.6645
-1.3114
-1.4991
-1.946
-2.2226
-2.3228
-2.4346
-2.3372
-2.1779
-1.7488
-1.1095
-0.59514
-0.45656
0.011746
-0.019404
0.10376
0.19528
0.035628
0.051638
0.0025584
-0.13508
-0.44101
-0.8972
-0.70807
-1.2393
-1.3391
-1.48
-1.827
-2.0877
-2.1623
-2.3437
-2.4453
-3.7352
-3.6713
-2.1116
-0.2734
0.012251
-0.016268
-0.05176
0.17626
0.079948
0.043455
0.0086334
0.012101
0.0091862
0.0094604
0.0077794
0.01054
0.0095565
0.0062115
0.0063215
0.0079497
0.0068813
0.010203
0.011173
0.011323
0.014061
0.013984
0.016818
0.011007
0.32699
0.32081
0.2128
0.13015
0.13319
0.15377
0.17123
0.12148
0.047587
0.0082712
-0.00060448
-0.015793
0.01915
0.014496
0.016222
0.076479
0.027391
0.12095
0.070739
0.069796
0.14007
-0.20303
-0.811
-1.176
-1.5802
-1.8184
-1.4612
-1.3196
-1.4037
-1.4833
-1.5962
-1.6614
-1.5651
-1.3438
-0.97262
-0.5301
-0.23569
-0.0027692
-0.015689
0.15278
0.060053
0.060409
0.064399
0.106
0.12173
0.12855
0.1189
0.071111
0.081485
0.050249
-1.0556
-0.95737
-1.2524
-1.5367
-1.8992
-2.2591
-2.1968
-2.1982
-3.3216
-3.2544
-1.858
-0.21538
0.020911
0.03466
0.07538
0.19138
0.053464
0.067805
0.020253
0.00964
0.015444
0.017389
0.01602
0.016435
0.017521
0.015639
0.017901
0.015234
0.017461
0.01839
0.017585
0.01794
0.020055
0.018733
0.017264
0.015858
0.31741
0.30299
0.20478
0.18309
0.26374
0.28067
0.24005
0.2248
0.11893
0.10851
0.12202
0.15866
0.17858
0.16892
0.14627
0.16166
0.070944
0.092048
0.034788
0.0096669
0.044466
-0.072394
-0.76461
-1.0343
-1.7146
-1.8562
-1.3927
-1.2599
-1.2911
-1.413
-1.6349
-1.8141
-1.7119
-1.383
-0.97519
-0.59358
-0.16783
-0.017602
-0.071546
0.14892
0.026057
0.077862
0.12896
0.079036
0.11611
0.057491
-0.024129
-0.49125
-0.53206
-0.59424
-0.6564
-0.79025
-0.73607
-1.0998
-1.595
-1.6741
-1.8321
-1.9279
-2.8534
-2.601
-1.2198
-0.12748
0.063995
0.046588
0.14973
0.25267
0.074591
0.05799
0.020248
0.0077358
0.014574
0.01707
0.0079438
0.0168
0.0079473
0.011903
0.017054
0.011433
0.01609
0.017779
0.018434
0.01726
0.015748
0.018743
0.012596
0.01599
0.22511
0.27904
0.61659
0.44729
0.35825
0.40621
0.3212
0.2819
0.33967
0.34289
0.35674
0.28756
0.13355
0.11831
0.13672
0.13652
0.1326
0.12202
0.10563
0.12066
0.02808
0.10996
0.050701
-0.0027348
-0.00057761
-0.20244
-0.64255
-0.8289
-1.2692
-1.207
-1.1889
-1.0064
-1.0702
-1.2471
-1.3025
-1.3104
-1.2591
-0.96499
-0.66424
-0.25854
0.045345
0.22671
0.19249
0.19145
0.17609
0.19517
0.14257
0.16656
0.11251
0.14452
0.14126
0.081783
-0.42126
-0.39204
-0.56761
-0.58644
-0.52966
-0.71525
-0.87368
-1.2757
-1.6076
-1.7032
-1.6283
-2.3197
-2.1111
-0.97579
-0.024268
0.055276
0.029511
0.1174
0.18857
0.065751
0.04305
0.010826
0.014177
0.012884
0.015707
0.012734
0.016983
0.01396
0.012688
0.011692
0.012578
0.013536
0.01246
0.015165
0.0095625
0.010575
0.012928
0.015117
0.013403
0.012707
0.22762
0.35837
0.47712
0.15887
0.17112
0.17545
0.25413
0.27704
0.28319
0.31267
0.35181
0.30766
0.1445
0.015657
-0.045994
-0.063764
-0.05322
-0.0107
0.017048
0.052793
0.028795
0.010885
-0.02646
-0.16553
-0.54369
-1.218
-1.4673
-1.6754
-1.4673
-1.2434
-1.213
-1.2643
-1.4598
-1.4513
-1.4613
-1.2353
-0.93416
-0.58257
-0.26033
-0.022813
0.035348
0.041505
0.18729
0.25768
0.17204
0.21172
0.18978
0.14573
0.10602
0.1192
0.07741
0.10066
0.10543
0.16781
0.22796
0.15511
0.042663
-0.064867
-0.055199
-0.084976
-0.18528
-0.36078
-0.55283
-0.53723
-0.66071
-0.91348
-0.96695
-0.42658
-0.057606
0.039687
0.1294
0.1839
0.24943
0.14335
0.081466
0.015651
-0.00043946
0.021105
0.015593
0.010431
0.0072255
0.008055
0.0062192
0.0071156
0.0075068
0.00946
0.0083419
0.0072799
0.0081795
0.0082698
0.010275
0.011264
0.0088643
0.077408
0.2219
0.55118
0.22077
0.1848
0.1512
0.15773
0.17137
0.20411
0.23276
0.19971
0.13867
0.1614
0.18882
0.1799
0.12075
0.088798
0.03035
-0.0083986
0.0038697
-0.038587
0.046418
-0.003842
-0.09616
-0.11829
-0.3594
-0.94178
-1.0419
-1.2892
-1.3474
-1.1582
-1.1438
-1.1696
-1.2176
-1.2552
-1.198
-1.0604
-0.78887
-0.37761
0.01258
0.12447
0.046022
0.14212
0.40545
0.23814
0.32206
0.25768
0.21855
0.13795
0.098438
0.11708
0.092577
0.11256
0.11349
0.22115
0.29228
0.3492
0.22107
0.1752
0.10834
0.13813
0.099699
0.080287
-0.15929
-0.14808
-0.19688
-0.14584
-0.34314
-0.11068
-0.029677
0.050417
0.1379
0.1938
0.26589
0.18059
0.083042
0.013471
0.001462
0.0085601
0.016626
0.0061184
0.005593
0.0042316
0.0058424
0.0045103
0.0013978
0.0054696
0.0038048
0.0043256
0.0059899
0.0045952
0.0086032
0.0072993
0.0065751
0.057461
0.14295
0.52547
0.13828
0.13155
0.12151
0.13824
0.18929
0.23521
0.1808
0.17058
0.15119
0.11146
0.12169
0.11625
0.11574
0.026865
-0.0087402
0.01532
-0.084582
-0.10644
-0.026177
-0.037171
-0.12641
-0.18926
-0.53072
-0.83845
-0.88223
-1.0365
-1.1054
-1.0991
-0.98308
-1.053
-1.0532
-0.94579
-0.82731
-0.71755
-0.44811
-0.075395
0.2327
0.26011
0.17028
0.22812
0.45319
0.32242
0.37546
0.32744
0.26672
0.16151
0.1062
0.13364
0.12575
0.14368
0.13509
0.2457
0.45511
0.49048
0.371
0.31113
0.31224
0.29544
0.4377
0.47189
0.43492
0.37685
0.40751
0.76676
0.42022
0.20145
0.053167
0.1109
0.16782
0.20476
0.30294
0.26174
0.061135
0.021723
-0.010472
0.0075325
0.019387
0.0031811
-0.00068663
0.0031585
-0.0035207
-0.00042131
0.0017069
0.00081841
0.0032129
0.0013162
0.0012857
0.00094002
0.0029324
0.0032456
0.00053476
0.0077914
0.15003
0.52233
0.080724
0.079548
0.068747
0.1079
0.19528
0.18409
0.16759
0.1566
0.15859
0.14234
0.1457
0.15785
0.14596
0.11864
0.10044
0.081882
-0.0026698
-0.063501
-0.067451
-0.034752
-0.12394
-0.15399
-0.38532
-0.59494
-0.51984
-0.49173
-0.68899
-0.77785
-0.74411
-0.73779
-0.64017
-0.42561
-0.42474
-0.42786
-0.21596
0.20058
0.4849
0.46058
0.34999
0.42742
0.49437
0.45466
0.43068
0.40237
0.35727
0.27197
0.17541
0.16663
0.14539
0.10776
0.092011
0.16933
0.38046
0.64087
0.66728
0.59845
0.47937
0.5294
0.93022
1.0874
1.1128
1.0351
0.87692
1.4355
1.2727
0.66664
0.1144
0.12225
0.17067
0.17953
0.26605
0.34739
0.070328
0.02269
0.013514
0.016337
0.016448
-0.0080836
0.0018577
-0.00044149
-0.0037117
-0.0025463
-0.0016576
-0.0016256
0.0033049
-0.00041231
-0.0020939
0.0020543
0.0031686
-0.00041868
0.013183
0.00055658
0.13764
0.51989
0.14265
0.11785
0.048092
0.086709
0.20594
0.22498
0.17961
0.14428
0.14031
0.15898
0.15918
0.13686
0.10681
0.12375
0.16511
0.15421
0.089939
-0.0042108
-0.022581
-0.049493
-0.11001
-0.15167
-0.31695
-0.25943
-0.075111
0.1546
-0.28428
-0.46334
-0.38778
-0.25502
0.03387
0.18512
0.00072202
-0.16832
-0.023076
0.34356
0.68195
0.81728
0.83438
0.85012
0.76966
0.70187
0.5808
0.47655
0.40894
0.34482
0.22603
0.14526
0.15349
0.087615
0.074782
0.13448
0.2542
0.38837
0.561
0.81028
0.81203
0.77589
1.1306
1.4891
1.5492
1.5151
1.3894
2.1924
2.1298
0.94455
0.15414
0.09385
0.21071
0.15407
0.1928
0.3059
0.093254
-0.0033141
0.0050013
0.002076
0.011205
-0.0049271
-0.0012769
-0.0090868
-0.008878
-0.0046218
-0.0034473
-0.0037016
-0.0069063
-0.0029732
-0.0027945
-0.008766
-0.0064223
-0.0043496
0.0054116
-0.007261
0.0017032
0.81107
0.082904
0.079232
-0.010691
0.004826
0.12489
0.16664
0.15077
0.088738
0.076809
0.089009
0.092213
0.064128
0.056935
0.078646
0.11827
0.14731
0.10969
-0.016838
-0.037085
-0.073885
-0.097478
-0.19235
-0.10365
0.0013554
0.54919
0.89803
0.28271
-0.067882
-0.011449
0.080963
0.5825
0.90877
0.81312
0.57165
0.43531
0.67304
0.97331
1.0482
1.0044
0.9482
1.1239
0.84329
0.72019
0.55517
0.45024
0.42933
0.28747
0.14872
0.14613
0.10139
0.06169
0.19403
0.3427
0.79462
1.1827
1.2005
1.1553
1.3977
1.8044
2.224
2.1718
2.0219
2.1066
3.0886
2.8565
1.327
0.32761
0.20686
0.28272
0.1989
0.17273
0.29561
0.14545
0.0034899
-0.0011188
0.0029601
0.0099778
-0.0068888
-0.0095377
-0.0044604
-0.014045
-0.0065215
-0.0072842
-0.0089101
-0.0093261
-0.0015311
-0.0028966
-0.006135
-0.0045741
-0.005706
0.0074691
-0.23627
0.16388
1.0422
0.021919
0.02793
-0.26072
-0.099598
0.21254
0.25266
0.10499
0.088246
0.08345
0.05191
0.0070703
-0.043232
-0.098337
-0.088819
-0.090537
-0.090967
-0.050666
-0.048647
-0.058144
-0.063998
-0.071037
-0.074323
-0.067371
-0.062856
-0.071188
-0.066269
-0.070366
-0.067198
-0.044353
-0.027216
0.013722
0.024995
0.038489
0.074497
0.043466
0.023317
-0.012339
-0.05415
-0.10137
-0.12703
-0.13686
-0.13344
-0.11393
-0.11309
-0.10236
-0.074913
-0.086427
-0.095577
-0.084426
-0.086683
-0.083899
-0.091988
-0.090774
-0.08193
-0.086003
-0.082259
-0.079802
-0.076086
-0.065598
-0.058208
-0.038035
-0.032293
-0.024314
-0.021594
-0.029732
-0.037563
-0.0506
-0.063595
-0.069805
-0.081085
-0.089766
-0.069413
-0.067902
-0.081431
-0.073817
-0.070705
-0.077131
-0.065489
-0.068127
-0.065912
-0.067511
-0.067109
-0.064805
-0.065138
-0.05511
-0.035502
-0.031763
-0.033805
-0.0025916
-0.0020546
-0.0093318
-0.0040903
0.0078629
0.0047657
-0.016856
-0.034684
-0.046599
-0.046053
-0.036338
-0.051814
-0.06375
-0.080218
-0.087098
-0.093828
-0.094895
-0.087445
-0.087278
-0.075873
-0.065897
-0.062306
-0.04672
-0.042268
-0.029759
-0.015507
-0.00043514
-0.00034127
0.0033424
0.01034
0.0025538
-0.0012049
-0.0046172
-0.018249
-0.019651
-0.032662
-0.040274
-0.042993
-0.049178
-0.066385
-0.080563
-0.082568
-0.091152
-0.085712
-0.080028
-0.076825
-0.07118
-0.064053
-0.060851
-0.048334
-0.045987
-0.034238
-0.025167
-0.0069534
0.0025929
0.0015591
0.011087
0.019744
0.025352
0.0269
0.029932
0.0182
0.010321
-0.010463
-0.029332
-0.038099
-0.055105
-0.05709
-0.064304
-0.070171
-0.090555
-0.11534
-0.13884
-0.13918
-0.14514
-0.13245
-0.12422
-0.095684
-0.083907
-0.064733
-0.046908
-0.028231
-0.025249
-0.019035
-0.0050142
-0.0052522
0.0029555
0.016057
0.011673
0.01345
0.010393
0.014655
0.0058887
-0.00067871
-0.0081487
-0.020457
-0.025007
-0.036183
-0.046898
-0.057094
-0.056408
-0.063606
-0.067885
-0.077861
-0.088055
-0.12525
-0.14034
-0.15451
-0.13887
-0.12973
-0.11075
-0.091868
-0.084971
-0.064466
-0.075218
-0.061997
-0.059099
-0.049915
-0.050114
-0.050143
-0.040134
-0.047727
-0.056138
-0.068219
-0.066855
-0.082966
-0.092776
-0.09636
-0.09965
-0.10073
-0.12003
-0.12063
-0.1256
-0.11902
-0.11676
-0.11843
-0.11014
-0.1018
-0.094089
-0.087761
-0.085711
-0.083826
-0.081079
-0.072582
-0.066141
-0.068074
-0.057231
-0.068661
-0.063532
-0.058494
-0.058788
-0.059986
-0.068819
-0.062091
-0.057166
-0.06126
-0.069046
-0.078165
-0.083635
-0.094849
-0.098666
-0.11041
-0.11669
-0.10948
-0.10739
-0.098918
-0.10019
-0.10285
-0.10101
-0.086437
-0.089565
-0.082159
-0.075947
-0.073167
-0.070999
-0.066209
-0.059302
-0.053314
-0.061894
-0.06959
-0.061582
-0.061598
-0.072889
-0.061904
-0.069835
-0.069297
-0.075123
-0.083882
-0.094772
-0.092447
-0.087257
-0.082287
-0.086264
-0.081785
-0.084624
-0.086805
-0.083094
-0.081594
-0.071652
-0.076105
-0.072049
-0.064964
-0.056825
-0.060607
-0.058026
-0.054317
-0.056828
-0.057516
-0.059491
-0.053819
-0.05029
-0.047945
-0.050602
-0.051376
-0.058184
-0.059082
-0.060218
-0.066292
-0.057432
-0.069013
-0.06575
-0.076009
-0.070087
-0.077472
-0.087592
-0.078772
-0.075423
-0.070981
-0.076516
-0.078035
-0.072466
-0.07306
-0.071513
-0.077965
-0.065474
-0.065455
-0.066971
-0.064902
-0.065414
-0.069081
-0.061201
-0.060314
-0.072816
-0.073337
-0.069437
-0.068532
-0.0732
-0.079449
-0.16016
-0.16284
-0.15084
-0.14708
-0.14179
-0.1535
-0.14592
-0.15667
-0.14926
-0.15045
-0.14546
-0.13524
-0.14309
-0.14313
-0.14281
-0.13578
-0.14299
-0.14073
-0.14168
-0.15175
-0.15732
-0.15683
-0.156
-0.15837
-0.15184
-0.15173
-0.1621
-0.15349
-0.16559
-0.16752
-0.1642
-0.176
-0.17175
-0.16997
-0.16212
-0.16137
-0.17243
-0.16787
-0.16967
-0.16769
-0.15528
-0.16534
-0.16684
-0.16816
-0.15907
-0.16552
-0.16298
-0.16662
-0.16545
-0.16612
-0.15697
-0.16028
-0.15851
-0.15171
-0.15816
-0.15935
-0.16916
-0.16226
-0.16137
-0.16353
-0.16559
-0.16431
-0.15923
-0.15429
-0.16446
-0.16945
-0.16957
-0.16547
-0.16764
-0.16241
-0.16117
-0.16759
-0.16757
-0.1659
-0.16116
-0.16639
-0.17419
-0.16971
-0.16338
-0.15857
-0.16776
-0.16858
-0.16531
-0.16405
-0.16721
-0.16923
-0.17534
-0.16588
-0.16906
-0.16599
-0.16504
-0.16867
-0.14998
-0.15847
-0.16196
-0.15904
-0.15475
-0.15577
-0.15863
-0.16836
-0.16148
-0.16403
-0.16363
-0.17209
-0.17606
-0.17026
-0.17188
-0.17739
-0.17434
-0.17493
-0.18122
-0.18771
-0.18125
-0.17723
-0.18035
-0.18546
-0.18967
-0.18403
-0.17888
-0.18971
-0.18547
-0.18236
-0.19628
-0.18899
-0.18911
-0.18275
-0.19222
-0.19157
-0.19514
-0.1926
-0.18591
-0.20112
-0.19454
-0.18747
-0.19196
-0.19034
-0.19613
-0.19821
-0.19793
-0.19506
-0.19882
-0.19775
-0.1941
-0.19813
-0.19342
-0.19947
-0.19401
-0.19672
-0.19226
-0.1963
-0.18266
-0.1819
-0.18981
-0.18369
-0.17742
-0.17748
-0.18054
-0.18105
-0.18612
-0.19036
-0.18264
-0.18901
-0.18784
-0.18555
-0.18696
-0.18712
-0.1882
-0.18474
-0.19166
-0.18953
-0.18894
-0.18469
-0.17539
-0.18351
-0.19277
-0.18904
-0.18238
-0.18025
-0.17424
-0.18265
-0.17968
-0.18335
-0.18122
-0.17672
-0.18244
-0.17846
-0.18142
-0.17483
-0.18528
-0.18321
-0.18836
-0.18901
-0.19224
-0.19392
-0.20078
-0.19788
-0.19846
-0.19875
-0.20345
-0.19898
-0.19585
-0.18781
-0.19839
-0.20395
-0.19878
-0.20182
-0.20204
-0.19742
-0.2022
-0.2055
-0.20104
-0.20829
-0.21247
-0.20653
-0.20746
-0.20601
-0.21016
-0.21004
-0.20861
-0.21385
-0.20016
-0.21148
-0.2104
-0.20064
-0.21227
-0.21066
-0.20329
-0.20893
-0.20822
-0.20911
-0.20804
-0.2172
-0.20826
-0.21965
-0.21364
-0.22454
-0.20769
-0.21495
-0.21551
-0.20897
-0.2164
-0.2142
-0.21332
-0.20597
-0.21196
-0.20612
