-0.0087383
-0.010645
-0.0091082
-0.010376
-0.0092646
-0.0092021
-0.010759
-0.0092521
-0.0092876
-0.0088349
-0.0087933
-0.0088102
-0.0091964
-0.0089234
-0.0086999
-0.0084838
-0.0090126
-0.0083801
-0.008903
-0.0099181
-0.008489
-0.0097295
-0.0094556
-0.0095393
-0.0094118
-0.0096121
-0.010981
-0.011522
-0.010879
-0.0088222
-0.0090607
-0.0082863
-0.0085012
-0.008006
-0.0082735
-0.0089798
-0.0088257
-0.00832
-0.0088405
-0.0088596
-0.008757
-0.0090875
-0.008343
-0.0088054
-0.0081928
-0.0083376
-0.008695
-0.0078544
-0.0099004
-0.0084467
-0.008069
-0.0083362
-0.0085697
-0.010668
-0.0083954
-0.010274
-0.0087622
-0.0086789
-0.0088025
-0.0089036
-0.0088228
-0.0083941
-0.0087227
-0.0084475
-0.0085993
-0.0085663
-0.0086004
-0.0079639
-0.0086488
-0.0086949
-0.0091869
-0.0088901
-0.0089378
-0.0088691
-0.0090983
-0.0094783
-0.0090864
-0.009002
-0.0095247
-0.0091103
-0.009017
-0.0092708
-0.0088537
-0.009095
-0.00881
-0.0087491
-0.0091541
-0.0085866
-0.0087589
-0.0087723
-0.0068765
-0.0091558
-0.0091579
-0.008952
-0.0091511
-0.008653
-0.0084419
-0.0089316
-0.0087671
-0.0091849
-0.0095439
-0.0098799
-0.01036
-0.0087627
-0.009438
-0.0092844
-0.0088627
-0.0088195
-0.0087117
-0.0086862
-0.0092399
-0.0091472
-0.0086162
-0.0084717
-0.008635
-0.0088074
-0.0075886
-0.0082758
-0.0083263
-0.0077608
-0.0081735
-0.010085
-0.0078609
-0.0084236
-0.0088731
-0.0084481
-0.0081558
-0.0084199
-0.0088128
-0.0085313
-0.0085515
-0.0084501
-0.0076468
-0.008233
-0.007886
-0.0078321
-0.0080036
-0.0079098
-0.0077676
-0.0083368
-0.0084628
-0.0083301
-0.0089421
-0.0084161
-0.0089929
-0.0086577
-0.0083132
-0.0077936
-0.0081714
-0.0079557
-0.007806
-0.0082518
-0.0083383
-0.0081499
-0.0084127
-0.0082731
-0.0090222
-0.0087168
-0.01008
-0.0087046
-0.0086184
-0.0082631
-0.0090822
-0.0086764
-0.0086922
-0.0090056
-0.009088
-0.010507
-0.0082113
-0.0081046
-0.008316
-0.0075204
-0.0082684
-0.0084484
-0.0082494
-0.0080349
-0.0084122
-0.0079727
-0.0079781
-0.0077708
-0.0079578
-0.0078864
-0.0076239
-0.0078912
-0.0077125
-0.0078886
-0.0077523
-0.0083772
-0.0079779
-0.008161
-0.0081016
-0.0077305
-0.0082207
-0.0080784
-0.0081098
-0.0081076
-0.007953
-0.0077406
-0.008069
-0.009492
-0.0078598
-0.009662
-0.0079618
-0.008128
-0.0079442
-0.0086132
-0.0072548
-0.007149
-0.007991
-0.0078375
-0.0079679
-0.0077485
-0.0080113
-0.0079575
-0.0077551
-0.0081535
-0.0079221
-0.0074577
-0.0076267
-0.0074309
-0.0074694
-0.0095093
-0.0070591
-0.0056306
-0.0076516
-0.0078292
-0.0098117
-0.0085869
-0.0089412
-0.007683
-0.0064776
-0.0078572
-0.007765
-0.0082763
-0.0081412
-0.0063718
-0.0068437
-0.0081908
-0.0079968
-0.0060948
-0.0082377
-0.0075914
-0.006331
-0.0084017
-0.0083267
-0.0069262
-0.0090095
-0.0085942
-0.0081752
-0.0098418
-0.0082834
-0.0086783
-0.010331
-0.0076959
-0.0081555
-0.0088911
-0.0071856
-0.0083793
-0.010043
-0.0084344
-0.0081669
-0.006963
-0.0087206
-0.0071241
-0.010022
-0.0078184
-0.0069376
-0.0088096
-0.0069621
-0.0086198
-0.0075788
-0.010781
-0.010754
-0.0075988
-0.0087472
-0.0072914
-0.010347
-0.0089784
-0.0083179
-0.0091001
-0.0067313
-0.0084465
-0.0077459
-0.0073961
-0.0057154
-0.0046428
-0.0019334
-0.0011476
0.0031532
0.0030778
0.006873
0.0071446
0.0069875
0.010117
0.011162
0.012184
0.014952
0.019083
0.022378
0.025735
0.028479
0.026597
0.031098
0.031195
0.030319
0.032842
0.037644
0.038047
0.039391
0.038847
0.049317
0.050932
0.053337
0.050752
0.046515
0.060021
0.052549
0.037957
0.053326
0.031613
0.023333
0.028494
0.081892
0.14994
0.10905
0.080936
0.067255
0.027532
-0.002395
-0.033685
-0.058925
-0.085751
-0.10936
-0.13493
-0.14749
-0.17001
-0.15601
-0.16654
-0.17906
-0.15002
-0.13413
-0.11317
-0.085012
-0.027198
-0.0078348
-0.015311
-0.023637
-0.030867
-0.023092
-0.021613
-0.023169
-0.025491
-0.027341
-0.025746
-0.023531
-0.021775
-0.01082
-0.011831
-0.0066633
-0.0080146
-0.11689
-0.15476
-0.12269
-0.0093415
-0.0042735
-0.0032293
-0.01703
-0.016596
-0.014681
-0.0032318
-0.0007865
0.00027152
-0.0013502
-1.4339e-05
-0.00027301
-0.0010694
-0.00020408
-0.00095031
-0.00088832
-0.0011496
-0.00084727
-0.0011987
0.012753
0.063735
0.1567
0.22022
0.2819
0.38261
0.18978
0.07592
0.042515
0.015849
0.046408
0.03823
0.04308
0.020535
0.011958
0.0047085
0.0025007
0.0023876
0.0032216
0.015309
0.0033189
-0.0006863
-0.0003807
-0.0040869
-0.0095579
-0.023657
0.0058693
0.042884
0.052936
0.011343
-0.0047987
0.0048406
0.01306
0.017745
0.031558
0.037368
0.030393
0.010279
-0.0058723
0.0099718
0.016087
0.019485
0.014614
0.00534
-0.0098466
-0.034756
-0.035862
-0.030675
-0.00078041
0.00019721
0.012276
0.0001433
0.0019344
0.0023338
0.0064184
0.0034656
0.0066093
0.010009
0.011358
0.013805
0.020427
0.021542
0.01793
0.012316
0.0021301
-0.0098115
0.014359
0.013968
0.0081956
0.0048924
0.0035255
0.0023413
0.0009688
-0.0011902
-0.00083863
-0.0012684
-0.00040408
-0.0012844
-0.00066517
-0.00015265
-0.0015285
-0.0010555
0.00023154
0.00038029
-0.00029263
-0.00091538
-0.0010956
-0.0013236
0.068022
0.1792
0.079248
0.04698
0.10396
0.11069
0.18676
0.20629
0.21093
0.051564
0.012798
0.012007
0.014228
0.018373
0.013051
0.012934
0.014654
0.020896
0.025792
0.030529
0.037715
0.10328
0.097677
0.030927
0.0035261
-0.013254
-0.0059441
0.0078622
0.011555
0.024066
0.034961
0.029457
0.011848
-0.024781
-0.013217
-0.0058604
-0.017743
-0.023583
-0.030301
-0.037851
-0.049089
-0.0419
-0.035071
-0.0090258
-0.0094919
-0.00094259
0.00093379
-0.0037749
-0.021178
-0.0099183
-0.014988
-0.022713
-0.026567
-0.029525
-0.03915
-0.052838
-0.2224
-0.21812
-0.076494
-0.018007
0.00061556
0.0038189
0.0040454
0.0024387
0.0019385
0.001376
0.0017353
-0.0022877
-0.002157
-0.0019281
0.0010195
-0.0014198
-0.00062328
-0.001142
-0.0016256
-0.00037136
-0.00034134
-0.0007354
-0.0012483
-0.00033472
-0.0011517
-0.0014866
-0.0015
0.10711
0.14913
0.38087
0.32567
0.06559
0.031019
0.016462
0.02565
0.036044
0.076353
0.096448
0.087761
0.020944
0.0035186
0.0028471
0.0046004
0.0099821
-0.00031792
-0.0040496
-0.0051074
-0.0061698
-0.0049039
0.0023405
-0.0010575
-0.0014715
0.0067029
0.025523
0.061433
0.10968
0.1074
0.061472
0.066094
0.074193
0.070006
0.053522
0.023606
0.015594
0.011592
-0.012225
-0.021317
-0.043033
-0.032863
-0.028432
-0.024408
-0.039597
-0.055212
-0.077487
-0.080726
-0.069144
-0.03915
-0.018935
-0.010904
-0.012315
-0.018617
-0.019886
-0.018296
-0.011719
-0.0062709
-0.0076901
-0.015122
-0.02581
-0.03579
-0.065792
-0.25915
-0.22287
-0.14936
-0.0086789
0.0040867
0.0030032
-0.0063129
-0.0061986
-0.0048465
-0.00034761
0.00019565
-0.00169
-0.0010356
-0.00077659
0.00038721
-0.00046249
-0.00036092
-0.0014324
-0.0008735
-0.00093331
-0.0014248
-0.0021356
-0.00099121
-0.0021178
-0.00018215
0.072985
0.36967
0.43445
0.070572
0.05851
0.039062
0.068749
0.114
0.15276
0.12237
0.039942
0.01724
0.0079026
0.019469
0.0085517
0.0058346
-0.0050947
-0.0010118
-0.0038846
0.0025704
0.0032178
0.0044567
0.0043765
0.0084926
0.013555
0.041671
0.10802
0.12259
0.1057
0.067453
0.068643
0.071087
0.0685
0.053012
0.02633
0.034318
0.0058864
-0.0055914
-0.020942
-0.032288
-0.049593
-0.058843
-0.062677
-0.045748
-0.02538
-0.0053225
-0.0069714
-0.0014759
-0.00053548
-0.0023042
-0.0028019
-0.0039885
-0.0042714
-0.0021297
0.0024347
0.0071692
0.00656
0.0074674
0.0026291
0.002031
-0.0017053
-0.025308
-0.1922
-0.12968
-0.0031479
0.0062209
0.0058827
-0.0005336
-0.0063227
-0.0067457
-0.0055835
-0.0029571
-0.0015419
-0.00098172
-0.00037353
-0.0017774
-0.0023443
-0.0010522
-0.001105
-0.0020577
-0.0013917
-0.0022158
-0.0018446
-0.0022449
-0.002638
0.032603
0.10609
0.3246
0.30551
0.074283
0.036289
0.021886
0.052169
0.068545
0.086276
0.10307
0.043879
0.012477
0.0088571
0.003454
0.0047165
0.0025113
-0.0014866
0.0015669
0.00023882
-0.0021143
0.00063011
-0.0015516
-0.0013125
-0.00056987
0.0061081
0.0076351
0.0028201
0.012521
0.024293
0.028314
0.027669
-0.0096405
-0.017984
-0.036595
-0.050441
-0.050692
-0.034159
-0.035379
-0.042564
-0.031116
-0.042141
-0.044648
-0.04761
-0.03802
-0.022791
-0.0075263
-0.011872
-0.00045986
0.00060218
-0.00021466
-0.00032915
-0.0032246
-0.0075159
-0.011896
-0.020079
-0.025264
-0.024319
-0.034454
-0.042591
-0.05164
-0.044292
-0.051129
-0.1382
-0.090811
0.013211
0.0076133
-0.0053659
-0.0025495
0.0062777
0.0075342
0.010702
0.0019108
0.0021026
-0.0009073
-0.0019077
-0.0013669
-0.0017531
0.00090683
-0.00038058
-0.00027186
-0.00037888
-0.0014259
-0.001052
-0.0020663
-0.0010197
-0.0095506
0.10279
0.23359
0.32543
0.077651
0.053729
0.027378
0.055412
0.07706
0.095372
0.065809
0.044369
0.010962
0.0061183
-0.0033493
-0.003609
-0.0088508
-0.006775
-0.0029156
-0.0036008
-0.0051131
-0.0045238
0.0082674
0.017135
0.04627
0.09008
0.097434
0.085132
0.079049
0.087096
0.088269
0.085238
0.063942
0.044637
0.021156
-0.019341
-0.06316
-0.079056
-0.064475
-0.047199
-0.047264
-0.056899
-0.077545
-0.082028
-0.08127
-0.058068
0.004261
-0.0022007
-0.036923
-0.022202
-0.025996
-0.01917
-0.015307
-0.0077092
-0.00039105
-0.0063526
-0.0099014
-0.012676
-0.040948
-0.093632
-0.37663
-0.26013
-0.12134
-0.0034049
0.014086
0.010275
-0.00047387
0.0016863
-0.00092058
-0.0019002
-0.00061884
-0.00072883
-0.00056315
-0.0010085
-0.00075643
-0.0011104
-0.0015159
-0.00094553
-0.00064751
-9.3875e-05
0.00066356
0.00019217
-0.0001743
0.00031588
-0.0013873
-0.0006978
-0.0013572
-0.0012106
0.085076
0.030249
0.023717
0.030394
0.038459
0.054617
0.051942
0.045892
0.016363
0.010292
0.016283
0.011117
0.014338
0.01607
0.0096473
0.016736
0.020576
0.0078666
-0.0025458
-0.006063
-0.0026803
0.02214
0.04982
0.13243
0.20001
0.26502
0.25579
0.27037
0.21946
0.19738
0.17839
0.1913
0.20531
0.18135
0.18085
0.15036
0.14883
0.14503
0.10353
0.078293
0.075324
0.071337
0.053308
-0.018886
-0.016082
-0.030477
-0.05934
-0.10563
-0.089755
-0.084532
-0.067941
-0.072394
-0.11438
-0.12229
-0.12205
-0.12082
-0.10283
-0.078073
-0.087209
-0.31068
-0.34849
-0.1044
-0.032236
-0.012581
-0.015101
-0.020821
-0.018479
-0.010149
-0.0028097
-0.00077337
-0.0012234
-0.00036596
-6.9344e-05
-0.00072773
-0.00095876
-0.00029139
-0.0014712
-0.0012419
-0.0011778
-0.0010683
-0.0011999
-0.00063191
-0.0004506
-0.00095504
-0.00098924
-0.00060285
-0.033367
-0.039479
-0.035146
-0.030978
-0.034775
-0.024722
-0.012797
-0.014431
-0.0081279
-0.0085613
-0.0043852
-0.0027003
-0.0045308
-0.0038636
-0.0052547
-0.0050238
-0.011319
-0.014801
-0.0089734
-0.0077307
-0.0055292
-0.0031248
0.012622
0.061878
0.092212
0.11763
0.11798
0.11598
0.10005
0.084133
0.043413
0.051189
0.051045
0.036043
0.01517
0.013459
0.032512
0.022932
-0.034781
-0.0036473
-0.0082277
-0.023292
-0.046748
-0.033182
-0.022127
-0.022478
-0.018226
-0.043553
-0.10363
-0.10435
-0.075293
-0.088061
-0.11792
-0.12586
-0.14472
-0.14263
-0.12991
-0.12228
-0.10383
-0.09844
-0.23136
-0.20749
-0.10897
-0.035366
-0.022832
-0.028952
-0.037549
-0.034543
-0.021816
-0.0014274
-0.0013142
-0.0013172
-0.0011363
-0.001104
-0.0010098
-0.0012499
-0.0013698
-0.0012083
-0.0012261
-0.0014614
-0.0011657
-0.0012345
-0.0012469
-0.0009033
-0.033095
-0.0083125
-0.021506
0.024133
-0.0025958
0.00016335
0.0019408
0.0088338
0.019247
0.0090477
-0.0023158
-0.010227
-0.012426
-0.013624
-0.011556
-0.01313
-0.013276
-0.015001
-0.020746
-0.01588
-0.013243
-0.011421
-0.014372
-0.016381
-0.016137
-0.010593
0.02109
0.092924
0.17057
0.2101
0.22137
0.19849
0.16783
0.1571
0.1806
0.16383
0.1753
0.16385
0.17775
-0.00033192
-0.0059973
-0.028774
-0.0064186
0.010479
0.02373
-0.010848
-0.03815
-0.02422
-0.023036
-0.019564
-0.018572
-0.037341
-0.069941
-0.089827
-0.096463
-0.081708
-0.08481
-0.086007
-0.095467
-0.093944
-0.096345
-0.10581
-0.092959
-0.11361
-0.22415
-0.064771
-0.087788
-0.03572
-0.021191
-0.022026
-0.027506
-0.027819
-0.019269
-0.0076759
-0.001933
-0.00076005
-0.0011119
-0.00092826
-0.00086867
-0.0010055
-0.00077429
-0.000548
-0.0013344
-0.00088455
-0.00098137
-0.0012231
-0.001149
-0.004024
-0.0094135
-0.023434
0.010003
0.0071236
0.0084039
0.015715
0.017297
0.016992
0.011146
0.0029095
-0.004703
-0.0054032
-0.0057093
-0.0073653
-0.0081254
-0.0084489
-0.01042
-0.013054
-0.013898
-0.010334
-0.0095469
-0.0098
-0.0074606
-0.0075285
-0.0060231
0.005427
0.036285
0.071563
0.12536
0.14096
0.12568
0.10969
0.102
0.091361
0.084177
0.093288
0.090196
0.029248
-0.021613
-0.058186
-0.040384
-0.034263
0.011322
-0.013127
-0.028826
-0.040972
-0.027458
-0.036293
-0.025625
-0.03168
-0.046484
-0.084454
-0.10177
-0.092997
-0.084488
-0.08302
-0.08531
-0.073299
-0.088706
-0.080534
-0.08989
-0.035591
-0.040576
-0.15732
-0.19124
-0.14297
-0.048566
-0.02323
-0.030766
-0.034571
-0.036447
-0.03362
-0.0044746
-0.0013629
-0.0016515
-0.0017342
-0.0011504
-0.0012238
-0.0012711
-0.0013307
-0.0013872
-0.0013234
-0.0015319
-0.0013223
-0.001325
-0.0014019
-0.0015209
-0.0016888
-0.0017184
-0.0016299
-0.001773
-0.03254
-0.028975
-0.052762
-0.021328
-0.022971
-0.027809
-0.021251
-0.0098825
-0.013526
-0.014984
-0.019583
-0.01731
-0.01589
-0.017138
-0.015359
-0.016351
-0.016969
-0.011956
-0.0065566
-0.0052258
-0.011107
-0.01415
-0.012685
-0.0091314
-0.0087864
0.0099797
0.048991
0.11267
0.11955
0.12743
0.10407
0.087733
0.090478
0.096793
0.090792
0.077303
0.082949
0.090716
0.061711
0.02537
-0.033225
-0.061041
-0.068635
-0.052966
-0.039394
-0.039175
-0.035156
-0.025978
-0.015274
-0.012126
-0.015952
-0.035633
-0.042384
-0.014385
-0.010051
-0.0084789
-0.0065662
-0.028417
-0.031815
0.00067843
-0.0057308
-0.0036817
-0.058252
-0.12474
-0.17009
-0.11447
-0.02331
-0.013932
-0.016403
-0.023408
-0.028521
-0.00097099
-0.0011568
-0.0011524
-0.0016011
-0.0012291
-0.0016028
-0.0017832
-0.0021576
-0.0017098
-0.0018191
-0.0017373
-0.0016062
-0.0015221
-0.001499
-0.0018196
-0.0015196
-0.025697
-0.029391
-0.028964
-0.020417
-0.01423
-0.022643
-0.02817
-0.022737
-0.012901
-0.012471
-0.010041
-0.011528
-0.010852
-0.0086149
-0.0080613
-0.008073
-0.0083293
-0.0098821
-0.0076803
-0.0025806
-0.0011915
0.035212
0.099939
0.14159
0.16716
0.18739
0.16644
0.15524
0.14559
0.13215
0.11453
0.10906
0.11162
0.10009
0.064245
0.011219
-0.040744
-0.10052
-0.10067
-0.10032
-0.1002
-0.071467
-0.060788
-0.033857
-0.018262
-0.017372
-0.046902
-0.069137
-0.062711
-0.069503
-0.065857
-0.10116
-0.11105
-0.1234
-0.12339
-0.11693
-0.082402
-0.082949
-0.17722
-0.3193
-0.099986
-0.034363
-0.025916
-0.032557
-0.038609
-0.041918
-0.0018603
-0.0017203
-0.0010116
-0.0020113
-0.002311
-0.0011201
-0.0011721
-0.0018248
-0.0021227
-0.0025105
-0.0027099
-0.0027992
-0.0033189
-0.0027673
-0.0023046
-0.0022749
-0.021565
-0.018343
-0.016324
-0.0061871
-0.0042319
-0.0066212
-0.0087885
-0.0020471
-0.00043163
-0.0010185
-0.0015538
-0.0036019
-0.0032138
-0.0029988
-0.003162
-0.0039044
-0.0079148
-0.0064483
-0.0047744
-0.0032927
-0.0022988
0.014552
0.048456
0.064703
0.11732
0.15321
0.16134
0.1425
0.14057
0.12297
0.10195
0.1106
0.12421
0.10098
0.079682
0.0027787
-0.069219
-0.11994
-0.11977
-0.067906
-0.058984
-0.044782
-0.026161
-0.021708
-0.015143
-0.020967
-0.052124
-0.099913
-0.099319
-0.089013
-0.074073
-0.10411
-0.11241
-0.12144
-0.12896
-0.10758
-0.11865
-0.12933
-0.24245
-0.31924
-0.19092
-0.041395
-0.02572
-0.027209
-0.030963
-0.00056503
-0.0027228
-0.0014706
-0.0011304
-0.001284
-0.0013024
-0.0011664
-0.00088127
-0.0017216
-0.0019631
-0.0014077
-0.00193
-0.0018202
-0.001709
-0.0021233
-0.0014706
-0.0014031
-0.0026287
-0.035425
0.01316
-0.010359
-0.0057924
-0.011465
-0.015257
-0.0054139
-0.0083728
0.0024514
0.00060229
0.0027947
0.0052881
0.0082293
0.01009
0.0036604
-0.0064104
-0.0072274
-0.0066644
-0.0022624
-3.6619e-05
0.051921
0.14087
0.1689
0.16267
0.11723
0.10057
0.085363
0.07314
0.052201
0.037092
0.043211
0.073492
0.062278
0.031536
-0.015093
-0.075985
-0.0967
-0.10101
-0.098512
-0.10971
-0.049917
-0.021009
-0.014782
-0.0093626
-0.011546
-0.029765
-0.052987
-0.047741
-0.049747
-0.06106
-0.068745
-0.094489
-0.10684
-0.1009
-0.11337
-0.081455
-0.067314
-0.21439
-0.37953
-0.23052
-0.062719
-0.029292
-0.030144
-0.057963
-0.055068
-0.055042
-0.024997
-0.000899
-0.0012983
-0.0019439
-0.00077898
-0.00026596
-0.00078875
-0.00072916
-0.00098575
-0.0015517
-0.0018774
-0.0014971
-0.0013424
-0.001359
-0.0014166
-0.0042994
-0.013618
0.002073
-0.0088519
-0.010281
-0.0036918
-0.0036574
-0.0062615
-0.00746
-0.010479
-0.0095948
-0.0057574
-0.0084204
-0.0069723
-0.0025751
-0.0027893
0.0015869
-0.0012276
-0.00045951
0.0020197
0.0042459
0.035119
0.061425
0.060427
0.068845
0.071382
0.091008
0.073487
0.065654
0.03604
0.010238
-0.022223
-0.038035
-0.067352
-0.090255
-0.064479
-0.081374
-0.094184
-0.096501
-0.11112
-0.11586
-0.10396
-0.084345
-0.087187
-0.046522
-0.0084004
0.00095037
-0.0087932
-0.0069644
-0.003435
0.00077576
0.00041151
-0.0028178
-0.0056759
-0.0083245
-0.017365
-0.028886
-0.05017
-0.23703
-0.26927
-0.14203
-0.0071488
0.0020537
-0.0064492
-0.020486
-0.036667
-0.032555
-0.0093343
-0.0023207
-0.00091679
-0.0004662
-0.0003609
-0.00064615
-0.00047314
-0.0011016
-0.00063265
-0.0018886
-0.0016428
-0.0018291
-0.0013528
-0.0021333
-0.0020972
-0.00054259
0.12677
0.22815
0.035806
0.046143
0.029218
0.035579
0.076683
0.10249
0.095769
0.091466
0.069593
0.050341
0.065296
0.05808
0.070861
0.05491
0.059503
0.085814
0.08202
0.076787
0.024194
0.013349
0.015328
0.047576
0.16561
0.17257
0.11279
0.045646
0.0074353
-0.010984
-0.028165
-0.054604
-0.09184
-0.13355
-0.13495
-0.12701
-0.11989
-0.12447
-0.13882
-0.12386
-0.13994
-0.13317
-0.1164
-0.044238
-0.0043315
-0.0012032
-0.00070973
-0.0014535
-0.0015859
-0.0003564
0.0043526
0.0041029
-0.0039632
-0.0067743
-0.0077948
-0.013842
-0.016442
-0.01837
-0.01633
-0.0091441
-0.028228
-0.12747
-0.075391
-0.098326
-0.03098
-0.0035091
-0.005807
-0.014166
-0.010142
-0.0077686
-0.0021466
-0.0012516
-0.00026419
-0.00015329
-0.0010392
-9.5669e-05
-0.0011238
-0.00054262
-0.00061673
-0.00081796
-0.001335
-0.0015899
-0.0011653
-0.0019128
-0.0011288
0.037913
0.1713
0.29886
0.062341
0.025919
0.018446
0.033629
0.070293
0.10908
0.11126
0.049477
0.036593
0.034578
0.034735
0.044036
0.033372
0.029676
0.030896
0.030027
0.038019
0.046677
0.017205
0.01086
0.012024
0.022959
0.053301
0.084979
0.081496
0.040249
-0.0033806
0.0078665
-0.004
-0.035918
-0.05271
-0.092597
-0.067173
-0.059869
-0.079464
-0.081185
-0.10267
-0.11687
-0.18318
-0.19303
-0.16902
-0.144
-0.04978
-0.010543
-0.0009611
-0.0026295
-0.0049947
-0.0058399
-0.005781
-0.0079058
-0.0073854
-0.0099114
-0.014483
-0.019681
-0.017368
-0.01339
-0.013729
-0.019118
-0.020381
-0.032661
-0.15789
-0.12221
-0.13362
-0.026067
-0.0026075
-0.0082203
-0.023752
-0.033309
-0.026768
-0.0075502
-0.0029479
-0.00063884
-0.00056112
-0.00087596
0.00022751
9.9539e-05
-0.00076569
-0.0010769
-0.0017037
-0.00063229
-0.0022986
-0.0011059
-0.00086712
-0.0024707
-0.0015797
-0.0021606
0.26956
0.067174
0.052482
0.043048
0.072314
0.11763
0.094922
0.084247
0.06181
0.053067
0.05636
0.047008
0.040442
0.034797
0.029351
0.033522
0.040549
0.045532
0.043173
0.021427
0.016948
0.017297
0.032534
0.10023
0.077995
0.061206
0.02415
0.020348
0.017997
0.028737
-0.0016877
-0.0052103
-0.016633
-0.039418
-0.074629
-0.099515
-0.10344
-0.10674
-0.076545
-0.080007
-0.077386
-0.077959
-0.018957
0.0043936
-0.0011277
-0.002005
-0.0032496
-0.0046387
-0.0062137
-0.0099117
-0.0056843
0.00012189
0.0023508
-0.0017794
0.00023075
0.0015732
-0.0035866
0.012955
0.022237
0.026885
-0.036985
-0.010864
0.098207
0.02906
-0.0039457
-0.0053979
0.0017471
0.014691
0.025465
0.002114
0.0018718
0.0016855
-0.00079274
-0.002374
-0.00069451
-0.0026648
-0.00080092
-0.0015384
-0.0023332
-0.0013889
-0.0017173
-0.0022165
-0.0016897
-0.0020028
-0.0021842
0.35954
0.48573
0.088131
0.026235
0.022742
0.043838
0.078285
0.10941
0.16988
0.057138
0.026883
0.030924
0.034127
0.050436
0.047975
0.03346
0.031626
0.029231
0.037819
0.039396
0.024533
0.011704
0.011959
0.020486
0.080968
0.13618
0.10882
0.02133
0.019601
-0.0076438
-0.020256
-0.022034
-0.03905
-0.053092
-0.096476
-0.11969
-0.12069
-0.15024
-0.15049
-0.14749
-0.13147
-0.13962
-0.1336
-0.13389
-0.17085
-0.17487
9.8255e-05
-0.00033925
-0.0019573
-0.0019367
-0.0061714
-0.012637
-0.019382
-0.024895
-0.03387
-0.042219
-0.037933
-0.033707
-0.030868
-0.036718
-0.040163
-0.063067
-0.2248
-0.22034
-0.22159
-0.045631
-0.0072248
-0.0010008
-0.020203
-0.025298
-0.027494
-0.0059261
-0.0026654
-0.00030995
-0.00069024
0.00029225
-0.00058422
-0.00054029
-0.00066575
-0.0010941
-0.0012968
-0.0011449
-0.0011583
-0.0010638
5.6296e-05
-0.0017324
-0.0022204
0.2259
0.30482
0.14638
0.090563
0.094339
0.12277
0.20355
0.24004
0.18454
0.13237
0.091504
0.09298
0.096642
0.064058
0.070307
0.046215
0.049923
0.053103
0.063652
0.071875
0.0324
0.022916
0.031652
0.051125
0.18366
0.21088
0.18975
0.16426
0.083148
0.062503
0.065482
0.060464
0.047536
0.0029247
0.0077719
-0.001829
-0.030306
-0.031023
-0.024947
-0.038834
-0.066742
-0.068281
-0.083899
-0.099951
-0.1051
-0.10148
-0.00074364
-0.00044615
-0.00077788
-0.0015224
-0.0026
-0.0074488
-0.024902
-0.03081
-0.030201
-0.028017
-0.021988
-0.021321
-0.016421
-0.041805
-0.089356
-0.29192
-0.2393
-0.19221
-0.021317
-0.0048989
-0.0086603
-0.021775
-0.029166
-0.031582
-0.0064438
-0.0027839
-0.0019722
-0.00011477
-0.00075785
-0.00015831
2.6921e-05
-0.00065426
-0.00060346
-0.0015254
-0.00063207
-0.0008726
-0.00032341
-0.00077656
-0.00057736
0.037091
0.29671
0.56413
0.14829
0.059216
0.056512
0.090894
0.17565
0.20645
0.16542
0.070203
0.043588
0.061186
0.066684
0.060127
0.045277
0.035797
0.028776
0.033367
0.046959
0.055543
0.027621
0.0183
0.018422
0.027883
0.11246
0.19008
0.17856
0.1226
0.093306
0.077485
0.081596
0.079683
0.043629
0.043716
-0.011047
-0.021682
-0.029499
-0.064408
-0.065064
-0.062454
-0.083247
-0.10363
-0.12064
-0.029496
-0.0031843
0.00092353
-0.0018309
-0.0044134
-0.0032809
-0.0046496
-0.01052
-0.012717
-0.026446
-0.028678
-0.03274
-0.026611
-0.018289
-0.015987
-0.022053
-0.027697
-0.045487
-0.21517
-0.26157
-0.23946
-0.032142
0.0017234
0.0052139
-0.012721
-0.027212
-0.028513
-0.0072603
-0.0031183
-0.00061258
-0.00048615
-0.00039938
-4.5656e-05
-0.00036908
0.00048319
-0.00096613
-0.0013153
-0.00092839
-0.00085911
8.7752e-05
-0.0012065
-0.0020575
-0.00133
-0.0021481
-0.0012199
-0.00025796
0.075308
0.29118
0.59832
0.1035
0.24294
0.17471
0.05422
0.04426
0.022383
0.037159
0.041428
0.028619
0.020885
0.017317
0.022363
0.032444
0.039737
0.020612
0.017861
0.024528
0.032769
0.12956
0.24001
0.23907
0.21215
0.14262
0.12149
0.097448
0.083601
0.079324
0.070414
0.03898
0.029902
-0.0018708
-0.025298
-0.054629
-0.056105
-0.061059
-0.065972
-0.068075
-0.086837
-0.10956
-0.11222
-0.079529
-0.022379
-0.0059148
-0.00082713
-0.0039268
-0.0082621
-0.0074321
-0.0063649
-0.0070501
-0.0020182
-0.0052494
-0.0036878
0.00068639
0.00014577
-0.0025688
-0.0017076
-0.002014
-0.0078032
-0.024821
-0.11985
-0.036896
-0.012278
-0.0014339
-0.00098614
-0.00029004
0.00033646
0.0026928
0.008543
0.0022414
0.0035847
-0.0011511
-0.0010666
-0.00060785
0.0011595
0.00017571
-0.00071502
-0.0003498
-0.0012002
-0.00067552
0.00023423
0.00018354
-0.00089859
0.00030342
-0.0015519
-0.00127
-0.001843
-0.00094328
0.076701
0.33668
0.65636
0.20719
0.088952
0.12625
0.16985
0.3032
0.2647
0.15003
0.091879
0.074902
0.056101
0.11982
0.063747
0.061843
0.047639
0.035887
0.037151
0.056868
0.06602
0.032909
0.029119
0.029823
0.05685
0.22401
0.30941
0.28805
0.2444
0.14728
0.10356
0.076967
0.050442
0.026681
0.032036
-0.016103
-0.021902
-0.064546
-0.073886
-0.080715
-0.1016
-0.11978
-0.12131
-0.13674
-0.14082
-0.17453
-0.16507
-0.11145
-0.034046
-0.0036455
-0.00047795
-0.001655
-0.0026463
-0.0032233
-0.0024545
-0.0030344
-0.0054777
-0.011551
-0.012801
-0.012796
-0.0097268
-0.0017716
-0.0049635
-0.0074359
-0.011206
-0.033848
-0.19997
-0.14672
-0.08792
0.00034073
-0.00085103
-0.0023592
-0.0082123
-0.010649
-0.0074145
-0.0011221
0.00094145
-0.0011132
-0.001614
-0.00050038
-0.00085833
-0.0015043
-0.00075885
-0.0021562
-0.0024131
-0.0013595
-0.0017938
-0.0013026
-0.0012582
-0.0024382
0.020806
0.30206
0.36889
0.11148
0.07896
0.029951
0.058786
0.079318
0.116
0.099698
0.070373
0.056739
0.045396
0.048005
0.054427
0.046368
0.029789
0.026665
0.025637
0.030396
0.040523
0.022916
0.011556
0.015107
0.026666
0.079856
0.11369
0.097609
0.022114
0.03046
0.0072253
0.014001
0.015
-0.027345
-0.054218
-0.083007
-0.090533
-0.10193
-0.1207
-0.12617
-0.16361
-0.18666
-0.15479
-0.063531
-0.014025
0.0010592
-0.0019617
-0.0045881
-0.005909
-0.0089687
-0.0089482
-0.010683
-0.0089408
0.0013065
-0.01183
-0.014037
-0.0081103
-0.0026476
0.0073895
0.013963
0.0087798
0.0014347
-0.16865
-0.089277
-0.079655
0.015303
0.011099
-0.0049582
-0.017689
-0.02362
-0.036081
-0.0011967
-0.00080138
-0.00047411
-0.0004776
-0.00071855
-0.00054428
-0.00096579
-0.00071861
-0.00090199
-0.0010698
-0.0010853
-0.0012852
-0.0014238
-0.0013449
-0.0013309
0.072598
0.24351
0.24334
0.051437
0.020701
0.016063
0.020748
0.060857
0.089993
0.1096
0.054889
0.028751
0.030766
0.029756
0.030092
0.030995
0.022678
0.022465
0.029003
0.036752
0.039061
0.024024
0.013338
0.01731
0.30234
0.24519
0.14227
0.10022
0.075243
0.085407
0.069785
0.085634
0.067349
0.061292
0.037917
0.012671
-0.0029569
-0.0093515
-0.036195
-0.052629
-0.083837
-0.11724
-0.11434
-0.074517
-0.012331
-0.0037435
0.00072668
-0.0017367
-0.0039334
-0.005804
-0.00047092
0.0051821
-0.0028902
-0.010718
-0.009065
-0.011433
-0.0082307
-0.012397
-0.016949
-0.028152
-0.036871
-0.051341
-0.19032
-0.19065
-0.090879
-0.009032
0.0040685
0.0021635
-0.0092219
-0.01635
-0.021089
-0.0041791
-0.0019796
-0.00029002
-0.00060588
-0.00094218
-0.00095713
-0.00055476
-0.00018441
-0.0014451
-0.00065207
-0.0015738
-0.0017229
-0.0015415
-0.0020537
-0.0010826
0.033157
0.17183
0.37645
0.096618
0.07406
0.063068
0.10267
0.17447
0.20692
0.17704
0.10116
0.057693
0.063711
0.075184
0.1078
0.071734
0.059977
0.05002
0.055285
0.067226
0.092361
0.035339
0.023164
0.026162
0.051654
0.18188
0.21735
0.25008
0.13883
0.12597
0.08076
0.059552
0.04432
0.057417
0.096323
0.060006
0.040281
0.00095392
-0.0068968
-0.019199
-0.039351
-0.053654
-0.068541
-0.055317
-0.016441
-0.0013603
0.0013172
0.00070239
0.00040124
-0.0011605
0.0038129
0.0080819
0.0095487
-0.0037232
-0.0033398
-0.0052762
-0.0063504
-0.0072295
-0.016867
-0.022424
-0.044492
-0.066285
-0.15293
-0.12189
-0.080959
-0.0095015
-0.0009748
-0.0019295
-0.0054979
-0.0070037
-0.00038863
-0.00053873
-0.00061264
-0.0001455
-0.00044445
-0.00074765
-0.0010371
-0.00025028
-0.00070239
-0.00075059
-0.0011011
-0.0012279
-0.0012036
-0.0011997
-0.001524
-0.00055993
0.043979
0.1953
0.43317
0.19683
0.11363
0.069363
0.12627
0.20007
0.25023
0.17191
0.10547
0.073676
0.068679
0.066152
0.070553
0.062521
0.060789
0.040517
0.028898
0.047454
0.061356
0.024829
0.017683
0.022653
0.051109
0.21738
0.14893
0.14293
0.11847
0.07322
0.075165
0.088137
0.05652
0.085746
0.063796
0.045594
0.020703
-0.0096685
-0.018698
-0.0345
-0.044938
-0.082796
-0.069417
-0.033294
-0.0077428
-0.00014049
-0.000732
-0.0020754
-0.002003
-0.0023238
0.0044076
0.0066696
0.0089212
0.01042
0.013302
0.0059986
0.013912
0.014682
-0.0085511
-0.049376
-0.029817
0.0086017
-0.0020682
-0.0031084
-0.0026437
-0.0022275
-0.0031578
-0.0049155
-0.0027784
-0.0013048
-0.0024299
-0.0015851
-0.00098214
-0.0014811
-0.0016199
-0.00041609
-0.0011972
-0.0010162
-0.0010696
-0.00084054
-0.000772
-0.0010198
-0.0016896
-0.0019624
-0.0015521
-0.0016442
-0.057726
-0.025786
0.15389
0.11663
0.04388
-0.0087223
-0.027958
-0.022028
-0.029933
-0.048106
-0.050793
-0.036874
-0.042501
-0.047234
-0.023838
-0.0080474
-0.011169
-0.023839
-0.0047142
0.010518
0.05173
0.22084
0.44859
0.46281
0.40649
0.34038
0.2765
0.22325
0.22514
0.21398
0.19736
0.19829
0.1817
0.16394
0.13788
0.10254
0.075856
0.042945
0.024238
0.015012
0.0076571
0.0072857
0.0049757
0.0039108
0.00034985
2.3668e-05
-0.0022428
-0.0029942
-0.0037784
-0.004461
-0.0060424
-0.0039487
-0.0039178
-0.0061252
-0.0026477
-0.0095732
-0.0048493
-0.018645
-0.03378
-0.029919
-0.00042206
-0.014549
-0.013285
-0.0080747
-0.00436
-0.003194
-0.0044388
-0.0027909
-0.0051955
-0.0019705
-0.0039633
-0.0015451
-0.0013467
-0.0017987
-0.0021579
-0.0012847
-0.0016008
-0.001745
-0.0020536
-0.0020242
-0.0022448
-0.0029555
-0.0026926
-0.0025989
-0.0021722
-0.0021118
-0.037049
-0.047973
0.13118
0.11248
0.04344
-0.0088876
-0.023857
-0.014263
-0.0023309
-0.0050979
-0.010683
-0.0038854
-0.010532
-0.01833
-0.016443
-0.020222
-0.032159
-0.030126
-0.019849
-0.0077737
0.010304
0.052682
0.16608
0.19477
0.13617
0.12833
0.094648
0.10074
0.08113
0.064318
0.041321
0.0011585
-0.033428
-0.026785
-0.053401
-0.049282
-0.040335
-0.04123
-0.035512
-0.036262
-0.034987
-0.016526
-0.0024366
0.002079
0.0012386
0.0014214
0.0010253
0.0021267
0.0024348
0.022402
0.018867
0.023697
0.013881
0.003862
-0.0046233
-0.019783
-0.036938
-0.038982
-0.059476
-0.15672
-0.19284
-0.21638
-0.023963
0.0063294
0.00084114
0.0026302
0.0021827
-0.0011651
-0.0034974
-0.0024994
-0.0037262
-0.0028609
-0.00077891
-0.00093517
-0.0013253
-0.001342
-0.0013934
-0.0016749
-0.0024944
-0.0028113
-0.0032094
-0.004186
-0.004858
-0.0051295
-0.0046011
-0.0067319
-0.08186
-0.071367
-0.048555
-0.066174
-0.11584
-0.1237
-0.12919
-0.14471
-0.11436
-0.093442
-0.074652
-0.063879
-0.069462
-0.083323
-0.089183
-0.085498
-0.056026
-0.016985
-0.01129
0.011627
0.012068
0.027472
0.16909
0.29787
0.35901
0.2823
0.22983
0.23839
0.2124
0.18668
0.18125
0.18058
0.17654
0.14802
0.015241
0.0039195
-0.0035464
-0.00604
-0.0034059
0.0022944
-0.0080869
-0.0031067
-0.0046233
-0.0047568
-0.0083796
-0.0090228
-0.010862
-0.016952
-0.021304
0.00096721
0.014658
0.013421
0.010394
0.029518
0.018052
0.020651
0.029711
0.032762
0.026141
-0.054566
0.051958
0.083
0.040961
0.0053786
-0.0011269
-0.0035327
-0.01396
-0.01837
-0.010706
-0.010607
-0.0073127
-0.003112
-0.0018981
-0.0017515
-0.0017668
-0.0021786
-0.001856
-0.0017038
-0.0024546
-0.0028112
-0.0038112
-0.0033698
-0.00091953
-0.023702
-0.041127
-0.073144
-0.17027
-0.037662
-0.042508
-0.025081
-0.032031
-0.073757
-0.081549
-0.089135
-0.076791
-0.070374
-0.048497
-0.044893
-0.06495
-0.070261
-0.076894
-0.079623
-0.065601
-0.041592
-0.022642
-0.012147
-0.0045891
0.0072435
0.014837
0.18394
0.24473
0.24364
0.18677
0.15501
0.14815
0.14717
0.11614
0.098742
0.084302
0.079602
0.052752
0.042427
0.026665
-0.023947
-0.018315
-0.009705
-0.00081957
0.004736
-0.0012862
0.00092899
-0.0018919
-0.0032475
-0.0026722
-0.0037368
-0.0037417
-0.001232
-0.00017517
-0.0059234
-0.0097693
-0.013375
-0.020273
-0.027687
-0.035294
-0.044984
-0.034591
-0.058431
-0.23495
-0.25676
-0.23696
-0.017372
0.0014566
-0.0038878
0.0042731
0.010187
0.0023205
-0.0018512
-0.0014934
-0.00050098
-0.00070745
-0.00068407
-0.00037099
-0.00035602
-0.00081948
-0.00070002
-0.0014614
-0.0021643
-0.0024655
-0.0036769
-0.003441
-0.0043216
-0.004076
-0.034623
-0.077157
-0.12338
-0.025563
-0.029638
-0.0069758
-0.011366
-0.045854
-0.044408
-0.044524
-0.046209
-0.030522
-0.027656
-0.026185
-0.037758
-0.047524
-0.058724
-0.075058
-0.063984
-0.049676
-0.041901
-0.025242
-0.0096329
0.0010414
0.0021488
0.13988
0.27299
0.29983
0.23654
0.20323
0.16428
0.15205
0.15155
0.14054
0.12679
0.12551
0.11362
0.10042
0.064542
0.043235
0.018254
0.0075766
-0.012301
-0.012598
-0.0098163
-0.0039937
-0.0001214
-0.00021028
-0.0024394
-0.0027163
-0.0036151
-0.0044119
-0.005096
-0.0055588
-0.0078144
0.0053983
0.0085352
0.00703
0.0081406
0.0034757
0.0019404
-0.0059903
-0.0097035
-0.0072806
-0.010275
-0.014774
-0.097067
0.045332
0.059215
0.034265
0.0073496
-0.0018048
-0.0039708
-0.0098711
-0.01324
-0.0059654
-0.0042026
-0.0098456
-0.0033804
-0.00189
-0.0018075
-0.0017776
-0.0022742
-0.0029411
-0.002566
-0.0012272
-0.0039648
-0.0032006
-0.0040088
-0.0036676
-0.0039382
-0.0066735
-0.026679
-0.024892
-0.037837
-0.071798
0.011487
-0.010105
-0.010648
0.021556
0.0085419
-0.022157
-0.050961
-0.057257
-0.043797
-0.056531
-0.060123
-0.0759
-0.07166
-0.065817
-0.050223
-0.038376
-0.014245
-0.0038028
-0.0013144
0.036483
0.22142
0.291
0.21296
0.19861
0.15625
0.14101
0.12993
0.12433
0.10332
0.094689
0.089352
0.062118
0.046788
0.036374
0.016504
0.0017843
-0.0097906
-0.0078434
-0.0034484
0.00041884
0.0033993
0.0018249
0.0051546
0.00028509
-0.018816
-0.0060996
0.017453
0.013312
0.010469
0.010194
0.014805
0.0162
0.013568
0.012374
0.015766
0.0015896
-0.058452
-0.089596
-0.044926
0.0034818
0.0057818
-0.0014291
-0.006367
-0.0104
-0.011105
-0.0050862
-0.0062037
-0.0019648
-0.0027972
-0.0017766
-0.0012371
-0.001705
-0.0014473
-0.0020298
-0.0025037
-0.0034667
-0.004188
-0.0043886
-0.0049745
-0.0049562
-0.0049754
-0.0038646
-0.021407
0.033473
0.020327
0.0096252
0.028797
0.01476
0.010132
-0.0052234
-0.0073399
-0.0027229
-0.017849
-0.027002
-0.042307
-0.061802
-0.072469
-0.073663
-0.07317
-0.065696
-0.055179
-0.048011
-0.020436
0.5067
0.43073
0.24809
0.18736
0.21245
0.18813
0.18804
0.21444
0.22012
0.19679
0.15764
0.12822
0.09703
0.067809
0.036166
0.017413
0.0091592
0.0044431
0.00027357
0.0022121
0.0060471
-0.0017384
0.0016907
-0.0065442
-0.029343
0.011687
0.016627
0.019315
0.023713
0.02035
0.020965
0.02633
0.01674
0.019714
0.01792
0.014875
-0.034013
0.10386
0.097216
0.028563
0.012186
0.0063266
-0.0067724
-0.019126
-0.026289
-0.00962
-0.011642
-0.0042077
-0.0031754
-0.002964
-0.0014689
-0.001637
-0.0021298
-0.0016149
-0.001972
-0.0038018
-0.0040371
-0.0035757
-0.0036046
-0.0042223
-0.0032212
-0.012745
0.2027
0.10899
0.06609
0.059704
0.06693
0.083365
0.035156
0.017195
0.013299
-0.0075021
-0.0099111
-0.014406
-0.023323
-0.043536
-0.051326
-0.058337
-0.068335
-0.073929
-0.069916
-0.034002
-0.011895
0.008589
0.017147
0.13716
0.29503
0.31458
0.17573
0.16131
0.15465
0.149
0.14043
0.10281
0.077242
0.056729
0.045961
0.027597
-0.0068448
-0.014077
-0.0090924
-0.0081719
-0.0053238
-0.0031522
0.00713
0.0014023
0.0021465
-0.00063648
-0.0013632
0.0076409
0.015363
0.013008
0.012364
0.013116
0.008906
0.0027762
0.0052291
0.0018722
-0.026236
0.044904
0.079443
0.012096
0.0070938
0.0025392
-0.010203
-0.021277
-0.0115
-0.0030489
-0.012721
-0.0048805
-0.0028498
-0.0020967
-0.0017049
-0.0021746
-0.0014797
-0.0024786
-0.0026131
-0.0029425
-0.0038547
-0.0050504
-0.0039641
-0.0043283
-0.050586
0.01582
0.2673
0.12946
0.11927
0.11381
0.17177
0.21766
0.15148
0.054122
0.013385
-0.0027363
0.0039026
-0.0051309
-0.023532
-0.036751
-0.0507
-0.070401
-0.073908
-0.078651
-0.062223
-0.047042
0.3536
0.41383
0.32462
0.17061
0.14886
0.11869
0.11242
0.10908
0.093719
0.075074
0.046919
0.027623
0.011982
0.0083209
0.0022439
-0.0077489
-0.02923
-0.039176
-0.039053
-0.03629
-0.037883
-0.027749
-0.0081447
-0.0063511
-0.043543
-0.046245
-0.041408
-0.0094234
-0.033883
-0.066958
-0.074604
-0.063459
-0.058158
-0.066558
-0.066276
-0.083277
-0.26606
-0.24301
-0.098255
-0.0043155
0.0055175
-0.0024212
-0.019559
-0.016006
-0.015328
-0.0033265
-0.002193
-0.0001402
-0.00069173
-0.0017284
-0.00039739
-0.0010216
-0.00032917
-0.0014681
-0.0005762
-0.0017071
-0.00068775
-0.0011934
-0.0014526
-0.0004952
-0.0018624
-0.0015316
-0.0011151
0.090367
0.069817
0.04271
0.068958
0.098814
0.10208
0.093073
0.057515
0.04285
0.02627
0.023804
0.022018
0.015799
0.016545
0.012374
0.017197
0.017532
0.014701
0.0091873
0.0063237
0.011043
0.020089
0.058143
0.10444
0.12093
0.075694
0.062859
0.047097
0.044052
0.029797
0.022875
0.01058
-0.022165
-0.037598
-0.087487
-0.11874
-0.12809
-0.13046
-0.10785
-0.20733
-0.17504
-0.11256
-0.044707
-0.0078517
-0.0042003
-0.0087313
-0.021283
-0.043348
-0.050117
-0.063512
-0.063077
-0.051248
-0.053639
-0.048025
-0.047425
-0.047048
-0.06419
-0.056367
-0.05097
-0.14346
-0.051574
-0.0043763
0.0055143
-0.00072485
-0.0019968
0.0014356
0.0069295
0.013731
0.0023078
0.0028792
-0.00016076
-0.0018596
0.00057562
-0.0010329
-0.00070432
-0.0011947
-0.0019466
-0.0023156
-0.00082813
-0.00060421
-0.0015304
-0.001069
-0.0011079
-0.0023101
0.010956
0.23933
0.29452
0.069983
0.042232
0.027935
0.047244
0.076594
0.09628
0.080055
0.030927
0.019607
0.018249
0.018812
0.021543
0.014596
0.0063037
0.0058314
0.0025192
0.0042624
0.0074569
0.0024791
0.0031023
0.0081933
0.011835
0.035172
0.05527
0.058278
0.074003
0.076857
0.073594
0.069091
0.063933
0.053644
0.028742
0.013626
0.002677
-0.0014131
-0.017311
-0.024321
-0.032179
-0.037391
-0.031147
-0.02257
-0.010253
-0.0038764
-0.0019167
0.001167
0.0018247
-0.0023723
-0.0029086
-0.004539
-0.003526
-0.00482
-0.0011765
0.005693
0.0011012
0.0024414
0.0020218
-0.0012324
-0.0076101
-0.030541
-0.17491
-0.13971
-0.11793
-0.020791
0.0014721
0.0034798
0.0012074
-0.0017519
-0.0054572
-0.0013337
-0.00073495
0.00010944
-0.00058042
-0.00034423
0.00064563
-0.00039279
0.00037455
-7.8573e-05
-0.00090812
-0.00018488
-0.0009048
0.000361
-0.00077181
0.19544
0.31558
0.31574
0.27024
0.16667
0.084087
0.052797
0.11817
0.15764
0.17804
0.18474
0.13045
0.040352
0.0087847
-0.0050722
0.003558
0.0011377
0.0092146
-0.0006595
0.0049935
0.0049593
0.019393
0.02651
0.091211
0.092493
0.1023
0.056048
0.039338
0.029999
0.032365
0.037707
0.033041
0.024096
0.020713
-0.0074939
-0.015678
-0.044779
-0.054169
-0.049625
-0.041505
-0.041556
-0.044466
-0.04874
-0.051297
-0.063433
-0.032139
-0.015962
-0.0082796
-0.0049659
0.0018313
-0.0049014
-0.010808
-0.013179
-0.020237
-0.023954
-0.024509
-0.029997
-0.030451
-0.047477
-0.12682
-0.058144
0.019816
0.0054063
-6.6189e-05
0.0017838
0.0032782
0.0066627
0.014896
0.0021378
0.0030635
-0.0018855
-0.0015803
-0.0016887
0.00040597
-0.0007055
-0.00066182
-0.0012221
-0.0026559
-0.001737
-0.00072175
-0.0014793
-0.0013646
0.053991
0.18431
0.33818
0.37588
0.19141
0.16333
0.10515
0.17064
0.19293
0.21097
0.18105
0.12824
0.048466
0.024373
0.023417
0.025653
0.016342
0.012311
0.0038131
-0.0020121
0.0045654
0.019175
0.038495
0.13273
0.1692
0.1648
0.10565
0.078675
0.080892
0.082252
0.085408
0.072478
0.078876
0.063219
0.041089
0.041712
0.013465
0.0034587
-0.013777
-0.0096091
-0.027145
-0.045808
-0.058818
-0.077506
-0.063355
-0.045509
-0.016948
-0.0044654
-0.0012073
-0.002928
-0.0059601
-0.0076227
-0.012554
-0.013099
-0.01597
-0.01468
-0.021416
-0.036785
-0.056102
-0.20077
-0.13545
-0.061853
-0.011236
-0.003337
-0.0032626
-0.012512
-0.011864
-0.010596
-0.0028337
-0.00043496
-0.00019174
-0.001363
-0.0015654
7.8641e-05
-0.00051927
-0.00068417
-0.00079347
-0.0010978
-0.00076888
-6.0907e-05
-0.00052202
-0.00077308
-0.0013211
-0.0021616
-0.0012896
-0.001118
0.11359
0.089658
0.065665
0.10227
0.13871
0.13508
0.13633
0.08232
0.036305
0.013369
0.014089
0.0081266
0.014559
0.0072794
3.2366e-05
-0.0052668
-0.0050783
-0.0065624
-0.0008072
-0.0059908
-0.0022665
0.0073064
0.0017661
0.048072
0.064311
0.080644
0.049772
0.05125
0.049111
0.055466
0.06894
0.055014
0.072194
0.052069
0.035431
0.0037392
-0.01121
-0.010617
-0.022082
-0.018746
-0.026539
-0.048443
-0.067271
-0.065912
-0.060772
-0.032371
-0.013575
-0.0098923
-0.0024222
-0.0023356
-0.0071577
-0.0054257
-0.0074943
-0.0039118
-0.0040437
0.003915
0.0044932
0.00026369
-0.0057907
-0.0057365
-0.011688
0.0079744
-0.0050253
-0.057357
-0.071443
0.049148
0.034183
0.00010591
-0.003908
-0.0053501
-0.002463
0.0011729
8.3384e-05
0.0010925
0.0019674
-0.0010843
-0.0038925
0.00062329
-0.0018334
-0.0015743
-0.00067793
-0.0033682
-0.0017922
-0.0010458
-0.0020606
-0.0024426
-0.0028145
-0.0026355
-0.0021869
0.021945
0.12718
0.22908
0.3922
0.49158
0.15519
0.10107
0.068872
0.091021
0.13945
0.17082
0.16484
0.14095
0.10229
0.026954
0.010615
0.016873
0.010288
-0.0047748
-0.0078041
-0.0070841
-0.0083928
-0.0092357
0.0051769
0.003319
0.0033736
0.0061624
0.00259
0.0069372
0.020323
0.060227
0.0648
0.061118
0.076513
0.086589
0.077132
0.071937
0.07931
0.056132
0.033825
-0.009859
-0.00063576
-0.022072
-0.042298
-0.060819
-0.071243
-0.057268
-0.034125
-0.01793
-0.012324
-0.0052308
-0.0046299
-0.004995
-0.0022973
0.0026305
0.0026411
0.0065651
0.0054185
0.01633
0.0092242
0.0081807
0.0073958
-0.020266
-0.038243
-0.081984
-0.38417
-0.31668
-0.21052
-0.016491
0.014893
0.0032682
-0.0017915
-0.0099858
-0.011686
-0.0039777
-0.0021982
-0.00021781
-0.00073945
-0.00054411
-0.00028932
-0.0012255
-0.00072019
-0.00089033
-0.00091957
-0.00073024
-0.00088433
-0.00139
-0.0018556
-0.0017219
-0.001812
-0.0012554
0.0087261
0.069002
0.097953
0.20953
0.28401
0.10073
0.11935
0.096275
0.034937
0.0089545
0.026415
0.015263
0.0045732
0.0018735
-0.012299
-0.016877
-0.014734
-0.016645
-0.017785
-0.0092461
-0.0030403
-0.0038085
-0.0003458
-0.0087767
-0.0061324
0.02262
0.032823
0.054153
0.058484
0.057067
0.055801
0.063913
0.083131
0.10455
0.11825
0.12176
0.091344
0.081176
0.047624
0.025715
0.0099726
0.0031045
-0.016536
-0.030967
-0.0054617
-0.008243
-0.010913
-0.013598
-0.010465
-0.0029279
-0.0080409
-0.0076102
0.00014148
-0.0055765
-0.010302
-0.016314
-0.022158
-0.029298
-0.042003
-0.053757
-0.1795
-0.1409
-0.14649
-0.019999
-0.0063622
-0.0044152
-0.010173
-0.012097
-0.011731
-0.00016255
0.001685
4.9936e-05
2.266e-05
-0.00080525
0.0013698
-0.00133
-0.0010902
-0.0016895
-0.0017332
-0.0017058
-0.00080851
-0.00099978
-0.0038824
0.0079218
0.1199
0.25158
0.23288
0.080528
0.043973
0.039085
0.048803
0.061208
0.049722
0.049907
0.025096
0.011794
0.0093464
0.0077667
0.0040115
0.0051107
0.0015572
-0.0014758
-0.00034503
-0.001142
-0.0012064
0.0047367
0.013083
0.049105
0.070451
0.054986
0.055131
0.042066
0.049068
0.043713
0.04783
0.028539
0.018288
-0.0069061
-0.027706
-0.043101
-0.065897
-0.063074
-0.062359
-0.063673
-0.069376
-0.090496
-0.093318
-0.099818
-0.078167
-0.045545
-0.020461
-0.0078874
-0.0015545
-0.0038033
-0.012404
-0.025262
-0.027404
-0.00099308
-0.0092388
-0.018804
-0.031993
-0.047479
-0.066771
-0.094632
-0.23819
-0.20976
-0.10277
-0.023711
-0.004033
-0.0046437
-0.0094878
-0.017016
-0.018899
-0.0041313
-0.0026132
-0.00016452
-0.00064119
-0.0010268
-0.00054865
-0.0015925
-0.00060972
-0.00088584
-0.0021568
-0.0010617
-0.001092
-0.0020473
-0.0022324
-0.001658
-0.0018368
-0.0020279
-0.0019127
0.069536
0.037706
0.040252
0.069682
0.10914
0.13314
0.096904
0.050369
0.029939
0.006963
0.0056448
0.01063
0.0071001
0.0046281
0.0015718
-0.0021407
0.0011855
0.002394
-0.0047247
-0.0063081
-0.0042874
0.004883
0.090053
0.046037
0.042892
0.053512
0.063024
0.058062
0.036704
0.027674
0.016619
-0.0003038
-0.015141
-0.020587
-0.019736
-0.018032
-0.024785
-0.035032
-0.036075
-0.056834
-0.05186
-0.040126
-0.025231
-0.0086721
-0.010778
-0.0021995
-0.0028343
-0.0073684
-0.012096
-0.0096238
-0.012029
-0.011785
-0.015639
-0.015326
-0.018262
-0.017403
-0.23871
-0.18037
-0.14247
-0.040064
0.0056219
0.0048774
-0.0028475
-0.0046521
-0.0039627
0.00062463
0.00046366
0.00010141
-8.4819e-05
-0.00067655
0.00034046
-0.00028102
-0.00046317
-0.00058064
-0.0015822
-0.00077102
-0.00016021
-0.0013978
-0.0014019
-0.0018205
-0.0016221
-0.0011221
0.0034498
0.055562
0.096112
0.25474
0.24939
0.067004
0.027815
0.069501
-0.00099413
0.0043742
0.0079653
0.0019381
0.00057954
-0.0022013
-0.0035727
-0.0075249
-0.0092673
-0.011165
-0.0096508
-0.0033764
-0.0018097
-0.0019521
-0.00019638
0.0074081
0.0118
0.025627
0.036744
0.047876
0.060482
0.074014
0.066027
0.061957
0.04482
0.039148
0.0029032
-0.030556
-0.061824
-0.104
-0.077897
-0.075968
-0.087693
-0.089061
-0.068342
-0.02766
-0.013116
-0.0076638
-0.011646
-0.025432
-0.034008
-0.025747
-0.015883
-0.015473
-0.015403
-0.017721
-0.017038
-0.019965
-0.035623
-0.056432
-0.067424
-0.087454
-0.29
-0.22683
-0.10269
0.0023212
-0.010044
-0.0053649
-0.009616
-0.019804
-0.023449
-0.0067144
-0.0036222
-0.00052479
-0.00081714
-0.0010454
-0.0011459
-0.00076381
-0.0012027
-0.0017537
-0.0019754
-0.0013352
-0.0011636
-0.0016647
-0.0018581
-0.0014844
-0.0017495
-0.0020327
-0.0017055
0.086336
0.079075
0.037365
0.072536
0.10849
0.13436
0.091351
0.051989
0.025847
0.0066362
0.013085
0.014636
0.0014761
-0.00041018
-0.0044097
-0.0078238
-0.0057574
-0.0045681
-0.00025126
-0.0021251
-0.0016893
0.0093712
0.0071544
0.025908
0.046875
0.038025
0.026568
0.020194
0.023742
0.026703
0.012515
-0.0012504
-0.022153
-0.040536
-0.056136
-0.075161
-0.046105
-0.07114
-0.085518
-0.075028
-0.06061
-0.028248
-0.0095376
-0.005038
-0.00051937
-0.00023315
-0.00139
-0.0036035
-0.006703
-0.0055225
-0.0072015
-0.004021
4.7621e-05
-0.0043466
-0.0040876
-0.0066506
-0.014237
-0.031215
-0.061398
-0.21414
-0.20933
-0.086525
0.017042
0.012459
-0.002
-0.0026704
-0.0017656
-0.0013962
0.00042159
-0.00048172
0.00030888
-0.0012322
-0.0012095
-0.0018055
-0.00065069
-0.00054102
-0.000291
-0.0014717
-0.00071478
-0.0007458
-0.0017566
-0.0014597
-0.0016561
-0.0020796
-0.0018905
-0.0015179
0.017145
0.10724
0.027134
0.12895
0.12828
0.14486
0.13547
0.12984
0.10128
0.043534
0.021152
0.017567
0.0078621
0.016216
0.014767
0.012278
0.016035
0.0052536
-0.0032244
-0.0043236
-0.010327
-0.010453
0.004759
0.047826
0.13707
0.18019
0.23847
0.30213
0.22858
0.19799
0.17849
0.16398
0.1799
0.18927
0.17802
0.18045
0.13349
0.11345
0.02345
0.005388
0.010704
-0.013492
-0.0070078
-0.016113
-0.024158
-0.015633
-0.003133
-0.013974
-0.006116
-0.025902
-0.012393
-0.022101
-0.036376
-0.010249
0.022914
0.037794
0.053909
0.035891
0.013329
-0.039024
0.10149
0.013956
0.0041558
-0.018917
-0.02778
-0.040296
-0.034693
-0.026192
-0.011144
-0.0024171
-0.0022754
-0.0017936
-0.0015066
-0.0019354
-0.0019252
-0.0017608
-0.001643
-0.0016529
-0.0014381
-0.0014818
-0.001954
-0.0017618
-0.0017016
-0.0017695
-0.0016895
-0.044703
-0.030945
-0.050418
-0.014044
0.00040831
-0.002962
0.015708
0.021777
0.011639
0.0077135
0.0038565
-0.0083977
-0.01245
-0.01748
-0.021543
-0.027815
-0.030029
-0.026781
-0.017296
-0.01833
-0.012225
-0.0037821
0.0052029
0.019122
0.11559
0.18044
0.22825
0.24883
0.25172
0.20515
0.16454
0.13732
0.12583
0.17949
0.13598
0.11156
0.056923
0.027997
0.0065652
0.016878
0.015063
0.0040556
-0.0063438
-0.021798
-0.014884
-0.016904
-0.021746
-0.040859
-0.063409
-0.051386
-0.03482
-0.030748
-0.052099
-0.072853
-0.049752
-0.037049
-0.02667
-0.024407
0.0078349
-0.014926
-0.21253
-0.20417
-0.056963
0.0056458
0.0048862
-0.0031035
-0.0090116
-0.0097603
-0.011525
-0.0055521
0.00049117
-0.0010347
-0.0012672
-0.00096502
-0.00088156
-0.000957
-0.00081845
-0.0008271
-0.00093595
-0.00063137
-0.00085489
-0.0011072
-0.00076856
-0.017481
-0.03077
-0.027788
0.016605
0.025192
0.057737
0.074737
0.070971
0.05797
0.035171
0.023498
0.02387
0.017682
0.013182
0.0075303
0.0028292
-0.00033754
-0.0026286
-0.0062991
-0.0062622
-0.0053909
-0.0037475
-0.0045119
-0.0058977
-0.0051642
-0.00044838
0.011334
0.056121
0.1127
0.1058
0.12296
0.10997
0.085262
0.063658
0.049867
0.056425
0.055544
0.036295
0.043002
0.0057679
-0.0034577
0.0017619
-0.025381
0.015063
0.0028959
-0.022228
-0.021411
-0.018137
-0.026738
-0.031534
-0.050113
-0.064722
-0.063401
-0.056622
-0.06077
-0.070606
-0.061854
-0.068851
-0.049377
-0.037823
-0.025696
0.056512
0.062208
-0.005903
0.011398
0.032504
-0.0091488
-0.0084922
-0.0042415
-0.011563
-0.026166
-0.015457
-0.0075607
-0.0015533
-0.0032211
-0.0023123
-0.0016982
-0.0022401
-0.0017276
-0.00098058
-0.0017593
-0.0021774
-0.0017547
-0.002054
-0.0022925
-0.0024987
-0.036904
-0.008677
-0.074819
-0.0084233
-0.025616
-0.0427
-0.040248
-0.039723
-0.026282
-0.014138
-0.022757
-0.02857
-0.029195
-0.026085
-0.01954
-0.016637
-0.015208
-0.016786
-0.017215
-0.013852
-0.011475
-0.013707
-0.014267
-0.015535
-0.01374
-0.014983
-0.0059984
0.027406
0.053557
0.10224
0.11453
0.13407
0.12083
0.10569
0.10203
0.1067
0.11524
0.1164
0.1014
0.10532
0.11398
0.07061
0.053751
0.029323
0.050436
0.041518
0.02428
-0.018507
-0.018994
-0.029
-0.047575
-0.063566
-0.053619
-0.015061
0.017938
0.043008
0.058024
0.058475
0.068142
0.049488
0.052678
0.049458
0.04349
-0.10317
-0.27169
-0.16024
0.023925
0.0090774
0.00048781
0.0036978
0.0070778
0.00088916
0.0013865
0.00018793
-0.00014144
-2.5307e-05
-0.00033993
-0.00082932
-0.00043869
-0.00028465
-0.00033982
-0.00012687
-0.00061188
-0.00040787
-0.00081216
-0.00068882
-0.0008496
-0.001054
-0.0007032
-0.0010421
-0.0012518
-0.023673
-0.03064
-0.042402
-0.036759
-0.025984
-0.023907
-0.023834
-0.021823
-0.020824
-0.018773
-0.015038
-0.015348
-0.013782
-0.014628
-0.013573
-0.013847
-0.0096173
-0.0021762
-0.0091914
-0.010455
-0.0086653
0.01034
0.028554
0.040003
0.059594
0.034991
0.021922
0.021487
0.010872
0.0085419
0.0054995
0.010031
0.0080104
0.01261
-0.0033993
-0.015235
0.015221
0.0043339
0.0039279
0.014788
-0.017478
-0.0085649
-0.0071806
-0.010774
-0.023471
-0.020897
-0.045589
-0.057733
-0.041825
-0.047159
-0.024206
-0.028018
-0.024607
-0.010189
0.0071382
0.0037349
0.043154
0.04697
-0.087129
-0.01892
-0.0085755
0.041491
0.0034006
0.00041936
0.0013487
-0.010784
-0.015622
-0.0057104
0.0013062
-0.00053405
-0.00069693
-0.00061852
-0.00048082
-0.0010472
-0.0011027
-0.00084157
-0.00095953
-0.0013409
-0.0012172
-0.0019539
-0.0018898
-0.0020674
-0.0023799
-0.0019856
-0.0021209
-0.0013031
-0.042675
-0.042374
-0.039736
-0.036134
-0.029474
-0.027991
-0.029714
-0.024972
-0.017443
-0.01242
-0.011592
-0.0090858
-0.011149
-0.0087798
-0.0065765
-0.012816
-0.0033289
-0.0080579
-0.0089233
-0.011285
-0.020136
-0.0064092
0.026579
0.053377
0.084654
0.088001
0.078231
0.07693
0.066109
0.061462
0.063528
0.058663
0.064363
0.064188
0.040541
0.017926
-0.018291
-0.020566
-0.0054226
-0.010631
-0.027896
-0.037026
-0.036362
-0.027963
-0.021438
-0.016551
-0.017394
-0.013225
-0.020919
-0.030076
0.030793
-0.016112
-0.011114
-0.029169
-0.023906
-0.018187
0.025959
0.0075606
-0.12267
-0.15364
-0.17878
-0.025639
0.00029076
-0.00019796
-0.00010832
0.0059067
-0.008138
0.0011916
-0.00015035
-0.00025945
-0.00050324
-0.00068038
-0.00073815
-0.00092157
-0.0010851
-0.0010648
-0.0013002
-0.0013096
-0.0017876
-0.0019112
-0.0016985
-0.0017826
-0.0018584
-0.0016234
-0.0015257
-0.0023011
-0.017313
-0.036983
-0.036513
-0.031675
-0.030051
-0.035129
-0.036327
-0.032931
-0.027201
-0.021438
-0.023227
-0.024332
-0.024731
-0.023186
-0.01885
-0.016003
-0.013226
-0.0067662
-0.0071326
-0.010314
-0.01047
-0.021397
0.0088385
0.029431
0.055537
0.077555
0.098624
0.097817
0.08109
0.085114
0.088124
0.091107
0.08445
0.079362
0.055026
0.0191
-0.019905
-0.029584
-0.019975
-0.030564
-0.034197
-0.031856
-0.020074
-0.01509
-0.023453
-0.033835
-0.052908
-0.011853
-0.034626
-0.015992
-0.019049
-0.041199
-0.044682
-0.022432
-0.0028887
-0.019014
0.051384
0.070781
-0.068459
0.016534
0.086333
0.034254
-0.0043276
-0.0050167
-0.018603
-0.036972
-0.016833
-0.0080326
-0.0031601
-0.00076786
-0.0024125
-0.0026787
-0.0012943
-0.0026741
-0.0015559
-0.0020881
-0.0028486
-0.0025845
-0.0036085
-0.0037966
-0.0037058
-0.0034404
-0.0034007
-0.0033945
-0.0019596
-0.003095
-0.02815
-0.034692
-0.078378
-0.06028
-0.043387
-0.04864
-0.052674
-0.042004
-0.047462
-0.047693
-0.048025
-0.044293
-0.034653
-0.029328
-0.026811
-0.029068
-0.028899
-0.027724
-0.027938
-0.025299
-0.013002
-0.01321
-0.0072958
-0.0034274
-0.0048595
0.0054927
0.038826
0.048638
0.093467
0.10166
0.12278
0.10727
0.11011
0.11303
0.11139
0.11571
0.10904
0.081854
0.054294
0.023144
-0.0094977
-0.042605
-0.038983
-0.035818
-0.02699
-0.022911
-0.015382
-0.016478
-0.015559
-0.022974
-0.034695
-0.064229
-0.043465
-0.036608
0.0023267
0.016196
-0.020299
-0.021381
-0.026272
-0.0085569
0.034046
0.0083828
-0.024773
-0.2558
-0.36026
-0.16969
0.011037
-0.001006
-0.0075878
-0.0047727
-0.0078584
-0.012106
-0.0032215
2.5482e-05
-0.00080584
-0.0004466
-0.0007122
-0.00076654
-0.0013673
-0.0012604
-0.0013632
-0.0013775
-0.0019393
-0.002067
-0.0020398
-0.0017628
-0.0017558
-0.0020707
-0.0020208
-0.0021554
-0.0019945
-0.0014957
-0.029907
-0.047013
-0.067386
-0.020073
-0.024589
-0.023555
-0.032504
-0.035544
-0.036253
-0.039358
-0.043191
-0.034725
-0.023011
-0.010777
-0.005571
-0.0050727
-0.0050762
-0.0078981
-0.0057634
-0.010386
0.0001642
-0.00081541
0.0034527
0.021152
0.063164
0.11342
0.11925
0.17136
0.13102
0.095961
0.10044
0.088165
0.091275
0.09379
0.10558
0.10634
0.077607
0.039476
0.0023607
-0.02691
-0.025087
-0.015086
-0.040783
-0.06048
-0.049549
-0.050693
-0.050826
-0.03735
-0.027573
-0.025732
-0.016824
-0.020089
-0.02087
-0.037592
-0.063632
-0.063561
-0.048996
-0.031972
-0.037523
-0.046692
-0.052948
-0.041492
-0.039241
-0.05293
-0.034823
-0.18231
-0.11561
-0.13291
-0.014369
-0.013849
-0.034008
-0.04091
-0.050679
-0.030069
-0.015188
-0.0028036
0.00019928
-0.0033866
-0.0022624
-0.0016535
-0.0013506
-0.0015902
-0.0015262
-0.0017763
-0.0016601
-0.0019849
-0.0018764
-0.0018409
-0.0021311
-0.0021837
-0.0021079
-0.0020571
-0.0016066
-0.012686
-0.037712
-0.08724
-0.05018
-0.04302
-0.048995
-0.055215
-0.053802
-0.054685
-0.055468
-0.051826
-0.04334
-0.041574
-0.041702
-0.039784
-0.038118
-0.035864
-0.034706
-0.030209
-0.027259
-0.013509
-0.01245
-0.0037011
0.010726
0.013172
0.04032
0.098265
0.10197
0.13338
0.16374
0.14058
0.12948
0.12232
0.1245
0.10876
0.090087
0.092842
0.066439
0.0049296
-0.06002
-0.065104
-0.045599
-0.050899
-0.096275
-0.07124
-0.075168
-0.068555
-0.053808
-0.035013
-0.021824
-0.021064
-0.016889
-0.020141
-0.020836
-0.038227
-0.056136
-0.068172
-0.053119
-0.048998
-0.050068
-0.071975
-0.07304
-0.08375
-0.041602
-0.069486
-0.072055
-0.26707
-0.40588
-0.19675
-0.0060361
-0.0042506
-0.017533
-0.020913
-0.027156
-0.026104
-0.011748
-0.0013401
-0.00011161
-0.00082408
-0.0014735
-0.00083903
-0.0008155
-0.0010839
-0.0013231
-0.0011319
-0.0012982
-0.0012328
-0.0013452
-0.0014322
-0.0017936
-0.0019353
-0.0022995
-0.0022377
-0.0013485
-0.010953
-0.029942
-0.068962
-0.026063
-0.025293
-0.027453
-0.035811
-0.034261
-0.036353
-0.036104
-0.036941
-0.031783
-0.027989
-0.028076
-0.026865
-0.028233
-0.028489
-0.025114
-0.022873
-0.013162
0.00083195
-0.0060011
0.0020331
0.0077993
0.0099433
0.029429
0.045746
0.057396
0.06418
0.056284
0.067539
0.040614
0.037997
0.020773
0.00027007
-0.003514
0.0060076
-0.010597
-0.043603
-0.078104
-0.083758
-0.067292
-0.054943
-0.077455
-0.064559
-0.065284
-0.065858
-0.052396
-0.028035
-0.015629
-0.019743
-0.014741
-0.014564
-0.017717
-0.031932
-0.06227
-0.090577
-0.081702
-0.072305
-0.074109
-0.079635
-0.13371
-0.15478
-0.17105
-0.15004
-0.16405
-0.43605
-0.50051
-0.22383
-0.019703
-0.010493
-0.013552
-0.015862
-0.019465
-0.01225
-0.0022222
-0.00090006
0.00040559
-6.9304e-05
-0.00018794
-0.0002149
-0.00037331
-0.00046291
-0.00061631
-0.00080812
-0.0006775
-0.0010811
-0.0010074
-0.0012806
-0.0013872
-0.0014219
-0.0013964
-0.00097161
-0.0012619
-0.0014803
-0.013398
-0.0047057
-0.0028964
0.0012631
-0.0017515
0.00086781
0.0064002
0.0074407
0.0057955
0.0056325
0.0060685
0.0057084
0.0060605
0.0058494
0.0046401
0.0037962
0.0035943
0.0028852
-0.0011405
-0.0017223
0.0060294
0.003382
0.0034859
0.0047691
0.0036411
-0.017672
-0.049708
-0.055429
-0.036185
0.011583
0.038023
0.025817
0.016171
-0.010279
0.015005
0.025009
0.0063548
-0.051103
-0.09231
-0.089791
-0.06986
-0.076501
-0.092638
-0.079119
-0.077889
-0.071656
-0.064391
-0.043866
-0.027506
-0.025836
-0.014393
-0.013501
-0.016245
-0.021428
-0.038193
-0.072324
-0.07639
-0.04703
-0.015533
-0.0049307
-0.043395
-0.074165
-0.077999
-0.078842
-0.062673
-0.15751
-0.072678
-0.068461
-0.025224
-0.031695
-0.038545
-0.043378
-0.067559
-0.058481
-0.016198
-0.0048375
-0.0015619
-0.0036384
-0.0034153
-0.00056113
-0.0023581
-0.00058934
-0.0008129
-0.00089392
-0.0017435
-0.0016712
-0.0013684
-0.0024481
-0.0014161
-0.0016668
-0.0022681
-0.0025595
-0.0010928
-0.0021297
-0.027207
0.026785
-0.0011491
-0.0069667
-0.011966
-0.011013
-0.0088751
-0.0028395
-0.0061626
-0.0068877
-0.004011
-0.0003114
-0.0017934
-0.0030629
-0.0046149
-0.004515
-0.00051353
0.0020134
-0.0014766
-0.001515
-0.00051896
-0.00089204
0.00080255
0.0016859
0.0034634
0.010577
-0.0040502
0.020097
0.02036
0.036841
0.028858
0.01363
-0.023276
-0.031231
0.011018
0.039255
0.024611
-0.014236
-0.068704
-0.10419
-0.1166
-0.14544
-0.12921
-0.11072
-0.094239
-0.07277
-0.059981
-0.041229
-0.022431
-0.016681
-0.012442
-0.0073477
-0.01337
-0.014097
-0.025504
-0.04084
-0.061275
-0.05971
-0.037934
-0.01742
-0.028045
-0.077345
-0.094972
-0.068781
-0.080077
-0.26583
-0.47467
-0.28945
-0.036623
-0.017936
-0.035722
-0.023917
-0.02724
-0.034774
-0.011528
-0.00049074
-0.00047313
-0.00055673
-0.00061931
-0.00015613
-0.00036003
-0.00037481
-0.00061457
-0.00047242
-0.00067294
-0.00097155
-0.0011792
-0.0011139
-0.0011758
-0.0015417
-0.0017072
-0.0013517
-0.00030766
-0.0013995
-0.0036378
0.024099
-0.0059451
-0.0026473
-0.002974
-0.0017941
-0.00060019
-0.0043175
-0.0049285
-0.0046231
-0.0047526
-0.0043248
-0.0042568
-0.0057154
-0.0059204
-0.0061396
-0.0024883
-0.0014214
-0.0037316
-0.0038476
-0.0035056
0.00076695
0.003639
0.010517
0.017451
0.038063
-0.0032345
0.014628
0.045271
0.061067
0.060381
0.03938
-0.041063
-0.069776
-0.032412
-0.0026701
0.0048534
-0.049613
-0.11993
-0.14859
-0.14343
-0.14397
-0.16098
-0.11987
-0.10082
-0.079118
-0.056325
-0.050754
-0.025598
-0.012177
-0.0089307
-0.0070044
-0.0077435
-0.017874
-0.027031
-0.065293
-0.073624
-0.039615
-0.026574
-0.038628
-0.052492
-0.077635
-0.095469
-0.081563
-0.12503
-0.29549
-0.46234
-0.22038
-0.042353
-0.030955
-0.035308
-0.02985
-0.030507
-0.036028
-0.020342
-0.0020024
-0.00097547
-0.0024306
-0.0022886
-0.00037361
-0.0005508
-0.00070615
-0.00025461
-0.00080835
-0.0010572
-0.0013203
-0.001655
-0.00097944
-0.00091337
-0.0012221
-0.0011639
-0.0009912
-0.00018321
-0.0046463
0.028445
0.070412
0.014765
0.0043719
0.00947
0.0094489
0.014376
0.013428
-0.00099249
-0.0046409
-0.0059643
-0.0068943
-0.0086868
-0.011394
-0.012851
-0.013899
-0.017302
-0.020234
-0.017965
-0.017433
-0.01564
-0.013962
-0.015733
-0.017376
-0.017608
-0.016534
-0.015487
-0.013713
-0.013317
-0.01247
-0.010455
-0.0086488
-0.0054255
-0.0021316
9.3866e-05
0.0011395
0.0018669
0.0023964
0.0032094
0.0040807
0.0054276
0.0053834
0.0051106
0.0041805
0.0028985
0.0017553
0.00060383
-0.00034389
-0.00098172
-0.0024464
-0.0041059
-0.004433
-0.0054556
-0.0064637
-0.0066634
-0.0061851
-0.0065763
-0.0058597
-0.0063528
-0.0044667
-0.0047684
-0.0040915
-0.0033316
-0.0030015
-0.0025555
-0.0019409
-0.00098663
-0.00083697
-0.00077648
-0.00042993
-9.0194e-05
-5.8462e-05
-0.00012295
-0.00063856
-0.00061593
-0.00056174
-0.00087595
-0.0012387
-0.0013076
-0.0015759
-0.0019656
-0.0016125
-0.0019473
-0.0019782
-0.0021298
-0.0020202
-0.0021622
-0.0017614
-0.0021613
-0.0016043
-0.0019483
-0.0021827
-0.0020052
-0.0023918
-0.0027756
-0.0024345
-0.0016103
-0.0011521
-0.0010716
-0.0011447
-0.00087577
-0.0012074
-0.0009704
-0.00081824
-0.00091426
-0.0010128
-0.0012397
-0.0015094
-0.0017555
-0.0019468
-0.0023064
-0.0022417
-0.0028623
-0.0029959
-0.0030168
-0.0035219
-0.0035647
-0.004015
-0.0041858
-0.0044646
-0.0049996
-0.0046687
-0.004419
-0.0043418
-0.0048213
-0.0046615
-0.0047819
-0.0043496
-0.003797
-0.0031885
-0.0031333
-0.0025902
-0.0023386
-0.0022868
-0.0021667
-0.0024413
-0.0027052
-0.0026922
-0.0024085
-0.0028534
-0.0026914
-0.0032529
-0.0038847
-0.0046345
-0.005064
-0.0053842
-0.0063123
-0.0064086
-0.0066743
-0.0071347
-0.006667
-0.0067807
-0.0061588
-0.0049077
-0.0052953
-0.0046019
-0.0039347
-0.0037465
-0.0037116
-0.0027623
-0.0028322
-0.0016898
-0.0009346
-0.00043834
-0.00018927
0.00048624
0.0006359
-0.00027383
-0.00071011
-0.0012149
-0.0018971
-0.0021629
-0.0027576
-0.003344
-0.0037455
-0.0040604
-0.0045183
-0.0044626
-0.0051125
-0.0053532
-0.0052074
-0.0051114
-0.0049877
-0.0047935
-0.0051785
-0.004145
-0.0041464
-0.0036193
-0.0027059
-0.0025554
-0.0022382
-0.0021058
-0.0015374
-0.0011745
-0.0010167
-0.000445
-0.00067715
-0.00062593
-0.00078209
-0.0013418
-0.0018096
-0.0025507
-0.0033814
-0.0035191
-0.0038081
-0.0041038
-0.0045392
-0.0046171
-0.004566
-0.0047948
-0.0043838
-0.0045723
-0.004005
-0.0037683
-0.0035429
-0.003285
-0.0031206
-0.0029628
-0.002997
-0.0023141
-0.0022685
-0.0024484
-0.0020954
-0.0020951
-0.0024557
-0.0025752
-0.0028568
-0.0029277
-0.0031238
-0.0033772
-0.003482
-0.0037168
-0.0039763
-0.0041189
-0.0042639
-0.0044759
-0.0043106
-0.0046233
-0.0050893
-0.0046794
-0.0048885
-0.005456
-0.0053358
-0.0052065
-0.0045886
-0.0048467
-0.0048088
-0.0046088
-0.0041
-0.0034167
-0.0034195
-0.0032118
-0.0027468
-0.0027727
-0.0027974
-0.0028353
-0.0027017
-0.0031016
-0.0032257
-0.0031681
-0.0034987
-0.0035917
-0.0036252
-0.0035434
-0.0045342
-0.0045552
-0.0046359
-0.0046999
-0.0052789
-0.0053367
-0.004997
-0.0055093
-0.0056306
-0.0050839
-0.0050595
-0.0050867
-0.0048692
-0.0041337
-0.0042435
-0.0042123
-0.0040058
-0.0034063
-0.0040862
-0.0037606
-0.0040034
-0.003814
-0.004323
-0.0042576
-0.0042172
-0.0044169
-0.0050263
-0.0048646
-0.0054088
-0.0059557
-0.006059
-0.0060834
-0.0060935
-0.006268
-0.006396
-0.0062675
-0.006178
-0.0054578
-0.0056381
-0.0054617
-0.0051677
-0.0054805
-0.0053967
-0.0052448
-0.0051961
-0.0055446
-0.0048222
-0.0054438
-0.0051409
-0.0053629
-0.004845
-0.0050118
-0.0047306
-0.0052581
-0.0046886
-0.0050796
-0.0047501
-0.0051294
-0.0049326
-0.0050477
-0.0050052
-0.0056285
-0.0054015
-0.0053894
-0.0054866
-0.0052842
-0.0058364
-0.0054535
-0.0051764
-0.0057178
-0.0054704
-0.0060199
-0.0048134
-0.0050061
-0.0049079
-0.0047514
-0.0048699
-0.0047939
-0.0047783
-0.0050812
-0.0049763
-0.0045941
-0.004839
-0.0046674
-0.0041341
-0.0052637
-0.0050885
-0.0048885
-0.0053308
-0.0053153
-0.005494
-0.0050573
-0.0050075
-0.0048587
-0.0056655
-0.0055311
-0.0053384
-0.0053616
-0.0051414
-0.0048635
-0.005143
-0.0048806
-0.0049885
-0.0051527
-0.004849
-0.0050063
-0.0053119
-0.0043798
-0.0047507
-0.0048215
-0.0048783
-0.0050113
-0.0052724
-0.0053416
-0.0051497
-0.0056858
-0.0054549
-0.0057118
-0.0054296
-0.0053642
-0.005456
-0.0057923
-0.0058398
-0.0059049
-0.0057392
-0.0054357
-0.0056376
-0.0057997
-0.0058866
-0.0060821
-0.0060377
-0.0058177
-0.0060138
-0.0055729
-0.0056054
-0.005247
-0.0050562
-0.0056356
-0.0056392
-0.0057212
-0.0058742
-0.0055706
-0.0057924
-0.0043873
-0.005035
-0.005929
-0.0055413
-0.0057765
-0.0056336
-0.0057247
-0.0059618
-0.0054813
-0.0055184
-0.005059
-0.005058
-0.0062139
-0.0055353
-0.0053045
-0.0045298
-0.0050599
-0.0056839
-0.0059315
-0.0051401
-0.0058717
-0.005929
-0.0052793
-0.0058782
-0.0054453
-0.0059299
-0.0058526
-0.0050294
-0.005329
-0.005165
-0.0052408
-0.0055606
-0.0055641
-0.0054975
-0.0057236
-0.004878
-0.0052031
-0.0053161
-0.0052325
-0.0051285
-0.0053141
-0.0055915
-0.0056179
-0.0045071
-0.0055872
-0.0058558
-0.0056066
-0.0055807
-0.0055725
-0.0052929
-0.0055374
-0.0050951
-0.00536
-0.0054835
-0.0051176
-0.0053212
-0.0051486
-0.0055842
-0.0056977
-0.0054265
-0.00569
-0.0053353
-0.0052299
-0.0056392
-0.0053243
-0.0051277
-0.0052421
-0.0053736
-0.0057055
-0.0052578
-0.0048314
-0.0052935
-0.0055435
-0.0044237
-0.0051144
-0.0048739
-0.004717
-0.0044597
-0.0041881
-0.0047756
-0.0050843
-0.0057334
-0.0056976
-0.0052833
-0.0062477
-0.0060417
-0.0053629
-0.0066437
-0.0063319
-0.0052421
-0.0058254
-0.0059533
-0.0058914
-0.0052797
-0.0047182
-0.0061833
-0.0057088
-0.0047642
-0.0059452
-0.0055111
-0.0059699
-0.0057962
-0.0061636
-0.0059505
-0.0066818
-0.0060804
-0.0053196
-0.0061796
-0.0058886
-0.0056783
-0.0057332
-0.006317
-0.0059752
-0.0060435
-0.0071022
-0.0066001
-0.0071568
-0.0063343
-0.0059322
-0.0062761
-0.0060148
-0.0060849
-0.0058173
-0.0059807
-0.006175
-0.0070202
-0.0062833
-0.0059441
-0.005752
-0.0064253
-0.0058801
-0.0061458
-0.0055446
-0.0059859
-0.0061725
-0.0060131
-0.0059112
-0.0057586
-0.0056723
-0.0058751
-0.0060156
-0.0059611
-0.0063628
-0.0064374
-0.0056068
-0.005456
-0.0060549
-0.0059373
-0.0061398
-0.0060081
-0.0059028
-0.0060174
-0.0058749
-0.0060248
-0.0060861
-0.0060377
-0.0062818
-0.0055075
-0.0060739
-0.0062644
-0.0061097
-0.0058584
-0.0057936
-0.00543
-0.0063038
-0.0058141
-0.005995
-0.0057534
-0.0057863
-0.0060885
-0.0058992
-0.0067495
-0.0069895
-0.0066515
-0.0060665
-0.0063745
-0.0050978
