-0.00024987
-0.0014686
-0.00092207
-0.00024829
6.6007e-05
-0.00089864
-0.00061967
0.00083434
-0.00027235
-0.0049162
-0.006747
0.00021292
0.0053589
0.0035607
0.0010198
-0.00023123
-0.0004123
-0.00021844
-4.255e-05
0.0010321
0.0017088
-0.00015899
-0.0015834
-0.00098249
-0.00022002
0.00010046
0.0011285
0.0027579
0.0025868
1.9058e-05
-0.0026664
-0.0028006
-0.0012059
-0.00010269
0.0002354
0.00018382
6.3975e-05
-3.4525e-06
-1.8455e-05
-1.1514e-05
-3.0691e-06
8.4516e-07
1.3419e-06
6.8691e-07
1.2246e-07
-9.1182e-08
-4.3097e-05
-7.2325e-05
0.0010112
0.00176
-6.5017e-05
-0.0015512
-0.0010819
0.00067117
0.001729
0.001035
0.00030287
-0.0010633
-0.0017955
-0.00098138
-0.0002505
7.9712e-05
0.00011657
0.00010349
8.5068e-05
3.1154e-05
-4.5696e-05
-8.391e-05
-4.4431e-05
-5.4118e-05
-5.7163e-05
-1.2974e-05
3.9518e-05
6.4251e-05
3.3997e-05
6.3563e-05
9.2059e-05
-1.2208e-05
-8.9055e-05
-9.8209e-06
6.3963e-05
-2.3401e-06
-6.5392e-05
-4.3367e-05
-1.2604e-05
5.0754e-05
8.5474e-05
4.4434e-05
8.3629e-06
-5.6709e-06
-0.0045588
-0.007613
0.00060602
0.0068983
0.0044777
0.001244
-0.00030385
-0.00051796
-0.00027099
-5.1245e-05
-1.6368e-05
-4.9401e-05
2.208e-05
7.8363e-05
4.7233e-05
2.0448e-05
1.0231e-05
-6.805e-06
-1.6033e-05
-8.9162e-06
-1.7672e-06
-5.1097e-05
-8.6211e-05
7.3578e-06
7.9472e-05
5.1645e-05
1.4501e-05
-3.2866e-06
-5.9021e-06
-3.1296e-06
-5.3823e-05
0.00091642
0.0016877
-5.0454e-05
-0.0014575
-0.00095802
-0.00028248
-1.0084e-05
-4.4305e-05
-2.7661e-05
0.00010995
8.8182e-05
-3.0887e-05
5.0994e-06
6.6032e-05
4.3297e-05
1.2347e-05
-2.6849e-06
-4.9695e-06
-2.6648e-06
-5.1509e-07
3.2764e-07
3.5212e-07
-5.5844e-05
-9.4481e-05
-4.9039e-05
-9.1791e-06
6.286e-05
4.4619e-05
-9.9484e-05
-7.8647e-05
8.7422e-05
7.8337e-05
-2.6869e-05
1.9765e-05
2.5448e-05
-9.3414e-05
-0.00012711
0.00099225
0.0018185
2.3068e-05
-0.0014491
-0.0010371
-0.00039
5.9376e-05
0.00019771
5.8279e-05
0.0044348
0.007526
-0.00051475
-0.0068087
-0.0044994
-0.0012411
0.00030254
0.0004596
0.00023569
-2.2364e-05
-7.8222e-05
7.6298e-05
7.0588e-05
-9.4929e-05
-0.00014383
-7.2556e-05
5.0161e-05
0.00017721
0.00016959
6.9159e-05
-5.9724e-05
-0.00012151
-2.7861e-06
9.2667e-05
6.2752e-05
1.8923e-05
-3.2629e-06
-6.9436e-06
-3.8474e-06
-8.2686e-07
4.1697e-07
4.8811e-07
0.0045055
0.0075282
0.00385
0.00061911
-0.0049964
-0.0079492
-0.00063865
0.0050116
8.9614e-05
-0.0046377
-0.0031344
-0.00099905
5.4539e-05
0.00035466
0.0002905
0.00010558
-1.9589e-06
-9.4175e-05
-0.00013018
3.2871e-06
0.00010248
0.0035691
0.010373
0.0070656
-0.0068863
-0.011914
-0.0052518
0.0049929
0.0091057
0.004779
0.00098125
-0.0060573
-0.0098919
-0.0040345
0.00079421
0.0014119
-0.00025889
-0.0024708
-0.0015923
0.0015658
0.0014525
-0.0004259
0.00035317
0.00034445
-0.00093446
0.00022004
0.00038316
-0.00080373
0.00044167
0.0051505
0.011422
0.0073702
-0.0060135
-0.0060414
0.0019687
-0.0015866
-0.00264
0.0010493
-0.0031346
-0.0002833
0.0062595
-0.00023312
-0.0073207
-0.0058589
-0.0020846
0.0046604
0.0081578
-0.0012876
-0.0039283
0.002194
-0.00095968
-0.0046201
0.0016475
0.012287
0.0078289
-0.0043629
-0.0059084
-0.0018585
0.0057544
0.00783
0.0027183
-0.0047351
-0.00829
0.00013705
0.0075384
0.0059527
0.0011639
-0.0015749
0.0031526
0.010441
0.016783
0.022694
0.024989
0.029539
0.035523
0.040872
0.047391
0.050356
0.095401
0.17857
0.1926
0.1412
0.11033
0.11155
0.11122
0.10952
0.12217
0.12927
0.12894
0.13609
0.1445
0.14833
0.15106
0.14689
0.13692
0.13265
0.12784
0.11984
0.11513
0.10553
0.090715
0.085662
0.0823
0.087345
0.1193
0.23629
0.37709
0.33478
0.17422
0.070615
0.030294
0.017968
0.0068012
-0.0088108
-0.022413
-0.03973
-0.0617
-0.078123
-0.091795
-0.11296
-0.13725
-0.15174
-0.15078
-0.13364
-0.10903
-0.097712
-0.11734
-0.15384
-0.18345
-0.20573
-0.22231
-0.2366
-0.24927
-0.26409
-0.28073
-0.29212
-0.28772
-0.26441
-0.25085
-0.24771
-0.24191
-0.22523
-0.1848
-0.14381
-0.13656
-0.16565
-0.19837
-0.21401
-0.21531
-0.20242
-0.18356
-0.16547
-0.14507
-0.13074
-0.12642
-0.12941
-0.12998
-0.11707
-0.079922
-0.047809
-0.033865
-0.032148
-0.017706
0.003617
0.023952
0.046997
0.072135
0.11311
0.1572
0.17801
0.17677
0.18401
0.19605
0.20599
0.22399
0.23993
0.25075
0.24566
0.21727
0.19684
0.19855
0.19811
0.19034
0.19023
0.18738
0.16939
0.14756
0.16877
0.23171
0.24648
0.20648
0.17567
0.15613
0.12565
0.095063
0.074888
0.068825
0.083379
0.098929
0.090414
0.068133
0.047343
0.025166
0.0035287
-0.0084177
-0.013405
-0.017999
-0.016511
-0.012617
-0.022283
-0.04479
-0.057957
-0.072491
-0.10393
-0.14268
-0.18074
-0.21015
-0.22015
-0.21823
-0.23192
-0.24358
-0.23581
-0.24083
-0.25615
-0.25547
-0.24148
-0.21995
-0.1879
-0.16261
-0.23469
-0.36894
-0.37254
-0.26302
-0.19469
-0.18043
-0.17417
-0.16461
-0.1423
-0.10276
-0.07431
-0.063954
-0.078887
-0.10026
-0.092022
-0.066731
-0.033828
-0.0013701
0.01085
0.0063408
0.0037746
0.01244
0.032402
0.15618
0.34287
0.37891
0.28573
0.22292
0.21402
0.23406
0.26004
0.2576
0.23146
0.2226
0.24135
0.25441
0.24388
0.21755
0.18455
0.14651
0.10205
0.058195
0.15997
0.38539
0.41676
0.26048
0.14059
0.087157
0.06158
0.049364
0.057707
0.074623
0.080365
0.073313
0.054515
0.028
0.0069229
-0.0028173
-0.0041477
-0.0068855
-0.011345
-0.018092
-0.038203
-0.06026
-0.073022
-0.08376
-0.10725
-0.15373
-0.21157
-0.25029
-0.24726
-0.23356
-0.37933
-0.61226
-0.57181
-0.33793
-0.18742
-0.14113
-0.13126
-0.11632
-0.10966
-0.12761
-0.15185
-0.16464
-0.17033
-0.17291
-0.16639
-0.15714
-0.15599
-0.15702
-0.13813
-0.11424
-0.10778
-0.10798
-0.11163
-0.10773
-0.080324
-0.045925
-0.018505
0.0026848
0.011925
0.006701
0.00084404
0.014309
0.040634
0.054683
0.059244
0.087116
0.14656
0.18718
0.19495
0.19228
0.20976
0.22982
0.24151
0.26398
0.27237
0.25463
0.2308
0.23103
0.27051
0.29192
0.2506
0.1917
0.16008
0.14006
0.11365
0.092522
0.082835
0.09259
0.1305
0.17794
0.19651
0.17662
0.15283
0.14611
0.1384
0.12505
0.11607
0.10607
0.10162
0.098396
0.088892
0.072767
0.04541
0.020294
0.0059572
-0.0013908
-0.00326
-0.0033954
-0.0093984
-0.025298
-0.039627
-0.051205
-0.06837
-0.21727
-0.47834
-0.53246
-0.38437
-0.27315
-0.23323
-0.22929
-0.23881
-0.23549
-0.22521
-0.21817
-0.19891
-0.17559
-0.16076
-0.13864
-0.1149
-0.12105
-0.14586
-0.16228
-0.16189
-0.15758
-0.15562
-0.15243
-0.15088
-0.14958
-0.14987
-0.13649
-0.12198
-0.12432
-0.11749
-0.092851
-0.061559
-0.036048
-0.019745
-0.013241
-0.010941
0.015684
0.065494
0.081739
0.071848
0.11475
0.17932
0.2024
0.19532
0.20252
0.2317
0.26866
0.2793
0.26033
0.24697
0.24319
0.25346
0.26802
0.25247
0.22344
0.20173
0.17571
0.15651
0.14952
0.13709
0.12123
0.1241
0.14122
0.14524
0.13472
0.13143
0.14067
0.15259
0.16026
0.15082
0.12663
0.11438
0.1137
0.10403
0.097806
0.096091
0.061452
0.0092391
-0.022237
-0.038344
-0.050689
-0.054773
-0.062136
-0.087498
-0.11988
-0.15613
-0.19567
-0.2255
-0.24761
-0.26455
-0.26633
-0.2622
-0.25832
-0.25021
-0.24913
-0.24867
-0.2333
-0.21041
-0.1877
-0.1717
-0.15906
-0.13496
-0.11965
-0.13203
-0.14754
-0.15145
-0.15912
-0.17308
-0.17195
-0.15688
-0.15085
-0.1568
-0.20336
-0.26787
-0.20896
-0.089149
-0.016428
0.0092783
0.007835
-0.0020433
-0.0032193
0.010519
0.033897
0.061284
0.071422
0.06308
0.10687
0.17994
0.21308
0.21622
0.22552
0.23211
0.24706
0.26164
0.25365
0.23774
0.23256
0.24947
0.2691
0.26157
0.24283
0.21554
0.17286
0.14906
0.13852
0.10797
0.079164
0.08056
0.10399
0.14747
0.26566
0.39414
0.34023
0.18342
0.095347
0.076852
0.082327
0.072936
0.044006
0.01854
0.0042137
-0.0018168
-0.0014248
-0.0039635
-0.012559
-0.025853
-0.045947
-0.061461
-0.070488
-0.088533
-0.11468
-0.14649
-0.1964
-0.24646
-0.2645
-0.26089
-0.24497
-0.23731
-0.24687
-0.25292
-0.25707
-0.25195
-0.23139
-0.20401
-0.1794
-0.1624
-0.14484
-0.12598
-0.11675
-0.12245
-0.14734
-0.1763
-0.17526
-0.15423
-0.14321
-0.13992
-0.14348
-0.2103
-0.31822
-0.27826
-0.1393
-0.051181
-0.019481
-0.0087565
-0.0008271
0.0013665
-0.0016392
0.013519
0.050105
0.073366
0.066939
0.06785
0.10942
0.16913
0.20678
0.22015
0.22382
0.229
0.24991
0.2542
0.24448
0.24099
0.35985
0.55828
0.51886
0.28887
0.13262
0.082083
0.07611
0.086382
0.11855
0.15396
0.17455
0.17391
0.15773
0.14776
0.1391
0.12873
0.13188
0.1245
0.1056
0.0996
0.095065
0.077746
0.055331
0.037933
0.027401
0.022565
0.014455
0.0026461
-0.0023129
-0.0083726
-0.023735
-0.045654
-0.06368
-0.19074
-0.41121
-0.45803
-0.34778
-0.26077
-0.23414
-0.23583
-0.24052
-0.25561
-0.25113
-0.22199
-0.19394
-0.17142
-0.15535
-0.14322
-0.12629
-0.11794
-0.12852
-0.14209
-0.15236
-0.15534
-0.14802
-0.13858
-0.14326
-0.15241
-0.15413
-0.15478
-0.1439
-0.12805
-0.12075
-0.11033
-0.088426
-0.06224
-0.039884
-0.02449
-0.012212
-0.0051665
-0.0030696
0.0060539
0.024494
0.04754
0.062304
0.055118
0.15258
0.35838
0.43292
0.34917
0.27262
0.24606
0.23628
0.22395
0.23548
0.26008
0.26639
0.25169
0.21666
0.18293
0.16594
0.14535
0.12909
0.1245
0.1223
0.13209
0.14871
0.15412
0.15232
0.14826
0.14996
0.15698
0.1552
0.13941
0.12079
0.10473
0.094152
0.08464
0.06787
0.049519
0.031775
0.0094944
-0.0041887
-0.0071373
-0.014178
-0.021802
-0.029917
-0.03709
-0.1446
-0.34146
-0.38913
-0.30107
-0.22111
-0.18788
-0.20474
-0.226
-0.23377
-0.2326
-0.22016
-0.20813
-0.20187
-0.18534
-0.16813
-0.17157
-0.17401
-0.15576
-0.13276
-0.12854
-0.14642
-0.16267
-0.1657
-0.16289
-0.16758
-0.1718
-0.15739
-0.12099
-0.065833
-0.023918
-0.021518
-0.02991
-0.03657
-0.037352
-0.027748
-0.017459
0.00074733
0.024025
0.035891
0.034116
0.030244
0.032525
0.036835
0.13954
0.3268
0.37308
0.2986
0.25563
0.23562
0.23327
0.24276
0.24857
0.25552
0.24627
0.22607
0.20988
0.19186
0.17556
0.16758
0.15797
0.13866
0.1161
0.096189
0.091828
0.1068
0.10485
0.078855
0.067698
0.079531
0.0955
0.1068
0.10383
0.090558
0.074105
0.059516
0.044637
0.02717
0.0071092
-0.014213
-0.032404
-0.040817
-0.065842
-0.11015
-0.12432
-0.11651
-0.11946
-0.16429
-0.23668
-0.25252
-0.21373
-0.18154
-0.15841
-0.14361
-0.14348
-0.14639
-0.15409
-0.17841
-0.19168
-0.1719
-0.15025
-0.14359
-0.1426
-0.13624
-0.13611
-0.14787
-0.13617
-0.099984
-0.086939
-0.091776
-0.098076
-0.12052
-0.14733
-0.16766
-0.16977
-0.11346
-0.019175
0.035909
0.038907
0.0097283
-0.024633
-0.026389
-0.0040167
0.02755
0.059517
0.061454
0.04404
0.035385
0.046142
0.06226
0.05767
0.052626
0.093302
0.15438
0.20797
0.23456
0.22765
0.21714
0.21828
0.21186
0.2134
0.23212
0.23672
0.22808
0.21243
0.18539
0.17066
0.15966
0.13618
0.11864
0.10387
0.089962
0.082899
0.076112
0.053045
0.02329
0.010438
0.012632
0.026057
0.047922
0.065302
0.071273
0.056621
0.034115
0.016653
-0.0053947
-0.027503
-0.064633
-0.11223
-0.11119
-0.074198
-0.054751
-0.059291
-0.093921
-0.142
-0.19504
-0.24936
-0.24417
-0.17514
-0.10794
-0.0771
-0.086007
-0.10603
-0.11126
-0.11055
-0.11315
-0.11378
-0.11323
-0.11503
-0.11418
-0.11
-0.1092
-0.11746
-0.12858
-0.11673
-0.08551
-0.064283
-0.064929
-0.081229
-0.11083
-0.14281
-0.15539
-0.13554
-0.071518
0.020301
0.084927
0.092273
0.066539
0.035426
0.027866
0.036823
0.035091
0.023307
0.018624
0.025904
0.045644
0.069376
0.063775
0.029633
0.037993
0.10687
0.17608
0.21686
0.22382
0.19391
0.1701
0.1792
0.19233
0.19567
0.19582
0.19122
0.1843
0.17006
0.1455
0.12817
0.12127
0.10665
0.083579
0.067682
0.051397
0.026127
-0.0027601
-0.035612
-0.063986
-0.059762
-0.025575
0.0076051
0.031054
0.037381
0.018143
-0.010042
-0.027124
-0.029857
-0.062746
-0.12702
-0.13784
-0.099034
-0.065868
-0.0506
-0.061267
-0.094424
-0.13966
-0.21137
-0.26674
-0.22819
-0.12873
-0.04144
-0.0053133
-0.02461
-0.046286
-0.047315
-0.059651
-0.070585
-0.074151
-0.07643
-0.070381
-0.066785
-0.076303
-0.086757
-0.10831
-0.14152
-0.12976
-0.073047
-0.028654
-0.013123
-0.025578
-0.06007
-0.097225
-0.13167
-0.12558
-0.057989
0.027436
0.086298
0.094217
0.049818
0.0020496
-0.016337
-0.0036161
0.029829
0.048625
0.04929
0.045771
0.041667
0.044178
0.04876
0.053147
0.060528
0.074615
0.070224
0.016868
-0.012414
0.035053
0.10334
0.13916
0.14761
0.14211
0.13057
0.13019
0.14379
0.15144
0.15229
0.15361
0.14933
0.13247
0.11419
0.11321
0.1187
0.10271
0.067631
0.037647
0.02261
0.0091911
-0.022592
-0.069843
-0.10536
-0.11515
-0.09064
-0.042184
0.0032589
0.018064
-0.013983
-0.059035
-0.074512
-0.062879
-0.053482
-0.057504
-0.069438
-0.086536
-0.098167
-0.13413
-0.20293
-0.22887
-0.21057
-0.20178
-0.19254
-0.13319
-0.035756
0.040005
0.075287
0.065548
0.028368
0.0083808
0.020114
0.025303
0.0043876
-0.0231
-0.043821
-0.051714
-0.058013
-0.063549
-0.0825
-0.11591
-0.10355
-0.049292
-0.0011761
0.014829
0.0049499
-0.024335
-0.041004
-0.0033305
0.041699
0.048028
0.030562
0.024151
0.034764
0.041201
0.04166
0.047631
0.056325
0.056333
0.044783
0.037302
0.044073
0.061079
0.082568
0.076765
0.008635
-0.039037
0.0076151
0.076649
0.10702
0.10894
0.16384
0.27409
0.2754
0.17036
0.09185
0.063691
0.063992
0.079505
0.075258
0.032845
-0.0020124
-0.011317
-0.026119
-0.066891
-0.12383
-0.16529
-0.16886
-0.13719
-0.08606
-0.036002
-0.014554
-0.035676
-0.08204
-0.11379
-0.10745
-0.085521
-0.074093
-0.078121
-0.092863
-0.10141
-0.095619
-0.081105
-0.064008
-0.05235
-0.068061
-0.16541
-0.2485
-0.13295
0.070275
0.15255
0.12807
0.094413
0.086915
0.087323
0.074053
0.045815
0.016714
-0.0053314
-0.020205
-0.028885
-0.065141
-0.12496
-0.11473
-0.02278
0.057371
0.079996
0.049859
-0.01316
-0.021927
0.062809
0.1248
0.10729
0.072851
0.059552
0.067115
0.078666
0.068465
0.049333
0.041869
0.035971
0.034126
0.045977
0.063532
0.087305
0.11006
0.081645
-0.014995
-0.071687
-0.03395
0.035181
0.076413
0.11616
0.16067
0.15003
0.096846
0.061358
0.048174
0.042161
0.03969
0.038977
0.02254
-0.0097279
-0.025369
-0.027887
-0.049827
-0.11105
-0.19033
-0.2415
-0.25018
-0.21575
-0.14628
-0.070246
-0.033977
-0.06016
-0.10339
-0.1253
-0.12844
-0.11115
-0.092371
-0.096154
-0.1031
-0.099484
-0.099244
-0.14897
-0.23102
-0.23548
-0.1607
-0.050692
0.081243
0.17696
0.20394
0.17818
0.1346
0.12111
0.1441
0.15537
0.12711
0.075157
0.03262
0.01603
0.0062805
-0.0048121
-0.02612
-0.064113
-0.063711
-0.001893
0.062693
0.088974
0.080519
0.073492
0.098606
0.10926
0.1042
0.083198
0.069764
0.067142
0.064173
0.065174
0.066884
0.07219
0.065305
0.04261
0.025377
0.022333
0.04202
0.081578
0.10521
0.082816
0.0074365
-0.06339
-0.059043
-0.020126
0.012147
0.028299
0.02885
0.031745
0.031424
0.022855
0.016274
0.012508
0.0050989
0.0031217
-0.0097987
-0.048254
-0.067391
-0.062769
-0.075999
-0.12513
-0.18724
-0.23524
-0.25306
-0.22301
-0.15524
-0.093748
-0.069837
-0.094243
-0.1336
-0.14875
-0.14266
-0.13221
-0.1197
-0.10405
-0.092002
-0.084565
-0.071667
-0.055723
-0.048022
-0.097447
-0.1771
-0.12342
0.058479
0.1965
0.23417
0.20085
0.1541
0.14374
0.15676
0.16358
0.15874
0.13907
0.1083
0.077772
0.055342
0.040877
0.013727
-0.03236
-0.038917
0.026159
0.10946
0.16579
0.17255
0.12446
0.073785
0.073479
0.13284
0.20939
0.24617
0.35058
0.52648
0.49887
0.30518
0.1668
0.12083
0.10983
0.099016
0.095703
0.096961
0.092198
0.076901
0.031427
-0.072906
-0.16442
-0.15218
-0.085246
-0.042825
-0.038733
-0.053596
-0.068422
-0.072042
-0.066817
-0.06896
-0.071906
-0.063712
-0.056621
-0.10269
-0.17238
-0.14797
-0.053977
0.0052911
-0.0079992
-0.061211
-0.098336
-0.094048
-0.056278
-0.012032
0.01403
0.018621
-0.00094401
-0.030257
-0.043794
-0.039532
-0.029637
-0.024093
-0.022878
-0.018017
-0.015879
-0.026312
-0.036544
-0.036509
-0.029703
-0.015411
-0.0031245
-0.0042543
-0.017469
-0.029109
0.040542
0.16995
0.18799
0.10325
0.036243
0.019396
0.029009
0.032854
0.024664
0.0041717
-0.028027
-0.080936
-0.14758
-0.15765
-0.078962
0.023393
0.084325
0.087424
0.061717
0.045442
0.055099
0.11337
0.20477
0.2811
0.32591
0.34359
0.3269
0.29055
0.23952
0.20092
0.21216
0.2796
0.32289
0.23865
0.10612
0.019795
-0.031011
-0.070033
-0.10723
-0.11547
-0.12223
-0.14367
-0.19207
-0.24683
-0.27439
-0.26877
-0.23758
-0.19827
-0.16859
-0.15804
-0.16115
-0.16768
-0.16741
-0.16794
-0.17083
-0.17431
-0.17767
-0.15407
-0.1165
-0.090667
-0.064073
-0.046507
-0.05497
-0.074333
-0.073321
-0.084044
-0.12624
-0.12452
-0.093109
-0.086753
-0.089175
-0.085758
-0.071694
-0.053954
-0.050865
-0.061932
-0.07031
-0.071383
-0.090934
-0.12144
-0.11968
-0.075801
-0.0031658
0.078215
0.13014
0.11951
0.054621
-0.011613
-0.027278
-0.00096771
0.024743
0.029479
0.015026
-0.0012042
-0.0029834
0.0031717
0.0039345
-0.024753
-0.090432
-0.1235
-0.072979
0.014098
0.080146
0.11302
0.11515
0.099706
0.10801
0.16135
0.23901
0.29483
0.29486
0.27353
0.40301
0.63618
0.59911
0.35146
0.15424
0.064987
0.055328
0.065049
0.05824
0.025127
-0.014645
-0.074787
-0.13273
-0.10657
-0.073628
-0.10231
-0.16194
-0.22389
-0.25337
-0.23046
-0.1839
-0.14547
-0.12066
-0.11555
-0.12299
-0.12531
-0.11528
-0.096546
-0.092485
-0.11618
-0.13603
-0.11573
-0.069221
-0.02228
0.0079316
0.00202
-0.024736
-0.038683
-0.031099
-0.011664
0.0044276
0.00036331
-0.026096
-0.046886
-0.048732
-0.046781
-0.048588
-0.055242
-0.058284
-0.048801
-0.058218
-0.089944
-0.097583
-0.08755
-0.078996
-0.065796
-0.048171
-0.012431
0.049628
0.10347
0.10552
0.055118
-0.0025848
-0.020339
-0.0033031
0.01509
0.021663
0.017015
0.0060453
0.0016993
0.011114
0.01214
-0.037896
-0.13033
-0.15777
-0.083111
0.018842
0.1048
0.15446
0.14965
0.11895
0.11343
0.16547
0.24265
0.30026
0.34164
0.35214
0.32289
0.27984
0.2339
0.21065
0.22667
0.25598
0.25295
0.20606
0.1364
0.07483
0.048955
0.021499
-0.033071
-0.068377
-0.069793
-0.095737
-0.14888
-0.19385
-0.19749
-0.17452
-0.15163
-0.1448
-0.14556
-0.14024
-0.13575
-0.13489
-0.12706
-0.10785
-0.10326
-0.12023
-0.1269
-0.11311
-0.086039
-0.049236
-0.021961
-0.015297
-0.019131
-0.021425
-0.0081675
0.015361
0.025539
0.0095415
-0.016509
-0.027097
-0.026535
-0.037317
-0.055555
-0.05904
-0.048066
-0.044085
-0.045193
-0.042152
-0.084319
-0.15738
-0.15179
-0.07517
-0.0040395
0.048455
0.081876
0.077454
0.031311
-0.01291
-0.024687
-0.024422
-0.028364
-0.025739
-0.016329
-0.0072048
0.0019337
-0.0015467
-0.028045
-0.091607
-0.1697
-0.17952
-0.10573
-0.0099066
0.057578
0.084338
0.075594
0.056308
0.066754
0.11706
0.18509
0.25611
0.30495
0.31599
0.30737
0.29044
0.26076
0.24748
0.25985
0.2644
0.24518
0.18851
0.1102
0.051897
0.01796
-0.033174
-0.058731
-0.04888
-0.042176
-0.092702
-0.16668
-0.23904
-0.2799
-0.25831
-0.18985
-0.12456
-0.093201
-0.096297
-0.12323
-0.14941
-0.14825
-0.12121
-0.09645
-0.09989
-0.11859
-0.11553
-0.086174
-0.049697
-0.023516
-0.0058975
-0.00078791
-0.0055906
-0.0014262
0.01108
0.019396
0.0060666
-0.022312
-0.034917
-0.031297
-0.03499
-0.056726
-0.069646
-0.053763
-0.041364
-0.042939
-0.037051
-0.032878
-0.039757
-0.050802
-0.070187
-0.12713
-0.16614
-0.091117
0.018874
0.050871
0.016424
-0.024141
-0.039321
-0.031977
-0.015942
-0.01319
-0.019248
-0.017004
-0.010415
-0.0091816
-0.027669
-0.090616
-0.17505
-0.18183
-0.1018
-0.013664
0.060721
0.1071
0.099025
0.066902
0.056324
0.10136
0.1948
0.29311
0.35844
0.35906
0.32525
0.27409
0.23208
0.22002
0.22923
0.24744
0.23374
0.17125
0.1017
0.0509
0.043567
0.032285
-0.022615
-0.05152
-0.05813
-0.087767
-0.14969
-0.2119
-0.23875
-0.23131
-0.188
-0.13692
-0.10625
-0.0959
-0.09513
-0.094794
-0.092149
-0.086073
-0.087872
-0.10841
-0.12542
-0.11575
-0.080287
-0.039853
-0.0063307
0.024043
0.035388
0.019424
0.0096458
0.013824
0.016219
0.012342
-0.0061197
-0.027995
-0.029642
-0.033975
-0.052448
-0.056354
-0.045313
-0.036381
-0.035817
-0.038545
-0.043301
-0.05232
-0.059484
-0.076671
-0.11168
-0.10864
-0.03258
0.035275
0.034024
-0.0037378
-0.038371
-0.042862
-0.023655
-0.017956
-0.022094
-0.016488
-0.010899
-0.016665
-0.036048
-0.093082
-0.17921
-0.19436
-0.10128
0.016878
0.094635
0.12092
0.098984
0.059258
0.047174
0.09467
0.17769
0.2547
0.31005
0.33926
0.33465
0.29261
0.25111
0.22514
0.22323
0.24559
0.24217
0.1902
0.14754
0.11958
0.051319
-0.052133
-0.10095
-0.066407
-0.021065
-0.042378
-0.11265
-0.19258
-0.22253
-0.19752
-0.15444
-0.11051
-0.08314
-0.081701
-0.093916
-0.10846
-0.11036
-0.10252
-0.10295
-0.11413
-0.11685
-0.096581
-0.068396
-0.035744
-0.0025437
0.018051
0.037608
0.054328
0.048615
0.034534
0.02862
0.020001
0.0033882
-0.015299
-0.02954
-0.037232
-0.049723
-0.060202
-0.05073
-0.033556
-0.02831
-0.033243
-0.042625
-0.090537
-0.16046
-0.15548
-0.069196
0.015017
0.056377
0.066048
0.038269
-0.0091697
-0.041607
-0.05112
-0.04205
-0.034305
-0.034297
-0.028115
-0.020922
-0.022524
-0.03661
-0.098156
-0.18427
-0.1965
-0.13029
-0.037567
0.057015
0.11041
0.102
0.07303
0.067933
0.10465
0.19055
0.27581
0.31355
0.33518
0.34304
0.31935
0.28327
0.25452
0.24533
0.24723
0.21885
0.15796
0.091296
0.044771
0.033101
0.037152
0.041267
0.036005
-0.0014919
-0.075796
-0.094074
-0.1574
-0.32201
-0.35479
-0.23176
-0.12612
-0.077877
-0.080532
-0.093412
-0.093562
-0.086655
-0.087242
-0.10266
-0.12342
-0.12898
-0.10103
-0.055647
-0.014774
0.010438
0.020355
0.024844
0.034359
0.044466
0.040411
0.021521
0.0047555
-0.0053076
-0.0082064
-0.010301
-0.021941
-0.040407
-0.053865
-0.054228
-0.043516
-0.030339
-0.026844
-0.032082
-0.041962
-0.049452
-0.053053
-0.061161
-0.068424
-0.075324
-0.075635
-0.055708
-0.024066
0.0091383
0.030486
0.011169
-0.037713
-0.067078
-0.068058
-0.059148
-0.047424
-0.03904
-0.034555
-0.039883
-0.056788
-0.081558
-0.12852
-0.18388
-0.17313
-0.09287
-0.019453
0.028929
0.058286
0.059238
0.04148
0.035209
0.076261
0.15076
0.23116
0.29977
0.35261
0.38531
0.37495
0.33859
0.27969
0.22374
0.20869
0.1984
0.15812
0.094917
0.037569
0.01347
0.01146
0.011105
0.0049731
-0.0066753
-0.037371
-0.065109
-0.044139
-0.05302
-0.1211
-0.19017
-0.22428
-0.21058
-0.17349
-0.13939
-0.12383
-0.11752
-0.10906
-0.10588
-0.094985
-0.070237
-0.059232
-0.079928
-0.1168
-0.12955
-0.10749
-0.079398
-0.048576
-0.0054541
0.040707
0.071576
0.074626
0.055933
0.036763
0.015554
-0.0086865
-0.019974
-0.016802
-0.0097052
-0.0098629
-0.029115
-0.048137
-0.045945
-0.03836
-0.039534
-0.036506
-0.04067
-0.054538
-0.056673
-0.070925
-0.10605
-0.11747
-0.10919
-0.092405
-0.056857
-0.0091829
0.02785
0.028623
-0.0016646
-0.038509
-0.060653
-0.059875
-0.051932
-0.052158
-0.053654
-0.041563
-0.027425
-0.028541
-0.042694
-0.11152
-0.21266
-0.20667
-0.10697
-0.018061
0.048567
0.091036
0.091725
0.063065
0.046511
0.087825
0.17852
0.26182
0.31113
0.32933
0.31444
0.28145
0.2523
0.22432
0.22741
0.26414
0.25892
0.18843
0.10119
0.060368
0.04561
-0.017816
-0.067547
-0.042742
-0.019828
-0.068384
-0.14675
-0.18953
-0.19514
-0.1813
-0.14761
-0.10151
-0.065823
-0.052114
-0.061091
-0.081399
-0.089622
-0.081951
-0.072593
-0.086872
-0.11494
-0.11173
-0.07626
-0.035403
0.0081719
0.051104
0.073529
0.065863
0.048158
0.039405
0.043409
0.033747
0.0095428
-0.0067538
-0.017759
-0.025579
-0.028877
-0.038739
-0.080093
-0.12985
-0.12201
-0.085446
-0.077658
-0.07798
-0.073967
-0.062817
-0.031822
0.017199
0.050247
0.038996
-0.0051808
-0.042057
-0.050654
-0.044937
-0.046811
-0.060245
-0.062496
-0.04831
-0.037651
-0.041018
-0.058335
-0.11249
-0.18752
-0.19064
-0.10543
-0.0087179
0.045587
0.056976
0.053171
0.048205
0.21229
0.54673
0.62954
0.43597
0.25898
0.18946
0.19663
0.2261
0.24179
0.22124
0.16665
0.094581
0.037325
0.015958
0.013631
0.0030918
-0.026966
-0.074496
-0.074912
-0.025515
-0.011678
-0.068137
-0.13779
-0.18219
-0.20077
-0.18007
-0.13495
-0.096738
-0.067153
-0.062054
-0.079359
-0.091198
-0.091616
-0.078908
-0.062332
-0.078106
-0.10632
-0.091166
-0.049129
0.022215
0.11468
0.13297
0.085799
0.041916
0.0092968
-0.0075815
-0.0047352
-0.0081873
-0.028869
-0.050886
-0.054519
-0.039881
-0.029304
-0.031159
-0.039423
-0.047903
-0.058751
-0.068654
-0.075121
-0.075681
-0.069672
-0.06723
-0.060307
-0.031401
0.0025006
0.019757
0.010423
-0.031949
-0.069516
-0.077994
-0.083692
-0.080433
-0.058815
-0.046476
-0.053327
-0.065617
-0.077359
-0.1153
-0.18683
-0.20818
-0.13242
-0.03714
0.026333
0.047606
0.033474
0.019815
0.03037
0.075288
0.15069
0.22995
0.29103
0.47241
0.72443
0.6664
0.38185
0.16995
0.065561
0.028487
0.027627
0.036306
0.031447
0.016865
-0.0056287
-0.048718
-0.059032
-0.0077185
-0.00081756
-0.067838
-0.1628
-0.22441
-0.20832
-0.15211
-0.10323
-0.079322
-0.082222
-0.093604
-0.10222
-0.094396
-0.074015
-0.060844
-0.059065
-0.077238
-0.10276
-0.098116
-0.064457
-0.031664
-0.0029633
0.031355
0.063412
0.078751
0.079941
0.05935
0.019276
-0.010737
-0.029221
-0.0478
-0.05386
-0.042354
-0.030497
-0.024782
-0.024871
-0.034815
-0.05509
-0.083368
-0.10065
-0.10236
-0.10836
-0.10643
-0.074342
-0.017522
0.030286
0.02818
-0.021518
-0.075093
-0.09581
-0.085913
-0.077042
-0.076224
-0.069113
-0.053787
-0.037381
-0.039874
-0.067046
-0.12111
-0.19856
-0.21297
-0.13084
-0.032177
0.038432
0.065889
0.049687
0.1503
0.40167
0.51324
0.41478
0.29585
0.23283
0.21268
0.22572
0.24809
0.22822
0.16661
0.090925
0.041929
0.042316
0.051068
0.046082
0.023264
-0.0077233
-0.046407
-0.067386
-0.043337
-0.027322
-0.071173
-0.14499
-0.18978
-0.18778
-0.15488
-0.11708
-0.091331
-0.069987
-0.062629
-0.063834
-0.064576
-0.060952
-0.038557
-0.032394
-0.061579
-0.085891
-0.085155
-0.063474
-0.024755
0.021702
0.10292
0.18162
0.15151
0.058522
0.008099
-0.0069586
-0.016596
-0.030791
-0.03976
-0.035839
-0.029435
-0.024422
-0.026949
-0.042987
-0.055396
-0.053594
-0.060689
-0.079118
-0.082498
-0.085454
-0.091883
-0.073036
-0.036632
-0.0054509
0.00012344
-0.025496
-0.062582
-0.090566
-0.092453
-0.080173
-0.11564
-0.19603
-0.2404
-0.24968
-0.23007
-0.17096
-0.10284
-0.056163
-0.054906
-0.090079
-0.15308
-0.21626
-0.22716
-0.15835
-0.029222
0.10653
0.20222
0.21342
0.13286
0.02311
-0.056498
-0.082054
-0.06794
-0.053077
-0.057638
-0.085891
-0.1243
-0.16072
-0.16712
-0.13057
-0.10368
-0.11404
-0.17117
-0.18456
-0.05334
0.11097
0.18168
0.16801
0.11959
0.070162
0.045832
0.047313
0.053941
0.050435
0.036471
0.018195
0.014885
0.058688
0.13465
0.18904
0.20095
0.17532
0.12992
0.1031
0.11427
0.15312
0.20545
0.2634
0.28054
0.23478
0.1777
0.14375
0.13487
0.13497
0.13429
0.1398
0.15104
0.16195
0.16367
0.16273
0.15706
0.14169
0.13208
0.11755
0.089782
0.064347
0.038585
0.017688
0.010872
-0.0022603
-0.087727
-0.21816
-0.24119
-0.16516
-0.094956
-0.062139
-0.059717
-0.074852
-0.11668
-0.18467
-0.22826
-0.2052
-0.14728
-0.11525
-0.1251
-0.17272
-0.2544
-0.31931
-0.30706
-0.23082
-0.1251
-0.024403
0.017793
-0.015979
-0.080997
-0.1346
-0.1736
-0.18994
-0.17931
-0.17823
-0.19102
-0.19632
-0.20046
-0.19672
-0.17955
-0.15479
-0.1321
-0.13912
-0.16356
-0.11845
0.031449
0.15925
0.18091
0.15038
0.1294
0.11311
0.10464
0.10779
0.10087
0.07982
0.064613
0.059287
0.065095
0.10311
0.16107
0.19709
0.18886
0.14295
0.099229
0.089597
0.11337
0.16182
0.21622
0.24026
0.22978
0.20402
0.17089
0.14165
0.12685
0.11486
0.10065
0.1084
0.12852
0.13225
0.12011
0.11014
0.10949
0.098846
0.075554
0.053425
0.024499
-0.012951
-0.037704
-0.049766
-0.09792
-0.17358
-0.19343
-0.16063
-0.14278
-0.14776
-0.14643
-0.1373
-0.13746
-0.13968
-0.13759
-0.14924
-0.18076
-0.19561
-0.17236
-0.14033
-0.13236
-0.14513
-0.17951
-0.24375
-0.31428
-0.33999
-0.28545
-0.1759
-0.060844
-0.00269
-0.022503
-0.074886
-0.12392
-0.16291
-0.18175
-0.18592
-0.1903
-0.19729
-0.19926
-0.18977
-0.16458
-0.13139
-0.13736
-0.14014
-0.034373
0.11352
0.19438
0.21312
0.21567
0.22698
0.2393
0.24474
0.2348
0.20761
0.18341
0.168
0.14545
0.12039
0.11488
0.12386
0.1449
0.18472
0.22718
0.24153
0.22156
0.19376
0.18484
0.19667
0.22268
0.25603
0.27249
0.25426
0.21647
0.18156
0.15801
0.15452
0.20764
0.27793
0.24202
0.14312
0.085818
0.059507
0.036597
0.0076902
-0.033058
-0.067402
-0.083732
-0.099962
-0.11737
-0.13183
-0.13709
-0.13221
-0.1401
-0.16146
-0.17159
-0.17118
-0.17566
-0.1706
-0.14928
-0.13522
-0.13971
-0.15641
-0.18632
-0.20655
-0.18703
-0.14988
-0.13001
-0.13493
-0.15967
-0.20403
-0.27084
-0.30652
-0.25789
-0.15994
-0.06952
-0.019961
-0.028349
-0.066869
-0.10214
-0.13012
-0.14795
-0.14905
-0.20454
-0.30808
-0.28551
-0.16315
-0.07217
-0.050533
-0.07348
-0.083883
-0.050006
0.031106
0.12742
0.19108
0.22297
0.23893
0.24933
0.26152
0.26027
0.22916
0.193
0.18017
0.17221
0.16074
0.15066
0.13482
0.12631
0.14461
0.1876
0.22325
0.22962
0.2128
0.18041
0.15655
0.16252
0.19909
0.24938
0.27382
0.25449
0.2112
0.17449
0.15671
0.14078
0.12275
0.10848
0.13596
0.19136
0.16794
0.085402
0.014973
-0.038774
-0.067822
-0.087227
-0.1226
-0.15816
-0.18167
-0.1968
-0.19165
-0.17433
-0.17084
-0.18427
-0.20174
-0.21775
-0.21767
-0.19916
-0.18009
-0.15773
-0.13954
-0.14556
-0.16651
-0.17572
-0.16615
-0.14969
-0.14036
-0.15286
-0.18036
-0.21868
-0.26903
-0.28988
-0.257
-0.19521
-0.12918
-0.081769
-0.076336
-0.096451
-0.11624
-0.13732
-0.14725
-0.15314
-0.16988
-0.17537
-0.15591
-0.12451
-0.1022
-0.090595
-0.061558
-0.020905
0.014055
0.074829
0.14813
0.19393
0.22189
0.24054
0.26028
0.2927
0.29482
0.25695
0.22101
0.20407
0.20001
0.19791
0.18169
0.15631
0.14616
0.15709
0.18348
0.21194
0.20998
0.18355
0.16767
0.17504
0.19306
0.21183
0.22981
0.24561
0.24621
0.21761
0.178
0.15488
0.14805
0.13688
0.11184
0.085598
0.065487
0.052597
0.047571
0.047889
0.049788
0.046126
0.029354
-0.0026182
-0.051636
-0.10236
-0.14462
-0.18305
-0.20454
-0.21409
-0.23051
-0.24082
-0.2262
-0.19913
-0.18632
-0.19735
-0.21587
-0.22824
-0.23243
-0.21952
-0.18603
-0.14779
-0.12855
-0.13742
-0.14779
-0.14296
-0.15017
-0.1687
-0.16406
-0.16344
-0.19437
-0.23495
-0.25607
-0.23604
-0.17622
-0.11515
-0.080718
-0.075158
-0.085515
-0.095078
-0.099781
-0.10937
-0.12714
-0.13584
-0.13291
-0.11245
-0.079965
-0.060839
-0.054581
-0.033592
0.0045965
0.039206
0.055795
0.069546
0.094357
0.12958
0.16871
0.18903
0.19956
0.2313
0.28319
0.4489
0.64063
0.56654
0.33135
0.17953
0.12958
0.14752
0.17676
0.19082
0.18242
0.1615
0.15985
0.17707
0.19883
0.22516
0.23626
0.2348
0.22244
0.1882
0.1502
0.13185
0.12832
0.12329
0.10646
0.077213
0.051226
0.040155
0.032985
0.026617
0.025181
0.024244
0.01754
-0.0040422
-0.046188
-0.097832
-0.30753
-0.61158
-0.60457
-0.37183
-0.23323
-0.20239
-0.2184
-0.23996
-0.23175
-0.1912
-0.15529
-0.13801
-0.13143
-0.12837
-0.125
-0.13218
-0.13939
-0.14228
-0.15402
-0.15849
-0.16159
-0.1877
-0.21234
-0.20736
-0.17581
-0.13224
-0.097603
-0.08153
-0.074926
-0.070203
-0.065398
-0.067319
-0.068066
-0.066563
-0.07052
-0.073031
-0.064182
-0.051472
-0.035352
0.05477
0.19769
0.25212
0.21905
0.2141
0.24104
0.2665
0.27839
0.27232
0.256
0.24914
0.24344
0.22326
0.19971
0.18793
0.18237
0.17275
0.16057
0.14713
0.14212
0.2617
0.44712
0.44177
0.29686
0.1921
0.14134
0.13225
0.13846
0.13215
0.11032
0.087837
0.068344
0.041819
0.018366
0.0092243
0.0031322
-0.0063632
-0.011932
-0.013853
-0.026419
-0.043444
-0.065407
-0.11494
-0.17547
-0.35436
-0.58837
-0.55619
-0.34484
-0.22946
-0.21089
-0.22437
-0.24486
-0.24045
-0.19912
-0.15874
-0.13135
-0.10969
-0.093988
-0.090965
-0.10494
-0.12311
-0.14119
-0.15441
-0.14965
-0.13926
-0.1397
-0.14816
-0.15199
-0.14682
-0.13077
-0.10186
-0.076207
-0.067282
-0.058281
-0.046594
-0.038413
-0.031845
-0.032339
-0.044531
-0.049086
-0.037059
-0.022459
0.087055
0.28031
0.33817
0.26039
0.1931
0.17534
0.21023
0.25191
0.26012
0.26018
0.26209
0.24969
0.23369
0.21579
0.19366
0.18018
0.16363
0.146
0.13916
0.1278
0.12715
0.14875
0.14573
0.12173
0.12612
0.15981
0.26528
0.40227
0.36057
0.1986
0.086114
0.035752
0.015922
0.0054884
0.0023748
-0.0068666
-0.027551
-0.037899
-0.030363
-0.022037
-0.03328
-0.065581
-0.093378
-0.11503
-0.16002
-0.21618
-0.25582
-0.40834
-0.62821
-0.59686
-0.37929
-0.24019
-0.19625
-0.17335
-0.14824
-0.13379
-0.10999
-0.072665
-0.06275
-0.090018
-0.12233
-0.14637
-0.1562
-0.14354
-0.12435
-0.1167
-0.1227
-0.12762
-0.12091
-0.1129
-0.10605
-0.084558
-0.050623
-0.022734
-0.0044897
0.0012813
0.00029512
-0.0020475
-0.011363
-0.015621
0.049945
0.16797
0.24208
0.26283
0.23597
0.17536
0.15159
0.17212
0.20968
0.24974
0.25954
0.24746
0.24081
0.23271
0.22075
0.2034
0.18049
0.16219
0.15254
0.14645
0.14236
0.1294
0.18448
0.31173
0.32623
0.22757
0.14816
0.10362
0.083758
0.07785
0.076274
0.067049
0.045532
0.029297
0.016909
-0.0052476
-0.027592
-0.044983
-0.059848
-0.066191
-0.060834
-0.05934
-0.074825
-0.094232
-0.1099
-0.13431
-0.31968
-0.6028
-0.60258
-0.38234
-0.24681
-0.211
-0.20726
-0.21836
-0.21505
-0.18383
-0.15252
-0.13047
-0.10672
-0.067795
-0.041807
-0.070532
-0.13673
-0.19156
-0.21184
-0.206
-0.1899
-0.18682
-0.21056
-0.23274
-0.22694
-0.20077
-0.17106
-0.15652
-0.14829
-0.11418
-0.084667
-0.066954
-0.045588
-0.025571
-0.016964
-0.020437
-0.023186
-0.019371
-0.015676
0.10803
0.33884
0.42133
0.32766
0.26884
0.28328
0.30762
0.30697
0.28714
0.2694
0.27355
0.27556
0.25826
0.239
0.2241
0.20322
0.17509
0.16182
0.15463
0.12728
0.11002
0.11761
0.13581
0.16305
0.18199
0.18021
0.17096
0.15419
0.1236
0.094663
0.087071
0.10061
0.11061
0.10301
0.089912
0.076358
0.056278
0.031108
0.011709
0.00060179
-0.011447
-0.024802
-0.044973
-0.080946
-0.12645
-0.18661
-0.24412
-0.26318
-0.2524
-0.23605
-0.22238
-0.22776
-0.24672
-0.23976
-0.21108
-0.19552
-0.17773
-0.14337
-0.11796
-0.090303
-0.050545
-0.041446
-0.074661
-0.12924
-0.17978
-0.19755
-0.18604
-0.16355
-0.15779
-0.1809
-0.20953
-0.23529
-0.25218
-0.26291
-0.27071
-0.25544
-0.22141
-0.17106
-0.12416
-0.1115
-0.13018
-0.14149
-0.0879
-0.011281
0.024405
0.068649
0.16619
0.23204
0.22581
0.21316
0.21862
0.24108
0.27955
0.30173
0.29647
0.28016
0.26666
0.27746
0.29232
0.26674
0.23258
0.21481
0.19065
0.17481
0.1722
0.16293
0.1394
0.11432
0.10988
0.12015
0.21731
0.36606
0.33855
0.18724
0.09493
0.071706
0.074309
0.068567
0.05324
0.03884
0.023844
0.010866
0.0035901
0.002952
0.001602
-0.0094764
-0.024521
-0.038143
-0.052852
-0.06844
-0.077553
-0.099248
-0.15714
-0.21543
-0.24167
-0.24479
-0.23472
-0.22748
-0.23151
-0.23137
-0.21891
-0.20458
-0.18342
-0.14823
-0.12252
-0.11021
-0.080132
-0.042486
-0.043987
-0.083894
-0.12654
-0.16121
-0.18851
-0.19839
-0.18554
-0.17629
-0.19592
-0.22576
-0.23581
-0.23101
-0.23602
-0.23998
-0.23219
-0.22023
-0.19181
-0.15129
-0.12257
-0.098052
-0.058216
-0.01173
0.054386
0.14582
0.21747
0.22419
0.21212
0.22979
0.26046
0.28483
0.30965
0.32479
0.30016
0.25766
0.23527
0.24664
0.29078
0.32676
0.31042
0.26508
0.28683
0.34528
0.30371
0.21652
0.17634
0.15454
0.1329
0.12207
0.11273
0.093685
0.079646
0.076875
0.084106
0.090338
0.088101
0.080264
0.068629
0.051535
0.036181
0.0235
0.011454
0.0029954
-0.0075855
-0.022586
-0.039586
-0.045465
-0.032832
-0.028312
-0.059169
-0.25198
-0.52825
-0.5426
-0.36417
-0.2468
-0.19373
-0.17422
-0.16804
-0.15338
-0.13817
-0.12212
-0.085395
-0.03613
-0.025057
-0.067851
-0.12987
-0.18
-0.19961
-0.19009
-0.16831
-0.15721
-0.17342
-0.20508
-0.2298
-0.23658
-0.25088
-0.27039
-0.26506
-0.24279
-0.20193
-0.14554
-0.10125
-0.078219
-0.060355
-0.040311
0.0017523
0.074844
0.16664
0.23414
0.2526
0.23923
0.23149
0.2561
0.29725
0.32636
0.32144
0.2858
0.26061
0.27187
0.28616
0.28699
0.28191
0.24877
0.1973
0.23082
0.3307
0.33148
0.23387
0.15565
0.1251
0.12732
0.13527
0.12223
0.094525
0.078266
0.084345
0.10077
0.10575
0.087166
0.060231
0.039341
0.021431
0.0071345
0.0001104
-0.0029176
-0.0054964
-0.007617
-0.011896
-0.02165
-0.037363
-0.058131
-0.087528
-0.12402
-0.16304
-0.2099
-0.24372
-0.23767
-0.21522
-0.20831
-0.21777
-0.32578
-0.47246
-0.40346
-0.18876
-0.04381
-0.015927
-0.070903
-0.13869
-0.18233
-0.19402
-0.18105
-0.16956
-0.17014
-0.19107
-0.22522
-0.23729
-0.23005
-0.22171
-0.2335
-0.25264
-0.24277
-0.19973
-0.14982
-0.11318
-0.082768
-0.045424
-0.016698
-0.0063807
-0.0002259
0.014469
0.14515
0.37449
0.44048
0.33958
0.2612
0.25655
0.27897
0.27667
0.26539
0.24894
0.24041
0.27762
0.3145
0.29426
0.25016
0.21562
0.18123
0.14306
0.10082
0.065565
0.067823
0.10183
0.13503
0.17414
0.19817
0.17273
0.13503
0.11154
0.092725
0.083342
0.076551
0.070606
0.0774
0.084414
0.080439
0.060533
0.034356
0.016527
0.0059386
0.001116
-0.00035267
-0.0052643
-0.018183
-0.031027
-0.038019
-0.049357
-0.067575
-0.087275
-0.12236
-0.1761
-0.21758
-0.22975
-0.22972
-0.22612
-0.21528
-0.21209
-0.22214
-0.21764
-0.19269
-0.17406
-0.15929
-0.13998
-0.12151
-0.092659
-0.050214
-0.031915
-0.06682
-0.13474
-0.19082
-0.20581
-0.19304
-0.1818
-0.17776
-0.17942
-0.18738
-0.19689
-0.22241
-0.23013
-0.23145
-0.25765
-0.25169
-0.20086
-0.14316
-0.099117
-0.069712
-0.044972
-0.022289
-0.012992
-0.010284
0.010034
0.039106
0.068527
0.12342
0.19355
0.24172
0.25818
0.26324
0.26875
0.26972
0.27969
0.2879
0.28257
0.26644
0.23215
0.22741
0.27566
0.3263
0.33875
0.30756
0.24977
0.18484
0.12882
0.086443
0.069239
0.087851
0.11841
0.13935
0.16275
0.18385
0.17453
0.14119
0.11107
0.096217
0.0847
0.071645
0.067812
0.069441
0.066629
0.067778
0.066808
0.051725
0.027251
-0.001716
-0.028166
-0.051525
-0.066202
-0.063986
-0.06189
-0.079622
-0.12247
-0.17173
-0.20849
-0.23733
-0.24515
-0.2238
-0.21011
-0.21627
-0.21386
-0.21062
-0.20434
-0.1828
-0.15821
-0.13309
-0.10507
-0.069058
-0.026118
-0.01508
-0.062238
-0.1238
-0.16591
-0.19213
-0.19737
-0.18207
-0.17265
-0.18698
-0.20798
-0.21312
-0.22089
-0.24173
-0.24486
-0.24344
-0.22431
-0.18974
-0.15187
-0.12177
-0.10023
-0.067526
-0.022738
-0.0024046
-0.0014951
0.019113
0.054765
0.088595
0.13666
0.21066
0.4409
0.70503
0.67422
0.43415
0.25821
0.18807
0.20916
0.28393
0.34326
0.32962
0.27769
0.22552
0.17354
0.12942
0.085647
0.057851
0.070074
0.096023
0.11818
0.161
0.19961
0.18764
0.14607
0.10891
0.081107
0.059146
0.047771
0.052328
0.064187
0.07606
0.078662
0.067383
0.044741
0.020334
0.0075682
-0.00035352
-0.0072837
-0.0092628
-0.011886
-0.07602
-0.20055
-0.26869
-0.26354
-0.2533
-0.25467
-0.24619
-0.23089
-0.22886
-0.22695
-0.21674
-0.20422
-0.18219
-0.15809
-0.13947
-0.11383
-0.076529
-0.041172
-0.037608
-0.072858
-0.12201
-0.16349
-0.18616
-0.19219
-0.17145
-0.15174
-0.16932
-0.18878
-0.19473
-0.20157
-0.21985
-0.25059
-0.25604
-0.22114
-0.16927
-0.1232
-0.09475
-0.072291
-0.038634
0.0019315
0.043082
0.096927
0.17537
0.23471
0.23285
0.22097
0.23561
0.25303
0.27463
0.2898
0.27303
0.25114
0.25333
0.27841
0.30961
0.30859
0.2678
0.22506
0.19497
0.16933
0.20183
0.27398
0.26648
0.19413
0.15182
0.14077
0.1377
0.13191
0.11336
0.093317
0.091372
0.095419
0.09379
0.092476
0.079544
0.053682
0.030575
0.011389
-0.00080072
0.0001119
0.0043221
-0.00072828
-0.015285
-0.035864
-0.047888
-0.052529
-0.065031
-0.084037
-0.1246
-0.17611
-0.20974
-0.23192
-0.24289
-0.34478
-0.50934
-0.48048
-0.30035
-0.17548
-0.12402
-0.11322
-0.11205
-0.084273
-0.067284
-0.10273
-0.14886
-0.17678
-0.18766
-0.17613
-0.15745
-0.15947
-0.17444
-0.19029
-0.21058
-0.21496
-0.21302
-0.21874
-0.21919
-0.2096
-0.17295
-0.12805
-0.10204
-0.080154
-0.051272
-0.026578
-0.014269
-0.0066928
0.0079039
0.14399
0.37395
0.43697
0.34228
0.26916
0.25693
0.27898
0.29072
0.27395
0.24679
0.25514
0.29298
0.30207
0.27662
0.24009
0.20207
0.17635
0.15788
0.12908
0.095102
0.078556
0.09462
0.20186
0.34569
0.33607
0.2074
0.11327
0.084536
0.08728
0.090591
0.086246
0.072906
0.053256
0.029573
0.01413
0.0095945
0.0071403
0.003956
-0.0020395
-0.01819
-0.040384
-0.051722
-0.052617
-0.061112
-0.093231
-0.14336
-0.18952
-0.22128
-0.23593
-0.23822
-0.23396
-0.22914
-0.23335
-0.23703
-0.23692
-0.22764
-0.25888
-0.30106
-0.24382
-0.15521
-0.12474
-0.14185
-0.16927
-0.17513
-0.17682
-0.17916
-0.17575
-0.18504
-0.19897
-0.19373
-0.18633
-0.1944
-0.20553
-0.20415
-0.1762
-0.13198
-0.099547
-0.076582
-0.044876
-0.016168
-0.0073132
0.0048151
0.036506
0.056046
0.065068
0.10382
0.17628
0.23116
0.24039
0.41328
0.69725
0.67833
0.42038
0.25808
0.24357
0.29449
0.31267
0.27018
0.21804
0.18065
0.13595
0.09517
0.076696
0.08528
0.12228
0.14979
0.16012
0.17294
0.16672
0.14029
0.11779
0.10042
0.078205
0.0658
0.074773
0.086288
0.085843
0.077283
0.063679
0.045136
0.024969
-0.0064343
-0.043442
-0.056412
-0.056404
-0.064356
-0.087445
-0.13342
-0.18987
-0.23586
-0.25028
-0.24438
-0.24856
-0.24945
-0.23806
-0.23521
-0.2366
-0.21989
-0.19641
-0.17247
-0.14047
-0.11645
-0.094052
-0.05752
-0.041507
-0.064561
-0.11332
-0.16979
-0.19888
-0.19512
-0.18245
-0.17754
-0.18443
-0.1935
-0.19892
-0.20441
-0.20856
-0.21629
-0.21899
-0.20086
-0.15478
-0.11305
-0.099523
-0.083329
-0.053388
-0.023391
-0.005524
0.002173
0.01815
0.16501
0.39604
0.45999
0.3602
0.28915
0.27575
0.2742
0.27276
0.26649
0.24918
0.26304
0.29516
0.30167
0.27448
0.22672
0.18523
0.15738
0.13013
0.10688
0.099041
0.11053
0.13278
0.15085
0.15618
0.14849
0.13839
0.13238
0.12594
0.11472
0.10065
0.090351
0.088571
0.090053
0.084593
0.072847
0.0548
0.027411
0.0044931
-0.011439
-0.035092
-0.057964
-0.067771
-0.074571
-0.096873
-0.14596
-0.19912
-0.23172
-0.24542
-0.2428
-0.22974
-0.22824
-0.23249
-0.22328
-0.21621
-0.21741
-0.20716
-0.17965
-0.15597
-0.13434
-0.09478
-0.058899
-0.054377
-0.082237
-0.13382
-0.17758
-0.19214
-0.18472
-0.16173
-0.14538
-0.14464
-0.14841
-0.15691
-0.16231
-0.1688
-0.17549
-0.18011
-0.1775
-0.14924
-0.10389
-0.072355
-0.046431
-0.017846
0.0017974
0.011096
0.023427
0.04391
0.061672
0.069659
0.23741
0.50972
0.55976
0.39502
0.26902
0.22188
0.2082
0.20055
0.22427
0.27089
0.29175
0.2771
0.242
0.19402
0.15145
0.12017
0.092579
0.087558
0.12082
0.16592
0.19796
0.22216
0.23238
0.21698
0.19672
0.17782
0.15208
0.12399
0.098767
0.090748
0.099392
0.10687
0.099307
0.068
0.031716
0.013905
-0.0079571
-0.051558
-0.086371
-0.10627
-0.13489
-0.16985
-0.19764
-0.2219
-0.23553
-0.23772
-0.24339
-0.2446
-0.23967
-0.25158
-0.26478
-0.25215
-0.23092
-0.20787
-0.17971
-0.16812
-0.17539
-0.17525
-0.15974
-0.14002
-0.13671
-0.16153
-0.19164
-0.19544
-0.1728
-0.147
-0.14022
-0.15544
-0.16263
-0.14075
-0.11311
-0.093892
-0.076683
-0.062269
-0.040427
-0.011773
-0.0034622
-0.0078343
-0.00054425
0.0084309
0.010288
0.022327
0.046989
0.054234
0.040278
0.045856
0.2128
0.4741
0.52222
0.3658
0.24367
0.19971
0.21309
0.25496
0.27958
0.2691
0.23376
0.19302
0.16835
0.15335
0.13744
0.1277
0.11787
0.10187
0.098485
0.11943
0.13801
0.14247
0.15032
0.1567
0.15209
0.14207
0.1297
0.11979
0.10836
0.087364
0.077428
0.072743
0.036804
-0.0087278
-0.034487
-0.053995
-0.071216
-0.077583
-0.08706
-0.11651
-0.15247
-0.19069
-0.22013
-0.21839
-0.20501
-0.20139
-0.19644
-0.18922
-0.19518
-0.22253
-0.24576
-0.23239
-0.20502
-0.19152
-0.18274
-0.17421
-0.17757
-0.18093
-0.15609
-0.12689
-0.12089
-0.12418
-0.14473
-0.17486
-0.17438
-0.15604
-0.15035
-0.14266
-0.12699
-0.094045
-0.053582
-0.038494
-0.040428
-0.040291
-0.030022
-0.0059903
0.02495
0.05258
0.064446
0.059527
0.049203
0.045334
0.062029
0.088693
0.13612
0.20432
0.24011
0.24248
0.24325
0.24351
0.24754
0.25859
0.25841
0.25265
0.26368
0.26474
0.23394
0.20579
0.19323
0.1733
0.15782
0.15009
0.12225
0.095949
0.090726
0.091499
0.093779
0.090427
0.079585
0.086013
0.10547
0.10769
0.097731
0.079959
0.061422
0.053756
0.042721
0.024098
0.0022999
-0.022101
-0.036973
-0.040097
-0.037724
-0.0903
-0.20375
-0.2594
-0.24859
-0.22954
-0.19606
-0.15331
-0.12289
-0.10666
-0.11415
-0.1387
-0.15187
-0.16484
-0.17793
-0.17103
-0.1595
-0.14884
-0.13518
-0.13764
-0.15229
-0.16197
-0.16362
-0.13905
-0.096628
-0.080879
-0.090854
-0.12127
-0.16147
-0.17621
-0.1669
-0.1519
-0.10513
-0.030745
0.018266
0.029611
0.021851
0.0059338
0.00056428
0.0071933
0.01218
0.018326
0.024503
0.028776
0.061789
0.12329
0.12092
0.072998
0.082239
0.14056
0.18662
0.20586
0.20389
0.19587
0.20576
0.22485
0.2416
0.25748
0.25705
0.23802
0.21463
0.18895
0.16566
0.156
0.154
0.14153
0.11887
0.095777
0.077137
0.065958
0.049943
0.034066
0.030576
0.03137
0.034577
0.042084
0.04664
0.048262
0.037638
0.010124
-0.01218
-0.021698
-0.029623
-0.039146
-0.050837
-0.063517
-0.069271
-0.06384
-0.053953
-0.050699
-0.057583
-0.19394
-0.41658
-0.41874
-0.23055
-0.084248
-0.029666
-0.042391
-0.075888
-0.089942
-0.092983
-0.11621
-0.13457
-0.13001
-0.1297
-0.13346
-0.13611
-0.15127
-0.15933
-0.14032
-0.10327
-0.076338
-0.088168
-0.11094
-0.11573
-0.12893
-0.14379
-0.12078
-0.053928
0.027728
0.097691
0.10643
0.075492
0.060062
0.047686
0.03252
0.021297
0.0083672
-0.0035395
-0.0098257
-0.0040451
0.016702
0.051102
0.074657
0.074531
0.10621
0.17755
0.20223
0.17958
0.16104
0.15924
0.17629
0.20148
0.21463
0.20267
0.1822
0.16877
0.15683
0.14338
0.1264
0.11081
0.086393
0.054653
0.048402
0.055821
0.045299
0.018265
-0.02011
-0.053987
-0.064483
-0.051227
-0.017492
0.019726
0.026398
-0.0061342
-0.037703
-0.054444
-0.069098
-0.079314
-0.092686
-0.099155
-0.084891
-0.071967
-0.070403
-0.069108
-0.1546
-0.3224
-0.35976
-0.25341
-0.13081
-0.027191
0.034256
0.041891
0.013425
-0.016897
-0.034482
-0.051348
-0.067647
-0.071119
-0.068501
-0.067529
-0.07087
-0.089282
-0.1229
-0.15119
-0.13499
-0.068987
-0.0039302
0.016168
-0.019767
-0.096059
-0.17243
-0.18754
-0.13452
-0.044834
0.054393
0.10824
0.092632
0.046442
0.015739
0.011909
0.023624
0.035921
0.033127
0.021033
0.016852
0.020684
0.029579
0.04071
0.042301
0.036503
0.053136
0.097936
0.13428
0.14114
0.13272
0.12939
0.1353
0.13874
0.14705
0.16313
0.16228
0.14437
0.12813
0.1208
0.12071
0.11976
0.10268
0.065
0.036951
0.034267
0.029489
-0.003847
-0.055406
-0.090404
-0.094133
-0.078414
-0.047821
-0.0138
-0.011487
-0.035414
-0.057691
-0.071754
-0.077806
-0.080195
-0.078928
-0.077797
-0.074627
-0.066842
-0.062626
-0.062003
-0.076365
-0.11145
-0.14525
-0.15229
-0.14528
-0.15843
-0.15963
-0.11786
-0.059893
0.0076293
0.10597
0.17458
0.12635
0.024087
-0.031215
-0.048611
-0.064916
-0.073782
-0.093948
-0.14069
-0.13592
-0.059166
0.0036105
0.023512
0.0029655
-0.060935
-0.12496
-0.14124
-0.096923
-0.0059226
0.085598
0.11626
0.078753
0.022163
-0.0044305
0.011593
0.035597
0.03395
0.026458
0.03175
0.041839
0.047198
0.054555
0.066415
0.070396
0.065766
0.062014
0.070339
0.092018
0.10338
0.10288
0.10785
0.12262
0.13605
0.14248
0.14404
0.13586
0.1194
0.10812
0.10471
0.10062
0.09987
0.087283
0.043542
0.012903
0.021351
0.022299
-0.020935
-0.092107
-0.16157
-0.19719
-0.1668
-0.09186
-0.029283
-0.017788
-0.053316
-0.093797
-0.11328
-0.11546
-0.10595
-0.093627
-0.078569
-0.061705
-0.060133
-0.071663
-0.078062
-0.086875
-0.1042
-0.18303
-0.28465
-0.21703
-0.02296
0.12254
0.17924
0.16974
0.13854
0.11914
0.10301
0.070212
0.028687
-0.0014301
-0.019519
-0.032572
-0.037673
-0.069868
-0.12658
-0.11553
-0.034051
0.034108
0.06066
0.036326
-0.035974
-0.11186
-0.13721
-0.07619
0.035952
0.13861
0.1839
0.14637
0.063505
0.017491
0.025589
0.043007
0.050986
0.049274
0.043919
0.045516
0.052616
0.065505
0.076706
0.075276
0.064836
0.046058
0.0071869
-0.050367
-0.089987
-0.063351
0.010786
0.062207
0.068403
0.066903
0.072291
0.083767
0.10031
0.1015
0.09252
0.09141
0.090588
0.085205
0.077678
0.071321
0.067122
0.04938
0.012166
-0.011571
-0.0063039
-0.0090616
-0.053114
-0.12849
-0.20291
-0.23401
-0.19969
-0.12815
-0.070463
-0.064113
-0.096958
-0.1167
-0.12048
-0.11622
-0.10117
-0.09319
-0.084911
-0.069013
-0.1067
-0.1927
-0.21099
-0.15995
-0.11402
-0.095164
-0.087507
-0.050838
0.02183
0.10025
0.15429
0.17036
0.16892
0.16812
0.1577
0.1353
0.098618
0.055856
0.020573
-0.008205
-0.018557
-0.016239
-0.050043
-0.11075
-0.10954
-0.028037
0.057768
0.085706
0.051747
-0.021335
-0.093734
-0.10641
-0.047353
0.060956
0.16139
0.1978
0.14983
0.055713
-0.010784
-0.0051238
0.042597
0.072124
0.06102
0.036444
0.032636
0.048166
0.055806
0.049099
0.045108
0.038561
0.031786
0.025199
-0.011552
-0.076275
-0.10131
-0.067048
-0.012534
0.01633
0.010027
0.0033107
0.019997
0.044345
0.057642
0.060552
0.056895
0.051329
0.044092
0.035119
0.031269
0.032401
0.012508
-0.031402
-0.055082
-0.043885
-0.039282
-0.086876
-0.17519
-0.24371
-0.24774
-0.21108
-0.16324
-0.13158
-0.13372
-0.13531
-0.11881
-0.10954
-0.10696
-0.10301
-0.10462
-0.10144
-0.086046
-0.072809
-0.065573
-0.064687
-0.077594
-0.095058
-0.10011
-0.094159
-0.089021
-0.083512
-0.059957
-0.0027245
0.075347
0.16226
0.22574
0.22976
0.20971
0.20055
0.19597
0.18616
0.16801
0.13719
0.094819
0.05599
0.033529
0.020274
-0.01304
-0.068603
-0.078193
-0.010017
0.065494
0.091406
0.07006
0.029836
-0.0041148
-0.021493
-0.012689
0.028649
0.080408
0.10323
0.097565
0.073341
0.048787
0.04625
0.055032
0.060695
0.066177
0.066104
0.060961
0.046424
0.029714
0.030353
0.046051
0.063144
0.06773
0.038807
-0.054891
-0.13239
-0.10614
-0.032041
0.018999
0.041159
0.038085
0.022922
0.013939
0.013097
0.014012
0.010803
0.01011
0.01945
0.026103
0.021106
0.0096578
0.0038873
-0.013917
-0.044389
-0.054354
-0.054893
-0.075389
-0.13411
-0.20853
-0.26365
-0.28331
-0.25477
-0.19355
-0.13089
-0.10541
-0.12689
-0.15504
-0.17023
-0.17058
-0.1444
-0.10812
-0.083828
-0.068024
-0.05932
-0.066836
-0.086949
-0.097456
-0.087841
-0.076974
-0.078268
-0.069483
-0.045773
-0.013557
0.049888
0.13552
0.21052
0.25905
0.26761
0.24911
0.2379
0.23434
0.22887
0.22097
0.18235
0.11977
0.081682
0.078653
0.076302
0.030393
-0.044572
-0.064044
0.0084056
0.098568
0.12943
0.096341
0.03291
-0.013429
-0.023623
-0.00406
0.056696
0.12251
0.14612
0.12515
0.079694
0.052963
0.053313
0.062197
0.069654
0.067779
0.062055
0.055844
0.048553
0.044062
0.048794
0.061538
0.068859
0.0682
0.036994
-0.061549
-0.15007
-0.13939
-0.073594
-0.022477
-0.0023278
-0.01272
-0.028517
-0.025588
-0.016005
-0.022105
-0.037705
-0.037382
-0.02534
-0.021139
-0.019139
-0.022185
-0.027863
-0.04764
-0.088759
-0.10617
-0.10322
-0.12278
-0.1732
-0.23721
-0.28508
-0.30781
-0.28253
-0.21252
-0.15496
-0.13619
-0.14367
-0.15798
-0.16941
-0.17607
-0.16292
-0.12648
-0.09403
-0.080229
-0.070795
-0.061418
-0.064265
-0.073572
-0.071459
-0.060229
-0.041408
-0.015246
-0.001387
0.017207
0.071789
0.15276
0.237
0.29834
0.31562
0.29778
0.26947
0.25754
0.26669
0.25816
0.21245
0.15034
0.098231
0.080132
0.086037
0.059934
-0.0015848
-0.012783
0.05355
0.13636
0.16811
0.12942
0.054882
0.0021878
0.0071226
0.043005
0.080793
0.098064
0.071907
0.052399
0.063893
0.065531
0.064477
0.07081
0.072558
0.067127
0.061349
0.061276
0.053191
0.03591
0.025488
0.038126
0.069579
0.081667
0.04103
-0.05686
-0.14737
-0.15608
-0.11497
-0.077253
-0.067933
-0.070702
-0.068527
-0.069909
-0.077245
-0.084942
-0.078994
-0.074769
-0.081221
-0.080597
-0.068553
-0.061653
-0.078719
-0.10849
-0.13047
-0.13055
-0.12383
-0.14878
-0.19427
-0.24701
-0.31081
-0.34402
-0.31169
-0.23865
-0.17609
-0.14777
-0.15228
-0.17445
-0.19066
-0.18434
-0.14931
-0.1071
-0.086918
-0.081047
-0.076274
-0.075273
-0.067259
-0.052042
-0.034634
-0.017003
-0.006824
0.0095829
0.035914
0.066691
0.1273
0.22302
0.30298
0.33059
0.32276
0.29787
0.27258
0.26404
0.27209
0.28459
0.26413
0.19511
0.12948
0.099004
0.098093
0.084125
0.019202
-0.015864
0.039723
0.12473
0.16913
0.16341
0.12514
0.085793
0.074059
0.092645
0.10875
0.09488
0.056115
0.031551
0.058071
0.11248
0.13548
0.11241
0.069768
0.048491
0.057313
0.058188
0.037009
0.025702
0.031781
0.032046
0.029901
0.0303
0.0060714
-0.060544
-0.12418
-0.13102
-0.12547
-0.11543
-0.10162
-0.10712
-0.10779
-0.099268
-0.10752
-0.11617
-0.11143
-0.10799
-0.10688
-0.10742
-0.11007
-0.10939
-0.10629
-0.11671
-0.14088
-0.15034
-0.14826
-0.1671
-0.20611
-0.25264
-0.30026
-0.3287
-0.3115
-0.24671
-0.17321
-0.13813
-0.14885
-0.17642
-0.18899
-0.16736
-0.12567
-0.094705
-0.08791
-0.097375
-0.099562
-0.086104
-0.063445
-0.036578
-0.014115
-0.002595
0.010649
0.035959
0.065041
0.0965
0.15217
0.24203
0.32558
0.3586
0.35122
0.32818
0.30162
0.28836
0.27874
0.27051
0.27078
0.24899
0.20159
0.1605
0.13019
0.091521
0.036352
0.017527
0.082138
0.16769
0.19992
0.17373
0.11914
0.072111
0.066444
0.10103
0.14011
0.15015
0.11861
0.084852
0.076384
0.081324
0.076683
0.059987
0.055175
0.06372
0.06703
0.063887
0.060635
0.052638
0.039483
0.033923
0.039871
0.03778
0.0032029
-0.079678
-0.16335
-0.17888
-0.14706
-0.12613
-0.12409
-0.1301
-0.13777
-0.13473
-0.12944
-0.14074
-0.15197
-0.14765
-0.14196
-0.13406
-0.11958
-0.12362
-0.1368
-0.14082
-0.16149
-0.17681
-0.16426
-0.17101
-0.21229
-0.25992
-0.29497
-0.31901
-0.31887
-0.27259
-0.20176
-0.15913
-0.16117
-0.18286
-0.18532
-0.15684
-0.11654
-0.08183
-0.066182
-0.072141
-0.082407
-0.081589
-0.077328
-0.062627
-0.024042
0.017681
0.052492
0.084248
0.10604
0.12602
0.17147
0.24336
0.31076
0.35323
0.36309
0.34114
0.31194
0.29793
0.2938
0.28502
0.25649
0.22236
0.1982
0.16702
0.14177
0.1216
0.079312
0.0537
0.097589
0.16763
0.19791
0.17926
0.13886
0.11228
0.11816
0.13391
0.13682
0.11633
0.078804
0.065811
0.085182
0.10555
0.10826
0.095309
0.073015
0.050694
0.044308
0.054256
0.064601
0.061009
0.045011
0.030739
0.025402
0.02527
-0.0025298
-0.075481
-0.14562
-0.13054
-0.058198
-0.015794
-0.024642
-0.052776
-0.070836
-0.067728
-0.052554
-0.056155
-0.077808
-0.084709
-0.07351
-0.054795
-0.032337
-0.016629
-0.014452
-0.023953
-0.039938
-0.054891
-0.058824
-0.044185
-0.029681
-0.029879
-0.031052
-0.02767
-0.023127
-0.018286
-0.016328
-0.014364
-0.014449
-0.018704
-0.017957
-0.018307
-0.023276
-0.021026
-0.01573
-0.011949
-0.014296
-0.025876
-0.034648
-0.036444
-0.02935
-0.01444
-0.0058492
-0.0078079
-0.010671
-0.012665
-0.01585
-0.020663
-0.027798
-0.031752
-0.026305
-0.019058
-0.019944
-0.021028
-0.018161
-0.015538
-0.012527
-0.012578
-0.015529
-0.014953
-0.016777
-0.024764
-0.029349
-0.024578
-0.016993
-0.017788
-0.020855
-0.020582
-0.016668
-0.010734
-0.012101
-0.012794
-0.0082287
-0.014754
-0.021412
-0.013433
-0.0064166
-0.0041236
-0.0037469
-0.0056131
-0.013463
-0.019681
-0.0092675
0.00050104
-0.0039756
-0.0089885
-0.0086
-0.0098351
-0.013366
-0.015444
-0.014244
-0.0089118
-0.0039415
-0.0020881
-0.0008244
-0.0007294
-0.00056615
0.00041304
-0.001277
-0.0056254
-0.0078885
-0.0032167
0.005284
0.010416
0.0083793
0.0063263
0.0092788
0.010131
0.0075539
0.0022305
-0.0028963
-0.0033038
-0.00068636
0.001975
0.0016929
3.1107e-05
-0.0014838
-0.00039845
-0.0001114
-0.0054645
-0.0070329
-0.0029494
-0.0016962
-0.0031682
-0.0063677
-0.010654
-0.0091323
-0.006229
-0.0068479
-0.0058134
-0.0027775
-0.00039676
0.00063295
0.0021308
-0.00031176
-0.0037368
-0.0024296
-0.0042822
-0.0050514
0.00097429
0.0032947
-0.0047485
-0.018421
-0.02818
-0.030964
-0.027665
-0.015449
-0.0053772
-0.0053021
-0.0086002
-0.015192
-0.021534
-0.02232
-0.017672
-0.011978
-0.0092302
-0.0084622
-0.01214
-0.015813
-0.013951
-0.010969
-0.0033444
0.00081453
-0.0077068
-0.010665
-0.0038047
0.00073948
-0.0021499
-0.0080356
-0.005205
0.0036747
0.0064701
-0.0012437
-0.00443
2.648e-05
-0.0033071
-0.003181
0.0011507
-0.0021605
-0.0053513
-0.0084118
-0.0079412
-0.0023937
-0.0039246
-0.0099531
-0.0094313
-0.00314
-0.0015981
-0.0002793
0.0055684
0.0058844
0.0046204
0.006963
0.0088513
0.010124
0.0078302
0.0053719
0.0043008
-0.001141
-0.0018501
0.0060161
0.010425
0.0054705
-0.0022005
-0.0028573
0.00025999
0.00089547
0.00053469
0.00013321
-4.5692e-05
-0.0016864
-0.0011217
0.001297
-0.0004703
-0.0028622
-0.0023971
-0.00029133
0.0018149
0.0021019
0.00014192
-0.0012459
-0.0008719
-0.00027068
3.8402e-05
9.4077e-05
5.3439e-05
1.212e-05
-5.3527e-06
-6.6504e-06
-3.112e-06
-4.1004e-07
5.1015e-07
4.4581e-07
1.7042e-07
-0.002655
-0.004437
0.00034783
0.0021645
-0.0023214
-0.0039454
-0.0039126
-0.0045127
-0.0038809
-0.0038898
-0.00325
-0.0012008
1.4624e-05
0.00031313
-0.0034307
-0.0096554
-0.0092507
-0.0037715
-0.00019639
0.001633
0.0027715
0.002261
0.00081784
-2.1753e-05
-0.0010343
-0.0059564
-0.007378
0.001821
0.0038976
-0.0014863
0.0016617
0.0051334
-0.00061783
-0.0053534
0.00020706
0.00149
-0.0035108
9.8285e-05
0.0054113
0.00077574
-0.0044908
0.00043655
0.005073
-0.00035267
-0.0051643
-0.0060119
-0.0053659
0.00055117
0.0043551
0.0064332
0.0068691
0.0029866
0.0002707
-0.00057195
-0.00045212
-0.00015908
7.3345e-06
4.5069e-05
0.0026561
0.0043972
-0.0003461
-0.003967
-0.0025744
0.0018986
0.0071733
0.0085595
0.0047082
-0.0014109
-0.006351
-0.0065291
0.00066116
0.0029076
-0.00083664
-0.0012949
-0.00065784
-0.00011473
-0.00072849
0.0013415
0.0037024
-0.00047256
-0.0038684
-0.0032937
-0.0012343
0.0042547
0.0057818
0.0035813
0.0025324
-0.00079357
-0.0027612
-0.0024707
0.0006289
0.0034526
0.00056917
-0.0012599
0.0014191
0.0028594
-2.8644e-05
-0.0049407
-0.0059191
-0.000115
0.0019972
-0.0020965
-0.0041706
-0.0036712
-0.0037772
-0.0059967
-0.0056745
-0.0017129
0.00086435
0.001012
0.00022261
-0.00092629
0.0015813
0.0038954
-4.3748e-05
-0.0022105
-0.00065134
0.0017015
0.0054878
0.00059442
-0.011433
-0.011354
-0.0024909
0.0017733
0.0018176
0.00077214
5.9545e-05
-0.00015492
-0.00011896
-4.0718e-05
2.7025e-06
1.2084e-05
-0.00057175
-0.0046446
-0.0060728
0.0013551
0.0061213
0.0037658
0.00098246
-0.00029103
-0.00044325
-0.00022402
0.0015354
0.0026569
-0.00017552
-0.0031823
-0.0029136
-0.00032906
0.0013372
0.00098044
0.00032045
-0.00085559
9.1873e-05
0.0052524
0.0053358
-0.001892
-0.0051951
-0.0030085
-0.0007079
0.0018525
0.0055681
0.0084269
0.0083955
0.00092794
-0.009776
-0.010934
-0.0048693
-0.0005092
0.00088672
0.0014647
0.00067185
-0.0014819
-0.0010749
0.00047802
0.00059203
0.00027654
3.6034e-05
-0.001445
-0.0023784
0.0043026
0.011584
0.0045519
-0.0071375
-0.0079299
0.00035609
0.0047145
-0.0010533
-0.004371
-0.0026666
-0.0015123
0.00048369
0.00070609
-0.0004743
0.0028942
0.0054511
0.0003643
-0.0021372
0.0015897
0.00077766
-0.0022623
-0.00088725
-0.00075357
-0.0018377
-0.0010428
-0.0010631
0.00027924
0.0028358
0.0011057
-0.001527
-0.0013032
-0.00048946
4.3837e-07
-0.0020291
-0.0035119
0.00030644
0.0032464
0.0021018
0.00059115
0.0014174
0.0023499
0.0012202
0.0017758
0.00088271
-0.0014051
0.00038414
0.0021613
-0.00019565
-0.0037709
-0.0040271
-0.0017507
-0.00015885
0.0018825
0.0028475
-0.00010934
-0.00079263
0.0025894
0.0019357
-0.0024436
-0.0046702
-0.0019682
0.0014011
-0.0026473
-0.0060482
-0.00068629
0.004434
0.0055242
0.0032992
-0.00083959
0.00014671
0.0035142
-0.00092652
-0.0071235
-0.0020127
0.0045237
0.0035442
0.0019465
-0.00041978
-0.0030188
-0.0019212
0.0017211
0.0024685
-0.001022
-0.0013099
0.001626
0.0058563
0.0065285
-0.0023552
-0.010306
-0.0080239
0.00057918
0.0034026
-0.0019237
-0.0056712
0.0019451
0.009973
0.0041742
-0.0027388
-0.0020594
0.0016776
0.0031809
0.00017616
-0.0022184
1.3116e-06
-0.0019631
-0.0069048
0.002108
0.012478
0.0056462
-0.0030896
-0.00060109
0.0032728
-0.00054862
-0.0056206
-0.0076867
-0.0050472
-0.0017652
-0.0036424
-0.0016793
0.0007759
-0.0015723
-0.002235
-0.0034661
-0.0025963
0.0020569
0.0034316
0.0027508
0.0025098
0.0021119
0.001345
0.0003697
-9.1144e-05
-0.0016795
-0.0041532
-0.0023646
0.0016773
0.0024103
0.0020287
0.0015884
0.00055442
-2.8704e-05
-0.0001592
-9.9589e-05
-2.6672e-05
7.2267e-06
1.158e-05
5.9493e-06
-0.00083453
-0.0013972
0.0001087
0.0012614
0.00081912
-0.0021218
-0.0034275
-0.00036863
-6.3625e-05
4.9791e-05
0.0025264
0.0026422
0.0011357
9.5277e-05
0.0035224
0.0098316
0.004191
-0.0086761
-0.0091115
-0.0026912
