-6.5246e-05
-0.0004737
-0.00030059
-8.2891e-05
2.0656e-05
3.3465e-05
1.6504e-05
0.0016328
0.0027117
-0.00011234
-0.0022887
-0.001604
0.0010283
0.0027148
-5.9313e-05
-0.0023445
-0.001558
-0.0004538
8.8416e-05
0.00017647
9.7034e-05
0.00037189
0.00056434
-5.9772e-05
-0.00053052
-0.00034211
-9.1407e-05
0.0016572
0.0027561
-0.00019179
-0.0024486
-0.0015941
-0.00045282
9.8786e-05
0.00018052
9.631e-05
1.9031e-05
-1.1517e-05
-1.2528e-05
-5.4997e-06
-5.3104e-07
1.0317e-06
8.2538e-07
2.9408e-07
-1.1158e-08
-8.1591e-08
0.00035559
0.00058286
-4.3549e-05
0.0010931
0.0023668
4.2839e-05
-0.0018441
-0.0012418
-0.00036886
-0.00028026
-0.00044603
-0.00022941
-4.2745e-05
0.00038636
0.00061529
0.00032356
5.7541e-05
-0.00039011
-0.00062663
-0.00032228
0.00029796
0.00062782
0.00035444
0.0004335
0.0021956
0.0029826
-0.0005266
-0.0030951
-0.0019316
0.00074976
0.0022634
5.9038e-05
-0.0018043
-0.0015753
-0.00095147
0.00010948
0.00066307
0.00042391
0.00011298
-0.00037932
-0.00063232
-0.00032848
-6.1047e-05
4.1846e-05
0.00050262
0.00075584
0.001567
0.003662
0.0020607
-0.0027797
-0.004006
-0.0019872
-0.00032221
0.00028546
0.00063136
0.00069801
-4.0449e-05
-0.00055624
-0.00036277
0.0015227
0.002734
-0.00017164
-0.0024283
-0.0015854
-0.00045132
0.00045363
0.00076158
4.9918e-05
-0.00050528
-0.00035173
-0.00010822
1.5919e-05
3.8013e-05
2.1507e-05
0.00036019
0.000585
-4.6513e-05
-0.00053032
0.0012764
0.0026132
-0.00019112
-0.002057
-0.00061233
9.7955e-05
0.0011402
0.0023622
2.7295e-05
-0.0025497
-0.0020675
-0.00074336
2.2528e-05
0.00020271
0.00013032
3.6299e-05
-8.5264e-06
-1.4872e-05
-7.8324e-06
0.00035398
0.00058338
0.0003105
5.6631e-05
-0.0003864
-0.00027859
0.00062096
0.0004775
-0.00052809
-0.00048484
0.00016229
-0.00011903
0.0015039
0.0050119
0.0033237
-0.0026199
-0.0049008
-0.0029755
-0.0007626
0.00059304
0.00093175
0.00013116
-0.0004954
-1.7824e-05
0.00037378
-0.00019456
-0.00047498
0.00017723
0.00058588
7.6868e-07
-0.00015085
0.0018783
0.0029266
0.00022075
-0.002215
-0.0022405
-0.00095529
0.00064172
0.0010272
0.00052709
-0.00025585
-0.0009993
-0.00095376
-0.00038897
0.00033649
0.00066945
1.6285e-05
-0.00050953
-0.00034558
-0.00010392
1.7817e-05
3.8167e-05
2.1161e-05
4.5486e-06
-2.2852e-06
-2.6728e-06
-9.4123e-05
-0.00016346
0.00027664
0.00056937
6.1795e-05
-0.000352
-1.725e-06
0.00033624
-2.3058e-05
-0.00035117
-0.00023075
0.00028885
0.00059885
-1.9802e-05
-0.00051565
-0.00034094
0.0015264
0.0030962
0.00041079
-0.0024732
-0.0021129
-0.00088634
-0.00024635
4.8231e-05
0.00029647
0.00028164
0.00011542
-8.1019e-05
0.0018044
0.0031903
-0.00027877
-0.0025182
-0.001176
-0.00049805
-3.8891e-05
0.00080245
0.00053927
-0.00018525
-0.00026106
-0.00012733
-2.0861e-05
1.839e-05
1.8064e-05
7.1141e-06
0.00035443
0.00059292
0.00030756
5.526e-05
-0.00038548
-0.0010579
-0.0011382
-0.00050523
0.00049766
0.0011661
0.00055517
-0.00017617
8.9463e-05
0.00036691
0.00031566
-0.00022744
-0.0010194
-0.00054236
0.0003414
0.00036526
0.00015793
-0.00042125
-0.00042645
0.00026849
0.00028428
2.9639e-05
-0.00030638
-0.00047251
-0.00032773
-0.00026369
-0.00010902
8.2455e-05
8.8275e-05
3.3595e-05
-8.1185e-05
-0.00015442
0.00027251
0.0006584
0.00011046
-0.0001812
0.00045441
0.00070399
2.6053e-06
-0.00085559
-0.0006979
-0.00016269
-0.00061976
-0.0012681
-0.0011872
-0.0011588
-0.0029239
-0.0057725
-0.0054662
-0.0024864
-0.00091508
-0.0020517
-0.0034494
-0.0033635
-0.00052214
-0.00052967
-0.001912
-0.0014979
-0.0017093
-0.0044313
-0.0052171
-0.0042014
-0.0033095
-0.0014716
-0.0014106
-0.0034919
-0.0030958
-0.0020013
-0.0031337
-0.0001005
0.0049044
0.0024145
-0.010919
-0.034684
-0.048605
-0.033151
0.010366
0.076273
0.12176
0.10401
0.051522
0.021031
0.02097
0.03321
0.036865
0.030262
0.023307
0.02013
0.01776
0.011004
0.0037621
-3.9675e-05
-0.004006
-0.0078543
-0.010364
-0.010182
-0.0085372
-0.016161
-0.031954
-0.050016
-0.0563
-0.046559
-0.034564
-0.026539
-0.02092
-0.017091
-0.017511
-0.018525
-0.018082
-0.013403
-0.011648
-0.011702
-0.010703
-0.0083855
-0.011246
-0.040057
-0.078046
-0.086994
-0.054988
0.0015937
0.05762
0.095474
0.11309
0.11246
0.10673
0.1044
0.11444
0.11821
0.1135
0.10141
0.13508
0.16832
0.13748
0.062445
0.0064735
-0.03368
-0.062387
-0.071147
-0.069706
-0.10128
-0.17053
-0.20875
-0.20352
-0.16836
-0.1208
-0.077985
-0.022555
0.026904
0.053895
0.031663
0.001081
-0.024949
-0.035386
-0.027922
-0.018181
-0.011763
-0.014689
-0.019948
-0.019424
-0.027604
-0.047192
-0.03647
0.0086914
0.053448
0.065263
0.049032
0.022874
0.0033225
-0.0013029
0.006629
0.021287
0.037703
0.048883
0.04881
0.037747
0.022102
0.0097741
0.0063755
0.010628
0.020921
0.032581
0.033973
0.024392
0.013034
-0.0033038
-0.021883
-0.039245
-0.046687
-0.038243
-0.017936
-0.0053399
-0.0022273
-0.0062638
-0.0089226
-0.014741
-0.018328
-0.015702
-0.012394
-0.0095871
-0.0059891
-0.0087862
-0.042351
-0.10539
-0.084945
-0.0011941
0.073646
0.11577
0.13748
0.145
0.14721
0.1491
0.14904
0.14475
0.14205
0.14282
0.1375
0.11524
0.089957
0.068739
0.043364
0.015555
-0.0082276
-0.033524
-0.068282
-0.191
-0.36859
-0.36373
-0.20893
-0.093728
-0.018595
0.026817
0.029198
0.0067202
-0.031558
-0.059546
-0.064829
-0.054385
-0.039139
-0.030311
-0.034239
-0.037228
-0.032277
-0.030098
-0.037257
-0.039608
0.0070528
0.052803
0.049597
0.024824
0.004956
-0.001528
0.0027586
0.01231
0.025301
0.036168
0.04136
0.035551
0.019574
0.0084274
0.0063292
0.0084696
0.013972
0.020552
0.021921
0.017195
0.0077277
-0.0064938
-0.023739
-0.040103
-0.046541
-0.037418
-0.017375
0.0031248
0.020865
0.012693
0.0084589
0.00047584
-0.0061607
-0.010798
-0.014629
-0.022352
-0.032007
-0.063553
-0.083586
-0.07153
-0.034629
0.01914
0.071763
0.10795
0.12614
0.13204
0.13337
0.13836
0.13662
0.1336
0.12079
0.11593
0.11637
0.10475
0.079027
0.058256
0.044831
0.021234
-0.0073248
-0.032192
-0.059959
-0.098114
-0.12377
-0.12327
-0.11961
-0.13085
-0.14088
-0.1327
-0.099649
-0.05365
-0.0051485
0.023392
0.022178
-0.0053323
-0.038415
-0.049327
-0.040163
-0.025621
-0.01978
-0.024897
-0.029302
-0.023997
-0.015862
-0.017321
-0.033993
-0.046087
-0.042696
-0.021131
0.011796
0.044945
0.058175
0.051889
0.035374
0.021943
0.015542
0.01223
0.013559
0.02092
0.033381
0.045126
0.045583
0.032301
0.015411
0.0069643
0.0084843
0.014183
0.020653
0.024827
0.023536
0.015198
0.0042094
-0.028359
-0.07057
-0.064612
-0.028709
-0.0043269
0.0027241
0.00019427
-0.0045136
-0.0053965
-0.0021554
-0.0009415
-0.00036477
-0.0037312
-0.0099363
-0.023716
-0.050962
-0.078957
-0.089651
-0.064291
-0.017921
0.032236
0.073948
0.10316
0.114
0.11686
0.11976
0.13048
0.13628
0.13541
0.13022
0.12784
0.12084
0.098326
0.07536
0.060561
0.048831
-0.0087158
-0.117
-0.17648
-0.15329
-0.11945
-0.13061
-0.14588
-0.13568
-0.10109
-0.05736
-0.022254
-0.0033378
-0.0070982
-0.031823
-0.051232
-0.051896
-0.041251
-0.027862
-0.023068
-0.027732
-0.032924
-0.030868
-0.02687
-0.027458
-0.037616
-0.042834
-0.037945
-0.012129
0.023742
0.053737
0.062205
0.048722
0.027827
0.013668
0.010652
0.015402
0.022787
0.024455
0.037594
0.057599
0.052885
0.033503
0.023121
0.020589
0.017914
0.012409
0.0023187
-0.010298
-0.02744
-0.042409
-0.04324
-0.031536
-0.016087
-0.003187
0.0019286
0.0018516
-0.0017701
-0.0034772
-0.0033192
-0.00070774
0.0023358
0.0026766
0.0021255
0.00052931
-0.0033661
-0.012715
-0.030429
-0.068512
-0.082553
-0.063105
-0.018715
0.039434
0.08589
0.10755
0.11396
0.1164
0.21536
0.33596
0.32448
0.18982
0.076864
0.028208
0.020524
0.013149
-0.0028148
-0.020898
-0.048298
-0.096003
-0.13826
-0.13785
-0.122
-0.13267
-0.14326
-0.13227
-0.099442
-0.053928
-0.011456
0.0088207
0.0028032
-0.01676
-0.038894
-0.047681
-0.041222
-0.030314
-0.026299
-0.030417
-0.033493
-0.028731
-0.026029
-0.026761
-0.038203
-0.04659
-0.041563
-0.019596
0.040174
0.098921
0.094038
0.043996
0.010947
0.010324
0.023968
0.037589
0.041835
0.031785
0.01571
0.0051774
0.003729
0.010374
0.019348
0.023368
0.019654
0.010787
-0.0011933
-0.016215
-0.033664
-0.044299
-0.044131
-0.028599
-0.0078185
0.0075299
0.015091
0.013855
0.0040499
-0.0021938
-0.0032449
-0.002011
-0.00019034
-7.5614e-05
0.0017952
-0.0029655
-0.012128
-0.024348
-0.046912
-0.072173
-0.069958
-0.042551
-0.002569
0.041453
0.085513
0.11715
0.13176
0.23581
0.37524
0.36329
0.21912
0.1078
0.062188
0.054171
0.046723
0.025609
0.0014369
-0.025335
-0.066649
-0.11701
-0.14081
-0.11819
-0.097748
-0.11862
-0.14109
-0.13867
-0.10375
-0.055254
-0.0077681
0.021331
0.012659
-0.015553
-0.041177
-0.070727
-0.066571
-0.044971
-0.023951
-0.016324
-0.019583
-0.030505
-0.042465
-0.039459
-0.015964
0.018753
0.054896
0.069344
0.056473
0.033639
0.015882
0.01118
0.01278
0.018223
0.023899
0.031999
0.039914
0.041944
0.034712
0.025333
0.020659
0.01946
0.021599
0.024542
0.022749
0.016565
0.011826
-0.022999
-0.090621
-0.090694
-0.042884
-0.010974
-0.004459
-0.0095742
-0.014711
-0.01729
-0.010605
-0.0052155
-0.0054454
-0.00354
-0.003562
-0.0070524
-0.0156
-0.036468
-0.06613
-0.081768
-0.068724
-0.033094
0.011463
0.055237
0.089729
0.10858
0.1126
0.11388
0.11763
0.11233
0.10926
0.11774
0.12685
0.11463
0.089159
0.072411
0.059204
0.039599
0.018094
-0.0026697
-0.026242
-0.063793
-0.11313
-0.13819
-0.18314
-0.27418
-0.24416
-0.12042
-0.029511
0.0065135
-0.0042031
-0.030082
-0.049671
-0.053106
-0.041342
-0.029385
-0.023175
-0.022877
-0.025377
-0.020677
-0.012772
-0.018194
-0.032754
-0.044089
-0.035647
-0.0023409
0.042906
0.074617
0.08593
0.081013
0.06458
0.037131
0.016953
0.019178
0.034808
0.049191
0.051579
0.042685
0.033202
0.027334
0.023273
0.021969
0.021447
0.017853
0.013801
0.011211
0.012176
-0.0033157
-0.035058
-0.058719
-0.055354
-0.042121
-0.038353
-0.042276
-0.045687
-0.045437
-0.037732
-0.027272
-0.019675
-0.021546
-0.023678
-0.026095
-0.030007
-0.044087
-0.070868
-0.1042
-0.10394
-0.060534
0.0072462
0.070478
0.10907
0.12201
0.11024
0.091165
0.089947
0.10884
0.12674
0.13058
0.13315
0.13436
0.11894
0.093723
0.073335
0.059776
0.042443
0.015838
-0.0064052
-0.025562
-0.055059
-0.1596
-0.29343
-0.27095
-0.13889
-0.044702
-0.0080354
-0.0071513
-0.021602
-0.030068
-0.035071
-0.03143
-0.022167
-0.018197
-0.017341
-0.016233
-0.010618
-0.0052248
-0.0041908
-0.0136
-0.031606
-0.048324
-0.04188
-0.0055203
0.051003
0.098048
0.11042
0.091699
0.05615
0.026607
0.017872
0.030452
0.045449
0.051748
0.048496
0.039883
0.030429
0.023506
0.016191
0.020245
0.02705
0.021256
0.0054785
-0.0069734
-0.013917
-0.022987
-0.0407
-0.06478
-0.069991
-0.057017
-0.038905
-0.030733
-0.032846
-0.036556
-0.036708
-0.033362
-0.033336
-0.029873
-0.023596
-0.023109
-0.023481
-0.020272
-0.026218
-0.06707
-0.11695
-0.12114
-0.077616
-0.0070687
0.061853
0.10827
0.12117
0.11292
0.089346
0.07756
0.085191
0.10442
0.12519
0.13261
0.12467
0.11157
0.10978
0.10627
0.063574
-0.00035754
-0.054166
-0.098638
-0.12512
-0.11951
-0.10569
-0.11518
-0.12455
-0.11011
-0.078857
-0.043976
-0.021341
-0.021597
-0.031441
-0.035728
-0.037782
-0.035361
-0.031175
-0.027403
-0.023616
-0.019876
-0.012678
-0.0071635
-0.0085775
-0.026562
-0.046363
-0.05963
-0.050538
-0.0057511
0.050264
0.093354
0.098504
0.080566
0.046541
0.019893
0.01151
0.022417
0.03685
0.046951
0.048337
0.04303
0.043275
0.046567
0.041614
0.020999
0.0019525
-0.0052213
-0.0047343
-0.0085236
-0.013046
-0.01498
-0.032958
-0.060187
-0.070808
-0.06213
-0.04278
-0.026379
-0.023855
-0.033954
-0.043155
-0.04339
-0.029117
-0.018715
-0.014651
-0.014106
-0.017938
-0.018951
-0.027346
-0.066569
-0.099111
-0.097529
-0.058078
0.0051274
0.070695
0.1143
0.13065
0.11774
0.09475
0.090206
0.17958
0.30835
0.28342
0.15221
0.067602
0.025932
0.0019031
-0.0080933
-0.018569
-0.050958
-0.096113
-0.12845
-0.13634
-0.11505
-0.10485
-0.10553
-0.091356
-0.063029
-0.034823
-0.020264
-0.022453
-0.030947
-0.034995
-0.030054
-0.023451
-0.022921
-0.025107
-0.023497
-0.015499
-0.0069127
-0.00143
-0.005419
-0.020581
-0.035483
-0.044397
-0.032947
-1.1715e-05
0.048684
0.087681
0.10783
0.08891
0.057795
0.031663
0.021945
0.027487
0.042395
0.052999
0.050903
0.051894
0.054482
0.045113
0.029715
0.018884
0.0070993
-0.0057734
-0.01108
-0.0073523
0.0012251
0.0041524
-0.02282
-0.06429
-0.086536
-0.080566
-0.060216
-0.040118
-0.034035
-0.041162
-0.047567
-0.04284
-0.034865
-0.03102
-0.028182
-0.024216
-0.024439
-0.024674
-0.024339
-0.056029
-0.10095
-0.11106
-0.071374
-0.0033537
0.062189
0.10828
0.12434
0.11747
0.09724
0.089985
0.10041
0.1169
0.1325
0.13607
0.12929
0.11722
0.096608
0.075307
0.056265
0.037345
0.019577
-0.0013281
-0.02537
-0.055254
-0.096818
-0.1404
-0.16572
-0.15752
-0.13675
-0.12229
-0.098299
-0.067721
-0.042909
-0.033255
-0.033058
-0.037753
-0.043447
-0.040108
-0.03525
-0.03321
-0.030239
-0.023979
-0.01509
-0.010765
-0.0064924
-0.012006
-0.03186
-0.050411
-0.061509
-0.046251
-0.0015859
0.049128
0.08296
0.094359
0.073767
0.047012
0.025845
0.019948
0.030925
0.045856
0.048033
0.042224
0.03574
0.026229
0.019997
0.019828
0.022899
0.029819
0.028176
0.014142
-0.0024776
-0.0095478
-0.013802
-0.036271
-0.060483
-0.068536
-0.063247
-0.042975
-0.02054
-0.010099
-0.014381
-0.022798
-0.025639
-0.019606
-0.01126
-0.0072033
-0.0090111
-0.013181
-0.014945
-0.026648
-0.068193
-0.1002
-0.096706
-0.05444
0.0083668
0.074607
0.18744
0.30076
0.29121
0.18647
0.11852
0.097846
0.096181
0.091678
0.077007
0.055317
0.033374
0.013914
-0.004773
-0.026174
-0.0554
-0.091502
-0.13442
-0.17072
-0.16798
-0.14067
-0.12311
-0.095867
-0.0635
-0.040303
-0.040781
-0.071751
-0.070682
-0.042207
-0.019869
-0.0099886
-0.0081364
-0.011083
-0.012279
-0.01973
-0.034876
-0.047141
-0.031542
0.011655
0.072086
0.11209
0.12021
0.097503
0.063214
0.036798
0.029022
0.036292
0.0536
0.062673
0.055799
0.039955
0.027734
0.022602
0.024487
0.027779
0.026572
0.023824
0.016642
0.0065924
-0.0041303
-0.029069
-0.071723
-0.0812
-0.079839
-0.064617
-0.037356
-0.022515
-0.026879
-0.037858
-0.039251
-0.031542
-0.021707
-0.01427
-0.01048
-0.011393
-0.011462
-0.0226
-0.051696
-0.097877
-0.11118
-0.076638
-0.0054032
0.078425
0.19775
0.30774
0.28759
0.18004
0.11379
0.094997
0.088205
0.0774
0.066916
0.052468
0.031538
0.011892
-0.0073398
-0.031685
-0.063821
-0.10625
-0.14844
-0.17045
-0.15798
-0.13549
-0.11302
-0.083275
-0.051702
-0.033313
-0.046058
-0.046895
-0.032344
-0.022197
-0.01645
-0.01068
-0.0067828
-0.0067929
-0.013078
-0.021278
-0.039707
-0.052713
-0.041102
0.0032974
0.06214
0.10397
0.11468
0.099315
0.062159
0.033101
0.025769
0.036543
0.052135
0.059925
0.057468
0.046708
0.037725
0.033175
0.028173
0.022129
0.024571
0.033495
0.02915
0.010066
-0.01719
-0.044757
-0.083694
-0.098199
-0.088447
-0.069761
-0.046365
-0.031178
-0.03559
-0.048322
-0.046868
-0.027171
-0.010471
-0.0053483
-0.0064858
-0.0071633
-0.013593
-0.027474
-0.063406
-0.10709
-0.11901
-0.07904
-0.0056202
0.1292
0.26535
0.28315
0.1947
0.12174
0.09463
0.092756
0.088479
0.077196
0.06782
0.051055
0.0263
0.0056043
-0.011358
-0.029924
-0.063774
-0.11324
-0.15285
-0.17764
-0.18535
-0.15549
-0.11847
-0.089387
-0.065196
-0.046565
-0.038061
-0.044141
-0.063617
-0.052669
-0.026055
-0.011037
-0.0052816
-0.0068654
-0.012228
-0.024672
-0.037871
-0.051736
-0.038949
0.011618
0.074353
0.11678
0.12105
0.086707
0.048359
0.028657
0.025334
0.033819
0.0438
0.051545
0.053167
0.045894
0.035832
0.026068
0.020353
0.017559
0.017791
0.020632
0.019597
0.0067446
-0.018483
-0.045326
-0.076662
-0.088164
-0.073086
-0.048669
-0.022381
-0.0084961
-0.011898
-0.0207
-0.029431
-0.025731
-0.014179
-0.0046219
-0.00014972
-0.0011721
-0.0090485
-0.027206
-0.063838
-0.10137
-0.11405
-0.088173
-0.029788
0.044545
0.098449
0.11028
0.086715
0.066054
0.081004
0.18102
0.28862
0.25853
0.13521
0.047321
0.015235
0.0092979
-0.0039815
-0.029424
-0.056551
-0.087203
-0.12915
-0.17171
-0.1683
-0.12463
-0.095848
-0.076773
-0.049466
-0.025007
-0.011857
-0.0087893
-0.015588
-0.025399
-0.025431
-0.023931
-0.019322
-0.013805
-0.004586
-0.01619
-0.033507
-0.050678
-0.042438
-0.0011249
0.049154
0.081369
0.081507
0.057807
0.031541
0.014764
0.015991
0.026147
0.037163
0.043658
0.042905
0.036749
0.029703
0.023463
0.017766
0.017478
0.026268
0.0368
0.037913
0.028939
0.01748
0.0090865
-0.0012443
-0.017595
-0.038467
-0.046157
-0.037258
-0.0090238
0.013226
0.018272
0.012837
0.0078232
0.0032605
-0.00077802
-0.00075913
0.0027129
-0.0021525
-0.019372
-0.053109
-0.088987
-0.10048
-0.073026
-0.022078
0.03093
0.073971
0.10097
0.10638
0.10323
0.099209
0.10839
0.1103
0.11371
0.11084
0.10448
0.1011
0.086111
0.070514
0.041245
-0.016064
-0.087685
-0.14127
-0.17795
-0.19247
-0.17426
-0.15211
-0.12606
-0.094751
-0.061841
-0.030844
-0.018767
-0.02648
-0.038444
-0.046328
-0.052477
-0.048648
-0.038763
-0.028524
-0.029395
-0.033286
-0.030659
-0.034267
-0.02989
-0.037646
-0.046869
-0.041417
-0.011778
0.021369
0.051388
0.065016
0.049901
0.036949
0.037101
0.045259
0.040467
0.037132
0.031002
0.01885
0.0080032
0.007753
0.017183
0.02674
0.026477
0.018935
0.011999
0.0015242
-0.018928
-0.03807
-0.048486
-0.047394
-0.035692
-0.016116
0.0061919
0.024556
0.028609
0.02197
0.012931
0.01205
0.020064
0.02664
0.025088
0.016741
0.0045822
-0.0038554
-0.014702
-0.050233
-0.082716
-0.088748
-0.06424
-0.017077
0.041517
0.09278
0.11351
0.098247
0.078643
0.077411
0.11048
0.15157
0.21946
0.27286
0.22091
0.10025
0.022071
-0.016896
-0.038003
-0.055353
-0.083419
-0.12591
-0.16434
-0.17187
-0.15176
-0.14069
-0.12077
-0.088151
-0.046143
-0.0098294
-0.002839
-0.015118
-0.03281
-0.046741
-0.048071
-0.038855
-0.027941
-0.026406
-0.031878
-0.037073
-0.033815
-0.027993
-0.023041
-0.035591
-0.048107
-0.051764
-0.023535
0.032745
0.078335
0.086757
0.065573
0.031222
0.0078437
0.003563
0.010753
0.018798
0.023672
0.030184
0.038585
0.040636
0.030829
0.018279
0.024608
0.044258
0.042958
0.025335
0.0082796
-0.013344
-0.034791
-0.048238
-0.046957
-0.032725
-0.014653
0.0041547
0.019644
0.022468
0.015047
0.0070772
0.0016493
0.0022795
0.0071099
0.010117
0.0062099
0.0013702
-0.0067815
-0.019239
-0.046359
-0.075572
-0.088762
-0.072971
-0.026171
0.037447
0.08927
0.11332
0.11528
0.10648
0.09528
0.10243
0.12764
0.13733
0.12557
0.11447
0.10782
0.092535
0.072334
0.063718
0.056065
0.033362
0.0041955
-0.023512
-0.15171
-0.35027
-0.35967
-0.21445
-0.090778
-0.026937
-0.0012033
-0.0051897
-0.023859
-0.039475
-0.046529
-0.039545
-0.034105
-0.0276
-0.023827
-0.032548
-0.036959
-0.029449
-0.024882
-0.024456
-0.035793
-0.051687
-0.048846
-0.010489
0.035654
0.063173
0.068575
0.053697
0.03011
0.013136
0.0089773
0.01517
0.021149
0.025566
0.031551
0.037198
0.038249
0.030496
0.019816
0.015152
0.015682
0.024468
0.030048
0.0052796
-0.03565
-0.056287
-0.050857
-0.034814
-0.016066
0.0062651
0.021011
0.026237
0.028443
0.024269
0.018608
0.013502
0.0086319
0.0083648
0.0090527
0.0096112
0.0075698
-0.0030496
-0.027032
-0.061739
-0.078664
-0.058534
-0.014341
0.03809
0.084462
0.11007
0.11045
0.098658
0.094858
0.10876
0.1284
0.12994
0.1076
0.089946
0.081573
0.070239
0.060767
0.053478
0.041349
0.021833
-0.00058713
-0.11054
-0.28395
-0.3238
-0.23305
-0.14404
-0.083835
-0.044759
-0.010354
0.0012191
-0.012238
-0.03092
-0.047536
-0.050522
-0.043118
-0.032896
-0.024886
-0.021297
-0.027033
-0.035087
-0.034538
-0.031548
-0.036336
-0.041004
-0.040314
-0.022485
0.015783
0.052016
0.071834
0.062591
0.035516
0.012649
0.0053518
0.011214
0.017832
0.024307
0.034282
0.042861
0.043562
0.029533
0.013511
0.0078088
0.0092541
0.013822
0.021065
0.027242
0.026923
-0.0022491
-0.048533
-0.064941
-0.045166
-0.015806
0.0049751
0.013539
0.010819
0.0041112
-0.0011282
-0.0019569
6.7454e-05
0.00011615
-0.0014288
-0.0020581
-0.0025984
-0.0075265
-0.021467
-0.053696
-0.085169
-0.09768
-0.069207
-0.018345
0.038723
0.08315
0.10677
0.11138
0.10913
0.10884
0.10673
0.12535
0.12755
0.12834
0.12171
0.10851
0.091168
0.077213
0.066771
0.05206
0.029094
0.0041312
-0.12193
-0.31866
-0.35344
-0.23793
-0.13723
-0.076091
-0.042001
-0.026698
-0.018207
-0.028791
-0.041051
-0.049478
-0.048629
-0.036961
-0.028213
-0.025942
-0.032178
-0.039519
-0.038675
-0.027944
-0.017803
-0.022868
-0.037375
-0.038458
-0.010134
0.027943
0.052545
0.061062
0.051439
0.026683
0.010027
0.0069491
0.012967
0.019594
0.024385
0.033402
0.040079
0.035877
0.025475
0.016162
0.010845
0.010722
0.01723
0.026587
0.031595
0.028684
-0.0078268
-0.065018
-0.075747
-0.040763
-0.0081138
0.011432
0.02069
0.02096
0.011809
-0.0014095
-0.0057871
-0.0010948
0.0016017
0.00058019
-0.0024209
-0.0090436
-0.022796
-0.046513
-0.07877
-0.093415
-0.07239
-0.019558
0.040321
0.085077
0.10723
0.10311
0.093279
0.091777
0.10306
0.1311
0.13228
0.11017
0.089538
0.087412
0.081037
0.060923
0.048166
0.041925
-0.027976
-0.1629
-0.22912
-0.20688
-0.18351
-0.15281
-0.1252
-0.095671
-0.059024
-0.019369
-0.0065382
-0.02
-0.039762
-0.050171
-0.046366
-0.036259
-0.028696
-0.026463
-0.028139
-0.030878
-0.032107
-0.030151
-0.028896
-0.033427
-0.039049
-0.035616
-0.014676
0.019765
0.046119
0.05799
0.055083
0.037483
0.018865
0.0092779
0.010358
0.015867
0.028449
0.041579
0.048658
0.046074
0.034409
0.018919
0.0088738
0.0092099
0.016728
0.028394
0.027302
0.0013324
-0.03173
-0.048745
-0.043243
-0.027567
-0.0094044
0.0049279
0.014123
0.011769
-0.0020117
-0.011628
-0.011588
-0.0057079
-0.00318
-0.0058884
-0.0060646
-0.0079711
-0.021547
-0.052579
-0.08389
-0.092605
-0.069209
-0.026062
0.026083
0.077564
0.10829
0.11029
0.098676
0.097184
0.11879
0.13619
0.13303
0.11518
0.1033
0.10033
0.095174
0.079199
0.0619
0.045796
0.027079
0.0028797
-0.021215
-0.05328
-0.10313
-0.14967
-0.16669
-0.15965
-0.1554
-0.15556
-0.14509
-0.092496
-0.048839
-0.036797
-0.0336
-0.027369
-0.024791
-0.026449
-0.027855
-0.029328
-0.027609
-0.025813
-0.026751
-0.0294
-0.038418
-0.039106
-0.018213
0.018205
0.050408
0.062461
0.049943
0.028163
0.015569
0.014384
0.014574
0.019186
0.02431
0.029847
0.036215
0.038496
0.031633
0.020577
0.015427
0.015482
0.020179
0.028302
0.031669
0.026688
0.018063
0.0056997
-0.011103
-0.029411
-0.044442
-0.04412
-0.033347
-0.021491
-0.011184
0.0073113
0.017491
0.017422
0.010609
0.0036123
-0.0016271
-0.00096389
0.0028129
0.0065311
0.0041743
-0.0012337
-0.013961
-0.045962
-0.07747
-0.083096
-0.048708
0.00013032
0.049022
0.09096
0.1168
0.12168
0.12504
0.13088
0.1395
0.15643
0.14572
0.12107
0.099349
0.098519
0.098833
0.07987
0.062332
0.049711
0.028856
0.0012195
-0.027353
-0.055271
-0.091506
-0.14155
-0.18147
-0.18921
-0.17248
-0.15793
-0.13405
-0.093727
-0.05031
-0.033089
-0.035677
-0.049689
-0.05938
-0.0629
-0.052939
-0.041151
-0.034582
-0.03662
-0.042034
-0.04366
-0.044128
-0.034133
-0.02442
-0.028232
-0.028279
-0.019235
-0.0078475
0.0014834
0.017214
0.03838
0.046376
0.03378
0.017742
0.0099161
0.013413
0.018137
0.021912
0.02979
0.038467
0.038465
0.027873
0.017152
0.012449
0.014447
0.022472
0.029979
0.03174
0.028427
0.016726
-6.3939e-05
-0.020868
-0.038531
-0.046782
-0.043154
-0.030574
-0.016274
0.00036162
0.011825
0.018083
0.018723
0.012465
0.0052553
0.0019797
0.0005977
0.0015438
0.0011957
-0.0016686
-0.0066053
-0.021039
-0.05583
-0.083099
-0.08528
-0.054618
-0.0033548
0.050718
0.093907
0.11608
0.11735
0.10548
0.10371
0.11722
0.13298
0.12827
0.10107
0.08768
0.092782
0.091613
0.070803
0.052276
0.03885
0.025355
-0.069971
-0.23801
-0.29121
-0.21956
-0.15763
-0.10383
-0.07682
-0.058578
-0.031499
-0.020888
-0.026232
-0.032856
-0.039861
-0.041866
-0.036128
-0.027424
-0.023133
-0.026506
-0.030747
-0.027837
-0.027751
-0.021324
-0.017394
-0.025554
-0.028363
-0.0078184
0.021413
0.044842
0.062436
0.056784
0.035355
0.014113
0.0055756
0.012168
0.023642
0.032343
0.0391
0.04139
0.037058
0.040613
0.054545
0.05236
0.035576
0.013815
-0.0074749
-0.027297
-0.041765
-0.049255
-0.04235
-0.030074
-0.017441
-0.0012289
0.014231
0.02177
0.01983
0.012546
0.0065997
0.0026551
0.0019213
0.0038123
0.005256
0.0024856
-0.0031162
-0.012412
-0.037335
-0.074664
-0.09008
-0.067854
-0.019395
0.033803
0.076545
0.17521
0.2987
0.30005
0.17499
0.089322
0.062495
0.063745
0.064677
0.057629
0.044992
0.02357
-0.0018387
-0.034113
-0.066739
-0.097273
-0.13064
-0.15452
-0.14605
-0.14307
-0.14511
-0.12225
-0.084269
-0.046102
-0.0059984
0.0056592
-0.0033946
-0.020329
-0.032718
-0.03767
-0.032969
-0.021695
-0.017035
-0.020063
-0.028116
-0.029806
-0.021248
-0.01698
-0.023152
-0.033948
-0.0028311
0.06441
0.084385
0.044361
0.0094417
-0.0015149
0.0081066
0.020458
0.032388
0.044251
0.046772
0.033371
0.016102
0.0085295
0.011037
0.017642
0.026796
0.033488
0.028815
0.016319
0.0032511
-0.015752
-0.034423
-0.04116
-0.036737
-0.02475
-0.010683
0.0065182
0.017349
0.022507
0.019497
0.0096472
0.0027932
0.00019201
0.0011941
0.0026327
0.0029315
0.0028881
-0.003221
-0.019481
-0.038145
-0.07046
-0.086858
-0.071007
-0.026129
0.029078
0.074861
0.10182
0.10811
0.10535
0.11867
0.13929
0.22366
0.31193
0.25826
0.12813
0.049135
0.011227
-0.0098186
-0.029592
-0.058391
-0.099879
-0.14243
-0.16453
-0.1685
-0.1563
-0.15391
-0.12964
-0.094233
-0.051953
-0.013272
-0.0023759
-0.021305
-0.044525
-0.056169
-0.052337
-0.042997
-0.030237
-0.026568
-0.033796
-0.042632
-0.037008
-0.025756
-0.026669
-0.031528
-0.03442
-0.031398
-0.014338
0.0084519
0.024927
0.042502
0.04328
0.039656
0.040008
0.042278
0.041912
0.03754
0.027561
0.015657
0.0092939
0.010988
0.019329
0.030058
0.034176
0.028981
0.014898
-0.0031163
-0.016712
-0.033352
-0.040358
-0.032667
-0.022178
-0.0060177
0.012522
0.023211
0.025097
0.022543
0.014126
0.006577
0.0046695
0.0060012
0.0039208
0.0014357
-0.0036407
-0.0091699
-0.020288
-0.043945
-0.075849
-0.08564
-0.061698
-0.013562
0.044438
0.16591
0.30235
0.30908
0.2121
0.11733
0.086282
0.092916
0.091106
0.071925
0.059364
0.053451
0.035075
0.0040082
-0.027599
-0.056703
-0.092193
-0.13675
-0.17125
-0.17854
-0.16194
-0.14686
-0.12341
-0.086969
-0.052936
-0.022517
-0.017472
-0.030312
-0.043234
-0.045824
-0.043962
-0.032134
-0.022567
-0.021633
-0.022072
-0.029732
-0.038027
-0.030735
-0.022902
-0.026934
-0.027856
-0.022293
-0.0088467
0.031238
0.069204
0.067406
0.033559
0.0094884
0.0063743
0.019927
0.036821
0.041213
0.031189
0.015326
0.0053337
0.0064676
0.017193
0.030554
0.035591
0.031058
0.018729
0.00095913
-0.016455
-0.030744
-0.034448
-0.029528
-0.016027
-0.0032998
0.010015
0.017684
0.025243
0.027867
0.021899
0.033831
0.034663
0.021967
-0.0084963
-0.038269
-0.06353
-0.077229
-0.056773
-0.0076583
0.048991
0.10205
0.13969
0.15452
0.14293
0.11456
0.079054
0.06756
0.08301
0.1111
0.11668
0.10369
0.086545
0.068807
0.052177
0.039286
0.028084
0.013379
-0.0054
-0.040366
-0.087883
-0.12736
-0.14406
-0.11442
-0.10541
-0.16659
-0.18252
-0.13102
-0.088464
-0.060227
-0.03721
-0.03006
-0.033231
-0.036081
-0.03327
-0.021373
-0.0093146
-0.013968
-0.042308
-0.086319
-0.11111
-0.088769
-0.035847
0.0273
0.068975
0.065438
0.029509
-0.0084269
-0.031665
-0.035642
-0.023243
0.0015641
0.024486
0.03239
0.026116
0.014179
0.0022
-0.0080892
-0.010302
-0.0047035
0.0090007
0.020518
0.025008
0.017751
0.0061359
-0.0050595
-0.022952
-0.035628
-0.035515
-0.019836
-0.005776
0.043585
0.076701
0.077606
0.045697
0.020897
0.011173
0.0088829
0.0070052
-0.0016919
-0.023787
-0.051026
-0.066255
-0.067432
-0.045249
-0.0086158
0.032585
0.071933
0.10475
0.12057
0.12345
0.12087
0.10724
0.088451
0.093958
0.1149
0.11631
0.095528
0.078733
0.073897
0.066409
0.051664
0.034112
0.01767
-0.0091445
-0.044219
-0.08049
-0.11506
-0.14168
-0.17626
-0.2083
-0.17192
-0.10739
-0.067752
-0.055652
-0.056838
-0.052068
-0.044493
-0.041723
-0.035525
-0.025649
-0.018538
-0.016519
-0.020918
-0.036837
-0.07159
-0.091683
-0.068585
-0.012301
0.048665
0.084256
0.083801
0.051292
0.010156
-0.016521
-0.016853
-0.0024014
0.015701
0.028038
0.032343
0.029722
0.020295
0.0044343
-0.0071685
-0.0071921
-0.0011857
0.0032865
0.0082125
0.010509
0.0043321
-0.0069892
-0.017394
-0.023358
-0.024663
-0.020918
0.013775
0.054055
0.067305
0.056942
0.038362
0.022268
0.013765
0.01293
0.014022
0.012071
0.0072419
-0.0013714
-0.023813
-0.058953
-0.080236
-0.082305
-0.060254
-0.014545
0.043611
0.098699
0.13594
0.14917
0.13733
0.11279
0.092735
0.085454
0.097072
0.11415
0.11814
0.11098
0.1
0.090112
0.080681
0.068645
0.052735
0.030882
-0.0025416
-0.04182
-0.13267
-0.2638
-0.24646
-0.12764
-0.05548
-0.036506
-0.046088
-0.061165
-0.063846
-0.05876
-0.051912
-0.044665
-0.037831
-0.032406
-0.025991
-0.016491
-0.010992
-0.012975
-0.038606
-0.086695
-0.11873
-0.09921
-0.036267
0.028695
0.059472
0.049402
0.015666
-0.019744
-0.031852
-0.02439
-0.011061
0.0050659
0.018908
0.023217
0.016819
0.001701
-0.0037534
0.0031017
0.0056232
-0.0009779
-0.012186
-0.026284
-0.039325
-0.045104
-0.039661
-0.023116
-0.0073687
0.0063217
0.011923
0.018408
0.030302
0.03437
0.025437
0.016145
0.010215
0.010942
0.011156
0.01304
0.010677
0.0027283
-0.005065
-0.024779
-0.051408
-0.070712
-0.05373
-0.0053257
0.050934
0.10257
0.14522
0.16339
0.15017
0.12122
0.098706
0.08456
0.092888
0.11779
0.12843
0.11767
0.10219
0.093847
0.10169
0.083857
0.01581
-0.06573
-0.11781
-0.11902
-0.091502
-0.081495
-0.082574
-0.067419
-0.060176
-0.060784
-0.066255
-0.081134
-0.085242
-0.077431
-0.065555
-0.053039
-0.041542
-0.036934
-0.034027
-0.028828
-0.022678
-0.015984
-0.012209
-0.03412
-0.070198
-0.092046
-0.074655
-0.019034
0.051369
0.086205
0.071433
0.026912
-0.0098098
-0.021287
-0.011695
0.0062481
0.018812
0.024064
0.0255
0.021217
0.011677
0.011284
0.019959
0.024673
0.014783
-0.002161
-0.02499
-0.049794
-0.060515
-0.058902
-0.041689
-0.0172
0.0042816
0.015116
0.022218
0.027065
0.022024
0.01181
0.0033564
0.0024254
0.0059737
0.0064079
0.0023523
-0.0027866
-0.007692
-0.024663
-0.053336
-0.076787
-0.088422
-0.068009
-0.017513
0.039741
0.089906
0.11854
0.12268
0.10914
0.096897
0.098707
0.10019
0.10046
0.10709
0.11319
0.11217
0.10122
0.090951
0.087394
0.073231
0.045936
0.010672
-0.063127
-0.15641
-0.17196
-0.14174
-0.091972
-0.050524
-0.044671
-0.053031
-0.064476
-0.066
-0.062593
-0.061325
-0.049483
-0.033469
-0.027097
-0.026154
-0.02984
-0.033868
-0.02786
-0.014849
-0.0092861
-0.032176
-0.07682
-0.10346
-0.084202
-0.029197
0.032967
0.074546
0.070301
0.029077
-0.011795
-0.030569
-0.029514
-0.012369
0.009585
0.021082
0.023444
0.01754
0.011135
0.005945
-0.00067476
-0.0074376
-0.0061066
0.0027668
0.010917
0.011806
0.0077942
-0.00096586
-0.015694
-0.028489
-0.039318
-0.040366
-0.028707
-0.0057402
0.017308
0.029227
0.03335
0.036934
0.031921
0.017999
0.010452
0.012281
0.017622
0.018678
0.01389
0.0051688
-0.0040938
-0.014585
-0.038008
-0.057936
-0.068163
-0.053543
-0.0093328
0.048807
0.10488
0.14231
0.15413
0.13435
0.11281
0.10798
0.10884
0.10668
0.11214
0.12028
0.11656
0.10509
0.098479
0.093629
0.077656
0.048684
0.0081861
-0.031143
-0.057944
-0.067245
-0.068783
-0.087832
-0.10345
-0.11404
-0.10356
-0.079199
-0.06633
-0.065016
-0.064082
-0.070407
-0.081155
-0.087162
-0.11145
-0.093627
-0.050931
-0.024363
-0.011265
-0.030476
-0.067852
-0.086227
-0.064159
-0.013563
0.045114
0.083231
0.086186
0.045389
0.00090705
-0.020164
-0.021842
-0.011346
0.0073013
0.023474
0.029368
0.025946
0.017573
0.0070109
-0.0035339
-0.0079917
-0.0035739
0.0054255
0.012417
0.013715
0.011534
0.0085782
-0.0045764
-0.022882
-0.031389
-0.027153
-0.0072061
0.014634
0.015854
0.010212
0.0085488
0.012527
0.012908
0.010014
0.0073281
0.00072224
-0.0068076
-0.018831
-0.042872
-0.065467
-0.07319
-0.048607
0.0034285
0.059779
0.10373
0.12888
0.1396
0.13593
0.12431
0.11077
0.096359
0.10342
0.131
0.13867
0.11726
0.10123
0.098289
0.085185
0.062274
0.039329
0.017465
-0.010976
-0.047404
-0.11417
-0.19807
-0.17875
-0.12447
-0.089914
-0.079656
-0.078851
-0.079942
-0.075608
-0.065399
-0.052447
-0.050212
-0.053883
-0.051534
-0.044145
-0.031081
-0.018844
-0.016187
-0.038601
-0.071583
-0.058275
0.010844
0.047769
0.012698
-0.034262
-0.042442
-0.02704
-0.0067234
0.0091339
0.018764
0.017845
0.0073166
-0.0058195
-0.014
-0.012745
-0.0049293
0.003787
0.006678
0.0082143
0.0078137
0.0058571
-0.00087224
-0.016665
-0.037574
-0.023638
0.0070755
0.03241
0.035783
0.024592
0.014676
0.013599
0.021076
0.024213
0.018303
0.0071501
0.00047345
-0.00329
-0.0047551
-0.025871
-0.053267
-0.064694
-0.039341
0.0064476
0.060014
0.11528
0.15252
0.16043
0.14273
0.1242
0.11342
0.10275
0.10255
0.11578
0.12562
0.12104
0.11223
0.10428
0.084996
0.057845
0.036769
0.016079
-0.015353
-0.081453
-0.17287
-0.17539
-0.13431
-0.11982
-0.11287
-0.088978
-0.066434
-0.055934
-0.055378
-0.057906
-0.055916
-0.054076
-0.053374
-0.046646
-0.044034
-0.034716
-0.02381
-0.021611
-0.032405
-0.07203
-0.094388
-0.074685
-0.01543
0.045704
0.082691
0.07834
0.034993
0.013883
0.015077
0.018219
0.01629
0.010196
0.001798
-0.0044513
-0.0066367
-0.0054278
0.00064766
0.0087367
0.0095333
0.0052854
0.0015423
-0.0016574
-0.010347
-0.040505
-0.070258
-0.068406
-0.014603
0.044329
0.058064
0.038674
0.020574
0.011133
0.0039894
-0.00082039
-0.0008965
-0.0022095
-0.010656
-0.032331
-0.061014
-0.067742
-0.037974
0.015358
0.067625
0.10534
0.13181
0.14403
0.14212
0.13031
0.11467
0.10624
0.10967
0.12184
0.13447
0.13082
0.11331
0.099825
0.083023
0.059899
0.037402
-0.016836
-0.10634
-0.13845
-0.12147
-0.11582
-0.107
-0.11082
-0.10394
-0.081647
-0.065603
-0.060621
-0.059744
-0.065124
-0.060845
-0.054681
-0.05565
-0.054947
-0.048374
-0.036714
-0.026826
-0.019099
-0.03427
-0.043774
-0.019107
0.026831
0.03471
0.0093038
-0.010286
-0.015916
-0.0058819
0.0088328
0.018292
0.02418
0.026927
0.022211
0.011075
-0.00046926
-0.0071035
-0.0071036
0.00054262
0.0095883
0.0111
0.0051965
-0.00086239
-0.0075584
-0.02279
-0.052323
-0.084534
-0.074499
-0.03729
-0.019081
-0.01625
-0.012875
-0.0079334
-0.0057508
-0.0049154
-0.0089604
-0.01296
-0.015862
-0.029813
-0.057862
-0.084839
-0.088961
-0.056982
0.00099643
0.064753
0.10673
0.11758
0.10693
0.091652
0.093485
0.11685
0.13635
0.13991
0.13509
0.13325
0.12343
0.098406
0.070392
0.056326
0.042758
0.018528
-0.0056233
-0.027647
-0.060236
-0.1732
-0.32447
-0.30527
-0.1719
-0.064709
-0.0071028
0.004973
-0.0019704
-0.021174
-0.034607
-0.037569
-0.031869
-0.021074
-0.016437
-0.017878
-0.022936
-0.02147
-0.015889
-0.019075
-0.032933
-0.047893
-0.04435
-0.016644
0.023376
0.054128
0.064266
0.051294
0.029798
0.012947
0.00493
0.0059038
0.013392
0.022735
0.032557
0.04318
0.04814
0.039175
0.0218
0.0089081
0.018474
0.040381
0.03549
-0.00038202
-0.033461
-0.055428
-0.052118
-0.042127
-0.022909
-0.0032841
0.0040106
0.0015116
-0.0020585
-0.0073566
-0.0090411
-0.006607
-0.0067195
-0.007453
-0.0011914
0.0006765
-0.0039534
-0.012319
-0.033679
-0.070412
-0.083569
-0.057083
-0.0042594
0.058578
0.10999
0.13123
0.12744
0.12125
0.12284
0.13196
0.14191
0.1211
0.095126
0.090299
0.095132
0.086708
0.071779
0.065516
0.03907
-0.020892
-0.096131
-0.14332
-0.1441
-0.12232
-0.12185
-0.13597
-0.13284
-0.10156
-0.055351
-0.020672
-0.0038746
-0.012393
-0.037283
-0.051794
-0.046562
-0.036365
-0.024393
-0.023688
-0.03042
-0.031358
-0.024205
-0.01714
-0.020535
-0.033946
-0.044808
-0.037104
-0.0093573
0.049441
0.099188
0.087914
0.041877
0.015617
0.012185
0.021267
0.030053
0.03177
0.028701
0.022669
0.016415
0.015132
0.017411
0.019223
0.020073
0.019865
0.015572
0.0061618
-0.0057441
-0.023853
-0.040562
-0.044241
-0.037605
-0.020903
0.0003764
0.016055
0.017439
0.0073462
-0.003259
-0.0071999
-0.0036898
0.00038583
0.0023451
0.0028555
0.0014664
-0.000807
-0.01329
-0.03983
-0.066114
-0.077725
-0.064768
-0.031812
0.012631
0.057886
0.093433
0.11061
0.11877
0.12619
0.13739
0.14495
0.13363
0.11044
0.098349
0.10186
0.097955
0.081691
0.058394
0.040146
-0.025238
-0.13389
-0.17563
-0.17036
-0.18307
-0.1822
-0.16422
-0.13092
-0.073622
-0.018485
0.010582
0.011919
-0.008769
-0.034187
-0.05058
-0.053268
-0.045757
-0.033826
-0.028523
-0.043114
-0.0769
-0.080883
-0.045737
-0.0041517
0.039341
0.061087
0.056353
0.033548
0.01059
-0.0009246
-0.00077921
0.0078366
0.019423
0.031666
0.042422
0.044751
0.037209
0.022691
0.0080416
0.0013212
0.0040049
0.011936
0.019266
0.02243
0.017967
0.007026
-0.012268
-0.03039
-0.034972
-0.026086
-0.011486
-0.0013722
-0.0012209
-0.00023094
0.0016083
0.0041087
0.0029309
-0.0015226
-0.0093493
-0.011957
-0.014479
-0.041206
-0.073436
-0.08307
-0.055418
-0.0073376
0.049547
0.098666
0.12378
0.12987
0.12922
0.1285
0.13343
0.1313
0.1185
0.09906
0.082197
0.084962
0.094678
0.078614
0.05155
0.038806
-0.024284
-0.14664
-0.18706
-0.14738
-0.13801
-0.15434
-0.1435
-0.10898
-0.063966
-0.024055
-0.0028201
-0.0096898
-0.023861
-0.03673
-0.043554
-0.040958
-0.029127
-0.024392
-0.026346
-0.028686
-0.041285
-0.069118
-0.052115
-0.012537
0.031951
0.05834
0.055943
0.033657
0.015848
0.0042524
0.0016363
0.01043
0.022314
0.03436
0.043447
0.043765
0.034205
0.019066
0.0072251
0.0045105
0.009227
0.019147
0.027846
0.026976
0.01692
0.001684
-0.012847
-0.027728
-0.038419
-0.040123
-0.032032
-0.016573
-0.0034191
-7.3929e-05
-0.0048331
-0.010495
7.9195e-05
0.0018144
-0.00032403
-0.0089872
-0.021903
-0.047312
-0.074039
-0.082891
-0.062444
-0.018941
0.037189
0.081669
0.10774
0.11878
0.12267
0.12516
0.12784
0.12811
0.11305
0.10808
0.11037
0.11724
0.10529
0.08013
0.060867
0.04296
0.017935
-0.0040967
-0.020199
-0.046477
-0.16714
-0.32203
-0.30917
-0.17663
-0.06759
0.0023013
0.028688
0.027087
-0.00063521
-0.031773
-0.04532
-0.041045
-0.031442
-0.021736
-0.019185
-0.024516
-0.029209
-0.027456
-0.030263
-0.0363
-0.047983
-0.047917
-0.027516
0.0060052
0.037582
0.056675
0.051031
0.033578
0.015598
0.0057231
0.0037692
0.0074426
0.016969
0.028729
0.039486
0.04529
0.039538
0.025286
0.010153
0.0019915
0.0056964
0.015715
0.022498
0.021942
0.013591
0.001676
-0.014391
-0.029783
-0.0424
-0.042778
-0.032021
-0.01721
-0.0020191
0.0065303
0.0079386
0.0044055
-0.0016261
-0.0062218
-0.0056602
-0.00029054
0.0048197
0.012642
0.0079916
0.0014755
-0.010266
-0.022162
-0.053175
-0.072982
-0.061376
-0.025122
0.021257
0.069016
0.10551
0.12792
0.13182
0.13333
0.14256
0.15302
0.14918
0.12426
0.097359
0.084426
0.089916
0.084616
0.057637
0.032978
0.021101
0.0012243
-0.031701
-0.066452
-0.089634
-0.086207
-0.078344
-0.099953
-0.14819
-0.18012
-0.16947
-0.12506
-0.068897
-0.018476
0.015673
0.025724
0.011851
-0.0094875
-0.028583
-0.039339
-0.036098
-0.028042
-0.023113
-0.023743
-0.026438
-0.02578
-0.02236
-0.026751
-0.040224
-0.044801
-0.029186
0.00033934
0.040081
0.07124
0.070355
0.046816
0.022064
0.0098112
0.0047113
0.0078933
0.017178
0.029759
0.041839
0.049099
0.048071
0.040831
0.029667
0.018457
0.01264
0.0087592
0.00034849
-0.010537
-0.026999
-0.043079
-0.048103
-0.039114
-0.023348
-0.010345
-0.002762
-0.001969
-0.0085233
-0.013999
-0.016982
-0.014326
-0.010515
-0.008518
-0.0065815
-0.0089935
-0.012872
-0.021254
-0.036339
-0.065465
-0.083973
-0.080083
-0.046732
0.0032517
0.050224
0.085153
0.10331
0.10596
0.10601
0.12652
0.13514
0.14421
0.10889
0.094224
0.094918
0.096171
0.081906
0.062404
0.046439
0.024952
-0.0047897
-0.033764
-0.062359
-0.091105
-0.097107
-0.083094
-0.091075
-0.14174
-0.20684
-0.131
-0.021942
0.022958
0.017436
-0.0036495
-0.017575
-0.017223
-0.010027
-0.0037292
-0.011342
-0.018237
-0.016821
-0.014232
-0.022961
-0.041547
-0.047254
-0.03415
-0.0049546
0.030328
0.057404
0.060976
0.045506
0.024356
0.0066003
-0.00054389
0.0006057
0.008388
0.023404
0.041022
0.05281
0.047286
0.027542
0.007359
-0.0034643
-0.0005091
0.011208
0.022993
0.018052
-0.017176
-0.032871
-0.031358
-0.020354
-0.0058753
0.00065436
-0.00066558
-0.0034146
-0.0048835
-0.0069735
-0.0063241
-0.0015375
0.0038659
0.0044227
0.0025493
-0.003991
-0.022455
-0.054724
-0.078104
-0.087204
-0.063093
-0.015235
0.042164
0.09019
0.11412
0.12338
0.13651
0.14515
0.14052
0.14363
0.1397
0.13505
0.12845
0.12205
0.11083
0.090915
0.069611
0.02153
-0.076197
-0.14376
-0.13728
-0.12865
-0.149
-0.16282
-0.15092
-0.11361
-0.063481
-0.02035
-0.00097301
-0.0035581
-0.020824
-0.039465
-0.046322
-0.03649
-0.028374
-0.022607
-0.022266
-0.028092
-0.026799
-0.043003
-0.075434
-0.057197
0.0016526
0.052225
0.069217
0.054163
0.029347
0.010103
0.0048594
0.0066356
0.012637
0.018892
0.029994
0.039778
0.040453
0.031741
0.01923
0.010624
0.0099607
0.015411
0.022243
0.024857
0.020976
0.012603
0.0019637
-0.0092555
-0.025198
-0.040991
-0.044472
-0.033094
-0.020837
-0.0073254
0.0085447
0.0071923
0.0064227
0.002784
0.00035078
0.0015365
-0.0033078
-0.011733
-0.031583
-0.053216
-0.080799
-0.094134
-0.073056
-0.020151
0.039573
0.083655
0.10966
0.11844
0.11682
0.11998
0.13602
0.15225
0.13296
0.10381
0.089784
0.10176
0.11167
0.089283
0.06132
0.047882
0.032552
0.0017642
-0.027052
-0.056088
-0.17308
-0.32587
-0.31079
-0.17741
-0.069732
0.0017025
0.028578
0.023694
0.00094224
-0.027191
-0.041203
-0.040056
-0.029393
-0.022284
-0.025985
-0.030764
-0.031647
-0.02995
-0.031149
-0.037362
-0.044221
-0.041918
0.010125
0.087082
0.09908
0.052046
0.014312
0.0018098
0.0087383
0.019465
0.031011
0.041916
0.042235
0.031759
0.019256
0.011632
0.01032
0.014043
0.019894
0.022151
0.018646
0.012244
0.0026424
-0.011311
-0.032316
-0.050203
-0.050612
-0.038721
-0.020567
-0.0049467
0.00092271
0.00036496
-0.0066774
-0.0089334
-0.0080854
-0.0052022
0.0040617
0.0014051
-0.03051
-0.069388
-0.086268
-0.076944
-0.039686
0.012007
0.06526
0.10275
0.11504
0.11631
0.12256
0.13879
0.15507
0.1508
0.12423
0.09798
0.096331
0.10457
0.092036
0.06529
0.042253
0.021532
-0.003368
-0.033805
-0.068028
-0.098099
-0.1069
-0.095368
-0.10016
-0.1352
-0.15612
-0.12683
-0.061626
-0.012207
-0.0069102
-0.017275
-0.019686
-0.013231
-0.0071501
-0.0069025
-0.0126
-0.01461
-0.012575
-0.014421
-0.026181
-0.038157
-0.035961
-0.020664
0.0060812
0.03922
0.066161
0.068343
0.051247
0.027798
0.0096033
0.0034217
0.0095425
0.021222
0.035772
0.045913
0.047574
0.042073
0.028578
0.022971
0.031825
0.029998
0.0076307
-0.018458
-0.036583
-0.04712
-0.046407
-0.038294
-0.022207
-0.0080826
-0.0086592
-0.016698
-0.017729
-0.014591
-0.011689
-0.007954
-0.0054341
-0.0050868
-0.004586
-0.0050122
-0.0073616
-0.018521
-0.036465
-0.068703
-0.084958
-0.070054
-0.030755
0.022953
0.076081
0.10746
0.11578
0.11421
0.11182
0.11564
0.12469
0.11403
0.095754
0.093904
0.10127
0.099143
0.079295
0.061698
0.051124
0.033374
0.0076139
-0.02169
-0.055657
-0.1617
-0.3111
-0.30082
-0.17576
-0.071027
-0.0098131
0.014711
0.0078891
-0.019597
-0.039637
-0.045036
-0.043539
-0.033871
-0.029737
-0.028286
-0.026404
-0.022995
-0.023864
-0.028097
-0.035845
-0.043761
-0.041224
-0.020741
0.013599
0.047683
0.06383
0.055802
0.034508
0.015268
0.0069403
0.0099278
0.016392
0.022771
0.029029
0.036002
0.039537
0.043051
0.048541
0.044344
0.029506
0.012674
-0.0014548
-0.014207
-0.029983
-0.044731
-0.043867
-0.027794
-0.0095782
0.0040892
0.010161
0.0074258
-0.0011569
-0.0051187
-0.0046306
-0.0016865
-0.0012715
-0.0003161
0.0025004
0.0034798
0.0018143
-0.009733
-0.026982
-0.056282
-0.082812
-0.074692
-0.037827
0.013287
0.061467
0.098863
0.12218
0.12727
0.11967
0.12233
0.1308
0.12829
0.11065
0.099963
0.10349
0.10133
0.078023
0.055792
0.039501
0.02086
0.00035491
-0.019267
-0.051576
-0.097081
-0.11365
-0.17754
-0.32698
-0.29584
-0.13077
-0.022468
0.011014
-0.0020709
-0.028614
-0.049454
-0.05816
-0.052884
-0.044912
-0.037193
-0.032473
-0.027884
-0.020669
-0.021471
-0.033971
-0.046677
-0.046573
-0.025658
0.016927
0.056844
0.077179
0.081811
0.072253
0.04892
0.026191
0.01726
0.022525
0.032391
0.041911
0.044366
0.038368
0.029822
0.022727
0.028021
0.040442
0.033409
0.016942
0.011302
0.0055997
-0.0083285
-0.0353
-0.052297
-0.045724
-0.0359
-0.032553
-0.031296
-0.028161
-0.027864
-0.028313
-0.025736
-0.020384
-0.013314
-0.015829
-0.017156
-0.017332
-0.021617
-0.047862
-0.07965
-0.094768
-0.067754
-0.0054253
0.063848
0.11238
0.12886
0.12406
0.11085
0.091738
0.085433
0.10446
0.12737
0.13095
0.11954
0.10759
0.096642
0.080089
0.061332
0.042061
0.018187
-0.0080287
-0.036375
-0.069025
-0.084165
-0.073507
-0.13682
-0.27436
-0.25347
-0.12385
-0.040891
-0.015968
-0.02198
-0.037309
-0.047893
-0.047389
-0.043299
-0.036242
-0.029061
-0.021756
-0.01596
-0.014088
-0.021643
-0.034047
-0.045649
-0.040836
-0.01089
0.032929
0.06383
0.0713
0.065705
0.04795
0.028056
0.015975
0.014849
0.022637
0.057537
0.096436
0.09071
0.042842
0.018585
0.01204
0.0093012
0.0084105
0.0071085
0.0028118
0.0050438
0.0013062
-0.023914
-0.051412
-0.062976
-0.056619
-0.044728
-0.038339
-0.037865
-0.034926
-0.030175
-0.022624
-0.017376
-0.016132
-0.015971
-0.011665
-0.0093625
-0.017616
-0.040066
-0.075024
-0.10577
-0.10965
-0.075445
-0.010202
0.063657
0.11642
0.1321
0.11858
0.097192
0.08675
0.096047
0.12032
0.13842
0.13493
0.12077
0.10771
0.11034
0.1057
0.045536
-0.040351
-0.099098
-0.1111
-0.092486
-0.084821
-0.10351
-0.10885
-0.093976
-0.063002
-0.034809
-0.017937
-0.011898
-0.012734
-0.019785
-0.025485
-0.028592
-0.028308
-0.02103
-0.01396
-0.012294
-0.01015
-0.0082392
-0.0074338
-0.016401
-0.028863
-0.04375
-0.038502
-0.008835
0.033012
0.076396
0.094821
0.084092
0.054266
0.031987
0.019948
0.021572
0.03533
0.047374
0.046965
0.036985
0.027452
0.019958
0.014065
0.0096601
0.012301
0.01237
0.003582
-0.0046612
-0.022843
-0.041116
-0.05787
-0.060872
-0.055196
-0.048162
-0.041403
-0.035713
-0.037484
-0.039817
-0.036515
-0.029021
-0.020838
-0.018562
-0.018175
-0.016839
-0.013414
-0.02351
-0.056043
-0.096749
-0.10612
-0.072678
-0.0041791
0.06934
0.12321
0.14957
0.14007
0.10959
0.088187
0.097122
0.11656
0.13132
0.12762
0.11607
0.11346
0.10551
0.082786
0.064706
0.051504
-0.025518
-0.15586
-0.20466
-0.16674
-0.13667
-0.12919
-0.097728
-0.064112
-0.037759
-0.019633
-0.019069
-0.03101
-0.040372
-0.042307
-0.036983
-0.029703
-0.027415
-0.025627
-0.02198
-0.014933
-0.012045
-0.016234
-0.032237
-0.050327
-0.055094
-0.044438
-0.01263
0.028895
0.058827
0.072633
0.068225
0.05169
0.035588
0.024057
0.024364
0.032543
0.042626
0.045128
0.040481
0.031817
0.022034
0.016851
0.019439
0.024819
0.024161
0.013031
0.00093989
-0.01482
-0.043318
-0.052801
-0.060248
-0.069741
-0.064404
-0.054786
-0.048385
-0.044513
-0.040734
-0.038542
-0.02985
-0.020598
-0.020574
-0.019618
-0.018407
-0.017633
-0.032825
-0.061895
-0.09192
-0.098566
-0.068943
-0.013211
0.047693
0.098715
0.12629
0.12379
0.1137
0.11172
0.12002
0.13342
0.14457
0.14008
0.12437
0.10724
0.090957
0.076552
0.06465
0.053398
0.035757
0.0085996
-0.025752
-0.068314
-0.10609
-0.19232
-0.29694
-0.25019
-0.10543
-0.022372
-0.0077799
-0.022231
-0.037213
-0.043017
-0.035457
-0.025287
-0.022233
-0.019349
-0.014685
-0.0094482
-0.0069606
-0.0076965
-0.014961
-0.038405
-0.050468
-0.035628
-0.0033469
0.033751
0.061633
0.077199
0.07126
0.048332
0.024651
0.012249
0.017181
0.03131
0.040471
0.040986
0.034883
0.028591
0.019389
0.012099
0.0092612
0.011352
0.014545
0.0050166
-0.023
-0.039804
-0.041605
-0.048867
-0.061116
-0.069723
-0.057287
-0.036778
-0.028924
-0.031247
-0.031835
-0.03817
-0.035719
-0.026992
-0.018353
-0.012936
-0.011538
-0.015064
-0.022155
-0.053483
-0.09334
-0.11173
-0.088089
-0.024203
0.055802
0.12032
0.13868
0.11778
0.090085
0.077345
0.085673
0.10671
0.12759
0.13282
0.12077
0.10386
0.088928
0.075953
0.061951
0.044755
0.023697
-0.001772
-0.03279
-0.070064
-0.10828
-0.21069
-0.3395
-0.29691
-0.13594
-0.029383
-0.0038931
-0.018474
-0.033975
-0.038781
-0.037555
-0.031932
-0.024765
-0.019738
-0.016061
-0.012042
-0.011802
-0.014128
-0.030251
-0.053794
-0.059435
-0.042337
-0.0029259
0.041015
0.07147
0.080511
0.071727
0.050866
0.03476
0.026958
0.028383
0.035685
0.04359
0.046383
0.039853
0.029798
0.02284
0.017869
0.014608
0.013171
0.011374
0.0075868
0.0029375
-0.0044474
-0.012035
-0.0201
-0.025594
-0.024421
-0.024953
-0.031472
-0.03865
-0.043821
-0.070465
-0.047973
-0.030286
-0.01718
-0.0075378
-0.0045931
-0.0078697
-0.014789
-0.026376
-0.062133
-0.099318
-0.098126
-0.062086
-0.0056969
0.06074
0.11261
0.12362
0.10561
0.083318
0.088853
0.1162
0.1356
0.1369
0.13316
0.11965
0.095882
0.079313
0.073075
0.064305
0.043533
0.017714
-0.0065764
-0.035333
-0.067713
-0.10014
-0.1311
-0.20694
-0.28024
-0.21724
-0.088077
-0.019965
-0.009211
-0.0195
-0.028273
-0.028869
-0.026053
-0.020115
-0.015581
-0.012082
-0.0085874
-0.0070141
-0.011056
-0.01972
-0.044007
-0.058976
-0.044799
-0.0087139
0.036225
0.076584
0.094369
0.091561
0.066306
0.036785
0.018411
0.023915
0.03945
0.050233
0.049838
0.04175
0.031189
0.019923
0.010202
0.0094613
0.01519
0.014583
0.0090371
0.0027986
-0.017867
-0.042621
-0.044315
-0.043062
-0.047893
-0.049116
-0.048042
-0.051395
-0.053439
-0.052207
-0.049057
-0.042717
-0.031234
-0.022928
-0.016178
-0.012752
-0.013067
-0.015749
-0.04968
-0.10412
-0.1171
-0.085996
-0.019058
0.062632
0.12441
0.14564
0.12255
0.082127
0.066006
0.077766
0.10185
0.12421
0.12901
0.11713
0.10132
0.084938
0.072435
0.060623
0.039093
0.013602
-0.0090647
-0.034819
-0.066573
-0.1011
-0.13315
-0.16303
-0.17154
-0.15499
-0.1225
-0.08482
-0.052268
-0.031675
-0.025544
-0.026642
-0.029439
-0.031978
-0.031605
-0.027719
-0.025754
-0.024108
-0.017425
-0.011358
-0.0081669
-0.0082534
-0.0081927
-0.020327
-0.037954
-0.049281
-0.03855
-0.0022995
0.04793
0.086522
0.1005
0.08693
0.062315
0.038385
0.03099
0.035218
0.044999
0.05177
0.046778
0.035527
0.025727
0.017233
0.0085331
0.0078294
0.0098171
0.00423
-0.011205
-0.025994
-0.034395
-0.032108
-0.03153
-0.035754
-0.045954
-0.050389
-0.04823
-0.039496
-0.041436
-0.048811
-0.04942
-0.043139
-0.033309
-0.026719
-0.018452
-0.011076
-0.013467
-0.017988
-0.037159
-0.071015
-0.097385
-0.099981
-0.068398
-0.0082026
0.0597
0.11185
0.1308
0.11091
0.085519
0.08317
0.096232
0.11252
0.13637
0.14742
0.12922
0.10069
0.078427
0.06858
0.061308
0.043277
0.017121
-0.0083033
-0.030494
-0.058663
-0.095178
-0.13572
-0.17594
-0.19573
-0.18302
-0.13977
-0.081527
-0.045929
-0.036817
-0.032198
-0.026735
-0.025279
-0.026565
-0.025105
-0.023321
-0.019107
-0.014248
-0.011927
-0.0087202
-0.0071711
-0.0026194
-0.0040032
-0.0095473
-0.031527
-0.044569
-0.028995
0.013176
0.068311
0.10692
0.12033
0.1015
0.073367
0.053089
0.050744
0.053024
0.052377
0.05201
0.046589
0.036399
0.028921
0.022761
0.018501
0.018429
0.017992
0.01611
0.010939
0.0022625
-0.0065108
-0.017012
-0.020071
-0.021444
-0.021271
-0.025811
-0.035248
-0.051075
-0.066343
-0.062887
-0.044627
-0.039539
-0.038876
-0.038016
-0.035012
-0.029231
-0.019367
-0.012104
-0.010225
-0.012078
-0.014971
-0.017548
-0.051833
-0.098914
-0.11846
-0.085658
-0.012378
0.062993
0.11315
0.12406
0.10206
0.074431
0.07808
0.10278
0.1132
0.11271
0.11
0.10403
0.096825
0.083366
0.063883
0.045122
0.024597
0.0062867
-0.0084988
-0.030725
-0.068857
-0.11492
-0.14777
-0.16219
-0.15745
-0.13855
-0.11676
-0.092458
-0.061768
-0.040511
-0.03203
-0.032197
-0.035389
-0.036322
-0.033637
-0.029768
-0.029139
-0.025805
-0.018745
-0.010862
-0.0069104
-0.0073872
-0.006627
-0.01381
-0.031255
-0.039887
-0.02229
0.020973
0.069528
0.10449
0.12645
0.1147
0.079026
0.044482
0.032552
0.04202
0.055562
0.06327
0.05933
0.045591
0.030719
0.02259
0.015874
0.012658
0.017265
0.020665
0.014421
0.0033555
-0.0059047
-0.0097539
-0.014779
-0.022626
-0.025748
-0.031053
-0.041405
-0.053017
-0.059618
-0.057456
-0.044095
-0.037749
-0.036393
-0.037739
-0.036649
-0.028841
-0.015644
-0.0085844
-0.012517
-0.016632
-0.020587
-0.027817
-0.057806
-0.098159
-0.11214
-0.078631
-0.011524
0.064533
0.11432
0.13038
0.11231
0.081387
0.073877
0.098042
0.12036
0.11935
0.10933
0.10546
0.097476
0.080696
0.064612
0.049869
0.029778
0.0079401
-0.0099829
-0.029459
-0.057833
-0.092411
-0.13375
-0.17168
-0.17724
-0.14563
-0.11407
-0.091383
-0.066289
-0.041074
-0.027414
-0.026489
-0.029128
-0.033864
-0.036195
-0.03073
-0.024162
-0.021752
-0.016267
-0.010852
-0.0084641
-0.0051172
-0.0020083
-0.010359
-0.024406
-0.039243
-0.026761
0.012133
0.061355
0.10498
0.11471
0.094918
0.06139
0.039801
0.037193
0.041326
0.047362
0.050919
0.047926
0.039822
0.026094
0.014212
0.012066
0.012255
0.009673
0.0050305
0.0036977
5.1976e-05
-0.0078995
-0.019923
-0.026921
-0.023949
-0.021066
-0.023215
-0.034565
-0.048305
-0.056524
-0.052198
-0.044265
-0.0356
-0.034572
-0.038884
-0.037473
-0.029938
-0.019606
-0.012551
-0.013432
-0.017399
-0.022177
-0.035688
-0.06915
-0.10039
-0.1068
-0.071745
-0.0039503
0.072736
0.12367
0.13106
0.10142
0.076862
0.089317
0.1213
0.13572
0.12922
0.12094
0.11279
0.10161
0.087821
0.070846
0.052033
0.030437
0.010563
-0.0057915
-0.026233
-0.057763
-0.096187
-0.13414
-0.17261
-0.18097
-0.15356
-0.12194
-0.086381
-0.052939
-0.031089
-0.021158
-0.020001
-0.021488
-0.02472
-0.026306
-0.022999
-0.017162
-0.012619
-0.0094187
-0.0086357
-0.0084399
-0.0042308
-0.0019892
-0.006458
-0.029725
-0.040336
-0.030424
0.00077406
0.045893
0.088552
0.10751
0.096993
0.068839
0.044415
0.034741
0.038571
0.049169
0.057392
0.052878
0.039365
0.02606
0.019076
0.018652
0.018303
0.017784
0.014442
0.0099479
0.007487
0.0035108
-0.0053414
-0.011904
-0.018817
-0.020748
-0.029198
-0.050068
-0.065196
-0.070924
-0.064186
-0.046582
-0.032094
-0.025837
-0.02813
-0.032809
-0.029047
-0.017257
-0.0055861
-0.0015934
-0.0041487
-0.014013
-0.01838
-0.041601
-0.087775
-0.10782
-0.088569
-0.030925
0.050378
0.12692
0.15211
0.11558
0.072396
0.078022
0.1246
0.15302
0.13549
0.097399
0.074012
0.074035
0.076896
0.06097
0.036723
0.021459
0.012193
-0.0078136
-0.038506
-0.070037
-0.10905
-0.15162
-0.18457
-0.18819
-0.14951
-0.11017
-0.084734
-0.064927
-0.045746
-0.03169
-0.02831
-0.031925
-0.034276
-0.031084
-0.026232
-0.021914
-0.018472
-0.015582
-0.011934
-0.0093352
-0.0042298
-0.00086295
-0.015193
-0.033226
-0.045207
-0.027763
0.014635
0.064907
0.1065
0.11989
0.097136
0.060777
0.03577
0.028158
0.035454
0.045744
0.052602
0.049482
0.038466
0.028417
0.02635
0.028427
0.030251
0.027306
0.01981
0.010859
0.003308
-0.0015658
-0.0049868
-0.010659
-0.010564
-0.010698
-0.02289
-0.048355
-0.06533
-0.075423
-0.069351
-0.05215
-0.038876
-0.026899
-0.01739
-0.016131
-0.021396
-0.018776
-0.012635
-0.0057539
-0.0017347
-0.0071111
-0.026686
-0.066153
-0.10154
-0.1123
-0.081144
-0.018524
0.054851
0.10761
0.12486
0.1058
0.079729
0.081971
0.11153
0.12911
0.12093
0.11166
0.11423
0.1083
0.082405
0.055822
0.040928
0.027841
0.0084231
-0.01168
-0.030409
-0.05799
-0.099446
-0.13548
-0.15926
-0.16384
-0.13981
-0.11339
-0.087423
-0.06084
-0.036083
-0.014094
-0.010228
-0.018842
-0.025893
-0.02719
-0.024223
-0.018692
-0.013944
-0.011282
-0.008743
-0.0057464
-0.0016677
0.0010366
-0.0069976
-0.02429
-0.042212
-0.035318
0.0096789
0.072618
0.12737
0.14245
0.11927
0.080051
0.045818
0.031214
0.037373
0.051476
0.058817
0.054166
0.041541
0.028226
0.021823
0.022051
0.023501
0.022907
0.022736
0.019763
0.0086639
-0.0052846
-0.01309
-0.018105
-0.017488
-0.018111
-0.030954
-0.050051
-0.061443
-0.073717
-0.077415
-0.057285
-0.03045
-0.01934
-0.020437
-0.025265
-0.023535
-0.016194
-0.0063776
-0.00016862
-0.0047702
-0.013204
-0.030981
-0.062335
-0.099477
-0.11041
-0.073306
-0.0060845
0.071518
0.12538
0.13842
0.10807
0.075452
0.087693
0.12874
0.14274
0.12871
0.10979
0.10135
0.10137
0.088294
0.063087
0.042419
0.025762
0.0056852
-0.015355
-0.036258
-0.062369
-0.091557
-0.12553
-0.14154
-0.11218
-0.095994
-0.10608
-0.099105
-0.073458
-0.039784
-0.012279
-0.0064502
-0.016647
-0.026613
-0.029549
-0.026769
-0.021211
-0.017587
-0.017358
-0.01482
-0.0075674
-0.00185
-0.0013314
-0.0035477
-0.008954
-0.012454
-0.009262
-0.0040253
-0.00031968
0.00041899
0.00050851
0.00021587
-0.0013069
0.00082326
0.006188
0.0088278
0.0084028
0.0073037
0.0064495
0.0045648
0.00085186
-0.0021326
-0.0031771
-0.0033525
-0.002964
-0.0025821
-0.0026496
-0.0040798
-0.0061485
-0.0052291
-0.0030189
-0.0018742
-0.00099419
-0.001028
-0.0031438
-0.0057447
-0.0054469
-0.0049559
-0.004921
-0.0019388
-0.0013765
-0.0032545
-0.0017728
-2.3265e-06
0.00012937
-0.00053275
-0.0017303
-0.00070389
0.0023627
0.00076238
-0.003077
-0.0015717
0.00087776
0.00032179
-0.00085606
-0.0012898
-0.0010548
-0.00098761
-0.0025643
-0.0049194
-0.0030433
0.00028016
0.0003794
-0.00043529
-0.0023407
-0.0034563
-0.0021441
0.00042408
0.001847
-0.00061954
-0.0026566
-0.00047617
0.0032742
0.0021616
-0.0029372
-0.0030075
0.001531
0.0030066
-0.0002414
-0.0043332
-0.0045289
-0.0019032
0.0014207
0.0029394
0.001597
0.0018745
0.002247
0.0005585
-0.00068311
-0.00099624
-0.0009278
-0.00058427
-0.00039447
-0.0020813
-0.0045966
-0.0041579
-0.0001035
0.0025579
0.0017589
0.00052493
-0.00010226
-0.00017068
-5.3413e-05
0.0015522
0.0010195
-0.0029979
-0.0041399
-0.0021532
-0.00034491
0.0019084
0.0044532
0.0038843
0.0011779
-0.00033286
-0.00066053
-0.00067849
-0.00042842
-9.4708e-05
4.5073e-05
7.3881e-05
2.9436e-05
-0.00018596
-0.0002939
-0.00014442
-0.00015671
-0.00021241
-0.0016686
-0.0043149
-0.004446
-0.0017882
0.00071291
0.0012636
0.00073944
0.00028265
-0.00011742
-0.00041708
-0.00048986
0.0013361
0.0044139
0.0025272
-0.0012555
0.00017279
0.0023696
0.0016765
0.00031185
-0.0004212
-0.00048235
-0.00035843
-0.0003715
-0.00042961
-0.0001189
0.00018511
0.00013163
1.8538e-05
-7.3046e-05
-0.00017535
-0.0017319
-0.0029084
-0.0017565
-0.0018363
-0.00243
-0.0014057
0.0011662
0.0023875
-0.00026128
-0.001861
-0.0012587
0.00081822
0.0023586
0.0013804
0.0021142
0.0028111
0.0010319
-0.00027339
-0.00023412
-9.2605e-05
-0.00041289
-0.00042945
-0.00035511
-0.00054975
-0.00067602
-0.00074079
-0.00055784
-0.00039003
-0.00035149
9.479e-05
0.00015369
-0.0019357
-0.0047071
-0.002689
0.0025394
0.00238
-0.00061429
-0.0010126
-0.00052553
-9.6239e-05
6.754e-05
0.0016359
0.0010759
-0.00125
0.00044978
0.0022015
0.0013826
0.00034975
-0.00013844
-0.00018581
-8.5345e-05
-7.1328e-06
1.6879e-05
1.3101e-05
4.5664e-06
-2.8528e-07
-1.3514e-06
-8.4035e-07
-2.239e-07
6.2616e-08
9.8431e-08
5.0453e-08
9.4434e-09
-6.3715e-09
-6.5737e-09
0.00024892
0.0004016
-3.1014e-05
-0.00012473
0.00040437
0.00054136
-0.001069
-0.0035179
-0.0018616
0.0027568
0.0038739
0.0018991
0.00030209
-0.00027542
-0.00030622
-0.00022971
-0.00012427
-2.5422e-05
1.4577e-05
1.3672e-05
1.558e-06
-5.4593e-06
-4.0495e-06
-1.1107e-06
4.8484e-06
-2.0352e-05
-7.0685e-05
3.1419e-06
1.2874e-05
-3.4106e-05
1.978e-05
7.2842e-05
-5.3788e-06
-7.9422e-05
3.1426e-06
1.8714e-05
-3.8407e-05
2.1472e-05
7.7024e-05
-8.9889e-06
-7.0254e-05
2.4642e-06
6.42e-05
-2.2218e-06
-6.4934e-05
0.00018386
0.00034351
-2.656e-05
-0.00032571
-0.00016557
1.451e-05
5.3818e-05
3.2778e-05
7.8352e-06
-3.3094e-06
-4.2977e-06
-2.0027e-06
-2.5886e-07
-0.00023455
-0.00040533
3.2305e-05
0.00037171
0.00024098
-0.000174
-0.00065559
-0.0021937
-0.0028838
0.00019332
0.0026759
0.0019673
0.0004141
-0.00022224
-2.1379e-05
4.3977e-05
3.2017e-05
1.1524e-05
1.579e-06
-0.00022565
-0.00037546
2.9925e-05
0.00034081
0.0002331
6.4456e-05
-0.00024776
-0.00041721
-0.0017736
-0.002657
0.00023408
0.0023964
0.0015516
-0.0011298
-0.0027187
2.8822e-05
0.0022697
-5.1793e-05
-0.0021729
0.0001206
0.0024376
0.001798
0.00038294
-0.00022875
0.00012887
0.00031943
0.00020867
0.0003252
0.00063812
0.00057879
0.00020018
-3.9373e-05
-7.4901e-05
-6.428e-05
-2.4917e-05
-0.00017783
-0.00035965
-7.3362e-06
0.00029594
0.0002002
-0.001506
-0.0028479
-0.00025396
0.0025489
0.002518
0.0012811
0.00019761
-0.00019111
-0.00017677
-7.0723e-05
-2.7704e-06
1.5935e-05
1.1414e-05
3.6152e-06
-4.3822e-07
2.6009e-05
2.9796e-06
-8.1251e-05
-3.2772e-05
4.3424e-05
3.8988e-05
1.4833e-05
-1.408e-08
-3.756e-06
-2.5892e-06
-0.0015655
-0.0026229
0.00020592
0.0023729
0.0015404
0.00043471
-9.8229e-05
-0.00017541
-9.3016e-05
-1.5583e-05
-0.0015552
-0.0028519
-0.00020629
0.0024072
0.001914
0.00067676
-2.8799e-05
-0.0017557
-0.0029741
-0.0020141
-0.0023973
-0.00087301
0.003653
0.0044911
0.0020933
0.00026935
-0.00034667
-0.001861
-0.0027311
0.00020683
0.0024
0.0015578
0.00043906
-9.8204e-05
-0.00017689
-6.1173e-05
2.9174e-05
-0.0017931
-0.0032886
-0.00017097
0.0028114
0.0021435
-0.0011029
-0.0030914
1.5338e-05
0.0026075
0.0017395
0.00051437
-9.6245e-05
-0.00019489
-0.00010527
-0.00026172
-0.000404
4.4433e-05
-0.0011973
-0.0039474
-0.0023484
0.00099044
0.0012573
0.0021625
0.002702
0.0012686
0.00017218
-0.0017684
-0.0028031
0.00013308
0.0023654
0.0015542
0.00044569
-9.302e-05
-0.0017774
-0.0027951
0.00019321
0.0024515
0.0015961
0.00045229
-0.0016662
-0.002806
-0.0014575
-0.00184
-0.0008684
0.001449
-0.00037558
-0.0021844
0.00019616
0.0038275
0.0040881
0.0017794
0.00016162
-0.0019069
-0.0028956
0.00011103
0.00080206
-0.0026204
-0.0019644
0.0024833
0.002403
-0.001913
-0.0034519
-2.3009e-05
0.0039838
0.0037748
0.0012904
-0.0016478
-0.0029991
-0.0015839
-0.0018741
-0.0024252
0.00065968
0.0044376
0.0025622
-0.0012154
-0.0014599
-0.0022395
-0.0011382
0.0029484
0.0022575
-0.0023607
-0.0021594
0.002287
0.0020723
-0.0023108
-0.0035874
-0.00021671
0.0022767
0.0017958
0.00085426
-0.00011586
0.0010317
0.0025391
0.00036447
-0.0019142
-0.00024371
3.479e-05
-0.0015376
-0.0010368
-0.0018766
-0.0025635
0.00032069
0.0024296
-1.795e-05
-0.00037296
0.0031434
0.0020101
-0.0027761
-0.0039794
-0.0020237
-0.00030118
0.0003589
0.00026551
0.0016057
0.0028211
0.0020371
0.0025121
0.0011179
-0.0017276
-0.00012862
0.00059671
-0.00089476
0.00082136
0.00077404
-0.0012816
-0.0010803
-0.0019418
-0.0025944
-0.0013013
-0.00024318
0.00016496
0.00017231
0.0016453
0.0042053
0.002399
-0.0025829
-0.0039097
-0.0019717
-0.00033829
0.00027068
0.00026702
0.00011089
7.0294e-06
-2.3259e-05
-1.7403e-05
-5.8003e-06
5.0028e-07
4.4965e-06
3.3038e-06
1.4207e-07
-2.0202e-06
-1.5038e-06
0.0015772
0.0025986
0.0013209
0.0018012
0.00087406
-0.0029813
-0.0037626
-0.0017734
-0.00024037
0.00034143
0.00040349
0.0017475
0.0025464
-0.0003528
-0.0024688
