0.0066393
-0.020948
-0.01573
-0.0052703
0.00043239
-0.020653
-0.013968
0.017877
-0.0069852
-0.031236
-0.018956
-0.004839
0.0012972
0.0018476
0.0011545
0.00054951
7.8132e-05
-8.6592e-05
-7.7738e-05
0.022244
0.03722
-0.0031552
-0.034028
-0.021793
-0.0057938
0.0016118
0.024817
0.060544
0.056394
0.00053744
-0.058165
-0.061439
-0.02655
-0.0023141
0.0051463
0.0040372
0.0014105
-7.2148e-05
-0.00040434
-0.00025311
-6.7822e-05
1.8353e-05
2.9428e-05
1.5116e-05
2.7181e-06
-1.9902e-06
-0.00026475
-0.00044063
0.022308
0.037352
-0.0031
-0.033778
-0.021885
0.016111
0.038607
0.022109
0.0053628
-0.024252
-0.039901
-0.020925
-0.0042446
0.002431
0.0027027
0.0014732
0.00057876
1.7375e-05
-0.00040791
-0.0005515
-0.000267
-0.00031439
-0.00069234
-0.00066149
0.000282
0.00091098
0.00054122
0.00013292
-4.7775e-05
-6.6189e-05
-3.2356e-05
0.00027778
0.00047947
-3.2762e-05
-0.00042714
-0.0002793
-7.9396e-05
0.00030439
0.0005101
0.00026561
4.9842e-05
-3.3946e-05
-0.022598
-0.037716
0.0026658
0.033289
0.021665
0.0067199
-0.00066301
-0.0021382
-0.001269
-0.0003124
-0.00018725
-0.00034671
0.00011399
0.00046501
0.00028438
-0.00022896
-0.00052941
5.8726e-06
0.00044323
0.00029524
8.7028e-05
-0.00032289
-0.00054591
2.2201e-05
0.00046155
0.00030463
8.7897e-05
-1.808e-05
-3.4471e-05
-1.8575e-05
-0.00031707
0.021751
0.037262
-0.0024417
-0.033626
-0.022268
-0.0061395
0.0014993
0.0019144
0.00090615
0.00044583
-0.00025027
-0.0002807
0.00051934
0.00074231
0.00036785
5.9126e-05
-5.3335e-05
-5.099e-05
-2.0693e-05
-1.0121e-06
4.5609e-06
3.3097e-06
-0.00032537
-0.00054744
-0.00028528
-5.3327e-05
0.00036581
0.00025969
-0.00058058
-0.00045648
0.00050616
0.00045529
-0.00015569
0.0001143
-0.00021857
-0.0015167
-0.0012959
0.022792
0.038911
-0.0015733
-0.033148
-0.022185
-0.0068667
0.001332
0.0029678
0.001314
0.022064
0.037086
-0.0026092
-0.033723
-0.022318
-0.0061207
0.0015248
0.0018693
0.00051847
-0.00012458
0.00013773
0.0008333
0.00052553
-0.00056981
-0.00087434
-0.00044361
0.0002826
0.00102
0.00097509
0.00039731
-0.00034211
-0.00069514
-1.6143e-05
0.00052936
0.00035944
0.00010814
-1.8648e-05
-3.9776e-05
-2.2017e-05
-4.735e-06
2.3848e-06
2.7934e-06
0.022272
0.037215
0.018984
0.0029772
-0.024692
-0.039222
-0.020458
-0.0042064
0.0027132
0.0032604
0.0015044
-0.00019052
-0.00088254
-0.00016848
0.00048676
0.00037026
-0.00025348
-0.0010214
-0.00062401
0.00060288
0.00094725
0.00048211
0.022354
0.037149
-0.025253
-0.070862
-0.018907
0.049736
0.059632
0.026693
0.0036407
-0.048442
-0.07836
-0.017694
0.03017
0.023924
-0.013832
-0.059465
-0.036414
0.035114
0.032752
-0.0091551
0.0078645
0.0075869
-0.019564
0.0068257
0.0095155
-0.017607
0.0084599
0.033201
0.04282
0.042629
-0.0048807
-0.014845
0.013537
-0.0090299
-0.032155
-0.041981
-0.042327
0.027145
0.074267
0.020716
-0.049796
-0.060912
-0.028311
0.019062
0.042206
-0.021452
-0.047313
-0.0040682
0.0096365
0.0079223
0.025154
0.081689
0.048469
-0.054899
-0.07134
-0.011748
0.054658
0.03964
-0.0098937
-0.03935
-0.045741
0.0015046
0.056226
0.059188
0.0036915
-0.03387
-0.0013903
0.029454
0.020541
0.0067775
-0.00063988
0.020127
0.036353
0.020151
0.026622
0.03418
0.016182
0.025206
0.058039
0.055258
0.044601
0.082786
0.066478
0.023705
0.065874
0.060813
0.0022123
0.0083487
0.026892
0.037399
0.085018
0.070232
-0.018985
-0.052099
-0.073675
-0.12537
-0.15563
-0.20738
-0.25584
-0.2078
-0.18454
-0.22552
-0.15048
0.24072
0.72668
0.75887
0.48104
0.30923
0.2403
0.19265
0.11231
0.026263
0.010741
-0.00010406
-0.070569
-0.1375
-0.20776
-0.34935
-0.5156
-0.61345
-0.54866
-0.28124
0.013597
0.16456
0.14818
0.077388
0.055974
-0.0064372
-0.086534
-0.07973
-0.054443
-0.10606
-0.21476
-0.29554
-0.23238
-0.080299
-0.016329
-0.012181
-0.023841
-0.016527
0.096245
0.24275
0.32122
0.31376
0.17648
-0.071839
-0.24956
-0.2389
-0.16576
-0.14392
-0.12449
-0.16015
-0.30148
-0.36207
-0.27795
-0.1394
0.066273
0.21369
0.10463
-0.096434
-0.11533
0.012255
0.17144
0.26678
0.2215
0.1204
0.057762
-0.0058844
-0.077224
-0.0090207
0.12704
0.17855
0.24664
0.37335
0.41478
0.32218
0.16155
0.034871
0.012626
0.028769
0.045161
0.094179
0.10004
0.046234
0.0083525
-0.11517
-0.2125
-0.024164
0.14969
0.01793
-0.16036
-0.17871
-0.12376
-0.1049
-0.10619
-0.021829
0.080557
0.062603
0.0034448
0.012254
0.01002
-0.062405
-0.11124
-0.10298
-0.085211
-0.052584
0.032328
0.10234
0.08361
0.075839
0.097066
0.047485
-0.034876
-0.055871
-0.094014
-0.15862
-0.17033
-0.25099
-0.27909
-0.16573
-0.15018
-0.16821
-0.11635
-0.098789
-0.056145
0.058069
0.10154
0.21027
0.44054
0.40349
0.12399
-0.11503
-0.27409
-0.39098
-0.54223
-0.51174
-0.16062
0.14623
0.20513
0.058314
-0.13314
-0.21598
-0.19208
-0.012838
0.14606
0.10112
0.02364
0.037717
0.13062
0.25088
0.20512
0.011727
-0.055526
-0.014333
0.045223
0.12643
0.14827
0.2101
0.35965
0.35526
0.22428
0.20646
0.24942
0.25637
0.20561
0.083337
-0.076182
-0.23987
-0.37431
-0.1703
0.35095
0.43465
0.049119
-0.16758
-0.12763
-0.11182
-0.15346
-0.1167
-0.036778
0.029893
0.078909
0.050726
-0.026876
-0.050745
-0.023757
0.0015355
-0.0094298
0.00019729
0.075219
0.12343
0.11452
0.094272
0.10682
0.1205
0.075775
-0.049611
-0.20898
-0.25888
-0.27547
-0.49982
-0.71125
-0.50595
-0.1353
-0.0056874
-0.010291
0.035969
0.10371
0.14139
0.14359
0.16494
0.23734
0.23333
0.11721
-0.031706
-0.14838
-0.19804
-0.29006
-0.37782
-0.28707
-0.11897
-0.050447
-0.11958
-0.18308
-0.12849
-0.055014
0.030557
0.10415
0.10026
0.060309
0.054318
0.15597
0.30931
0.20506
-0.21123
-0.40501
-0.18435
0.076133
0.15956
0.10558
0.094964
0.12993
0.12074
0.17764
0.23697
0.25437
0.26856
0.278
0.37358
0.39019
0.2158
0.070411
0.041085
-0.025941
-0.16875
-0.27375
-0.31719
-0.23246
0.010608
0.23893
0.19783
-0.062443
-0.18044
-0.08512
0.0063532
0.043004
0.067596
0.053799
0.041481
0.065004
0.086806
0.050699
-0.02441
-0.027616
0.0067427
0.013033
0.013018
0.0094823
0.0293
0.089481
0.14572
0.16706
0.14482
0.058932
-0.10594
-0.26572
-0.3325
-0.38173
-0.40071
-0.3595
-0.3018
-0.20222
-0.12478
-0.096668
-0.049627
0.00058625
0.026849
0.041306
0.055925
0.0801
0.14999
0.27798
0.32685
0.17856
-0.018229
-0.11293
-0.15168
-0.26425
-0.40297
-0.30265
-0.1288
-0.15174
-0.18422
-0.13987
-0.054409
0.036345
0.055517
0.015146
-0.032974
0.12395
0.41473
0.21809
-0.30971
-0.32891
0.019226
0.15752
0.11982
0.084284
0.073098
0.12664
0.19377
0.19887
0.24405
0.31462
0.37553
0.37719
0.23029
0.10922
0.08453
0.073649
0.053821
0.0032957
-0.072333
-0.13702
-0.096918
-0.032299
-0.13336
-0.30609
-0.32606
-0.16132
0.040042
0.15228
0.13271
0.049095
0.045415
0.10941
0.10783
0.070213
0.09299
0.071133
-0.017004
-0.025412
0.034696
0.078134
0.13903
0.19038
0.16577
0.11319
0.07818
0.044494
-0.05941
-0.23121
-0.38473
-0.44494
-0.42679
-0.37718
-0.28164
-0.22971
-0.26241
-0.20529
-0.045825
0.047731
0.049802
0.031982
0.072032
0.16016
0.19132
0.20255
0.28864
0.30053
0.094821
-0.10326
-0.12113
-0.15983
-0.36282
-0.55102
-0.47218
-0.21674
-0.0098339
0.10136
0.13934
0.084929
-0.00057798
0.0045998
0.11567
0.24442
0.30498
0.037088
-0.46988
-0.49859
-0.072578
0.22627
0.29489
0.17924
0.025795
0.077343
0.17206
0.17106
0.20856
0.27756
0.36015
0.37579
0.30028
0.27102
0.20151
0.06976
0.022877
-0.035967
-0.19504
-0.32053
-0.30537
-0.15033
0.037597
0.10038
0.030945
-0.050634
-0.063959
0.016067
0.11896
0.16763
0.1103
-0.027732
-0.089229
-0.056022
-0.013625
0.030385
0.04921
0.056941
0.10016
0.12276
0.12878
0.15295
0.16947
0.17332
0.16489
0.038087
-0.17554
-0.30368
-0.35804
-0.33841
-0.35964
-0.45311
-0.39764
-0.26425
-0.21122
-0.16296
-0.070047
-0.018067
0.012046
0.049523
0.060492
0.13291
0.19246
0.11385
0.057252
0.14778
0.19709
0.081271
-0.050106
-0.13129
-0.33825
-0.60573
-0.55589
-0.25201
-0.046155
0.045039
0.10569
0.11742
0.066251
0.04704
0.1688
0.34735
0.34528
-0.034825
-0.49501
-0.48761
-0.12829
0.20644
0.34064
0.21358
0.061422
0.075073
0.10414
0.13492
0.25149
0.50115
0.73297
0.57325
0.18011
-0.099872
-0.22403
-0.2634
-0.2704
-0.16492
0.040954
0.19738
0.095249
-0.18626
-0.21496
-0.032119
0.070927
0.090401
0.037145
0.0039769
0.040083
0.05021
0.029484
-0.0070795
-0.028129
0.0050806
0.052882
0.062477
0.040424
0.043339
0.070726
0.1088
0.12379
0.10391
0.092956
0.061835
-0.09575
-0.32013
-0.43116
-0.47507
-0.41415
-0.27989
-0.26751
-0.2399
-0.13597
-0.049006
0.033686
0.067862
0.055894
0.080614
0.10649
0.097001
0.094964
0.13749
0.23279
0.25688
0.14789
-0.042288
-0.16727
-0.255
-0.44877
-0.46756
-0.25313
-0.13213
-0.11249
-0.10736
-0.082547
-0.0058356
0.045776
0.040245
0.0084476
-0.010718
0.046852
0.17912
0.33407
0.34768
-0.058859
-0.49729
-0.28297
0.16126
0.23119
0.14869
0.18753
0.18276
0.13647
0.2848
0.44719
0.40908
0.27573
0.12923
0.064258
0.058117
-0.015993
-0.081038
-0.10295
-0.10385
-0.032118
0.026634
-0.079529
-0.23541
-0.24584
-0.12376
0.044021
0.16432
0.15023
0.064931
0.03336
0.054907
0.050674
-0.0048309
-0.042101
-0.034614
-0.044725
-0.055677
-0.041528
-0.05243
-0.083601
-0.080774
-0.0086184
0.061454
0.060726
-0.044298
-0.19904
-0.23259
-0.16921
-0.16606
-0.15626
-0.16709
-0.21647
-0.14531
-0.046895
-0.042055
-0.019867
0.021168
0.041492
0.082923
0.11811
0.18332
0.2371
0.17716
0.05689
-0.039043
-0.061193
-0.12058
-0.27126
-0.39107
-0.39077
-0.13303
0.19561
0.26272
0.2006
0.12617
0.023524
-0.024779
-0.01152
0.049736
0.12572
0.16112
0.16264
0.16552
0.21213
0.25414
0.10458
-0.18124
-0.25203
-0.034801
0.1807
0.17314
0.19216
0.33375
0.42146
0.43711
0.33872
0.18927
0.10934
0.10284
0.092329
0.072484
0.051753
-0.010551
-0.095221
-0.17031
-0.15566
-0.09607
-0.26098
-0.59681
-0.68525
-0.44718
-0.14761
0.0016619
0.014716
-0.026054
-0.078407
-0.097336
-0.12222
-0.16018
-0.17509
-0.17905
-0.19342
-0.21316
-0.24051
-0.21671
-0.053574
0.098257
0.1114
-0.083074
-0.42056
-0.56468
-0.45483
-0.27445
-0.090598
0.017661
0.071367
0.11361
0.067745
-0.064877
-0.12802
-0.04975
0.024885
0.0084523
-0.02218
0.013777
-0.0067891
-0.05234
0.13024
0.38061
0.41203
0.31091
0.20018
0.034487
-0.1252
-0.26546
-0.40124
-0.23068
0.27347
0.61839
0.6144
0.38312
0.11425
0.066867
0.15888
0.26183
0.35604
0.33601
0.28414
0.32731
0.41364
0.30777
-0.14088
-0.52773
-0.40221
-0.02981
0.20521
0.25066
0.14478
0.11559
0.24249
0.33309
0.36968
0.35137
0.25062
0.19703
0.19575
0.16946
0.12237
0.01813
-0.079042
-0.11595
-0.1447
-0.12746
-0.069417
-0.14216
-0.50336
-0.85884
-0.8589
-0.65405
-0.41584
-0.22755
-0.11036
-0.060402
-0.14694
-0.25101
-0.28137
-0.33516
-0.37505
-0.46659
-0.61957
-0.51486
-0.22017
-0.016637
0.074346
0.0034934
-0.14585
-0.3174
-0.53133
-0.55381
-0.36002
-0.10755
0.091349
0.12481
0.093006
0.12963
0.17971
0.2061
0.18722
0.101
0.034356
0.037461
0.071225
0.098546
0.05431
0.0086971
0.12137
0.33042
0.43616
0.37892
0.21181
0.022416
-0.13992
-0.21639
-0.16127
0.060761
0.46988
0.92894
1.1342
0.85639
0.36944
0.12374
0.16843
0.21933
0.18765
0.20214
0.33198
0.51815
0.55382
0.16473
-0.51497
-0.66183
-0.17831
0.2486
0.31096
0.15941
0.081669
0.19736
0.36156
0.35357
0.23549
0.18479
0.194
0.20425
0.13766
0.032403
-0.00855
-0.045304
-0.10852
-0.1511
-0.11903
-0.08676
-0.23923
-0.61272
-1.0081
-1.1132
-0.84553
-0.52175
-0.36728
-0.25617
-0.19001
-0.27804
-0.411
-0.46349
-0.42535
-0.51915
-0.74558
-0.70624
-0.4313
-0.16771
0.026104
0.053977
-0.085317
-0.2691
-0.54827
-0.78396
-0.64083
-0.25666
0.075981
0.20455
0.17387
0.24504
0.35081
0.32696
0.28571
0.23656
0.20004
0.22075
0.19839
0.13306
0.11144
0.015984
-0.13035
0.012285
0.37718
0.5398
0.45953
0.27639
0.068868
-0.052617
-0.11607
-0.058089
0.21312
0.52294
0.77871
0.84218
0.5712
0.26502
0.14408
0.2017
0.34908
0.34011
0.24942
0.23878
0.27026
0.35503
0.45195
0.51744
0.56801
0.64506
0.42517
-0.25949
-0.65663
-0.34896
0.090181
0.24353
0.18462
0.079538
0.026894
0.078022
0.12566
0.096466
0.093499
0.1472
0.16958
0.065557
-0.069715
-0.074062
-0.014993
-0.025622
-0.096057
-0.10684
-0.064811
-0.19741
-0.65883
-1.1557
-1.243
-0.99052
-0.69227
-0.44847
-0.28186
-0.25978
-0.42783
-0.60091
-0.60091
-0.47669
-0.3713
-0.34114
-0.36774
-0.43089
-0.46752
-0.52645
-0.64821
-0.68219
-0.6327
-0.64067
-0.62155
-0.39538
-0.10308
0.1059
0.29818
0.40512
0.42528
0.48703
0.58139
0.56354
0.44707
0.31887
0.19534
0.11977
0.074805
0.070178
-0.018381
-0.14392
0.059079
0.43702
0.60785
0.53459
0.33342
0.11989
0.34015
1.0064
1.1814
0.78927
0.43173
0.30184
0.29161
0.26535
0.27618
0.34866
0.39517
0.37893
0.31286
0.31233
0.45744
0.67005
0.85376
0.57642
-0.29156
-0.725
-0.31925
0.11824
0.26002
0.1962
0.1198
0.21375
0.23455
0.094642
-0.0053618
-0.046472
-0.059331
-0.007734
-0.010158
-0.14448
-0.1747
-0.090846
-0.19583
-0.66541
-1.2392
-1.4181
-1.1647
-0.81852
-0.55068
-0.38069
-0.34976
-0.45063
-0.61648
-0.70609
-0.62724
-0.50653
-0.42607
-0.39434
-0.44428
-0.50186
-0.45799
-0.3567
-0.28307
-0.24354
-0.29708
-0.71135
-1.1286
-0.74595
0.080473
0.57634
0.67384
0.64756
0.65683
0.64875
0.56545
0.44228
0.3113
0.16478
0.07353
0.056792
-0.081436
-0.2881
-0.090437
0.42575
0.73927
0.72414
0.41844
2.2245e-05
0.19768
1.0271
1.2904
0.86609
0.53471
0.41031
0.41602
0.49776
0.43685
0.29441
0.27472
0.26406
0.24747
0.36037
0.5664
0.85462
1.0925
0.61785
-0.45469
-0.84291
-0.34589
0.14838
0.30658
0.2261
0.10515
0.081232
0.078883
0.066451
0.041139
-0.015652
-0.047598
-0.044574
-0.07199
-0.10763
-0.038046
0.050119
-0.11345
-0.68126
-1.3352
-1.538
-1.3271
-1.0237
-0.7299
-0.4514
-0.32258
-0.43953
-0.59611
-0.66874
-0.69207
-0.60952
-0.4997
-0.49544
-0.50392
-0.47212
-0.48164
-0.77013
-1.2275
-1.2463
-0.85066
-0.36872
0.09773
0.39105
0.52052
0.53382
0.48224
0.54598
0.73543
0.81442
0.67333
0.42783
0.23573
0.16794
0.10492
0.022178
-0.062475
-0.15353
-0.0074105
0.38429
0.62432
0.61137
0.43027
0.51149
0.96138
1.0617
0.78768
0.54438
0.47363
0.42779
0.34303
0.35542
0.366
0.39518
0.43203
0.36274
0.26875
0.26331
0.48574
0.91244
1.1059
0.75077
0.023599
-0.47373
-0.36866
-0.046813
0.13474
0.15326
0.099876
0.059851
0.0024823
-0.034477
-0.027018
-0.008205
-0.017412
-0.031316
-0.066256
-0.178
-0.21976
-0.14568
-0.2189
-0.63173
-1.1334
-1.3496
-1.2536
-0.95774
-0.6514
-0.47454
-0.43077
-0.5321
-0.67681
-0.72601
-0.70169
-0.67384
-0.61868
-0.52581
-0.45604
-0.4332
-0.44119
-0.46568
-0.48649
-0.80651
-1.3165
-1.0983
-0.22176
0.44848
0.65596
0.55077
0.42341
0.45477
0.55002
0.61128
0.60684
0.52304
0.38242
0.24453
0.14528
0.068842
-0.050231
-0.20678
-0.13595
0.22139
0.51661
0.62639
0.51657
0.17245
-0.092849
-0.046807
0.29064
0.65997
0.71067
0.82737
1.2488
1.2643
0.85176
0.57116
0.4889
0.39445
0.26196
0.25767
0.37506
0.5049
0.59348
0.41493
-0.21284
-0.70966
-0.5012
-0.063865
0.10071
0.07097
-0.029976
-0.12596
-0.099265
-0.030868
-0.064451
-0.075778
0.0011675
0.024809
-0.058879
-0.11619
0.033551
0.34493
0.46098
0.13688
-0.33045
-0.52836
-0.41264
-0.141
0.089737
0.17595
0.15139
0.03422
-0.12979
-0.21252
-0.17524
-0.11086
-0.10124
-0.10323
-0.081306
-0.090256
-0.14952
-0.21363
-0.22549
-0.17719
-0.098371
-0.060088
-0.078952
-0.11908
-0.15658
-0.01873
0.25963
0.3767
0.28242
0.15142
0.16135
0.24443
0.26787
0.25904
0.20484
0.07812
-0.15829
-0.44275
-0.41638
0.047209
0.50419
0.62883
0.46502
0.21812
0.055501
-0.035367
0.0076552
0.080368
0.080932
0.28136
0.57588
0.62834
0.44319
0.11704
-0.098211
0.024044
0.039507
-0.30991
-0.38878
-0.085348
0.19006
0.3258
0.27449
0.15914
0.1568
0.18693
0.10072
-0.088899
-0.27711
-0.37697
-0.35096
-0.26586
-0.17566
-0.052581
0.03008
-0.01239
-0.10475
-0.10906
-0.06683
-0.083581
-0.14661
-0.22792
-0.22532
-0.11432
0.031365
0.26479
0.47548
0.38604
0.058667
-0.1131
-0.034402
0.054314
0.055508
-0.043412
-0.17702
-0.22145
-0.19111
-0.1142
-0.071762
-0.15134
-0.26629
-0.30442
-0.27965
-0.34641
-0.45844
-0.44128
-0.31061
-0.13415
0.091366
0.30771
0.28557
-0.010266
-0.28058
-0.23588
0.01966
0.16587
0.163
0.10202
0.03632
0.029671
0.06535
0.065056
-0.06127
-0.30105
-0.3418
-0.00098981
0.39348
0.54874
0.50658
0.35357
0.15453
0.080082
0.21031
0.3805
0.41702
0.24765
0.058557
0.14314
0.33254
0.31024
0.082509
-0.23403
-0.41078
-0.30119
-0.056777
0.14378
0.24078
0.38491
0.3926
0.16937
0.16407
0.24307
0.12472
-0.15243
-0.44039
-0.49656
-0.37517
-0.27893
-0.2227
-0.1243
-0.072948
-0.12995
-0.17961
-0.10877
0.017752
-0.0036119
-0.18431
-0.30169
-0.22224
0.016778
0.29072
0.39346
0.26255
0.083371
-0.0086503
-0.008593
0.060741
0.13182
0.092385
-0.04196
-0.11837
-0.11366
-0.11307
-0.17864
-0.26493
-0.26237
-0.17455
-0.24712
-0.47113
-0.49614
-0.39146
-0.33788
-0.28504
-0.21826
-0.14321
-0.042934
0.049568
0.064586
0.0064731
-0.079559
-0.078333
0.01039
0.090738
0.14377
0.13812
0.055536
0.0025999
0.076745
0.13992
-0.013884
-0.35504
-0.43374
-0.065738
0.35701
0.61424
0.65728
0.44151
0.1737
0.090952
0.14477
0.17731
0.22395
0.37629
0.50997
0.47779
0.29185
0.051875
-0.14028
-0.060833
0.22314
0.28644
0.071516
-0.2335
-0.44555
-0.40509
-0.06771
0.46531
0.73734
0.56251
0.21883
-0.11974
-0.32871
-0.33948
-0.22969
-0.13374
-0.1609
-0.18172
-0.12323
-0.12317
-0.16386
-0.14605
-0.10009
-0.12012
-0.21266
-0.26974
-0.21775
-0.058112
0.07924
0.087002
0.080708
0.097446
0.045303
0.0073626
0.083436
0.1642
0.11121
-0.032571
-0.092768
-0.074285
-0.11081
-0.18344
-0.2024
-0.17644
-0.19863
-0.23995
-0.23947
-0.42087
-0.69073
-0.59487
-0.25602
-0.053055
0.042331
0.20727
0.298
0.12155
-0.10881
-0.12783
-0.039797
-0.0058916
0.036568
0.10131
0.13533
0.14733
0.12697
0.068478
-0.13927
-0.44069
-0.40923
-0.0017591
0.41855
0.61749
0.56068
0.36164
0.18744
0.13396
0.16413
0.15444
0.087143
0.10176
0.28473
0.47104
0.42767
0.25651
0.21954
0.27643
0.31728
0.26352
-0.010847
-0.32878
-0.51217
-0.2751
0.31123
0.60055
0.59216
0.43014
0.14882
-0.14879
-0.41036
-0.53562
-0.53733
-0.37665
-0.13783
-0.011313
0.017093
-0.047464
-0.21018
-0.28551
-0.18885
-0.076677
-0.11675
-0.24039
-0.26521
-0.14138
0.060923
0.20805
0.28678
0.27977
0.15589
0.060011
0.071846
0.1228
0.085591
-0.016447
-0.05007
-0.048038
-0.10421
-0.22679
-0.27619
-0.17259
-0.11071
-0.13808
-0.131
-0.11963
-0.1496
-0.20839
-0.28366
-0.43766
-0.52854
-0.31515
-0.002201
0.10969
0.041668
-0.03383
-0.052341
-0.028063
0.034306
0.069952
0.068229
0.067692
0.092363
0.13375
0.10635
-0.12147
-0.4778
-0.45573
0.02649
0.4163
0.57311
0.5695
0.36946
0.12672
-0.032308
-0.059002
0.018062
0.22632
0.60608
0.80289
0.62869
0.28949
0.03966
-0.013123
0.071975
0.22474
0.17303
-0.11536
-0.38147
-0.5777
-0.24604
0.48878
0.68953
0.49921
0.32732
0.15202
-0.091466
-0.34726
-0.46339
-0.45392
-0.31816
-0.138
-0.06216
-0.085113
-0.10875
-0.097824
-0.081555
-0.045669
-0.048222
-0.18085
-0.33861
-0.34733
-0.15538
0.047438
0.11992
0.26784
0.36548
0.18135
0.033274
0.046568
0.070482
0.061446
-0.03978
-0.12484
-0.064066
-0.071156
-0.20488
-0.24633
-0.21648
-0.18838
-0.16059
-0.15203
-0.18878
-0.24838
-0.27593
-0.33931
-0.49611
-0.52497
-0.28006
-0.05648
-0.00016175
0.028961
0.034078
0.039754
0.092339
0.09701
0.071667
0.11126
0.13216
0.08602
0.037195
-0.13833
-0.47293
-0.4844
0.021704
0.55017
0.75802
0.66919
0.41851
0.15653
0.010295
0.042808
0.097039
0.086606
0.16837
0.40845
0.57712
0.4978
0.31646
0.13501
0.09216
0.21656
0.22418
0.008958
-0.21637
-0.21702
0.054088
0.24221
0.21743
0.29757
0.38175
0.28323
-0.0019588
-0.36325
-0.47941
-0.38918
-0.28563
-0.14905
-0.041076
-0.021341
-0.061565
-0.14833
-0.19697
-0.18596
-0.18819
-0.25499
-0.30663
-0.26233
-0.1681
-0.021051
0.094339
0.15499
0.28932
0.36386
0.24527
0.10309
0.052904
0.0090428
-0.051155
-0.10124
-0.13161
-0.15659
-0.23924
-0.2851
-0.2308
-0.17152
-0.16655
-0.19631
-0.23561
-0.39634
-0.6063
-0.57571
-0.29733
-0.063948
0.00053851
0.065022
0.096149
0.028344
-0.033446
-0.06903
-0.041551
0.015184
0.014585
0.012019
0.036446
0.071987
0.10131
-0.10047
-0.44084
-0.41327
-0.045332
0.32724
0.60165
0.67384
0.49601
0.23316
0.071431
0.093038
0.20715
0.17359
0.1335
0.4112
0.68368
0.64172
0.4871
0.25515
0.1266
0.20714
0.15142
-0.12449
-0.48161
-0.62253
-0.41178
-0.10221
0.23091
0.50582
0.53055
0.26904
0.13661
0.18042
-0.07113
-0.34309
-0.36762
-0.27972
-0.12507
-0.051783
-0.077311
-0.099439
-0.094814
-0.14776
-0.26756
-0.36113
-0.36656
-0.2769
-0.11095
0.079163
0.16003
0.20022
0.23031
0.15086
0.092786
0.074435
0.029414
0.004249
-0.040857
-0.086107
-0.10423
-0.1514
-0.1991
-0.21905
-0.22696
-0.2033
-0.16047
-0.16631
-0.20259
-0.236
-0.21662
-0.17424
-0.19749
-0.21705
-0.22088
-0.16933
-0.04325
-0.019533
-0.039171
0.059333
0.080931
-0.054378
-0.11204
-0.086272
-0.045952
0.023719
0.083693
0.12446
0.097323
0.029979
-0.030117
-0.18834
-0.40104
-0.31163
0.11624
0.44999
0.56433
0.5491
0.39132
0.17937
0.043702
0.016985
-0.015533
-0.010015
0.14248
0.48894
0.9093
1.0558
0.8398
0.36113
-0.018407
-0.0086538
0.043512
-0.14793
-0.39627
-0.50425
-0.43719
-0.24465
0.0094792
0.26643
0.5296
0.54272
0.3454
0.33039
0.25299
-0.045803
-0.3021
-0.40372
-0.32383
-0.22359
-0.22126
-0.23373
-0.16901
-0.11316
-0.1362
-0.12167
-0.051677
-0.02033
-0.1086
-0.27745
-0.3421
-0.31199
-0.29726
-0.20792
0.043127
0.4183
0.62663
0.42325
0.11186
-0.0024152
-0.00019725
-0.038863
-0.090603
-0.064244
-0.0032725
-0.015432
-0.13657
-0.2396
-0.1808
-0.094448
-0.10632
-0.11073
-0.16536
-0.26011
-0.23248
-0.22783
-0.32179
-0.32378
-0.26912
-0.20827
-0.1373
-0.0929
-0.043576
-0.021425
-0.0083685
0.022191
0.017
-0.036336
-0.048538
-0.016782
-0.0027328
0.041684
0.10006
0.10651
0.0899
-0.15603
-0.54986
-0.41686
0.11891
0.44958
0.58375
0.59069
0.43714
0.23491
0.066875
0.037457
0.073735
0.087148
0.23842
0.49591
0.60287
0.54543
0.40665
0.10847
-0.0085978
0.23856
0.34708
0.040911
-0.4386
-0.5008
0.022384
0.40488
0.4033
0.40445
0.32895
0.059457
-0.20272
-0.32877
-0.34646
-0.33233
-0.28922
-0.19377
-0.066393
0.032295
0.017584
-0.071236
-0.13818
-0.16599
-0.14136
-0.18807
-0.37151
-0.4396
-0.26606
-0.050999
0.089251
0.29231
0.45648
0.32215
0.084164
0.0053775
0.076917
0.087557
-0.020549
-0.074971
-0.089072
-0.13673
-0.18612
-0.23253
-0.4147
-0.62665
-0.54125
-0.3084
-0.1998
-0.18158
-0.18612
-0.20001
-0.20277
-0.10932
0.024548
0.064084
-0.012716
-0.091077
-0.05411
0.028431
0.05102
-0.015446
-0.058382
-0.025856
0.012539
0.041663
0.035601
-0.17013
-0.5049
-0.44713
0.060246
0.5157
0.65515
0.53201
0.37693
0.27781
0.33564
0.69031
0.89845
0.66216
0.32635
0.1185
0.0014315
0.078202
0.22927
0.1478
-0.059451
-0.25493
-0.35607
-0.21885
0.072939
0.30577
0.42986
0.40004
0.33127
0.41186
0.36299
0.10673
-0.1318
-0.34392
-0.48691
-0.44425
-0.33205
-0.23406
-0.075684
-0.0061362
-0.11272
-0.20187
-0.19266
-0.1422
-0.1049
-0.22123
-0.36999
-0.32409
-0.17883
0.066447
0.34776
0.37433
0.20553
0.052876
-0.06433
-0.11763
-0.090784
-0.10827
-0.2018
-0.27436
-0.25805
-0.18709
-0.16448
-0.20843
-0.2645
-0.27384
-0.24794
-0.21302
-0.19667
-0.18889
-0.13776
-0.068319
-0.062307
-0.10328
-0.095582
0.0054836
0.084926
0.0067965
-0.071532
-0.076243
-0.10213
-0.068871
0.051604
0.11681
0.0802
0.032262
0.024438
-0.090743
-0.3869
-0.45063
-0.044084
0.43062
0.67342
0.6379
0.37777
0.15008
0.047039
0.032793
0.046858
0.017961
0.093539
0.60533
1.2527
1.1945
0.53828
-0.073421
-0.41214
-0.52656
-0.41642
-0.13797
0.11549
0.30558
0.41742
0.3618
0.36571
0.52122
0.4565
0.13787
-0.24818
-0.50911
-0.44939
-0.25885
-0.13373
-0.12061
-0.16367
-0.16297
-0.18691
-0.18859
-0.10686
-0.072719
-0.10618
-0.18692
-0.32424
-0.38962
-0.29951
-0.17051
-0.032604
0.24506
0.49227
0.41383
0.21395
0.057622
-0.13177
-0.22469
-0.21591
-0.20801
-0.17721
-0.14995
-0.14572
-0.1373
-0.15358
-0.18149
-0.20512
-0.26194
-0.26681
-0.22226
-0.25435
-0.27755
-0.20704
-0.061391
0.074837
0.059676
-0.027159
-0.081312
-0.095167
-0.054869
-0.038522
-0.052802
-0.031049
0.029541
0.12722
0.18473
0.14244
-0.055936
-0.41841
-0.4578
-0.017528
0.4064
0.64932
0.64219
0.37193
0.1932
0.36536
0.69468
0.74905
0.52792
0.27961
0.063117
0.09288
0.32102
0.25748
-0.11564
-0.51799
-0.60562
-0.28174
0.013194
0.17148
0.31028
0.46116
0.49663
0.33791
0.28825
0.25843
0.029268
-0.2466
-0.40327
-0.39658
-0.29646
-0.21381
-0.18491
-0.13053
-0.10317
-0.11182
-0.11814
-0.14192
-0.086076
-0.043003
-0.16887
-0.32051
-0.39051
-0.33651
-0.17651
0.017046
0.30854
0.53182
0.36249
0.045328
-0.054352
-0.041092
-0.08958
-0.21532
-0.28003
-0.22304
-0.14092
-0.086545
-0.10526
-0.21419
-0.28229
-0.20872
-0.15607
-0.17974
-0.15478
-0.14918
-0.18994
-0.18417
-0.13573
-0.070324
-0.025729
-0.0043108
-0.0072414
-0.058445
-0.090026
-0.078392
-0.0031492
0.080211
-0.058883
-0.38417
-0.51009
-0.24997
0.10248
0.21199
0.11319
-0.067809
-0.29969
-0.54538
-0.74183
-0.74103
-0.43632
0.19323
0.86934
1.0059
0.47911
-0.14584
-0.50657
-0.548
-0.4025
-0.33899
-0.38391
-0.49004
-0.59353
-0.6188
-0.45065
-0.14655
-0.12842
-0.62487
-1.3386
-1.4703
-0.65784
0.19798
0.50944
0.45611
0.2071
-0.073717
-0.20952
-0.17464
-0.064569
-0.039306
-0.12684
-0.26898
-0.37372
-0.17529
0.33028
0.71521
0.73003
0.36515
-0.12864
-0.32276
-0.12745
0.21695
0.49272
0.68752
0.71577
0.55232
0.38063
0.27745
0.26305
0.28725
0.30472
0.36655
0.46091
0.51769
0.52265
0.55054
0.55985
0.52148
0.55293
0.59374
0.59618
0.60424
0.49488
0.29549
0.20642
0.13916
-0.13355
-0.44829
-0.44559
-0.20493
-0.0023886
0.055957
0.046462
0.028098
-0.086824
-0.31343
-0.45402
-0.31853
-0.057458
0.05669
0.0056423
-0.15867
-0.47898
-0.74796
-0.73714
-0.47504
0.018094
0.5075
0.72979
0.56554
0.081116
-0.29713
-0.40844
-0.45286
-0.46982
-0.52723
-0.62024
-0.67238
-0.70364
-0.61725
-0.39949
-0.14733
-0.071058
-0.47603
-1.1169
-1.1515
-0.45684
0.18921
0.3294
0.21163
0.13964
0.075877
0.022889
0.028346
0.01093
-0.037538
-0.069938
-0.10905
-0.083333
0.14776
0.45996
0.6693
0.59679
0.17363
-0.2502
-0.29528
-0.031952
0.30579
0.58512
0.65983
0.55826
0.44753
0.37561
0.31948
0.29821
0.28358
0.26286
0.35192
0.46871
0.47324
0.4425
0.4797
0.58712
0.64929
0.63519
0.59699
0.46921
0.27246
0.15774
0.048811
-0.10152
-0.11813
-0.025124
-0.014029
-0.14914
-0.25634
-0.20297
-0.11197
-0.097342
-0.11352
-0.083637
-0.10993
-0.28461
-0.36688
-0.19893
0.022025
0.065122
-0.04809
-0.16124
-0.33537
-0.6654
-0.91798
-0.83174
-0.38277
0.2521
0.63977
0.57021
0.17661
-0.29948
-0.68851
-1.0002
-1.2524
-1.3752
-1.3439
-1.2135
-0.99028
-0.64115
-0.25038
0.063002
0.23603
0.25035
0.25589
0.28905
0.2536
0.17465
0.16531
0.22721
0.30552
0.28316
0.15444
0.090203
0.066358
-0.027571
-0.12961
-0.15804
-0.11235
0.0018842
0.25819
0.55098
0.58775
0.28786
-0.036518
-0.051725
0.14459
0.37234
0.56398
0.63354
0.56727
0.47091
0.37519
0.28978
0.31648
0.56816
0.86913
0.81879
0.60399
0.57086
0.60055
0.5958
0.49564
0.27963
0.10086
-0.023827
-0.13702
-0.14643
-0.12366
-0.071884
0.040131
-0.0061393
-0.21981
-0.36042
-0.31806
-0.19948
-0.12489
-0.087439
-0.078614
-0.090539
-0.1237
-0.25144
-0.35388
-0.20696
0.059088
0.17223
0.068006
-0.080363
-0.20151
-0.51349
-0.83923
-0.76064
-0.33851
0.17399
0.53876
0.48602
0.17374
-0.091784
-0.2698
-0.39091
-0.51145
-0.92092
-1.376
-1.0467
-0.24753
0.16258
-0.13797
-0.87436
-1.216
-0.79417
-0.13131
0.26216
0.33688
0.3073
0.28079
0.28547
0.32068
0.29714
0.20514
0.13022
0.12145
0.081101
0.0093473
-0.041219
-0.10604
-0.10619
0.0044913
0.27004
0.57469
0.5806
0.16294
-0.28647
-0.28433
0.03904
0.32954
0.53572
0.61462
0.56169
0.44187
0.33787
0.3191
0.30557
0.26857
0.26867
0.50143
0.90674
0.96171
0.73332
0.52482
0.37604
0.37419
0.29959
-0.0084845
-0.23011
-0.25377
-0.26337
-0.21199
-0.098138
-0.06996
-0.17009
-0.31023
-0.34342
-0.26443
-0.1951
-0.16038
-0.085359
-0.016782
-0.067317
-0.17065
-0.18826
-0.070256
0.11103
0.19713
0.13081
0.013192
-0.20173
-0.52728
-0.69078
-0.6354
-0.43369
-0.046716
0.32856
0.3743
0.1401
-0.10915
-0.29652
-0.48612
-0.82291
-1.2861
-1.4941
-1.2381
-0.74635
0.13559
1.0183
0.70544
-0.23836
-0.59429
-0.30385
0.09169
0.24577
0.23678
0.19027
0.21453
0.3539
0.41306
0.30181
0.15293
0.1005
0.14283
0.14586
0.0093021
-0.13129
-0.12125
-0.025748
0.20041
0.47734
0.41796
-0.01715
-0.32502
-0.22122
0.034018
0.24366
0.42149
0.52381
0.50553
0.40008
0.29684
0.26109
0.27677
0.28906
0.26971
0.23637
0.20399
0.19982
0.22447
0.28074
0.38805
0.49456
0.55352
0.54534
0.4044
0.17959
0.0019079
-0.13102
-0.26682
-0.36648
-0.36525
-0.24419
-0.10883
-0.062175
-0.09691
-0.22052
-0.33808
-0.32442
-0.26449
-0.24243
-0.15289
0.007012
0.047464
-0.073343
-0.1299
0.011937
0.11708
0.096939
0.1234
0.092359
-0.09618
-0.35145
-0.5908
-0.67258
-0.48706
-0.091282
0.22434
0.24114
0.097939
-0.046217
-0.21789
-0.56222
-1.0687
-1.4128
-1.4048
-1.0622
-0.55677
-0.17645
0.08531
0.52995
1.0696
1.1987
0.62417
-0.065043
-0.24498
-0.064396
0.11631
0.13051
0.06431
0.13422
0.34318
0.56223
0.63634
0.43519
0.14265
-0.047101
-0.13417
-0.058152
0.13678
0.27997
0.17685
-0.19628
-0.47551
-0.3416
0.024811
0.29842
0.41788
0.41584
0.31086
0.20065
0.16325
0.18262
0.19481
0.20825
0.22325
0.16396
0.10164
0.12384
0.1428
0.14484
0.19868
0.31723
0.45504
0.49909
0.39433
0.23641
-0.1243
-0.58962
-0.59125
-0.35741
-0.3411
-0.37017
-0.35308
-0.33418
-0.1972
-0.028882
0.0054809
0.01129
0.033846
0.033705
0.053885
0.085618
0.16127
0.23755
0.17922
0.09144
-0.0041044
-0.2287
-0.47882
-0.63766
-0.53456
-0.16408
0.11301
0.15852
0.072665
-0.035865
-0.071382
-0.15512
-0.34711
-0.53983
-0.69891
-0.73267
-0.56081
-0.29709
0.00098889
0.46518
0.82753
0.59265
0.1905
0.10781
0.25176
0.3425
0.32095
0.30985
0.32918
0.31542
0.25948
0.19032
0.11005
0.065137
0.046956
0.00019076
-0.044808
-0.073623
-0.045537
-0.023717
-0.12082
-0.088819
0.1104
0.20846
0.17416
0.14257
0.14969
0.13763
0.10208
0.10095
0.10613
0.06194
0.02833
0.037651
0.027892
0.018076
0.078928
0.18965
0.27105
0.32023
0.3124
0.18242
0.0062293
-0.32332
-0.69488
-0.62796
-0.379
-0.38842
-0.43514
-0.32943
-0.26594
-0.22695
-0.085214
-0.00033307
0.02281
0.06702
0.099651
0.13075
0.15194
0.17944
0.21701
0.21588
0.16748
0.076633
-0.052657
-0.23545
-0.44702
-0.51723
-0.30094
0.013068
0.13745
0.070644
-0.034086
-0.16249
-0.30498
-0.47505
-0.71187
-0.86257
-0.76996
-0.48771
-0.194
0.62867
1.7894
1.7531
0.83913
0.15267
-0.085498
0.050114
0.24693
0.29933
0.31989
0.3846
0.39537
0.31303
0.19158
0.069488
0.023261
-0.020478
-0.057981
-0.041435
-0.079147
-0.08905
-0.041297
-0.12784
-0.38093
-0.45823
-0.18322
0.16928
0.34777
0.3018
0.15019
0.0071633
-0.061147
-0.074246
-0.086247
-0.071059
-0.089562
-0.15886
-0.15404
-0.033872
0.10919
0.14675
0.075504
0.076874
0.11056
0.027433
-0.059613
-0.17333
-0.52804
-0.88224
-0.78786
-0.4239
-0.19861
-0.10838
0.0043292
0.052395
0.017384
0.096731
0.24916
0.29946
0.27291
0.26304
0.24743
0.19221
0.12357
0.05949
-0.015116
-0.20174
-0.45211
-0.45169
-0.20832
-0.043747
-0.0034929
0.027448
0.08616
0.12091
0.013856
-0.20374
-0.40791
-0.57565
-0.59855
0.18726
1.4012
1.5584
0.9078
0.39792
0.059663
-0.11532
-0.080445
0.11208
0.31308
0.34394
0.2352
0.23434
0.31244
0.3161
0.22167
0.10121
0.013888
-0.023179
-0.02617
-0.014638
-0.037818
-0.3012
-0.6075
-0.48345
-0.14034
0.0449
0.065268
-0.012788
-0.079513
-0.070303
-0.064537
-0.099613
-0.089975
-0.058797
-0.099871
-0.16294
-0.2128
-0.26934
-0.26967
-0.16855
-0.061164
-0.054438
-0.078838
-0.069277
-0.078474
-0.22455
-0.48644
-0.59387
-0.53085
-0.4371
-0.27887
-0.13741
-0.12308
-0.079095
0.0078831
0.037005
0.10444
0.18539
0.25765
0.36218
0.36451
0.22543
0.058948
-0.044633
-0.057636
-0.070142
-0.17063
-0.4188
-0.68443
-0.66649
-0.36819
-0.10665
-0.088175
-0.12965
-0.019393
0.082908
0.097977
0.14095
0.22192
0.26554
0.18728
0.092581
0.10891
0.12026
0.041182
-0.03442
-0.03208
0.016807
0.12407
0.26013
0.32832
0.32017
0.27812
0.29461
0.38597
0.37384
0.22197
0.12301
0.096331
0.033644
-0.022894
0.012947
-0.019138
-0.18698
-0.25784
-0.22258
-0.21368
-0.20563
-0.12291
0.009744
0.10188
0.12129
0.059196
-0.039196
-0.059713
0.031915
0.11883
0.11206
0.1033
0.12746
0.096177
0.030999
-0.0034608
0.097497
0.30156
0.37469
0.30175
0.18587
0.026079
-0.12129
-0.17708
-0.23553
-0.36364
-0.45587
-0.42591
-0.34296
-0.29317
-0.19957
-0.10972
-0.11341
-0.068785
0.04034
0.08228
0.17034
0.30606
0.28686
0.14719
-0.0090183
-0.049237
0.030449
0.11077
0.15423
0.036426
-0.14305
-0.22347
-0.29102
-0.33006
-0.39701
-0.48749
-0.45097
-0.33619
-0.17198
0.012071
0.072214
0.11691
0.26953
0.36145
0.25173
-0.076448
-0.28298
-0.029711
0.21812
0.14764
0.077294
0.06582
0.070417
0.18403
0.30075
0.29143
0.23119
0.22366
0.30014
0.37354
0.30414
0.2206
0.18316
0.10776
0.084494
0.057249
-0.034986
-0.12792
-0.20604
-0.23636
-0.27757
-0.18766
0.077244
0.14366
0.047129
0.054464
0.10396
0.1037
0.079966
0.06603
0.05354
0.026458
0.011593
0.010242
0.024254
0.063468
0.10476
0.13196
0.15093
0.16796
0.17309
0.19121
0.2036
0.10855
-0.096931
-0.2807
-0.36452
-0.36615
-0.36601
-0.41439
-0.39592
-0.25126
-0.14961
-0.088492
0.026497
0.066387
0.04505
0.10802
0.24125
0.29154
0.17806
0.040701
-0.032686
-0.086267
-0.10641
-0.079434
-0.075623
-0.19964
-0.4121
-0.49351
-0.36509
-0.2454
-0.27219
-0.34848
-0.39183
-0.32266
-0.16762
-0.092189
-0.034971
0.12012
0.17346
0.034141
0.010743
0.1251
0.11604
0.087279
0.1294
0.14275
0.15685
0.24032
0.28387
0.1871
0.12161
0.21993
0.3334
0.43646
0.52648
0.44017
0.27871
0.079556
-0.21719
-0.28832
-0.021976
0.23755
0.16789
-0.10079
-0.18938
-0.12705
-0.092383
-0.096663
-0.07885
-0.0065761
0.045148
0.079762
0.087849
0.073652
0.093544
0.11238
0.081175
0.026127
-0.013959
-0.047208
-0.048355
-0.0019344
0.086524
0.19383
0.23418
0.13577
-0.19861
-0.59659
-0.63948
-0.42812
-0.28495
-0.19247
-0.1377
-0.095403
0.0091685
0.058806
0.05626
0.13926
0.29173
0.33677
0.19241
0.038275
0.00065015
0.031053
0.02871
0.011535
0.00038529
-0.081964
-0.25173
-0.35517
-0.29244
-0.32778
-0.47426
-0.49018
-0.46844
-0.3539
-0.10353
0.091584
0.15147
0.1338
0.19215
0.13081
-0.14311
-0.15854
0.082143
0.24697
0.23806
0.11572
0.091343
0.19958
0.27143
0.27697
0.25356
0.25711
0.36725
0.40916
0.36634
0.37951
0.29126
0.097922
-0.11379
-0.24051
-0.16213
-0.10875
-0.16863
-0.13759
0.020259
0.13281
0.057456
-0.083327
-0.10661
0.0015546
0.1366
0.17707
0.10864
0.034994
0.023066
0.033654
0.025792
-0.0025884
-0.022228
0.0099968
0.086214
0.17278
0.22343
0.19256
0.11
0.0034904
-0.087622
-0.12019
-0.20756
-0.30942
-0.25647
-0.1839
-0.21887
-0.28095
-0.3163
-0.26508
-0.091433
0.11902
0.29067
0.30035
0.12359
-0.054691
-0.12832
-0.08597
0.005303
-0.0052535
-0.07375
-0.12698
-0.25478
-0.32628
-0.25928
-0.20491
-0.31106
-0.47941
-0.49948
-0.37094
-0.15401
-0.018163
0.047306
0.18063
0.28376
0.29607
0.29741
0.29679
0.14507
-0.11908
-0.16625
-0.040353
0.042816
0.16802
0.27001
0.19212
0.12751
0.15564
0.24129
0.45229
0.5695
0.46385
0.3257
0.22787
0.12692
-0.028937
-0.22449
-0.3606
-0.3345
-0.13894
0.087789
0.25317
0.21871
-0.014969
-0.12747
-0.065629
-0.025154
-0.017651
-0.055368
-0.070453
0.025194
0.11905
0.14877
0.083595
0.0034007
-0.0013748
0.02744
0.039198
0.025013
0.059333
0.10942
0.12588
0.15356
0.13896
0.090397
0.067954
-0.0020636
-0.10905
-0.21281
-0.2671
-0.28007
-0.30434
-0.27392
-0.23869
-0.24299
-0.18203
-0.081347
-0.064025
-0.069152
-0.036678
0.0075593
0.105
0.28076
0.39565
0.26285
-0.034672
-0.21043
-0.14657
0.0032326
0.013719
-0.070079
-0.16786
-0.32219
-0.42047
-0.38277
-0.22926
-0.18668
-0.38225
-0.58893
-0.51208
-0.1735
0.004661
0.030205
0.14938
0.23787
0.24112
0.24299
0.24805
0.037529
-0.32677
-0.32358
-0.035854
0.16788
0.26522
0.32907
0.2868
0.10344
0.05399
0.1672
0.19023
0.054407
-0.084411
0.036189
0.36669
0.63696
0.70577
0.54413
0.29528
0.10421
-0.05519
-0.21653
-0.32291
-0.29329
-0.13966
0.046832
0.2416
0.29276
0.081506
-0.10169
-0.063575
-0.00025012
-0.029876
-0.057361
-0.026737
-0.011606
-0.0055372
0.089673
0.16888
0.14832
0.077523
0.018657
0.02193
0.018533
0.0029482
0.055653
0.11154
0.070228
-0.058185
-0.13912
-0.19857
-0.35852
-0.43434
-0.3125
-0.19489
-0.17955
-0.1913
-0.21522
-0.16196
-0.050029
-0.0006647
0.0041599
0.04512
0.17496
0.34002
0.36793
0.16238
-0.068416
-0.15913
-0.15694
-0.082124
0.021376
0.010871
-0.17113
-0.34074
-0.27032
-0.11512
-0.17692
-0.3888
-0.44338
-0.3695
-0.31148
-0.21891
-0.13827
-0.084866
0.078887
0.26484
0.28941
0.23812
0.23246
0.019836
-0.36287
-0.35496
0.046818
0.44479
0.55909
0.3731
0.17802
0.062704
0.0090354
0.14593
0.45063
0.67842
0.61827
0.43796
0.28338
0.10137
-0.071735
-0.24442
-0.38287
-0.36054
-0.21125
-0.0044165
0.31552
0.52828
0.35835
-0.017351
-0.25064
-0.24519
-0.16185
-0.11271
-0.079971
-0.03336
0.05137
0.10439
0.098077
0.080875
0.04599
0.010436
-0.017046
-0.03892
-0.0054592
0.10102
0.2011
0.18415
-0.030794
-0.29503
-0.43412
-0.44832
-0.35307
-0.27277
-0.27643
-0.23233
-0.1603
-0.14024
-0.079281
-0.027387
-0.0078311
0.050063
0.13707
0.24732
0.27186
0.17361
0.01085
-0.11191
-0.10506
-0.06536
-0.0089866
0.034778
-0.019078
-0.074226
-0.10622
-0.15426
-0.26136
-0.45929
-0.56101
-0.43693
-0.25829
-0.11742
-0.025783
0.025946
0.26261
0.49729
0.22465
-0.22629
-0.17517
0.14236
0.2135
0.15301
0.15248
0.093108
0.083774
0.16952
0.15712
0.14786
0.22863
0.3484
0.46531
0.4506
0.32752
0.24893
0.17027
0.060965
-0.089755
-0.22805
-0.1951
-0.15199
-0.16495
-0.099971
0.010087
0.059669
-0.0059739
-0.062375
-0.005759
0.05263
0.092414
0.1414
0.10805
0.045398
0.018035
-0.027785
-0.065249
-0.014348
0.065098
0.084803
0.076494
0.058554
0.084706
0.13546
0.10848
0.056808
-0.015321
-0.087402
-0.16179
-0.27947
-0.33725
-0.42237
-0.50908
-0.39179
-0.18412
-0.043671
0.042429
0.049581
0.047858
0.18376
0.28401
0.16728
0.035729
0.031025
0.072547
0.081222
0.023601
-0.020396
-0.037036
-0.18362
-0.34387
-0.30193
-0.28792
-0.35915
-0.40232
-0.40406
-0.25812
-0.093048
-0.07635
-0.049153
0.085761
0.19391
0.21091
0.20503
0.22336
0.12527
-0.051723
-0.05611
0.02929
0.089338
0.19286
0.28324
0.23489
0.107
0.061604
0.21786
0.46139
0.5291
0.422
0.2769
0.16465
0.09829
0.02643
-0.1102
-0.24105
-0.26748
-0.19615
-0.091306
-0.024842
0.028361
0.068404
0.031758
0.011028
0.048802
0.065227
0.073823
0.081766
0.070642
0.019488
-0.0046636
0.04118
0.070959
0.058077
0.063209
0.098039
0.092271
0.10087
0.17868
0.22891
0.13779
-0.027352
-0.080947
-0.1103
-0.23567
-0.36852
-0.40521
-0.38272
-0.3446
-0.27573
-0.25294
-0.24057
-0.089833
0.2202
0.36426
0.18732
0.015768
-0.062728
-0.060073
0.040023
-0.0022436
-0.12345
-0.14906
-0.25218
-0.33227
-0.20515
-0.13075
-0.23157
-0.32151
-0.38879
-0.37396
-0.21429
-0.097114
-0.038034
0.086051
0.20543
0.22562
0.26244
0.36369
0.12705
-0.38677
-0.48279
-0.12618
0.18107
0.23803
0.28824
0.40798
0.36731
0.23376
0.26003
0.41882
0.52512
0.49281
0.35292
0.23178
0.12903
-0.071862
-0.26567
-0.33705
-0.28562
-0.062681
0.13881
0.17125
0.11837
-0.014661
-0.10379
-0.04264
0.0079021
-0.066318
-0.11608
-0.046448
0.02616
0.04915
0.067381
0.095486
0.10187
0.071198
0.048588
0.081875
0.13147
0.14995
0.16451
0.12757
-0.020647
-0.19385
-0.30733
-0.31251
-0.29596
-0.38699
-0.41691
-0.28844
-0.20814
-0.20671
-0.17141
-0.14956
-0.086613
0.048553
0.09449
0.11807
0.24072
0.30397
0.22233
0.082348
-0.046805
-0.091266
-0.078014
-0.044233
-0.023643
-0.062047
-0.13384
-0.22044
-0.23237
-0.20599
-0.28819
-0.38321
-0.33646
-0.19941
-0.10631
-0.062983
-0.012326
0.052763
0.13155
0.19727
0.21491
0.23227
0.14725
-0.06215
-0.062113
0.10859
0.16262
0.16746
0.17991
0.21681
0.2194
0.17598
0.27976
0.44598
0.49534
0.40964
0.23527
0.095959
0.0028973
-0.073687
-0.12305
-0.18599
-0.20024
-0.057584
0.12218
0.12524
-0.078344
-0.22795
-0.14277
0.0043216
0.063432
0.043753
0.00054163
0.0041732
0.0581
0.078187
0.056783
0.043952
0.026012
0.073218
0.17319
0.15823
0.095148
0.099786
0.14672
0.16404
0.0096222
-0.17577
-0.21835
-0.27214
-0.34818
-0.33497
-0.3268
-0.3251
-0.24203
-0.1866
-0.17724
-0.14365
-0.067824
0.0029938
0.059402
0.14843
0.22699
0.25797
0.17987
-0.0027529
-0.1047
-0.057591
0.052235
0.14761
0.043061
-0.16261
-0.26083
-0.34528
-0.36063
-0.29975
-0.32692
-0.42716
-0.49361
-0.3857
-0.17693
-0.058246
0.026727
0.10651
0.15132
0.18872
0.24819
0.31968
0.12936
-0.31035
-0.30215
0.14823
0.33386
0.23644
0.15167
0.10829
0.03849
0.0059854
0.17942
0.44157
0.52474
0.43237
0.31858
0.20213
0.045449
-0.10004
-0.20304
-0.23488
-0.12529
0.096722
0.33729
0.46017
0.31778
0.094431
0.060605
0.12749
0.18136
0.16267
0.081512
0.083648
0.1606
0.21392
0.20057
0.12359
0.070386
0.073596
0.14239
0.24131
0.24889
0.19041
0.092534
-0.0090531
-0.087459
-0.23992
-0.33692
-0.3186
-0.32634
-0.31904
-0.28493
-0.33577
-0.38832
-0.28854
-0.1574
-0.084457
-0.01361
0.037458
0.034173
0.0048924
0.023071
0.12456
0.27546
0.34147
0.22656
0.049611
-0.034505
-0.060856
-0.16585
-0.43944
-0.67677
-0.5511
-0.25613
-0.090058
-0.062536
-0.093397
-0.044964
0.06791
0.064484
-0.0088168
-0.010505
0.0060276
0.016651
0.10934
0.28002
0.30021
-0.02911
-0.41731
-0.3942
-0.042006
0.20862
0.21623
0.13704
0.10366
0.21098
0.40088
0.49988
0.45015
0.28078
0.11452
0.047502
0.00014845
-0.058969
-0.085489
-0.10765
-0.15975
-0.16679
-0.067048
-0.06339
-0.19645
-0.19829
-0.082026
0.016918
0.093685
0.1169
0.092095
0.068456
0.054869
0.036778
-0.018558
-0.079325
-0.1155
-0.12522
-0.12583
-0.080475
0.03342
0.095053
0.032364
-0.013429
-0.052571
-0.17827
-0.2463
-0.2246
-0.23033
-0.19441
-0.12785
-0.13578
-0.22841
-0.31681
-0.28396
-0.17544
-0.067465
-0.019875
-0.0018896
0.01496
-0.0045229
0.057741
0.18232
0.32235
0.48432
0.40183
0.091373
-0.068966
-0.10352
-0.18005
-0.26774
-0.33006
-0.18712
0.12436
0.24116
0.14432
0.060852
0.068683
0.12917
0.20219
0.28886
0.36737
0.39024
0.26422
-0.043471
-0.37471
-0.61024
-0.50991
-0.049382
0.2599
0.26102
0.19846
0.164
0.15689
0.18694
0.24459
0.33277
0.46896
0.46329
0.25871
0.11822
0.11916
0.11179
0.063112
-0.012529
-0.1267
-0.15324
-0.13788
-0.20553
-0.33964
-0.51779
-0.54905
-0.33883
-0.11387
0.002491
0.036594
-0.071597
-0.15895
-0.11858
-0.10713
-0.1417
-0.18532
-0.2166
-0.21102
-0.20227
-0.1886
-0.23406
-0.34869
-0.35406
-0.29037
-0.27467
-0.28622
-0.22923
-0.062219
0.053756
0.03506
-0.039357
-0.11135
-0.19687
-0.22792
-0.12977
-0.023349
0.038642
0.11048
0.1418
0.088976
-0.00011959
-0.043569
0.13198
0.46597
0.62445
0.5989
0.41475
0.074543
-0.1994
-0.33186
-0.37976
-0.2347
0.14186
0.45451
0.52056
0.41623
0.28512
0.22305
0.16631
0.099492
0.093838
0.091536
0.079855
0.37145
0.77616
0.43501
-0.38821
-0.62395
-0.23704
0.12737
0.23134
0.12263
0.0049211
0.043506
0.17691
0.31452
0.40306
0.38916
0.30895
0.22782
0.12222
0.042418
0.046505
0.040852
-0.042936
-0.11626
-0.14557
-0.14805
-0.20086
-0.49296
-0.77659
-0.71064
-0.48533
-0.32802
-0.2288
-0.15259
-0.13925
-0.22789
-0.35442
-0.41766
-0.3981
-0.33921
-0.29718
-0.30475
-0.3416
-0.34841
-0.29572
-0.20347
-0.12845
-0.12333
-0.37397
-0.7704
-0.76779
-0.37021
-0.045352
0.097158
0.098574
0.021862
0.047044
0.14785
0.13285
0.077053
0.109
0.12868
0.1276
0.11533
-0.030749
-0.16711
-0.041088
0.26556
0.52219
0.58168
0.53722
0.42346
0.13487
-0.12366
-0.13372
0.032769
0.37469
0.81203
0.94453
0.75796
0.62068
0.53425
0.40962
0.29367
0.19614
0.087582
-0.034159
-0.054306
0.080475
0.36358
0.64969
0.71194
0.28943
-0.41782
-0.62284
-0.34139
-0.096211
0.056379
0.20744
0.33314
0.39348
0.32262
0.19747
0.14254
0.13134
0.10943
-0.010825
-0.16298
-0.27542
-0.3242
-0.19392
-0.050938
-0.18547
-0.51832
-0.83706
-0.96888
-0.83692
-0.59082
-0.33966
-0.15877
-0.17888
-0.35806
-0.50213
-0.55794
-0.55981
-0.51863
-0.49243
-0.45958
-0.369
-0.33361
-0.3803
-0.34563
-0.38649
-0.66182
-0.78583
-0.62882
-0.34465
-0.006274
0.2584
0.3867
0.34644
0.22483
0.15101
0.14661
0.17554
0.21575
0.25191
0.25087
0.20837
0.13286
0.013132
-0.080406
0.058584
0.442
0.78082
0.86349
0.69563
0.32928
-0.095128
-0.29026
-0.17303
0.18754
0.74657
1.0941
0.90331
0.5007
0.31021
0.32979
0.36026
0.32903
0.26987
0.19174
0.13904
0.17045
0.28257
0.44071
0.5364
0.53614
0.28106
-0.16489
-0.26676
-0.10932
-0.021402
0.045725
0.10129
0.075807
0.057617
0.14263
0.14434
0.03244
-0.043174
-0.046031
-0.014602
-0.012068
-0.079099
-0.15851
-0.08895
0.026049
-0.13991
-0.62914
-1.0923
-1.1806
-0.9136
-0.61763
-0.45292
-0.34661
-0.36564
-0.47599
-0.54535
-0.5688
-0.56986
-0.5409
-0.47002
-0.41362
-0.37171
-0.31149
-0.282
-0.26193
-0.24943
-0.31232
-0.44531
-0.51182
-0.49566
-0.57532
-0.62928
-0.50354
-0.30429
-0.0062842
0.59488
1.1704
1.1035
0.64
0.35681
0.22037
0.10947
0.10294
0.031024
-0.195
-0.10923
0.35056
0.70738
0.85266
0.7241
0.26982
-0.10802
-0.15398
0.082211
0.55817
0.98118
1.0181
0.75306
0.4339
0.25703
0.33257
0.44422
0.38589
0.2665
0.21271
0.27223
0.36163
0.40603
0.48827
0.60033
0.67331
0.70675
0.26091
-0.62061
-0.86337
-0.44357
-0.06359
0.13872
0.20611
0.18093
0.16126
0.16222
0.11583
0.034557
-0.0079876
-0.0053833
0.02909
0.009905
-0.12212
-0.084265
0.11287
0.025766
-0.49653
-1.1487
-1.5382
-1.4765
-1.0367
-0.56131
-0.3139
-0.35618
-0.56197
-0.70849
-0.74528
-0.7166
-0.62312
-0.52015
-0.41739
-0.33674
-0.34057
-0.37854
-0.37874
-0.37667
-0.40691
-0.79038
-1.3685
-1.1817
-0.37586
0.31827
0.74107
0.79818
0.6161
0.48805
0.48449
0.44507
0.30897
0.21896
0.21124
0.18016
0.14207
-0.0093047
-0.23918
-0.074536
0.40947
0.76358
0.86627
0.66993
0.26614
-0.10221
-0.20805
0.12867
0.69672
1.1761
1.3512
1.033
0.51012
0.27813
0.32081
0.37715
0.3756
0.30287
0.2438
0.27027
0.32411
0.44929
0.61105
0.72894
0.79767
0.77544
0.36875
-0.52111
-1.1277
-0.88066
-0.23573
0.12459
0.091187
-0.0030823
-0.017215
0.031109
0.10816
0.10675
0.094528
0.13553
0.13802
0.085105
0.020401
-0.015074
-0.02265
-0.08964
-0.20297
-0.14225
0.054671
-0.020491
-0.51996
-1.1807
-1.6085
-1.5378
-1.0934
-0.65182
-0.42677
-0.46734
-0.66313
-0.75443
-0.74744
-0.66782
-0.52835
-0.4843
-0.46189
-0.39603
-0.58097
-0.95661
-1.0094
-0.78659
-0.58687
-0.50895
-0.52064
-0.43378
-0.14868
0.2253
0.49444
0.64921
0.74347
0.70457
0.60093
0.54553
0.47719
0.39703
0.32449
0.22644
0.20223
0.23002
0.064586
-0.19689
-0.10625
0.32251
0.72293
0.87758
0.70679
0.29618
-0.088141
-0.15837
0.19946
0.85751
1.4039
1.4952
1.1051
0.46766
0.078803
0.16344
0.46045
0.60768
0.44612
0.22232
0.21566
0.39547
0.52838
0.50548
0.51367
0.59437
0.70283
0.69609
0.12654
-0.7344
-0.95667
-0.507
-0.048173
0.060562
-0.060484
-0.13152
-0.063164
0.039357
0.069601
0.076948
0.073529
0.030596
0.0028594
-0.022336
-0.044876
-0.040617
-0.10685
-0.21749
-0.17133
0.01339
-0.0014548
-0.46563
-1.1655
-1.5514
-1.3648
-0.9769
-0.69693
-0.59083
-0.67226
-0.71149
-0.63703
-0.60201
-0.57926
-0.5308
-0.52589
-0.51567
-0.44741
-0.40165
-0.40625
-0.42237
-0.46201
-0.51711
-0.50987
-0.48235
-0.51614
-0.54562
-0.49078
-0.3493
-0.14921
0.15046
0.44149
0.56265
0.65562
0.79634
0.84961
0.78187
0.69031
0.60081
0.46436
0.30649
0.2358
0.2312
0.090934
-0.16677
-0.12163
0.31913
0.71973
0.80021
0.51418
0.14386
-0.0049146
0.084263
0.41352
0.82425
0.97874
0.82615
0.64617
0.49053
0.38021
0.41153
0.39793
0.35918
0.4222
0.44939
0.42703
0.3629
0.26465
0.30073
0.54026
0.86281
0.95758
0.4268
-0.65956
-1.2677
-0.83445
-0.14935
0.17855
0.24731
0.16606
0.050674
0.037274
0.079432
0.089946
0.064518
0.045052
0.080805
0.10995
0.075866
0.023632
0.019267
-0.037786
-0.097292
0.032985
0.13536
-0.073412
-0.5915
-1.1695
-1.5138
-1.4871
-1.1633
-0.77416
-0.50687
-0.48788
-0.65039
-0.78627
-0.85805
-0.85035
-0.69787
-0.49514
-0.37756
-0.34913
-0.38863
-0.50511
-0.62098
-0.63345
-0.55378
-0.4916
-0.53672
-0.56351
-0.52815
-0.45243
-0.23129
0.033044
0.23904
0.39601
0.49103
0.60134
0.76383
0.851
0.84785
0.80887
0.63192
0.38851
0.2704
0.31788
0.36878
0.18772
-0.16934
-0.26228
0.1221
0.60592
0.77183
0.52457
0.099804
-0.14169
-0.034263
0.38438
0.94685
1.2591
1.1085
0.71611
0.404
0.32578
0.33416
0.37421
0.41369
0.36132
0.3427
0.34963
0.31325
0.30433
0.39115
0.57979
0.80602
0.93927
0.55111
-0.46923
-1.1278
-0.8269
-0.21022
0.14392
0.17873
0.044015
-0.043214
0.0083671
0.10883
0.10408
0.0066599
-0.0025137
0.062909
0.073754
0.068091
0.049642
0.038227
-0.022857
-0.17019
-0.14023
-0.0076796
-0.11854
-0.55231
-1.119
-1.4366
-1.3916
-1.0753
-0.68911
-0.49634
-0.51552
-0.61712
-0.71784
-0.78713
-0.81901
-0.75593
-0.59677
-0.45848
-0.41231
-0.44944
-0.50066
-0.5369
-0.58101
-0.55168
-0.49365
-0.449
-0.36326
-0.3604
-0.39554
-0.28062
-0.027498
0.26508
0.49965
0.64124
0.73211
0.76879
0.75865
0.81521
0.8251
0.67146
0.44373
0.26136
0.24479
0.29899
0.14776
-0.15198
-0.17385
0.16991
0.58979
0.76097
0.54338
0.14145
-0.096606
0.053852
0.52084
1.0393
1.1222
0.62801
0.25054
0.2973
0.37967
0.39353
0.41468
0.42352
0.39446
0.37205
0.41213
0.38368
0.25876
0.19933
0.37363
0.7808
1.0508
0.74083
-0.14644
-0.81159
-0.66449
-0.19642
0.054231
0.01918
-0.05164
-0.0047924
0.032053
-0.0047318
-0.025728
0.010331
-0.0017516
-0.04471
-0.033586
0.046966
0.089818
-0.022082
-0.17428
-0.23151
-0.14494
-0.030863
-0.15243
-0.45563
-0.8519
-1.2554
-1.3308
-1.0545
-0.70521
-0.48103
-0.44423
-0.55472
-0.71427
-0.82402
-0.80732
-0.67238
-0.49881
-0.39784
-0.42482
-0.54106
-0.65539
-0.64338
-0.558
-0.48269
-0.39554
-0.34131
-0.31053
-0.29522
-0.2797
-0.097479
0.23535
0.45478
0.47894
0.49058
0.56328
0.63835
0.72633
0.78138
0.80699
0.73031
0.47187
0.24747
0.18112
0.22305
0.20931
-0.0454
-0.16998
0.11543
0.47224
0.65755
0.60536
0.33817
0.057084
0.028589
0.40511
0.88473
0.90013
0.32705
-0.1639
0.020499
0.559
0.82194
0.63448
0.28111
0.17363
0.32014
0.37213
0.2603
0.22387
0.30383
0.42492
0.65238
0.8166
0.56634
-0.019466
-0.37253
-0.26958
-0.093147
-0.019643
-0.012044
-0.078342
-0.07534
0.0099245
0.006788
-0.047637
-0.042334
-0.025307
-0.01551
-0.03268
-0.066296
-0.061988
-0.051377
-0.084349
-0.12467
-0.078229
-0.024937
-0.16146
-0.45389
-0.77925
-1.0785
-1.1934
-1.036
-0.72317
-0.43427
-0.34832
-0.47798
-0.65781
-0.74968
-0.6858
-0.52977
-0.42489
-0.44781
-0.53761
-0.61057
-0.67838
-0.69543
-0.60455
-0.4785
-0.41119
-0.36389
-0.30218
-0.27222
-0.25336
-0.075905
0.23815
0.45553
0.56391
0.59094
0.54611
0.55047
0.64581
0.64582
0.57135
0.56628
0.49845
0.39928
0.35347
0.25693
0.091129
-0.13106
-0.20463
0.075576
0.4164
0.52421
0.39649
0.15721
-0.029023
0.013793
0.35229
0.83551
1.0245
0.68444
0.28072
0.18501
0.26049
0.26919
0.18969
0.21649
0.33501
0.37217
0.34778
0.3377
0.30753
0.25578
0.33957
0.59971
0.70692
0.39388
-0.13323
-0.45898
-0.38377
-0.10002
0.054322
0.0067559
-0.099112
-0.12676
-0.041236
0.052167
0.018197
-0.058174
-0.043908
-0.015367
0.0039961
0.038523
-0.022517
-0.0871
-0.069139
-0.12234
-0.099886
0.043405
-0.043711
-0.40646
-0.71697
-0.82374
-0.8689
-0.86347
-0.70571
-0.45749
-0.32806
-0.41134
-0.59259
-0.67485
-0.58752
-0.43168
-0.30201
-0.26727
-0.3534
-0.52221
-0.66706
-0.73437
-0.70615
-0.55881
-0.38668
-0.22952
-0.10609
-0.064197
-0.051168
0.053161
0.22374
0.34068
0.52856
0.71956
0.67931
0.57213
0.55202
0.5471
0.52084
0.42679
0.3422
0.31702
0.26017
0.21031
0.11279
-0.083928
-0.16472
-0.012225
0.2045
0.327
0.29759
0.13007
0.028887
0.1436
0.38718
0.67803
0.69341
0.28143
-0.01247
0.073055
0.25444
0.32559
0.28233
0.17891
0.078983
0.083793
0.17616
0.25401
0.28671
0.28776
0.29767
0.3395
0.30887
0.071276
-0.30045
-0.49495
-0.30028
0.027023
0.15232
0.073094
-0.0602
-0.13816
-0.08596
0.030659
-0.0007672
-0.1307
-0.15355
-0.11455
-0.073093
0.024133
0.122
0.13237
0.079421
0.010485
-0.065675
-0.10338
-0.070386
-0.038707
-0.025803
-0.0076079
-0.016163
-0.030526
-0.0070384
0.016443
0.012799
-0.0090978
-0.036365
-0.018032
0.018681
0.021164
0.02298
0.041202
0.070629
0.068123
0.014317
-0.05641
-0.11198
-0.082594
0.017577
0.050228
-0.0019121
-0.031595
-0.016679
0.0048531
-0.019678
-0.076813
-0.091334
-0.04193
0.0043162
-0.021842
-0.046935
-0.0083937
0.037382
0.040659
0.008438
-0.00049159
0.024569
0.0030258
-0.044778
-0.052627
-0.036447
-0.024754
-0.030344
-0.014151
-0.0018848
0.0064305
0.022432
-0.0042543
-0.012673
0.0060956
-0.037499
-0.071462
-0.024982
0.014788
0.043264
0.065844
0.064471
-0.00041575
-0.07479
-0.0011802
0.094005
0.063355
-0.0082258
-0.03921
-0.028455
-0.022725
-0.035093
-0.031315
0.014826
0.058327
0.035378
-0.0002227
-0.00057637
0.017405
0.025299
-0.00089364
-0.024722
-0.038366
-0.037251
0.011624
0.057594
0.049164
0.045371
0.05841
0.054634
0.066567
0.04863
-0.015351
-0.040319
-0.0054306
0.042029
0.033889
-0.0012908
-0.0094158
0.0074296
0.01645
-0.012943
-0.026263
-0.0056484
-0.0062277
-0.016156
-0.02705
-0.049634
-0.044265
-0.017184
0.013041
0.013082
-0.007908
-0.008606
0.00062095
0.038181
0.052245
0.021006
0.00090886
-0.022491
-0.01532
0.044375
0.078205
0.054645
-0.0232
-0.09621
-0.10326
-0.076202
-0.020648
0.023182
0.020765
-0.0097435
-0.056327
-0.070916
-0.060079
-0.040274
-0.0073892
-0.0036425
-0.009449
-0.014292
-0.038405
-0.040028
-0.017186
0.025239
0.04341
-0.0084384
-0.025425
0.016258
0.030654
-0.0013977
-0.026541
0.01372
0.0604
0.050382
0.00070151
-0.016801
0.0018557
-0.007828
0.012144
0.041296
0.011346
-0.020684
-0.034633
-0.013437
0.01761
-0.011354
-0.056517
-0.03969
0.018782
0.027258
0.013558
0.028732
0.015854
0.0033879
0.024764
0.042235
0.061803
0.057288
0.036082
0.022992
-0.0069081
-0.010433
0.034415
0.065379
0.035182
-0.019316
-0.021833
0.0034343
0.0078126
0.0043751
0.00096474
-0.00045632
-0.013751
-0.0091105
0.010552
-0.0038162
-0.031608
-0.033433
-0.0012704
0.038732
0.044275
0.001971
-0.027818
-0.019166
-0.005841
0.00091705
0.0020894
0.0011707
0.00025833
-0.00012206
-0.0001471
-6.7909e-05
-8.4497e-06
1.1466e-05
9.8264e-06
3.7005e-06
-0.013149
-0.021974
0.001722
0.024685
0.025812
0.015943
-0.013804
-0.031286
-0.012652
-0.0088648
-0.015884
-0.0084188
-0.0016446
0.0010193
-0.016916
-0.047642
-0.045718
-0.018658
-0.00098335
0.022067
0.051097
0.046744
0.018473
0.00060076
-0.022285
-0.069192
-0.058845
0.032067
0.0544
0.010376
0.011275
0.02299
-0.0054607
-0.027509
0.00096206
0.0075886
-0.031241
-0.022875
0.028633
0.024983
-0.0085174
0.0060377
0.024263
-0.0033041
-0.026406
-0.029941
-0.026476
0.002838
0.021617
0.031867
0.034012
0.014785
0.001338
-0.0028326
-0.0022384
-0.00078736
3.6453e-05
0.00022316
0.013154
0.021779
-0.0017143
-0.01965
-0.012752
0.0094046
0.035532
0.047469
0.017783
-0.031139
-0.051366
-0.039596
0.017486
0.039828
0.0093336
-0.0037868
-0.0048964
-0.0023304
-0.018444
-0.016937
0.0062556
-0.0044962
-0.017557
-0.028767
-0.014876
0.046488
0.047903
0.015234
0.011084
-0.0093553
-0.022016
-0.030547
-0.0020056
0.037438
0.012693
0.0042815
0.030749
0.032484
0.0011072
-0.033319
-0.035554
-0.0025273
0.020179
0.027081
0.0078116
-0.032662
-0.031514
-0.020539
-0.018727
0.0055146
0.021323
0.012914
-0.0019939
-0.022774
-0.009488
0.012268
0.0053249
0.018658
0.029361
0.027873
0.037038
-0.00037892
-0.066398
-0.051966
0.012953
0.034654
0.019982
0.0046648
-0.0019117
-0.0024599
-0.0011682
-0.00016313
0.00018526
0.00016543
-0.012773
-0.039668
-0.028785
0.021746
0.04008
0.021408
0.0042532
-0.0025479
-0.0027831
-0.0012248
0.012693
0.021633
-0.0014942
-0.037499
-0.043022
-0.0011703
0.028309
0.019292
0.0058024
-0.019218
-0.019819
0.035371
0.046982
-0.0029606
-0.026616
-0.017112
-0.0047679
0.013888
0.036057
0.046216
0.047438
0.0074092
-0.058031
-0.066317
-0.029857
-0.0033029
0.0053153
-0.0011278
-0.025901
-0.029846
0.010334
0.032755
0.019372
0.0047333
-0.0017133
-0.03336
-0.052971
0.029342
0.10224
0.035752
-0.052675
-0.044363
0.0033704
0.0022813
-0.02475
-0.0060014
0.0022216
-0.015297
0.007476
0.0088764
-0.014236
0.019217
0.047493
0.014325
-0.0023697
0.020183
-0.0041762
-0.038903
-0.0067326
0.010932
-0.003644
-0.0052016
-0.020899
-0.018368
0.023945
0.026366
-0.0010122
-0.0073305
-0.0046639
-0.0012809
-0.0053658
-0.0089658
0.0010254
0.0086539
0.0055523
0.0015417
0.012275
0.020484
0.010647
0.014612
0.0071179
-0.011542
0.0030902
0.017611
-0.0015883
-0.030747
-0.032846
-0.01428
-0.0012963
0.015342
0.023227
-0.00089147
-0.0064562
0.021093
0.015779
-0.019919
-0.029931
-0.0024705
0.018477
-0.012145
-0.056362
-0.04057
0.017964
0.053263
0.025378
-0.033215
-0.016125
0.046932
0.028837
-0.030161
-0.014958
0.022688
0.018993
0.0011639
-0.022424
-0.022022
-0.0091118
0.0061073
0.024812
0.0084546
-0.00058309
0.0041194
0.015437
0.033646
-0.012272
-0.066108
-0.035356
0.02391
0.024965
-0.014314
-0.02842
0.015496
0.048522
0.004277
-0.033754
-0.00529
0.035918
0.037939
0.0038945
-0.019456
-0.0015407
-0.0086214
-0.042883
0.0043547
0.069662
0.039673
-0.0094166
-0.016328
-0.0085765
-0.0016361
-0.011414
-0.032195
-0.0252
-0.015253
-0.022345
-0.0046911
0.0024835
-0.0096104
-0.0070725
-0.033251
-0.039006
0.025595
0.057943
0.032423
0.019579
0.029832
0.027509
0.010931
0.00039555
-0.014918
-0.034957
-0.019693
0.0019492
0.00018682
0.018135
0.030628
0.01598
0.0029952
-0.0020228
-0.0021136
-0.00090798
-7.5968e-05
0.00017815
0.00013873
-0.01847
-0.030949
0.0024125
0.027953
0.018151
-0.025779
-0.040411
0.010294
0.023261
0.013014
0.015232
0.006936
0.0008105
-0.0012061
0.017527
0.049154
0.016207
-0.050972
-0.044491
-0.010852
