-0.0051289
-0.03109
-0.01957
-0.0052867
0.0013905
0.0020609
0.0010317
0.022661
0.037022
-0.0033679
-0.033885
-0.021888
0.016145
0.038639
-0.00042826
-0.032319
-0.021579
-0.0063252
0.0012005
0.0026187
0.0016756
0.022526
0.036755
-0.0033025
-0.033773
-0.02183
-0.0059047
0.02427
0.040282
-0.0015987
-0.033968
-0.022613
-0.0066058
0.0012745
0.0025222
0.0013712
0.00028363
-0.0001557
-0.00017606
-7.8868e-05
-8.5008e-06
1.4204e-05
1.1679e-05
4.2532e-06
-9.3112e-08
-1.1357e-06
0.022281
0.037234
-0.0026821
-0.010958
0.015369
0.012838
0.0047352
0.00017963
-0.00083089
-0.022885
-0.037429
-0.019587
-0.0039476
0.024578
0.03977
0.020485
0.0037115
-0.02496
-0.039968
-0.020521
0.018596
0.039939
0.022108
0.027039
0.05713
0.053795
-0.022881
-0.073493
-0.043542
-0.010674
0.0038242
0.0052595
0.0025643
-0.021889
-0.037617
0.0025631
0.033494
0.021829
0.0061963
-0.023632
-0.039704
-0.020679
-0.0038582
0.0026289
0.024755
0.037967
0.019494
0.026047
0.01256
-0.042708
-0.05411
-0.025534
-0.0034804
0.0041073
0.025917
0.038637
-0.0028954
-0.033974
-0.022067
0.016047
0.038618
-0.00041726
-0.032306
-0.021573
-0.0063245
0.023481
0.039634
-0.001611
-0.033364
-0.021982
-0.0063316
0.0012977
0.0024684
0.0013289
0.02255
0.037367
-0.0026089
-0.033749
2.5208e-06
0.030797
-0.001616
-0.0088549
0.039029
0.028424
-0.013056
0.0063483
0.0075542
-0.041095
-0.051763
-0.024365
-0.0032887
0.0039411
0.0034744
0.001337
2.0482e-05
-0.00032362
-0.00022233
0.022214
0.037244
0.019387
0.0036114
-0.024749
-0.017519
0.039051
0.030625
-0.033866
-0.030453
0.010392
-0.0076241
0.014543
0.10081
0.086257
-0.034088
-0.11117
-0.088592
-0.031711
0.023355
0.045955
0.0026629
-0.03209
7.6108e-05
0.030748
-0.0013516
-0.031263
0.0013243
0.031057
-0.0017748
-0.0090271
0.038952
0.050697
0.02419
-0.01884
-0.063308
-0.037727
0.035219
0.055433
0.02831
-0.017271
-0.063294
-0.060395
-0.024556
0.021042
0.042597
0.00099345
-0.032363
-0.021967
-0.0065745
0.0011311
0.0024179
0.0013371
0.00028712
-0.00014471
-0.00016955
0.00026428
0.00056304
0.022593
0.037298
-0.0032965
-0.034248
0.00012951
0.031008
-0.0015043
-0.031113
-0.020498
0.016376
0.038441
-0.0006172
-0.032394
-0.021582
0.015972
0.060725
0.036717
-0.035244
-0.055195
-0.028146
-0.0046008
0.0043774
0.0033768
0.00043768
-0.00019761
0.00048567
0.045302
0.07484
-0.0057739
-0.04577
-0.007711
-0.015539
-0.008113
0.043037
0.030558
-0.013376
-0.016689
-0.0070795
-0.00053858
0.0010525
0.0012145
0.00055001
0.021968
0.037258
0.019459
0.003278
-0.024612
-0.061523
-0.056974
-0.022323
0.021293
0.064484
0.038279
-0.013248
0.0033462
0.027481
0.017209
-0.016889
-0.059455
-0.036024
0.012327
0.016969
0.0082744
-0.020615
-0.015522
0.016271
0.014436
0.0059785
-0.021909
-0.038489
-0.019896
-0.0024205
0.0033964
0.0016679
-0.00014679
-0.00011142
0.00077911
0.00054989
0.022046
0.036521
-0.0037477
-0.011318
0.038722
0.051522
0.002118
-0.056534
-0.038066
0.011392
-0.0050283
-0.028527
-0.017879
-0.0044058
-0.02034
-0.057102
-0.032793
0.037336
0.033323
-0.031269
-0.073191
-0.063098
-0.023431
0.0014278
0.0073245
0.0045775
0.002542
-0.021239
-0.037441
-0.019208
0.019302
0.062816
0.038852
-0.011407
-0.018055
-0.053624
-0.09845
-0.05443
0.030315
0.07476
0.060737
-0.024166
-0.14386
-0.18207
-0.021743
0.27844
0.47221
0.38703
0.14673
-0.013047
0.045275
0.20627
0.25411
0.20226
0.13553
0.10354
0.13852
0.12769
0.026458
-0.042428
-0.065868
-0.086172
-0.068384
0.018762
0.1624
0.2807
0.30318
0.26785
0.23975
0.18473
0.11054
0.07587
0.049346
0.03863
0.058348
0.028836
-0.03856
-0.075699
-0.084231
-0.10377
-0.1375
0.046117
0.44764
0.49387
-0.0015376
-0.48096
-0.65651
-0.60946
-0.37601
-0.18661
-0.20615
-0.31009
-0.30714
-0.23385
-0.26724
-0.45927
-0.64402
-0.59156
-0.40251
-0.2286
0.013967
0.28211
0.44325
0.35455
-0.02805
-0.37398
-0.42378
-0.45749
-0.66494
-0.93211
-0.92391
-0.45805
0.075147
0.35915
0.50578
0.63946
0.60641
0.41802
0.37004
0.45359
0.49911
0.53135
0.58618
0.54793
0.41979
0.29949
0.2289
0.19165
0.11805
0.029561
0.033746
0.12706
0.16442
0.098917
0.0019911
-0.068364
-0.046872
0.028781
0.11669
0.24468
0.3302
0.31142
0.23391
0.12324
0.024716
0.0081112
0.021795
0.078364
0.15591
0.12885
0.091832
0.073727
0.005772
0.0328
0.13488
0.13122
0.081235
0.047825
0.015867
0.026527
0.086549
0.12148
0.063722
-0.0061045
0.02661
0.088159
0.11997
0.16699
0.16903
-0.0047547
-0.39304
-0.73833
-0.68509
-0.40269
-0.26566
-0.25926
-0.27775
-0.38335
-0.66289
-0.95506
-1.0284
-0.95016
-0.78523
-0.59125
-0.40179
-0.20486
-0.12359
-0.031008
0.32466
0.74987
0.9254
0.73928
-0.072695
-0.92199
-0.74042
-0.18498
0.014178
0.13488
0.23411
0.26492
0.2996
0.32133
0.33371
0.37761
0.40452
0.34698
0.28205
0.30148
0.31361
0.34402
0.38669
0.14938
-0.19344
-0.19411
-0.031393
-0.014779
-0.091259
-0.099613
-0.017708
0.080955
0.12476
0.12793
0.16197
0.18569
0.15116
0.099635
0.094272
0.12537
0.17094
0.21414
0.20703
0.19165
0.18462
0.14024
0.1333
0.14006
0.039168
-0.091744
-0.10456
-0.015342
0.025821
-0.023978
-0.061768
-0.048828
0.0032198
0.039256
0.072274
0.30308
0.62499
0.53499
-0.0064823
-0.50472
-0.77189
-0.82358
-0.58225
-0.24496
-0.09458
-0.14274
-0.20148
-0.18036
-0.22849
-0.59165
-1.0519
-1.1294
-0.79315
-0.4088
-0.25883
-0.19693
-0.029629
0.27854
0.50793
0.52015
0.57177
0.52928
0.10096
-0.41609
-0.45858
-0.018321
0.26961
0.13685
-0.046508
-0.094128
0.02952
0.26066
0.44609
0.46625
0.30015
0.11739
0.10496
0.22676
0.29252
0.20289
0.083406
0.069
0.16182
0.32395
0.34447
0.18392
0.042083
-0.068263
-0.15523
-0.17773
-0.11861
-0.031757
-0.037363
-0.10655
-0.15131
-0.14294
-0.10271
-0.034888
0.086406
0.19346
0.23692
0.22013
0.10924
-0.026529
-0.023795
0.077037
0.12256
0.12679
0.13765
0.12145
0.08554
0.067953
0.093779
0.10141
0.03573
-0.033151
-0.059624
-0.10507
-0.17648
-0.17017
-0.085779
0.011966
0.078629
0.14004
0.20721
0.3032
0.48439
0.42508
-0.020779
-0.42067
-0.58345
-0.54637
-0.37851
-0.22194
-0.15682
-0.17233
-0.18422
-0.24489
-0.42689
-0.76875
-0.98553
-0.7447
-0.36945
-0.13981
-0.08472
-0.084026
0.091931
0.31563
0.4303
0.35168
0.04058
0.026841
0.41293
0.47006
0.12121
-0.10802
-0.10822
0.016255
0.23028
0.42918
0.44354
0.2454
0.062485
0.03451
0.08662
0.1575
0.19267
0.1308
0.03714
0.057933
0.18657
0.22553
0.13152
0.010056
-0.071014
-0.11109
-0.11506
-0.023973
0.079599
0.035339
-0.13113
-0.20848
-0.12874
-0.014296
0.06264
0.065015
0.091109
0.1712
0.17695
0.14199
0.13756
0.12059
0.13242
0.18648
0.19748
0.21662
0.20516
0.083414
-0.017168
-0.072092
-0.078966
0.00012275
0.033185
-0.009998
-0.04872
-0.067658
-0.071001
-0.044683
0.036025
0.12356
0.18415
0.22533
0.32657
0.537
0.49196
0.01012
-0.48078
-0.71462
-0.72272
-0.481
-0.1568
-0.069311
-0.19398
-0.32186
-0.88767
-1.6615
-1.4187
-0.63563
-0.26008
0.022937
0.37244
0.60118
0.7071
0.65272
0.41363
0.01086
-0.30563
-0.10698
0.36361
0.45358
0.11367
-0.18084
-0.24357
-0.072966
0.24901
0.3968
0.30832
0.16252
0.063989
0.054796
0.075412
0.11737
0.18307
0.1759
0.11675
0.099248
0.19616
0.29713
0.18619
-0.029807
-0.13253
-0.1745
-0.21926
-0.19095
-0.093597
-0.013116
0.033344
0.062882
0.071243
0.11758
0.17359
0.11149
-0.012435
-0.014653
0.03505
0.06919
0.16674
0.19929
0.13135
0.09937
0.13716
0.19336
0.19986
0.10139
-0.067971
-0.12377
-0.051017
0.014232
0.060594
0.034251
-0.077907
-0.13434
-0.083675
-0.0335
0.005723
0.10276
0.17921
0.16026
0.21423
0.43436
0.40266
-0.0083123
-0.37539
-0.60602
-0.67919
-0.4916
-0.26754
-0.1364
-0.099813
-0.66097
-1.586
-1.5469
-0.73157
-0.24233
-0.059717
0.20225
0.51916
0.713
0.72117
0.51977
0.16197
-0.2769
-0.4703
-0.035688
0.54001
0.51498
0.1066
-0.16579
-0.23097
-0.048749
0.28425
0.48576
0.44555
0.2702
0.17113
0.18253
0.1485
0.078482
0.15724
0.32067
0.3679
0.22526
-0.0044001
-0.13434
-0.16594
-0.1422
-0.062985
-0.0043312
-0.013446
-0.098831
-0.19769
-0.17371
-0.045243
0.03131
0.051702
0.09099
0.13502
0.13312
0.053403
-0.022744
0.033504
0.157
0.2025
0.17929
0.12935
0.058653
0.047531
0.12661
0.12076
0.04149
0.063766
0.1002
0.077357
0.0025892
-0.11713
-0.12808
-0.021482
0.044403
0.082257
0.15339
0.19115
0.28945
0.54297
0.50822
-0.0030749
-0.44995
-0.64638
-0.67225
-0.48164
-0.24747
-0.12493
-0.11882
-0.20365
-0.34856
-0.64769
-1.084
-1.3587
-1.2782
-0.9248
-0.47926
-0.086892
0.14623
0.22486
0.32368
0.39103
0.3436
0.28769
0.15042
-0.1158
-0.21279
0.058725
0.27356
0.21331
0.17755
0.23603
0.27721
0.20377
-0.0069634
-0.14282
-0.094874
0.0032864
0.060954
0.080217
0.078939
0.073198
0.12045
0.24427
0.35983
0.36196
0.32988
0.46379
0.68123
0.77369
0.84159
0.94824
0.95329
0.86332
0.64629
0.38974
0.38142
0.59495
0.78335
0.76497
0.61756
0.54602
0.53582
0.52556
0.52259
0.49946
0.41736
0.3712
0.39168
0.7718
1.2742
0.9433
0.15234
-0.31318
-0.44552
-0.39812
-0.33288
-0.34969
-0.427
-0.37762
-0.23329
-0.1549
-0.13392
-0.16271
-0.18769
-0.10256
0.098272
0.12013
-0.18444
-0.53381
-0.69513
-0.5625
-0.2577
-0.072137
-0.22702
-0.70456
-1.1322
-1.3191
-1.2712
-0.96343
-0.55398
-0.23241
-0.10631
-0.25053
-0.48276
-0.55228
-0.48922
-0.4298
-0.38505
-0.30345
-0.2517
-0.40968
-0.14689
0.68391
0.76821
0.13757
-0.22897
-0.1789
0.0097106
0.060975
-0.044282
-0.19788
-0.29355
-0.26827
-0.20557
-0.21319
-0.21717
-0.15258
-0.064696
0.011948
0.053412
0.0086753
-0.022287
0.13475
0.52033
0.93719
1.0911
1.0509
0.96849
0.79008
0.54935
0.47315
0.63345
0.80685
0.80628
0.68467
0.58284
0.54761
0.52135
0.46412
0.61573
0.93826
0.96731
0.76107
0.55052
0.4498
0.47751
0.29398
-0.098957
-0.38592
-0.47056
-0.46767
-0.45704
-0.41512
-0.41512
-0.43699
-0.42437
-0.45052
-0.42245
-0.27206
-0.17999
-0.16084
0.022862
0.32263
0.29388
-0.11641
-0.517
-0.65288
-0.46869
-0.11926
0.087017
-0.099182
-0.67282
-1.2719
-1.5354
-1.4231
-0.99502
-0.44537
-0.13855
-0.13246
-0.27061
-0.53467
-0.72633
-0.604
-0.38767
-0.42585
-0.70322
-0.59848
0.28486
1.183
1.2123
0.49465
-0.23117
-0.49834
-0.33568
-0.011882
0.17186
0.11414
-0.041449
-0.14063
-0.15649
-0.16277
-0.18281
-0.16416
-0.13572
-0.10932
-0.068377
0.052555
0.18326
0.13055
0.031502
0.099814
0.37134
0.74107
1.0162
1.1181
1.0169
0.76432
0.52072
0.43071
0.5053
0.63279
0.70975
0.69335
0.6336
0.72694
0.92034
0.83814
0.54856
0.40015
0.44966
0.52106
0.51083
0.45617
0.38337
0.18661
-0.17361
-0.5026
-0.63365
-0.5844
-0.46674
-0.38542
-0.43009
-0.56186
-0.6017
-0.48266
-0.29482
-0.15504
-0.12873
-0.11558
0.0096068
0.18439
0.14975
-0.11206
-0.30818
-0.41974
-0.40499
-0.21929
-0.020226
-0.072599
-0.5751
-1.1747
-1.4214
-1.3398
-1.098
-0.78772
-0.48314
-0.21703
-0.1574
-0.23957
-0.27089
-0.26204
-0.32064
-0.53086
-0.62467
-0.072811
0.89499
1.2376
0.68108
-0.0070341
-0.26916
-0.19647
-0.023395
0.087836
0.030394
-0.10352
-0.1217
-0.024636
0.027422
-0.024412
-0.12597
-0.14122
-0.032133
0.017886
0.014767
0.04895
0.050826
0.043269
0.10589
0.33715
0.6678
0.85171
0.87977
0.80705
0.63784
0.50182
0.44876
0.49977
0.61061
0.65517
0.60526
0.64464
0.81228
0.75322
0.52337
0.47811
0.50624
0.44289
0.38012
0.36751
0.34652
0.24253
-0.033522
-0.37399
-0.51987
-0.56485
-0.58617
-0.46945
-0.36993
-0.44117
-0.54685
-0.53555
-0.4225
-0.31667
-0.25662
-0.22995
-0.21003
-0.048148
0.27882
0.39217
0.077379
-0.36257
-0.57375
-0.47712
-0.21722
-0.037755
-0.16623
-0.61754
-1.0645
-1.1404
-0.8417
-0.46553
-0.20097
-0.077331
-0.10531
-0.24008
-0.3312
-0.27196
-0.19664
-0.20267
-0.20786
-0.20364
-0.23894
-0.33934
-0.44937
-0.51528
-0.20285
0.59995
1.1023
0.82142
0.26047
-0.023811
-0.032194
-0.029821
-0.057459
-0.039532
-0.020632
-0.0017739
0.040167
0.052529
0.033282
-0.040078
-0.12149
-0.12081
-0.064849
0.015094
0.0657
0.050791
0.031353
0.067778
0.21333
0.41227
0.60005
0.72948
0.65419
0.48901
0.39073
0.36156
0.46943
0.58339
0.54704
0.46189
0.36979
0.27939
0.25292
0.28039
0.30601
0.5828
1.0496
0.97711
0.41654
-0.016328
-0.19118
-0.28601
-0.37452
-0.5086
-0.63312
-0.51397
-0.32401
-0.27147
-0.32092
-0.42972
-0.49168
-0.46996
-0.4213
-0.35044
-0.27253
-0.18621
-0.010602
0.23036
0.34573
0.22033
-0.054572
-0.30572
-0.33102
-0.11572
-0.3994
-1.2444
-1.3713
-0.73602
-0.19296
0.03074
0.028189
-0.074705
-0.18182
-0.20928
-0.19842
-0.19243
-0.14056
-0.077881
-0.11691
-0.31283
-0.52293
-0.26116
0.44538
0.83609
0.67705
0.29143
0.023535
-0.0088358
0.034982
0.081408
0.08329
0.014497
-0.031593
-0.01544
-0.012762
-0.015283
0.052673
0.059131
-0.082854
-0.14037
0.016344
0.1731
0.2539
0.39268
0.52877
0.49637
0.39021
0.33878
0.28884
0.30321
0.3865
0.43555
0.40105
0.24824
0.14476
0.20205
0.25961
0.23992
0.28001
0.42858
0.50834
0.4467
0.28568
-0.09108
-0.51722
-0.64292
-0.58345
-0.47609
-0.29236
-0.16215
-0.18582
-0.29576
-0.38367
-0.41278
-0.33927
-0.20358
-0.14354
-0.11488
0.0026892
0.21743
0.36102
0.26304
0.016887
-0.18428
-0.27086
-0.17921
-0.3953
-0.95001
-0.89718
-0.3978
-0.08499
-0.018709
-0.098739
-0.087573
-0.0019357
0.0079616
-0.024228
-0.014015
0.028077
0.021213
-0.094526
-0.24135
-0.31705
-0.11258
0.37199
0.70329
0.60285
0.25181
0.031559
-0.011733
-0.00088278
0.076485
0.15332
0.12068
0.014805
-0.036754
-0.044618
-0.085576
-0.078417
-0.036609
-0.032076
-0.0019517
0.023807
-0.064935
-0.12512
0.037538
0.25882
0.33833
0.27416
0.19858
0.2295
0.27471
0.28243
0.29612
0.23458
0.14706
0.13977
0.13945
0.11188
0.061455
0.12903
0.43895
0.58306
0.17181
-0.33451
-0.51225
-0.52701
-0.43945
-0.36055
-0.3288
-0.19094
-0.029811
0.027598
-0.05694
-0.21564
-0.2817
-0.2531
-0.2385
-0.22567
-0.1442
-0.087473
0.024659
0.28404
0.36735
0.1798
-0.02105
-0.11341
-0.41785
-0.82022
-0.6532
-0.18128
0.030721
0.075275
0.10597
0.079383
0.0052744
-0.012061
0.038707
0.077112
0.074347
0.11046
0.11079
-0.044338
-0.18783
-0.19186
-0.071365
0.16584
0.4095
0.5233
0.42151
0.21251
0.099267
0.09957
0.12741
0.12565
0.02949
-0.079341
-0.061594
0.024015
0.032424
-0.070344
-0.18144
-0.18611
-0.054614
0.043532
-0.12602
-0.29396
-0.14719
0.09092
0.22525
0.20714
0.092066
0.085578
0.15527
0.15696
0.1154
0.084824
0.048885
0.008545
-0.011481
-0.015688
-0.016283
0.050389
0.24716
0.40302
0.182
-0.3422
-0.63089
-0.56256
-0.5064
-0.46235
-0.2305
0.0020619
0.061198
0.068113
0.037931
-0.0083232
-0.034437
-0.088588
-0.14414
-0.18935
-0.20682
-0.19172
-0.090589
0.13659
0.31724
0.31759
0.18455
0.047289
-0.021188
-0.10468
-0.22361
-0.30713
-0.43359
-0.4599
-0.074465
0.3786
0.42239
0.2405
0.10897
0.04562
0.049845
0.10351
0.16832
0.18773
0.12506
0.034093
0.055277
0.14121
0.26269
0.42212
0.36426
0.18425
0.14203
0.10989
0.027239
-0.011905
-0.058767
-0.022152
0.15216
0.17958
0.038223
-0.13989
-0.26811
-0.20092
-0.075622
-0.10195
-0.24017
-0.33544
-0.26932
-0.026256
0.18593
0.18775
0.13481
0.11709
0.064503
0.068288
0.10666
0.070324
0.06042
0.082836
0.034469
-0.045903
-0.06785
-0.022495
0.055494
0.14298
0.20803
0.23433
0.25777
0.28685
0.25383
0.15622
-0.11162
-0.49783
-0.55874
-0.33218
-0.23401
-0.30869
-0.35726
-0.28379
-0.17774
-0.15089
-0.12305
-0.01373
0.06041
0.074176
0.14252
0.22099
0.22729
0.1988
0.1032
-0.045574
-0.14644
-0.12818
-0.06757
-0.18865
-0.36016
-0.25463
-0.037232
0.028379
0.0057716
0.014325
0.083871
0.07513
-0.019337
0.044909
0.17617
0.11705
-0.021342
0.028084
0.25151
0.41358
0.44439
0.39583
0.25899
0.084905
-0.019924
-0.089019
-0.12845
-0.046697
0.068304
0.10358
0.093985
0.052507
-0.013666
-0.046136
-0.032226
-0.062376
-0.11245
-0.090325
-0.05588
-0.10062
-0.23884
-0.33518
-0.17762
0.11487
0.2286
0.21704
0.2465
0.22237
0.10466
0.050413
0.067507
0.026762
-0.024378
-0.026067
0.0012706
0.10586
0.21557
0.26456
0.33031
0.29286
0.076998
-0.097252
-0.22108
-0.36345
-0.39948
-0.39361
-0.32706
-0.1096
0.094957
0.1647
0.02455
-0.24548
-0.39237
-0.35728
-0.29556
-0.28382
-0.22602
-0.08491
-0.012951
0.0073148
0.10362
0.16812
0.20701
0.28214
0.23113
0.06229
-0.10338
-0.19229
-0.23306
-0.30364
-0.25471
-0.11641
-0.0091774
0.11651
0.10534
-0.02593
-0.049701
-0.012267
0.023595
0.064848
0.10828
0.12724
0.086539
0.096929
0.2658
0.42442
0.35662
0.17612
0.090619
0.099901
0.10716
0.065996
-0.0092543
-0.026112
0.05054
0.12854
0.15983
0.094496
-0.021807
-0.082377
-0.11749
-0.084364
-0.0093995
-0.0092085
-0.023728
-0.029129
-0.07126
-0.17172
-0.25349
-0.17149
0.016328
0.078885
0.0072951
0.029779
0.12728
0.12081
0.070616
0.060454
0.065949
0.050368
0.016141
0.019972
0.074616
0.13136
0.13364
0.14557
0.24175
0.30296
0.16484
-0.077829
-0.22803
-0.26792
-0.25644
-0.2388
-0.1622
-0.071245
-0.16295
-0.38197
-0.4838
-0.40739
-0.24037
-0.080479
-0.03885
-0.072886
-0.060483
0.024604
0.16717
0.23667
0.20185
0.1813
0.15416
0.054419
-0.0483
-0.11493
-0.15815
-0.19259
-0.27142
-0.29682
-0.18483
-0.10145
-0.091775
-0.057046
0.055914
0.16167
0.10887
-0.016247
-0.080574
-0.065736
-0.013863
0.035856
0.18013
0.43158
0.56923
0.44542
0.24323
0.14333
0.10754
0.084818
0.03207
-0.02078
0.025622
0.091337
0.12302
0.10585
-0.0011802
-0.047314
-0.0078598
-0.012649
-0.046294
-0.067518
-0.075548
-0.12312
-0.22053
-0.27319
-0.24003
-0.16043
-0.02487
0.13486
0.20558
0.16617
0.081299
0.014762
0.013285
0.072796
0.13768
0.14543
0.089265
0.0043399
-0.058416
-0.033935
0.042173
0.29495
0.67519
0.58978
0.070328
-0.25721
-0.34769
-0.40057
-0.32478
-0.18293
-0.10168
-0.043595
-0.072148
-0.23812
-0.38943
-0.45166
-0.43289
-0.31539
-0.19554
-0.097811
0.013343
0.094525
0.11111
0.1299
0.15156
0.13639
0.17044
0.18063
0.049255
-0.10932
-0.16268
-0.15536
-0.22113
-0.31627
-0.28723
-0.18226
-0.085455
0.047884
0.15271
0.16371
0.10128
-0.0042187
-0.064999
-0.091446
-0.068004
0.045814
0.24087
0.47802
0.50658
0.2696
0.11927
0.13559
0.17536
0.1559
0.088029
0.031804
0.0011497
0.061197
0.15336
0.13759
0.090838
0.017585
-0.07354
-0.051889
-0.02848
-0.035033
-0.0048936
-0.014901
-0.016067
-0.039733
-0.23578
-0.38154
-0.24448
-0.0029383
0.14392
0.13557
0.052734
0.026596
0.073112
0.088588
0.070987
0.085767
0.053671
-0.0037813
-0.01012
0.0042157
-0.010844
-0.024493
0.062802
0.21748
0.3035
0.28932
0.21516
0.055909
-0.13687
-0.22127
-0.20039
-0.18716
-0.25262
-0.34608
-0.41935
-0.4451
-0.33059
-0.15857
-0.052119
-0.0041996
-0.038394
-0.052872
0.080434
0.19781
0.20072
0.21029
0.16724
0.045975
-0.02823
-0.033576
-0.034326
-0.058796
-0.14995
-0.35964
-0.48556
-0.36173
-0.21635
-0.15432
-0.0037291
0.12234
0.13829
0.10606
0.031317
-0.050006
-0.0975
-0.0062202
0.19557
0.35425
0.44163
0.39011
0.21884
0.13006
0.15697
0.14904
0.11365
0.087627
0.021367
0.018941
0.12461
0.15442
0.057338
-0.017751
-0.021154
0.036866
0.079701
0.019119
-0.046142
-0.10549
-0.12529
-0.08656
-0.18866
-0.32908
-0.24265
-0.036636
0.080712
0.099922
0.08537
0.073172
0.057665
0.074964
0.12429
0.11702
0.069132
0.055761
0.078272
0.074472
0.019162
-0.039007
0.0073271
0.14735
0.25297
0.34136
0.34606
0.11695
-0.20471
-0.32372
-0.2283
-0.11793
-0.068375
-0.15395
-0.34426
-0.49124
-0.49468
-0.37815
-0.22971
-0.039595
0.12004
0.20146
0.18236
0.078197
0.017704
0.043398
0.099791
0.10106
0.062394
0.0090076
-0.078782
-0.13494
-0.17275
-0.26739
-0.35996
-0.33923
-0.25882
-0.21287
-0.076073
0.15288
0.22151
0.10195
-0.0032781
-0.036582
0.0020174
0.088695
0.12542
0.17091
0.29575
0.34497
0.22893
0.11734
0.081583
0.11934
0.21295
0.20728
0.13205
0.090116
0.07457
0.10003
0.10254
0.039345
-0.0030833
-0.019286
-0.016212
0.023198
0.0040263
-0.05119
-0.046791
0.00017066
0.0017968
-0.16996
-0.37173
-0.30686
-0.056627
0.10134
0.097206
0.039365
0.0085843
0.0067367
0.082527
0.15988
0.1381
0.12491
0.11116
0.035605
-0.0080401
0.0074245
0.053611
0.33044
0.65799
0.51593
0.077008
-0.2587
-0.36901
-0.28154
-0.17295
-0.15481
-0.21462
-0.3249
-0.43541
-0.44179
-0.34448
-0.21153
-0.12854
-0.13203
-0.089187
0.021248
0.11919
0.16689
0.12792
0.067766
0.06123
0.095139
0.12575
0.069633
-0.015248
-0.070385
-0.2345
-0.40035
-0.40383
-0.30683
-0.18747
-0.1247
-0.079924
0.0060879
0.10027
0.14361
0.085521
0.0082159
0.0051905
0.063821
0.10864
0.14366
0.16867
0.06306
-0.069475
0.02102
0.21599
0.35783
0.4847
0.41306
0.15855
0.066597
0.077117
0.06386
0.10394
0.08673
0.017632
0.010304
0.060916
0.07979
-0.016742
-0.07634
-0.021103
-0.032198
-0.2101
-0.40037
-0.35109
-0.12037
0.043768
0.096035
0.075321
0.048049
0.064696
0.086617
0.097245
0.084784
0.077711
0.076245
0.033373
0.022591
0.044593
0.021777
0.0053089
0.069911
0.17933
0.23252
0.2272
0.25441
0.29625
0.21746
0.044022
-0.065657
-0.11662
-0.21524
-0.28267
-0.25263
-0.24676
-0.325
-0.44888
-0.49971
-0.393
-0.2212
-0.10212
-0.034687
-0.015271
-0.015489
0.048811
0.14576
0.17636
0.17968
0.17235
0.12194
0.068637
-0.04357
-0.14306
-0.13879
-0.21379
-0.36159
-0.31447
-0.19009
-0.25614
-0.34238
-0.26585
-0.08262
0.089691
0.12906
0.07733
0.07962
0.092827
0.055292
0.07902
0.16892
0.17075
0.075103
0.025068
0.076586
0.20171
0.26952
0.24057
0.16748
0.09721
0.14043
0.16682
0.077222
0.11193
0.20082
0.097854
0.050392
0.14524
0.11994
0.022114
0.010723
0.025791
-0.0069518
-0.01697
0.024038
0.058489
0.05237
-0.11607
-0.4362
-0.51962
-0.26153
0.0034126
0.10673
0.10977
0.077289
0.037627
0.054083
0.11379
0.13733
0.091201
0.037463
0.059449
0.083345
0.03759
0.018148
0.074106
0.15206
0.24211
0.31529
0.33937
0.3241
0.25367
0.11396
-0.064375
-0.19684
-0.27253
-0.29013
-0.23973
-0.18436
-0.15533
-0.23134
-0.38691
-0.45573
-0.41425
-0.28737
-0.17427
-0.12504
-0.050158
0.064317
0.20179
0.23165
0.13374
0.081671
0.082647
0.094883
0.064315
-0.073438
-0.16236
-0.1497
-0.23638
-0.36052
-0.34466
-0.27295
-0.24725
-0.22999
-0.094002
0.13962
0.2042
0.081824
-0.017883
-0.046588
-0.0048081
0.077799
0.1533
0.22356
0.25847
0.24139
0.17167
0.16075
0.21973
0.19803
0.16935
0.13361
0.061488
0.11851
0.20382
0.12294
0.035716
0.056623
0.050676
0.01971
0.016268
0.01645
-0.015658
-0.0486
-0.013146
-0.022922
-0.16229
-0.33795
-0.3431
-0.14283
0.017117
0.085986
0.077072
-0.0019907
0.016004
0.13514
0.18863
0.16123
0.13422
0.10596
0.15563
0.33622
0.46742
0.46264
0.40714
0.30192
0.10521
-0.11353
-0.2814
-0.33902
-0.3305
-0.3262
-0.23848
-0.062251
0.039017
-0.06224
-0.33365
-0.54356
-0.50245
-0.3414
-0.22196
-0.13903
-0.086425
-0.022821
0.12743
0.22049
0.12453
0.0034631
-0.022014
0.040642
0.12213
0.14352
-0.11417
-0.60351
-0.74807
-0.48223
-0.14135
0.10111
0.19519
0.16836
0.061498
-0.027629
-0.076046
-0.043388
0.065252
0.13533
0.1314
0.045406
-0.026134
0.0592
0.22718
0.26522
0.14286
0.059965
0.081342
0.19593
0.2851
0.22039
0.16423
0.17888
0.14832
0.081052
0.051849
0.049937
0.044352
0.034737
0.051865
0.10221
0.079176
-0.028255
-0.06958
-0.16183
-0.32525
-0.26846
-0.10998
-0.05498
-0.018725
0.11161
0.22653
0.17022
0.079412
0.059939
0.057351
0.048124
0.048826
0.063931
0.079849
0.1509
0.25891
0.28729
0.2788
0.28798
0.23471
0.09198
-0.0053928
-0.048892
-0.15878
-0.24807
-0.23762
-0.24471
-0.34319
-0.46449
-0.50725
-0.42741
-0.29905
-0.1834
-0.075193
-0.053341
-0.09386
0.0052098
0.19735
0.26586
0.19451
0.047978
-0.017627
0.091478
0.1438
0.030896
-0.099925
-0.22956
-0.35392
-0.39002
-0.29844
-0.25896
-0.36019
-0.31559
-0.0915
0.084297
0.12705
0.12549
0.15229
0.16092
0.10675
-0.0086202
-0.066914
0.019802
0.14505
0.16002
0.10129
0.10899
0.18856
0.26709
0.23239
0.16122
0.1644
0.12252
0.098753
0.13063
0.1226
0.080959
0.0081935
-0.023003
0.0090643
0.030423
0.042356
0.066119
0.024454
-0.14178
-0.31274
-0.35823
-0.2572
-0.055622
0.077904
0.13073
0.21928
0.24405
0.16199
0.10749
0.10597
0.070078
0.024728
0.046035
0.078023
0.12157
0.19197
0.22023
0.23685
0.27726
0.24985
0.10245
-0.036346
-0.098438
-0.14651
-0.16422
-0.15056
-0.20779
-0.31935
-0.41551
-0.4942
-0.42418
-0.25117
-0.16648
-0.10361
-0.060843
-0.077226
-0.002201
0.17708
0.25069
0.18054
0.1232
0.10099
0.050159
-0.027915
-0.25521
-0.5823
-0.65518
-0.51391
-0.31667
-0.0755
0.12126
0.13005
0.01031
-0.024107
0.027516
0.10162
0.13414
0.11369
0.11958
0.11468
0.02679
-0.088375
-0.083598
0.088236
0.27491
0.25251
0.14564
0.17006
0.20078
0.20454
0.22485
0.1605
0.11167
0.12363
0.075128
0.067062
0.095804
0.053903
0.018849
0.0062049
0.0073486
0.054039
0.085495
0.071682
-0.050081
-0.25491
-0.31432
-0.20828
-0.087909
0.014259
0.12326
0.171
0.13313
0.10373
0.11428
0.12851
0.078974
0.013842
0.018159
0.066164
0.1678
0.28703
0.37003
0.41056
0.37441
0.22811
0.034534
-0.094915
-0.16829
-0.22114
-0.26692
-0.26346
-0.20083
-0.21419
-0.35894
-0.46041
-0.46721
-0.48288
-0.32945
0.046442
0.28531
0.22603
0.074361
0.012044
0.037416
0.14871
0.29008
0.2907
0.19731
0.014208
-0.25942
-0.30951
-0.22919
-0.22269
-0.1021
0.06623
0.13178
0.18842
0.24667
0.21732
0.10772
0.063335
0.1258
0.21842
0.27925
0.2527
0.15427
0.16698
0.36789
0.54962
0.48966
0.29033
0.18804
0.17412
0.14804
0.15706
0.15337
0.10058
0.070597
0.076922
0.072902
0.048396
0.027021
-0.0048738
-0.12452
-0.26042
-0.32529
-0.31772
-0.13228
0.092852
0.16278
0.081987
0.0092883
-0.014256
-0.097291
-0.11867
-0.015244
0.046834
-0.018703
-0.10967
-0.15556
-0.19289
-0.23739
-0.23872
-0.20061
-0.14485
-0.040773
0.033958
0.022001
0.01449
0.023724
-0.033074
-0.18983
-0.36432
-0.50253
-0.51842
-0.53161
-0.70838
-0.7011
-0.46045
-0.27302
-0.14717
-0.06017
0.016149
0.13049
0.27549
0.35428
0.27017
0.12035
0.081531
0.25518
0.46438
0.51119
0.41349
0.1226
-0.36222
-0.69655
-0.61887
-0.36403
-0.078598
0.20912
0.3352
0.33728
0.32067
0.32033
0.38853
0.41823
0.37478
0.3492
0.26232
0.14003
0.050465
0.046429
0.3893
0.97587
1.1092
0.58882
0.087639
-0.032661
0.017082
0.10566
0.15818
0.16265
0.11054
0.017638
-0.0091417
0.025621
0.050253
-0.0034407
-0.14819
-0.26266
-0.34177
-0.41141
-0.35952
-0.22708
-0.076335
0.024348
2.3393e-05
-0.10223
-0.20241
-0.24352
-0.20359
-0.12393
-0.055551
-0.030691
-0.050603
-0.087845
-0.19098
-0.32567
-0.34934
-0.26939
-0.17385
-0.07858
-0.011868
-0.028494
-0.10571
-0.2383
-0.411
-0.51034
-0.45864
-0.51538
-0.73696
-0.63114
-0.33357
-0.29328
-0.38906
-0.39566
-0.31124
-0.22319
-0.12238
-0.027194
0.087393
0.30702
0.49032
0.4232
0.1633
0.0032578
0.12843
0.48549
0.77793
0.80558
0.60511
0.13193
-0.34637
-0.51374
-0.48395
-0.29217
-0.0032231
0.081763
-0.11091
-0.40542
-0.63344
-0.61868
-0.37999
-0.11053
0.15256
0.31665
0.27672
1.7065
4.1813
3.8442
1.4466
-0.097077
-0.63153
-0.61533
-0.41029
-0.17337
0.059832
0.21915
0.26458
0.17196
0.052553
0.024614
0.018198
0.0043969
0.00018248
-0.043702
-0.22669
-0.51429
-0.66336
-0.56891
-0.29942
-0.046599
-0.01148
-0.11825
-0.20115
-0.23262
-0.23547
-0.26277
-0.26503
-0.18107
-0.12759
-0.36118
-0.76059
-0.75827
-0.36545
-0.079348
-0.021073
-0.086825
-0.24856
-0.43976
-0.48883
-0.43641
-0.5075
-0.54075
-0.37099
-0.22021
-0.12256
-0.068846
-0.18479
-0.37003
-0.42533
-0.34225
-0.2098
-0.12763
-0.074993
0.01947
0.16576
0.43798
0.6477
0.4973
0.14611
-0.018097
0.12416
0.4192
0.70671
0.79481
0.54641
0.035665
-0.44694
-0.6339
-0.50754
-0.21198
0.074768
0.24368
0.27666
0.30634
0.46391
0.62545
0.64617
0.44989
0.28973
0.58245
1.2458
1.8448
2.0115
1.4974
0.57005
-0.089901
-0.31208
-0.36326
-0.38544
-0.30267
-0.091052
0.021847
0.019774
0.050315
0.084809
0.059583
0.024157
0.02333
0.020654
-0.020516
-0.11012
-0.29993
-0.57122
-0.75101
-0.67683
-0.32117
0.078206
0.15891
-0.1088
-0.405
-0.52418
-0.45994
-0.29785
-0.2311
-0.26439
-0.26809
-0.25661
-0.28538
-0.54949
-0.92643
-0.8562
-0.48469
-0.22777
-0.21304
-0.39772
-0.4644
-0.45747
-0.55785
-0.57445
-0.38367
-0.11866
0.055583
0.033566
-0.18062
-0.38268
-0.39218
-0.28353
-0.17756
-0.10347
-0.066048
-0.018158
0.13983
0.46066
0.65826
0.43597
0.11298
0.052476
0.22707
0.53439
0.783
0.79873
0.5715
0.13538
-0.32709
-0.50494
-0.43933
-0.33683
-0.10973
0.16457
0.29643
0.36656
0.39382
0.32379
0.24056
0.20034
0.20883
0.83552
2.1137
2.8456
2.7013
1.8291
0.58822
-0.28486
-0.62569
-0.61453
-0.42689
-0.25783
-0.16244
-0.086582
0.029463
0.1097
0.041724
-0.056281
-0.074709
-0.050233
0.018847
0.06664
-0.085882
-0.4672
-0.79209
-0.83167
-0.6188
-0.20912
0.15806
0.17946
-0.14107
-0.48464
-0.61665
-0.59073
-0.45012
-0.28132
-0.22502
-0.2712
-0.36693
-0.42787
-0.40438
-0.40197
-0.49685
-0.55303
-0.48311
-0.37156
-0.3234
-0.36292
-0.40916
-0.42669
-0.45028
-0.48363
-0.50106
-0.5131
-0.53125
-0.43417
-0.16546
0.10374
0.18834
0.00050194
-0.29674
-0.39289
-0.28947
-0.18818
-0.10425
0.0054286
0.094697
0.2522
0.50814
0.60503
0.44453
0.19716
0.028528
0.11655
0.43029
0.74274
0.93887
0.85423
0.44087
-0.07177
-0.43042
-0.55311
-0.46406
-0.22135
0.12073
0.4109
0.41366
0.31973
0.40867
0.52531
0.52283
0.41916
0.2358
0.15246
0.48759
1.2203
1.8913
2.3648
2.4586
1.5567
0.25311
-0.43667
-0.53285
-0.39451
-0.2022
-0.13771
-0.32561
-0.50172
-0.39322
-0.14686
0.072612
0.19083
-0.012403
-0.51692
-0.91458
-0.93711
-0.55937
0.052903
0.47885
0.36051
-0.15337
-0.59897
-0.72476
-0.69377
-0.58248
-0.3755
-0.2393
-0.26946
-0.38806
-0.4116
-0.41126
-0.56279
-0.69961
-0.68972
-0.62713
-0.53376
-0.45219
-0.45807
-0.50877
-0.48813
-0.40997
-0.56256
-0.74322
-0.482
-0.15177
-0.10765
-0.1357
-0.13712
-0.1306
-0.084312
0.0023211
0.042164
0.028199
0.12502
0.43886
0.6061
0.34925
0.053919
-0.0066743
0.16835
0.49656
0.72852
0.84035
0.79615
0.42849
-0.069289
-0.43157
-0.62657
-0.48038
0.063393
0.53544
0.60903
0.53138
0.57408
0.61956
0.5321
0.44489
0.43953
0.40262
0.26497
1.5159
3.7162
3.2766
0.90866
-0.46589
-0.70114
-0.4246
-0.15937
-0.16551
-0.21627
-0.1209
-0.11209
-0.26719
-0.33536
-0.20941
0.00065486
0.12796
0.090109
-0.14203
-0.57501
-0.83978
-0.66613
-0.48511
-0.55527
-0.66855
-0.66447
-0.56583
-0.47815
-0.42292
-0.38576
-0.3957
-0.45572
-0.53772
-0.57646
-0.58277
-0.5992
-0.60844
-0.6127
-0.57309
-0.50448
-0.47023
-0.44113
-0.42573
-0.46267
-0.51958
-0.42952
-0.14451
0.018488
-0.025648
-0.09765
-0.11898
-0.046901
0.02769
0.0089186
-0.022696
0.0052713
0.16278
0.48198
0.63295
0.36491
0.035978
-0.029519
0.1186
0.38712
0.70368
0.93653
0.89019
0.51091
-0.0092293
-0.44795
-0.66626
-0.52874
-0.1266
0.32046
0.6515
0.81257
0.87224
0.80872
0.63504
0.52024
0.50331
0.44275
1.5028
3.4721
3.2505
1.0655
-0.58826
-1.0573
-0.73104
-0.24452
0.0031203
-0.0053476
-0.10732
-0.19629
-0.28808
-0.31791
-0.24437
-0.16468
-0.10436
-0.061019
0.015683
-0.030083
-0.48279
-0.96712
-0.91365
-0.4014
0.14213
0.34532
-0.23949
-1.2427
-1.3989
-0.83326
-0.47267
-0.41415
-0.46382
-0.48469
-0.48933
-0.52685
-0.58447
-0.60024
-0.54926
-0.52611
-0.54335
-0.52522
-0.45208
-0.43852
-0.51463
-0.56648
-0.52003
-0.18144
0.315
0.41977
0.18237
0.018558
0.0074647
0.017819
0.0056361
0.026167
0.15401
0.44099
0.56068
0.25735
-0.093409
-0.11341
0.1703
0.50661
0.70943
0.83528
0.7961
0.51282
0.085075
-0.4163
-0.72985
-0.57465
-0.03894
0.46282
0.66103
0.65804
0.69218
0.80929
0.82295
0.77145
1.1638
2.056
2.5523
2.0232
0.88668
-0.17032
-0.65369
-0.63855
-0.39259
-0.12064
-0.030267
-0.13296
-0.27405
-0.32043
-0.32412
-0.33677
-0.30548
-0.22479
-0.13161
-0.02057
0.04892
-0.084136
-0.47274
-0.77392
-0.68675
-0.53715
-0.57071
-0.60176
-0.59927
-0.53931
-0.46392
-0.46864
-0.45309
-0.4063
-0.45456
-0.52122
-0.49548
-0.50081
-0.54159
-0.50705
-0.44008
-0.42158
-0.45798
-0.4883
-0.4393
-0.38927
-0.41006
-0.26232
0.07055
0.24954
0.17824
0.060008
0.021376
0.043555
0.061613
0.041192
-0.017759
-0.058702
0.080304
0.31456
0.27997
-0.074168
-0.44692
-0.54911
-0.31487
0.057085
0.28614
0.24706
0.037736
-0.24634
-0.51785
-0.6374
-0.56183
-0.34225
-0.034431
0.25615
0.36126
0.25449
0.12555
0.13056
0.16611
0.16184
0.18855
0.17829
0.013986
-0.059238
0.10478
0.15025
0.034143
0.055371
0.1598
0.17446
0.16819
0.12
0.021639
-0.040843
-0.048787
0.019216
0.066542
0.031552
0.0043098
0.054372
0.16592
0.23641
0.17188
-0.028005
-0.16472
-0.1169
-0.08021
-0.055609
-0.03439
-0.13441
-0.22634
-0.21553
-0.13724
-0.076423
-0.091592
-0.12699
-0.080012
0.047498
0.17941
0.23474
0.16058
0.048608
0.061987
0.16059
0.19442
0.20055
0.19652
0.19055
0.19644
0.052546
-0.11584
-0.046305
0.10269
0.20645
0.26916
0.1855
0.024962
-0.031062
-0.0091097
0.011413
0.081031
0.13188
0.22932
0.41177
0.33037
-0.022382
-0.32732
-0.48132
-0.46794
-0.28368
-0.046581
0.059914
0.094829
0.20822
0.20962
-0.095624
-0.52626
-0.75691
-0.67602
-0.52719
-0.40668
-0.20577
-0.043766
0.17023
0.46007
0.34795
-0.084836
-0.26078
0.11579
0.68985
0.68425
0.17008
-0.19917
-0.22655
-0.0024016
0.22699
0.30562
0.22874
-0.00029654
-0.12324
-0.056164
0.011485
0.036177
-0.0052445
-0.089201
-0.077421
0.041911
0.15795
0.19381
0.10792
0.0099895
0.015237
0.060931
0.062558
-0.057849
-0.17296
-0.11276
-0.010948
0.033043
0.075007
0.12113
0.09258
0.041938
0.073093
0.10691
0.073105
0.012841
-0.008385
0.032579
0.085535
0.081707
0.036715
0.057499
0.12286
0.11235
0.036742
-0.045028
-0.073226
0.0078079
0.13975
0.21713
0.18431
0.093795
0.034319
0.036936
0.064476
0.084958
0.15091
0.19873
0.29571
0.52937
0.45177
-0.049645
-0.4669
-0.63887
-0.67867
-0.56249
-0.31588
-0.16838
-0.16872
-0.11174
-0.014459
-0.054413
-0.32604
-0.60164
-0.62791
-0.57495
-0.52505
-0.4142
-0.32216
-0.19654
0.10066
0.45117
0.63177
0.48135
0.16935
-0.033921
-0.18535
-0.26675
-0.17361
0.049444
0.28725
0.36908
0.24398
0.11043
0.093192
0.0779
0.026064
-0.0027925
0.047742
0.12598
0.34193
0.6114
0.43033
-0.091696
-0.42262
-0.30958
-0.0081317
0.058671
-0.06883
-0.18226
-0.19621
-0.16562
-0.12028
-0.028233
0.061924
0.1481
0.21219
0.19481
0.11789
0.040408
-0.0025855
0.017275
0.0509
0.039288
0.053877
0.13731
0.21098
0.21952
0.20485
0.16701
0.090774
0.033021
-0.0033892
-0.033671
-0.043533
0.017724
0.1215
0.1571
0.1347
0.09049
0.16715
0.38038
0.32243
-0.04915
-0.38274
-0.60059
-0.62322
-0.34667
-0.02735
0.067473
0.0448
0.06932
0.16824
0.10924
-0.37337
-0.86077
-0.91093
-0.77059
-0.57336
-0.31183
-0.12186
0.081332
0.31202
0.28238
0.13613
0.31608
0.593
0.44968
0.0053234
-0.22723
-0.16592
0.0069454
0.21057
0.28327
0.19001
0.089916
0.038414
-0.015335
0.0010364
0.093294
0.10302
0.060839
0.064646
0.22375
0.41791
0.21204
-0.15573
-0.19509
-0.045458
0.012547
-0.064708
-0.10782
-0.090089
-0.11355
-0.1003
-0.015023
0.096622
0.17678
0.16245
0.12375
0.1016
0.056775
0.041326
0.090987
0.15922
0.19492
0.13499
0.056687
0.086418
0.12505
0.1225
0.12971
0.085787
0.021346
0.036262
0.066662
0.05383
0.044892
0.05149
0.10628
0.16319
0.15299
0.25336
0.4857
0.39444
-0.077841
-0.44266
-0.61726
-0.59183
-0.33081
-0.084289
-0.013244
-0.095145
-0.086967
-0.011199
-0.19625
-0.61481
-0.92548
-0.93877
-0.73318
-0.43309
-0.22692
-0.22083
-0.099743
0.31402
0.64156
0.69871
0.5789
0.27344
-0.023358
-0.12549
-0.13343
-0.12756
-0.041152
0.14003
0.27026
0.26747
0.15334
0.030203
-0.019762
-0.041653
0.0066655
0.075761
0.077637
0.099576
0.12018
0.20245
0.3767
0.37083
0.14622
-0.065762
-0.19521
-0.25356
-0.12569
0.09157
0.11712
-0.023382
-0.13553
-0.12623
-0.053863
-0.036516
0.01161
0.10027
0.12717
0.14842
0.14425
0.099248
0.041634
-0.0057755
0.054154
0.15786
0.15586
0.10842
0.088244
0.075779
0.11113
0.2078
0.22131
0.11376
0.034276
0.037602
0.10956
0.14565
0.083988
0.053672
0.057615
0.011494
0.0023288
0.095632
0.18074
0.19492
0.1747
0.21983
0.42034
0.4329
0.0064658
-0.46691
-0.69401
-0.70248
-0.56133
-0.35781
-0.15932
-0.054422
-0.0028344
0.016869
-0.15612
-0.48231
-0.87838
-1.1529
-1.074
-0.69071
-0.19739
0.024909
0.029189
0.2033
0.47148
0.59984
0.49706
0.18402
-0.044666
0.096762
0.42126
0.56148
0.31349
-0.16208
-0.41678
-0.32098
-0.061353
0.18328
0.28841
0.25203
0.25397
0.28143
0.1521
-0.0031413
-0.058159
-0.070275
-0.056196
0.007648
0.12252
0.24715
0.34499
0.34564
0.17521
-0.03204
-0.14012
-0.24971
-0.25812
-0.06655
0.050355
-0.0067571
-0.094962
-0.11548
-0.086384
-0.077842
-0.051089
0.033151
0.1395
0.22948
0.25777
0.22349
0.15379
0.059561
0.022363
0.049755
0.053008
0.089385
0.18721
0.20852
0.12939
0.036721
0.0033668
0.04521
0.052887
0.088756
0.14735
0.078783
0.046654
0.087037
0.11793
0.15724
0.17595
0.18209
0.2596
0.46639
0.46117
0.021929
-0.4775
-0.73021
-0.70322
-0.49818
-0.29507
-0.18364
-0.16334
-0.17632
-0.15602
-0.2639
-0.57557
-0.83045
-0.84166
-0.68977
-0.61059
-0.5322
-0.42324
-0.26545
0.11504
0.49821
0.57171
0.46819
0.29379
0.13064
0.23792
0.52191
0.60921
0.31627
-0.02965
0.00063265
0.12299
0.11537
0.13759
0.096776
-0.036823
-0.090553
-0.017524
0.077498
0.11787
0.17118
0.32921
0.46457
0.35031
0.064547
-0.21072
-0.34399
-0.35237
-0.31762
-0.15489
0.021814
0.036781
-0.06878
-0.15099
-0.12992
-0.1027
-0.056887
0.061471
0.14956
0.18612
0.18885
0.12013
0.033082
0.020333
0.062131
0.077429
0.093999
0.25575
0.45524
0.40406
0.12773
-0.086694
-0.07161
-0.0099678
-0.0012732
0.025479
-0.032652
-0.094834
-0.043608
0.05258
0.14548
0.18328
0.21029
0.29354
0.38798
0.29864
-0.063672
-0.39129
-0.5508
-0.57083
-0.35508
-0.075118
-0.019444
-0.0954
-0.012934
0.042222
-0.20363
-0.63893
-0.99101
-0.97879
-0.7128
-0.43262
-0.24273
-0.20263
-0.10105
0.2921
0.58744
0.51658
0.54217
0.62771
0.38645
-0.020795
-0.24772
-0.20266
0.0083611
0.22215
0.26053
0.16487
0.083733
0.023318
-0.018016
-0.0026868
0.039945
0.094541
0.12005
0.096668
0.1263
0.21077
0.2122
0.040822
-0.11685
-0.073255
0.036249
0.0773
-0.013346
-0.15417
-0.15513
-0.10028
-0.11224
-0.0931
0.026306
0.14376
0.17884
0.12463
0.025458
0.00066936
0.055314
0.13166
0.17665
0.11932
0.048953
0.0498
0.081383
0.14641
0.18998
0.1491
0.076939
-0.016843
-0.10031
-0.062704
0.034906
0.03707
-0.020885
-0.028879
0.064206
0.1836
0.19808
0.21931
0.34406
0.32364
0.0020488
-0.41144
-0.65151
-0.54735
-0.21992
0.018261
0.026573
-0.028194
0.043959
0.062635
-0.082511
-0.38521
-0.75085
-0.89656
-0.81257
-0.55031
-0.28538
-0.26524
-0.16324
0.29588
0.6585
0.59551
0.34822
0.075937
0.040354
0.25729
0.1994
-0.045523
-0.055798
0.18171
0.37841
0.33982
0.19492
0.05134
-0.03831
-0.033169
0.035931
0.087789
0.076555
0.070689
0.12645
0.20819
0.28557
0.28891
0.14349
-0.068611
-0.16752
-0.13839
-0.12811
-0.13491
-0.079617
0.00091316
0.027239
-0.017179
-0.032623
0.05811
0.15043
0.1339
0.051869
0.0077329
0.046755
0.091119
0.10449
0.11632
0.10784
0.092097
0.08306
0.081575
0.11917
0.15325
0.060383
-0.044847
0.041948
0.16948
0.15612
0.086035
0.013755
-0.081646
-0.099264
0.025191
0.41284
0.92084
0.79988
0.092675
-0.46441
-0.75007
-0.82809
-0.64852
-0.28255
-0.0092923
-0.050035
-0.19488
-0.20377
-0.20815
-0.42236
-0.76988
-0.96745
-0.9756
-0.76475
-0.37751
-0.19791
-0.11705
0.16535
0.49547
0.70207
0.63178
0.34338
0.062873
-0.055405
0.078146
0.23526
0.15716
-0.052115
0.032106
0.39103
0.48065
0.2885
0.10398
-0.0032099
-0.0085579
0.033734
0.068714
0.11635
0.18122
0.28844
0.3719
0.28114
0.064799
-0.11199
-0.26492
-0.40027
-0.30564
-0.043809
0.065367
-0.02112
-0.14776
-0.20646
-0.17127
-0.089966
-0.0033299
0.082346
0.11143
0.10247
0.13663
0.14771
0.14805
0.20151
0.23149
0.21721
0.17374
0.16205
0.15614
0.04268
-0.068213
-0.03001
0.072621
0.024786
-0.066949
-0.017236
-0.0032308
-0.070262
-0.019333
0.10185
0.1295
0.13336
0.18427
0.30255
0.44823
0.33301
-0.078872
-0.39812
-0.53631
-0.59697
-0.42001
-0.1033
-0.0056977
-0.074289
-0.058514
-0.034747
-0.21649
-0.52393
-0.78229
-0.90602
-0.79869
-0.52372
-0.32487
-0.2894
-0.17711
0.24699
0.66443
0.69766
0.53058
0.24615
0.10488
0.28405
0.22429
-0.01142
0.026975
0.2254
0.34166
0.24389
0.085602
0.039503
0.029987
0.010434
0.034226
0.031435
-0.014141
0.039836
0.17159
0.23834
0.25652
0.24394
0.13192
-0.02886
-0.22598
-0.36146
-0.23961
-0.006007
0.10418
0.059002
-0.062951
-0.12704
-0.11127
-0.07032
0.0095319
0.080096
0.11325
0.13869
0.17451
0.22091
0.22439
0.21472
0.19315
0.16846
0.17221
0.13928
0.071457
0.012138
-0.025266
0.034055
0.14541
0.14346
0.050229
-0.011649
0.013498
0.045568
0.039219
0.08395
0.14472
0.18827
0.21689
0.29607
0.51877
0.50618
0.046121
-0.42848
-0.6986
-0.75852
-0.56373
-0.31427
-0.1264
0.024863
-0.015481
-0.21409
-0.49649
-0.84824
-1.0989
-1.2427
-1.2238
-0.86889
-0.4079
-0.17099
-0.01649
0.2061
0.44345
0.56154
0.50445
0.33615
0.10084
0.093285
0.22691
0.12077
0.016321
0.078391
0.15914
0.15654
0.082841
-0.035236
-0.12452
-0.078409
-0.032747
-0.059154
-0.033156
0.009609
0.063017
0.24733
0.44106
0.5247
0.57132
0.58645
0.5973
0.66592
0.70975
0.72272
0.76581
0.76095
0.67687
0.56257
0.47246
0.47297
0.55175
0.62535
0.63753
0.59532
0.56358
0.55238
0.77186
1.1866
1.1513
0.78452
0.6436
0.6289
0.43164
0.049979
-0.26736
-0.39226
-0.38831
-0.40344
-0.37496
-0.22944
-0.20575
-0.31298
-0.35429
-0.289
-0.17625
-0.097349
-0.072181
-0.0062752
0.1582
0.19981
-0.12801
-0.56318
-0.70517
-0.51936
-0.18268
0.042305
-0.027437
-0.41551
-0.94409
-1.3168
-1.449
-1.2905
-0.91538
-0.57645
-0.36796
-0.27632
-0.28076
-0.30406
-0.30124
-0.31372
-0.36512
-0.40208
-0.42001
-0.52433
-0.38769
0.26613
0.85719
0.81386
0.37516
0.022852
-0.079636
-0.082188
-0.12828
-0.22886
-0.3295
-0.41463
-0.44282
-0.37197
-0.25075
-0.16383
-0.13477
-0.092618
0.040373
0.14257
0.17703
0.28317
0.45875
0.66184
0.79544
0.80999
0.78647
0.76767
0.69377
0.55816
0.50701
0.57259
1.0212
1.6284
1.4868
0.86668
0.53048
0.44045
0.42926
0.47809
0.53743
0.6041
0.70419
0.73099
0.50949
0.083776
-0.27677
-0.4619
-0.48946
-0.43547
-0.39932
-0.35257
-0.28862
-0.25153
-0.21482
-0.1961
-0.19256
-0.12871
-0.040801
0.046533
0.16175
0.11325
-0.2162
-0.55394
-0.66681
-0.49749
-0.1549
0.073286
-0.021831
-0.49549
-1.0928
-1.5289
-1.6609
-1.3633
-0.88292
-0.57147
-0.41021
-0.30896
-0.46528
-0.86618
-0.91724
-0.67943
-0.57692
-0.17567
0.67803
1.3686
1.3388
0.53948
-0.3042
-0.57435
-0.40286
-0.14994
-0.023182
-0.019612
-0.11026
-0.22867
-0.289
-0.26996
-0.20833
-0.14993
-0.11726
-0.11896
-0.1373
-0.044974
0.16504
0.24376
0.22145
0.25908
0.36084
0.57587
0.83813
1.0029
0.93187
0.75589
0.68086
0.62122
0.61873
0.69797
0.71677
0.65387
0.58127
0.56639
0.58198
0.52814
0.44611
0.74365
1.3682
1.4844
1.0176
0.54561
0.17462
-0.14291
-0.35726
-0.53518
-0.64424
-0.58918
-0.51366
-0.5209
-0.56711
-0.53792
-0.40208
-0.29035
-0.27721
-0.30261
-0.22258
0.031983
0.30165
0.2895
-0.024676
-0.38317
-0.53652
-0.38514
-0.1319
-0.0092974
-0.024155
-0.3634
-1.0281
-1.5172
-1.5746
-1.3416
-0.97369
-0.66662
-0.48522
-0.25755
-0.10022
-0.10865
-0.11522
-0.1451
-0.56156
-1.0038
-0.43259
0.68729
1.101
0.60316
-0.098362
-0.34798
-0.20881
-0.011546
0.10334
0.069356
-0.053605
-0.13896
-0.13425
-0.059249
-0.048998
-0.11894
-0.15807
-0.12716
-0.036085
0.078691
0.1733
0.15785
0.073609
0.091285
0.34462
0.75385
1.028
1.0399
0.88707
0.73332
0.61916
0.54789
0.58233
0.6875
0.74681
0.7019
0.59988
0.52414
0.48764
0.46967
0.47805
0.49168
0.48779
0.47626
0.45913
0.66752
0.94724
0.64172
-0.089218
-0.64844
-0.82778
-0.79105
-0.69446
-0.59252
-0.56253
-0.53633
-0.40888
-0.26384
-0.26099
-0.27523
-0.15723
0.021856
0.22244
0.24064
-0.050486
-0.33399
-0.3967
-0.25185
-0.025772
0.10795
0.080352
-0.27956
-0.93331
-1.421
-1.5389
-1.382
-1.0692
-0.80252
-0.60108
-0.4186
-0.22697
-0.07549
0.0026079
0.040904
-0.035084
-0.13844
-0.17466
-0.25673
-0.43727
-0.19898
0.47316
0.63044
0.33828
0.13301
0.032178
0.02182
0.034185
0.028038
0.012376
0.0092026
-0.037498
-0.13064
-0.14698
-0.10867
-0.056363
0.051753
0.15894
0.1133
0.0045846
0.037568
0.28738
0.68319
0.91177
0.9068
0.80761
0.64353
0.47687
0.39088
0.46986
0.60315
0.63875
0.56539
0.47714
0.46651
0.44775
0.39493
0.34777
0.31143
0.3498
0.69264
1.0711
0.86064
0.2716
-0.20807
-0.47377
-0.54844
-0.56319
-0.64739
-0.76453
-0.72894
-0.56703
-0.48554
-0.45541
-0.40809
-0.33602
-0.20856
-0.094717
0.059021
0.2862
0.35746
0.16787
-0.12091
-0.28079
-0.17584
-0.04795
-0.14219
-0.35869
-0.70431
-1.1331
-1.2624
-0.98803
-0.65291
-0.44329
-0.32288
-0.30448
-0.29097
-0.21158
-0.16309
-0.13845
-0.12035
-0.15453
-0.18941
-0.16442
-0.18408
-0.32839
-0.045619
0.70611
0.88066
0.44713
0.090945
-0.050028
-0.082688
-0.088587
-0.036845
0.039294
0.040444
-0.017256
-0.056156
-0.11368
-0.12497
-0.072679
-0.071179
-0.054828
0.012432
0.041641
0.088238
0.2827
0.56655
0.7919
0.81354
0.67073
0.541
0.43302
0.39949
0.45612
0.50045
0.5441
0.56157
0.4868
0.39291
0.33602
0.27741
0.24529
0.31771
0.44206
0.52716
0.5406
0.39879
0.19057
0.014951
-0.08343
-0.023346
-0.031338
-0.18025
-0.3106
-0.84945
-1.5861
-1.4959
-0.86389
-0.41229
-0.16685
-0.053043
-0.031727
0.050222
0.23138
0.25914
0.061267
-0.10448
-0.09983
-0.091947
-0.087329
-0.0082259
-0.055513
-0.42577
-0.94475
-1.1496
-0.87588
-0.48694
-0.25847
-0.12872
-0.039394
-0.019875
-0.086699
-0.18063
-0.20794
-0.21556
-0.23414
-0.16503
-0.027401
-0.043857
-0.30669
-0.56331
-0.040198
1.0587
1.2465
0.53152
-0.019261
-0.16121
-0.15839
-0.10983
-0.0090329
0.016128
-0.039587
-0.080614
-0.094266
-0.073397
-0.017064
-0.012606
-0.039227
-0.023489
-0.03163
-0.052023
0.056978
0.27904
0.56497
0.76462
0.67397
0.46211
0.31896
0.29491
0.37387
0.44116
0.43433
0.40083
0.36926
0.30665
0.24417
0.19894
0.22203
0.32713
0.4028
0.47566
0.49483
0.25434
-0.12467
-0.31065
-0.32238
-0.37955
-0.44484
-0.47104
-0.56401
-0.65056
-0.60774
-0.55057
-0.49276
-0.33914
-0.16053
-0.031542
0.019786
0.10625
0.31487
0.39196
0.23601
0.082782
-0.00025959
-0.075089
-0.10741
-0.11281
-0.26871
-0.65649
-1.0085
-1.0077
-0.67491
-0.30975
-0.10638
-0.030384
-0.033258
-0.062986
-0.0927
-0.12997
-0.11815
-0.095095
-0.13794
-0.16204
-0.10519
-0.075346
-0.15284
-0.28901
-0.14957
0.37427
0.75481
0.71732
0.47819
0.23735
0.08114
0.030147
0.020673
-0.0091836
-0.041701
-0.041116
-0.011899
0.013392
0.0094518
-0.054418
-0.10964
-0.080925
-0.047754
-0.030411
-0.024986
-0.022557
0.0020585
-0.053457
-0.097038
0.098928
0.39076
0.54391
0.52069
0.38909
0.29008
0.28339
0.31395
0.34792
0.35561
0.30836
0.2685
0.23693
0.17
0.11246
0.30991
0.65107
0.53996
0.13017
-0.12677
-0.26303
-0.26133
-0.23667
-0.33398
-0.33275
-0.24525
-0.27962
-0.36327
-0.46209
-0.53835
-0.54424
-0.49003
-0.38913
-0.30048
-0.19722
-0.08126
0.03356
0.14311
0.18762
0.2333
0.29737
0.23693
0.15858
0.15721
0.026124
-0.1779
-0.31132
-0.52757
-0.81876
-0.83472
-0.5032
-0.11413
0.090778
0.075997
-0.033229
-0.13615
-0.11928
-0.037322
-0.036352
-0.080318
-0.11577
-0.083999
0.030538
0.064605
-0.023822
-0.14589
-0.18902
0.055372
0.43769
0.49939
0.30095
0.20269
0.20275
0.17442
0.12551
0.08332
0.03739
0.021188
0.087288
0.136
0.068634
-0.10224
-0.28724
-0.32044
-0.23056
-0.1924
-0.17635
-0.10568
0.0038062
0.10788
0.13422
0.1672
0.22394
0.23732
0.29028
0.33155
0.27637
0.23931
0.21961
0.15781
0.10061
0.07217
0.080398
0.11586
0.11136
0.090099
0.14263
0.2722
0.41005
0.42415
0.26654
0.021818
-0.23678
-0.36499
-0.36395
-0.36044
-0.3008
-0.22971
-0.19451
-0.11522
-0.070996
-0.11079
-0.16129
-0.18334
-0.20101
-0.31453
-0.40201
-0.31013
-0.21836
-0.1805
-0.15547
-0.11373
0.032655
0.1939
0.29109
0.3245
0.2459
0.059689
-0.074898
-0.099172
-0.19655
-0.35529
-0.49054
-0.45299
-0.14004
0.13146
0.15114
0.033679
-0.03061
0.0051733
0.069055
0.12347
0.1016
0.0088036
-0.045919
0.0091742
0.10366
0.10681
0.018224
-0.036255
-0.0086508
0.090973
0.27669
0.44799
0.40878
0.22905
0.095429
0.050495
0.031251
0.0079081
-0.0029407
0.039649
0.13784
0.14813
0.019291
-0.092212
-0.11191
-0.09698
-0.059659
-0.037934
-0.10031
-0.14756
-0.05302
0.0024372
-0.16073
-0.30882
-0.21838
-0.0052736
0.13698
0.15669
0.11303
0.075969
0.058291
0.074266
0.086694
0.042922
0.013628
0.051781
0.084672
0.072647
0.11828
0.27654
0.36467
0.22775
-0.036621
-0.26889
-0.3853
-0.42317
-0.43883
-0.4119
-0.35785
-0.29754
-0.19793
-0.094905
-0.0056582
0.081505
0.082709
0.017532
-0.047021
-0.14342
-0.24912
-0.28033
-0.27364
-0.23514
-0.07637
0.019128
0.0089665
0.1438
0.34814
0.42141
0.32891
0.12344
-0.031178
-0.11159
-0.19793
-0.24648
-0.28972
-0.3039
-0.098848
0.19962
0.31619
0.21188
0.067702
0.045209
0.11458
0.18184
0.16857
0.099503
0.073171
0.098603
0.13679
0.15783
0.11932
0.051522
0.047571
0.11221
0.18587
0.28469
0.31467
0.22173
0.16526
0.16019
0.10538
0.016305
-0.021653
0.05474
0.12555
0.095914
0.044385
-0.034637
-0.096391
-0.052147
-0.0072758
-0.043819
-0.10014
-0.13032
-0.05442
-0.053844
-0.36119
-0.60561
-0.52112
-0.31896
-0.097337
0.063197
0.07018
-0.024978
-0.10423
-0.074215
-0.021507
-0.046703
-0.083812
-0.099345
-0.11356
-0.098037
0.020479
0.20614
0.24832
0.10515
-0.10271
-0.31301
-0.46409
-0.53745
-0.55858
-0.49017
-0.33711
-0.18498
-0.083418
-0.0034861
0.062015
0.12391
0.19949
0.20746
0.098804
-0.028274
-0.056535
-0.099817
-0.20739
-0.18588
-0.046709
0.056645
0.093292
0.17696
0.406
0.53623
0.37857
0.14125
-0.031938
-0.16371
-0.22368
-0.18948
-0.12783
-0.069098
0.071029
0.23659
0.24708
0.20232
0.18634
0.15075
0.20191
0.2613
0.21904
0.16974
0.12778
0.12775
0.21466
0.2678
0.21928
0.21447
0.27376
0.15211
0.071255
0.23715
0.27708
0.20568
0.18623
0.1495
0.09098
0.032402
0.012463
0.043038
0.084039
0.087856
0.022248
-0.056256
-0.068292
-0.035644
-0.010378
-0.076957
-0.16895
-0.13141
-0.066311
-0.12773
-0.41058
-0.7785
-0.83092
-0.54123
-0.23677
-0.11647
-0.13519
-0.16699
-0.16928
-0.152
-0.18042
-0.26046
-0.26441
-0.18171
-0.11755
-0.097362
-0.014098
0.11352
0.15619
0.050068
-0.22009
-0.49511
-0.60164
-0.59427
-0.58378
-0.54976
-0.42308
-0.22249
-0.048465
0.048041
0.11723
0.19708
0.27195
0.30314
0.32078
0.30391
0.19967
0.08639
-0.020461
-0.15288
-0.17277
-0.085251
0.0061198
0.16432
0.38923
0.54025
0.47748
0.2648
0.071908
-0.11283
-0.28606
-0.23203
-0.005049
0.11718
0.14781
0.15785
0.18041
0.2757
0.38572
0.36389
0.25817
0.26368
0.31844
0.26481
0.15107
0.17033
0.33624
0.42624
0.41646
0.41349
0.33341
0.15771
0.15025
0.27881
0.29981
0.2698
0.1942
0.067423
0.0047998
0.0091307
0.043622
0.073529
0.057708
0.039317
0.030926
0.018447
0.0010975
-0.046238
-0.07371
-0.10297
-0.17626
-0.15407
-0.0096141
-0.039509
-0.47094
-0.98456
-1.0816
-0.81522
-0.48985
-0.2522
-0.15096
-0.13718
-0.17703
-0.25832
-0.3361
-0.37183
-0.31724
-0.2598
-0.27309
-0.30724
-0.23432
-0.021054
0.084142
-0.085862
-0.3476
-0.5303
-0.64051
-0.6622
-0.64975
-0.65637
-0.51438
-0.1947
0.10583
0.28169
0.27522
0.19928
0.28641
0.37025
0.3369
0.36627
0.3713
0.25341
0.13563
0.0097101
-0.11206
-0.16464
-0.10009
0.17738
0.47765
0.5685
0.46952
0.27353
0.078073
-0.072743
-0.15763
-0.09051
0.09438
0.18868
0.22984
0.33348
0.37829
0.32996
0.26573
0.21185
0.25879
0.37237
0.41041
0.36388
0.33772
0.36662
0.36526
0.39427
0.52471
0.53134
0.31199
0.063809
0.076677
0.29487
0.33499
0.26086
0.18972
0.10001
0.055658
0.027915
-0.013358
0.018215
0.082993
0.020027
-0.038718
0.00049493
0.0085477
-0.0075412
-0.0046894
-0.017504
-0.06865
-0.10385
-0.042295
-0.059618
-0.41602
-1.0052
-1.3345
-1.1631
-0.8118
-0.51658
-0.26947
-0.1774
-0.22201
-0.30672
-0.40349
-0.45009
-0.41294
-0.36205
-0.38538
-0.40343
-0.29629
-0.14824
-0.12527
-0.24212
-0.40093
-0.5543
-0.69333
-0.74794
-0.7174
-0.66723
-0.46261
-0.12763
0.11108
0.31794
0.46454
0.44051
0.41776
0.49322
0.56661
0.53253
0.44175
0.32533
0.14529
-0.011238
-0.057128
-0.068687
-0.058109
0.17686
0.49679
0.59073
0.46648
0.2011
-0.074505
-0.22531
-0.23311
-0.064795
0.23123
0.28665
0.15065
0.23419
0.36625
0.35961
0.28947
0.22465
0.27255
0.37836
0.42526
0.40578
0.3676
0.31711
0.29218
0.38473
0.53664
0.57669
0.26325
-0.25315
-0.29998
0.061956
0.28655
0.32502
0.19073
-0.010065
-0.048574
0.032191
0.10299
0.15069
0.17167
0.1012
0.0037243
0.0045736
0.022791
-0.054967
-0.11504
-0.10833
-0.091955
0.0068617
0.10012
0.079171
0.041592
0.021643
0.0039652
0.010927
0.051162
0.080017
0.058203
0.018873
-0.01955
-0.052961
-0.061885
-0.073072
-0.064646
-0.007373
0.015325
0.0024962
0.001756
-0.017081
-0.0022434
0.057346
0.083932
0.063366
0.0076569
-0.014772
0.0018035
-0.026284
-0.080546
-0.082546
-0.042905
-0.029453
-0.0089749
0.05016
0.063168
0.02575
-0.012337
-0.010774
0.01347
-0.037096
-0.059547
0.004643
0.00047036
-0.053809
0.0085814
0.11304
0.056013
-0.057515
-0.052749
-0.020909
-0.031974
-0.029778
0.0016558
0.03985
0.043975
-0.0023199
-0.034409
-0.0048563
0.023083
0.052061
0.082131
0.04609
-0.025183
-0.06805
-0.048734
0.010442
0.019313
-0.025076
-0.0081716
0.032071
0.0058655
-0.03958
-0.045757
0.014708
0.074571
0.046332
-0.036689
-0.098791
-0.070537
-0.0046761
-0.0030696
0.012615
0.053968
0.046524
0.053074
0.077095
0.056095
0.05368
0.075101
0.072362
0.051638
0.0029183
-0.015358
0.0024203
-0.0079692
-0.032888
-0.051286
-0.043879
-0.016506
0.017763
0.06508
0.083867
0.022081
-0.068793
-0.10073
-0.068008
-0.0067804
0.03949
0.041644
0.017977
0.019345
0.0084473
-0.017005
-0.013545
-0.036014
-0.04758
0.012766
0.051787
0.031529
0.021493
0.0064696
-0.01009
0.013835
0.029657
-0.037055
-0.12143
-0.094387
-0.037128
-0.032307
-0.025703
-0.0090971
0.013756
-0.010781
-0.095444
-0.097017
-0.027661
-0.025288
-0.059038
-0.082288
-0.089379
-0.043718
0.0065607
0.015428
0.044415
0.092837
0.046564
-0.041246
-0.034899
0.004857
0.025397
0.029147
0.017687
0.02694
0.03149
0.027654
0.041804
0.03895
-0.0022893
-0.02468
-0.011415
-0.019311
0.0032272
0.020337
-0.018362
-0.030744
-0.051789
-0.04952
0.011008
0.024526
-0.017496
-0.017926
0.028228
0.023466
0.0086234
0.035723
0.057667
0.083489
0.077343
0.048769
0.031146
-0.0093436
-0.014132
0.046705
0.08875
0.047774
-0.026238
-0.029666
0.0046672
0.010618
0.0059479
0.0013119
-0.00062068
-0.018708
-0.012398
0.014365
-0.0051965
-0.043046
-0.045545
-0.0017311
0.015114
-0.0026094
0.0076245
0.018956
0.010793
0.0024594
-0.0010719
-0.0013393
-0.0006281
-8.3572e-05
0.00010235
8.9738e-05
3.4388e-05
4.3578e-07
-8.3816e-06
-5.7334e-06
-1.7326e-06
-0.017997
-0.030073
0.0023584
-0.0039809
-0.065569
-0.074143
-0.020061
0.018387
-0.01375
-0.063021
-0.05683
-0.022234
-0.00057956
0.0052217
0.016777
0.03619
0.033176
0.013128
0.00043973
-0.016135
-0.037167
-0.033976
-0.013421
-0.00043429
0.016198
0.050284
0.04275
-0.023293
-0.039505
-0.0075347
-0.0081828
-0.016679
0.0039617
0.019955
-0.00069757
-0.0055011
0.022648
0.01658
-0.020742
-0.018094
0.006164
-0.0043704
-0.017553
0.00239
0.019093
-0.0058648
-0.026824
0.0015529
0.025895
0.0039478
-0.016923
-0.012349
-0.0040186
0.00041931
0.0012953
0.00076332
0.00018543
-6.8097e-05
0.018004
0.030199
-0.0023782
-0.027319
-0.017733
0.013098
0.049475
0.066108
0.06299
0.020472
-0.038383
-0.04904
-0.018096
-0.012751
-0.022108
-0.011619
-0.0022191
0.0014427
0.014506
0.04047
0.041625
-0.00040862
-0.02891
-0.0063329
0.0030435
-0.0041425
0.014596
0.041938
0.042599
-0.00014109
-0.028992
-0.0064747
0.021119
0.02102
-0.0093744
-0.042687
-0.021062
0.014795
-0.0029137
-0.041997
-0.045614
-0.00185
0.028444
0.03773
0.049226
0.018234
-0.049448
-0.08704
-0.064109
-0.0028776
0.032426
0.022486
0.037987
0.032708
-0.018718
-0.0026214
0.034041
0.010621
-0.014341
0.0058928
0.043969
0.040895
-0.025394
-0.07665
-0.039679
0.010934
0.01735
0.0088827
0.0015828
-0.0011793
-0.0011908
-0.00050146
-3.5953e-05
0.00010245
-0.018145
-0.017588
0.023838
0.025825
-0.0015194
-0.0075345
-0.0046728
-0.0012354
0.00034944
0.00054612
0.018518
0.030532
-0.0024275
-0.01477
0.0035061
-0.0067268
-0.0182
-0.010514
-0.0024627
0.013796
0.040926
0.047704
0.0088998
-0.042584
-0.049088
-0.022196
-0.0025081
0.022187
0.052064
0.065888
0.067626
0.010479
-0.083144
-0.094998
-0.042768
-0.0047273
0.0076207
0.037344
0.066923
0.017193
-0.049128
-0.05004
-0.021181
-0.0015867
0.0042787
-0.0022959
-0.0081892
0.037253
0.087547
0.012747
-0.086762
-0.061442
0.048305
0.10997
0.024986
-0.073034
-0.055312
-0.0059753
-0.0027647
-0.00034648
0.013173
0.014536
0.01205
-0.0139
-0.01237
0.031852
0.037191
0.011286
-0.014505
-0.043597
-0.043924
-0.018475
0.011365
0.043301
0.031852
-0.02056
-0.040175
-0.021772
-0.0044733
0.0024921
0.033813
0.053071
-0.0039301
-0.047036
-0.03057
-0.0086453
0.02027
0.034145
0.017799
0.02169
0.010064
-0.017086
0.0043617
0.025609
-0.0022863
-0.044745
-0.047826
-0.020804
-0.0018911
0.022362
0.033867
-0.0013001
-0.0094197
0.030782
0.023036
-0.029095
-0.043736
-0.0036103
0.027013
-0.017761
-0.042954
0.0066379
0.02112
0.018329
0.037957
0.045986
0.039688
0.0083006
-0.053829
-0.093463
-0.03072
0.039801
0.034462
0.044058
0.033421
-0.038091
-0.033994
0.036201
0.020328
-0.044894
-0.035255
0.037073
0.052207
-0.017822
-0.031037
-0.0097155
-0.02966
-0.01153
-0.00024901
-0.034147
-0.041295
-0.013169
0.0075133
0.051846
0.076364
0.025648
0.003891
0.014596
-0.0096423
-0.028612
0.0016905
-0.010104
-0.062582
-0.033485
0.03622
0.063714
0.046103
0.014857
-0.0016648
-0.0048653
-0.021315
-0.050021
-0.077612
-0.088885
-0.027588
0.053341
0.042756
-0.0032506
-0.01297
-0.013909
0.0063935
0.032322
0.02612
0.0093772
0.018194
0.046836
0.045338
0.018606
0.001044
-0.0225
-0.052375
-0.029468
0.042883
0.067146
0.021816
-0.014718
-0.015379
-0.006607
-0.00055383
0.0012951
0.0010088
0.00035017
-1.9524e-05
-0.00010144
0.012334
0.020695
-0.001619
-0.018695
-0.012133
-0.0095797
0.0090087
0.014623
-0.023377
-0.019375
0.011441
0.012566
0.0055451
0.00054995
-0.013396
-0.033851
-0.037884
-0.010721
0.033271
0.074496
