0.043732
-0.065173
-0.087578
-0.065824
-0.008546
-0.084388
-0.057105
0.010912
-0.04064
-0.001396
0.019016
-0.031193
-0.040606
-0.10068
-0.026892
-0.091304
0.012038
-0.079583
-0.051424
-0.019213
0.04754
-0.031527
0.018683
-0.0083332
-0.077932
0.035074
-0.066932
-0.0017532
-0.1093
-0.091602
0.00063544
0.029535
-0.087733
-0.073323
-0.065941
0.040697
-0.10853
0.014245
-0.083722
-0.017926
-0.0085285
-0.10844
-0.11525
0.036802
0.055658
-0.09633
-0.04282
0.028475
-0.092599
0.023604
-0.14718
-0.19249
-0.0038932
-0.15647
-0.04217
-0.060835
-0.050287
0.0048659
-0.070715
-0.1289
-0.054004
-0.10836
-0.1333
-0.031522
-0.12661
-0.12001
-0.089533
-0.052084
0.037112
0.11627
-0.074252
-0.148
-0.065782
-0.08316
-0.0026982
-0.072467
-0.017464
-0.012513
-0.05032
-0.11313
0.014514
-0.070695
-0.12812
-0.0056736
-0.15936
0.13568
-0.0012604
-0.17397
-0.04207
-0.078395
-0.020732
-0.16941
-0.077504
-0.034653
-0.083638
-0.075091
-0.15382
-0.085277
-0.029129
-0.0165
-0.11604
0.0295
-0.086872
0.0043785
-0.054665
-0.024125
-0.064628
0.11989
-0.17836
-0.15679
-0.095012
-0.032849
-0.121
0.13847
-0.0065453
-0.02849
-0.070182
-0.076991
-0.12184
-0.035888
-0.14333
-0.16358
-0.018472
-0.069842
-0.094567
-0.16969
-0.1113
-0.035543
0.12786
0.097653
0.056933
-0.0090762
-0.15441
-0.005027
-0.063746
0.024237
0.0017087
-0.10157
-0.017285
0.0041047
-0.11078
-0.0052844
-0.0037275
-0.0061479
-0.11381
-0.020038
0.0028976
-0.10366
-0.12931
-0.035555
-0.10978
-0.14137
-0.066543
-0.073839
-0.068729
-0.035637
-0.087279
-0.10827
-0.025081
-0.039907
-0.019892
-0.067988
0.017927
-0.0052489
-0.069513
-0.034153
0.036748
-0.0099949
-0.038762
-0.025863
-0.023318
-0.0069823
-0.017198
-0.0093062
0.0087878
-0.0039361
0.028303
-0.0747
-0.058546
0.00098585
-0.16291
0.018696
-0.17299
-0.033525
-0.12245
-0.059246
-0.19532
-0.0032829
-0.058156
-0.076227
-0.027976
-0.1257
0.008302
-0.1342
0.011643
-0.023089
-0.10985
0.027792
0.047758
-0.15516
-0.043371
-0.066457
-0.09809
-0.14942
-0.10517
-0.10322
-0.21199
0.053427
-0.10864
-0.017509
-0.0036984
-0.034753
-0.035277
0.010012
-0.13144
-0.01686
0.018041
-0.013456
-0.11354
0.0057915
-0.017265
-0.028022
-0.033344
0.043126
0.022296
-0.086418
-0.18387
-0.030412
-0.19641
-0.10397
-0.084013
0.0013002
0.12283
0.027032
-0.074161
-0.13102
-0.070303
-0.10409
-0.03323
-0.15167
-0.040836
-0.051148
-0.20473
-0.039632
-0.10491
-0.1198
-0.13253
-0.023285
0.069873
-0.0041261
-0.07151
-0.03652
-0.088135
0.076621
-0.0071759
0.0074717
-0.069412
0.024936
0.044726
-0.010148
0.028361
0.13241
-0.15603
-0.089051
-0.1466
-0.11775
-0.080009
-0.0076151
-0.15777
-0.059808
-0.024939
0.030216
0.018463
-0.059963
0.053103
-0.093522
-0.016516
0.084667
-0.18385
-0.099314
-0.18198
0.090406
-0.014907
-0.1254
-0.028731
-0.14446
-0.052729
-0.082356
0.0020371
0.044449
0.0081391
-0.093738
-0.12774
-0.10732
-0.053268
-0.14693
-0.021383
-0.030742
-0.050301
0.070375
-0.095899
0.12396
0.061022
-0.083621
-0.1881
-0.023504
-0.027029
-0.092332
-0.091499
-0.17007
-0.17844
0.038545
-0.055729
-0.10215
-0.041418
-0.084981
-0.16647
-0.15433
-0.062746
-0.058899
-0.037593
0.10177
-0.031846
-0.029925
-0.098066
-0.098398
-0.001195
-0.00094931
-0.03202
-0.14733
0.027844
-0.092175
-0.0086962
0.0074486
-0.13845
-0.0094883
-0.11779
-0.048648
0.044211
-0.038553
-0.078454
0.0537
-0.059222
0.0031323
-0.085565
-0.057245
-0.14888
-0.15157
-0.10878
0.038103
0.0042168
0.045773
-0.089681
-0.046612
-0.080173
-0.11539
-0.090529
-0.18124
-0.091128
0.0021993
-0.15772
-0.15372
-0.048466
-0.048529
-0.057441
-0.067465
-0.068995
-0.053338
-0.0048621
-0.10511
0.052374
-0.16013
0.095472
0.016333
-0.02532
-0.090756
-0.013936
0.0037543
-0.094607
-0.09388
-0.00026726
-0.088813
-0.042768
0.031372
-0.064874
-0.087485
-0.044692
-0.080836
-0.10716
-0.034706
-0.083441
-0.1148
-0.066977
-0.02469
-0.1752
-0.0033208
-0.037193
-0.058361
-0.013547
0.065045
-0.14739
0.027064
-0.10663
0.00057401
0.057353
-0.15852
-0.13381
-0.062436
-0.038187
-0.11037
-0.071856
0.0087198
-0.033751
-0.085458
-0.099685
-0.0098878
-0.10841
-0.10766
0.053487
0.092028
-0.090103
-0.050308
-0.06884
-0.060672
0.022971
-0.065833
-0.073046
-0.1531
-0.075886
-0.04934
-0.012683
-0.12213
-0.15859
0.010891
0.027164
-0.20904
-0.022331
-0.029657
-0.079807
-0.0027838
0.0075357
0.0068091
-0.070627
-0.068103
-0.020332
-0.13246
0.015357
-0.084338
0.054025
-0.0041489
0.067532
-0.058986
-0.16177
-0.13502
0.00095934
-0.043348
-0.072551
-0.11344
-0.12616
-0.049044
0.11401
-0.062943
-0.0091572
-0.11414
-0.11192
-0.07538
-0.058166
0.048999
-0.069218
-0.028734
-0.12451
0.082692
-0.0891
0.089395
-0.086349
0.038016
-0.10876
-0.12788
-0.048606
-0.053973
-0.028985
-0.17611
0.051357
-0.050018
-0.098825
0.056751
-0.12322
-0.077091
-0.13954
0.028621
-0.10674
-0.12367
0.069477
0.019561
-0.030075
-0.050821
-0.075816
0.0025681
-0.0052355
-0.15059
0.0037877
-0.08861
0.053474
-0.025597
-0.16061
-0.068323
-0.069916
-0.014839
-0.0081481
-0.12584
-0.12465
0.085661
0.053066
-0.085093
-0.1429
-0.077912
0.020268
-0.054243
-0.048615
-0.043891
-0.12066
-0.097313
-0.051416
-0.17449
-0.049768
-0.10077
0.0085188
0.037783
0.03038
-0.10157
0.010555
-0.099349
-0.14967
-0.017496
-0.084166
-0.11744
-0.10555
-0.074937
-0.02199
-0.026648
-0.16252
-0.1564
-0.0026197
-0.15972
-0.0042251
-0.092553
-0.054647
-0.030971
-0.050505
-0.13518
0.0096949
-0.012248
-0.029056
0.098884
-0.017844
-0.099063
-0.063339
-0.17834
0.0786
-0.095674
-0.012691
0.067823
-0.031948
-0.02903
-0.0036444
-0.22506
0.041257
-0.12216
-0.10357
-0.096918
0.011093
-0.083294
-0.073057
0.028888
-0.084113
-0.04174
-0.15955
0.022686
-0.018657
-0.080046
-0.14735
-0.03825
-0.05321
-0.12264
-0.083318
-0.13546
0.050221
0.03972
0.0060255
-0.063466
-0.056841
-0.0070849
-0.0065031
-0.10193
-0.0086069
-0.0039687
-0.086785
-0.016609
-0.0013929
-0.097292
-0.075387
0.013649
0.064075
-0.16102
0.05218
-0.030446
-0.16419
-0.034903
0.035409
-0.12107
-0.14353
-0.14537
-0.014667
-0.18505
-0.0051126
-0.023456
-0.20368
-0.016092
-0.034841
-0.14965
-0.016118
-0.14212
0.059859
-0.077215
-0.055651
-0.048044
-0.10116
-0.12528
-0.032971
0.00176
-0.0036029
-0.022887
-0.068786
-0.17642
-0.042801
0.0021745
-0.087429
0.026875
-0.081947
-0.020063
0.072817
-0.085602
-0.061985
-0.21037
-0.0041854
0.022461
-0.094661
-0.094395
-0.076324
0.049218
-0.11831
-0.19633
0.015036
0.028377
-0.12562
0.010576
-0.037109
0.10635
-0.069016
-0.12495
-0.10513
-0.14771
-0.079485
-0.085329
0.01779
-0.11779
-0.076294
-0.10899
-0.0043339
-0.09539
-0.067449
-0.13163
-0.067043
0.0023406
0.063536
0.011614
-0.13435
-0.13218
0.043862
0.027106
0.056133
0.047549
0.02292
-0.15915
-0.15712
0.03451
-0.20315
-0.10234
-0.07726
-0.034339
0.041353
-0.039681
-0.042918
-0.058995
-0.01355
-0.035272
-0.021462
-0.0091691
-0.072003
-0.12725
-0.18124
-0.12201
-0.048036
-0.075293
-0.079733
-0.0051741
-0.045533
-0.083708
-0.13587
0.057723
-0.047159
-0.11085
-0.042743
-0.14581
0.0041824
-0.050285
-0.0752
-0.042282
-0.16117
-0.037007
-0.11279
-0.012791
0.055892
0.0751
-0.064894
-0.032077
-0.016109
0.0089286
-0.060086
-0.029314
0.0069301
-0.05332
-0.13967
-0.022883
0.079088
-0.055843
-0.028885
-0.087173
-0.0213
-0.039322
-0.11329
-0.11899
-0.038582
0.035122
-0.016161
0.023796
-0.11529
-0.082954
0.05478
-0.12573
-0.097202
-0.032678
-0.11554
-0.030776
-0.074115
-0.032059
-0.16408
-0.0043108
0.024721
-0.098924
-0.10657
-0.11871
-0.097229
-0.10516
-0.051562
-0.099584
0.055601
0.06692
0.0029276
0.0035816
0.095412
-0.03525
-0.10776
-0.040691
-0.07576
-0.040609
0.05776
-0.23335
-0.024408
-0.05196
-0.10703
-0.16236
-0.052798
-0.086444
0.019669
-0.14126
-0.033989
-0.11895
-0.052846
0.031061
-0.16892
0.084344
0.013498
-0.10791
-0.031124
-0.097823
-0.011215
-0.030363
-0.18547
-0.0080881
-0.046736
-0.19366
-0.0088903
-0.011579
-0.0060064
-0.031418
-0.17389
-0.015827
-0.018688
-0.099095
-0.26771
0.12632
-0.063236
-0.0042919
-0.0015221
-0.05927
0.030226
-0.2015
-0.092369
0.072346
-0.032977
-0.015482
0.0083904
-0.066878
-0.12649
0.063248
-0.06545
-0.0056262
0.11387
-0.047146
-0.078317
-0.0085373
-0.033215
-0.083951
0.049155
-0.098821
-0.024285
-0.11465
-0.12252
-0.04624
-0.12542
0.016653
-0.011433
-0.14794
-0.16114
0.070716
-0.041687
-0.024475
-0.021964
-0.096792
-0.093874
-0.15165
-0.011206
-0.044911
-0.1608
0.014664
-0.091706
-0.032924
-0.16305
-0.090691
0.011544
-0.18901
0.070941
-0.0016
-0.11463
-0.024838
-0.0097791
-0.059695
-0.018877
-0.078524
0.075702
-0.23953
-0.13258
-0.11967
-0.1034
0.021268
0.0065693
0.0041519
-0.18247
-0.013771
-0.049488
-0.033395
-0.18453
0.070313
-0.079252
-0.030757
-0.021827
-0.13834
-0.0065609
-0.068061
-0.063082
0.027884
-0.014303
-0.071932
7.3989e-06
-0.033818
0.12767
-0.076969
0.0063223
-0.023086
-0.059783
0.044823
0.0061052
-0.10586
-0.072772
-0.14167
-0.069707
-0.073985
-0.093298
-0.14274
-0.072589
0.031162
-0.057126
-0.076179
0.025436
0.033498
-0.096904
-0.10739
-0.041618
-0.054377
-0.0078421
-0.094486
0.069685
-0.13164
-0.0056651
-0.0051581
-0.18855
-0.0996
-0.085498
-0.044901
0.0084663
0.035808
-0.033429
-0.079201
-0.07661
-0.1027
-0.10514
0.01407
0.03043
0.10471
-0.14084
-0.073569
-0.011262
-0.0522
0.029234
-0.13964
-0.098533
0.021071
-0.14233
-0.088697
-0.074167
-0.03454
0.024119
-0.088068
-0.12531
-0.0082641
-0.10491
0.0010763
-0.034681
-0.032524
0.026039
0.055737
-0.10044
-0.1382
-0.077302
-0.15773
-0.074622
0.014574
-0.085271
-0.076904
-0.011996
-0.051574
-0.12712
0.11476
-0.11581
0.012802
-0.034727
0.072348
-0.13429
-0.033689
-0.12979
0.086516
-0.11556
-0.099589
-0.036472
-0.11105
-0.14755
-0.027098
-0.13673
-0.12622
0.017922
-0.027147
-0.041643
-0.036712
-0.052615
-0.12457
-0.063341
-0.084468
-0.02204
-0.10698
0.067813
0.040805
-0.30091
-0.026381
0.0038571
0.027352
0.023665
-0.14885
0.0064757
-0.076611
-0.029878
-0.0085633
-0.024068
0.08211
-0.18562
-0.10937
-0.045212
-0.18202
-0.10465
-0.12786
-0.062701
-0.013442
0.11239
-0.056699
0.041719
-0.12261
-0.51
0.026616
0.25604
-0.37864
-0.052875
-0.026271
-0.27452
-0.1343
0.022404
-0.35329
-0.039377
0.13954
0.35852
0.086359
0.060635
-0.042851
0.39679
0.74045
-0.019247
-0.21896
0.34068
-0.11906
0.13351
0.68742
-0.0044051
0.32326
-0.49341
1.361
-0.36305
-0.021631
-0.27536
-0.19249
-0.053772
-0.17712
-0.56749
-0.18467
-0.38711
0.30271
-0.89605
-0.3818
-0.13218
-0.052517
0.11564
-0.15023
-0.25326
-0.25346
-0.33857
-0.011035
-0.27545
-0.27779
-0.10057
-0.30755
0.044734
-0.24557
-0.09335
0.031595
-0.10083
0.046631
0.058802
-0.29673
-0.11539
-0.22792
-0.22674
0.34385
0.66146
-0.020228
-0.00037959
0.073643
-0.10726
-0.28277
-0.030555
-0.068248
-0.15965
-0.10062
-0.23636
-0.24926
-0.3285
-0.24738
-0.27798
-0.1876
-0.064857
-0.056256
-0.029093
0.026265
0.14558
-0.056675
-0.061452
0.039722
0.17848
0.14281
0.021632
0.0043705
0.15989
-0.22558
-0.18698
0.09277
-0.19573
-0.18056
-0.0034841
-0.2921
-0.141
-0.1968
-0.19974
-0.16425
-0.060805
-0.032717
-0.0074149
-0.0083227
-0.12495
0.10883
0.14344
0.13405
0.27566
0.29295
0.13286
0.31404
0.37452
0.35513
0.086183
0.71311
-0.21131
0.053
-0.52975
-0.47391
-0.50689
-0.38889
-0.16222
-0.44145
-0.67757
-0.4324
0.076143
-0.16857
-0.22033
-0.051052
-0.31559
0.082468
-0.19587
0.20863
-0.29661
-0.32139
0.21461
0.54559
0.17133
-1.0003
0.87157
0.5643
-0.35966
-0.28908
-0.063041
0.3504
0.015852
-0.35684
0.13692
-0.23813
0.020981
0.19675
0.27067
0.5147
0.45645
0.49234
0.83414
0.045785
0.12581
0.00029315
-0.32129
-0.7649
-0.95428
-0.68496
-0.3921
-0.28209
-0.64632
-0.32161
-0.3068
-0.15117
-0.3562
-0.11134
-0.34522
-0.0113
0.012006
0.20104
-0.1614
0.041626
0.17178
-0.15646
-0.36317
-0.3749
1.3277
-0.75404
0.052297
0.78483
-0.23406
0.34136
-0.10031
-0.1167
-0.13234
-0.25429
-0.11529
-0.23595
0.019387
-0.14618
-0.19906
-0.10504
-0.13001
-0.067777
-0.068819
-0.051139
-0.018035
-0.040095
-0.15946
-0.040319
0.010932
0.01313
-0.011778
-0.061121
-0.025626
-0.038749
-0.04574
-0.17354
-0.046133
0.01549
-0.023252
0.0078424
0.030131
-0.092801
0.064941
-0.20544
-0.058289
-0.054027
-0.22341
-0.12718
-0.099302
-0.10708
-0.15313
-0.12298
-0.037159
-0.052331
-0.010951
-0.036658
-0.012652
-0.072168
-0.0009572
-0.093771
0.029535
-0.053795
-0.013974
-0.049389
0.033954
-0.11401
-0.10403
-0.10638
-0.1623
-0.091479
-0.19213
-0.099611
0.071241
0.036328
-0.036747
-0.095846
0.065944
-0.077482
0.07386
0.068626
0.086781
-0.15739
-0.11973
-0.096247
-0.037685
-0.088594
0.024581
-0.089049
-0.070455
-0.089346
-0.11611
-0.071592
-0.14301
-0.002877
-0.031105
-0.055557
0.072127
-0.033323
-0.023644
0.12302
-0.0073822
-0.016454
-0.00014395
-0.040833
0.02052
-0.10653
-0.08697
-0.039958
-0.16711
-0.064062
-0.079436
-0.091892
-0.061439
-0.17044
0.026202
-0.025404
-0.023072
0.050833
-0.032097
-0.04636
-0.096696
-0.14484
-0.10382
-0.041566
-0.0080065
-0.16999
-0.13088
0.023073
-0.020736
-0.089569
-0.11484
-0.099968
-0.13382
0.063423
-0.0020759
0.079571
0.019189
-0.029924
-0.011294
-0.03157
-0.055521
-0.14135
0.090921
-0.1003
-0.15015
-0.039641
-0.015044
-0.16286
-0.11506
-0.018649
-0.19614
-0.076799
-0.094114
0.0087167
0.10392
0.102
-0.074236
-0.096365
-0.07323
-0.073985
-0.029612
-0.19202
-0.093572
-0.17201
-0.14423
-0.16584
-0.14656
-0.079977
-0.050415
-0.034003
0.0069117
0.072825
0.014417
-0.092488
0.056621
0.0092756
0.012041
-0.16299
-0.060412
0.026589
0.0089239
-0.16352
-0.15857
-0.22093
-0.088464
-0.18772
0.034354
-0.075677
-0.0044891
-0.10277
-0.1292
-0.064804
-0.095739
0.11784
-0.074928
0.050053
-0.024189
0.023692
-0.0041292
-0.1
-0.033188
-0.049668
0.0045899
-0.04925
-0.045186
-0.14545
-0.11459
-0.22736
-0.11103
0.0093785
-0.10342
-0.015392
0.079995
-0.05044
0.11361
-0.13438
-0.0045907
-0.091734
0.14758
-0.045735
-0.091685
-0.14858
-0.11665
-0.040628
0.024464
-0.033649
-0.076389
-0.1276
-0.057124
-0.12834
-0.029096
-0.065475
0.021165
-0.18106
-0.011459
-0.003233
-0.038002
-0.015438
-0.095349
-0.068873
-0.031894
-0.043076
0.010145
0.04624
-0.11994
-0.014535
-0.099559
0.064374
-0.22936
0.015217
-0.011492
-0.089894
0.11246
0.074493
-0.11858
-0.069452
-0.12109
-0.14983
0.053596
-0.053659
-0.051356
-0.061001
0.025951
0.0086536
0.045199
-0.13372
-0.0037991
-0.0060511
-0.21685
-0.073638
-0.10771
-0.099696
0.021842
-0.026809
-0.087059
-0.021168
-0.044424
-0.007261
-0.057028
-0.11356
-0.028338
0.085334
0.030218
-0.1168
-0.11811
-0.12541
-0.094192
-0.051344
-0.093301
-0.097367
0.0011277
-0.010134
-0.055218
-0.063223
-0.064097
0.035465
0.031208
-0.017131
-0.076448
-0.051087
-0.10411
-0.084511
-0.20149
-0.15089
-0.14007
0.052487
-0.0060576
-0.0082718
-0.016377
-0.042952
-0.1101
-0.083846
0.003957
-0.054376
-0.015875
-0.097366
-0.025582
0.089441
0.065509
-0.015593
-0.050463
-0.05099
0.025744
0.061815
-0.08559
-0.057651
-0.08203
-0.027292
-0.016426
-0.11035
-0.027891
0.083796
-0.2024
-0.13071
-0.072168
-0.027806
0.0068671
0.021678
-0.0035952
-0.11544
-0.19416
-0.064697
-0.0085325
-0.11048
-0.10197
0.01294
0.0092791
-0.021392
-0.10122
-0.10864
-0.031905
-0.18075
-0.05454
-0.055275
-0.14832
-0.083971
-0.13844
-0.14869
-0.26626
-0.37317
0.0062547
-0.5172
-0.31989
-0.18496
0.24222
-0.21823
-0.08016
0.25095
0.18639
0.04626
0.15614
0.16046
0.26802
0.2043
0.17213
0.36489
0.47072
0.38408
0.093522
0.27727
-0.024388
-0.31022
0.24027
-0.21858
-0.63936
-0.25848
-0.22014
-0.18606
-0.040418
-0.018604
-0.14661
-0.25248
-0.33397
0.024579
-0.31456
-0.0045673
-0.45902
-0.64334
-0.69182
-0.6591
0.056769
0.42286
-0.27374
-0.094506
0.14983
-0.19499
0.40372
0.28805
0.41873
0.33853
0.31702
0.20106
0.19442
0.15084
0.012388
0.10038
0.41165
0.45082
0.09482
-0.17085
-0.16759
-0.49095
-0.53146
-0.2684
-0.38255
-0.44384
-0.38055
-0.074429
-0.030828
-0.03512
-0.058771
0.23803
0.1858
0.06966
-0.047695
0.073006
0.026364
0.16377
-0.022263
-0.015354
0.062043
-0.13536
0.034262
0.24408
-0.042932
0.17749
-0.15802
-0.26985
-0.29482
-0.033156
-0.1733
-0.38217
0.21808
0.40236
-0.26115
-0.20593
0.16162
0.24839
0.12948
0.15111
0.28863
0.06869
0.47808
-0.16342
0.19573
-2.1534
0.89549
0.1882
0.31957
-0.35179
-0.20232
-0.3192
-0.94721
0.026602
-0.51673
-0.54284
-0.1289
0.16898
-0.060817
0.52674
0.3203
0.46717
0.28244
0.073404
0.41028
0.16876
0.56168
0.37088
0.17885
-0.84339
-0.15927
-0.65712
-0.42676
-0.68617
-0.29348
-0.79846
-0.88565
-0.57274
-0.34798
-0.31047
-0.2211
-0.18292
-0.013765
-0.28989
0.24739
0.41024
0.41126
0.26873
0.44793
-0.86926
0.47834
-0.10986
0.26145
-1.1671
-0.32909
0.7118
0.014763
0.66222
0.031194
-1.2221
-0.56934
-0.14947
-0.15179
-0.43872
-0.16574
-0.073964
0.19005
0.34646
0.40531
0.58122
0.33374
0.59965
0.24039
0.67631
0.68392
0.5942
-0.72371
-0.208
0.10243
-0.34168
-0.20288
0.1111
0.022178
-1.1037
-0.60999
-0.14816
-0.055095
-0.22731
-0.53926
-0.35327
-0.26925
0.032512
-0.036525
0.29489
0.34286
0.097122
0.024416
0.29248
-0.12688
0.4754
-0.34415
1.0289
0.64515
0.32787
0.040829
-0.69748
-0.44143
-0.12088
-0.64912
-0.95034
-0.44374
-0.7305
-0.35723
-0.23818
0.015338
0.1175
0.28756
0.42525
0.3025
0.081016
0.1433
0.33154
-0.023196
0.62004
0.20217
0.50998
0.046123
-1.0187
-0.29547
-0.49417
-0.024517
-0.10801
-1.7931
-0.44207
-0.59366
0.084817
-0.47172
-0.00050405
0.069718
0.0075761
0.20117
0.043659
0.016259
0.24911
-0.20997
0.44323
0.49844
-0.16888
0.24744
0.39248
0.22035
-0.27742
2.6137
-0.99156
-0.53584
-0.54565
-0.17338
-0.75319
-0.79012
-0.059617
-0.28085
-0.18512
-0.13541
-0.29566
-0.093572
0.39187
0.067704
0.24336
0.056232
0.15963
0.26914
0.083916
1.2646
0.33772
-0.86923
-0.54869
-0.51707
-0.087705
-0.49018
-0.54848
-0.4469
-0.32017
-0.17214
-0.15483
-0.065847
-0.11417
-0.055113
-0.0025684
0.033201
0.017095
0.018326
-0.016791
-0.052969
-0.051006
0.12209
-0.05611
-0.11534
0.0031888
-0.069643
0.061612
0.094934
0.025673
-0.13798
-0.028029
-0.068827
-0.095603
-0.034224
-0.17398
-0.17652
0.039145
0.032616
-0.013558
-0.018469
0.089341
-0.14078
-0.08218
-0.045371
-0.20401
-0.2153
0.091701
-0.080827
0.015969
-0.13904
-0.08558
-0.061382
-0.026388
-0.076227
-0.023511
-0.086842
-0.02733
-0.04347
-0.076333
0.0092131
-0.18442
0.074004
-0.11525
-0.08798
-0.093168
-0.050901
-0.054573
-0.13791
-0.053091
-0.060862
-0.078473
-0.036516
0.052085
0.021544
0.086685
-0.043891
-0.005142
-0.076193
0.047248
-0.066834
-0.23884
-0.097301
-0.017746
-0.1015
-0.29419
-0.078117
-0.10874
-0.036708
0.026847
0.043342
0.039759
0.039565
0.095054
0.032874
-0.054822
0.064219
-0.004381
-0.05799
-0.07582
-0.069191
0.0063915
-0.17667
-0.097704
-0.098438
0.0069295
-0.11392
-0.097337
-0.018252
-0.15225
-0.12269
-0.015546
0.014818
-0.047566
-0.077039
0.041727
-0.20779
-0.087633
-0.071104
-0.01272
-0.090301
-0.035446
-0.016061
-0.023783
-0.16476
-0.025044
0.0019288
0.0047864
0.023704
-0.06834
-0.076423
-0.078391
0.010572
-0.035097
-0.011742
0.0069976
0.025311
-0.88108
0.40977
-0.20189
-0.26865
-0.17097
-0.12179
-0.15435
-0.073337
-0.11179
0.023183
-0.086557
-0.25641
-0.40962
-0.066852
-0.39399
-0.22562
-0.10309
-0.02117
-0.25174
-0.094703
-0.4017
-0.047941
0.14057
-0.092992
-0.36708
-1.1821
0.42952
0.63804
0.26452
-0.062197
0.88036
0.31878
0.43936
0.9795
0.5055
0.24038
0.46537
0.43882
0.017741
-0.37571
-0.28778
-0.35179
-0.077227
0.17446
-0.15809
-0.23539
-0.62235
-0.27597
-0.3343
-0.30533
-0.93818
0.2843
0.22984
-0.35397
0.043323
-0.050605
0.32525
-0.0054766
0.54415
0.66348
-0.8513
-0.18588
0.035673
0.028705
-0.047445
-0.048273
-0.025598
0.13961
0.058504
-0.13793
0.048135
-0.63576
0.18361
-0.14202
0.0079102
0.1525
0.41424
0.30336
-0.050738
-0.015351
-0.038471
0.018725
0.051668
0.012835
-0.062791
0.0061123
-0.10379
-0.18525
-0.15272
-0.27739
-0.27747
-0.23387
-0.21835
-0.10496
-0.18528
-0.023043
-0.19949
-0.089287
-0.037283
0.010916
0.080903
0.086153
-0.069693
-0.023139
0.051957
-0.042318
-0.070713
0.0025396
-0.007851
-0.015309
-0.038423
0.043214
-0.067331
-0.24101
-0.16849
-0.054896
-0.11852
0.066085
-0.055842
-0.13423
-0.052523
-0.01974
-0.07164
0.21494
-0.082804
-0.19085
-0.13436
-0.33209
-0.099644
-0.16182
-0.094296
-0.0012266
-0.2053
-0.16085
0.098553
-0.55942
-0.23046
-0.22694
0.0042068
0.15918
0.13831
-0.0071438
-0.024891
-0.24187
-0.28916
-0.13418
0.16927
0.64793
-0.59821
0.64563
-0.26526
0.071833
0.19879
-0.017135
0.24909
0.37277
-0.0093313
-0.81538
0.41115
-0.9012
0.020008
-0.14563
0.0934
-0.17798
-0.10965
-0.2578
-0.32265
-0.62741
-0.50139
-0.42123
-0.40146
0.97683
0.78232
0.79621
0.12135
0.33014
0.2608
0.46539
0.4255
0.19456
0.3073
0.26039
-0.68745
-0.0093561
0.038375
-0.28697
-0.26391
0.051998
-0.12336
-0.15934
-0.32238
0.10915
-0.20358
-0.34972
0.83407
0.28049
-1.6681
0.58021
-0.16233
0.059982
0.00015392
0.52017
-0.031227
-0.38362
0.18063
0.18136
-0.42039
-0.19666
0.033036
0.19119
0.021367
-0.2115
-0.11061
-0.29786
-0.028596
-0.59245
-0.55103
0.20023
-1.3343
0.098498
0.14315
-0.49905
0.21694
0.47077
0.69484
0.36559
0.38201
0.21426
0.90223
0.79273
0.56717
0.048182
0.46608
0.05642
0.11515
0.20312
-0.15134
-0.09364
-0.43311
-0.40312
-1.3926
0.055774
0.22338
0.22752
-0.0008799
-0.036749
-0.12785
-0.028938
-0.092358
-0.36958
0.059527
0.092285
-0.29568
-0.31546
-0.062101
-0.14933
0.11543
0.13033
0.033168
-0.17898
0.046261
-0.42471
0.056863
0.23796
-0.027827
0.2075
-0.68882
0.64831
0.18612
-0.21507
0.22797
0.28083
-0.17715
-0.041059
-0.043511
0.06269
0.020091
-0.047611
-0.1806
-0.0043784
-0.072786
-0.10085
-0.032431
-0.29416
-0.20974
-0.11871
0.021787
0.079202
-0.071501
0.028001
-0.02095
-0.059112
-0.044324
0.062102
-0.12675
0.016008
0.042915
0.023161
-0.077847
-0.021678
-0.13153
0.10142
0.036867
-0.13193
-0.18927
-0.11806
0.06495
-0.038596
-0.088925
-0.03251
0.059391
0.023718
-0.12233
0.031038
-0.018146
0.0082898
-0.062544
-0.08712
-0.033493
0.077816
-0.084728
-0.043592
-0.22439
-0.028405
-0.028009
-0.12442
-0.12805
0.061772
-0.099423
-0.12035
-0.069499
-0.074485
-0.10092
0.076073
-0.016945
0.034574
-0.033533
-0.045746
-0.10504
0.025524
-0.0046011
-0.020942
-0.01565
0.072889
-0.1646
0.043144
-0.084415
0.10062
-0.076871
-0.11366
-0.14107
-0.046722
-0.17787
-0.19523
0.025448
-0.049869
-0.04283
-0.06176
-0.050381
-0.082356
0.070089
-0.11652
-0.014212
0.0070825
-0.13295
-0.04584
-0.036099
-0.12998
-0.036752
-0.030804
-0.022673
0.0055232
-0.26397
-0.040028
-0.081885
-0.0021288
0.056036
-0.24608
-0.055129
-0.039283
-0.040984
-0.020089
-0.012219
-0.025917
-0.027078
0.027095
-0.064314
-0.099243
-0.08457
-0.030397
-0.1347
-0.075727
-0.10405
-0.077646
0.039131
-0.074617
-0.13284
0.03514
-0.14785
0.046052
-0.019612
-0.0070417
-0.06171
-0.036431
-0.076028
-0.074153
-0.0098423
0.053355
-0.019097
-0.11903
0.10431
0.0081895
-0.069683
-0.10663
-0.045477
-0.0068919
-0.092172
-0.043952
-0.039823
-0.18549
-0.049784
-0.21336
-0.071423
-0.11657
-0.13952
-0.06286
0.050498
0.048531
-0.13156
-0.11797
-0.09062
-0.046894
-0.035023
-0.088446
-0.10778
-0.11048
0.001948
-0.14095
0.023108
0.086781
0.059147
-0.16065
-0.19369
-0.079168
-0.10522
-0.057976
-0.11558
-0.036891
-0.17516
-0.11605
0.06072
0.029967
0.040338
-0.062452
-0.13718
-0.036082
-0.20506
-0.14065
-0.002743
-0.067641
-0.084119
0.067325
-0.12575
-0.054834
0.028898
-0.081212
0.056341
0.014798
-0.10752
-0.099744
-0.084678
-0.11261
0.032784
-0.12186
0.083399
0.016184
-0.079987
-0.097589
-0.026899
0.080597
-0.040153
0.0051236
-0.12868
-0.048767
0.010815
-0.017746
-0.086513
-0.12958
-0.24632
-0.069625
-0.041745
-0.12159
-0.024072
0.083243
0.17268
-0.34457
0.15446
-0.033697
0.1278
-0.24322
-0.13476
-0.22594
0.30874
0.17493
0.078066
0.19849
-0.051697
0.30127
0.26815
0.055287
0.23995
0.036897
0.45466
0.58888
-0.63862
-0.3147
-0.69431
-0.37225
-0.82413
-0.54215
-0.59985
-0.98295
-0.80819
-0.7883
-0.20491
-0.78236
-0.22085
-0.32997
-0.074131
0.024189
0.036277
-0.12002
-0.094179
0.61097
0.0036468
0.40164
0.40057
0.64373
0.63583
0.30297
0.87279
0.33918
0.25087
-0.1404
0.40471
0.099394
0.021859
0.086663
0.013777
-0.12593
-0.26542
-0.36445
-0.040668
-0.30757
-0.26029
-0.13544
-0.16231
-0.13121
-0.0052072
0.11615
0.050716
0.21324
0.035673
0.18233
0.077305
0.17858
0.22306
0.2153
0.14629
0.096595
0.091839
-0.091961
-0.14043
-0.10273
-0.17662
-0.22087
-0.19127
-0.083951
-0.30893
-0.27293
-0.11803
-0.2206
-0.21545
-0.018061
-0.04402
-0.052575
-0.16556
0.17739
-0.094759
0.19783
0.085528
0.047224
0.11035
0.13773
-0.071333
-0.062235
-0.060719
-0.12759
-0.21769
-0.34107
-0.19189
-0.19702
-0.27338
-0.09584
-0.056168
-0.0411
0.092944
0.11431
0.021518
0.19233
0.036617
0.17968
-0.092345
-0.042121
0.0050075
0.037815
-0.13121
-0.027251
-0.15354
-0.019214
-0.05494
-0.11422
-0.13612
0.010333
-0.18146
-0.045077
0.046427
-0.10249
0.053701
-0.12195
-0.046098
0.062996
-0.09178
-0.10902
-0.0070749
-0.15142
0.04025
-0.094382
-0.11373
-0.018539
-0.10683
-0.16905
-0.046205
-0.14597
-0.099473
-0.01767
-0.031711
-0.057167
-0.026026
0.071056
0.096311
-0.023544
-0.13466
0.0087692
-0.012872
0.0091811
-0.055472
-0.099458
-0.0012842
-0.08221
-0.063471
-0.12503
-0.073209
-0.088629
-0.086739
-0.13838
-0.066757
-0.10644
-0.0070454
0.029476
-0.013536
-0.0082132
0.060694
0.092602
0.057668
0.027049
-0.12391
-0.017292
-0.096362
-0.082731
-0.089871
-0.012293
0.0019391
-0.068602
-0.11426
-0.11114
-0.092471
-0.17842
-0.22416
0.011247
-0.11011
0.027655
-0.090524
-0.062911
-0.047708
-0.10991
-0.023195
-0.050855
-0.047135
0.030309
-0.077171
-0.077632
-0.087369
0.030479
-0.14722
0.017446
-0.10015
-0.078985
-0.010564
-0.11316
-0.022995
0.017552
0.037338
0.095108
0.015007
0.025406
-0.048608
-0.018061
-0.01721
-0.014938
-0.11009
-0.13808
-0.044772
-0.11061
-0.15675
-0.080613
-0.034154
-0.13593
-0.044318
0.0237
0.015791
-0.0074782
0.0066955
-0.033329
-0.53825
0.28643
-0.11276
0.059725
-0.0054896
-0.017588
-0.06563
0.16253
-0.17674
-0.19344
-0.034047
0.16007
0.50056
-0.16117
0.044193
0.31358
0.24699
-0.054211
0.1375
0.56267
0.21157
0.4025
0.31527
-1.6343
-0.46171
-0.47053
0.45103
-0.1901
0.089123
-1.4966
-0.12235
-0.37464
-0.46696
-0.43985
-0.28538
-0.069897
-0.05012
-0.021507
0.16009
0.31343
0.56751
0.18698
-0.23415
1.0674
-0.30198
0.99087
-0.31371
-0.50579
-0.2193
1.3455
0.53204
-0.51019
-0.93119
-0.50116
-0.61747
-0.19542
-0.56113
-0.15226
-0.43549
-0.084655
-0.42717
-0.0088651
-0.11392
0.095281
-0.21581
0.27727
0.19463
0.046141
0.18433
0.028112
0.11056
-0.10209
0.54323
-0.50428
0.5144
0.65378
0.10767
-0.20163
-0.15991
-0.54826
-0.41524
-0.28423
-0.17693
-0.33658
-0.2276
-0.20371
-0.23478
-0.014012
0.087761
0.063313
0.013235
0.02831
-0.045515
-0.11692
-0.026079
-0.066302
0.12015
-0.1069
-0.053654
0.055859
-0.044214
-0.070178
0.061179
-0.087925
-0.062202
-0.11794
-0.20248
0.022178
-0.21935
-0.028264
-0.22187
0.072377
0.042674
-0.014982
-0.013181
-0.049059
-0.018023
-0.026424
-0.033535
-0.16784
-0.2294
0.028307
-0.10621
-0.06777
0.008771
-0.031141
-0.19082
-0.059522
-0.061828
0.079597
-0.087277
-0.031975
-0.034641
-0.14033
0.031304
-0.064173
-0.017048
0.050091
-0.075533
-0.013103
-0.0062008
0.06484
-0.069925
-0.07674
-0.12477
0.062262
-0.079778
-0.12139
-0.046335
-0.090796
-0.098578
-0.073222
-0.1234
-0.097333
0.12158
-0.033574
0.0045937
-0.032865
-0.086662
-0.033541
-0.060665
-0.085015
-0.027711
-0.083449
-0.057055
-0.10971
-0.035182
-0.073894
-0.010047
0.013716
-0.13304
0.0020046
-0.015113
0.010888
-0.12677
-0.10462
-0.0021775
-0.087946
-0.021997
-0.0090549
-0.025235
0.065443
-0.033574
-0.08516
-0.18442
-0.23082
-0.1047
-0.028698
-0.044354
-0.024079
-0.098724
-0.10715
-0.1176
-0.026081
-0.050462
-0.0064893
-0.071445
-0.077858
-0.063237
-0.024003
-0.13177
-0.077627
0.014251
-0.025
-0.11204
0.010959
-0.047274
-0.029793
-0.15962
-0.033299
-0.022748
-0.010483
-0.014003
-0.070137
-0.061956
-0.058666
-0.046657
0.010011
-0.027202
-0.77668
0.21087
0.056068
0.084427
-0.14262
0.051966
-0.10671
0.021436
0.065806
-0.35554
-0.29594
-0.20055
-0.2384
-0.2844
-0.1796
-0.14298
-0.1382
-0.28137
-0.31189
-0.22256
-0.037261
-0.66615
0.051953
-0.31282
-0.25616
-0.83225
-0.47608
-0.91068
0.50169
0.34466
0.14616
-0.19493
-0.11736
0.084733
1.1398
0.76211
0.80286
-0.086555
-0.11564
-0.13975
0.079809
-0.25439
-0.5269
-0.39809
0.26682
-0.21087
-0.14429
-0.17794
0.27265
-0.45608
-0.45876
-0.86765
0.39655
0.3285
0.11346
-0.5641
-0.28303
-0.3791
-0.25183
-0.77467
-0.78858
-0.86785
-0.27919
-0.88288
0.0043313
1.5576
-0.4867
1.0605
0.89559
1.8476
4.0383
3.8907
3.126
2.3024
-0.20676
1.1156
1.3362
0.6129
0.32418
0.62985
0.7268
-0.20758
-0.056983
-1.1712
-1.2827
-1.4474
-1.4255
-1.4603
-2.7202
-1.4101
-1.7365
-1.8095
-1.7814
-1.6997
-1.1355
-0.79595
-0.34274
0.16349
0.29828
-0.0056893
-0.024177
-0.68044
0.16528
0.27311
0.32846
0.30837
0.78865
0.69623
0.65621
0.71676
0.44404
0.026257
0.1856
0.16266
-0.13819
-0.23841
-0.084181
-0.0018045
0.054188
0.18143
0.3354
0.32955
0.68956
0.60058
0.55605
0.64795
0.56038
0.4938
0.3025
0.35803
0.17662
0.27857
0.21972
0.1824
0.080986
0.070666
0.16348
0.25972
0.20306
0.26103
0.31136
0.46012
0.32706
0.27692
0.2564
0.42894
0.29457
0.36521
0.45098
0.23893
0.40558
0.14287
-0.046761
0.10514
-0.022673
0.05589
-0.11683
-0.14484
-0.29571
-0.24653
-0.24762
-0.079939
-0.23506
-0.21299
-0.017302
0.043702
0.17774
0.20889
0.10841
0.0074735
-0.17278
-0.23075
-0.32474
-0.3199
-0.54575
-0.30369
-0.45575
-0.39423
-0.43968
-0.28005
-0.35703
-0.25855
-0.17328
-0.095286
-0.068414
-0.31229
-0.31079
-0.048439
-0.076798
-0.18466
-0.22607
-0.27782
-0.47282
-0.29489
-0.24561
-0.16342
-0.48512
-0.44889
-0.28459
-0.40029
-0.15346
-0.23869
-0.094386
-0.14106
-0.069976
-0.12266
-0.099595
-0.05258
-0.030622
0.010034
0.15519
0.20653
0.044207
0.049943
-0.069775
0.035841
0.015471
-0.0677
-0.030996
-0.018925
0.05127
0.040376
0.098732
0.15347
0.10799
0.2795
0.27736
0.33279
0.33524
0.36636
0.28369
0.4891
0.29484
0.24568
0.21146
0.20237
0.15922
0.2299
0.12656
0.23223
0.20141
0.18895
0.11464
0.40936
0.21996
0.31706
0.24109
0.099843
0.33594
0.16219
0.091387
0.14262
0.051835
-0.024222
0.15146
0.19167
0.026926
