0.099212
-0.015339
0.02451
-0.16315
-0.012695
0.11781
0.08183
0.090597
0.023753
-0.023301
0.070185
-0.014793
0.0097112
0.035771
-0.15859
0.07905
-0.052822
0.02063
-0.050698
0.17134
-0.0053105
-0.027992
0.07366
-0.086972
0.096889
-0.066434
-0.11789
0.062426
-0.11586
-0.065098
0.060804
-0.0027251
0.062047
-0.06659
0.16727
-0.0090641
-0.0035313
0.036754
-0.063427
0.019378
-0.17996
0.0059144
0.02918
0.13684
-0.02395
0.058753
0.092215
-0.067272
0.0039915
0.052525
-0.061304
-0.030966
-0.035935
-0.077628
0.066638
-0.005527
0.11057
0.0075555
-0.076474
-0.02052
-0.06962
0.0478
0.1687
0.027858
-0.083635
0.011514
-0.0078923
0.045668
0.15636
-0.022563
-0.01926
-0.038141
0.066673
0.014737
-0.13887
0.057322
0.093871
-0.045373
-0.049824
-0.078403
-0.079071
-0.013641
-0.080027
0.10151
-0.036586
0.070181
0.086899
0.0355
-0.09762
0.039376
-0.099026
0.045594
-0.045111
0.14212
0.11438
-0.053343
0.020026
0.051989
-0.061779
0.096274
0.1034
-0.083648
0.067127
-0.15904
0.021104
-0.0068978
0.12587
0.02949
-0.021021
0.099344
-0.034384
-0.0093024
-0.11209
0.031907
0.041866
-0.081517
-0.013293
-0.028834
0.02437
0.13575
0.11997
-0.035852
-0.054783
-0.085089
0.10181
-0.030713
0.079088
0.12392
-0.18258
0.0077537
0.05904
-0.064124
0.052572
-0.010318
-0.015045
0.059208
-0.020888
0.066295
-0.048126
0.10123
0.036146
-0.07038
-0.03319
-0.027959
-0.13155
0.11522
0.044494
0.043363
-0.15606
0.11224
0.0036846
0.018205
0.051111
0.0030107
0.057083
-0.019467
-0.015428
0.064803
0.076693
-0.044038
0.033677
0.0025862
0.0083849
-0.087032
-0.13823
-0.0025588
-0.012301
0.0075436
-0.0088494
0.081655
0.04502
-0.014081
0.030736
-0.085298
0.056825
-0.011626
0.015315
0.096114
0.098103
-0.015918
0.074471
0.094207
-0.0027099
-0.027829
0.094109
0.035885
0.019391
0.096354
0.15315
0.076755
0.10882
-0.068347
0.058703
-0.10952
-0.0076305
-0.091562
-0.019551
0.048736
-0.021508
-0.055178
-0.13435
0.067619
-0.1103
-0.08788
0.061839
0.013368
0.03974
-0.013552
0.021652
0.05322
-0.083751
0.034893
-0.017081
0.062858
-0.068122
-0.059494
0.017804
-0.032122
-0.088566
0.030703
-0.0097404
0.011676
0.075936
0.036651
0.12774
-0.0054069
0.079576
0.010181
0.017514
0.018424
0.10934
-0.10185
0.016592
0.031702
0.029259
0.034611
-0.065876
-0.022963
0.065778
0.045058
-0.083902
0.047547
-0.014747
0.018147
-0.029605
0.057024
0.025954
0.10172
-0.0010978
0.0134
0.00044438
0.16058
-0.010742
-0.077165
-0.077934
0.044589
-0.030895
-0.043758
-0.047944
-0.040965
0.043648
-0.048145
-0.0020567
0.052727
-0.079698
0.030584
-0.053076
0.082753
0.021824
0.0079346
0.038795
0.067893
0.012886
-0.043578
0.059886
0.039022
0.012738
-0.0058728
-0.0055073
0.091339
0.11853
-0.011325
-0.013888
-0.12068
-0.041265
-0.069661
0.024458
-0.023089
0.0057358
0.13293
-0.0017283
-0.073177
0.18183
-0.019113
-0.021154
0.16173
0.095842
0.028318
0.15213
-0.14012
-0.011527
-0.1533
-0.0095116
0.065847
-0.1142
0.061981
-0.031866
0.032167
0.064651
-0.012709
-0.036274
0.052165
0.050572
0.055581
0.086113
0.10123
0.046186
-0.011378
-0.016117
0.093891
0.026077
-0.064623
0.086568
-0.0050399
0.079147
0.016679
-0.022609
-0.010917
-0.079674
0.022209
0.00010293
0.032325
-0.034257
0.029869
-0.016705
-0.08442
0.01105
-0.12877
-0.14905
0.049582
0.19668
-0.025444
-0.064187
0.0010848
-0.03841
0.044539
0.1328
0.025643
-0.12281
0.10712
0.019407
0.028813
-0.012093
0.02658
-0.0041453
-0.058715
0.0090669
0.06568
0.053066
-0.014131
-0.068802
-0.04225
0.062324
0.065114
-0.22847
0.15769
-0.082212
-0.065145
0.098474
0.031482
0.015627
-0.010628
0.021795
-0.045041
-0.11658
-0.03821
-0.072524
0.0070149
-0.065233
0.14584
0.083742
0.0097443
-0.041847
0.0017627
-0.025695
-0.017418
-0.062546
0.043433
-0.083429
-0.023278
0.11555
0.091261
0.117
-0.0030011
0.067431
-0.10237
-0.0065575
0.065984
-0.057493
0.0012518
-0.0006897
-0.040055
0.014536
-0.047329
0.00037946
0.1071
0.1288
-0.044832
-0.0054649
-0.0053965
0.010245
0.029031
-0.068934
0.037648
0.077673
-0.040988
0.13213
0.040005
0.0036113
0.012698
0.0037093
0.015752
-0.055345
0.097125
-0.053999
0.018241
-0.030751
-0.08102
-0.036621
-0.050107
0.025309
0.074771
-0.041433
-0.0023034
0.070439
0.050076
-0.049083
0.074839
0.0085968
-0.027096
0.03423
-0.0070545
0.027084
0.072587
0.033003
-0.047565
-0.09154
0.01683
0.077674
0.10161
0.0017787
0.01851
0.045219
-0.016348
-0.11666
-0.035403
-0.014173
-0.15638
0.030487
-0.062205
0.23856
0.069005
0.16517
0.061026
0.058514
-0.047892
-0.045632
-0.022128
-0.051369
-0.099147
0.029018
0.017715
0.063576
-0.011753
-0.0049068
0.035849
0.081914
-0.014719
0.014897
-0.12779
0.079183
0.034844
-0.079327
0.017123
0.056685
-0.078775
0.093655
-0.11363
0.093625
-0.075984
-0.048344
0.098835
-0.00053785
-0.077454
-0.040847
0.095633
-0.020599
-0.12069
0.10461
-0.020655
0.063989
0.090644
0.17323
0.023745
0.010985
0.0066889
0.022994
0.095736
-0.042594
0.020631
-0.052479
0.019478
0.0011246
0.015864
-0.020659
-0.021467
0.0023727
0.002876
-0.048698
-0.0095188
0.0048595
0.0010886
0.023642
0.12244
-0.1055
0.089719
-0.070895
-0.010444
0.096822
-0.12472
0.10635
0.018957
0.054318
-0.10553
0.012522
0.049872
0.14226
-0.031396
0.029693
0.025651
-0.072432
0.066256
0.011367
0.066232
0.053002
0.0018255
-0.097756
0.0086125
-0.1184
0.11455
0.002852
-0.055864
0.027063
-0.020755
-0.027606
-0.001081
0.00078648
0.01868
0.053168
0.11323
0.008701
0.064287
0.037612
0.026358
0.022282
0.069267
-0.057486
0.081714
0.083451
-0.018468
0.0035734
0.097969
0.040455
0.011959
-0.0092238
-0.018403
-0.093427
-0.035643
0.035081
0.043914
0.0067592
-0.12096
0.019242
0.00287
-0.12131
-0.026349
0.10225
-0.07627
-0.077664
0.074119
-0.054167
-0.1133
-0.027295
-0.0064623
-0.11203
-0.014561
-0.030351
0.011005
0.028529
0.045526
-0.014284
-0.086163
0.1141
0.035376
0.076362
0.099753
0.16825
-0.056082
0.064344
0.0023754
-0.032093
0.09766
0.027469
-0.040916
0.041867
-0.011177
0.060167
0.027524
-0.027733
-0.062653
-0.045457
0.0062446
-0.034778
0.092326
0.038604
-0.093126
0.043501
0.030691
0.019789
0.0322
-0.011114
-0.031985
0.02837
-0.047421
-0.054862
0.062187
-0.071866
0.012737
-0.084869
0.078375
0.036683
0.21075
0.00032938
-0.0063935
0.053825
-0.064615
-0.023322
-0.095285
0.017846
0.017635
0.014847
0.022573
0.006437
-0.030055
0.025982
-0.11885
0.0022816
0.018946
0.079775
0.041476
0.028762
0.0064384
-0.055805
0.064658
0.13299
0.054818
-0.041795
-0.027402
-0.053869
0.08827
0.073556
-0.068714
0.027485
-0.013
0.046728
0.050966
-0.0096994
0.049349
0.0098775
0.020383
-0.122
-0.018033
0.061818
0.009779
-0.056943
0.035793
0.11766
0.0008476
0.030305
0.072501
0.051829
-0.10583
-0.044106
-0.050783
0.0006894
0.03071
-0.010239
0.080532
-0.032862
0.033157
-0.033998
-0.014266
0.043495
-0.15347
0.080345
0.027096
0.091605
-0.09715
0.067262
0.0076005
0.13337
-0.036087
-0.11031
0.016598
0.031902
-0.037468
0.022125
-0.030482
0.013884
0.11119
0.13925
-0.0037946
0.017768
-0.020085
0.01563
-0.035088
-0.13106
-0.072042
-0.045046
-0.04453
-0.023511
0.059227
0.024558
0.0092091
0.047047
0.0073507
0.12183
-0.17177
-0.035733
-0.0046109
-0.079658
-0.013129
-0.041952
-0.048946
0.060567
0.018876
0.024795
0.005354
0.035376
0.16684
0.046929
0.022685
0.16477
-0.014514
0.043152
-0.056752
-0.0089765
-0.034905
-0.03144
0.061523
-0.022435
0.080533
0.045031
-0.053156
-0.0019435
0.013481
0.019234
0.091696
0.040856
-0.038374
-0.03952
-0.021583
-0.043891
0.022876
0.025094
0.06237
0.065038
0.059373
0.057882
-0.050647
0.042428
-0.16117
0.020936
-0.02376
-0.0092742
0.0099448
-0.012929
-0.023033
0.031342
0.088117
0.0003528
0.094956
-0.090345
0.13196
0.013066
-0.006542
0.060118
0.01444
0.026954
-0.05999
-0.0097826
0.016089
0.0017731
0.028566
-0.0523
-0.010025
0.021758
0.069972
0.054027
-0.10305
0.0022671
-0.0038206
-0.064617
-0.045996
0.14454
0.11296
-0.095428
-0.015364
0.02111
0.01017
0.13204
-0.0036633
-0.0040094
-0.11318
-0.24564
0.033192
0.053349
-0.10124
0.21631
-0.034107
0.11101
-0.005783
-0.13854
0.026303
0.069895
0.041743
0.083038
0.07877
-0.15742
0.13039
0.03746
-0.16227
0.029174
0.010823
0.080642
-0.037208
0.078687
-0.04993
-0.061193
0.043157
-0.041091
0.019674
0.049286
0.063853
0.036571
0.058123
-0.085951
0.013825
-0.063888
0.032554
-0.023831
0.042528
-0.052494
0.084392
-0.04049
-0.011891
0.036703
-0.014979
-0.019856
-0.047668
0.068672
-0.015257
0.11992
0.089463
-0.082062
0.055561
-0.059916
-0.045876
0.040357
0.081869
-0.12432
-0.098219
0.052499
-0.078955
0.027377
-0.044497
0.049862
0.018363
0.061813
0.064141
0.05802
-0.044345
0.03999
-0.034816
0.057957
-0.021407
0.063359
-0.091768
0.045129
-0.042326
0.0682
0.022102
-0.021307
0.11382
-0.084518
0.086314
-0.16911
-0.047598
0.046115
0.039157
0.069744
0.099484
-0.031705
0.013293
0.060821
-0.013762
-0.062358
-0.0023008
-0.048832
0.066751
-0.052097
-0.047141
-0.041943
0.041627
0.087591
-0.023975
0.0041955
0.054761
0.068345
-0.16131
-0.052338
0.20736
0.022178
0.046112
0.037385
0.098019
0.028802
0.10081
0.036181
-0.026155
-0.019231
0.022164
0.0054933
0.087016
-0.095434
0.036119
0.011068
0.0021989
-0.021016
0.010453
-0.070494
0.058418
0.023772
0.059922
0.068148
0.0088636
0.021944
-0.080747
-0.20018
-0.12474
0.012034
0.096933
0.12744
-0.083419
0.13479
0.070242
0.022297
-0.1356
-0.085821
-0.089163
0.025773
-0.046015
0.027136
0.014311
0.10839
-0.098388
0.069143
0.093914
0.038933
-0.10199
0.065599
0.071733
0.0069678
0.046649
0.028986
-0.01502
-0.011064
-0.13727
0.055251
-0.070491
0.047643
-0.082029
0.026081
0.1096
-0.079974
-0.16316
0.12918
-0.07321
-0.034648
0.15113
-0.044472
-0.011958
-0.017618
0.052866
0.065332
0.0092405
0.098873
0.057716
0.054869
-0.042665
-0.11043
0.15776
0.044685
0.059371
0.10268
-0.088357
-0.0071315
-0.11014
-0.0060233
0.013477
-0.08676
-0.10155
0.014372
-0.45612
-0.62707
-0.53793
-0.73875
0.67886
-0.11073
0.19767
0.45642
0.40887
0.28708
0.032703
0.12032
0.27839
0.30581
0.27554
0.39527
0.51814
0.33228
0.76876
0.5188
-0.010442
1.158
0.73572
0.076963
0.10061
0.0056644
0.40319
1.0009
0.041023
-0.014244
-0.59398
-0.13961
-0.62356
-1.2351
-0.83166
-0.87834
-0.93533
-0.89077
-0.32048
-0.72669
0.052416
0.68613
0.55142
0.34451
0.52566
-0.14347
0.44313
0.82056
0.29027
0.43917
0.33586
0.052829
0.12177
0.45025
0.32942
0.3218
0.16901
0.11716
0.15289
0.17665
0.17222
0.39237
0.27957
0.24097
0.3759
-0.17103
-0.066213
-0.98314
-0.53173
-1.0373
-1.0447
-0.85257
-0.50243
-0.44234
-0.642
-0.42489
-0.43173
0.41666
0.32465
0.32558
0.35132
0.34925
0.19919
0.083741
0.21895
0.16717
-0.048255
0.075006
0.19259
-0.084504
-0.0089198
0.03841
-0.1272
0.090527
0.11705
0.061803
0.038691
0.033729
0.10303
0.28023
-0.11247
-0.20427
0.4123
0.77584
0.51668
0.48095
0.72497
-0.20642
-0.36477
-0.50019
-0.95992
-0.29612
-0.44268
-0.24671
-0.11297
-0.68305
-0.3192
-0.48115
-0.38919
-0.50029
-0.51591
-0.32542
0.86137
0.16924
0.54027
0.32196
-0.3754
0.15083
0.68026
0.24854
0.4188
0.61428
0.40601
0.47701
0.50816
0.7434
0.62014
0.11187
0.61867
0.36811
0.037654
0.31076
0.14538
0.47236
0.058183
0.25069
0.30589
-1.2097
-0.87081
0.93466
-0.71982
-1.471
-0.69419
0.54048
-0.064328
0.24051
-0.61178
-0.93441
-0.91812
-0.44629
-0.1567
-0.54743
-0.63548
-0.19573
0.38056
-0.52832
0.90644
-0.18023
0.58613
0.23188
0.2513
0.64486
0.23973
0.3532
0.41433
0.76351
0.55417
0.38296
0.29229
-0.0093444
0.037462
-0.028352
-0.01203
0.46827
0.32425
0.494
0.15014
0.32124
0.44629
1.2301
-0.21439
-0.81096
-0.72112
-0.98978
-0.33538
-0.014072
-0.64669
-0.56176
-0.31199
0.064689
0.17136
-0.04905
0.11382
0.12567
0.036743
0.24317
0.083411
0.055406
-0.041719
-0.1314
-0.1693
-0.12169
0.16039
-0.044878
-0.05545
-0.19273
-0.17613
-0.14978
-0.15831
-0.084658
0.11016
0.052271
0.13173
0.26041
0.019104
0.12009
0.039654
-0.015249
-0.14636
-0.13221
-0.23383
-0.048006
-0.0024069
0.012755
0.10065
0.074541
-0.056229
0.16963
0.25084
-0.071797
-0.032114
-0.047701
-0.039235
-0.032709
-0.17473
-0.15683
0.010779
0.028334
0.068224
-0.040002
0.069034
0.14122
0.15421
0.0097729
0.056144
-0.069449
-0.011262
-0.010231
-0.13194
-0.090723
0.02511
-0.029638
-0.0077422
-0.048469
-0.038986
-0.0072084
-0.071504
-0.074518
0.010826
-0.06505
0.069654
-0.0095695
-0.093029
0.092962
0.022109
-0.0049659
0.061723
0.052729
0.0057619
-0.10523
0.089117
-0.075549
-0.075077
-0.0059735
0.016918
-0.1674
0.009842
-0.065777
0.046198
0.017067
0.065889
0.079826
0.0052477
0.045972
-0.062421
0.0044135
-0.002289
0.11572
0.053134
0.10478
0.03456
0.013694
-0.015569
0.019797
-0.0061885
-0.030036
-0.0094352
-0.023339
0.010335
0.11218
0.017854
-0.038395
0.1668
0.083597
-0.0064332
0.0053025
0.043211
-0.095858
0.0038595
0.057292
0.067108
-0.0072337
0.10278
-0.1121
-0.066013
-0.12476
-0.11284
0.06086
0.024212
-0.042332
-0.1089
0.088204
-0.03948
-0.015758
0.17502
0.0010771
-0.057775
-0.091152
-0.037333
0.031897
0.023223
0.04137
0.1142
-0.061242
0.10275
0.12476
-0.1237
-0.035074
0.027511
-0.1182
0.084183
-0.049456
-0.048626
-0.058696
0.00947
-0.00012327
0.021864
0.12414
-0.07868
-0.029668
-0.069518
0.058754
-0.047698
-0.0089093
-0.12672
0.054967
0.012758
0.12638
0.1281
0.064304
-0.034643
-0.0086704
0.1061
0.09793
-0.055459
-0.057756
0.096837
-0.058601
-0.012883
-0.086019
-0.0067059
-0.033531
0.10837
-0.022499
-0.0012789
0.017505
-0.0098652
0.02045
-0.18505
0.037802
0.0030439
-0.037737
-0.092219
-0.040505
0.0012416
0.051076
0.019803
0.088124
-0.0014482
-0.031201
0.047674
-0.06529
-0.017591
-0.086974
0.016797
-0.15528
-0.03163
0.087854
-0.069335
0.067788
0.054592
0.01447
0.021247
0.021188
0.019236
-0.04048
0.14507
-0.064829
-0.1156
-0.051916
0.070451
0.059209
0.062588
0.022636
-0.12644
-0.046924
0.057211
-0.022978
0.19024
-0.003416
0.061511
-0.050231
0.034403
-0.057559
-0.1059
-0.019847
0.043905
-0.055214
0.041153
0.0021097
0.053573
-0.024701
0.072316
-0.14083
0.016881
0.048035
0.020291
-0.095295
0.046729
0.003868
-0.028275
-0.0010339
0.1092
-0.12309
-0.012
0.13553
-0.03278
-0.054716
-0.050009
-0.066203
-0.10157
0.087657
-0.0548
-0.031402
0.032372
0.086505
0.035646
0.047523
-0.014489
-0.033571
0.01579
-0.073741
-0.1322
-0.11588
0.080345
0.099786
0.040957
0.012293
-0.006775
-0.0092273
0.036852
-0.095528
-0.0082808
-0.067025
-0.026213
-0.082798
0.11578
0.027647
0.010215
0.12821
-0.078396
0.090265
0.015365
0.019357
-0.02031
-0.029884
0.075122
0.00088609
-0.015867
0.037178
0.032955
-0.035058
-0.017125
0.040686
0.021608
-0.050026
-0.083063
-0.10876
-0.00083619
-0.036599
-0.012502
0.08731
-0.14724
0.007406
0.02046
0.14348
0.026637
-0.061216
0.093233
0.043125
0.072976
-0.02005
0.09853
0.047444
-0.061846
0.020981
0.075222
-0.021956
-0.038073
0.015268
-0.04507
-0.035862
-0.10343
-0.037088
0.097666
0.049497
0.06016
0.18161
0.34548
0.51561
0.5594
0.62823
0.73084
0.73
-0.37151
-0.088462
-0.44823
0.15528
-0.45852
-0.14793
-0.28029
-0.70543
-0.55011
-0.25704
-0.36722
-0.24479
-0.45215
-0.38082
-0.56859
-0.13776
-0.5547
-0.6382
-0.25344
-0.64755
0.24726
1.0947
0.72266
0.28907
1.4326
0.93861
-0.15138
0.32762
0.41037
0.56894
0.42083
0.4553
0.15951
0.063266
-0.027834
0.1719
0.67139
-1.5081
-0.057057
-0.56118
0.036595
-0.57859
0.068306
0.13608
-0.58435
-0.37206
-0.48913
-0.80613
-0.65635
-0.82277
-0.31482
-0.45835
-0.21604
-0.17906
-0.24982
-0.45823
-0.52896
0.17524
0.27588
0.11971
0.29748
0.68022
0.59466
0.89627
0.49161
0.19056
0.46336
0.038035
-0.15258
0.13991
-0.11271
-0.24226
-0.05476
-0.25743
-0.15373
-0.17822
0.13394
-0.064821
0.0046042
0.035883
-0.087712
-0.29373
0.36177
-0.77067
-0.40193
-0.63273
-0.68736
0.12613
1.034
0.59199
0.084053
0.75096
-0.070942
-0.27831
0.37848
0.47076
0.66953
0.14724
0.25614
0.39688
0.15286
0.224
0.27884
0.18791
-0.26549
-0.44275
3.0861
-1.3294
0.52328
-1.415
0.13725
-0.39017
-0.85837
-1.0697
-0.75631
-0.39046
-1.0411
-0.65999
-0.26362
-0.34475
-0.59892
-0.188
-0.57269
-0.022901
0.11287
0.11974
-0.14168
-0.4156
-0.39503
-0.51047
0.88908
1.627
0.56739
-0.93888
0.14732
0.083653
0.76787
0.24731
0.26578
0.56946
0.55562
0.31024
0.51062
-0.13821
0.31204
0.22129
0.30751
0.29901
0.3673
0.5499
-0.1604
0.73067
0.39517
0.43075
0.06613
0.68348
-0.37152
-1.6605
0.59431
-0.88503
-0.96381
-0.59093
-0.77475
-0.73866
-0.50103
-0.46824
-0.33718
-0.64854
-0.33977
-0.051073
-0.38392
-0.26061
0.037459
0.36175
0.011146
-0.34206
-0.3937
0.10007
-0.37252
0.38711
-1.0469
0.90088
1.4143
0.025782
0.92979
0.36499
0.37803
0.29594
0.14946
0.43758
0.45326
0.65937
0.68796
0.039921
0.47359
0.20772
-0.052608
-0.085537
0.5593
-0.39023
0.58743
1.1609
0.88404
-1.0981
-0.93444
-0.12788
-1.2999
-0.17716
0.1017
-0.64334
-0.56202
-0.80375
-0.46619
-0.70727
-0.66589
-0.25334
-0.94748
-0.16322
-0.015898
0.00088339
0.030885
0.11158
0.079138
0.031409
0.097525
-0.12689
-0.27887
-0.3653
0.65809
1.2836
1.0737
-0.41643
0.17415
0.50598
0.58269
0.048321
0.35022
0.53221
0.46517
-0.018242
0.8849
0.59131
-0.050288
0.35799
-0.019677
0.15403
0.76921
0.16543
-0.28209
-0.10969
0.43641
-0.16792
0.76934
-0.2726
0.43972
-1.9042
0.065044
-0.36931
-0.72428
-0.5318
-0.92365
-0.78915
-0.78254
-0.46555
-0.60474
-0.41446
-0.47101
-0.12909
-0.43145
-0.074949
-0.16746
-0.14622
-0.92809
0.20294
0.52303
0.77054
1.0122
1.0786
0.22824
0.69629
0.49295
0.62663
0.083641
0.062889
-0.19838
-0.29597
-0.0040883
-0.083844
-0.26869
-0.15966
-0.17605
-0.11317
-0.11729
0.15983
0.11121
-0.053877
-0.0022818
0.052153
-0.21989
-0.14138
-0.21177
-0.22105
-0.19425
-0.085651
0.089847
-0.0032869
0.094139
0.020439
0.038028
0.005463
0.028255
-0.13238
-0.11156
-0.011302
-0.11876
-0.070607
0.0044305
0.11483
0.067994
0.10877
0.062558
0.075076
0.030713
-0.11788
-0.10037
-0.14639
-0.23626
0.055443
0.0050693
0.099308
0.074512
0.047104
0.0030842
0.073413
-0.014233
-0.040112
-0.13235
-0.032996
0.098551
-0.13637
-0.042652
-0.063127
0.13977
0.076829
-0.024917
0.003002
0.14635
-0.037712
-0.053588
-0.097537
-0.09497
-0.13825
-0.0077645
0.014548
0.0054607
0.0076841
-0.015771
0.0015046
-0.024038
0.1452
-0.033099
0.029065
0.04009
0.0052594
0.10121
0.06576
0.053944
0.080061
-0.044102
-0.16219
-0.011175
-0.01237
-0.043206
-0.047786
-0.16961
0.024768
0.031932
0.070419
-0.014048
0.066664
0.0093145
0.076642
-0.07992
0.087865
-0.03024
-0.039406
0.17411
0.052041
-0.014372
0.059955
0.017144
0.13495
0.0025484
-0.038563
-0.061474
-0.067822
0.10769
0.00060253
-0.10007
-0.12486
-0.026379
0.037453
0.013041
0.069988
0.096959
-0.043526
0.016417
-0.041945
0.03763
0.027219
0.46119
-0.11402
-0.732
-0.13219
-0.6424
-0.47751
-0.73474
-0.36222
0.74844
0.061784
-0.054922
0.58093
0.69324
-0.0089807
0.53392
0.11931
0.1647
0.60988
0.59402
-0.00089982
0.34789
0.52145
0.36405
0.26496
0.27261
-0.52049
1.0839
-0.44619
0.015144
0.57078
-0.51962
-0.13017
-0.32986
-0.70627
-0.25268
0.4629
-0.65919
-1.8645
-1.3163
-0.52116
-0.18943
-0.11851
-0.56226
-0.52548
-0.53162
0.12783
-0.53396
-0.4667
0.024246
-0.30344
-0.45077
0.6758
0.33372
1.2408
-0.35839
0.63339
0.41982
0.18546
-0.038909
0.97867
0.61543
0.4186
0.22897
0.15894
0.83422
0.32928
0.52419
0.38475
0.31056
-0.091715
0.12642
-0.16135
0.40725
0.76993
0.081991
-0.40244
-1.2145
-0.8772
-1.2771
-0.91368
-0.49081
-0.58041
-0.5255
-0.26605
-0.015777
-0.071293
0.41743
0.25886
0.30969
0.22044
0.17942
0.18097
0.20625
0.06346
-0.024278
0.080529
0.11933
0.062195
-0.0049008
-0.017237
-0.043326
-8.7135e-05
0.062636
0.039562
0.0074826
0.036021
-0.0043212
0.12008
0.059184
0.16296
-0.040678
0.045083
0.0012717
0.028744
0.04169
-0.049782
-0.090789
-0.021646
-0.068157
0.0095424
0.026167
0.082206
-0.026408
0.3904
0.53748
0.78337
-0.0064278
0.6743
0.41514
0.37692
-0.38042
-0.74267
-0.22776
-0.28504
-0.10975
-0.20996
-0.6328
-0.23019
-0.47169
-0.52305
-0.75938
-0.41031
-0.15738
-0.079775
-0.16564
-0.10934
-0.9264
-0.30245
0.62416
-0.11669
0.66544
0.55411
0.27053
-0.62479
0.31344
0.21946
-0.27579
1.2495
0.16873
1.08
0.13849
0.57833
0.52069
0.4277
0.59184
0.41284
0.53526
0.74709
-0.05534
-0.16656
0.11204
1.159
-0.1349
-0.6004
-0.85511
-0.72067
-0.54372
-0.92724
-0.19096
-0.70138
-1.2645
0.32739
-0.28134
-0.54299
-0.16325
-0.64359
-0.51255
-0.23152
-0.29222
0.039012
-0.085106
-0.42537
-0.2956
-0.025689
-0.016569
-1.1143
0.90624
0.061572
0.86738
0.74767
0.75949
0.5883
1.0903
1.667
-0.6641
0.23728
0.27675
0.16037
-0.18397
0.037193
0.54612
0.99983
0.23759
0.30749
0.41506
0.21121
0.25472
-0.47064
-0.066906
0.6711
-0.053176
-0.48023
-0.098191
-0.43809
0.20011
-0.40416
-0.36574
0.15743
-0.26496
-1.7235
-1.0043
1.0006
0.11121
0.018526
-0.65749
-0.44744
-0.41905
-0.48877
-0.45157
-0.002999
1.072
-0.37676
0.55547
0.2634
0.15099
0.89674
0.10805
0.14779
0.67191
0.98026
-0.18166
0.75328
0.15643
0.034074
0.13404
0.033607
0.2487
0.20985
0.49981
0.61977
-0.04308
0.24523
-0.17671
0.21258
-1.8308
-0.013234
0.17639
-0.31589
-0.60802
0.14221
-0.47524
0.10434
-0.038541
-0.44347
-0.3117
-0.20347
-0.049753
-0.25149
0.070864
-0.16083
-0.28599
-0.16922
0.36082
0.054898
-0.07173
0.033949
-0.15209
-0.16327
0.12776
0.24471
0.17487
0.31781
0.07435
0.16745
0.014662
-0.026915
-0.085517
-0.063195
-0.068222
-0.057812
-0.069136
-0.02577
-0.082873
-0.050763
-0.025307
-0.0014439
-0.0028755
0.19745
0.0074
0.035231
0.047038
0.00074757
-0.035756
0.1219
0.052182
-0.1832
-0.11649
-0.14804
-0.031176
-0.037451
-0.016492
0.11792
0.15691
0.055822
-0.050815
0.05418
-0.11781
-0.075651
0.015432
-0.047034
0.013028
-0.079452
-0.11845
0.027438
-0.062653
-0.034155
-0.083742
0.057127
0.050113
0.15293
0.10086
0.13827
0.050688
0.051179
-0.11239
-0.11102
-0.066729
-0.043298
0.0036664
-0.13451
-0.01439
0.009782
0.081311
0.095526
0.14935
0.017745
0.074563
0.011562
-0.057709
-0.0053249
-0.064615
0.029981
-0.14923
-0.0065326
-0.15802
-0.029065
0.0025937
-0.00055966
-0.063327
0.086867
0.12867
0.04771
0.049468
0.036371
0.021436
-0.079335
0.036331
-0.045839
-0.011099
-0.0030398
-0.0044543
0.041331
0.025
0.0015385
0.051498
-0.096759
-0.068735
0.032451
-0.056599
-0.008221
0.053244
0.047906
0.061619
0.027494
-0.084657
0.0067427
-0.080791
-0.04304
-0.084219
-0.0059073
0.079995
0.031014
-0.12359
0.023806
0.11233
-0.040055
-0.036286
-0.074711
0.081569
-0.025265
0.046464
-0.092228
0.08632
0.038013
0.012609
-0.12539
-0.10369
0.024729
-0.0049398
-0.044853
-0.034118
-0.037283
-0.0018138
0.062619
0.045317
-0.034692
-0.0026725
0.017858
0.0012658
0.064388
0.019607
-0.011513
0.026262
-0.05229
0.10267
-0.049484
-0.092173
0.049621
-0.0039881
-0.047922
0.032884
-0.043085
-0.040734
0.047446
0.084649
0.041085
-0.073548
0.024424
-0.012369
0.14675
-0.058791
0.007882
0.10846
-0.029055
0.020588
0.030759
-0.050459
-0.0844
0.041558
-0.057861
0.074109
-0.074289
-0.071377
0.12235
-0.044356
0.077157
-0.075397
0.046134
-0.001503
0.042011
-0.069387
-0.037534
-0.022932
-0.002482
0.042792
0.010561
-0.0081083
0.071829
-0.058411
0.091648
0.015816
0.05347
-0.017576
-0.029329
0.088322
0.0046447
0.066464
-0.16829
-0.031385
0.39663
0.55035
0.82897
0.92267
0.33415
0.15988
-0.19679
-0.75527
-0.72008
-0.19269
-0.66816
-0.11769
-0.26908
-0.31497
-0.42041
-0.38994
-0.29203
-0.18705
-0.33651
-0.23158
-0.17542
-0.52578
-0.040548
-1.0289
-1.9109
0.6244
0.64201
0.24135
1.0039
0.70071
0.44093
0.58051
0.40967
1.0332
0.66705
0.23269
0.41176
0.30816
0.17634
0.36287
0.44554
0.26534
0.39769
0.019585
0.28983
-0.24136
0.31718
-0.020068
0.3184
-0.99899
-0.47983
-0.71795
-0.04193
-0.96604
-0.40391
-0.7734
-0.77992
-0.49107
-0.52427
-0.89638
-0.48675
0.15899
0.047231
-0.45027
0.32034
0.36166
0.35453
0.20627
0.27384
0.38572
-0.099646
-0.19536
-0.19267
-0.084147
-0.07036
-0.10093
-0.17142
-0.15738
0.00028151
0.062983
0.0069851
0.080595
0.17
0.21995
0.19918
0.19612
0.15484
0.065464
0.073739
-0.11323
-0.18894
-0.23799
-0.19391
-0.28349
0.075346
0.072519
-0.020923
0.14827
0.039871
0.15488
0.047887
0.1235
0.12831
0.087753
0.0024918
0.1036
-0.002532
-0.13034
-0.071259
-0.17895
-0.022267
-0.16884
-0.052428
0.058337
0.16555
0.093403
0.16083
0.10347
0.041432
0.0014261
-0.0016615
-0.014634
0.0082183
0.057866
0.035925
-0.18033
-0.10441
0.018323
0.027254
0.063235
0.11337
-0.095794
0.064598
0.089733
-0.057922
-0.0091292
-0.042279
-0.073996
-0.030426
0.0066329
0.018503
-0.10089
-0.066783
0.0071358
0.097247
0.066278
0.13848
0.044987
-0.0084933
-0.0016093
0.029927
-0.054298
0.11188
-0.042642
-0.0098505
-0.018157
-0.014196
0.057462
0.020348
0.068
-0.041557
-0.026715
-0.13358
-0.031293
-0.10602
-0.083688
0.095731
-0.018851
0.017991
-0.0015424
-0.059581
-0.004029
0.13744
-0.073056
-0.0072947
-0.028153
-0.045028
-0.022955
0.050968
0.033631
-0.072342
-0.023872
0.017844
0.019419
0.010611
0.028313
0.1636
-0.043352
0.011303
-0.068896
-0.065985
-0.086261
-0.049982
-0.12777
0.018096
-0.069836
0.027451
0.05459
0.0088215
-0.039701
0.09772
-0.012869
0.043215
0.1073
-0.0262
-0.053646
-0.033829
-0.020886
0.007733
0.01071
-0.024213
-0.00976
0.015758
0.042419
-0.020191
-0.078224
0.025502
-0.087451
-0.033475
-0.0065322
-0.091572
0.12024
-0.03588
0.15478
0.097294
-0.016601
-0.101
0.073113
0.028189
0.0383
-0.029483
-0.0054064
0.0036782
-0.02856
0.0070796
-0.014439
-0.13178
-0.062836
-0.043728
-0.0093952
-0.11467
0.059885
0.090094
-0.067948
-0.030574
0.18654
-0.39366
0.50761
0.40184
0.23673
0.58834
0.69484
0.64943
0.70718
0.64594
0.25267
-0.18306
-0.33086
-0.7228
-0.77492
-0.69074
-0.44317
-0.45277
-0.4493
-0.78364
-0.62779
-0.49946
-0.28494
-0.34
0.69317
-1.1258
-1.7063
0.060147
-0.58495
0.50823
0.96785
0.53592
0.40979
0.49407
0.38959
0.3676
0.30565
0.71666
0.82011
0.82922
0.53596
0.24225
-0.39456
0.70796
-0.15623
0.6513
0.014796
1.4677
0.21326
-0.66407
0.257
-1.096
-0.82404
-1.2014
-0.57859
-0.9183
-0.42488
-0.67248
-1.0126
-0.10846
-0.01687
-0.52805
-0.40813
-0.34615
-0.027623
-0.21759
-0.25521
-0.10549
-0.27554
-0.11772
-0.13884
-0.46792
0.036678
0.27697
0.57183
0.12538
0.70344
1.0183
0.76729
0.885
0.44075
-0.21176
-0.17341
-0.07037
-0.15973
-0.20341
-0.18348
-0.090727
-0.053973
-0.072151
-0.055327
0.077026
0.23432
0.071341
0.072442
0.18596
0.13367
-0.014831
-0.22757
-0.21985
-0.17082
-0.15952
-0.25798
-0.19795
-0.14002
0.050529
0.041289
0.2774
0.1758
0.23359
0.23925
-0.016973
0.056377
-0.084827
-0.16608
-0.14488
-0.16949
0.03049
-0.031629
0.061453
0.13438
0.19494
0.1164
0.1569
-0.008165
-0.071992
-0.061282
-0.074549
-0.097487
-0.21861
-0.20263
-0.016049
0.054662
0.057694
0.1779
0.16448
0.11118
0.054062
0.048287
-0.11012
-0.1331
0.054578
-0.077588
-0.08612
-0.088434
-0.054095
-0.035729
0.086188
0.13916
0.0030507
0.049545
0.11242
0.035504
0.16756
-0.087779
-0.2241
-0.1025
-0.15621
0.029173
0.063456
-0.055866
0.031392
0.057042
0.055483
0.037055
-0.04752
0.015449
0.034266
-0.056784
0.016441
0.081374
0.026481
-0.03236
-0.073366
0.032273
0.021923
0.045003
0.0057071
-0.027436
-0.1028
-0.038059
0.13084
0.015745
-0.048972
0.029719
0.078202
0.10199
-0.00076393
-0.080516
0.069269
-0.055904
-0.052433
0.015255
0.00043388
-0.0028994
0.020001
0.011552
-0.097164
-0.025712
0.097993
-0.021709
-0.05392
-0.042986
0.054274
0.031081
-0.10671
0.014371
-0.054042
0.11562
-0.025738
-0.029438
0.062158
0.18678
-0.055392
-0.07371
-0.15813
0.047173
0.06585
-0.058855
0.78189
-0.45493
-0.76801
-0.56068
-0.42995
-0.47588
-0.079692
-0.30846
0.77368
0.68571
0.42841
0.67393
-0.28803
0.38268
0.0051038
-0.0021648
0.51416
0.2016
0.38708
0.25263
0.50046
0.10908
0.00047067
0.33467
0.30817
-0.71496
-0.60037
-0.62626
0.52041
0.77198
-0.48667
0.56951
-0.087553
-0.4617
-0.086059
-1.0799
-0.72139
-0.8042
-0.90767
0.16077
0.0079058
-0.43111
2.6198
-0.092066
1.1246
1.6523
0.79144
-0.67413
0.50957
0.6822
0.23417
0.62754
0.013442
0.17353
0.50801
0.31319
0.29045
-0.014003
-0.12015
0.62692
0.39143
0.48426
0.13851
-0.1097
-1.4652
-0.20557
-0.78499
-2.0353
-0.79021
-0.66246
-0.17361
-0.50696
-0.92811
-0.87364
0.58491
0.40222
0.89222
0.59781
0.79913
-0.20073
0.55587
-0.93147
-0.43292
-0.53963
-0.61069
-0.78082
-0.82678
-0.10874
0.84064
0.76013
0.44823
0.68463
0.51208
0.70135
0.70016
0.67621
0.84893
0.25682
0.35309
0.4455
0.42458
0.06138
0.10082
0.014758
0.10211
0.079602
-0.096806
-0.37724
-0.36796
-0.28572
-0.43239
-0.13252
-0.046602
0.13071
0.25642
-0.030215
0.29122
0.52395
0.50584
0.16099
0.18971
-0.011918
0.081404
-0.0018986
-0.36546
-0.45801
-0.33074
-0.29891
-0.25212
-0.27472
0.06476
-0.065104
-0.040821
0.14917
0.1222
0.16884
0.05385
0.10731
-0.08695
0.029248
0.095901
-0.13061
-0.26808
-0.2514
-0.15679
-0.19034
-0.21334
-0.26757
-0.026665
-0.098668
-0.070473
0.074976
-0.17307
-0.028793
-0.00046048
-0.066924
-0.071918
0.053337
0.036662
-0.027294
0.050577
0.0097045
0.1071
0.059259
0.093999
0.1541
-0.1396
-0.099895
-0.23255
-0.20147
-0.08716
-0.05672
-0.12642
-0.20618
0.11624
0.054812
-0.017618
-0.15523
0.17048
0.091969
0.097054
0.065034
0.044884
-0.090601
0.069299
-0.052892
0.065349
-0.065809
-0.053436
0.061018
0.061414
-0.076467
0.064004
-0.1175
-0.12683
0.018302
0.091252
-0.080773
-0.0028397
-0.14628
0.034376
-0.015203
0.096134
0.087155
-0.001189
-0.046635
0.048321
0.19257
0.052099
-0.080497
-0.0029721
0.08519
-0.11706
0.0057387
-0.17859
-0.11356
-0.038316
-0.020902
-0.041825
-0.011678
0.128
0.10392
0.21358
0.02954
0.20819
0.017798
0.14949
0.045712
0.14628
0.054841
-0.064301
-0.12339
-0.051489
-0.17909
-0.049348
-0.076322
0.0016209
-0.039408
0.0038796
-0.12058
0.090831
0.19061
0.046947
0.14362
0.24262
0.1838
0.17457
0.020869
0.19252
0.16353
0.14434
-0.089933
-0.03136
-0.10338
-0.09802
0.07339
0.02165
