0.043568
-0.015852
-0.059578
-0.078901
-0.07474
-0.055405
-0.031625
-0.01216
-0.0018654
-0.0018635
-0.010536
-0.0245
-0.039548
-0.05172
-0.058273
-0.058087
-0.051442
-0.039626
-0.024796
-0.0099574
0.0014412
0.006462
0.003715
-0.006133
-0.020545
-0.035754
-0.047707
-0.053366
-0.052133
-0.046473
-0.040787
-0.038754
-0.040926
-0.044562
-0.045963
-0.043501
-0.038946
-0.036109
-0.037863
-0.043742
-0.04985
-0.05117
-0.044773
-0.031813
-0.017212
-0.0075061
-0.0082233
-0.02179
-0.046315
-0.075553
-0.10058
-0.1132
-0.10972
-0.093042
-0.071379
-0.054121
-0.047219
-0.050845
-0.060729
-0.071992
-0.082475
-0.092875
-0.10363
-0.11153
-0.10972
-0.092373
-0.060751
-0.025494
-0.001951
-0.00092936
-0.021392
-0.050702
-0.072441
-0.07622
-0.062914
-0.042604
-0.027666
-0.025849
-0.037012
-0.054269
-0.068042
-0.070852
-0.060932
-0.043227
-0.027065
-0.021243
-0.029104
-0.046705
-0.065436
-0.077384
-0.079861
-0.076249
-0.072908
-0.074423
-0.080374
-0.085835
-0.085204
-0.076557
-0.063137
-0.050753
-0.043167
-0.039282
-0.034624
-0.026161
-0.016565
-0.013945
-0.02625
-0.053873
-0.086285
-0.10636
-0.10055
-0.068343
-0.024128
0.010247
0.017787
-0.0042619
-0.043621
-0.080861
-0.10082
-0.1007
-0.090224
-0.084122
-0.091281
-0.10753
-0.11714
-0.10318
-0.060361
-0.0013595
0.048858
0.067763
0.049121
0.0063278
-0.03683
-0.061033
-0.061554
-0.047705
-0.033776
-0.02899
-0.03317
-0.039525
-0.041024
-0.035392
-0.025964
-0.018958
-0.019683
-0.02997
-0.047643
-0.067643
-0.084049
-0.092301
-0.090991
-0.082494
-0.071946
-0.064729
-0.063589
-0.067104
-0.070658
-0.069468
-0.061679
-0.049347
-0.036734
-0.0273
-0.021727
-0.018304
-0.015098
-0.01194
-0.010545
-0.012698
-0.018133
-0.023971
-0.026298
-0.022783
-0.014483
-0.0055754
-0.0011643
-0.0044877
-0.015241
-0.030026
-0.044596
-0.056374
-0.065564
-0.074155
-0.083593
-0.092877
-0.09861
-0.097191
-0.08771
-0.07338
-0.060215
-0.053603
-0.055038
-0.061232
-0.066131
-0.064508
-0.054918
-0.04043
-0.026944
-0.020257
-0.023563
-0.036622
-0.056621
-0.079628
-0.10146
-0.11778
-0.12429
-0.11798
-0.099014
-0.071984
-0.044856
-0.025727
-0.018989
-0.023283
-0.032667
-0.040376
-0.042805
-0.041011
-0.038699
-0.038244
-0.03798
-0.033202
-0.020545
-0.0025809
0.011161
0.0084867
-0.017776
-0.063363
-0.11204
-0.14239
-0.13884
-0.10091
-0.044982
0.00334
0.022483
0.0062703
-0.033545
-0.075072
-0.099276
-0.1
-0.085335
-0.070655
-0.068529
-0.081662
-0.10231
-0.11755
-0.11698
-0.098433
-0.068955
-0.040471
-0.022854
-0.018675
-0.022995
-0.027995
-0.028572
-0.024522
-0.018196
-0.010649
-0.00045393
0.013532
0.028268
0.035785
0.027341
-0.00019706
-0.04074
-0.081327
-0.10903
-0.11753
-0.10896
-0.090522
-0.069298
-0.048997
-0.0303
-0.013338
8.6916e-05
0.0061461
0.00076638
-0.017313
-0.043952
-0.069703
-0.083832
-0.080778
-0.064675
-0.047711
-0.042232
-0.051845
-0.068356
-0.077423
-0.069079
-0.045477
-0.020135
-0.0092314
-0.021151
-0.051397
-0.08577
-0.10882
-0.11158
-0.094333
-0.064163
-0.030554
-0.0019633
0.015652
0.019406
0.010006
-0.0083057
-0.029543
-0.049168
-0.066253
-0.08231
-0.097486
-0.10795
-0.10782
-0.09476
-0.074433
-0.059059
-0.060027
-0.079499
-0.10732
-0.12611
-0.1217
-0.092272
-0.050005
-0.014091
0.00050279
-0.0087978
-0.032134
-0.05465
-0.065743
-0.063856
-0.054571
-0.044939
-0.039018
-0.037289
-0.038775
-0.04284
-0.049061
-0.055991
-0.060681
-0.059737
-0.051144
-0.035616
-0.016956
-0.0015334
0.003179
-0.008655
-0.03759
-0.07626
-0.1104
-0.12465
-0.11079
-0.073531
-0.029431
0.0012469
0.0050675
-0.018058
-0.056103
-0.09253
-0.11516
-0.12116
-0.11591
-0.10768
-0.10186
-0.098505
-0.094185
-0.085953
-0.07425
-0.062656
-0.055117
-0.052978
-0.053926
-0.053368
-0.047262
-0.034694
-0.01875
-0.0051574
0.00056689
-0.0041508
-0.017758
-0.035326
-0.050588
-0.05834
-0.056488
-0.047117
-0.035884
-0.029565
-0.032645
-0.044851
-0.061295
-0.075345
-0.082453
-0.082496
-0.079169
-0.076984
-0.077973
-0.080325
-0.07983
-0.073098
-0.060297
-0.045395
-0.033641
-0.028094
-0.027911
-0.029802
-0.031482
-0.034083
-0.041151
-0.054829
-0.072482
-0.086987
-0.090985
-0.082107
-0.065289
-0.050282
-0.045739
-0.053592
-0.067425
-0.076174
-0.071112
-0.05168
-0.026213
-0.0068386
-0.0019108
-0.011279
-0.027646
-0.042549
-0.052016
-0.05769
-0.063399
-0.070859
-0.078225
-0.082096
-0.080658
-0.075284
-0.069699
-0.067605
-0.07022
-0.075017
-0.076524
-0.06924
-0.051424
-0.027395
-0.0064244
0.0017978
-0.0072049
-0.029315
-0.053057
-0.065225
-0.058056
-0.033916
-0.0045807
0.01486
0.014136
-0.0069352
-0.039315
-0.070864
-0.093059
-0.10355
-0.10368
-0.09468
-0.076906
-0.052711
-0.029075
-0.015766
-0.019252
-0.037331
-0.059577
-0.073922
-0.074338
-0.063641
-0.049684
-0.038682
-0.031354
-0.02456
-0.016162
-0.0083707
-0.0066791
-0.015483
-0.034159
-0.056667
-0.074747
-0.082203
-0.077485
-0.063598
-0.046296
-0.031978
-0.025948
-0.030934
-0.045879
-0.065647
-0.082383
-0.088507
-0.080199
-0.059578
-0.03418
-0.013663
-0.005234
-0.010272
-0.024042
-0.03856
-0.046807
-0.04601
-0.038574
-0.030518
-0.028232
-0.035023
-0.049208
-0.064914
-0.075095
-0.074909
-0.063678
-0.045003
-0.025575
-0.013038
-0.012881
-0.025242
-0.043855
-0.058956
-0.06312
-0.05618
-0.045537
-0.041469
-0.050578
-0.071493
-0.095154
-0.10928
-0.10463
-0.079899
-0.04306
-0.0080231
0.011678
0.0090734
-0.013504
-0.046329
-0.077312
-0.097099
-0.10189
-0.093585
-0.078268
-0.063946
-0.057789
-0.063076
-0.077117
-0.091996
-0.098684
-0.092501
-0.07631
-0.05897
-0.04966
-0.051638
-0.059613
-0.062827
-0.052334
-0.027931
9.8219e-05
0.016263
0.0093681
-0.019781
-0.057724
-0.085513
-0.08931
-0.067889
-0.032755
-0.0014153
0.011785
0.002096
-0.024801
-0.056996
-0.08253
-0.094181
-0.091054
-0.07735
-0.059855
-0.045427
-0.038977
-0.042001
-0.052034
-0.063621
-0.070916
-0.070862
-0.065074
-0.058979
-0.058482
-0.066058
-0.07859
-0.088414
-0.087358
-0.07179
-0.045645
-0.019051
-0.0028425
-0.0023209
-0.014466
-0.030433
-0.041364
-0.043458
-0.039195
-0.034545
-0.034448
-0.039555
-0.046134
-0.048938
-0.045056
-0.036086
-0.027092
-0.023093
-0.025764
-0.032914
-0.041032
-0.048576
-0.056991
-0.068504
-0.082729
-0.09544
-0.10103
-0.096879
-0.085943
-0.075336
-0.071639
-0.07631
-0.084405
-0.087646
-0.080003
-0.062313
-0.04272
-0.032133
-0.037134
-0.054981
-0.074489
-0.082872
-0.074249
-0.053907
-0.035026
-0.02988
-0.041611
-0.062246
-0.078075
-0.07832
-0.061298
-0.034738
-0.011071
-0.0010604
-0.0089909
-0.031129
-0.057718
-0.077633
-0.08366
-0.075736
-0.060394
-0.046928
-0.042648
-0.049657
-0.064238
-0.078588
-0.084085
-0.07505
-0.051788
-0.0216
0.0032525
0.010565
-0.0056026
-0.040872
-0.081656
-0.11161
-0.11995
-0.10669
-0.081736
-0.05899
-0.049204
-0.055435
-0.072498
-0.089837
-0.09641
-0.086145
-0.061807
-0.034631
-0.018406
-0.020533
-0.036025
-0.049727
-0.046409
-0.022041
0.012067
0.035598
0.031804
-0.0021448
-0.053479
-0.10107
-0.12653
-0.1227
-0.095737
-0.060613
-0.032976
-0.02147
-0.024444
-0.03276
-0.03695
-0.034083
-0.029688
-0.033319
-0.05089
-0.079296
-0.10732
-0.1223
-0.11784
-0.097326
-0.071108
-0.049979
-0.039601
-0.039316
-0.044977
-0.052684
-0.060366
-0.066858
-0.070616
-0.070261
-0.06658
-0.063422
-0.065472
-0.074002
-0.084249
-0.087396
-0.076485
-0.052007
-0.022693
-0.00046027
0.0069209
8.9351e-05
-0.013653
-0.026265
-0.034188
-0.039057
-0.044093
-0.049864
-0.053224
-0.050228
-0.040343
-0.028226
-0.021417
-0.025554
-0.040434
-0.059471
-0.072926
-0.073161
-0.059061
-0.036991
-0.017449
-0.0092764
-0.01506
-0.030566
-0.048203
-0.061752
-0.069211
-0.07242
-0.074409
-0.076604
-0.077698
-0.074881
-0.066624
-0.05507
-0.046028
-0.04603
-0.05804
-0.078714
-0.099125
-0.10866
-0.099886
-0.071988
-0.031401
0.01037
0.040839
0.051109
0.039273
0.01124
-0.021718
-0.047962
-0.060815
-0.061313
-0.056684
-0.055448
-0.062177
-0.075098
-0.087755
-0.093453
-0.089648
-0.079537
-0.069798
-0.065914
-0.068293
-0.071981
-0.070268
-0.059595
-0.042278
-0.025199
-0.015527
-0.016589
-0.026655
-0.041109
-0.055857
-0.069149
-0.080665
-0.089287
-0.092068
-0.085736
-0.069769
-0.04852
-0.030378
-0.02401
-0.033721
-0.056572
-0.082869
-0.10003
-0.098473
-0.076967
-0.044482
-0.016469
-0.0066851
-0.018989
-0.044483
-0.06654
-0.071061
-0.055411
-0.029847
-0.010269
-0.007254
-0.019167
-0.034097
-0.038925
-0.028727
-0.0097963
0.0054703
0.007628
-0.0036179
-0.020309
-0.032949
-0.037525
-0.037542
-0.040001
-0.049021
-0.062388
-0.07363
-0.077587
-0.074579
-0.06963
-0.067556
-0.068459
-0.067852
-0.061455
-0.050305
-0.041302
-0.0423
-0.055645
-0.075514
-0.091341
-0.094842
-0.085523
-0.070898
-0.061442
-0.063775
-0.076472
-0.091037
-0.097348
-0.090084
-0.071973
-0.051706
-0.037945
-0.03363
-0.034758
-0.034577
-0.030032
-0.025298
-0.02914
-0.04756
-0.077203
-0.10511
-0.11599
-0.10243
-0.070532
-0.036798
-0.01803
-0.021395
-0.041151
-0.063527
-0.075732
-0.073055
-0.060174
-0.046845
-0.041314
-0.045586
-0.055092
-0.062393
-0.062091
-0.053664
-0.040749
-0.028037
-0.018445
-0.012439
-0.0092187
-0.0080168
-0.0082064
-0.0087239
-0.0082389
-0.0065352
-0.0057797
-0.0099444
-0.022258
-0.042582
-0.066854
-0.08899
-0.1036
-0.10767
-0.10063
-0.083887
-0.06063
-0.035926
-0.016261
-0.0077992
-0.013718
-0.031982
-0.05519
-0.073237
-0.077825
-0.066584
-0.044642
-0.022741
-0.012569
-0.021073
-0.046243
-0.076831
-0.097207
-0.095755
-0.072304
-0.039468
-0.015949
-0.015191
-0.036599
-0.065435
-0.081996
-0.074236
-0.045434
-0.011727
0.0086419
0.0067763
-0.01257
-0.036123
-0.052015
-0.056927
-0.055945
-0.056534
-0.062021
-0.069403
-0.072493
-0.067534
-0.056843
-0.047675
-0.047027
-0.056116
-0.068597
-0.074002
-0.064371
-0.039979
-0.010554
0.0091064
0.0071101
-0.01835
-0.05705
-0.091757
-0.10758
-0.10001
-0.076542
-0.05122
-0.035849
-0.033706
-0.039274
-0.043357
-0.03969
-0.028792
-0.017114
-0.012495
-0.018998
-0.034293
-0.051139
-0.061988
-0.063743
-0.059582
-0.056715
-0.061615
-0.075707
-0.094009
-0.10742
-0.10752
-0.091485
-0.064428
-0.037575
-0.02267
-0.025461
-0.04217
-0.061484
-0.07132
-0.066339
-0.051276
-0.037574
-0.035268
-0.045686
-0.06042
-0.06764
-0.061116
-0.044806
-0.029317
-0.023243
-0.026603
-0.031661
-0.03014
-0.020801
-0.011367
-0.013347
-0.033537
-0.068099
-0.10319
-0.12198
-0.11434
-0.08419
-0.049983
-0.036812
-0.062304
-0.12338
-0.18803
-0.23017
-0.21353
-0.13744
-0.04093
0.024615
0.018817
-0.060662
-0.178
-0.27955
-0.31183
-0.26151
-0.15196
-0.030934
0.04962
0.056631
0.010752
-0.033836
-0.048923
0.0086571
0.11519
0.24383
0.30597
0.28509
0.16716
-0.015017
-0.19347
-0.26823
-0.16355
0.12604
0.51223
0.85716
1.0254
0.96515
0.71033
0.37878
0.08864
-0.0827
-0.12594
-0.095685
-0.052938
-0.03398
-0.04247
-0.0764
-0.10294
-0.11982
-0.14205
-0.15423
-0.14703
-0.11323
-0.063268
-0.019471
-0.00038864
-0.012695
-0.043778
-0.06977
-0.074326
-0.055241
-0.00064951
0.013287
-0.0087304
-0.047209
-0.092234
-0.10795
-0.071865
0.0066311
0.087662
0.12399
0.0907
0.00064564
-0.10406
-0.17735
-0.19515
-0.16732
-0.12493
-0.10111
-0.11411
-0.15839
-0.21194
-0.24814
-0.24807
-0.20783
-0.13921
-0.064349
-0.0065409
0.019816
0.015964
-0.0013714
-0.0085963
0.011085
0.056357
0.10617
0.13025
0.10621
0.033637
-0.063292
-0.14641
-0.18197
-0.15775
-0.091065
-0.023137
-0.0038394
-0.070342
-0.20427
-0.41302
-0.61544
-0.72483
-0.68625
-0.51693
-0.27057
-0.035276
0.118
0.1669
0.14732
0.11927
0.13916
0.21251
0.29546
0.32457
0.25757
0.10388
-0.095753
-0.27723
-0.39349
-0.43219
-0.34618
-0.24605
-0.14777
-0.0826
-0.071264
-0.10514
-0.16033
-0.21917
-0.25985
-0.26278
-0.21392
-0.097282
0.071049
0.2403
0.32725
0.24016
-0.028781
-0.52231
-1.0134
-1.3708
-1.4617
-1.2557
-0.83119
-0.34571
0.063562
0.29293
0.32939
0.2267
0.1053
0.053212
0.071115
0.12276
0.16383
0.15878
0.11325
0.049501
0.06382
0.11386
0.1942
0.23738
0.17721
0.037225
-0.18665
-0.40229
-0.5405
-0.56789
-0.50307
-0.39584
-0.29953
-0.24039
-0.2187
-0.21029
-0.1823
-0.1167
-0.023814
0.063271
0.10973
0.10615
0.044686
-0.021939
-0.04365
0.0025167
0.10198
0.20565
0.2603
0.24037
0.15406
0.041111
-0.056794
-0.11717
-0.1423
-0.14459
-0.13754
-0.12872
-0.12161
-0.11768
-0.11729
-0.11768
-0.1136
-0.10074
-0.080331
-0.060004
-0.049689
-0.05458
-0.070643
-0.086382
-0.089997
-0.077219
-0.054271
-0.034135
-0.028756
-0.042089
-0.067926
-0.093036
-0.10369
-0.092214
-0.060683
-0.020153
0.014135
0.02925
0.019698
-0.011048
-0.05288
-0.093753
-0.12439
-0.141
-0.14504
-0.1407
-0.13167
-0.11918
-0.10249
-0.081223
-0.057676
-0.037022
-0.025002
-0.024649
-0.034228
-0.047671
-0.057226
-0.056912
-0.045274
-0.026371
-0.0086204
-0.0017105
-0.012477
-0.041192
-0.080067
-0.11535
-0.13298
-0.12553
-0.096676
-0.059651
-0.029698
-0.014835
-0.0115
-0.0087134
0.0019644
0.01835
0.028138
0.018126
-0.014722
-0.059072
-0.095427
-0.10837
-0.096057
-0.070451
-0.048976
-0.043714
-0.055277
-0.074287
-0.088241
-0.08872
-0.074821
-0.051817
-0.027031
-0.0060095
0.0090075
0.018286
0.022868
0.023373
0.019814
0.011994
-0.00010201
-0.016024
-0.034582
-0.053719
-0.07089
-0.083991
-0.092184
-0.095797
-0.095193
-0.089606
-0.07736
-0.057861
-0.033988
-0.012648
-0.0022366
-0.008162
-0.029321
-0.058091
-0.084017
-0.098798
-0.099454
-0.088296
-0.070856
-0.053839
-0.043794
-0.045414
-0.058761
-0.077088
-0.088271
-0.080874
-0.05173
-0.0095559
0.028714
0.04711
0.039411
0.011907
-0.021275
-0.046696
-0.058335
-0.058756
-0.055155
-0.054027
-0.058277
-0.067761
-0.081131
-0.096331
-0.10932
-0.11329
-0.10103
-0.070014
-0.026865
0.013526
0.035084
0.029713
0.0019301
-0.034646
-0.066377
-0.087521
-0.1016
-0.11613
-0.1354
-0.15647
-0.17065
-0.16872
-0.14635
-0.10665
-0.059033
-0.015317
0.014661
0.026186
0.02061
0.0041596
-0.01467
-0.028398
-0.03376
-0.033689
-0.03645
-0.050992
-0.080248
-0.11681
-0.14514
-0.15036
-0.12825
-0.0893
-0.053393
-0.037975
-0.047434
-0.070709
-0.088586
-0.085701
-0.059506
-0.021024
0.012218
0.02612
0.017065
-0.0072142
-0.032703
-0.047121
-0.046721
-0.038298
-0.035067
-0.048411
-0.080083
-0.11963
-0.14902
-0.15218
-0.124
-0.073549
-0.019527
0.019382
0.033727
0.026779
0.010389
-0.003901
-0.012395
-0.020023
-0.033901
-0.055045
-0.075489
-0.083724
-0.074225
-0.052983
-0.034159
-0.030376
-0.044267
-0.067514
-0.08728
-0.094452
-0.087752
-0.07209
-0.05415
-0.039255
-0.030849
-0.030912
-0.039289
-0.052267
-0.06266
-0.062909
-0.049833
-0.027656
-0.0067237
0.0017085
-0.0083528
-0.033958
-0.063912
-0.083611
-0.082044
-0.057886
-0.021391
0.0098051
0.019598
0.0023239
-0.033913
-0.071895
-0.095019
-0.095724
-0.077499
-0.05037
-0.024217
-0.0048398
0.0056695
0.0063778
-0.0039102
-0.025496
-0.055312
-0.085756
-0.10667
-0.10997
-0.094235
-0.066218
-0.038
-0.021169
-0.021166
-0.034664
-0.051273
-0.058908
-0.050533
-0.028885
-0.0060239
0.0029478
-0.011123
-0.045357
-0.085854
-0.11532
-0.12239
-0.1071
-0.079508
-0.053241
-0.037775
-0.034026
-0.035332
-0.032956
-0.022543
-0.0075266
0.0024902
-0.0028048
-0.028326
-0.069971
-0.11514
-0.14731
-0.15319
-0.1293
-0.08465
-0.037167
-0.0051807
0.0013898
-0.014966
-0.042206
-0.065986
-0.076427
-0.070858
-0.052465
-0.027394
-0.0025472
0.015758
0.023291
0.019588
0.0082723
-0.0051773
-0.016981
-0.026879
-0.036459
-0.045692
-0.051439
-0.049995
-0.041686
-0.033008
-0.033284
-0.047422
-0.070261
-0.087834
-0.086045
-0.061221
-0.024673
0.0028493
0.0036454
-0.025756
-0.07201
-0.11225
-0.12628
-0.10663
-0.06174
-0.011956
0.019181
0.015047
-0.02603
-0.087954
-0.14143
-0.15573
-0.11437
-0.028104
0.061521
0.094399
0.026446
-0.15213
-0.39559
-0.60194
-0.66193
-0.51608
-0.20382
0.13715
0.32304
0.21304
-0.20873
-0.81206
-1.3656
-1.636
-1.497
-0.96809
-0.20642
0.55945
1.1219
1.3602
1.276
1.0132
0.68032
0.41349
0.26672
0.22247
0.22187
0.21046
0.17062
0.1206
0.090005
0.08042
0.065942
0.021388
-0.049546
-0.11005
-0.10669
-0.0065839
0.1815
0.36451
0.45919
0.42937
0.27863
0.07027
-0.10945
-0.22209
-0.24298
-0.18335
-0.082808
0.016238
0.069219
0.038175
-0.074281
-0.21464
-0.31954
-0.32762
-0.20536
0.016249
0.3098
0.57212
0.70528
0.68398
0.52473
0.28527
0.043213
-0.13956
-0.23659
-0.2591
-0.23995
-0.20947
-0.17975
-0.14449
-0.092115
-0.020657
0.056271
0.11639
0.1425
0.13383
0.10674
0.083902
0.079405
0.090076
0.098648
0.08647
0.046117
-0.012019
-0.068319
-0.10931
-0.13069
-0.097327
-0.077971
-0.069335
-0.078855
-0.090951
-0.090929
-0.052353
0.029057
0.13602
0.22453
0.24889
0.18044
0.04277
-0.092507
-0.13479
-0.016554
0.27668
0.63265
0.89446
0.94491
0.71333
0.28402
-0.11652
-0.1832
0.22124
1.0418
2.0729
2.8523
2.988
2.3366
1.0792
-0.34269
-1.4544
-1.9634
-1.8804
-1.4712
-1.0644
-0.8581
-0.8551
-0.88601
-0.80618
-0.49718
-0.15484
0.065195
0.042594
-0.21811
-0.6004
-0.97377
-1.2157
-1.2027
-1.1225
-0.97954
-0.8262
-0.69457
-0.59134
-0.51578
-0.45384
-0.37923
-0.26952
-0.11403
0.072489
0.25108
0.36207
0.3568
0.21964
-0.085552
-0.5237
-0.9907
-1.3899
-1.5924
-1.4825
-0.95718
-0.16488
0.8735
1.8661
2.5242
2.5958
1.9963
0.88799
-0.35932
-1.3094
-1.6485
-1.3451
-0.66068
-0.01052
0.23547
-0.062646
-0.78029
-1.629
-2.218
-2.3609
-2.0434
-1.3888
-0.63946
-0.03929
0.25018
0.20086
-0.0321
-0.34668
-0.55598
-0.60771
-0.50961
-0.35947
-0.2314
-0.16329
-0.13418
-0.10891
-0.070001
-0.021781
0.017463
0.055401
0.12688
0.27931
0.49806
0.65742
0.70956
0.53383
0.14891
-0.28337
-0.52067
-0.33181
0.27256
1.1109
1.7841
1.9179
1.3628
0.26149
-0.9575
-1.8136
-1.9933
-1.5133
-0.71192
-0.086189
-0.047705
-0.71535
-1.8659
-3.0156
-3.6878
-3.5282
-2.5892
-1.2082
0.17608
1.1635
1.5449
1.3469
0.8228
0.1982
-0.28618
-0.51253
-0.4827
-0.2779
-0.013612
0.21593
0.36208
0.42046
0.41272
0.36324
0.28887
0.19965
0.12183
0.10206
0.23073
0.50452
0.92924
1.3931
1.6912
1.6483
1.1849
0.42555
-0.38089
-0.90109
-1.0034
-0.67932
-0.14941
0.31492
0.51868
0.42274
0.13186
-0.20636
-0.48425
-0.69244
-0.87664
-1.0418
-1.1516
-1.1259
-0.86658
-0.42666
0.035663
0.36424
0.44283
0.27704
-0.022668
-0.30907
-0.4752
-0.49409
-0.40578
-0.27529
-0.15875
-0.083104
-0.048208
-0.039036
-0.038603
-0.035744
-0.026957
-0.014189
-0.0013091
0.0082427
0.012174
0.0092612
-0.00017787
-0.01325
-0.024382
-0.027552
-0.020119
-0.0054108
0.0084913
0.013295
0.0050974
-0.014239
-0.03919
-0.063656
-0.082498
-0.091409
-0.087045
-0.068738
-0.040788
-0.012817
0.0033021
-0.0010169
-0.026046
-0.062345
-0.094405
-0.1081
-0.098264
-0.071896
-0.044552
-0.031419
-0.038512
-0.059696
-0.081365
-0.091244
-0.085257
-0.068383
-0.050053
-0.03805
-0.034945
-0.038515
-0.044743
-0.050771
-0.056022
-0.061447
-0.068101
-0.076266
-0.085392
-0.094231
-0.10068
-0.10158
-0.093361
-0.073937
-0.04496
-0.012782
0.013307
0.025107
0.019501
-0.00021709
-0.026571
-0.052127
-0.073003
-0.089793
-0.10576
-0.12351
-0.14181
-0.15463
-0.1533
-0.13125
-0.088633
-0.033686
0.020184
0.059992
0.078235
0.074999
0.056542
0.031553
0.007111
-0.013778
-0.032026
-0.050022
-0.068533
-0.085034
-0.094778
-0.094156
-0.084127
-0.070972
-0.06313
-0.065714
-0.07649
-0.086641
-0.086481
-0.072506
-0.050696
-0.033226
-0.030469
-0.043787
-0.064399
-0.079255
-0.079819
-0.067505
-0.052064
-0.044322
-0.048611
-0.060173
-0.069124
-0.067925
-0.056825
-0.043221
-0.03538
-0.035485
-0.037779
-0.033734
-0.020331
-0.0045828
-9.7159e-05
-0.017458
-0.056425
-0.10449
-0.14413
-0.16231
-0.15358
-0.093088
-0.070372
-0.043357
-0.014521
-0.013087
-0.049573
-0.12208
-0.21214
-0.28744
-0.31636
-0.28125
-0.19563
-0.09396
-0.025238
-0.023362
-0.079901
-0.16316
-0.23449
-0.24733
-0.16381
0.022612
0.24835
0.38494
0.28313
-0.17998
-0.92998
-1.7244
-2.3643
-2.5463
-2.1885
-1.4252
-0.5398
0.1906
0.59432
0.66623
0.52745
0.33168
0.1925
0.15481
0.17331
0.17233
0.051069
-0.22273
-0.68847
-1.2177
-1.6039
-1.7212
-1.5201
-1.0705
-0.5229
-0.040309
0.22384
0.32149
0.29373
0.20229
0.099393
0.0153
-0.035534
-0.045848
-0.018524
0.029842
0.06153
0.047928
-0.0087538
-0.079772
-0.13655
-0.16722
-0.13149
-0.037055
0.088823
0.20078
0.259
0.24271
0.16488
0.060694
-0.026282
-0.068375
-0.059157
-0.018723
0.023604
0.042894
0.028905
-0.014057
-0.072735
-0.13157
-0.17754
-0.20269
-0.2054
-0.1906
-0.16766
-0.14594
-0.1297
-0.11589
-0.096795
-0.06629
-0.025591
0.015726
0.044538
0.051682
0.037427
0.011524
-0.011926
-0.02176
-0.015368
0.00016218
0.012001
0.0089384
-0.011778
-0.042537
-0.070376
-0.08637
-0.092588
-0.10002
-0.11706
-0.13658
-0.1339
-0.081953
0.022992
0.14326
0.20861
0.1516
-0.040177
-0.29609
-0.4851
-0.47896
-0.127
0.37904
0.8537
1.026
0.71134
-0.077835
-1.1036
-1.9931
-2.3995
-2.1655
-1.3723
-0.3159
0.65097
1.2719
1.4791
1.3566
1.062
0.74533
0.47803
0.26983
0.11661
-0.016253
-0.10116
-0.13541
-0.12165
-0.086366
-0.084962
-0.14071
-0.24969
-0.35246
-0.37458
-0.26486
-0.042579
0.19486
0.30871
0.19197
-0.15932
-0.64866
-1.0076
-1.0016
-0.55304
0.19376
0.86624
0.99498
0.25782
-1.2686
-3.1207
-4.5765
-5.0018
-4.1485
-2.2833
-0.05658
1.7835
2.7082
2.5881
1.6794
0.46715
-0.52522
-0.91624
-0.56491
0.43137
1.7828
3.0929
3.9837
4.1405
3.5462
2.3824
1.0225
-0.11095
-0.71916
-0.82627
-0.49865
-0.038148
0.2921
0.37324
0.22023
-0.047409
-0.28703
-0.40316
-0.36787
-0.23135
-0.068854
0.027724
0.030225
-0.057153
-0.17067
-0.30359
-0.41524
-0.47318
-0.4642
-0.39782
-0.30423
-0.215
-0.21707
-0.29189
-0.40775
-0.49144
-0.46086
-0.27891
0.020492
0.3157
0.46727
0.3882
0.12134
-0.16743
-0.26577
-0.011439
0.58118
1.3605
2.0547
2.3856
2.2639
1.7265
0.96069
0.21374
-0.3189
-0.56611
-0.5301
-0.32368
-0.080624
0.083067
0.10712
0.0027042
-0.15867
-0.27977
-0.28469
-0.16086
0.020252
0.16899
0.21279
0.13294
-0.04026
-0.22047
-0.35217
-0.44075
-0.4087
-0.31014
-0.18019
-0.046539
0.075198
0.17694
0.24724
0.27553
0.2567
0.19704
0.11503
0.035282
-0.021335
-0.044766
-0.037802
-0.013482
0.01024
0.017388
0.00078353
-0.033796
-0.069666
-0.087501
-0.075844
-0.037301
0.013359
0.057748
0.083201
0.087455
0.076861
0.060661
0.045546
0.033612
0.023905
0.01535
0.0082023
0.0029133
-0.0021569
-0.01112
-0.027558
-0.050111
-0.070973
-0.079695
-0.070017
-0.044432
-0.012908
0.012959
0.025792
0.024576
0.012913
-0.0041101
-0.021872
-0.036442
-0.044497
-0.044356
-0.037775
-0.030362
-0.029
-0.037375
-0.053002
-0.068457
-0.076341
-0.074433
-0.067234
-0.062683
-0.066183
-0.076082
-0.084047
-0.080591
-0.062195
-0.03488
-0.011119
-0.0017924
-0.0087886
-0.023728
-0.033951
-0.031452
-0.018194
-0.0039942
0.0011704
-0.005544
-0.018483
-0.028853
-0.032363
-0.032921
-0.039381
-0.057857
-0.085713
-0.11197
-0.12399
-0.11562
-0.091157
-0.062504
-0.041592
-0.033496
-0.034799
-0.037881
-0.037494
-0.034577
-0.034733
-0.042929
-0.058639
-0.075155
-0.083639
-0.07915
-0.064354
-0.048137
-0.03978
-0.04276
-0.052787
-0.061712
-0.064192
-0.061591
-0.059879
-0.063549
-0.071003
-0.075327
-0.06963
-0.052486
-0.029482
-0.010248
-0.0033808
-0.012392
-0.034496
-0.062235
-0.086706
-0.10085
-0.1017
-0.091083
-0.074822
-0.060482
-0.054112
-0.057142
-0.065298
-0.070856
-0.067446
-0.054451
-0.037776
-0.026138
-0.02532
-0.034355
-0.046163
-0.051956
-0.046308
-0.029875
-0.008671
0.0090276
0.016315
0.010407
-0.0062719
-0.027117
-0.04442
-0.053364
-0.05479
-0.054834
-0.061262
-0.078437
-0.10387
-0.12858
-0.14135
-0.13477
-0.10983
-0.076132
-0.047136
-0.032968
-0.035096
-0.046683
-0.058456
-0.065558
-0.069845
-0.075798
-0.083925
-0.087966
-0.079141
-0.054455
-0.021975
0.0021771
0.0038803
-0.019252
-0.056155
-0.090113
-0.1098
-0.11473
-0.1115
-0.10506
-0.093644
-0.071806
-0.038783
-0.0040382
0.015822
0.0074482
-0.029147
-0.078557
-0.11802
-0.13032
-0.11308
-0.078651
-0.045229
-0.025476
-0.020264
-0.021095
-0.018609
-0.010547
-0.0033291
-0.0064323
-0.024133
-0.051064
-0.074992
-0.084694
-0.076982
-0.057735
-0.036598
-0.019942
-0.0079419
0.0020254
0.0091593
0.0067144
-0.013029
-0.04924
-0.086506
-0.099063
-0.065033
0.016996
0.11911
0.18943
0.1734
0.043606
-0.17196
-0.36207
-0.42132
-0.18876
0.38408
1.1826
1.9478
2.3428
2.1144
1.2106
-0.14133
-1.5183
-2.4703
-2.7229
-2.2861
-1.4375
-0.57084
-0.003635
0.15705
0.027687
-0.15313
-0.20029
-0.009195
0.27308
0.48711
0.50486
0.27469
-0.020328
-0.34916
-0.57585
-0.65437
-0.61183
-0.50395
-0.39169
-0.31348
-0.27272
-0.24868
-0.20853
-0.14225
-0.045973
0.04361
0.12255
0.18598
0.23401
0.28709
0.31674
0.33532
0.3775
0.40762
0.41003
0.37328
0.29793
0.19799
0.099385
0.02458
-0.014697
-0.023659
-0.020799
-0.025044
-0.047132
-0.085607
-0.13036
-0.1693
-0.19337
-0.19767
-0.18059
-0.14304
-0.089166
-0.027794
0.028624
0.068195
0.085454
0.085089
0.080348
0.086276
0.11109
0.15069
0.18968
0.20857
0.1936
0.1438
0.071589
-0.0033468
-0.0636
-0.10188
-0.12307
-0.13964
-0.16309
-0.19634
-0.23145
-0.2542
-0.25237
-0.22296
-0.17356
-0.11751
-0.066301
-0.024311
0.01091
0.043865
0.075914
0.10336
0.11953
0.11859
0.098193
0.05966
0.0064904
-0.056921
-0.12517
-0.19081
-0.24399
-0.27423
-0.27396
-0.24175
-0.18334
-0.10982
-0.033905
0.033593
0.085616
0.11864
0.13143
0.12428
0.099435
0.061949
0.019627
-0.018879
-0.046957
-0.062231
-0.066855
-0.065976
-0.065255
-0.068436
-0.075798
-0.084172
-0.088727
-0.085796
-0.0752
-0.060576
-0.047391
-0.039879
-0.038906
-0.042055
-0.045599
-0.046804
-0.045158
-0.042173
-0.040332
-0.041914
-0.04816
-0.058947
-0.072932
-0.087943
-0.1013
-0.10999
-0.11082
-0.10111
-0.079859
-0.049177
-0.015002
0.013822
0.028634
0.025218
0.0068208
-0.016639
-0.033613
-0.037363
-0.0295
-0.018203
-0.012679
-0.017934
-0.033072
-0.053332
-0.073522
-0.090287
-0.10223
-0.10878
-0.10931
-0.10328
-0.090909
-0.073156
-0.050918
-0.024427
0.0058109
0.036728
0.061182
0.069594
0.054879
0.017816
-0.031101
-0.075334
-0.099947
-0.099038
-0.078796
-0.054418
-0.042414
-0.052234
-0.081461
-0.11702
-0.14185
-0.14367
-0.12149
-0.086017
-0.053616
-0.037112
-0.038956
-0.050929
-0.06034
-0.058432
-0.04549
-0.029637
-0.020652
-0.02338
-0.035174
-0.048684
-0.057491
-0.060281
-0.060683
-0.06322
-0.068602
-0.071978
-0.065634
-0.044499
-0.010715
0.026068
0.053241
0.06179
0.050588
0.025845
-0.0033314
-0.029775
-0.050515
-0.066037
-0.078343
-0.089499
-0.10082
-0.11193
-0.11972
-0.11859
-0.10326
-0.073446
-0.037102
-0.0085879
-0.0010839
-0.017495
-0.046654
-0.069204
-0.069819
-0.048134
-0.017532
0.0070212
0.033602
0.0058057
0.010072
0.058164
0.14407
0.23956
0.30646
0.31743
0.28138
0.23641
0.2188
0.23762
0.24023
0.15015
-0.1043
-0.48023
-0.87261
-1.1614
-1.2118
-1.005
-0.62758
-0.26322
-0.024886
-0.021547
-0.18708
-0.39861
-0.5371
-0.5459
-0.43772
-0.27031
-0.08661
0.084042
0.23605
0.37006
0.48229
0.559
0.57331
0.51043
0.3955
0.18336
-0.015791
-0.10745
-0.08281
0.05264
0.24159
0.40289
0.47394
0.4493
0.34989
0.20456
0.031034
-0.18221
-0.42742
-0.66586
-0.83816
-0.90007
-0.86665
-0.80701
-0.81433
-0.93662
-1.1377
-1.301
-1.3034
-1.0242
-0.49433
0.15999
0.76772
1.1797
1.3213
1.2148
0.94839
0.63041
0.34523
0.13968
0.020389
-0.032213
-0.051722
-0.068594
-0.097712
-0.13258
-0.15091
-0.13053
-0.066139
0.023824
0.10548
0.14809
0.1411
0.098489
0.048647
0.016877
0.012271
0.026222
0.041583
0.04471
0.032221
0.0096091
-0.015019
-0.036389
-0.053323
-0.066552
-0.076049
-0.080252
-0.0772
-0.066198
-0.048705
-0.028145
-0.0089734
0.0046364
0.010029
0.0066008
-0.0046775
-0.022103
-0.043237
-0.063958
-0.078181
-0.080081
-0.068352
-0.049093
-0.033879
-0.033092
-0.048869
-0.073156
-0.092724
-0.097681
-0.087252
-0.06887
-0.051936
-0.041452
-0.036086
-0.03115
-0.023266
-0.01296
-0.003888
-0.00019326
-0.0043278
-0.016335
-0.034038
-0.053387
-0.069188
-0.076922
-0.075302
-0.067743
-0.060973
-0.060994
-0.068872
-0.079383
-0.08387
-0.075826
-0.055674
-0.031352
-0.013958
-0.011112
-0.022497
-0.040566
-0.055704
-0.062145
-0.060702
-0.056955
-0.056656
-0.061685
-0.069072
-0.073273
-0.069784
-0.057692
-0.039981
-0.022108
-0.010039
-0.0085135
-0.01947
-0.040649
-0.065073
-0.082538
-0.083562
-0.064591
-0.031771
-0.00025174
0.012195
-0.0050617
-0.047967
-0.098123
-0.13229
-0.13588
-0.11156
-0.076959
-0.052858
-0.050101
-0.064064
-0.079864
-0.083692
-0.07193
-0.052215
-0.036903
-0.03443
-0.044468
-0.059239
-0.069105
-0.068431
-0.058383
-0.045544
-0.037616
-0.038858
-0.047816
-0.058482
-0.064057
-0.060986
-0.050782
-0.038567
-0.029557
-0.026287
-0.028669
-0.036346
-0.050505
-0.072904
-0.10254
-0.13407
-0.15866
-0.16589
-0.12723
-0.094217
-0.081636
-0.035706
-0.0071815
-0.0096549
-0.046132
-0.10263
-0.15578
-0.18242
-0.17934
-0.16583
-0.17325
-0.22203
-0.30317
-0.36715
-0.35599
-0.24512
-0.087085
0.042257
0.043031
-0.11845
-0.38437
-0.62338
-0.69393
-0.51812
-0.17459
0.18753
0.33684
0.07715
-0.61962
-1.5338
-2.1801
-1.9135
-0.19801
3.0401
7.2247
11.185
13.57
13.441
10.82
6.4389
1.9033
-1.454
-2.9813
-2.6848
-1.4168
-0.060659
0.70633
0.6669
0.028704
-0.78142
-1.3628
-1.516
-1.2886
-0.90986
-0.64821
-0.67653
-0.99187
-1.4666
-1.8794
-2.0744
-1.944
-1.4653
-0.74504
0.15883
1.2351
2.4375
3.6581
4.727
5.4184
5.5364
4.9631
3.7849
2.0311
0.66609
-0.51625
-1.0492
-0.86344
-0.30087
0.78314
1.5177
1.8366
2.1326
1.8889
1.055
0.43281
0.28552
0.19684
0.014865
-0.066933
-0.3465
-0.83905
-1.1946
-1.4765
-1.5412
-0.96562
-0.52131
-0.14046
0.060542
0.082178
-0.031215
-0.17713
-0.25411
-0.1547
0.0022646
0.15613
0.27465
0.37666
0.36755
0.31582
0.24651
0.18141
0.13043
0.098878
0.093223
0.11529
0.15938
0.20695
0.24163
0.22214
0.14081
0.063618
-0.065231
-0.21866
-0.32566
-0.50621
-0.64166
-0.78469
-0.89336
-0.94566
-0.93248
-0.86297
-0.76104
-0.6525
-0.55185
-0.45769
-0.36128
-0.25306
-0.13788
-0.031715
0.044635
0.077509
0.0674
0.027417
-0.024782
-0.076676
-0.12549
-0.17519
-0.22904
-0.2825
-0.32295
-0.3365
-0.29885
-0.24262
-0.17806
-0.10713
-0.053609
-0.014459
0.040478
0.096712
0.15359
0.20175
0.23245
0.24532
0.24854
0.25278
0.26327
0.27534
0.27349
0.27599
0.26719
0.19649
0.066793
-0.023901
-0.10288
-0.2258
-0.32797
-0.41029
-0.47305
-0.51812
-0.54985
-0.57223
-0.58679
-0.5924
-0.58695
-0.56871
-0.53546
-0.48555
-0.41735
-0.33376
-0.2453
-0.16984
-0.12516
-0.12038
-0.1504
-0.19932
-0.24954
-0.29063
-0.32289
-0.35341
-0.38504
-0.40815
-0.42026
-0.39643
-0.33014
-0.2254
-0.1003
0.021325
0.12114
0.19398
0.24864
0.2999
0.35841
0.42466
0.4888
0.5378
0.56315
0.56457
0.54898
0.52456
0.49548
0.45834
0.41224
0.35678
0.2974
0.24189
0.19464
0.15401
0.11473
0.074645
0.040012
0.023938
0.038327
0.084437
0.14906
0.20959
0.24517
0.2468
0.21988
0.17811
0.13353
0.089356
0.04042
-0.019885
-0.091435
-0.16441
-0.22408
-0.25971
-0.27118
-0.26844
-0.26487
-0.27001
-0.28616
-0.30945
