0.04229
-0.015503
-0.058481
-0.078349
-0.075808
-0.058474
-0.036299
-0.017562
-0.0070946
-0.0063564
-0.014177
-0.027485
-0.042143
-0.054085
-0.060448
-0.06011
-0.053491
-0.042029
-0.02787
-0.013736
-0.0025922
0.0030633
0.0019513
-0.0056384
-0.017943
-0.032047
-0.044417
-0.051918
-0.053231
-0.049779
-0.045064
-0.042423
-0.04276
-0.044163
-0.043814
-0.040619
-0.036396
-0.034635
-0.037806
-0.045159
-0.052652
-0.055153
-0.049529
-0.036674
-0.021355
-0.010244
-0.0093396
-0.021703
-0.045935
-0.075872
-0.10217
-0.11586
-0.11253
-0.094707
-0.070831
-0.051089
-0.042471
-0.045971
-0.057499
-0.071579
-0.084896
-0.096943
-0.10744
-0.11327
-0.10845
-0.088446
-0.055692
-0.02145
-0.00087792
-0.0038327
-0.027899
-0.059145
-0.08044
-0.081568
-0.06443
-0.040611
-0.023881
-0.022727
-0.036796
-0.058151
-0.075766
-0.080899
-0.071167
-0.051726
-0.032776
-0.024249
-0.030421
-0.047745
-0.067404
-0.080866
-0.084733
-0.081857
-0.078383
-0.078954
-0.083399
-0.08714
-0.084965
-0.075298
-0.061583
-0.049596
-0.042827
-0.039774
-0.035623
-0.02723
-0.017422
-0.014624
-0.027046
-0.055118
-0.088091
-0.10849
-0.10252
-0.069676
-0.024685
0.010153
0.017498
-0.0054393
-0.046074
-0.084486
-0.10508
-0.10485
-0.093678
-0.086591
-0.092848
-0.10851
-0.11792
-0.10409
-0.061631
-0.0031964
0.046286
0.064428
0.045316
0.0027947
-0.038984
-0.060676
-0.058016
-0.041187
-0.025475
-0.020877
-0.027461
-0.038035
-0.04459
-0.043545
-0.037014
-0.030523
-0.029541
-0.036913
-0.051942
-0.070866
-0.088272
-0.099089
-0.10064
-0.0939
-0.083128
-0.073708
-0.069172
-0.069222
-0.070172
-0.067659
-0.059738
-0.04812
-0.036729
-0.02881
-0.024864
-0.022898
-0.020561
-0.017299
-0.014689
-0.014772
-0.017838
-0.021612
-0.022566
-0.018417
-0.010013
-0.0012822
0.0027654
-0.0012357
-0.013214
-0.029883
-0.046789
-0.0608
-0.071428
-0.080171
-0.088486
-0.095947
-0.10005
-0.097937
-0.08893
-0.075782
-0.063603
-0.056914
-0.056864
-0.060552
-0.062873
-0.059639
-0.050024
-0.03704
-0.025967
-0.021805
-0.027182
-0.041698
-0.062669
-0.086307
-0.10838
-0.12433
-0.12975
-0.1218
-0.10121
-0.073164
-0.045984
-0.027573
-0.021666
-0.026116
-0.034498
-0.040157
-0.040186
-0.036619
-0.033975
-0.034898
-0.037304
-0.035568
-0.025302
-0.0084024
0.0056755
0.0042528
-0.020567
-0.065081
-0.11319
-0.14316
-0.13893
-0.099714
-0.042005
0.0079883
0.027888
0.010918
-0.031197
-0.075929
-0.1032
-0.10589
-0.091627
-0.076039
-0.072435
-0.084313
-0.10433
-0.1194
-0.11855
-0.09903
-0.067722
-0.036932
-0.017321
-0.012251
-0.017177
-0.024054
-0.027018
-0.024909
-0.019371
-0.01135
2.5132e-05
0.014926
0.029417
0.035193
0.023955
-0.0063879
-0.048603
-0.089023
-0.11478
-0.12028
-0.10872
-0.088184
-0.066137
-0.046113
-0.028243
-0.012038
0.0011129
0.0074603
0.0027013
-0.014818
-0.041336
-0.067635
-0.083021
-0.081797
-0.067848
-0.053038
-0.049341
-0.059958
-0.076334
-0.083916
-0.072834
-0.045719
-0.016901
-0.0034772
-0.014527
-0.045739
-0.08249
-0.10844
-0.11365
-0.09765
-0.067285
-0.032301
-0.0017495
0.017725
0.022634
0.013257
-0.006376
-0.030204
-0.053243
-0.073723
-0.092104
-0.10766
-0.1163
-0.11273
-0.095909
-0.072867
-0.056683
-0.05867
-0.080071
-0.10947
-0.12855
-0.1229
-0.091226
-0.046588
-0.0089589
0.0063497
-0.0031226
-0.027152
-0.05053
-0.062469
-0.061401
-0.052973
-0.044289
-0.039371
-0.038561
-0.040661
-0.044834
-0.050599
-0.056703
-0.060598
-0.059316
-0.051036
-0.036301
-0.018451
-0.0033618
0.0017288
-0.0091673
-0.037043
-0.075009
-0.10908
-0.12384
-0.11081
-0.074294
-0.030508
0.00044127
0.0050291
-0.017152
-0.054498
-0.090801
-0.11394
-0.12082
-0.11641
-0.10863
-0.10281
-0.099228
-0.094731
-0.086477
-0.074722
-0.062693
-0.054092
-0.050373
-0.049732
-0.048274
-0.042503
-0.031604
-0.018228
-0.0073106
-0.0035766
-0.0091814
-0.022727
-0.039917
-0.055222
-0.06382
-0.063351
-0.055047
-0.043564
-0.035091
-0.034345
-0.042102
-0.054933
-0.067445
-0.075567
-0.078674
-0.079192
-0.080133
-0.08243
-0.084012
-0.081285
-0.072001
-0.057411
-0.042002
-0.030794
-0.026119
-0.026406
-0.028101
-0.029265
-0.031726
-0.039589
-0.054993
-0.074654
-0.090476
-0.094324
-0.083708
-0.064223
-0.046788
-0.041211
-0.050027
-0.066591
-0.078891
-0.076942
-0.059162
-0.033491
-0.012374
-0.0049767
-0.012042
-0.02689
-0.041247
-0.050986
-0.057451
-0.064181
-0.072639
-0.080688
-0.084578
-0.082199
-0.074897
-0.066808
-0.062446
-0.063952
-0.069416
-0.073346
-0.069576
-0.055338
-0.034025
-0.014446
-0.0063865
-0.014796
-0.036094
-0.059157
-0.07089
-0.063494
-0.039273
-0.0099545
0.0094762
0.0089958
-0.0112
-0.041723
-0.070347
-0.088923
-0.095928
-0.09375
-0.084468
-0.068696
-0.048278
-0.02903
-0.019324
-0.024548
-0.042159
-0.062247
-0.073867
-0.072215
-0.060925
-0.047943
-0.038879
-0.033464
-0.027661
-0.018911
-0.0096542
-0.0061202
-0.013602
-0.032135
-0.055829
-0.076047
-0.085897
-0.083136
-0.070344
-0.053207
-0.038323
-0.031274
-0.03499
-0.048512
-0.06678
-0.082078
-0.087049
-0.078099
-0.057462
-0.032631
-0.013109
-0.0059442
-0.012428
-0.027798
-0.044004
-0.053823
-0.054099
-0.046764
-0.037482
-0.032655
-0.036116
-0.047174
-0.061083
-0.071598
-0.073961
-0.066746
-0.052236
-0.035732
-0.023932
-0.022138
-0.031078
-0.045602
-0.057193
-0.059405
-0.052476
-0.043527
-0.042018
-0.053548
-0.075989
-0.10007
-0.11388
-0.1088
-0.084059
-0.047708
-0.013305
0.0061711
0.0041282
-0.017147
-0.048396
-0.078168
-0.097594
-0.103
-0.096047
-0.082389
-0.069617
-0.064639
-0.070653
-0.085018
-0.099909
-0.10637
-0.099749
-0.082941
-0.064866
-0.054835
-0.056286
-0.064088
-0.06752
-0.057464
-0.033345
-0.0050023
0.012371
0.0075465
-0.019066
-0.054612
-0.080691
-0.083744
-0.062498
-0.028194
0.0019748
0.01388
0.0028466
-0.025479
-0.059238
-0.086437
-0.099667
-0.097699
-0.084345
-0.066067
-0.049609
-0.040057
-0.03939
-0.045858
-0.054812
-0.061095
-0.062021
-0.059101
-0.057178
-0.061237
-0.072737
-0.087742
-0.098169
-0.095911
-0.07783
-0.048626
-0.019251
-0.0012114
-0.00014696
-0.012951
-0.030296
-0.042624
-0.04548
-0.041021
-0.035346
-0.033892
-0.03792
-0.044106
-0.04724
-0.044119
-0.035936
-0.027477
-0.023746
-0.026617
-0.034139
-0.04293
-0.051409
-0.06088
-0.073409
-0.08847
-0.10168
-0.10722
-0.10224
-0.089596
-0.07662
-0.070472
-0.073424
-0.081251
-0.085934
-0.081072
-0.066612
-0.049671
-0.040405
-0.045165
-0.061459
-0.078619
-0.084408
-0.073422
-0.051375
-0.03183
-0.027323
-0.040952
-0.064258
-0.082661
-0.084428
-0.067256
-0.038885
-0.012415
0.00036907
-0.0057299
-0.027403
-0.054718
-0.075966
-0.083297
-0.076278
-0.061442
-0.048307
-0.044363
-0.051653
-0.066195
-0.079977
-0.084508
-0.074644
-0.051388
-0.022454
0.00010241
0.0048999
-0.012938
-0.048271
-0.087448
-0.1148
-0.12062
-0.10588
-0.080873
-0.059207
-0.050846
-0.057984
-0.074934
-0.091218
-0.096387
-0.085138
-0.060755
-0.034432
-0.01935
-0.022046
-0.0369
-0.048754
-0.043107
-0.017082
0.016993
0.038457
0.03113
-0.0065626
-0.060484
-0.10869
-0.13291
-0.12693
-0.098133
-0.062313
-0.035081
-0.024256
-0.02711
-0.033883
-0.035375
-0.02975
-0.023882
-0.028193
-0.048486
-0.080604
-0.11187
-0.12848
-0.12379
-0.10184
-0.074181
-0.052589
-0.043001
-0.044162
-0.050815
-0.058052
-0.063473
-0.066466
-0.066702
-0.064126
-0.060388
-0.059356
-0.064882
-0.076881
-0.089244
-0.092333
-0.079175
-0.051008
-0.017724
0.00763
0.016578
0.0096331
-0.0055141
-0.020135
-0.029936
-0.035978
-0.041209
-0.046277
-0.048441
-0.044358
-0.034113
-0.022798
-0.018065
-0.025297
-0.043716
-0.065976
-0.081594
-0.082429
-0.067299
-0.043
-0.02084
-0.01054
-0.01527
-0.030841
-0.049178
-0.063302
-0.070556
-0.072535
-0.07255
-0.072694
-0.072437
-0.069544
-0.062644
-0.053593
-0.047599
-0.050501
-0.064714
-0.086603
-0.10721
-0.11605
-0.10593
-0.076316
-0.034008
0.0090794
0.040131
0.050171
0.037586
0.0088699
-0.024099
-0.049432
-0.060766
-0.059929
-0.05502
-0.055022
-0.064292
-0.080249
-0.095431
-0.10238
-0.098293
-0.086588
-0.074455
-0.067968
-0.068091
-0.070354
-0.068402
-0.058812
-0.04368
-0.029268
-0.02182
-0.023705
-0.032577
-0.04388
-0.054382
-0.063773
-0.073204
-0.082404
-0.088217
-0.086176
-0.074132
-0.055129
-0.037104
-0.029179
-0.03664
-0.057513
-0.082661
-0.099564
-0.098358
-0.077435
-0.045432
-0.017574
-0.0075047
-0.019106
-0.043705
-0.065105
-0.069727
-0.055288
-0.031981
-0.015134
-0.01444
-0.027455
-0.041936
-0.045057
-0.032636
-0.011747
0.0047816
0.0075584
-0.0033472
-0.019636
-0.031762
-0.035988
-0.036234
-0.039758
-0.050574
-0.065989
-0.07887
-0.083489
-0.079912
-0.07327
-0.068754
-0.066937
-0.06377
-0.055324
-0.042883
-0.03349
-0.035013
-0.049644
-0.071235
-0.088769
-0.093502
-0.084627
-0.069634
-0.0593
-0.060788
-0.073248
-0.088546
-0.096531
-0.091444
-0.07531
-0.056123
-0.04213
-0.036338
-0.035297
-0.03312
-0.027591
-0.023334
-0.028977
-0.04985
-0.081717
-0.11092
-0.12197
-0.10768
-0.074687
-0.039947
-0.020469
-0.023367
-0.042711
-0.064555
-0.076021
-0.072396
-0.058404
-0.043888
-0.037257
-0.040768
-0.05015
-0.058167
-0.059376
-0.052868
-0.041625
-0.029651
-0.019427
-0.011453
-0.0054705
-0.0016033
-0.00020555
-0.00098335
-0.0029108
-0.0054513
-0.0098317
-0.018689
-0.033953
-0.054726
-0.077078
-0.095929
-0.10736
-0.10961
-0.10266
-0.087519
-0.066301
-0.042918
-0.023125
-0.013036
-0.016354
-0.031804
-0.05265
-0.069189
-0.07331
-0.062722
-0.042581
-0.023524
-0.01687
-0.028883
-0.05667
-0.088157
-0.10723
-0.10233
-0.073953
-0.03582
-0.0079448
-0.0049146
-0.026736
-0.0585
-0.079555
-0.07642
-0.050934
-0.018299
0.0033664
0.0044679
-0.011476
-0.032518
-0.047756
-0.054159
-0.056322
-0.060595
-0.068956
-0.077324
-0.079163
-0.071254
-0.057109
-0.045281
-0.043567
-0.053167
-0.067027
-0.073766
-0.064821
-0.040417
-0.010655
0.0092245
0.0070828
-0.018901
-0.058455
-0.094395
-0.11198
-0.10674
-0.085916
-0.062925
-0.048768
-0.04611
-0.049358
-0.049886
-0.042396
-0.028316
-0.0145
-0.00856
-0.01395
-0.027856
-0.043095
-0.052777
-0.054693
-0.05255
-0.053319
-0.062477
-0.080135
-0.10029
-0.11357
-0.11206
-0.093919
-0.065311
-0.038155
-0.024392
-0.029503
-0.049133
-0.071271
-0.083169
-0.078985
-0.063193
-0.047259
-0.041512
-0.047787
-0.058313
-0.061969
-0.05325
-0.036801
-0.023724
-0.022608
-0.03261
-0.044101
-0.046219
-0.035432
-0.018867
-0.010273
-0.021509
-0.054875
-0.1005
-0.13994
-0.15437
-0.134
-0.084514
-0.026742
0.012149
0.012753
-0.024884
-0.080138
-0.12358
-0.135
-0.11569
-0.08653
-0.073198
-0.089048
-0.12671
-0.16297
-0.17281
-0.14365
-0.081352
-0.0047209
0.067465
0.1276
0.17982
0.22947
0.27137
0.28902
0.26771
0.21067
0.14313
0.099157
0.10116
0.1476
0.21611
0.27648
0.30296
0.28055
0.20715
0.094618
-0.03254
-0.14427
-0.21717
-0.24546
-0.24356
-0.23738
-0.24844
-0.27949
-0.31116
-0.31411
-0.27076
-0.19152
-0.11214
-0.072017
-0.088601
-0.14662
-0.20965
-0.24448
-0.24042
-0.2112
-0.18066
-0.16403
-0.15798
-0.14527
-0.11018
-0.054068
0.00037354
0.021127
-0.010716
-0.082673
-0.15142
-0.16585
-0.10004
0.025696
0.15223
0.21481
0.18097
0.068277
-0.068584
-0.17125
-0.20904
-0.19026
-0.15025
-0.12722
-0.14138
-0.18766
-0.24257
-0.27826
-0.27593
-0.23273
-0.16124
-0.083231
-0.020487
0.013844
0.020357
0.012431
0.0088063
0.022764
0.053832
0.087501
0.10379
0.089544
0.046575
-0.0095691
-0.059134
-0.089596
-0.10163
-0.10624
-0.11558
-0.13405
-0.15543
-0.16772
-0.16204
-0.13954
-0.11126
-0.090471
-0.082447
-0.079218
-0.064103
-0.023731
0.040991
0.11375
0.17334
0.20864
0.22661
0.24635
0.28244
0.32915
0.35781
0.33133
0.22794
0.058617
-0.13464
-0.29996
-0.40271
-0.44023
-0.43489
-0.41263
-0.38469
-0.34572
-0.28666
-0.209
-0.12814
-0.064916
-0.03354
-0.034563
-0.055368
-0.075928
-0.076859
-0.047506
0.0087997
0.075433
0.1295
0.1514
0.13206
0.076086
0.0011457
-0.067086
-0.10563
-0.10691
-0.084244
-0.063003
-0.061761
-0.076812
-0.082092
-0.044859
0.053562
0.2049
0.37499
0.51585
0.58122
0.53973
0.3836
0.133
-0.16513
-0.44654
-0.64865
-0.73313
-0.701
-0.59015
-0.45575
-0.34526
-0.28153
-0.26032
-0.25921
-0.25066
-0.21425
-0.14527
-0.057483
0.022324
0.067226
0.065084
0.026801
-0.018292
-0.038495
-0.017677
0.036636
0.099873
0.14561
0.15775
0.1331
0.077247
0.00067425
-0.082075
-0.15327
-0.19667
-0.20496
-0.18429
-0.15132
-0.12355
-0.1096
-0.10618
-0.10347
-0.09419
-0.079172
-0.065712
-0.060662
-0.064216
-0.069328
-0.0671
-0.053835
-0.034381
-0.019366
-0.018455
-0.034193
-0.060088
-0.083654
-0.092444
-0.080055
-0.049341
-0.011407
0.019127
0.030351
0.017803
-0.014339
-0.055814
-0.095035
-0.12363
-0.13876
-0.14253
-0.1391
-0.13155
-0.12026
-0.10389
-0.08202
-0.057452
-0.036015
-0.023867
-0.024004
-0.034319
-0.048379
-0.05838
-0.058671
-0.048285
-0.031581
-0.016817
-0.013049
-0.026225
-0.055833
-0.093752
-0.12654
-0.14099
-0.13082
-0.10062
-0.063912
-0.035469
-0.022281
-0.019716
-0.016201
-0.0034241
0.015733
0.028149
0.020155
-0.011235
-0.054334
-0.089426
-0.10134
-0.088875
-0.064689
-0.046393
-0.045524
-0.061571
-0.083951
-0.099408
-0.099509
-0.083985
-0.059022
-0.03274
-0.011129
0.0034998
0.011595
0.014521
0.013307
0.0084533
0.00026242
-0.010911
-0.024576
-0.039957
-0.055805
-0.070521
-0.082688
-0.09158
-0.096969
-0.098193
-0.093424
-0.080331
-0.058348
-0.03107
-0.0065271
0.0057423
-0.00043157
-0.024064
-0.056939
-0.087463
-0.10603
-0.10864
-0.09728
-0.077963
-0.058442
-0.046452
-0.047519
-0.061894
-0.082345
-0.095827
-0.089941
-0.060893
-0.017362
0.023163
0.043789
0.037364
0.0096131
-0.0253
-0.05328
-0.06725
-0.068717
-0.06425
-0.060446
-0.061062
-0.067268
-0.079004
-0.09496
-0.11097
-0.11925
-0.11105
-0.082382
-0.03902
0.0040244
0.029675
0.028432
0.0036404
-0.031538
-0.063101
-0.084426
-0.098177
-0.11154
-0.12918
-0.14903
-0.16326
-0.16294
-0.14325
-0.10622
-0.060158
-0.016402
0.014795
0.027649
0.022414
0.0048844
-0.015905
-0.031218
-0.036526
-0.034262
-0.03334
-0.04429
-0.071817
-0.10958
-0.14187
-0.15241
-0.13502
-0.09853
-0.062128
-0.043662
-0.048708
-0.067641
-0.082443
-0.078415
-0.053056
-0.016867
0.013547
0.025146
0.015168
-0.0083043
-0.031564
-0.043202
-0.040574
-0.03136
-0.029079
-0.044724
-0.079162
-0.12099
-0.15163
-0.1551
-0.12699
-0.077253
-0.025128
0.01087
0.022198
0.013398
-0.0026218
-0.013992
-0.017622
-0.019819
-0.029379
-0.048714
-0.070449
-0.08259
-0.078148
-0.061142
-0.043981
-0.038455
-0.047675
-0.06498
-0.079732
-0.084669
-0.079258
-0.067756
-0.055105
-0.044547
-0.037967
-0.036905
-0.041983
-0.051049
-0.058556
-0.057977
-0.046219
-0.026733
-0.0086803
-0.0022459
-0.01287
-0.037684
-0.066069
-0.084181
-0.081624
-0.057297
-0.021219
0.0095166
0.019347
0.0028188
-0.032234
-0.06922
-0.092174
-0.093823
-0.077451
-0.052514
-0.028271
-0.010106
2.4361e-05
0.0011528
-0.0079899
-0.027807
-0.055485
-0.083965
-0.10388
-0.1079
-0.094893
-0.071154
-0.047558
-0.034163
-0.03518
-0.046909
-0.05962
-0.06266
-0.050596
-0.027279
-0.0049944
0.001844
-0.014679
-0.050438
-0.090761
-0.11831
-0.12235
-0.10392
-0.074099
-0.047138
-0.032632
-0.031086
-0.03511
-0.035215
-0.02654
-0.012377
-0.0024774
-0.0073677
-0.032056
-0.072386
-0.11572
-0.14572
-0.14955
-0.12431
-0.079404
-0.032734
-0.0021569
0.0031205
-0.013808
-0.040708
-0.063584
-0.073343
-0.068191
-0.051852
-0.030291
-0.0094321
0.0058555
0.012616
0.010839
0.0034909
-0.0054644
-0.013925
-0.022726
-0.033538
-0.045487
-0.054125
-0.054545
-0.046393
-0.036154
-0.033767
-0.045197
-0.066496
-0.084672
-0.085924
-0.065864
-0.034076
-0.0090565
-0.0066335
-0.029874
-0.067263
-0.099907
-0.11244
-0.10068
-0.072358
-0.041819
-0.022684
-0.022099
-0.038652
-0.064048
-0.0872
-0.098715
-0.09409
-0.07497
-0.048745
-0.026889
-0.022063
-0.043898
-0.094206
-0.16378
-0.23344
-0.28037
-0.28768
-0.25194
-0.18436
-0.10455
-0.031318
0.023982
0.058884
0.077509
0.087561
0.09796
0.11651
0.14706
0.1871
0.22794
0.25826
0.26964
0.25983
0.2311
0.18534
0.1212
0.037704
-0.057767
-0.1453
-0.19924
-0.20372
-0.16534
-0.11082
-0.069386
-0.053843
-0.056705
-0.065582
-0.083477
-0.13308
-0.23681
-0.3871
-0.53418
-0.60767
-0.56092
-0.40614
-0.21184
-0.06169
-0.0030733
-0.021025
-0.054292
-0.039825
0.045729
0.17352
0.28352
0.32271
0.27672
0.17756
0.084901
0.052209
0.09625
0.18689
0.26346
0.26871
0.18038
0.021459
-0.15551
-0.29815
-0.37814
-0.39638
-0.37094
-0.3203
-0.25434
-0.17646
-0.091449
-0.010465
0.051552
0.083897
0.087125
0.073096
0.057266
0.048641
0.045109
0.037786
0.020702
-0.0023292
-0.019517
-0.020402
-0.0054279
0.011849
0.012289
-0.016118
-0.068617
-0.12369
-0.15356
-0.13974
-0.084635
-0.011653
0.047774
0.073518
0.070405
0.066199
0.0934
0.16524
0.261
0.33155
0.32496
0.21967
0.045272
-0.12613
-0.21819
-0.19722
-0.096282
0.0024213
0.016561
-0.088545
-0.28378
-0.49746
-0.6545
-0.70745
-0.64583
-0.48873
-0.27304
-0.044578
0.15009
0.27579
0.32291
0.31359
0.2906
0.29083
0.31923
0.34267
0.31109
0.19316
0.00087686
-0.21524
-0.39732
-0.51414
-0.57336
-0.60497
-0.63167
-0.65058
-0.63949
-0.5799
-0.47566
-0.35161
-0.23456
-0.13404
-0.039293
0.065927
0.18398
0.29536
0.36745
0.3721
0.30023
0.16739
0.011364
-0.11667
-0.16936
-0.12796
-0.02218
0.07394
0.078363
-0.048403
-0.27351
-0.50684
-0.65213
-0.65837
-0.53816
-0.34741
-0.14794
0.020195
0.1455
0.23695
0.31225
0.38737
0.4667
0.5354
0.56115
0.51069
0.37516
0.1857
0.0028399
-0.11784
-0.16018
-0.15524
-0.15508
-0.19286
-0.26041
-0.32039
-0.34082
-0.3216
-0.29022
-0.27259
-0.26624
-0.24053
-0.16388
-0.034782
0.10913
0.21242
0.23897
0.19873
0.14481
0.14108
0.21974
0.35574
0.47595
0.49968
0.38626
0.15914
-0.10981
-0.34424
-0.50453
-0.59827
-0.65669
-0.6989
-0.71225
-0.66208
-0.52157
-0.29941
-0.045989
0.16683
0.28148
0.28572
0.22028
0.15621
0.15277
0.22009
0.31093
0.34951
0.28088
0.10796
-0.11046
-0.29997
-0.41881
-0.47732
-0.5152
-0.5586
-0.59444
-0.58203
-0.48945
-0.32336
-0.12987
0.031819
0.12276
0.14313
0.12669
0.11582
0.13345
0.17003
0.19509
0.18637
0.15464
0.14217
0.19058
0.29953
0.40995
0.43124
0.2987
0.020994
-0.31804
-0.6057
-0.7617
-0.7732
-0.68549
-0.56264
-0.44856
-0.35256
-0.26233
-0.16846
-0.078516
-0.0096039
0.032333
0.065395
0.12108
0.21505
0.32325
0.38727
0.35035
0.19897
-0.022427
-0.2362
-0.37671
-0.42293
-0.39818
-0.34429
-0.29311
-0.25419
-0.22076
-0.18329
-0.13931
-0.094488
-0.05743
-0.033577
-0.022263
-0.01812
-0.015262
-0.011282
-0.0083749
-0.010744
-0.020162
-0.033202
-0.042694
-0.042633
-0.032755
-0.019117
-0.010325
-0.012494
-0.026601
-0.049191
-0.074582
-0.096346
-0.10793
-0.10392
-0.082749
-0.0494
-0.015446
0.0049393
0.0015609
-0.02608
-0.067346
-0.1047
-0.12209
-0.11328
-0.085483
-0.055401
-0.039673
-0.045295
-0.066198
-0.087968
-0.097163
-0.088853
-0.068009
-0.045045
-0.029389
-0.025232
-0.031166
-0.042672
-0.055126
-0.065604
-0.073125
-0.078062
-0.081502
-0.084707
-0.088386
-0.091716
-0.091793
-0.084447
-0.066634
-0.039235
-0.0082561
0.016994
0.028189
0.022206
0.0025102
-0.023186
-0.047314
-0.066081
-0.080421
-0.094144
-0.11051
-0.12897
-0.14394
-0.14682
-0.13048
-0.093973
-0.044134
0.0069151
0.046901
0.068212
0.070008
0.057086
0.036586
0.014445
-0.0066977
-0.027249
-0.048464
-0.069835
-0.087943
-0.097846
-0.096421
-0.085475
-0.072043
-0.064859
-0.068741
-0.080721
-0.091173
-0.08991
-0.073514
-0.048664
-0.028633
-0.02484
-0.039185
-0.062594
-0.080949
-0.0843
-0.072966
-0.056455
-0.046296
-0.048044
-0.057951
-0.066326
-0.064914
-0.052903
-0.037214
-0.026962
-0.026432
-0.032159
-0.036421
-0.034235
-0.028063
-0.026404
-0.037673
-0.064608
-0.10344
-0.14733
-0.18956
-0.22344
-0.24049
-0.23169
-0.19368
-0.13556
-0.079279
-0.050342
-0.063473
-0.11298
-0.17529
-0.22264
-0.23854
-0.22437
-0.19329
-0.15795
-0.12306
-0.089284
-0.063727
-0.063905
-0.10645
-0.18642
-0.26622
-0.28993
-0.21795
-0.056434
0.14328
0.31682
0.42593
0.47528
0.49716
0.51871
0.5375
0.52197
0.43516
0.2648
0.04008
-0.1763
-0.31779
-0.34928
-0.28757
-0.19384
-0.14123
-0.1753
-0.28977
-0.4308
-0.52667
-0.52589
-0.42318
-0.25916
-0.094462
0.02628
0.09736
0.14605
0.20258
0.26972
0.31689
0.30426
0.21765
0.086326
-0.030952
-0.081014
-0.047572
0.041199
0.13049
0.16873
0.13263
0.036649
-0.075559
-0.15264
-0.16023
-0.097235
0.0041017
0.094487
0.13179
0.10084
0.018931
-0.07496
-0.14083
-0.1566
-0.12568
-0.071072
-0.021702
0.00059235
-0.012328
-0.055082
-0.11308
-0.16832
-0.20532
-0.21613
-0.20288
-0.17598
-0.14826
-0.12768
-0.11334
-0.097421
-0.071943
-0.035746
0.0032395
0.032084
0.040534
0.027304
0.001215
-0.023201
-0.033098
-0.024001
-0.0025686
0.016223
0.016734
-0.0083104
-0.052536
-0.098318
-0.12649
-0.12772
-0.10784
-0.082796
-0.066645
-0.061356
-0.056518
-0.039293
-0.0068677
0.028595
0.046736
0.032675
-0.012466
-0.071554
-0.12149
-0.14636
-0.14586
-0.1351
-0.13639
-0.16658
-0.22538
-0.29122
-0.32956
-0.31207
-0.23642
-0.13295
-0.05072
-0.029512
-0.074998
-0.15355
-0.21116
-0.20512
-0.12863
-0.01298
0.093187
0.15349
0.163
0.14581
0.13425
0.14443
0.16448
0.16292
0.11189
0.0096305
-0.11241
-0.20343
-0.22035
-0.15349
-0.036906
0.062913
0.076707
-0.031094
-0.23598
-0.45311
-0.57018
-0.50297
-0.24591
0.11512
0.44223
0.6184
0.60948
0.47475
0.3204
0.22965
0.21722
0.23477
0.21642
0.12819
-0.011903
-0.15138
-0.24095
-0.26424
-0.24173
-0.2105
-0.19673
-0.20005
-0.19912
-0.17311
-0.12254
-0.072927
-0.056406
-0.083924
-0.12995
-0.14446
-0.086152
0.046509
0.20913
0.33453
0.36943
0.30173
0.16419
0.015438
-0.088872
-0.11971
-0.083368
-0.013608
0.046975
0.066278
0.033328
-0.043307
-0.14509
-0.25282
-0.35
-0.42098
-0.44906
-0.4192
-0.325
-0.17569
0.0029578
0.17627
0.3145
0.40514
0.45531
0.48169
0.49555
0.49504
0.47116
0.4207
0.35278
0.28136
0.20963
0.12184
-0.0063143
-0.18246
-0.3761
-0.5216
-0.5506
-0.4363
-0.21829
0.013101
0.1658
0.1965
0.12887
0.02952
-0.038906
-0.054408
-0.039402
-0.03366
-0.059183
-0.10303
-0.12911
-0.10812
-0.041884
0.036019
0.083021
0.076023
0.024897
-0.037058
-0.076416
-0.078766
-0.05156
-0.012564
0.024087
0.05352
0.076121
0.090728
0.092294
0.075713
0.041636
-0.001333
-0.040373
-0.065386
-0.07393
-0.071033
-0.065211
-0.064363
-0.073615
-0.094288
-0.12267
-0.14935
-0.16155
-0.14916
-0.11127
-0.058478
-0.008146
0.024523
0.033879
0.025115
0.0093638
-0.0035151
-0.0097522
-0.011641
-0.013674
-0.018204
-0.023929
-0.028135
-0.030463
-0.034405
-0.044569
-0.061689
-0.080034
-0.090142
-0.085107
-0.065354
-0.038242
-0.013356
0.0024846
0.0072271
0.0024204
-0.0089216
-0.023411
-0.0372
-0.046189
-0.047692
-0.042758
-0.036756
-0.036603
-0.045989
-0.062231
-0.077606
-0.084556
-0.081062
-0.072221
-0.066758
-0.070688
-0.082458
-0.093176
-0.092303
-0.075215
-0.047252
-0.020908
-0.0077149
-0.010488
-0.021654
-0.029026
-0.02477
-0.010878
0.0028577
0.0066118
-0.002057
-0.016843
-0.028288
-0.031783
-0.03152
-0.037143
-0.055639
-0.084777
-0.11323
-0.12737
-0.12005
-0.095119
-0.064896
-0.042422
-0.033939
-0.036589
-0.042382
-0.044932
-0.043841
-0.043824
-0.049781
-0.061926
-0.074698
-0.080328
-0.074508
-0.060037
-0.045581
-0.04005
-0.046472
-0.059994
-0.071737
-0.075576
-0.072328
-0.06797
-0.067694
-0.071094
-0.072493
-0.065764
-0.049447
-0.028329
-0.01082
-0.004393
-0.012008
-0.031139
-0.055319
-0.076985
-0.090243
-0.092637
-0.085641
-0.073947
-0.063626
-0.059399
-0.062009
-0.067381
-0.068787
-0.061294
-0.045645
-0.028566
-0.018802
-0.021408
-0.034249
-0.049108
-0.056547
-0.05124
-0.0346
-0.013644
0.0026747
0.0075171
-0.0010752
-0.019519
-0.040357
-0.055843
-0.061994
-0.060946
-0.059923
-0.066996
-0.085884
-0.11281
-0.13748
-0.14797
-0.13713
-0.10709
-0.06899
-0.037679
-0.023973
-0.029114
-0.045247
-0.06169
-0.072313
-0.07824
-0.083946
-0.090551
-0.092704
-0.082459
-0.057273
-0.025179
-0.0018778
-0.00093948
-0.024327
-0.060832
-0.09386
-0.11234
-0.11608
-0.11185
-0.10479
-0.093205
-0.071671
-0.03929
-0.0052614
0.014104
0.0056314
-0.030743
-0.079974
-0.11983
-0.13359
-0.11905
-0.088255
-0.058585
-0.041595
-0.037176
-0.036425
-0.030451
-0.018288
-0.0080212
-0.01043
-0.02999
-0.060072
-0.086058
-0.094317
-0.08075
-0.053001
-0.025099
-0.0086279
-0.0066324
-0.013956
-0.022591
-0.027185
-0.026772
-0.022988
-0.018157
-0.015572
-0.020479
-0.038314
-0.069439
-0.10441
-0.12542
-0.11541
-0.069627
-0.0013061
0.063388
0.098419
0.09062
0.044391
-0.023211
-0.09181
-0.14454
-0.16964
-0.15994
-0.11445
-0.041879
0.038521
0.10289
0.13388
0.13046
0.10963
0.098082
0.11709
0.16775
0.2252
0.24745
0.19697
0.063701
-0.12577
-0.32076
-0.47345
-0.56252
-0.59814
-0.60751
-0.61334
-0.62049
-0.61724
-0.58686
-0.51947
-0.4178
-0.29591
-0.17361
-0.069274
0.0068571
0.056586
0.092698
0.13288
0.19135
0.27227
0.36729
0.45776
0.52036
0.53472
0.49127
0.39684
0.27443
0.15522
0.064977
0.011988
-0.015444
-0.039782
-0.079143
-0.13623
-0.19799
-0.24505
-0.26357
-0.25172
-0.21771
-0.17251
-0.12354
-0.073415
-0.023325
0.023205
0.059991
0.081914
0.089571
0.09073
0.096676
0.11524
0.14491
0.17396
0.18593
0.16828
0.1196
0.050922
-0.019496
-0.075269
-0.10968
-0.12801
-0.14302
-0.1663
-0.20037
-0.23643
-0.25922
-0.25605
-0.22443
-0.1734
-0.11783
-0.069801
-0.032807
-0.002307
0.028479
0.062223
0.094947
0.11828
0.12414
0.10842
0.071814
0.018415
-0.046173
-0.11549
-0.18173
-0.23544
-0.26685
-0.26884
-0.2399
-0.18522
-0.11528
-0.042414
0.022585
0.072573
0.10414
0.11648
0.11048
0.088721
0.055997
0.019171
-0.014448
-0.039453
-0.054016
-0.059982
-0.061541
-0.063258
-0.068156
-0.076406
-0.0852
-0.090119
-0.087569
-0.077002
-0.061525
-0.046389
-0.036305
-0.033263
-0.036128
-0.041879
-0.047386
-0.050658
-0.05126
-0.050165
-0.049313
-0.050917
-0.056666
-0.067045
-0.081004
-0.09599
-0.1083
-0.11374
-0.10868
-0.09139
-0.063426
-0.030262
-0.00041815
0.017366
0.018149
0.0037881
-0.017471
-0.035352
-0.043336
-0.041917
-0.037138
-0.035853
-0.041433
-0.052723
-0.066123
-0.078498
-0.088573
-0.096272
-0.10121
-0.102
-0.096964
-0.08538
-0.067893
-0.045672
-0.019507
0.0096493
0.038657
0.060714
0.066826
0.050509
0.012958
-0.035205
-0.077641
-0.099925
-0.09689
-0.075508
-0.051527
-0.041508
-0.05432
-0.08647
-0.12369
-0.1481
-0.14744
-0.12159
-0.082772
-0.0489
-0.033741
-0.039674
-0.057401
-0.072556
-0.074766
-0.063332
-0.046264
-0.033998
-0.03245
-0.040082
-0.050427
-0.057588
-0.060386
-0.062198
-0.066965
-0.074622
-0.079588
-0.073722
-0.051999
-0.017038
0.020876
0.04869
0.057396
0.046329
0.022359
-0.0049196
-0.028371
-0.045688
-0.058501
-0.070013
-0.083007
-0.098578
-0.11504
-0.12718
-0.12719
-0.10854
-0.071558
-0.027057
0.0061238
0.010467
-0.018627
-0.066897
-0.10655
-0.11118
-0.071484
-0.0015943
0.068163
0.10787
0.10432
0.068031
0.027104
0.010662
0.030724
0.073504
0.10719
0.10342
0.059377
0.005227
-0.011231
0.043863
0.16084
0.27996
0.31831
0.21958
-0.0037002
-0.26721
-0.46033
-0.51306
-0.43829
-0.31856
-0.24778
-0.27137
-0.36576
-0.46476
-0.50622
-0.46424
-0.35125
-0.19906
-0.038233
0.11115
0.23753
0.33276
0.39019
0.40608
0.38168
0.32507
0.25384
0.19608
0.18251
0.22602
0.29934
0.33321
0.24934
0.013764
-0.32788
-0.66482
-0.88058
-0.91706
-0.79986
-0.61218
-0.44121
-0.3344
-0.28865
-0.26918
-0.23851
-0.17698
-0.088012
0.007979
0.084322
0.11898
0.10401
0.05175
-0.0059629
-0.028486
0.014442
0.12331
0.26139
0.36741
0.38495
0.29287
0.11768
-0.080706
-0.241
-0.32984
-0.35099
-0.33164
-0.29859
-0.26201
-0.21638
-0.15426
-0.079766
-0.010537
0.032734
0.040272
0.019718
-0.0093469
-0.028241
-0.029905
-0.020555
-0.012508
-0.014618
-0.027332
-0.044726
-0.060317
-0.071475
-0.079598
-0.087136
-0.094612
-0.099902
-0.099718
-0.091728
-0.075899
-0.05472
-0.032534
-0.014269
-0.0039468
-0.0036348
-0.013349
-0.031507
-0.054954
-0.078396
-0.094638
-0.097182
-0.084518
-0.062834
-0.043902
-0.038401
-0.049031
-0.068656
-0.085154
-0.089467
-0.080902
-0.066068
-0.052972
-0.045317
-0.041127
-0.035872
-0.026771
-0.014862
-0.0038922
0.002219
0.0011721
-0.0073706
-0.022029
-0.039731
-0.055948
-0.066135
-0.068234
-0.064446
-0.060355
-0.06137
-0.068774
-0.078257
-0.08234
-0.075364
-0.057806
-0.036781
-0.022062
-0.020136
-0.030373
-0.045901
-0.05836
-0.063028
-0.060928
-0.056948
-0.055819
-0.05889
-0.063658
-0.065896
-0.062533
-0.053342
-0.040757
-0.028584
-0.020741
-0.0204
-0.029095
-0.045486
-0.06445
-0.077793
-0.077369
-0.059763
-0.030077
-0.0017966
0.0087617
-0.0084644
-0.049934
-0.098474
-0.13207
-0.13669
-0.11459
-0.082298
-0.059404
-0.056085
-0.067952
-0.081123
-0.083058
-0.071081
-0.053034
-0.04072
-0.041537
-0.054047
-0.069652
-0.078394
-0.074893
-0.061059
-0.044508
-0.033927
-0.034153
-0.043656
-0.055743
-0.062645
-0.060039
-0.049265
-0.035952
-0.026232
-0.023448
-0.027712
-0.038012
-0.05419
-0.076484
-0.10317
-0.12908
-0.14702
-0.15083
-0.13759
-0.10821
-0.06785
-0.02702
-0.0010978
-0.0050877
-0.044566
-0.10897
-0.17405
-0.21443
-0.21874
-0.19679
-0.17256
-0.16687
-0.18205
-0.2005
-0.20009
-0.17621
-0.15285
-0.17068
-0.25607
-0.39216
-0.51677
-0.55571
-0.47252
-0.29725
-0.108
0.024733
0.088198
0.12988
0.20914
0.33821
0.46319
0.50167
0.40654
0.20492
-0.016327
-0.16444
-0.19287
-0.11867
-0.0013247
0.095181
0.13153
0.10112
0.021906
-0.075902
-0.15824
-0.19355
-0.16233
-0.069512
0.049979
0.14109
0.15191
0.057469
-0.1283
-0.35587
-0.55544
-0.66082
-0.63825
-0.50965
-0.35075
-0.2492
-0.23351
-0.21787
-0.018336
0.54077
1.4823
2.5954
3.4987
3.8323
3.4635
2.5703
1.542
0.76357
0.42324
0.45588
0.63366
0.72461
0.61442
0.33142
-0.01555
-0.32825
-0.57673
-0.79481
-1.03
-1.2925
-1.5417
-1.714
-1.7648
-1.6922
-1.5295
-1.3205
-1.0998
-0.88767
-0.69595
-0.53363
-0.40642
-0.31375
-0.24868
-0.20153
-0.16327
-0.12596
-0.081956
-0.025915
0.040399
0.10508
0.1497
0.15901
0.13026
0.075048
0.011763
-0.045719
-0.094678
-0.14105
-0.19116
-0.24541
-0.29881
-0.34587
-0.38398
-0.41219
-0.42804
-0.42707
-0.40624
-0.36849
-0.32385
-0.28531
-0.26138
-0.25013
-0.23923
-0.21352
-0.16622
-0.10658
-0.05793
-0.045867
-0.083217
-0.16132
-0.25333
-0.32796
-0.36555
-0.36723
-0.35215
-0.34454
-0.35843
-0.38915
-0.41646
-0.4172
-0.37936
-0.30904
-0.22636
-0.15337
-0.10185
-0.068642
-0.040806
-0.0065869
0.036077
0.079287
0.11254
0.13109
0.13815
0.13955
0.13584
0.11964
0.081061
0.017444
-0.06071
-0.13284
-0.17878
-0.18943
-0.1706
-0.13856
-0.11095
-0.098861
-0.10331
-0.11643
-0.12615
-0.1223
-0.10207
-0.072042
-0.045601
-0.036559
-0.052072
-0.088403
-0.13201
-0.16611
-0.17977
-0.17434
-0.16286
-0.16197
-0.18156
-0.21925
-0.26331
-0.30133
-0.32751
-0.34327
-0.35193
-0.35295
-0.34103
-0.31063
-0.26208
-0.2041
-0.15054
-0.11313
-0.094697
-0.087301
-0.076645
-0.050546
-0.0065678
0.045874
0.090448
0.11299
0.10906
0.085337
0.054395
0.026976
0.0070325
-0.0076903
-0.020893
-0.032867
-0.039206
-0.033898
-0.014339
0.015743
0.048043
0.075225
0.096188
0.11668
0.14412
0.18017
0.21691
0.24027
0.23877
0.2115
0.16922
0.12756
0.097151
0.0774
0.058307
0.028521
-0.016207
-0.070051
-0.12116
-0.15925
-0.18115
-0.19058
-0.19287
-0.1891
-0.17467
-0.14377
-0.096244
-0.041229
0.0059767
0.031466
0.029276
0.0030012
-0.036977
