0.025757
-0.019014
-0.05311
-0.070715
-0.072345
-0.063052
-0.04908
-0.035449
-0.025376
-0.020746
-0.022378
-0.02974
-0.040704
-0.051976
-0.060138
-0.062676
-0.058529
-0.048217
-0.033787
-0.018523
-0.0062031
5.5838e-05
-0.0011948
-0.0093804
-0.022239
-0.0365
-0.048698
-0.056208
-0.058351
-0.056795
-0.054491
-0.053441
-0.053013
-0.050453
-0.043506
-0.033077
-0.023615
-0.020609
-0.026809
-0.039778
-0.052594
-0.057494
-0.050315
-0.033048
-0.013077
0.00017631
-0.00074304
-0.018365
-0.04911
-0.084086
-0.11195
-0.12327
-0.11479
-0.091261
-0.06351
-0.043385
-0.038237
-0.047982
-0.066347
-0.085311
-0.099614
-0.10822
-0.11209
-0.11065
-0.10076
-0.07971
-0.050042
-0.02136
-0.006313
-0.012599
-0.036912
-0.065866
-0.083745
-0.081734
-0.062474
-0.037542
-0.02036
-0.019226
-0.033956
-0.056922
-0.077131
-0.085343
-0.078266
-0.060149
-0.040728
-0.030102
-0.033225
-0.047421
-0.064602
-0.076638
-0.080184
-0.077904
-0.075599
-0.077478
-0.082862
-0.086678
-0.083427
-0.071701
-0.055674
-0.042228
-0.035843
-0.035315
-0.035113
-0.030584
-0.022987
-0.019999
-0.030396
-0.056232
-0.088513
-0.11059
-0.10806
-0.078669
-0.035281
0.00076127
0.011675
-0.0068729
-0.044106
-0.081287
-0.10288
-0.10494
-0.095942
-0.089838
-0.095624
-0.11001
-0.1185
-0.10504
-0.064499
-0.0087851
0.038493
0.056265
0.039325
0.0013023
-0.034725
-0.050976
-0.044736
-0.027237
-0.014005
-0.014378
-0.027072
-0.043246
-0.053435
-0.053225
-0.044738
-0.034317
-0.028768
-0.03234
-0.045316
-0.064155
-0.082877
-0.095366
-0.097946
-0.091139
-0.079496
-0.069262
-0.064932
-0.066771
-0.070984
-0.072491
-0.068356
-0.059407
-0.049036
-0.040366
-0.034107
-0.028707
-0.022418
-0.015372
-0.0098255
-0.008358
-0.011525
-0.016956
-0.020672
-0.019692
-0.014115
-0.0072696
-0.0038867
-0.0074297
-0.01824
-0.033598
-0.049563
-0.063299
-0.074312
-0.083839
-0.092934
-0.10079
-0.10466
-0.10168
-0.091303
-0.076512
-0.06257
-0.054062
-0.052234
-0.054523
-0.05651
-0.054849
-0.049245
-0.042395
-0.038209
-0.039575
-0.047069
-0.059218
-0.073813
-0.088973
-0.10304
-0.11366
-0.11737
-0.11085
-0.093339
-0.068467
-0.043607
-0.026678
-0.022074
-0.028312
-0.039063
-0.047062
-0.048429
-0.044489
-0.039795
-0.037862
-0.037949
-0.035636
-0.027059
-0.013707
-0.0038339
-0.0085856
-0.034579
-0.077584
-0.12193
-0.14713
-0.13868
-0.097143
-0.039651
0.0078743
0.024172
0.0040442
-0.0393
-0.082527
-0.10582
-0.10338
-0.08478
-0.067373
-0.065222
-0.0812
-0.1062
-0.12506
-0.12528
-0.10396
-0.069058
-0.034733
-0.013295
-0.0088182
-0.016245
-0.026108
-0.030947
-0.028613
-0.020826
-0.0095544
0.0046924
0.021096
0.035601
0.040613
0.028824
-0.0013033
-0.042876
-0.08337
-0.11119
-0.12128
-0.116
-0.10141
-0.082475
-0.061068
-0.037373
-0.012858
0.0079811
0.018452
0.012729
-0.010345
-0.044779
-0.078384
-0.097946
-0.096582
-0.078593
-0.057526
-0.04757
-0.053846
-0.068762
-0.077525
-0.069052
-0.044417
-0.016774
-0.002937
-0.012659
-0.042869
-0.0801
-0.10848
-0.11751
-0.10532
-0.077102
-0.041351
-0.0069509
0.018397
0.029234
0.023672
0.0042106
-0.023374
-0.052977
-0.080743
-0.10491
-0.12328
-0.13155
-0.12531
-0.10488
-0.078449
-0.059595
-0.059576
-0.0794
-0.10759
-0.12598
-0.12033
-0.089131
-0.044931
-0.0070328
0.0095891
0.0021617
-0.020027
-0.042914
-0.056469
-0.05904
-0.055318
-0.050953
-0.048645
-0.048068
-0.048223
-0.049194
-0.051752
-0.055763
-0.059308
-0.05939
-0.053603
-0.041651
-0.026186
-0.012817
-0.0089319
-0.020799
-0.049454
-0.087618
-0.12061
-0.13242
-0.11447
-0.071744
-0.021704
0.014124
0.021137
-0.0014721
-0.041775
-0.082698
-0.11101
-0.12253
-0.12136
-0.11494
-0.10858
-0.10308
-0.096204
-0.08621
-0.074219
-0.063751
-0.058091
-0.057703
-0.05955
-0.058685
-0.051099
-0.036238
-0.017818
-0.0023941
0.0036594
-0.0028356
-0.020374
-0.043349
-0.064179
-0.076053
-0.075506
-0.063984
-0.04757
-0.0345
-0.031338
-0.039775
-0.056018
-0.073178
-0.085174
-0.089676
-0.088416
-0.084996
-0.081967
-0.079221
-0.074671
-0.066529
-0.055341
-0.044086
-0.036143
-0.032704
-0.031925
-0.030809
-0.028488
-0.02796
-0.034273
-0.050091
-0.072113
-0.091608
-0.099258
-0.091115
-0.071549
-0.051049
-0.040108
-0.042932
-0.054906
-0.065547
-0.065236
-0.051444
-0.030366
-0.012787
-0.0070867
-0.014393
-0.029217
-0.044522
-0.056732
-0.066731
-0.076818
-0.08704
-0.094344
-0.094988
-0.087796
-0.075598
-0.063979
-0.05833
-0.060819
-0.068777
-0.075526
-0.073766
-0.060054
-0.037724
-0.016022
-0.005382
-0.011338
-0.030725
-0.052723
-0.064498
-0.058439
-0.036809
-0.010911
0.0050468
0.0019115
-0.019522
-0.049797
-0.077153
-0.094164
-0.099899
-0.096933
-0.087106
-0.070616
-0.049084
-0.028533
-0.017919
-0.023254
-0.042264
-0.06475
-0.079042
-0.079552
-0.069443
-0.056689
-0.047298
-0.041478
-0.035462
-0.026667
-0.017314
-0.01342
-0.020195
-0.03772
-0.060194
-0.079049
-0.087463
-0.083366
-0.069677
-0.052506
-0.038723
-0.033755
-0.03985
-0.055069
-0.073533
-0.087316
-0.089579
-0.077674
-0.054708
-0.028589
-0.0087332
-0.0018656
-0.009027
-0.025404
-0.042974
-0.054394
-0.056113
-0.049498
-0.039742
-0.033143
-0.033929
-0.0422
-0.054136
-0.064215
-0.067935
-0.063572
-0.052647
-0.039519
-0.030093
-0.029302
-0.038017
-0.051618
-0.062221
-0.063811
-0.056684
-0.047709
-0.045969
-0.056766
-0.077844
-0.099973
-0.11141
-0.1039
-0.077274
-0.040304
-0.0071506
0.009103
0.002494
-0.023427
-0.057948
-0.088567
-0.10621
-0.10795
-0.096796
-0.079807
-0.065516
-0.06102
-0.069044
-0.086148
-0.1038
-0.11265
-0.10797
-0.092653
-0.075489
-0.065491
-0.065804
-0.071256
-0.071457
-0.057883
-0.030549
0.00031422
0.019344
0.015211
-0.011835
-0.049081
-0.078005
-0.084447
-0.066131
-0.033322
-0.0028431
0.010648
0.0012561
-0.026609
-0.06162
-0.091274
-0.10684
-0.10563
-0.09055
-0.068216
-0.046542
-0.03241
-0.029547
-0.037215
-0.050613
-0.063288
-0.070587
-0.072155
-0.07176
-0.074431
-0.082633
-0.093869
-0.10134
-0.097612
-0.079536
-0.051227
-0.022806
-0.0050406
-0.0031856
-0.014199
-0.029189
-0.039189
-0.040272
-0.034905
-0.029227
-0.028465
-0.03348
-0.040503
-0.044051
-0.041038
-0.033208
-0.026086
-0.025117
-0.031886
-0.043353
-0.054658
-0.063078
-0.06972
-0.077548
-0.087636
-0.097216
-0.10149
-0.097751
-0.088245
-0.079236
-0.076749
-0.082086
-0.090369
-0.093349
-0.084912
-0.065842
-0.044488
-0.032277
-0.036407
-0.054467
-0.075084
-0.084828
-0.077104
-0.056854
-0.037488
-0.03194
-0.044014
-0.065983
-0.0838
-0.085941
-0.069974
-0.043268
-0.01847
-0.0070349
-0.014093
-0.036507
-0.064568
-0.086576
-0.094343
-0.086855
-0.070183
-0.053884
-0.046134
-0.050073
-0.062691
-0.076288
-0.081821
-0.073016
-0.049779
-0.019353
0.0058185
0.013352
-0.0027016
-0.037839
-0.078424
-0.10837
-0.11753
-0.10665
-0.085979
-0.068929
-0.06478
-0.074557
-0.091368
-0.1042
-0.1033
-0.085251
-0.055737
-0.027761
-0.014813
-0.02204
-0.041416
-0.055592
-0.049196
-0.020178
0.017179
0.040305
0.032237
-0.0078454
-0.064003
-0.1125
-0.1343
-0.12388
-0.090448
-0.051856
-0.025076
-0.017999
-0.026679
-0.039343
-0.044792
-0.039945
-0.031595
-0.031172
-0.046101
-0.07383
-0.10278
-0.11956
-0.11733
-0.09958
-0.077129
-0.060934
-0.056022
-0.060241
-0.067682
-0.073341
-0.07547
-0.074729
-0.072206
-0.068804
-0.066214
-0.067402
-0.074775
-0.086929
-0.097165
-0.096272
-0.078568
-0.046963
-0.012744
0.010485
0.014812
0.0023139
-0.01729
-0.033542
-0.04141
-0.042502
-0.041371
-0.040677
-0.03933
-0.034713
-0.026524
-0.018604
-0.017042
-0.025983
-0.044222
-0.064883
-0.07851
-0.077956
-0.062489
-0.038685
-0.017268
-0.0075137
-0.012625
-0.028865
-0.048597
-0.064809
-0.074185
-0.07737
-0.077073
-0.07565
-0.073708
-0.070445
-0.065353
-0.059915
-0.057696
-0.062298
-0.074388
-0.09003
-0.10176
-0.10189
-0.086243
-0.056307
-0.019097
0.015096
0.036217
0.03808
0.020896
-0.008454
-0.038952
-0.060191
-0.067234
-0.062885
-0.055747
-0.055018
-0.06512
-0.08333
-0.10167
-0.11174
-0.10962
-0.097923
-0.083828
-0.07431
-0.071768
-0.073009
-0.072173
-0.065292
-0.053151
-0.040533
-0.032699
-0.031918
-0.036603
-0.04342
-0.050287
-0.057575
-0.066554
-0.076676
-0.084366
-0.08473
-0.075163
-0.058166
-0.041118
-0.032797
-0.038625
-0.057307
-0.080695
-0.097131
-0.097089
-0.078643
-0.04964
-0.0244
-0.015869
-0.027594
-0.050908
-0.069869
-0.071333
-0.053583
-0.027453
-0.0088515
-0.0078224
-0.021895
-0.038388
-0.043765
-0.033135
-0.013161
0.0032866
0.0063851
-0.0043535
-0.021029
-0.034171
-0.039823
-0.041503
-0.046033
-0.057043
-0.071588
-0.082517
-0.084405
-0.077976
-0.069247
-0.064228
-0.063898
-0.063948
-0.059516
-0.050588
-0.043018
-0.04404
-0.056017
-0.073729
-0.087525
-0.08998
-0.081069
-0.068192
-0.061165
-0.065695
-0.079616
-0.094224
-0.099821
-0.091867
-0.073714
-0.054055
-0.040818
-0.035886
-0.034572
-0.030431
-0.021785
-0.014703
-0.019428
-0.042223
-0.078555
-0.11333
-0.1291
-0.11711
-0.083405
-0.045461
-0.021554
-0.020217
-0.036575
-0.057117
-0.068794
-0.066326
-0.053771
-0.040492
-0.034763
-0.039033
-0.049348
-0.058661
-0.061444
-0.056494
-0.046497
-0.035362
-0.025731
-0.018376
-0.01318
-0.010102
-0.0090273
-0.0090878
-0.0088733
-0.0078899
-0.007902
-0.012447
-0.02444
-0.043741
-0.06671
-0.088001
-0.10293
-0.10871
-0.10428
-0.089981
-0.06783
-0.042292
-0.020119
-0.0085027
-0.011902
-0.029244
-0.053443
-0.074101
-0.082344
-0.075264
-0.057584
-0.039628
-0.032422
-0.041977
-0.065352
-0.090865
-0.10337
-0.092752
-0.060955
-0.022688
0.0020068
-0.00044341
-0.0283
-0.064798
-0.087993
-0.084091
-0.055613
-0.019048
0.0061657
0.009568
-0.0055315
-0.026855
-0.042929
-0.050215
-0.053025
-0.057687
-0.066351
-0.07521
-0.07797
-0.071451
-0.058878
-0.048217
-0.046631
-0.055032
-0.066721
-0.071291
-0.061364
-0.037958
-0.011104
0.0049607
-0.00035885
-0.027483
-0.065526
-0.097789
-0.11093
-0.10222
-0.08029
-0.058954
-0.048489
-0.049972
-0.056049
-0.056954
-0.047426
-0.030096
-0.013575
-0.0068674
-0.013721
-0.030369
-0.04798
-0.058237
-0.058484
-0.053128
-0.050502
-0.057304
-0.074134
-0.094664
-0.10878
-0.10795
-0.090121
-0.061578
-0.034463
-0.020893
-0.026518
-0.04725
-0.071397
-0.086348
-0.085916
-0.073684
-0.059975
-0.054299
-0.058496
-0.065711
-0.066162
-0.055294
-0.037683
-0.023383
-0.019808
-0.026042
-0.034209
-0.036505
-0.031849
-0.026807
-0.030259
-0.046194
-0.07021
-0.092273
-0.10363
-0.10295
-0.097326
-0.096904
-0.10577
-0.11482
-0.10327
-0.052001
0.035412
0.11739
0.12141
-0.019304
-0.31268
-0.67104
-0.92505
-0.89798
-0.51013
0.14661
0.8193
1.2025
1.0977
0.53584
-0.21305
-0.76246
-0.80406
-0.26983
0.62788
1.4986
1.9607
1.8145
1.1209
0.15912
-0.70553
-1.1778
-1.146
-0.70931
-0.11511
0.36098
0.53559
0.38422
0.028345
-0.34262
-0.57011
-0.59702
-0.48045
-0.34733
-0.31962
-0.44884
-0.69275
-0.94433
-1.0936
-1.0853
-0.93896
-0.72419
-0.51048
-0.32586
-0.15057
0.052345
0.29179
0.52162
0.65418
0.61125
0.38271
0.053106
-0.22848
-0.32606
-0.19991
0.055397
0.24689
0.17958
-0.23603
-0.92365
-1.6619
-2.1776
-2.2656
-1.8772
-1.1373
-0.28551
0.42586
0.8285
0.88742
0.68873
0.38146
0.10689
-0.051876
-0.083435
-0.028431
0.055461
0.1237
0.15802
0.16251
0.15097
0.13601
0.12499
0.12166
0.1284
0.1455
0.16828
0.18609
0.18601
0.15979
0.10932
0.04655
-0.012257
-0.054424
-0.075866
-0.080691
-0.076604
-0.069771
-0.062378
-0.053748
-0.043488
-0.03409
-0.030872
-0.038698
-0.057178
-0.077744
-0.085655
-0.067025
-0.017053
0.055981
0.13397
0.19747
0.23402
0.24165
0.22726
0.20302
0.18367
0.18407
0.21413
0.27004
0.32666
0.34022
0.26751
0.096548
-0.12941
-0.3155
-0.35435
-0.18518
0.15922
0.54717
0.79262
0.73271
0.30686
-0.39512
-1.1403
-1.6254
-1.6
-0.99583
0.0034245
1.0065
1.5728
1.4189
0.56538
-0.66034
-1.7742
-2.3622
-2.2641
-1.6236
-0.78673
-0.116
0.17817
0.10628
-0.14905
-0.3543
-0.34637
-0.09735
0.29325
0.6578
0.83507
0.72995
0.3436
-0.22846
-0.82705
-1.2818
-1.4711
-1.3664
-1.0383
-0.61847
-0.23774
0.024795
0.15446
0.17806
0.13018
0.03426
-0.094672
-0.23871
-0.37366
-0.47787
-0.5429
-0.57369
-0.57697
-0.5496
-0.47951
-0.3597
-0.20155
-0.034164
0.10961
0.20721
0.24955
0.2359
0.17078
0.067237
-0.049416
-0.14602
-0.19486
-0.18729
-0.13744
-0.073079
-0.020257
0.0080162
0.013125
0.0040839
-0.01047
-0.025818
-0.039585
-0.048729
-0.049094
-0.038318
-0.019271
-0.00044396
0.0078909
-0.00058137
-0.024292
-0.054017
-0.07691
-0.082136
-0.065567
-0.031692
0.0079971
0.039513
0.051847
0.041017
0.010984
-0.028748
-0.067503
-0.097638
-0.11668
-0.12656
-0.1307
-0.13085
-0.12576
-0.11266
-0.09059
-0.062954
-0.037125
-0.021019
-0.018813
-0.028601
-0.043354
-0.054437
-0.055678
-0.046079
-0.030226
-0.016476
-0.013617
-0.02706
-0.055843
-0.091833
-0.12212
-0.13437
-0.12307
-0.09314
-0.057952
-0.031771
-0.021073
-0.020887
-0.019497
-0.0085342
0.0091935
0.020646
0.012139
-0.019496
-0.062865
-0.098476
-0.11111
-0.099162
-0.074709
-0.05487
-0.051117
-0.063443
-0.082231
-0.095293
-0.09492
-0.080877
-0.05862
-0.035051
-0.014967
-6.135e-05
0.0098854
0.015316
0.016174
0.012281
0.0039572
-0.0079023
-0.022222
-0.038038
-0.054409
-0.070215
-0.084207
-0.095221
-0.10214
-0.10352
-0.097365
-0.082051
-0.058187
-0.030336
-0.0067061
0.0038941
-0.0035145
-0.027003
-0.058196
-0.086186
-0.10247
-0.10394
-0.092807
-0.074527
-0.055922
-0.043945
-0.043962
-0.056789
-0.076186
-0.089982
-0.086026
-0.059973
-0.019428
0.019149
0.03927
0.033358
0.0061354
-0.029192
-0.058857
-0.075265
-0.078851
-0.075165
-0.070368
-0.06851
-0.071523
-0.080143
-0.093594
-0.10795
-0.11552
-0.10757
-0.079983
-0.038069
0.0040314
0.030277
0.031849
0.011859
-0.017908
-0.045632
-0.066821
-0.085198
-0.10729
-0.13545
-0.1645
-0.18385
-0.18329
-0.15854
-0.11377
-0.060072
-0.011254
0.021123
0.031442
0.021413
-0.0010495
-0.024961
-0.040535
-0.043434
-0.037307
-0.032642
-0.041165
-0.067965
-0.10636
-0.14
-0.15215
-0.13642
-0.10165
-0.0669
-0.049669
-0.055049
-0.073038
-0.085525
-0.078051
-0.048614
-0.0083737
0.02531
0.038616
0.028119
0.0015735
-0.027077
-0.04554
-0.049804
-0.046085
-0.046834
-0.062718
-0.095061
-0.13342
-0.16026
-0.16033
-0.12956
-0.077872
-0.024367
0.012515
0.02416
0.014945
-0.0023191
-0.015615
-0.021368
-0.025148
-0.035053
-0.05321
-0.072627
-0.082326
-0.076578
-0.060335
-0.046114
-0.044835
-0.05805
-0.077455
-0.091361
-0.092475
-0.081275
-0.063658
-0.046191
-0.033123
-0.026453
-0.027074
-0.034663
-0.046344
-0.056342
-0.058304
-0.049327
-0.032694
-0.016916
-0.011335
-0.020838
-0.042703
-0.067205
-0.081797
-0.077233
-0.052954
-0.018744
0.0091286
0.016153
-0.0022374
-0.037746
-0.073812
-0.094897
-0.094343
-0.07602
-0.049778
-0.024991
-0.0068778
0.0029625
0.0039433
-0.0050243
-0.024536
-0.052317
-0.081885
-0.10402
-0.11079
-0.099796
-0.07604
-0.049879
-0.032164
-0.029041
-0.039009
-0.053638
-0.061872
-0.056214
-0.037706
-0.016408
-0.0061585
-0.016208
-0.045071
-0.080891
-0.1082
-0.11656
-0.10567
-0.084216
-0.063781
-0.051897
-0.048246
-0.046101
-0.037874
-0.021199
-0.0016291
0.0097637
0.0024319
-0.027424
-0.073688
-0.12172
-0.15385
-0.15704
-0.12931
-0.081589
-0.033255
-0.0029091
0.00046878
-0.018994
-0.047702
-0.070515
-0.077844
-0.068258
-0.046626
-0.020493
0.0027878
0.017654
0.021498
0.015517
0.0041457
-0.0075932
-0.017317
-0.026238
-0.036634
-0.048084
-0.056353
-0.056655
-0.048819
-0.039494
-0.038501
-0.051215
-0.072759
-0.089315
-0.086878
-0.061718
-0.024767
0.0039694
0.0075497
-0.017441
-0.059032
-0.09728
-0.11547
-0.10811
-0.08189
-0.050846
-0.029197
-0.025615
-0.040633
-0.067434
-0.095014
-0.11227
-0.11171
-0.09209
-0.059775
-0.028307
-0.015436
-0.037156
-0.099977
-0.19486
-0.29707
-0.37418
-0.39961
-0.36473
-0.28224
-0.17845
-0.079642
-0.00093148
0.056589
0.10088
0.1406
0.17821
0.20751
0.21665
0.19568
0.14507
0.079901
0.024954
0.00058061
0.0067508
0.017643
-0.0044163
-0.079974
-0.18725
-0.26283
-0.23565
-0.076148
0.17445
0.42028
0.5646
0.56102
0.42141
0.17742
-0.16258
-0.61066
-1.1417
-1.6311
-1.8591
-1.6125
-0.83102
0.30312
1.4132
2.1024
2.1543
1.6351
0.84108
0.13165
-0.24711
-0.25308
-0.021484
0.24233
0.38007
0.34764
0.20981
0.080212
0.047501
0.12806
0.26578
0.37163
0.3755
0.25967
0.059
-0.16523
-0.35717
-0.48507
-0.54143
-0.53235
-0.46812
-0.36136
-0.22999
-0.098379
0.0079914
0.07235
0.094356
0.089242
0.077589
0.072098
0.070723
0.061343
0.034543
-0.0052656
-0.039233
-0.045513
-0.015822
0.033782
0.06614
0.040966
-0.060134
-0.21465
-0.35876
-0.41079
-0.31119
-0.059586
0.27467
0.58029
0.75945
0.77801
0.67588
0.52571
0.36634
0.16322
-0.16195
-0.63849
-1.1548
-1.4517
-1.2407
-0.39372
0.91701
2.2441
3.0636
3.0397
2.1941
0.88491
-0.38293
-1.1937
-1.3786
-1.0345
-0.42583
0.15784
0.5185
0.60174
0.48148
0.2987
0.18546
0.20418
0.32525
0.45077
0.47208
0.33113
0.052167
-0.2732
-0.53652
-0.66625
-0.65258
-0.53284
-0.3539
-0.14166
0.10115
0.37108
0.63717
0.83702
0.90345
0.80466
0.56913
0.27588
0.014247
-0.16333
-0.26814
-0.36567
-0.53273
-0.80195
-1.1244
-1.3775
-1.4233
-1.1905
-0.73264
-0.21794
0.14792
0.22509
0.0067024
-0.38731
-0.77966
-1.0221
-1.0504
-0.88859
-0.61494
-0.31831
-0.06546
0.11336
0.22273
0.28865
0.33898
0.38618
0.42212
0.42847
0.39372
0.32075
0.21545
0.066558
-0.15921
-0.49095
-0.9079
-1.3105
-1.5417
-1.4587
-1.017
-0.31058
0.45908
1.0699
1.3699
1.3241
1.0054
0.54813
0.097405
-0.22672
-0.35082
-0.26304
-0.021507
0.25526
0.42629
0.38773
0.12614
-0.26805
-0.64228
-0.86089
-0.87815
-0.76216
-0.65402
-0.68473
-0.89806
-1.2239
-1.5157
-1.628
-1.4897
-1.137
-0.69311
-0.30954
-0.098039
-0.08315
-0.19526
-0.30758
-0.30157
-0.13149
0.14426
0.38363
0.42711
0.17783
-0.34504
-1.0068
-1.6098
-1.9705
-1.985
-1.659
-1.0947
-0.44738
0.1317
0.54151
0.75151
0.79174
0.72359
0.60907
0.49142
0.38931
0.29946
0.20334
0.077501
-0.092083
-0.29581
-0.49356
-0.6212
-0.61055
-0.41734
-0.048551
0.42197
0.8608
1.1119
1.0564
0.67059
0.050396
-0.6175
-1.128
-1.3395
-1.2258
-0.87729
-0.45448
-0.11642
0.045071
0.038199
-0.044041
-0.081446
0.0014799
0.18843
0.37738
0.43778
0.28517
-0.071035
-0.53172
-0.95555
-1.2189
-1.2584
-1.0838
-0.76417
-0.39842
-0.081298
0.12501
0.20472
0.18416
0.11318
0.041712
0.0019429
0.0017481
0.029019
0.062151
0.081316
0.076632
0.051152
0.01806
-0.0066889
-0.012849
-0.00091821
0.019082
0.033914
0.034109
0.017454
-0.011899
-0.046345
-0.077139
-0.095711
-0.095414
-0.074485
-0.038732
-0.0013045
0.021761
0.01871
-0.011641
-0.058116
-0.10149
-0.12345
-0.11587
-0.085283
-0.049428
-0.027303
-0.028645
-0.049308
-0.075162
-0.091304
-0.09031
-0.074778
-0.053915
-0.03756
-0.031562
-0.036443
-0.048803
-0.063741
-0.076841
-0.085259
-0.088157
-0.086726
-0.08366
-0.08182
-0.082349
-0.083296
-0.080033
-0.067806
-0.04519
-0.016198
0.010754
0.026784
0.027012
0.012702
-0.010141
-0.034484
-0.055775
-0.073374
-0.089515
-0.10659
-0.12418
-0.13762
-0.13939
-0.12307
-0.087736
-0.039635
0.0098746
0.049088
0.070578
0.073384
0.062063
0.043495
0.023268
0.0034974
-0.016855
-0.039484
-0.063764
-0.085473
-0.098472
-0.098676
-0.087751
-0.073568
-0.066224
-0.071633
-0.086957
-0.10155
-0.10351
-0.087843
-0.060507
-0.03529
-0.025166
-0.034056
-0.054656
-0.073719
-0.080911
-0.074943
-0.063005
-0.054485
-0.053953
-0.058494
-0.060975
-0.056437
-0.046473
-0.037935
-0.03674
-0.041777
-0.044527
-0.03579
-0.014974
0.0056291
0.0061954
-0.028063
-0.0954
-0.17539
-0.23834
-0.2611
-0.24038
-0.1968
-0.16719
-0.18683
-0.26725
-0.37978
-0.4569
-0.41871
-0.21773
0.12004
0.48686
0.73383
0.74769
0.52116
0.16701
-0.14588
-0.30375
-0.33324
-0.39109
-0.647
-1.1283
-1.6383
-1.8247
-1.3776
-0.23947
1.3111
2.7647
3.6204
3.6218
2.8589
1.692
0.55766
-0.22942
-0.57687
-0.58948
-0.45945
-0.34884
-0.3256
-0.37024
-0.42717
-0.45754
-0.46201
-0.46809
-0.49987
-0.55372
-0.59516
-0.57663
-0.46403
-0.25638
0.011692
0.28353
0.49932
0.60903
0.57791
0.39293
0.076434
-0.3006
-0.62449
-0.77609
-0.68737
-0.38367
0.020412
0.37421
0.56191
0.54785
0.37283
0.11323
-0.16284
-0.41349
-0.61195
-0.72755
-0.72358
-0.57858
-0.31416
-0.0031188
0.25486
0.37827
0.3419
0.18538
-0.011067
-0.16741
-0.23839
-0.22636
-0.17013
-0.11912
-0.10738
-0.13983
-0.19546
-0.24325
-0.26042
-0.24286
-0.20315
-0.15947
-0.12383
-0.097031
-0.072376
-0.043894
-0.012484
0.014181
0.027127
0.022555
0.0049385
-0.014909
-0.025464
-0.020823
-0.0045107
0.011552
0.013108
-0.0080272
-0.048039
-0.091957
-0.1217
-0.12664
-0.10948
-0.083256
-0.061604
-0.049993
-0.04437
-0.037529
-0.026883
-0.016587
-0.012723
-0.017272
-0.028145
-0.046556
-0.084648
-0.16371
-0.29996
-0.48589
-0.68115
-0.82211
-0.84778
-0.72881
-0.48509
-0.18303
0.087057
0.24558
0.25706
0.14764
-0.0042805
-0.10402
-0.089465
0.031913
0.18065
0.24515
0.14734
-0.10054
-0.38413
-0.53468
-0.41863
-0.023483
0.5103
0.93852
1.028
0.68106
0.001195
-0.74388
-1.2493
-1.3262
-0.99807
-0.48554
-0.085208
-0.0058452
-0.24728
-0.58729
-0.68902
-0.28112
0.6789
1.9475
3.0849
3.653
3.4202
2.4632
1.1181
-0.18327
-1.0989
-1.492
-1.4353
-1.1285
-0.78573
-0.55167
-0.47331
-0.5196
-0.62258
-0.71466
-0.74994
-0.71079
-0.60637
-0.46775
-0.33861
-0.25874
-0.24264
-0.26504
-0.26798
-0.194
-0.029264
0.17242
0.30732
0.27829
0.061522
-0.25522
-0.49006
-0.44084
0.013458
0.83174
1.796
2.5802
2.8756
2.5145
1.5313
0.14162
-1.3345
-2.5592
-3.2443
-3.2045
-2.4073
-1.0128
0.63115
2.0705
2.8938
2.8883
2.1262
0.93063
-0.26232
-1.0819
-1.3561
-1.1445
-0.66957
-0.19372
0.092609
0.12376
-0.054696
-0.33975
-0.62682
-0.84141
-0.94406
-0.92304
-0.79011
-0.58114
-0.35117
-0.15529
-0.022386
0.057846
0.11955
0.1841
0.23044
0.20068
0.045078
-0.22134
-0.4948
-0.62077
-0.48225
-0.085868
0.41594
0.79183
0.85285
0.55424
0.016199
-0.54258
-0.91034
-0.96397
-0.69415
-0.18353
0.43174
0.99689
1.3699
1.4558
1.2386
0.79231
0.2574
-0.21338
-0.51313
-0.61453
-0.5645
-0.44789
-0.34342
-0.29449
-0.30422
-0.34906
-0.39784
-0.42584
-0.42098
-0.38398
-0.32538
-0.26047
-0.20297
-0.15975
-0.12917
-0.10422
-0.078459
-0.050767
-0.026077
-0.01174
-0.012152
-0.025261
-0.043419
-0.058165
-0.06566
-0.068642
-0.073128
-0.082355
-0.093065
-0.097395
-0.088782
-0.066874
-0.03772
-0.0098273
0.010227
0.019638
0.018548
0.0085632
-0.0077204
-0.026285
-0.041926
-0.050271
-0.050626
-0.047113
-0.046298
-0.052527
-0.064517
-0.076157
-0.081087
-0.077636
-0.070347
-0.066827
-0.071986
-0.083679
-0.093126
-0.090394
-0.071521
-0.042165
-0.014719
-0.00044889
-0.0021394
-0.012626
-0.020377
-0.01796
-0.0070835
0.0034649
0.0051016
-0.003859
-0.017351
-0.02711
-0.030063
-0.031452
-0.040882
-0.064165
-0.097278
-0.12724
-0.13963
-0.12754
-0.096012
-0.058987
-0.031011
-0.019299
-0.021292
-0.028715
-0.034571
-0.037768
-0.042389
-0.052783
-0.068617
-0.083789
-0.090096
-0.083128
-0.066096
-0.048552
-0.040461
-0.045596
-0.059146
-0.071517
-0.075463
-0.070887
-0.063607
-0.0596
-0.0599
-0.060289
-0.055456
-0.043737
-0.028759
-0.01726
-0.015125
-0.024311
-0.042109
-0.06262
-0.079324
-0.087493
-0.085678
-0.076024
-0.063484
-0.053956
-0.051591
-0.056305
-0.063194
-0.065041
-0.057005
-0.040498
-0.023161
-0.014419
-0.019394
-0.035392
-0.053388
-0.063394
-0.060097
-0.045357
-0.026611
-0.012754
-0.0099778
-0.019332
-0.036616
-0.054456
-0.0659
-0.068077
-0.064
-0.061143
-0.067194
-0.085207
-0.11096
-0.1343
-0.144
-0.13383
-0.10641
-0.072533
-0.045793
-0.03524
-0.040591
-0.053435
-0.063868
-0.067657
-0.068209
-0.071759
-0.079998
-0.086865
-0.082848
-0.063673
-0.036032
-0.0149
-0.013656
-0.034427
-0.066422
-0.093724
-0.10621
-0.10479
-0.097224
-0.089182
-0.078947
-0.060575
-0.032425
-0.0029989
0.011959
-0.00025785
-0.039264
-0.089628
-0.12896
-0.14082
-0.12376
-0.090826
-0.060223
-0.043739
-0.04077
-0.041471
-0.036105
-0.023442
-0.011997
-0.013328
-0.032494
-0.062873
-0.089356
-0.09779
-0.084053
-0.056488
-0.030221
-0.017556
-0.021029
-0.033337
-0.04317
-0.042211
-0.02894
-0.0084997
0.0092918
0.012316
-0.0099501
-0.0596
-0.12291
-0.1691
-0.16113
-0.076399
0.074003
0.24178
0.35981
0.37453
0.27387
0.093678
-0.10102
-0.24808
-0.31411
-0.30132
-0.23612
-0.1509
-0.070362
-0.0070101
0.036466
0.062599
0.075784
0.081671
0.088611
0.10825
0.15184
0.2219
0.30357
0.36289
0.35618
0.24851
0.03455
-0.24675
-0.51271
-0.65998
-0.60983
-0.35879
-0.0031647
0.29147
0.37469
0.20607
-0.10525
-0.35664
-0.37991
-0.15963
0.14322
0.28673
0.10433
-0.38018
-0.95349
-1.3271
-1.2917
-0.82071
-0.072926
0.69345
1.2387
1.4328
1.2863
0.92028
0.49889
0.15855
-0.035668
-0.093447
-0.0703
-0.028233
-0.0074523
-0.018637
-0.051586
-0.088991
-0.11606
-0.12357
-0.10751
-0.069019
-0.015299
0.040884
0.085197
0.10837
0.11156
0.10643
0.10885
0.12955
0.16684
0.20626
0.2274
0.21453
0.16502
0.090931
0.01304
-0.049472
-0.088061
-0.10781
-0.12285
-0.1469
-0.1843
-0.22681
-0.25825
-0.26388
-0.23889
-0.19067
-0.13366
-0.08081
-0.037302
-0.00048115
0.035016
0.071263
0.10448
0.12697
0.13139
0.11416
0.076203
0.02169
-0.043706
-0.1134
-0.17949
-0.23262
-0.26341
-0.26528
-0.23713
-0.18423
-0.11652
-0.045472
0.018997
0.070186
0.10445
0.12014
0.11699
0.096539
0.06309
0.023703
-0.013434
-0.041666
-0.058019
-0.063757
-0.063309
-0.062191
-0.064658
-0.071859
-0.08133
-0.088308
-0.088426
-0.080316
-0.066499
-0.051942
-0.041256
-0.036405
-0.036305
-0.038239
-0.039792
-0.040052
-0.039691
-0.040307
-0.043582
-0.050584
-0.061386
-0.075062
-0.08992
-0.10373
-0.11377
-0.11698
-0.11041
-0.092358
-0.063849
-0.029687
0.0019417
0.022003
0.024663
0.01069
-0.012398
-0.03423
-0.047282
-0.050468
-0.048262
-0.046537
-0.048607
-0.054215
-0.061374
-0.068826
-0.076893
-0.086292
-0.096319
-0.10422
-0.10636
-0.10012
-0.084931
-0.061723
-0.032007
0.001945
0.035557
0.060894
0.068382
0.051542
0.012054
-0.038668
-0.083349
-0.10666
-0.10278
-0.078482
-0.049987
-0.034908
-0.043465
-0.073323
-0.11074
-0.13757
-0.14063
-0.11874
-0.083294
-0.051909
-0.038541
-0.045936
-0.065002
-0.08126
-0.084
-0.072248
-0.054074
-0.04036
-0.037644
-0.044818
-0.05537
-0.062877
-0.065436
-0.065947
-0.068438
-0.073467
-0.076262
-0.069216
-0.047308
-0.012735
0.024701
0.052171
0.060577
0.049054
0.024418
-0.0035856
-0.027597
-0.045232
-0.058269
-0.070191
-0.084
-0.1008
-0.11863
-0.13176
-0.13172
-0.11129
-0.070537
-0.020818
0.017488
0.024672
-0.0057093
-0.059656
-0.10737
-0.11875
-0.080968
-0.0071889
0.069313
0.11257
0.10327
0.049681
-0.016335
-0.05694
-0.050852
-0.0071412
0.040044
0.054768
0.026318
-0.019247
-0.033722
0.018969
0.13041
0.2414
0.27207
0.17441
-0.027475
-0.24234
-0.36653
-0.35407
-0.24994
-0.15673
-0.155
-0.23562
-0.29626
-0.20779
0.094718
0.55913
1.0373
1.365
1.4469
1.2922
0.98459
0.6163
0.23962
-0.13321
-0.49162
-0.7913
-0.95872
-0.93939
-0.75749
-0.53916
-0.46918
-0.69233
-1.214
-1.8679
-2.3844
-2.5306
-2.2365
-1.631
-0.96624
-0.48158
-0.29123
-0.35371
-0.52517
-0.65111
-0.64046
-0.49024
-0.26356
-0.045679
0.095545
0.13153
0.076417
-0.022508
-0.10274
-0.10993
-0.02181
0.13621
0.29497
0.3694
0.30103
0.092854
-0.18597
-0.43224
-0.56047
-0.54383
-0.42034
-0.26347
-0.13828
-0.070866
-0.046961
-0.034473
-0.010654
0.024582
0.054743
0.063547
0.048313
0.021086
-0.0010219
-0.0075731
-8.5763e-05
0.011469
0.016662
0.010637
-0.0051823
-0.02628
-0.048389
-0.068571
-0.084486
-0.093753
-0.094521
-0.08664
-0.07211
-0.054272
-0.036464
-0.021131
-0.009727
-0.003102
-0.0020629
-0.0077821
-0.021486
-0.042928
-0.068338
-0.089973
-0.099077
-0.091337
-0.070916
-0.049199
-0.038154
-0.042733
-0.057997
-0.073143
-0.079263
-0.074869
-0.065302
-0.057281
-0.053485
-0.05132
-0.046087
-0.035281
-0.02052
-0.0062329
0.0031138
0.0049372
-0.0011399
-0.013679
-0.029635
-0.044708
-0.054765
-0.058168
-0.057263
-0.057242
-0.062508
-0.072906
-0.082758
-0.083895
-0.07113
-0.046611
-0.019804
-0.0025869
-0.0024292
-0.018148
-0.041068
-0.060585
-0.070193
-0.070135
-0.065526
-0.061919
-0.061623
-0.063009
-0.062648
-0.058239
-0.050134
-0.04081
-0.033279
-0.029884
-0.031969
-0.039781
-0.051888
-0.064407
-0.071244
-0.066327
-0.047472
-0.019754
0.004468
0.010512
-0.010258
-0.053581
-0.10238
-0.13527
-0.13885
-0.11569
-0.082138
-0.057457
-0.051753
-0.061131
-0.072724
-0.075099
-0.066173
-0.053452
-0.047467
-0.053883
-0.069756
-0.085764
-0.092167
-0.084449
-0.065531
-0.04377
-0.028257
-0.024159
-0.030611
-0.042078
-0.052053
-0.056638
-0.055734
-0.05133
-0.044742
-0.035711
-0.024761
-0.016799
-0.021733
-0.049431
-0.10121
-0.16401
-0.21282
-0.22158
-0.17774
-0.093184
-0.0054843
0.033916
-0.016382
-0.16013
-0.34773
-0.48795
-0.48991
-0.31739
-0.022757
0.26713
0.41355
0.34344
0.091815
-0.22305
-0.47867
-0.62748
-0.71756
-0.83771
-1.028
-1.2274
-1.3058
-1.1609
-0.80717
-0.38261
-0.060208
0.07185
0.069281
0.083047
0.23917
0.5381
0.84823
0.99663
0.88959
0.57888
0.23254
0.034969
0.081946
0.32919
0.61526
0.73973
0.55768
0.05126
-0.6485
-1.2998
-1.6389
-1.4911
-0.85982
0.050289
0.89992
1.3504
1.2087
0.51232
-0.48284
-1.4033
-1.9008
-1.7869
-1.1158
-0.18418
0.57215
0.77115
0.29666
-0.58448
-1.3016
-1.2597
-0.18903
1.6473
3.5396
4.6944
4.6694
3.6178
2.1948
1.1837
1.0702
1.8059
2.8744
3.5942
3.4719
2.4228
0.76908
-0.9446
-2.1981
-2.6816
-2.3576
-1.4129
-0.15685
1.0814
2.033
2.5422
2.5847
2.2419
1.6385
0.87737
0.01723
-0.89277
-1.7549
-2.4002
-2.6374
-2.353
-1.5976
-0.5979
0.32309
0.87519
0.91322
0.47857
-0.23997
-0.99584
-1.5776
-1.8674
-1.8531
-1.6013
-1.2127
-0.78014
-0.36526
0.0029502
0.31272
0.55234
0.70386
0.75009
0.68713
0.53131
0.31505
0.07491
-0.16006
-0.37253
-0.55246
-0.68925
-0.76828
-0.77658
-0.71438
-0.60383
-0.486
-0.40514
-0.38829
-0.43262
-0.50876
-0.57824
-0.61463
-0.61589
-0.60109
-0.59434
-0.60618
-0.62435
-0.61981
-0.56438
-0.44926
-0.29318
-0.1353
-0.016905
0.037169
0.027173
-0.027005
-0.10039
-0.17645
-0.25121
-0.32688
-0.4019
-0.46581
-0.50282
-0.50046
-0.45571
-0.37413
-0.26406
-0.13179
0.017699
0.17579
0.32638
0.44769
0.51926
0.52967
0.48051
0.38526
0.26485
0.1418
0.034413
-0.047877
-0.10627
-0.1501
-0.19051
-0.23287
-0.27183
-0.29258
-0.27885
-0.22459
-0.1423
-0.061662
-0.01718
-0.031137
-0.10197
-0.20531
-0.30664
-0.37724
-0.40423
-0.39067
-0.34869
-0.29155
-0.22937
-0.16916
-0.11713
-0.080442
-0.066575
-0.080586
-0.12191
-0.18298
-0.25095
-0.31196
-0.35553
-0.37676
-0.37542
-0.35345
-0.31293
-0.25598
-0.18541
-0.10503
-0.018488
0.072093
0.16626
0.26324
0.3588
0.44309
0.50213
0.52333
0.50264
0.44884
0.38124
0.321
0.2809
0.2601
0.2476
0.232
0.21067
0.19182
0.18813
0.20665
0.24228
0.27932
0.2999
0.29368
0.26247
0.21765
0.17292
0.13752
0.11399
0.10076
0.096472
0.10182
0.11735
0.13957
0.15955
0.16632
0.1525
0.11778
0.067742
0.010191
