0.00015786
0.0019689
0.0024685
0.0013515
-0.00041176
-0.0013129
-0.00048971
0.0015632
0.0033407
0.0034736
0.0017497
-0.00079058
-0.0026761
-0.0030045
-0.0018773
-0.00013428
0.0012276
0.001544
0.00073768
-0.00067394
-0.0018489
-0.0021124
-0.0013956
-0.000279
0.00043188
0.00029097
-0.00047654
-0.0011392
-0.00096222
0.00029108
0.002166
0.0037529
0.0042292
0.0033882
0.0018028
0.0004762
0.00018734
0.00099019
0.0022307
0.0030509
0.0029847
0.0022156
0.0013633
0.0010173
0.0013672
0.0021361
0.0027829
0.0028188
0.00209
0.00089755
-0.00016015
-0.00059472
-0.00041528
-0.00014834
-0.00041264
-0.0013765
-0.0025608
-0.0031719
-0.0027086
-0.0013631
9.3734e-05
0.00085134
0.00060758
-0.00028117
-0.0011318
-0.0014553
-0.0012481
-0.00085674
-0.0005923
-0.00045631
-0.00019253
0.00043222
0.0013866
0.0023593
0.0029517
0.0029245
0.00234
0.0015186
0.00083746
0.00049579
0.00040754
0.00030905
3.6551e-07
-0.00048152
-0.00090418
-0.0010431
-0.00084615
-0.00041535
0.00013336
0.00074702
0.0013541
0.0017467
0.0016349
0.0009112
-0.00010824
-0.00076154
-0.00048331
0.00070316
0.0020769
0.002659
0.0019154
0.00018304
-0.0015271
-0.0022169
-0.0015628
-7.7044e-05
0.0013115
0.0019106
0.0016774
0.0011305
0.00088183
0.00116
0.0016712
0.001874
0.0014442
0.00056748
-0.00017135
-0.00022827
0.00047347
0.0014724
0.0021139
0.0020326
0.0013785
0.00061593
9.2601e-05
-0.00022125
-0.00058991
-0.0011275
-0.0015836
-0.001547
-0.00087435
0.00010448
0.00084026
0.0010264
0.00079637
0.00047071
0.00015843
-0.00033268
-0.001176
-0.0021649
-0.0027406
-0.0024224
-0.0012264
0.00031942
0.0015403
0.0020151
0.0017319
0.00099542
0.00022832
-0.00024398
-0.00037484
-0.00043423
-0.00079841
-0.0015867
-0.0024541
-0.0027827
-0.0021664
-0.00078394
0.00067163
0.0014519
0.0012222
0.0002032
-0.0010269
-0.0018342
-0.0017565
-0.00066582
0.0011068
0.0028108
0.003622
0.0031689
0.0018297
0.00047997
-0.00016125
-4.8013e-05
0.00025194
0.00011671
-0.00057581
-0.0013548
-0.0015461
-0.00078674
0.00071933
0.0023328
0.0033606
0.003434
0.0026598
0.0014744
0.00033637
-0.00049856
-0.00098331
-0.0011503
-0.0010283
-0.00067515
-0.00023758
7.5014e-05
9.8424e-05
-0.00019847
-0.00071607
-0.0012809
-0.0016842
-0.0017059
-0.001195
-0.00021115
0.00090521
0.0016724
0.0017677
0.0012543
0.00053253
4.5018e-05
-2.4187e-05
0.00017891
0.00037269
0.00041717
0.00043378
0.00066353
0.001179
0.0017101
0.0017866
0.0011398
2.3674e-05
-0.00088467
-0.00098772
-0.00025816
0.0007223
0.0012117
0.00085298
-0.00011617
-0.0010891
-0.0015155
-0.0012276
-0.00051067
9.2517e-05
0.00014421
-0.00036433
-0.00096905
-0.0010448
-0.00025667
0.0011998
0.0027383
0.0037396
0.0038341
0.0029784
0.0014143
-0.00038637
-0.001827
-0.0024141
-0.0020259
-0.0010119
-7.8031e-06
0.00042532
0.0001038
-0.00069943
-0.0014288
-0.001591
-0.0010932
-0.00033652
6.7482e-05
-0.00021001
-0.00092808
-0.0014877
-0.001477
-0.0010404
-0.00071899
-0.00092448
-0.001559
-0.0021191
-0.0021464
-0.0015927
-0.00080414
-0.00020327
2.8389e-05
2.8216e-05
7.8125e-05
0.00034193
0.00071841
0.00092325
0.00074053
0.00023538
-0.00026892
-0.00044785
-0.00024665
7.3539e-05
0.00014256
-0.00025332
-0.0010513
-0.001966
-0.002619
-0.0026831
-0.0020472
-0.000955
2.488e-05
0.00029206
-0.00036066
-0.001506
-0.0022769
-0.0019393
-0.00045927
0.0013868
0.0025112
0.002297
0.0010556
-0.00024639
-0.00078962
-0.00054319
-0.000173
-0.00032756
-0.0010047
-0.0015966
-0.0015098
-0.00070015
0.00037881
0.0012599
0.0018177
0.0021775
0.0023943
0.0023216
0.0017951
0.00087872
-0.00010882
-0.00080042
-0.0010039
-0.000763
-0.00025842
0.00033112
0.00089663
0.0013652
0.0016275
0.0015364
0.0010225
0.00023453
-0.00045393
-0.00062727
-8.5767e-05
0.00098964
0.0020715
0.0025356
0.002038
0.00078671
-0.0005556
-0.0013455
-0.0014248
-0.0011259
-0.00080737
-0.00042215
0.00039195
0.0017817
0.0032902
0.0040712
0.0035561
0.0019691
0.00020989
-0.00080198
-0.00076748
-0.0001129
0.00046832
0.00058345
0.00032865
2.1697e-05
-0.00016701
-0.00030216
-0.00046377
-0.0005364
-0.00029045
0.00032281
0.0010222
0.0014162
0.0013873
0.0012093
0.0012332
0.0014636
0.0015011
0.00096171
-3.0912e-05
-0.00080365
-0.00066211
0.00044272
0.0017182
0.0020452
0.00084482
-0.0013819
-0.0033017
-0.0036406
-0.0020748
0.000542
0.0027823
0.0036144
0.003009
0.0017687
0.00080425
0.00050023
0.00064016
0.00080889
0.00079943
0.00067277
0.0005435
0.00041346
0.00022932
3.2557e-05
-2.7732e-05
0.00014782
0.00047811
0.00077521
0.00095729
0.001158
0.0015873
0.0022694
0.0029327
0.0031868
0.002838
0.00205
0.0012072
0.00062311
0.00035641
0.00025733
0.00014489
-4.9958e-05
-0.00025332
-0.00031386
-0.00012045
0.0002881
0.00070612
0.00088226
0.0007013
0.00026851
-0.00018331
-0.00047293
-0.00056709
-0.0005215
-0.00035932
-4.0629e-05
0.0004338
0.00091091
0.0011296
0.00092689
0.00041645
-6.1349e-05
-0.00020504
3.6879e-06
0.00030973
0.00043694
0.0003372
0.00020493
0.00026603
0.00055982
0.00091045
0.0010862
0.0009849
0.00069463
0.00040471
0.00026376
0.00030145
0.00045667
0.00065523
0.00084995
0.00099447
0.00099962
0.00074197
0.00014652
-0.00071122
-0.0015868
-0.0021902
-0.0023714
-0.0022007
-0.0018617
-0.0014741
-0.0010274
-0.0004609
0.00023598
0.00099808
0.001692
0.0021094
0.0020204
0.0013595
0.00040769
-0.00028748
-0.00029715
0.00031717
0.001021
0.0012364
0.0008113
0.00012605
-0.00023025
7.5399e-05
0.00087892
0.0016574
0.0019097
0.0014865
0.00064281
-0.00018865
-0.00070455
-0.00088648
-0.0009244
-0.0010106
-0.0011759
-0.001277
-0.0011254
-0.00066027
-3.0998e-05
0.00048465
0.00068328
0.00059877
0.00047463
0.00054864
0.00083126
0.0010859
0.00104
0.00063314
7.7472e-05
-0.00030604
-0.00030737
7.4056e-05
0.00067625
0.0012704
0.0016307
0.0015923
0.0011245
0.00037488
-0.00038877
-0.0009257
-0.0011355
-0.0010437
-0.00071585
-0.0002361
0.00022177
0.00036485
-7.555e-05
-0.0010945
-0.0022887
-0.0030151
-0.0027577
-0.0014598
0.00038962
0.0019706
0.0025496
0.0018934
0.00044106
-0.00091318
-0.0013512
-0.00065381
0.0006648
0.0017379
0.0019643
0.0013809
0.00051398
-0.00011204
-0.00035621
-0.00043166
-0.0005723
-0.00076257
-0.0007808
-0.00047401
3.1255e-05
0.00039251
0.0003263
-0.00016037
-0.00077451
-0.0011355
-0.0009771
-0.00023995
0.00090476
0.0020536
0.0026672
0.0023406
0.0011192
-0.00043184
-0.0015367
-0.0016862
-0.00092012
0.00026054
0.0012302
0.0015917
0.0013711
0.00096336
0.0008337
0.0011323
0.0015253
0.0014512
0.00065529
-0.00046613
-0.0010817
-0.00058797
0.0008285
0.0022342
0.0026032
0.0015798
-0.00024515
-0.0017469
-0.0020443
-0.0010643
0.00047992
0.0016236
0.0017908
0.0011243
0.00033346
0.00018096
0.00092886
0.0021155
0.002865
0.0025605
0.0013788
0.0002182
3.0753e-05
0.0010767
0.0027008
0.0038026
0.0036252
0.0022717
0.0005911
-0.00045185
-0.00044814
0.00024363
0.00089315
0.0010539
0.00089493
0.00091734
0.0013644
0.0019374
0.0020996
0.0016266
0.00082738
0.00024203
0.00016174
0.00042935
0.00063921
0.00048589
-3.5676e-05
-0.00067028
-0.0010899
-0.0010943
-0.0007209
-0.00019932
0.00022689
0.00047616
0.00064676
0.00086075
0.0010822
0.0010779
0.00056877
-0.00051977
-0.0018846
-0.0029229
-0.0030902
-0.0023151
-0.0011081
-0.00020788
-2.261e-05
-0.00034792
-0.00060621
-0.00036828
0.00032474
0.0010903
0.0015866
0.0017508
0.0017103
0.0015486
0.0012221
0.00070307
0.00013362
-0.00024478
-0.00035431
-0.00043819
-0.00087297
-0.0017588
-0.0027051
-0.0030958
-0.0026295
-0.0016015
-0.00062161
-4.8304e-05
0.00028053
0.00075988
0.0015057
0.0021629
0.0022169
0.0014832
0.00032071
-0.00059706
-0.00074619
-0.00010554
0.00083609
0.0014206
0.001278
0.00057154
-0.00015647
-0.00041091
-9.996e-05
0.00043909
0.00072828
0.00051378
-5.9022e-05
-0.00058246
-0.00072889
-0.00051312
-0.00023242
-0.00013269
-0.0001376
6.9474e-05
0.00069371
0.001582
0.0023275
0.0025893
0.0023041
0.0016486
0.00087204
0.00017423
-0.0003256
-0.00057237
-0.00054072
-0.00019576
0.00050752
0.0015485
0.0027413
0.0037334
0.0041567
0.0038305
0.0028626
0.001594
0.00045195
-0.00021531
-0.00029053
2.7348e-05
0.00031227
0.00020098
-0.00030603
-0.00081748
-0.00086541
-0.00028716
0.0006728
0.0016028
0.0022424
0.0025933
0.0027859
0.0028857
0.0028228
0.0024706
0.0017763
0.00082874
-0.00019427
-0.0011526
-0.0020205
-0.0028167
-0.0034527
-0.0036925
-0.0033284
-0.0024308
-0.0013939
-0.00066662
-0.00037534
-0.00019144
0.00039445
0.0015892
0.0030086
0.0038585
0.0034957
0.0019533
6.748e-06
-0.0013014
-0.0013296
-0.00020462
0.0013365
0.0024419
0.0025943
0.001768
0.00030777
-0.001299
-0.0026031
-0.0032752
-0.0031344
-0.0021855
-0.00067431
0.0009197
0.0020335
0.0022891
0.0017088
0.00069524
-0.00023252
-0.00074128
-0.00078649
-0.00048109
7.7178e-05
0.00081757
0.0015612
0.0019556
0.0016507
0.00061717
-0.00070435
-0.0016327
-0.0017075
-0.00098828
5.8201e-05
0.00094598
0.0014765
0.0017588
0.0020228
0.002415
0.0028793
0.0031528
0.0029092
0.0020195
0.0007534
-0.00030041
-0.00060659
-5.947e-05
0.00096078
0.0018862
0.0023299
0.0022298
0.0017344
0.001027
0.00025446
-0.00045755
-0.0010128
-0.0014013
-0.0017082
-0.0020052
-0.0022029
-0.0020419
-0.0012927
-2.2727e-05
0.0013308
0.0022091
0.0023317
0.0019031
0.0014294
0.0013015
0.0015204
0.0017939
0.0018766
0.0018012
0.0017967
0.002014
0.0023463
0.0024831
0.0021105
0.0011006
-0.00037377
-0.0018238
-0.0025914
-0.0021946
-0.00070296
0.0011888
0.0025535
0.0028257
0.0021054
0.00094977
-8.5307e-05
-0.0007291
-0.00096605
-0.00087959
-0.0005695
-0.00014367
0.00030048
0.00070157
0.0010151
0.0011826
0.0011726
0.0010569
0.00097472
0.00094453
0.00073202
1.2574e-05
-0.0012378
-0.0025097
-0.0030054
-0.0022422
-0.00052062
0.0011744
0.0018187
0.0010728
-0.00046441
-0.0016729
-0.0016981
-0.0005314
0.0010144
0.0018747
0.0014252
-0.00014345
-0.0019621
-0.0030265
-0.0028342
-0.0017191
-0.00061105
-0.00033044
-0.00093302
-0.0016651
-0.0016034
-0.00044028
0.0012645
0.0025541
0.0028157
0.0021594
0.0011994
0.00053337
0.000389
0.00064487
0.001072
0.0015179
0.0019092
0.0021611
0.0021375
0.0017113
0.00086458
-0.00025919
-0.0013799
-0.0021534
-0.0022509
-0.001459
0.00015429
0.002067
0.0033471
0.003098
0.0011211
-0.0017521
-0.0040739
-0.0047221
-0.0036307
-0.0017179
-0.0001278
0.00054075
0.00043858
0.00010039
-4.4981e-05
0.00011837
0.00050329
0.00099828
0.0015079
0.0018857
0.0019276
0.001495
0.00064944
-0.0003451
-0.0011595
-0.001556
-0.0014766
-0.0010635
-0.00060809
-0.0003911
-0.00045638
-0.00051806
-0.00018403
0.00062154
0.0014486
0.0016326
0.00092857
-0.00013515
-0.00060913
6.4857e-05
0.0015212
0.0027432
0.0029205
0.0021165
0.0011466
0.00080007
0.0011377
0.0015106
0.0012554
0.00038317
-0.00040475
-0.00037465
0.00054752
0.0016971
0.0022436
0.0018626
0.00093131
0.00015598
1.9785e-05
0.00050015
0.0012036
0.0017303
0.0019578
0.0020429
0.0021708
0.0022919
0.0021156
0.0014187
0.00039166
-0.00036619
-0.00031662
0.00045904
0.0011897
0.0010299
-0.00012426
-0.0014072
-0.0016575
-0.00045188
0.0014434
0.0026574
0.0023429
0.00085612
-0.00059029
-0.00094898
-0.00012811
0.0010683
0.0016798
0.0013204
0.00036002
-0.00045402
-0.0005622
3.1842e-05
0.00076203
0.00086646
-6.8116e-05
-0.0017225
-0.0031356
-0.0032885
-0.0018165
0.00065367
0.002813
0.0034628
0.0022947
0.00013216
-0.0015831
-0.0017768
-0.00053386
0.00092541
0.0011779
-0.00016559
-0.0018868
-0.0019001
0.00096539
0.0053615
0.0074455
0.0030725
-0.0089595
-0.024938
-0.037455
-0.039622
-0.029709
-0.012872
0.0015422
0.0056579
-0.0018202
-0.014182
-0.020049
-0.010097
0.01633
0.04925
0.073416
0.078441
0.066056
0.04778
0.034127
0.024828
0.0098801
-0.018384
-0.053666
-0.077589
-0.076032
-0.055381
-0.041602
-0.059904
-0.11174
-0.17029
-0.19991
-0.18323
-0.13246
-0.076228
-0.036117
-0.014178
0.00060094
0.017917
0.038797
0.058511
0.072149
0.076619
0.07068
0.056536
0.041299
0.03395
0.03856
0.050467
0.060129
0.061271
0.055539
0.049782
0.04924
0.052835
0.054068
0.046362
0.028715
0.0074452
-0.0075316
-0.0094767
0.00010161
0.011681
0.01311
-0.0032504
-0.035791
-0.073924
-0.10334
-0.11346
-0.10263
-0.07799
-0.050184
-0.027037
-0.010447
0.0020557
0.013281
0.023438
0.030338
0.031891
0.028245
0.021606
0.01429
0.0072828
0.00076683
-0.0044269
-0.0066118
-0.0048619
-0.0006325
0.0027049
0.0023138
-0.001875
-0.0071189
-0.0099318
-0.0085645
-0.0041976
-0.00018414
0.00024446
-0.0034168
-0.0077856
-0.0072701
0.0018256
0.017583
0.032577
0.03863
0.032896
0.020206
0.0093794
0.0061171
0.0079933
0.0056599
-0.010074
-0.04012
-0.074184
-0.096064
-0.094011
-0.068685
-0.032712
-0.0023329
0.012465
0.012371
0.0055085
2.0301e-05
-0.001673
-0.0030724
-0.0087212
-0.018393
-0.025258
-0.020149
0.00082612
0.0314
0.057746
0.067523
0.058741
0.041381
0.030122
0.033476
0.047469
0.058526
0.053334
0.02839
-0.007499
-0.039192
-0.054922
-0.052705
-0.039531
-0.025374
-0.017462
-0.01837
-0.026884
-0.038906
-0.048137
-0.048496
-0.038187
-0.021741
-0.00724
-0.00083543
-0.0034279
-0.011412
-0.019218
-0.021178
-0.013105
0.0051047
0.027017
0.041011
0.037244
0.016421
-0.0073574
-0.0144
0.0062721
0.04735
0.087255
0.10559
0.097604
0.075656
0.057172
0.050238
0.049193
0.04263
0.02517
0.002309
-0.014927
-0.019498
-0.013364
-0.0046525
-0.0010261
-0.0056952
-0.018385
-0.038027
-0.063008
-0.089013
-0.10851
-0.11457
-0.10634
-0.090241
-0.074705
-0.062972
-0.05107
-0.033044
-0.0082324
0.01657
0.032003
0.033342
0.023634
0.010649
0.00098426
-0.0036519
-0.0056292
-0.0077467
-0.010341
-0.011439
-0.0092804
-0.0045332
-0.00011073
0.0011612
-0.0011562
-0.0048519
-0.0069373
-0.0059269
-0.0026286
0.00098356
0.0035392
0.0050585
0.0062758
0.0074245
0.007738
0.006086
0.0021057
-0.0031663
-0.007676
-0.0094755
-0.0078363
-0.0036565
0.0010687
0.0043777
0.0053716
0.0045006
0.0029755
0.0017929
0.0011218
0.00045431
-0.00072383
-0.0023759
-0.0039121
-0.0046518
-0.0042987
-0.0030606
-0.0014029
0.0002859
0.0018279
0.003121
0.0039245
0.0038312
0.0025316
0.00019403
-0.0023705
-0.0039854
-0.0037393
-0.0015875
0.0015088
0.0040621
0.0048915
0.0037787
0.0015174
-0.00066048
-0.0018642
-0.0019771
-0.0014876
-0.00096862
-0.00069378
-0.00063846
-0.0006783
-0.00067349
-0.00040485
0.00039917
0.0018083
0.0034204
0.0044322
0.0041285
0.0024436
0.00011241
-0.0017513
-0.0023334
-0.0015402
0.00010633
0.0019115
0.0033655
0.004172
0.0040956
0.0029633
0.00092195
-0.00134
-0.0027969
-0.0027216
-0.0012642
0.00057873
0.0016518
0.0014469
0.00038763
-0.00058974
-0.00077378
-0.00015403
0.00067283
0.0010174
0.00059656
-0.00034288
-0.0012907
-0.001834
-0.0018062
-0.0011905
-5.8547e-06
0.0016227
0.0032912
0.0043307
0.0041673
0.002806
0.0009888
-0.00022075
-0.00016901
0.00092872
0.0021938
0.0027866
0.0025268
0.0019446
0.0017543
0.0021997
0.0028175
0.002821
0.0017976
0.00013195
-0.00122
-0.00145
-0.00053714
0.00069986
0.0011837
0.00035576
-0.0014167
-0.0030915
-0.0036712
-0.0028665
-0.0012279
0.00031731
0.0011277
0.0011977
0.0009748
0.0008648
0.00086931
0.00065422
-4.0904e-05
-0.0010506
-0.0018357
-0.0018993
-0.0011717
-1.8923e-05
0.0010797
0.0018334
0.0021745
0.002112
0.0016506
0.00085985
-5.5327e-05
-0.00082856
-0.0012802
-0.0013526
-0.0010052
-0.00016625
0.0011095
0.0024262
0.0030964
0.0025652
0.00091614
-0.0010079
-0.0020709
-0.0016139
5.1911e-05
0.0018435
0.0026834
0.0022611
0.0011833
0.00042159
0.00053864
0.0013242
0.002083
0.0022618
0.0018623
0.0013324
0.001101
0.0012068
0.0013398
0.0012057
0.00082835
0.00049169
0.00040848
0.00047991
0.00040116
-1.4518e-05
-0.00064486
-0.0011832
-0.0014124
-0.001327
-0.0010065
-0.00042742
0.00052356
0.0018016
0.0029821
0.0033895
0.0026027
0.00093491
-0.00061299
-0.0010151
1.0409e-06
0.0017313
0.0030304
0.0031465
0.0021741
0.00084115
-8.2448e-05
-0.00025586
0.00014266
0.00063259
0.00075267
0.00033593
-0.00036773
-0.00081296
-0.00051576
0.00055362
0.0018422
0.0025085
0.0019878
0.00044096
-0.0012541
-0.0020186
-0.0012856
0.0005804
0.0024945
0.0033928
0.0029653
0.0018005
0.00082977
0.00057488
0.0008625
0.0011957
0.0013319
0.0014637
0.0018705
0.0024765
0.0028199
0.0024811
0.0015326
0.00055874
0.00021143
0.00068906
0.0015758
0.0021585
0.0019538
0.001035
-6.6577e-05
-0.00076159
-0.00076718
-0.00019032
0.00064364
0.0014076
0.0018733
0.0019058
0.0014603
0.00063702
-0.00026843
-0.00082885
-0.0006984
0.00013495
0.0012587
0.0020427
0.0020531
0.001364
0.00048898
-3.1903e-05
-3.8785e-05
0.0001869
0.00022194
-0.00013288
-0.00072804
-0.0012392
-0.0014349
-0.0012836
-0.00084448
-0.00012724
0.00087206
0.0019913
0.0028254
0.0029206
0.0021173
0.00073458
-0.00059081
-0.001303
-0.0012602
-0.00075142
-0.00020081
0.00018857
0.00055267
0.0011585
0.002073
0.0030187
0.0035481
0.0033795
0.0026062
0.001619
0.00082518
0.00040386
0.00028024
0.00029138
0.00034444
0.00040739
0.00038848
0.00011052
-0.0005182
-0.001293
-0.0017317
-0.0014018
-0.00031255
0.00099585
0.0018026
0.0017453
0.0010968
0.00052745
0.00054321
0.001086
0.0016432
0.0017537
0.0014355
0.0011397
0.0012835
0.001816
0.0022543
0.0021856
0.0017585
0.001651
0.0025214
0.0045685
0.0078203
0.012883
0.020917
0.031942
0.04251
0.045602
0.034604
0.0092172
-0.02219
-0.047456
-0.059628
-0.061859
-0.062947
-0.067606
-0.071474
-0.066366
-0.050365
-0.031745
-0.021881
-0.023999
-0.029451
-0.02571
-0.0082179
0.015878
0.035599
0.047132
0.056404
0.071007
0.090877
0.10822
0.11634
0.11654
0.1149
0.11293
0.10394
0.080454
0.045069
0.01235
-0.0017911
0.006396
0.024847
0.035077
0.025797
-0.00065842
-0.032539
-0.057756
-0.069947
-0.068839
-0.057967
-0.043416
-0.033362
-0.035556
-0.052242
-0.076456
-0.094342
-0.093264
-0.069929
-0.032311
0.0056047
0.0317
0.040848
0.035379
0.022564
0.011428
0.0096959
0.020771
0.041522
0.062842
0.074029
0.068969
0.04981
0.025195
0.0044887
-0.0074622
-0.011538
-0.011791
-0.011916
-0.013208
-0.014611
-0.014172
-0.010771
-0.0050331
0.0011219
0.0058326
0.0082921
0.0084998
0.0061879
0.00027708
-0.010232
-0.024463
-0.038499
-0.046106
-0.041457
-0.022831
0.004704
0.0301
0.04192
0.036381
0.02195
0.015285
0.029484
0.062706
0.096614
0.10754
0.083419
0.034164
-0.012901
-0.030633
-0.01094
0.028555
0.05565
0.045697
-0.00049088
-0.056082
-0.086178
-0.071931
-0.023703
0.025905
0.043762
0.017473
-0.037492
-0.088384
-0.106
-0.082665
-0.036165
0.0032581
0.014541
0.00057593
-0.015694
-0.011344
0.01685
0.050245
0.065594
0.055888
0.035467
0.024986
0.031103
0.040613
0.03417
0.0056186
-0.031628
-0.055872
-0.054076
-0.029558
0.0033387
0.030049
0.043174
0.043554
0.037116
0.030328
0.026201
0.022637
0.014501
-0.0013074
-0.021409
-0.036359
-0.036967
-0.022449
-0.0036254
0.003099
-0.011865
-0.041736
-0.065813
-0.064522
-0.036169
-0.00066631
0.014927
-0.0019645
-0.03924
-0.070381
-0.075923
-0.057409
-0.03301
-0.020669
-0.024218
-0.033059
-0.033335
-0.019888
0.00048373
0.015821
0.019371
0.015031
0.01396
0.025711
0.051126
0.081806
0.10517
0.11079
0.094879
0.06226
0.025259
-0.0015052
-0.0089658
0.0011132
0.018192
0.031223
0.036289
0.037264
0.039492
0.042787
0.040645
0.026788
0.0030486
-0.019365
-0.027769
-0.019177
-0.0047936
-0.0025355
-0.022515
-0.057447
-0.086736
-0.091535
-0.068649
-0.032582
-0.0053286
-0.0024559
-0.024589
-0.058115
-0.083642
-0.087542
-0.070008
-0.043934
-0.024514
-0.017152
-0.013872
-0.0018526
0.023195
0.051132
0.065064
0.056383
0.033749
0.01735
0.022397
0.045555
0.066251
0.06266
0.029666
-0.016115
-0.04859
-0.05157
-0.029336
-0.00058478
0.017643
0.021905
0.021322
0.02671
0.040419
0.054833
0.059072
0.047381
0.022985
-0.0042922
-0.024024
-0.030844
-0.026804
-0.019605
-0.01793
-0.026429
-0.042862
-0.05886
-0.064206
-0.053022
-0.02863
-0.0033854
0.0080327
-0.001474
-0.025582
-0.04842
-0.056201
-0.047323
-0.032104
-0.022524
-0.021752
-0.023232
-0.019229
-0.0091876
0.00086904
0.006444
0.010617
0.021084
0.041331
0.06539
0.08164
0.081863
0.067127
0.045953
0.027518
0.016021
0.0099727
0.0054672
-0.00010604
-0.0065749
-0.011904
-0.013998
-0.011966
-0.006462
0.00062473
0.0068879
0.010385
0.010497
0.0080804
0.0046971
0.0015456
-0.001045
-0.0032741
-0.0052322
-0.0066393
-0.0070701
-0.0062876
-0.0043657
-0.0016355
0.0013671
0.0039241
0.0052547
0.004807
0.0026132
-0.00054638
-0.0033741
-0.0046409
-0.0038119
-0.0013199
0.0016945
0.0040094
0.0049272
0.004517
0.0034071
0.0023095
0.0015888
0.0011199
0.00048871
-0.00060896
-0.0020367
-0.0031994
-0.0034049
-0.0023921
-0.00061632
0.00099771
0.0017007
0.0014321
0.00073964
0.00017702
-0.00023855
-0.00096946
-0.0023406
-0.0039682
-0.0048361
-0.0040316
-0.0015374
0.0016088
0.0039486
0.0045475
0.003537
0.0018849
0.00062103
0.00013369
6.043e-05
-0.00019691
-0.0008216
-0.0013896
-0.0012926
-0.0003447
0.001022
0.0021277
0.0025808
0.0024692
0.0021135
0.0017289
0.0013631
0.0011054
0.001225
0.001972
0.0031971
0.0042407
0.0043371
0.003236
0.0014553
-9.7125e-05
-0.00080048
-0.00070205
-0.00032002
-0.00011497
-0.0001216
-2.7909e-05
0.00043027
0.0011545
0.0017399
0.0018328
0.0014357
0.00087259
0.00047473
0.00032112
0.00028414
0.00028647
0.00045002
0.00095296
0.0017505
0.0024819
0.0026994
0.0022079
0.0011773
-7.7568e-05
-0.0013919
-0.0027731
-0.0041265
-0.0050435
-0.0050041
-0.0038866
-0.0022544
-0.0010114
-0.00065677
-0.00088807
-0.0010495
-0.00099955
-0.0013281
-0.0024087
-0.0032325
-0.001731
0.0029317
0.0080759
0.0082602
-0.00014212
-0.013902
-0.022731
-0.015989
0.0081177
0.039078
0.060831
0.064252
0.05472
0.04756
0.054709
0.074133
0.091426
0.092373
0.075579
0.054072
0.044317
0.052023
0.066944
0.071115
0.053356
0.01774
-0.020473
-0.046817
-0.056599
-0.054272
-0.046501
-0.037598
-0.03131
-0.034053
-0.05241
-0.085153
-0.11875
-0.1342
-0.12178
-0.090467
-0.061375
-0.049489
-0.049969
-0.042539
-0.010773
0.0412
0.09006
0.11161
0.099615
0.068871
0.041216
0.028046
0.024776
0.020443
0.011592
0.0064708
0.015879
0.040465
0.067685
0.081705
0.076608
0.060467
0.047164
0.044268
0.047855
0.04773
0.037215
0.018723
0.0011485
-0.0075749
-0.006153
-0.00011512
0.0021703
-0.0059614
-0.026526
-0.055762
-0.085009
-0.10416
-0.10669
-0.093055
-0.069553
-0.043558
-0.019422
0.0017843
0.019547
0.031896
0.036428
0.033022
0.025013
0.017274
0.012845
0.011151
0.0092563
0.0048832
-0.0014799
-0.0069953
-0.0088287
-0.0063832
-0.0017038
0.0020513
0.0027446
0.00044426
-0.0029792
-0.0053105
-0.0053817
-0.0035377
-0.0010889
0.00067478
0.0012095
0.00083858
0.00035792
0.00044051
0.0011857
0.002074
0.0023757
0.0017443
0.00053497
-0.0004347
-0.00050502
0.00032913
0.0014284
0.0019929
0.0016885
0.0010858
0.0016895
0.0053371
0.012815
0.022107
0.027685
0.022506
0.0026759
-0.028232
-0.059333
-0.078347
-0.07962
-0.068285
-0.057046
-0.057394
-0.07128
-0.089463
-0.098242
-0.089695
-0.067048
-0.04058
-0.018002
0.0011683
0.021563
0.042798
0.056065
0.05203
0.032882
0.014937
0.016527
0.041503
0.074742
0.095032
0.093521
0.080531
0.07505
0.087404
0.11058
0.12644
0.12002
0.090207
0.049708
0.016189
0.0014665
0.005053
0.014711
0.013394
-0.010332
-0.053432
-0.097276
-0.11751
-0.10057
-0.055455
-0.01043
0.0050565
-0.019434
-0.068473
-0.11257
-0.12903
-0.11578
-0.08883
-0.067738
-0.061352
-0.063649
-0.060885
-0.043496
-0.013881
0.015352
0.031397
0.031964
0.027655
0.032708
0.051048
0.070624
0.073153
0.051867
0.020417
0.003141
0.014721
0.047835
0.079693
0.090762
0.079064
0.059094
0.048212
0.052765
0.064738
0.070175
0.060999
0.040089
0.016648
-0.0022445
-0.015806
-0.027045
-0.037712
-0.046004
-0.048323
-0.042462
-0.029473
-0.013822
-0.0026489
-0.003999
-0.023061
-0.057373
-0.095058
-0.12003
-0.12252
-0.10655
-0.086729
-0.07595
-0.075043
-0.073806
-0.061651
-0.037282
-0.0089629
0.013318
0.025512
0.030406
0.032466
0.032957
0.030484
0.025781
0.024469
0.033139
0.051419
0.068319
0.068602
0.045316
0.0074006
-0.025503
-0.037468
-0.027714
-0.0095558
0.0014167
-0.00081757
-0.01048
-0.017739
-0.018271
-0.015954
-0.017143
-0.022822
-0.026629
-0.020858
-0.0046306
0.013955
0.024092
0.021095
0.0097366
-0.00040185
-0.00285
0.0012177
0.0048456
0.0014901
-0.0093289
-0.021167
-0.025379
-0.017943
-0.002933
0.010389
0.014599
0.0094957
0.0015278
-0.0018824
0.0018379
0.0091057
0.013889
0.012792
0.0072562
0.0016517
-0.00049536
0.0011449
0.0041814
0.0057526
0.0045189
0.0011728
-0.0023976
-0.004417
-0.0041762
-0.0021973
0.00037751
0.0027118
0.0047859
0.0070571
0.0095986
0.01158
0.011657
0.0089934
0.0040365
-0.0015933
-0.0060168
-0.0081219
-0.0080043
-0.0066115
-0.0049495
-0.0034634
-0.0019862
-0.0001663
0.0020589
0.004307
0.0059576
0.0065171
0.0058884
0.0043816
0.0024703
0.00048553
-0.0014842
-0.0033874
-0.004904
-0.0054011
-0.0043134
-0.0016989
0.0015318
0.0040207
0.0047874
0.0038592
0.0021891
0.00090072
0.00045235
0.00039225
-0.00011875
-0.0014908
-0.0033032
-0.0046307
-0.0047599
-0.0036566
-0.0018474
5.6312e-05
0.0017027
0.0029784
0.0038077
0.0040809
0.0037775
0.0030907
0.0023689
0.001908
0.0017821
0.0018503
0.0019119
0.0018652
0.0017491
0.0016605
0.0016563
0.0017354
0.0018886
0.0021243
0.0024258
0.0027042
0.0028229
0.0026887
0.0023196
0.0018291
0.001347
0.00094483
0.00061861
0.00033139
8.0416e-05
-6.6702e-05
-1.9009e-06
0.00034695
0.00095384
0.0016851
0.0023325
0.0026774
0.0025946
0.0021597
0.0016399
0.0012966
0.0011336
0.00085471
0.0001301
-0.0010511
-0.0022783
-0.0029685
-0.0027427
-0.0016258
2.739e-05
0.0017303
0.0030025
0.0034302
0.0027757
0.0011844
-0.00068891
-0.0019029
-0.001802
-0.00052245
0.001063
0.0019964
0.0019363
0.0013034
0.00080806
0.00085432
0.0013214
0.0017813
0.0018565
0.001444
0.00074598
0.00014987
6.2707e-06
0.00040217
0.0010959
0.0017045
0.002
0.0020336
0.0019738
0.001863
0.0015824
0.0010605
0.00045617
7.1812e-05
6.7487e-05
0.00028824
0.00040727
0.00025108
-2.1998e-05
-7.0061e-05
0.00030159
0.00093789
0.0014352
0.0014475
0.00094044
0.00020019
-0.00039621
-0.00065945
-0.00068595
-0.00069829
-0.00079649
-0.00089085
-0.00089056
-0.00090257
-0.0011435
-0.0016114
-0.0019171
-0.0015623
-0.00044889
0.0009083
0.0017285
0.0015752
0.00067738
-0.00030054
-0.00080246
-0.00075564
-0.0005006
-0.00040911
-0.0005628
-0.0007513
-0.00073445
-0.00049777
-0.00028079
-0.00038359
-0.00093533
-0.0017964
-0.0026179
-0.0029788
-0.0025525
-0.0013133
0.00028339
0.0013685
0.0011664
-0.0002489
-0.0016167
-0.0012304
0.0013992
0.004295
0.0038703
-0.0018248
-0.0097745
-0.012284
-0.0025113
0.01803
0.036846
0.037241
0.011215
-0.031801
-0.069168
-0.080617
-0.063037
-0.032231
-0.010699
-0.012207
-0.034869
-0.065179
-0.086862
-0.088137
-0.065948
-0.027876
0.0096973
0.029502
0.024806
0.0057844
-0.0065885
0.0036426
0.034532
0.067531
0.081666
0.06803
0.033586
-0.0052895
-0.030983
-0.029202
0.0074332
0.073057
0.14355
0.18287
0.16397
0.091746
0.0065767
-0.040698
-0.026336
0.027327
0.069699
0.063116
0.012685
-0.040076
-0.052832
-0.016191
0.041101
0.076246
0.063702
0.0099684
-0.055235
-0.10033
-0.10902
-0.083984
-0.039605
0.0077325
0.045422
0.066134
0.068058
0.055352
0.037253
0.024121
0.021929
0.029114
0.038321
0.041537
0.034744
0.019315
0.00023193
-0.016922
-0.028274
-0.032465
-0.030215
-0.023427
-0.014347
-0.0049972
0.003134
0.0091545
0.012685
0.013797
0.013014
0.011215
0.0092688
0.0075501
0.0057242
0.0030756
-0.00079989
-0.0054536
-0.0096241
-0.011874
-0.011412
-0.008544
-0.0044771
-0.00061805
0.0021172
0.0035387
0.0039019
0.0034656
0.0023102
0.00051448
-0.0016081
-0.0035503
-0.0049246
-0.0057107
-0.0061583
-0.0064331
-0.0063475
-0.0054216
-0.0032207
0.00027755
0.0045063
0.0083997
0.010724
0.010555
0.007733
0.0030356
-0.0020652
-0.0059971
-0.007732
-0.0071613
-0.0050289
-0.0024675
-0.0003862
0.00093772
0.0018075
0.0026508
0.0035357
0.0040707
0.0037675
0.002533
0.00084315
-0.00055519
-0.0011582
-0.0010202
-0.00064875
-0.00059092
-0.0010279
-0.0016497
-0.0018728
-0.0012397
0.00025521
0.0021086
0.0035516
0.0039588
0.0031926
0.0016841
0.00020054
-0.00056515
-0.00034529
0.00060622
0.0017056
0.0023842
0.0023793
0.001824
0.0011175
0.00067315
0.00068354
0.0010348
0.0014182
0.0015647
0.0014353
0.0012329
0.0012436
0.001629
0.0023058
0.0029864
0.0033667
0.0033504
0.0031227
0.0029574
0.0028858
0.0025663
0.0015724
-0.00010041
-0.0018101
-0.002635
-0.0020832
-0.00052617
0.001056
0.0018166
0.0016363
0.001093
0.00090392
0.0013698
0.0022644
0.0031521
0.0037568
0.0040522
0.0040833
0.0037876
0.0030383
0.0018631
0.00058432
-0.00032033
-0.00056345
-0.00029297
2.2812e-05
2.298e-06
-0.00031864
-0.00055073
-0.00034456
0.00028351
0.0010121
0.0015754
0.002032
0.0026586
0.003584
0.0045436
0.0050207
0.0046506
0.0035109
0.002044
0.00072641
-0.00017675
-0.00058441
-0.00045191
0.00022054
0.0012057
0.0019946
0.0021034
0.0015349
0.0008881
0.00089028
0.0017372
0.0028908
0.0035563
0.0033808
0.0027074
0.0021972
0.0022318
0.0026366
0.0028854
0.0025336
0.001535
0.00027196
-0.00066299
-0.00079393
-3.5284e-05
0.0011978
0.0020866
0.0017359
-0.00027648
-0.0033182
-0.0055754
-0.0048133
0.00023602
0.0089676
0.019494
0.030361
0.041531
0.053074
0.062283
0.062291
0.044995
0.0076444
-0.04155
-0.084397
-0.10198
-0.087335
-0.05222
-0.020714
-0.012083
-0.025733
-0.041859
-0.038641
-0.011239
0.024498
0.046264
0.043695
0.025171
0.0098126
0.013667
0.040078
0.077899
0.1069
0.10879
0.079763
0.035963
0.0050339
0.0065176
0.035392
0.063329
0.059143
0.013645
-0.050911
-0.095378
-0.092246
-0.046747
0.0060468
0.026844
0.0013291
-0.049937
-0.089062
-0.091504
-0.064377
-0.037656
-0.03736
-0.064722
-0.098135
-0.11339
-0.1028
-0.07775
-0.055821
-0.046114
-0.044949
-0.042707
-0.033428
-0.018799
-0.0048952
0.0038284
0.0079356
0.01189
0.02027
0.034479
0.052063
0.068739
0.081414
0.089744
0.094912
0.096847
0.092819
0.079283
0.055598
0.026227
-0.00082593
-0.018284
-0.023319
-0.01826
-0.0084079
0.00099719
0.0067809
0.0083803
0.007406
0.0065795
0.0081404
0.012244
0.016477
0.017257
0.012392
0.0029188
-0.0073303
-0.014163
-0.015577
-0.012548
-0.007701
-0.00322
0.00030133
0.0034504
0.006787
0.010039
0.012241
0.012429
0.010212
0.0058948
0.00030145
-0.0054284
-0.01
-0.012218
-0.011392
-0.0077139
-0.0022913
0.003278
0.0075622
0.0097657
0.0097712
0.0078729
0.0045229
0.00029886
-0.0039997
-0.0073779
-0.0089291
-0.0082409
-0.0056305
-0.0020039
0.0016019
0.0045012
0.0065418
0.0078722
0.0085072
0.0081004
0.0061882
0.0027485
-0.0014298
-0.0049818
-0.0067125
-0.0062731
-0.0042229
-0.001489
0.0012244
0.0035618
0.0052228
0.0057443
0.0047101
0.0022023
-0.0010041
-0.0037736
-0.0052434
-0.0052527
-0.0042512
-0.0028195
-0.0012535
0.00043998
0.0022129
0.0037117
0.0043856
0.003873
0.0023032
0.00025476
-0.001562
-0.002643
-0.0028458
-0.0023353
-0.0014079
-0.00031826
0.00079406
0.0018334
0.002604
0.0027706
0.0020606
0.00059923
-0.00095985
-0.0017597
-0.0013451
-2.8544e-05
0.0013513
0.0020912
0.0021161
0.00189
0.0019016
0.0022456
0.0026373
0.0027264
0.002349
0.0015458
0.00047178
-0.0006337
-0.0014354
-0.0015891
-0.0009508
0.00026308
0.0015528
0.0024311
0.0026932
0.0024338
0.0018456
0.00106
0.00019595
-0.00051327
-0.00077453
-0.00049429
4.5888e-05
0.00037245
0.00025334
-6.7417e-05
-0.00015053
8.5685e-05
0.00019662
-0.00020979
-0.0006553
0.00018364
0.0030833
0.0064704
0.006215
-0.0017629
-0.017366
-0.0342
-0.042461
-0.036059
-0.018668
-0.0025651
0.0009173
-0.0075563
-0.013206
0.0016991
0.041211
0.088369
0.11558
0.10588
0.067722
0.030416
0.022806
0.051754
0.096778
0.12444
0.11136
0.059617
-0.0049142
-0.04873
-0.050451
-0.012276
0.042634
0.083981
0.090365
0.058762
0.0040385
-0.049332
-0.078915
-0.074605
-0.042849
-0.0020203
0.028534
0.038292
0.027584
0.0019095
-0.035105
-0.083487
-0.1423
-0.20357
-0.25133
-0.26898
-0.25093
-0.21004
-0.17266
-0.16196
-0.181
-0.2098
-0.2205
-0.19885
-0.15451
-0.11228
-0.093287
-0.10213
-0.12787
-0.15374
-0.16526
-0.15295
-0.11328
-0.051517
0.016252
0.06769
0.085678
0.069177
0.034706
0.006634
0.0026034
0.022968
0.049876
0.056455
0.021834
-0.05583
-0.1566
-0.24952
-0.31081
-0.33714
-0.34364
-0.34796
-0.35227
-0.33845
-0.28169
-0.17296
-0.0321
0.10074
0.19048
0.23035
0.24474
0.26922
0.32249
0.39122
0.43878
0.43132
0.36222
0.25791
0.16153
0.10742
0.10414
0.13552
0.17501
0.20078
0.20189
0.1757
0.12308
0.047355
-0.043135
-0.13381
-0.20727
-0.25
-0.25768
-0.23555
-0.19447
-0.1457
-0.097121
-0.052094
-0.010849
0.026552
0.057346
0.075441
0.074148
0.050828
0.010004
-0.03779
-0.080914
-0.11182
-0.12912
-0.13582
-0.1359
-0.13174
-0.12378
-0.11147
-0.094389
-0.072959
-0.04869
-0.024179
-0.0027286
0.012516
0.019664
0.018842
0.012117
0.0026033
-0.0067263
-0.013863
-0.017859
-0.018387
-0.015268
-0.0084454
0.001497
0.012665
0.021717
0.024782
0.01921
0.0051192
-0.014457
-0.035206
-0.053969
-0.070268
-0.085794
-0.1022
-0.11887
-0.13232
-0.13785
-0.13237
-0.11632
-0.09368
-0.070006
-0.050228
-0.037312
-0.032122
-0.034009
-0.041586
-0.053412
-0.068362
-0.085468
-0.10334
-0.11978
-0.13225
-0.1389
-0.13947
-0.13523
-0.12807
-0.11941
-0.10992
-0.099625
-0.088298
-0.075652
-0.061633
-0.046894
-0.033107
-0.022538
-0.016818
-0.015718
-0.016935
-0.017278
-0.014531
-0.008704
-0.0017841
0.003818
0.0069121
0.0080275
0.0084936
0.0089788
0.0087109
0.0059458
-0.00076622
-0.011503
-0.024803
-0.038369
-0.050014
-0.058235
-0.062279
-0.061983
-0.057704
-0.05033
-0.041257
-0.032164
-0.024605
-0.019553
-0.017191
-0.017202
-0.019424
-0.024379
-0.033135
-0.046471
-0.063914
-0.08337
-0.10168
-0.11578
-0.12371
-0.12502
-0.12045
-0.11138
-0.09944
-0.086386
-0.073911
-0.063338
-0.055262
-0.049479
-0.045299
-0.042019
-0.039178
-0.036504
-0.033717
-0.030479
-0.026506
-0.021659
-0.015923
-0.0093895
-0.0023724
0.0044004
0.0098229
0.012854
0.013201
0.011733
