-0.0046948
-0.0017765
0.00065061
0.0023238
0.0032155
0.0033512
0.0027117
0.0013641
-0.0003348
-0.0017241
-0.0021191
-0.0012266
0.00060566
0.0025388
0.0037456
0.0039187
0.0033793
0.0027019
0.0022011
0.0017492
0.0010652
0.00015734
-0.00055208
-0.00057338
0.00017551
0.0012607
0.0021094
0.0024833
0.0025837
0.0027376
0.0030235
0.0031996
0.0029744
0.0023466
0.001683
0.0014364
0.0017334
0.0022188
0.0023295
0.0017608
0.00069239
-0.00040858
-0.0011639
-0.0014646
-0.0013587
-0.00087739
-3.2692e-05
0.0010403
0.0020074
0.0024572
0.0021465
0.0011677
-0.00010824
-0.0012651
-0.0020366
-0.002313
-0.0020475
-0.0012742
-0.00024913
0.00052907
0.00058762
-0.00015274
-0.0012694
-0.0020946
-0.0020925
-0.0010789
0.00074534
0.0028244
0.0043337
0.0044502
0.0028239
-2.6723e-05
-0.0027988
-0.004097
-0.0033514
-0.0012673
0.00063012
0.0010826
-3.1326e-05
-0.001758
-0.0029762
-0.0033174
-0.0032815
-0.0035194
-0.0040525
-0.0042322
-0.0034748
-0.0020072
-0.0008211
-0.00081019
-0.0018845
-0.0029232
-0.0026561
-0.00071635
0.0020271
0.0040802
0.0043296
0.0026992
0.00012739
-0.0019662
-0.0023895
-0.00078989
0.0020701
0.0046058
0.0052743
0.0035693
0.00045233
-0.0021732
-0.0026564
-0.00066794
0.0025695
0.0050478
0.0052561
0.0031599
0.00020838
-0.0016705
-0.0013973
0.00057098
0.0026811
0.0034731
0.0025943
0.0009141
-0.00024074
-6.1786e-05
0.0012845
0.0029431
0.0040413
0.0041955
0.0035706
0.0026031
0.0016834
0.0010005
0.00056086
0.00029475
0.00017965
0.00031742
0.00088135
0.0019024
0.0030496
0.0036767
0.0032252
0.0016969
-0.00024229
-0.0016761
-0.0020617
-0.0015677
-0.00087959
-0.00064776
-0.0010064
-0.0015068
-0.0014911
-0.00062273
0.00081685
0.0020929
0.0025402
0.0020646
0.00123
0.00083708
0.0013005
0.0023342
0.0032307
0.003509
0.0033352
0.0032946
0.0037203
0.0042565
0.0041315
0.0028992
0.00091887
-0.00089308
-0.0017744
-0.0016144
-0.00085016
8.6153e-06
0.00072731
0.0013235
0.0018378
0.0021917
0.0022486
0.0019626
0.0014424
0.0008659
0.00033923
-0.00014957
-0.00062913
-0.00099902
-0.0010189
-0.00050659
0.00040563
0.0012346
0.0014553
0.00093022
5.1896e-05
-0.00056263
-0.00054468
2.2921e-05
0.00080348
0.0015353
0.002165
0.0027419
0.0032771
0.0037187
0.0039888
0.0039643
0.0034351
0.0021944
0.00029439
-0.0017562
-0.0031391
-0.0032246
-0.0020513
-0.00034846
0.0009704
0.0014361
0.00126
0.0010175
0.0011008
0.0014263
0.001613
0.0014121
0.00095926
0.00062539
0.00065085
0.00094834
0.0012571
0.0014495
0.0016539
0.0020833
0.0027653
0.003423
0.0035971
0.0029346
0.0014858
-0.00019609
-0.0013124
-0.0013437
-0.00045061
0.00063874
0.0012094
0.0011017
0.00073284
0.000636
0.0010027
0.0016274
0.0021888
0.0025086
0.0025709
0.0024104
0.0020721
0.0016484
0.0012351
0.0007858
9.4728e-05
-0.00092752
-0.0019192
-0.0021319
-0.0010007
0.0012615
0.0036482
0.0049941
0.0047248
0.0031443
0.0011548
-0.0002651
-0.00048629
0.00054313
0.0022488
0.0036229
0.0037255
0.0023047
7.0032e-05
-0.0017091
-0.0020598
-0.00096381
0.00068217
0.0017278
0.0015335
0.00033469
-0.00095927
-0.0013518
-0.00038088
0.0015601
0.0034021
0.0040329
0.0030325
0.0010014
-0.00081194
-0.001354
-0.0004495
0.0011801
0.0025191
0.0029671
0.0026316
0.0020608
0.0016939
0.0014849
0.00099593
-0.00013269
-0.0017596
-0.0032589
-0.0039701
-0.0036752
-0.0026783
-0.0014386
-0.00012663
0.0014541
0.0034786
0.0056093
0.0069278
0.0064956
0.0041733
0.0010006
-0.0013046
-0.0014704
0.00040579
0.0028804
0.0041739
0.0034232
0.001231
-0.00088107
-0.0016454
-0.0009105
0.00044735
0.0013915
0.0015575
0.0013318
0.0012078
0.0011538
0.00068064
-0.00047459
-0.0018151
-0.0023256
-0.0012963
0.0010426
0.003618
0.0052013
0.0051414
0.0037097
0.0019095
0.00082718
0.00085275
0.0013264
0.0010283
-0.00073693
-0.0033649
-0.0052722
-0.0051585
-0.0031417
-0.00073746
0.00034593
-0.0004281
-0.0020559
-0.00288
-0.0019208
0.00043504
0.0028126
0.0038466
0.0030166
0.00084764
-0.0014985
-0.0029153
-0.0029428
-0.001961
-0.00088473
-0.00054298
-0.0011551
-0.0022707
-0.003191
-0.0035004
-0.0032735
-0.00286
-0.0025328
-0.0023292
-0.0021303
-0.0017999
-0.0012614
-0.00055301
0.00011245
0.0003894
3.6295e-05
-0.00078988
-0.0014951
-0.0014234
-0.0004056
0.0010021
0.0018673
0.0015982
0.00045435
-0.00059272
-0.00057597
0.00072311
0.0025856
0.0038599
0.0037491
0.0022681
7.7441e-05
-0.0020569
-0.0036521
-0.0044931
-0.0044502
-0.0035012
-0.0019521
-0.00047979
0.00023414
2.0173e-05
-0.00060507
-0.00080197
-2.5599e-05
0.0015727
0.0032262
0.0040282
0.003477
0.0017584
-0.00038508
-0.0020841
-0.0027849
-0.0024407
-0.0013874
-5.681e-05
0.0012384
0.0023145
0.0029931
0.0030444
0.0023123
0.00090694
-0.00075114
-0.0021129
-0.0027628
-0.0025621
-0.0016358
-0.00031451
0.0009049
0.0014797
0.0011088
2.2728e-05
-0.0010594
-0.0014187
-0.0009147
-0.00010847
0.00024353
-0.00011701
-0.00072469
-0.0008432
-0.00013945
0.0010633
0.0021234
0.0025989
0.0024692
0.0019938
0.0014934
0.0012619
0.0015347
0.0023665
0.0034733
0.0042744
0.0042358
0.0032888
0.0019401
0.00092206
0.00062983
0.00079243
0.00065078
-0.00046676
-0.0025742
-0.0048782
-0.0061893
-0.0056492
-0.0032893
-4.8645e-05
0.00274
0.0040534
0.0036704
0.0022314
0.00086316
0.00054197
0.0015152
0.003142
0.0043293
0.0043287
0.0033112
0.002221
0.0019802
0.0026992
0.0035921
0.0036746
0.002601
0.00088268
-0.00065116
-0.0015568
-0.0019631
-0.0021662
-0.0021764
-0.0017302
-0.00070234
0.00060023
0.0016227
0.0020301
0.00195
0.0017362
0.0015333
0.0011474
0.00038563
-0.0005298
-0.0010021
-0.00060463
0.00041734
0.0012679
0.0013062
0.00066445
0.00013694
0.00040309
0.0013249
0.0020093
0.0015838
-3.8514e-05
-0.0020707
-0.003436
-0.0034709
-0.0022328
-0.0003432
0.0013839
0.0022939
0.0021377
0.001162
-3.5259e-05
-0.00086033
-0.0010564
-0.00073584
-0.00010901
0.0007568
0.0018384
0.0028299
0.0030686
0.0020142
-5.7204e-05
-0.0019028
-0.0021026
-0.00026199
0.0024614
0.004124
0.0035211
0.0011722
-0.0011222
-0.0017858
-0.00071587
0.0007983
0.0013295
0.00053385
-0.00073705
-0.0013802
-0.0010286
-0.0001843
0.00045843
0.00070479
0.00090102
0.0014006
0.0020868
0.0024397
0.0020273
0.00089668
-0.00047395
-0.0015288
-0.0019373
-0.0016641
-0.00088984
7.5444e-05
0.00086618
0.0011745
0.0008845
0.00013152
-0.0007582
-0.0013893
-0.001417
-0.00068261
0.00063755
0.0020114
0.0028093
0.002719
0.0019441
0.00097128
0.00016545
-0.00035768
-0.00050733
-5.7539e-05
0.0010924
0.0024815
0.0031191
0.0022403
0.00017763
-0.0016135
-0.0016553
0.00021385
0.0025624
0.0035384
0.0024664
0.00038291
-0.00095787
-0.00062788
0.00080076
0.0019371
0.0018331
0.00067267
-0.00057115
-0.0010312
-0.00058687
0.00016269
0.00042308
-0.00021038
-0.0014525
-0.0024431
-0.0022411
-0.00049482
0.0021046
0.0040188
0.003783
0.0011057
-0.0027296
-0.00562
-0.0060776
-0.004233
-0.0016073
0.00013583
0.0004136
-4.6143e-05
-5.8495e-05
0.00089385
0.002231
0.0028405
0.0020744
0.00030184
-0.001403
-0.0020988
-0.001608
-0.00048091
0.00054886
0.0010741
0.0011045
0.00082467
0.00038916
-4.6935e-05
-0.00023051
9.2318e-05
0.00090234
0.0017625
0.0020439
0.0014086
0.00015134
-0.0009308
-0.0010937
-0.00021269
0.001093
0.0018898
0.0015941
0.00038182
-0.00095615
-0.0016116
-0.001363
-0.000698
-0.00033666
-0.00057132
-0.0010335
-0.0011017
-0.00053914
0.00026112
0.00063502
0.00023713
-0.00068153
-0.0014978
-0.0016701
-0.0010185
0.00031287
0.0020309
0.0037664
0.0050417
0.0053517
0.0044768
0.0028001
0.001231
0.00063649
0.0011887
0.0022112
0.0027091
0.00216
0.00089431
-0.00024755
-0.00065317
-0.00041899
-0.00018892
-0.00054806
-0.0015146
-0.00253
-0.0029178
-0.0024266
-0.001426
-0.00058607
-0.00029982
-0.00036333
-0.00023161
0.0003945
0.001254
0.0018052
0.0017742
0.0013826
0.0010652
0.0010515
0.0012528
0.0014904
0.0017407
0.0021227
0.0026674
0.003127
0.0030481
0.0021081
0.00047338
-0.0011547
-0.0019449
-0.0015358
-0.00032935
0.00081734
0.0012701
0.0010809
0.00083737
0.0010701
0.0017918
0.0025783
0.0030385
0.0031387
0.0030637
0.0028575
0.002337
0.0014007
0.00032014
-0.00041315
-0.00056087
-0.00037392
-0.0002817
-0.00037967
-0.00031746
0.00027715
0.0013272
0.0023099
0.0026971
0.0023462
0.0015077
0.00056779
-0.00017513
-0.00059289
-0.00074836
-0.00087534
-0.0012316
-0.0018382
-0.0023344
-0.0021836
-0.0011516
0.00036753
0.0015625
0.0018592
0.0014438
0.001122
0.0015824
0.0027255
0.0036979
0.0036231
0.0023547
0.000565
-0.00087989
-0.0016307
-0.0019886
-0.0024074
-0.0029261
-0.0030972
-0.002424
-0.00083763
0.0011992
0.0029629
0.0038302
0.0035093
0.0021187
0.00016649
-0.001582
-0.0023889
-0.0019107
-0.00042376
0.0013117
0.0025139
0.0028442
0.002512
0.0019617
0.0014683
0.0010449
0.00070712
0.00070688
0.0013416
0.0024603
0.0032598
0.0027832
0.00080135
-0.0017517
-0.0033141
-0.0028523
-0.0006966
0.0016509
0.0026092
0.0016615
-0.00032891
-0.0018471
-0.0018843
-0.00059228
0.0010322
0.0020512
0.0022357
0.0019592
0.0016007
0.00114
0.00033316
-0.00079975
-0.0017628
-0.00194
-0.0012161
-0.00024358
5.3568e-06
-0.00089268
-0.0022894
-0.0028465
-0.0015884
0.0012548
0.0043392
0.0061508
0.0060274
0.0045003
0.0027976
0.0019714
0.0022925
0.003255
0.0040504
0.0041067
0.0033679
0.0022454
0.0013439
0.0011064
0.0015353
0.0021651
0.0023728
0.0018582
0.00091326
0.00019582
0.00015165
0.00060152
0.00091134
0.00060882
-0.00015542
-0.0007713
-0.000799
-0.00042548
-0.00027285
-0.00072652
-0.0014378
-0.0015198
-0.00032942
0.001827
0.0037186
0.0040258
0.0023845
-0.00020596
-0.0020179
-0.0018534
5.4793e-05
0.0022503
0.0032182
0.00254
0.0010797
0.00012216
0.00031464
0.0013477
0.0024949
0.0033127
0.0038103
0.0040998
0.0040627
0.003415
0.0020372
0.00019396
-0.0015471
-0.0025975
-0.0026345
-0.0017483
-0.00038826
0.00086764
0.0015876
0.0016309
0.001103
0.00023042
-0.00070834
-0.0013876
-0.001497
-0.00092153
9.3786e-05
0.0010144
0.001374
0.0011734
0.00094909
0.0013683
0.0026193
0.004102
0.0047403
0.003753
0.0013083
-0.0014784
-0.0032497
-0.0032916
-0.0019312
-0.00020234
0.00087528
0.00084023
-0.00012199
-0.0014187
-0.002353
-0.0023573
-0.0011659
0.0010661
0.0037446
0.0059709
0.0068408
0.0058584
0.0033016
0.00026304
-0.0018362
-0.0020875
-0.00069861
0.0011911
0.0024
0.0025412
0.0020923
0.0017417
0.0017349
0.0018257
0.0017312
0.0015064
0.0014684
0.0018444
0.0025433
0.003225
0.0035165
0.0031829
0.0022117
0.00084906
-0.00044729
-0.0012122
-0.0012669
-0.00086572
-0.00050728
-0.00051213
-0.00072165
-0.00061927
0.00017949
0.0014771
0.0025191
0.0025506
0.0014739
2.3198e-05
-0.00075109
-0.00029641
0.00099877
0.0020983
0.0021022
0.00090274
-0.00075113
-0.0017678
-0.0014088
0.00027318
0.0024761
0.0041081
0.0043915
0.0032768
0.0014486
-6.7362e-05
-0.00047198
0.00036611
0.0018357
0.0029288
0.0028372
0.0014679
-0.00045027
-0.0017786
-0.0016828
-0.00019366
0.0017925
0.0031183
0.0031568
0.0021874
0.0010682
0.00051921
0.00066034
0.0011535
0.0016683
0.0021085
0.0023913
0.0021513
0.00089317
-0.0013774
-0.0036727
-0.0043921
-0.0025055
0.0013815
0.0051282
0.0064615
0.0046579
0.0011325
-0.0016006
-0.0017928
0.00035862
0.0031379
0.0048709
0.0051786
0.0048696
0.0047684
0.0047633
0.0040185
0.0020623
-0.00038435
-0.0016772
-0.00045649
0.0031223
0.0070618
0.0084754
0.0054859
-0.0008298
-0.0056628
-0.001952
0.015671
0.045949
0.078183
0.094713
0.079167
0.026646
-0.050947
-0.12914
-0.18279
-0.19785
-0.17549
-0.12788
-0.070661
-0.017122
0.024576
0.052558
0.070683
0.085302
0.10032
0.11438
0.12296
0.12381
0.12027
0.11895
0.12361
0.13114
0.13358
0.12451
0.10414
0.078606
0.054749
0.035126
0.017576
-0.00086709
-0.019708
-0.034358
-0.039604
-0.03406
-0.022107
-0.0123
-0.013564
-0.031215
-0.064441
-0.10633
-0.14662
-0.17588
-0.18927
-0.18773
-0.1762
-0.15979
-0.1405
-0.11727
-0.089712
-0.062416
-0.044826
-0.044936
-0.060893
-0.077943
-0.07501
-0.037604
0.031891
0.1142
0.1835
0.22091
0.22223
0.19638
0.15762
0.11758
0.081877
0.051345
0.025276
0.0035799
-0.013227
-0.025157
-0.033249
-0.038772
-0.042063
-0.042409
-0.039253
-0.033529
-0.027684
-0.024205
-0.023793
-0.024668
-0.023601
-0.018076
-0.0082365
0.0027925
0.010796
0.013697
0.013824
0.016956
0.028028
0.0464
0.064759
0.073248
0.066165
0.04618
0.022823
0.0063943
0.0017514
0.0061251
0.011976
0.012428
0.0054439
-0.0056021
-0.014472
-0.015425
-0.005653
0.013499
0.036513
0.055653
0.065061
0.064704
0.060463
0.059251
0.063078
0.067865
0.068699
0.066396
0.067849
0.078255
0.092088
0.092741
0.063711
0.003206
-0.070541
-0.129
-0.15137
-0.13723
-0.10466
-0.076187
-0.064027
-0.064997
-0.067222
-0.061313
-0.04634
-0.0268
-0.0053312
0.020651
0.054948
0.095556
0.13223
0.15201
0.14833
0.12567
0.095357
0.066551
0.040847
0.01514
-0.011112
-0.03213
-0.039375
-0.028853
-0.0054934
0.018991
0.032988
0.031742
0.019697
0.0071219
0.003163
0.0095105
0.01874
0.018856
0.0016365
-0.030801
-0.066438
-0.091331
-0.099512
-0.097025
-0.096647
-0.1074
-0.12729
-0.14486
-0.14799
-0.13288
-0.1063
-0.079949
-0.06187
-0.051678
-0.042624
-0.027678
-0.0041182
0.026176
0.059014
0.089397
0.11143
0.11888
0.10806
0.081462
0.048246
0.0198
0.0033922
-0.0012046
0.00027109
0.0016921
0.00044619
-0.0023411
-0.0042685
-0.0041124
-0.002532
-0.0011781
-0.0013635
-0.0032614
-0.0059639
-0.0081777
-0.0090001
-0.0082507
-0.0062617
-0.0034982
-0.00040677
0.0024795
0.0044499
0.0047591
0.0029744
-0.00068453
-0.0052425
-0.0092004
-0.011024
-0.0096959
-0.0051449
0.0016067
0.0086721
0.013924
0.015822
0.014047
0.0095964
0.0042327
-0.00038451
-0.0033915
-0.0048793
-0.0055196
-0.0059723
-0.0064382
-0.0065711
-0.0057515
-0.0035672
-0.00022456
0.0033852
0.0060487
0.0068076
0.0054084
0.0024354
-0.0008569
-0.0029439
-0.0026452
0.0001873
0.0043177
0.0075703
0.0080481
0.005387
0.0010716
-0.0025325
-0.0037457
-0.0025425
-0.00022445
0.0018193
0.0031696
0.0044147
0.0062753
0.0087055
0.010803
0.011567
0.010761
0.0090855
0.0075243
0.0064838
0.005471
0.0035456
0.00015412
-0.0042828
-0.0084287
-0.01071
-0.010233
-0.0073899
-0.0037414
-0.0011341
-0.00053531
-0.0013595
-0.0018402
-0.00030965
0.00346
0.0078553
0.01035
0.0091773
0.0045681
-0.0013381
-0.0058483
-0.0073838
-0.0063263
-0.0045213
-0.0038556
-0.0049369
-0.0067742
-0.0076141
-0.0062537
-0.0028465
0.0013419
0.0049173
0.0072275
0.0084722
0.0091335
0.0093716
0.0089664
0.0077917
0.0062672
0.0052284
0.0052234
0.0058675
0.0059625
0.0044473
0.0014443
-0.0015535
-0.0026391
-0.00086853
0.0030724
0.0074364
0.010664
0.012234
0.012515
0.011987
0.010671
0.00826
0.0046991
0.00056007
-0.0031722
-0.0057197
-0.0070031
-0.007598
-0.0082037
-0.0090687
-0.0098341
-0.0098873
-0.0088788
-0.0069536
-0.0045696
-0.0021609
4.0135e-05
0.0019621
0.0035848
0.0048477
0.0055523
0.005297
0.0036188
0.00040029
-0.003735
-0.0074842
-0.0095216
-0.0093366
-0.0075712
-0.0055258
-0.0041981
-0.0036397
-0.003121
-0.0018795
0.00022898
0.0026523
0.0045611
0.005363
0.0049896
0.0038651
0.0026214
0.0017227
0.0012407
0.00094992
0.00063603
0.00029155
5.1005e-06
-0.00028852
-0.00086069
-0.0019406
-0.0034163
-0.0047944
-0.0054584
-0.0049911
-0.0033414
-0.00080616
0.0020757
0.0046529
0.006328
0.0067556
0.0059978
0.0045316
0.0030536
0.0021267
0.001845
0.0017779
0.001341
0.00038718
-0.00049966
-0.00039083
0.001137
0.0034159
0.0049681
0.0045335
0.0020455
-0.0012578
-0.0037054
-0.0043467
-0.003457
-0.0020487
-0.00091501
-7.3176e-05
0.00098925
0.0026207
0.0045483
0.0060269
0.0063954
0.0055515
0.0040111
0.002573
0.0018447
0.0019061
0.0022961
0.0023647
0.001793
0.00088385
0.00031491
0.00051161
0.0012114
0.0016783
0.0013987
0.00058504
-1.2595e-05
0.00021371
0.0012257
0.0024421
0.0032474
0.0033784
0.0029106
0.0020013
0.00072375
-0.00085149
-0.0024567
-0.0035859
-0.0037526
-0.0028571
-0.0013041
0.00026991
0.0013941
0.0019301
0.0019567
0.0016175
0.0011073
0.00068869
0.00058265
0.00079296
0.0010771
0.00113
0.00081467
0.00025022
-0.00027269
-0.00044689
-7.5966e-05
0.00085702
0.0021675
0.0034906
0.0043744
0.0044647
0.0037315
0.002584
0.001723
0.0017295
0.0026368
0.003837
0.0044652
0.0040087
0.0026696
0.0012134
0.00045368
0.00076186
0.0018828
0.0030879
0.0035514
0.0027999
0.0010339
-0.00091993
-0.0021035
-0.0020759
-0.0011733
-0.00010135
0.00076924
0.0016784
0.0030084
0.0045734
0.0054828
0.0048154
0.0024822
-0.00055661
-0.0029122
-0.0036518
-0.0027337
-0.0008066
0.0012761
0.0028169
0.0034135
0.0030082
0.0019125
0.00072856
0.0001061
0.00042216
0.0015749
0.0030362
0.0041502
0.004494
0.0040688
0.0032201
0.0023916
0.0018994
0.0018254
0.0020079
0.0021165
0.0018471
0.0011971
0.00059408
0.00065084
0.0016475
0.0031959
0.0044526
0.004731
0.0039699
0.002677
0.0014862
0.00077408
0.00058364
0.00071823
0.00078293
0.000243
-0.0012408
-0.0032543
-0.0044578
-0.003424
-0.0001972
0.002849
0.0022594
-0.0034863
-0.0117
-0.016694
-0.014482
-0.0072918
-0.0033621
-0.011081
-0.031913
-0.058301
-0.078632
-0.085035
-0.077459
-0.061377
-0.042243
-0.02191
0.00045378
0.024671
0.046891
0.060753
0.062025
0.05307
0.042732
0.040462
0.048662
0.059674
0.060667
0.043095
0.0094115
-0.02812
-0.055326
-0.064596
-0.058021
-0.043817
-0.029475
-0.016928
-0.0029111
0.016275
0.039546
0.059609
0.066999
0.05731
0.036527
0.019614
0.021663
0.046527
0.080949
0.099663
0.080032
0.017787
-0.066779
-0.13798
-0.16496
-0.1399
-0.081689
-0.022523
0.012327
0.017624
0.0069
0.00029562
0.011018
0.038583
0.071211
0.094082
0.09758
0.080984
0.050814
0.016386
-0.014094
-0.035361
-0.045394
-0.045287
-0.038803
-0.031013
-0.02596
-0.024597
-0.024638
-0.022714
-0.017302
-0.0099715
-0.0037317
0.00024074
0.0044357
0.013208
0.028329
0.045816
0.057674
0.058244
0.050331
0.045384
0.056116
0.086192
0.12488
0.15158
0.14784
0.10877
0.046091
-0.018368
-0.064073
-0.080844
-0.071216
-0.046205
-0.018109
0.0052196
0.02184
0.033111
0.039781
0.040279
0.032753
0.019034
0.0065599
0.0056584
0.023351
0.057876
0.097735
0.12603
0.12771
0.096275
0.037114
-0.033711
-0.094799
-0.12735
-0.12291
-0.087433
-0.039021
0.00050577
0.016089
0.0062905
-0.017285
-0.037298
-0.040163
-0.022527
0.0080809
0.03795
0.054477
0.052525
0.036986
0.020338
0.016026
0.030428
0.057657
0.081261
0.08335
0.055968
0.0065114
-0.047199
-0.088375
-0.11028
-0.11656
-0.1145
-0.10819
-0.097267
-0.080743
-0.060616
-0.041285
-0.025758
-0.013195
-0.00035678
0.015203
0.034111
0.056894
0.084873
0.11721
0.14639
0.15814
0.13902
0.087186
0.01738
-0.045086
-0.078106
-0.074979
-0.047069
-0.015869
-0.00017304
-0.0064476
-0.02749
-0.04881
-0.057596
-0.048547
-0.024157
0.0086416
0.042007
0.069268
0.086302
0.092726
0.09151
0.085806
0.07501
0.054479
0.020687
-0.022345
-0.06221
-0.085287
-0.086702
-0.074464
-0.063731
-0.065477
-0.07853
-0.091092
-0.09009
-0.070856
-0.040051
-0.010509
0.0073705
0.0114
0.0074052
0.0045421
0.010184
0.02754
0.056191
0.093208
0.13257
0.16354
0.17151
0.14415
0.080766
-0.0023208
-0.076352
-0.11419
-0.10537
-0.061914
-0.010625
0.022801
0.027076
0.007773
-0.020514
-0.044502
-0.057364
-0.057514
-0.04556
-0.023349
0.0056168
0.037119
0.068234
0.09713
0.11963
0.12679
0.10859
0.062611
-8.414e-06
-0.058228
-0.092951
-0.09815
-0.082952
-0.063785
-0.05309
-0.052723
-0.055668
-0.05337
-0.042567
-0.026755
-0.011944
-0.00076903
0.0098752
0.025557
0.048246
0.072948
0.090196
0.092178
0.077119
0.048545
0.011224
-0.03146
-0.076108
-0.11617
-0.1418
-0.14474
-0.12497
-0.093128
-0.065476
-0.054326
-0.060845
-0.075387
-0.084653
-0.080005
-0.061218
-0.034439
-0.0074562
0.013881
0.026692
0.030534
0.026619
0.017225
0.0051832
-0.0066322
-0.015803
-0.020783
-0.021158
-0.017652
-0.011864
-0.0058175
-0.0013898
0.00025871
-0.00091461
-0.0038832
-0.0071283
-0.0094298
-0.010318
-0.0098883
-0.0082624
-0.0052887
-0.00080377
0.0048372
0.010525
0.014726
0.016158
0.014359
0.0098692
0.0040168
-0.0015633
-0.0054962
-0.0071149
-0.0065761
-0.004579
-0.0019033
0.00087159
0.0033121
0.0049524
0.00532
0.0042234
0.0020167
-0.00047058
-0.0023417
-0.0030706
-0.0026652
-0.001516
-0.00010893
0.0012133
0.0023605
0.0034429
0.0045621
0.0055594
0.0059322
0.005061
0.0026595
-0.00082565
-0.0041653
-0.0058072
-0.0047112
-0.0010902
0.0035151
0.0070165
0.0079507
0.006222
0.0029068
-0.00063541
-0.0035654
-0.0056769
-0.0069083
-0.0069123
-0.0052149
-0.0018244
0.002388
0.0060425
0.0081281
0.008649
0.0084644
0.0084584
0.0087572
0.0086537
0.0072819
0.0044605
0.00098588
-0.0018793
-0.003297
-0.0033725
-0.0028844
-0.0025127
-0.0022932
-0.0017658
-0.00060745
0.00090914
0.0020899
0.0024595
0.0022469
0.0022348
0.0030864
0.0047397
0.0063759
0.006942
0.0057734
0.0028936
-0.0010692
-0.0051359
-0.0082188
-0.0093592
-0.0080403
-0.0045334
-3.9454e-05
0.003644
0.004948
0.0034482
0.00023597
-0.0026397
-0.0034015
-0.0016398
0.0014937
0.0041308
0.0049614
0.0040378
0.0025784
0.0019608
0.0026483
0.0038308
0.0040747
0.0025711
7.0929e-05
-0.0013278
0.00033075
0.0049566
0.009548
0.0094182
0.0011746
-0.01445
-0.03222
-0.045278
-0.049434
-0.045567
-0.038087
-0.030682
-0.023067
-0.01185
0.0046837
0.021709
0.027679
0.010616
-0.032745
-0.092045
-0.14755
-0.18148
-0.18831
-0.17635
-0.15995
-0.14911
-0.1445
-0.14053
-0.13215
-0.11875
-0.10252
-0.084389
-0.063052
-0.038553
-0.015996
-0.0039491
-0.0072639
-0.020661
-0.030075
-0.022083
0.0060731
0.044388
0.077371
0.094025
0.09253
0.077737
0.05614
0.033569
0.015985
0.0097991
0.019161
0.042082
0.069707
0.090755
0.098486
0.09473
0.087271
0.082078
0.076769
0.062073
0.031951
-0.0057195
-0.029398
-0.018901
0.025135
0.075349
0.094361
0.063028
-0.0033775
-0.065714
-0.089524
-0.067688
-0.020521
0.02266
0.043003
0.039167
0.021806
0.0039683
-0.0052124
-0.0018752
0.013916
0.039543
0.070063
0.098037
0.1148
0.11406
0.095879
0.067697
0.040465
0.022411
0.015023
0.014018
0.013826
0.011558
0.0077059
0.0040589
0.0014559
-0.00068769
-0.0032475
-0.0062189
-0.0086977
-0.009835
-0.0096719
-0.0090372
-0.008683
-0.0085385
-0.007786
-0.0056693
-0.0022792
0.0013873
0.0041241
0.0053291
0.0052557
0.0046172
0.0040339
0.0037896
0.0038752
0.0040206
0.0036664
0.0021675
-0.00062173
-0.0037914
-0.0055663
-0.0045271
-0.0011764
0.0015369
-0.00026396
-0.0084271
-0.020718
-0.03202
-0.038529
-0.041309
-0.045146
-0.052831
-0.060426
-0.059531
-0.046079
-0.027551
-0.020231
-0.03692
-0.075159
-0.11656
-0.13853
-0.12925
-0.094748
-0.054052
-0.027254
-0.025211
-0.046043
-0.077885
-0.10427
-0.10975
-0.085695
-0.035652
0.022817
0.064324
0.069457
0.038278
-0.0076467
-0.038941
-0.039072
-0.015747
0.0065919
0.00683
-0.017164
-0.049494
-0.070818
-0.072659
-0.060055
-0.042986
-0.026497
-0.0088073
0.012052
0.030877
0.035607
0.016286
-0.024926
-0.072147
-0.10512
-0.11246
-0.098011
-0.075282
-0.055063
-0.037359
-0.014912
0.015337
0.044575
0.05691
0.043188
0.010905
-0.019508
-0.029142
-0.013474
0.016114
0.041465
0.049181
0.037085
0.013757
-0.0064811
-0.010193
0.0089653
0.046253
0.086175
0.10851
0.098902
0.059046
0.0094579
-0.020121
-0.0097263
0.034099
0.077437
0.078393
0.015856
-0.092773
-0.19965
-0.25651
-0.24501
-0.185
-0.11583
-0.067456
-0.044247
-0.030793
-0.010103
0.022616
0.059579
0.089662
0.10743
0.11497
0.11669
0.11269
0.097566
0.067214
0.028298
0.00041263
0.005123
0.048219
0.11069
0.15914
0.16941
0.14379
0.10682
0.083827
0.081697
0.087711
0.084942
0.068596
0.049018
0.040528
0.047583
0.061012
0.067391
0.06275
0.057598
0.067298
0.095228
0.12446
0.12793
0.090588
0.024137
-0.039531
-0.071418
-0.0651
-0.037162
-0.010466
0.0036047
0.0096398
0.018481
0.033939
0.047478
0.04447
0.016437
-0.030355
-0.076672
-0.10158
-0.095202
-0.063732
-0.023778
0.0087664
0.026702
0.031891
0.030312
0.027138
0.024957
0.024374
0.024813
0.024758
0.022277
0.016341
0.0079956
-4.7791e-07
-0.0050841
-0.0067426
-0.0066788
-0.0072443
-0.0096189
-0.013209
-0.016447
-0.017998
-0.017382
-0.01483
-0.010868
-0.0060655
-0.00097352
0.0038982
0.0080809
0.011087
0.012387
0.011623
0.0089916
0.0054548
0.0023823
0.00073594
0.00039825
0.00026759
-0.00086228
-0.0033191
-0.0062409
-0.0081181
-0.0077015
-0.0046611
0.00028393
0.0056927
0.0099996
0.01216
0.012071
0.010526
0.008671
0.0072919
0.0064129
0.0054978
0.0040581
0.0021562
0.0004197
-0.00039268
8.7119e-05
0.0015751
0.0032745
0.0043286
0.0043294
0.0035519
0.0026894
0.0022229
0.0019277
0.0010306
-0.0010034
-0.0037164
-0.0056843
-0.0054315
-0.0025295
0.0020139
0.0063712
0.0090081
0.0094751
0.0084234
0.0069797
0.0059582
0.0053788
0.0045482
0.0026495
-0.00054777
-0.0043752
-0.0076054
-0.009181
-0.0087604
-0.0067175
-0.0037484
-0.0005276
0.002348
0.004295
0.0048641
0.0040664
0.0025547
0.0013068
0.00092197
0.0011299
0.0010439
1.4809e-05
-0.0016958
-0.003091
-0.0033071
-0.0023379
-0.00095342
1.3532e-05
0.00025807
-3.8728e-05
-0.00067319
-0.0016929
-0.0031604
-0.004702
-0.0054284
-0.0044924
-0.0018899
0.0012475
0.003275
0.0031831
0.0013382
-0.00084613
-0.0020561
-0.0020581
-0.0016753
-0.0018502
-0.0027105
-0.0035007
-0.0033715
-0.0022143
-0.00074599
0.00016969
0.00026278
-6.4924e-06
7.4531e-05
0.00089804
0.0023079
0.0037273
0.0044291
0.0038451
0.0018989
-0.00080237
-0.0031873
-0.0043432
-0.0040939
-0.003028
-0.001958
-0.0013223
-0.0010382
-0.00081417
-0.0005038
-0.00014951
0.00021932
0.00071419
0.0014641
0.0023857
0.0031151
0.0031987
0.0023919
0.0008504
-0.00089364
-0.0021427
-0.0023518
-0.0014308
0.00015208
0.0016105
0.0023135
0.0021346
0.0013969
0.00053157
-0.00017174
-0.00053444
-0.00037267
0.00043827
0.0017526
0.0030815
0.0038219
0.0036271
0.0026132
0.0012457
1.375e-05
-0.00085029
-0.0014006
-0.0017732
-0.0019829
-0.001947
-0.0016827
-0.0014009
-0.0013185
-0.0013661
-0.0011533
-0.00031478
0.0010596
0.0023497
0.002808
0.0021247
0.00068566
-0.00068378
-0.0012815
-0.00095427
-7.6472e-05
0.00083915
0.0015186
0.001967
0.0021996
0.0020054
0.0010646
-0.00060221
-0.0022761
-0.0027763
-0.0013641
0.0013205
0.0032741
0.0025476
-0.00072156
-0.0033851
-0.00078778
0.009788
0.026135
0.04128
0.047531
0.042214
0.031027
0.025735
0.036374
0.062487
0.090133
0.098666
0.074388
0.02181
-0.036642
-0.07393
-0.075928
-0.050188
-0.019093
-0.0027462
-0.0052287
-0.014729
-0.016075
-0.003849
0.015379
0.032702
0.048303
0.072766
0.11569
0.17157
0.21712
0.22548
0.18717
0.11995
0.057554
0.02492
0.019575
0.014696
-0.017998
-0.083698
-0.15853
-0.20776
-0.21354
-0.18912
-0.16711
-0.17197
-0.19999
-0.22293
-0.21105
-0.15596
-0.076307
-0.0047938
0.031942
0.026924
-0.0058584
-0.040202
-0.050789
-0.024977
0.031491
0.097711
0.14849
0.16686
0.15098
0.11227
0.067454
0.030335
0.0072489
-0.002992
-0.0063036
-0.0094461
-0.016532
-0.027258
-0.037737
-0.043486
-0.042568
-0.036671
-0.029471
-0.023874
-0.020431
-0.017905
-0.014929
-0.011047
-0.006533
-0.0017229
0.0032653
0.0083846
0.013558
0.018758
0.023944
0.028707
0.032001
0.03249
0.029443
0.023418
0.015996
0.0086101
0.0014994
-0.0061529
-0.014889
-0.023691
-0.030114
-0.031912
-0.028764
-0.022484
-0.015511
-0.0090544
-0.0025623
0.0051217
0.014067
0.022596
0.028192
0.029144
0.025584
0.019225
0.012203
0.0059127
0.00052536
-0.0047076
-0.010626
-0.017271
-0.023464
-0.027213
-0.026804
-0.02189
-0.013806
-0.0048838
0.0027202
0.0078952
0.010708
0.011926
0.012386
0.012576
0.012556
0.012129
0.011071
0.0092683
0.0067506
0.0037323
0.00070351
-0.0016288
-0.0027341
-0.0027709
-0.0026585
-0.0034252
-0.0052845
-0.0072937
-0.0079858
-0.0064825
-0.0031815
0.00049514
0.00305
0.0038559
0.0034732
0.0031647
0.0039463
0.0058172
0.0077188
0.0082711
0.0067529
0.003597
7.1724e-05
-0.0025474
-0.0036815
-0.0035939
-0.0030015
-0.0025075
-0.002235
-0.0018476
-0.00090336
0.00070901
0.0025612
0.0038929
0.0041294
0.003329
0.0021679
0.0014107
0.0012706
0.001232
0.00054341
-0.0010334
-0.0029086
-0.0040922
-0.0039819
-0.0028235
-0.0014915
-0.00084036
-0.0011468
-0.0019833
-0.0025136
-0.0020065
-0.00029697
0.0020827
0.0042389
0.0055191
0.0058988
0.0058163
0.0056351
0.0052773
0.0043789
0.0027708
0.00077214
-0.00099403
-0.0020572
-0.0023889
-0.0022941
-0.0020573
-0.0016709
-0.00084642
0.00071296
0.0029688
0.0053794
0.007077
0.0073357
0.0060342
0.0037633
0.0014761
-8.0978e-05
-0.00076018
-0.00098004
-0.0013225
-0.0020582
-0.0029357
-0.0033856
-0.002987
-0.0018363
-0.000514
0.0003541
0.0006042
0.00068369
0.0012801
0.0027029
0.0045301
0.0058436
0.0058898
0.004622
0.0026768
0.00084576
-0.00044591
-0.0011922
-0.0014458
-0.0010515
0.00012967
0.0017145
0.0026813
0.00206
8.9357e-06
-0.0017113
-0.00048154
0.0056307
0.016621
0.030368
0.04337
0.051751
0.052196
0.043062
0.025635
0.0045902
-0.013525
-0.023474
-0.023808
-0.01627
-0.0026333
0.017412
0.044316
0.074189
0.097217
0.1028
0.088607
0.065493
0.052052
0.061331
0.090037
0.12033
0.13435
0.12999
0.12337
0.13382
0.16294
0.18645
0.16863
0.090161
-0.032599
-0.15298
-0.22156
-0.21653
-0.15616
-0.085595
-0.048103
-0.060035
-0.1049
-0.1482
-0.161
-0.13615
-0.088343
-0.041545
-0.014211
-0.011036
-0.023074
-0.033548
-0.026369
0.0049607
0.051691
0.092073
0.10269
0.073023
0.013245
-0.051155
-0.094593
-0.10596
-0.092739
-0.073037
-0.062289
-0.064432
-0.072619
-0.077076
-0.073096
-0.063464
-0.054723
-0.051193
-0.051386
-0.048964
-0.037125
-0.013491
0.017267
0.044637
0.057077
0.048242
0.021129
-0.012652
-0.038498
-0.046147
-0.034513
-0.01149
0.010727
0.021921
0.018406
0.0039063
-0.01325
-0.024874
-0.027036
-0.021389
-0.013193
-0.0075524
-0.0064214
-0.0081324
-0.0092668
-0.0071921
-0.0015191
0.0061417
0.013491
0.018784
0.021284
0.020978
0.018111
0.013003
0.0061912
-0.0013605
-0.0083154
-0.013331
-0.01556
-0.014978
-0.012324
-0.0086725
-0.0048681
-0.0012055
0.0023851
0.0057855
0.0082907
0.008845
0.0068509
0.0028877
-0.0013532
-0.0039839
-0.0040106
-0.0017781
0.0014864
0.004539
0.0066797
0.0077172
0.0076376
0.0064465
0.004318
0.0017653
-0.00049658
-0.0019726
-0.0027181
-0.0032318
-0.0039492
-0.004751
-0.0049295
-0.0036984
-0.00087986
0.0027708
0.0058954
0.0073242
0.0067894
0.0050688
0.0034684
0.0030047
0.0038408
0.005326
0.0065374
0.0068692
0.0062354
0.0048359
0.0028218
0.00023062
-0.0027878
-0.005779
-0.0081122
-0.0093287
-0.0093231
-0.0081559
-0.0057758
-0.0021115
0.002437
0.0066724
0.0090309
0.0086419
0.0061132
0.0032021
0.0015019
0.00125
0.0013278
0.0004335
-0.0016723
-0.0039642
-0.005081
-0.00445
-0.0026151
-0.00062916
0.00079065
0.0015995
0.0021312
0.0026305
0.0030772
0.0033526
0.0034521
0.0034847
0.0035051
0.0034275
0.003166
0.0028351
0.0027258
0.003013
0.0034851
0.0036149
0.0029574
0.0015428
-7.2896e-05
-0.0011456
-0.0012213
-0.00042418
0.00064151
0.0013256
0.001418
0.0012995
0.0015666
0.0024119
0.0033804
0.0038333
0.003656
0.003314
0.0029758
0.0016216
-0.00256
-0.010367
-0.019981
-0.027494
-0.029701
-0.02696
-0.023497
-0.024482
-0.031938
-0.042693
-0.050437
-0.051056
-0.047564
-0.050242
-0.070483
-0.11185
-0.16487
-0.21038
-0.23015
-0.21835
-0.18594
-0.15465
-0.14405
-0.15986
-0.19078
-0.21467
-0.20957
-0.16344
-0.07935
0.023933
0.11597
0.16394
0.14676
0.068192
-0.040324
-0.13343
-0.17689
-0.16748
-0.13168
-0.10283
-0.095044
-0.096189
-0.085083
-0.055872
-0.026524
-0.023772
-0.058185
-0.11094
-0.14309
-0.12004
-0.03374
0.091596
0.21235
0.2878
0.29839
0.25053
0.16811
0.079066
0.005195
-0.042721
-0.067419
-0.085246
-0.11894
-0.18111
-0.25765
-0.30717
-0.28449
-0.17553
-0.017449
0.11533
0.15343
0.07561
-0.076226
-0.21951
-0.27633
-0.2142
-0.058388
0.1307
0.29874
0.42692
0.52918
0.62563
0.72043
0.80369
0.86942
0.92652
0.99058
1.0657
1.1342
1.1623
1.117
0.98237
0.76992
0.5178
0.27939
0.10365
0.014666
0.0010273
0.021684
0.026778
-0.016968
-0.11007
-0.22267
-0.31411
-0.35749
-0.35349
-0.32565
-0.302
-0.29722
-0.30666
-0.31352
-0.30136
-0.26266
-0.19999
-0.12178
-0.037485
0.044631
0.11706
0.17221
0.20353
0.20812
0.18835
0.15037
0.10061
0.043156
-0.019953
-0.086359
-0.15146
-0.20892
-0.25336
-0.28283
-0.2993
-0.30679
-0.30873
-0.30626
-0.29828
-0.28281
-0.2587
-0.22683
-0.19021
-0.15269
-0.11717
-0.084456
-0.053706
-0.024279
0.002417
0.022741
0.032674
0.030451
0.017966
-0.00022673
-0.019652
-0.038361
-0.057182
-0.077606
-0.099095
-0.1181
-0.12964
-0.13013
-0.11923
-0.099271
-0.073224
-0.042731
-0.0077491
0.032255
0.076606
0.12235
0.16441
0.19679
0.21447
0.21504
0.19954
0.17183
0.13704
0.099639
0.062461
0.02666
-0.0075323
-0.039971
-0.070047
-0.096581
-0.11812
-0.1335
-0.14229
-0.14487
-0.14219
-0.13537
-0.12565
-0.1144
-0.10278
-0.091056
-0.078411
-0.063657
-0.046603
-0.028834
-0.013144
-0.0021711
0.0025678
0.00065623
-0.0076714
-0.021599
-0.039397
-0.058468
-0.076263
-0.091449
-0.10413
-0.11465
-0.12187
-0.12277
-0.11376
-0.093156
-0.062515
-0.025841
0.012814
0.051289
0.089246
0.12639
0.1608
0.189
0.20763
0.21546
0.21381
0.20544
0.19269
0.17652
0.15692
0.13397
0.10872
0.083039
0.059089
0.038741
0.023401
0.013981
0.010809
0.013482
0.020914
0.031687
0.044488
0.05822
0.071706
0.083349
0.091279
0.094092
0.091574
0.08468
0.074622
0.061814
0.045674
0.025531
0.0018389
-0.023446
-0.047726
-0.069142
-0.087294
-0.10273
-0.11577
-0.12572
-0.13141
-0.13246
-0.13034
