-0.0025266
-0.00063708
0.0010329
0.0023773
0.0033521
0.00381
0.003488
0.0022501
0.0003772
-0.001398
-0.0022226
-0.0016324
0.00011484
0.0021543
0.0035479
0.0038647
0.0033613
0.0026356
0.0020885
0.0016771
0.0011433
0.00043496
-0.00013972
-0.00019516
0.00031586
0.0010166
0.0014579
0.0015327
0.0015228
0.0017565
0.0022487
0.0026744
0.0026866
0.0022754
0.0018318
0.0018284
0.002378
0.0030748
0.0032935
0.0026907
0.0014535
9.9951e-05
-0.00092078
-0.0014399
-0.0014783
-0.0010764
-0.00027935
0.00074339
0.0016435
0.0020266
0.0016919
0.00077775
-0.0003234
-0.0012187
-0.0017109
-0.0017808
-0.0014559
-0.00079255
-3.4025e-06
0.00050758
0.00037589
-0.00039967
-0.0013804
-0.0019514
-0.0016777
-0.00048291
0.001361
0.0032931
0.0045506
0.0044122
0.0026289
-0.00021953
-0.0028255
-0.0038391
-0.0027607
-0.00036336
0.0017794
0.0023837
0.0013211
-0.00044798
-0.0017818
-0.0022792
-0.0023999
-0.0027583
-0.0033553
-0.0035491
-0.0027941
-0.0013776
-0.00035053
-0.0006319
-0.0020982
-0.0035351
-0.0035486
-0.0016674
0.0012767
0.003739
0.0044825
0.003278
0.00093667
-0.0011814
-0.0018586
-0.00064503
0.0018295
0.0041021
0.0047025
0.0031293
0.00028716
-0.0020129
-0.002214
-5.4318e-05
0.0032192
0.0056168
0.0056768
0.003425
0.00036044
-0.001565
-0.0012781
0.00073757
0.0029008
0.0037405
0.0029139
0.0013102
0.00026311
0.00055895
0.0019827
0.0036283
0.0046001
0.004537
0.0036646
0.0024889
0.0014465
0.00073164
0.00031978
9.8864e-05
1.8762e-05
0.00018281
0.00078806
0.001889
0.0031554
0.0039135
0.0035665
0.0020975
0.00019255
-0.001183
-0.0014426
-0.00075593
0.000132
0.00047561
5.8349e-05
-0.00069331
-0.0010642
-0.00059889
0.00055469
0.0017559
0.0023584
0.0022073
0.0017555
0.0016862
0.0023335
0.0033883
0.0041743
0.0042722
0.0039112
0.0037182
0.0040368
0.0044963
0.0043003
0.0029865
0.00091711
-0.00097173
-0.0018993
-0.0017568
-0.0010097
-0.00020419
0.00041317
0.00089805
0.0013738
0.0018488
0.0022213
0.0023918
0.0023342
0.0020642
0.0015733
0.00083604
-8.187e-05
-0.00092251
-0.0012967
-0.00094345
-8.1374e-06
0.00094498
0.0012943
0.00083952
-3.3167e-05
-0.00067087
-0.00066233
-7.4388e-05
0.00073525
0.0014639
0.0020287
0.0024862
0.0028931
0.0032601
0.0035548
0.0036581
0.0033185
0.0022623
0.00048032
-0.0015488
-0.0029966
-0.0031952
-0.0021387
-0.00052479
0.00074506
0.0012014
0.0010546
0.00088488
0.0010912
0.0015902
0.001988
0.0020092
0.0017539
0.0015536
0.0016096
0.0018033
0.0018639
0.0016925
0.0014938
0.0015936
0.0021303
0.0028848
0.0033645
0.003092
0.0019484
0.00034575
-0.00096668
-0.0014039
-0.00097314
-0.00022453
0.00026128
0.00036854
0.00045747
0.00092685
0.0018032
0.0027387
0.0033346
0.0034177
0.0030484
0.0023755
0.0015576
0.00077421
0.00017229
-0.00027365
-0.00077268
-0.0014409
-0.001972
-0.0017032
-0.00017421
0.0023034
0.004661
0.0057305
0.0050013
0.0028938
0.00045118
-0.0012216
-0.0014201
-9.57e-05
0.0020921
0.003992
0.0045094
0.0032791
0.00097751
-0.0010704
-0.0017726
-0.00097591
0.00052119
0.001592
0.0015388
0.00048321
-0.00078389
-0.0013332
-0.00068327
0.00087562
0.0024168
0.0029442
0.0020734
0.00034647
-0.0011061
-0.0013475
-0.00026578
0.0014235
0.0027575
0.0031955
0.002881
0.0023672
0.0020784
0.0019493
0.001526
0.00043699
-0.0011831
-0.0027062
-0.0034588
-0.0032069
-0.002249
-0.0010595
0.00016116
0.001586
0.0033956
0.0052917
0.0064104
0.0058497
0.0034638
0.00024618
-0.0021377
-0.0024305
-0.00068154
0.0017619
0.0032102
0.0028214
0.001117
-0.00054289
-0.0010633
-0.00039395
0.00061051
0.0010503
0.0007505
0.00025483
0.00011736
0.00025581
5.7208e-05
-0.00086963
-0.0020987
-0.0026006
-0.0015843
0.00081858
0.0035972
0.0055152
0.0058456
0.0047492
0.0031291
0.0020208
0.0018292
0.0019664
0.0013145
-0.00072585
-0.0034903
-0.0053903
-0.0051719
-0.0030294
-0.00055103
0.00051715
-0.00034909
-0.0020918
-0.0029838
-0.0019914
0.00051511
0.0031374
0.0044597
0.0039028
0.0019372
-0.00031991
-0.0017914
-0.002021
-0.0013573
-0.00064815
-0.00063974
-0.0014851
-0.0027114
-0.0036461
-0.0039244
-0.003661
-0.0032105
-0.0028171
-0.0024818
-0.0020717
-0.0014743
-0.00066762
0.00024755
0.0010129
0.0012702
0.00079952
-0.00019882
-0.001084
-0.0011683
-0.00027716
0.0010113
0.0017282
0.0012537
-0.00014861
-0.0014597
-0.0016334
-0.00037498
0.0016294
0.0031928
0.0034228
0.0022178
0.00015246
-0.0020241
-0.0037721
-0.0047754
-0.0048084
-0.0038014
-0.0020797
-0.00039117
0.00049899
0.00036681
-0.00027269
-0.00053413
0.00019133
0.0018001
0.003537
0.0044732
0.004069
0.0024752
0.00041076
-0.0012697
-0.0020238
-0.001812
-0.00096481
0.0001145
0.0011672
0.0020748
0.002708
0.0028438
0.0022789
0.0010399
-0.00053308
-0.0019252
-0.0026877
-0.0025973
-0.0016878
-0.0002425
0.0012207
0.0020809
0.0019379
0.00094147
-0.00022741
-0.00083705
-0.0006887
-0.00025249
-0.0001837
-0.00065932
-0.0011835
-0.0010574
-4.4602e-05
0.0014118
0.0025755
0.0029736
0.002627
0.0018865
0.0011714
0.00084059
0.001141
0.0020903
0.0033423
0.0042578
0.004268
0.0032993
0.0018767
0.00076006
0.00037014
0.00045395
0.00026357
-0.00086547
-0.0029425
-0.0051728
-0.006372
-0.0056961
-0.0032015
0.00014079
0.0029697
0.0042511
0.0037804
0.0022401
0.0008072
0.00049352
0.0015517
0.0033183
0.0046676
0.0048282
0.0039633
0.0030149
0.0028913
0.0036714
0.004532
0.0044703
0.0031613
0.0011753
-0.00058421
-0.0016165
-0.0020323
-0.0021495
-0.0020228
-0.0014341
-0.00028851
0.001099
0.0021845
0.0026542
0.0026541
0.0025396
0.0024328
0.0020982
0.0012994
0.00023505
-0.00048556
-0.00038451
0.00037002
0.0010603
0.001097
0.00061664
0.00036682
0.00094382
0.0021198
0.0029369
0.0025045
0.00076301
-0.0014463
-0.0029936
-0.0031821
-0.0020559
-0.00022902
0.0015012
0.0025048
0.0025466
0.0018516
0.00094967
0.00033581
0.00017856
0.00033357
0.00064024
0.0011514
0.0019861
0.0029385
0.0033538
0.0025981
0.00079216
-0.00096709
-0.001326
0.00015838
0.0024718
0.0038449
0.0031997
0.0010785
-0.00080553
-0.0010326
0.00034563
0.0019527
0.0023717
0.0013514
-0.00013213
-0.00088149
-0.00050589
0.0004432
0.0011823
0.0014394
0.0015357
0.0018627
0.0023806
0.002644
0.002254
0.0012336
-8.1828e-06
-0.00099878
-0.0014675
-0.0013897
-0.00090409
-0.00024548
0.00029599
0.00045744
0.00012343
-0.0006061
-0.0014527
-0.0020538
-0.0020659
-0.0013009
0.00010675
0.0016523
0.0026957
0.0028708
0.0023017
0.0014069
0.00053033
-0.00017032
-0.00051567
-0.00018575
0.00097644
0.0025057
0.003354
0.0026739
0.00072495
-0.0010771
-0.0012519
0.00040209
0.0025143
0.0032946
0.0021091
2.4885e-06
-0.0012982
-0.00091153
0.00054896
0.0016781
0.0015484
0.0003873
-0.00079013
-0.0010984
-0.00043086
0.00057396
0.0010743
0.00062444
-0.00051824
-0.0015081
-0.0014044
0.00016227
0.0025439
0.0042692
0.0039475
0.0013364
-0.0022893
-0.0049063
-0.0051534
-0.0032807
-0.00085882
0.00050337
0.00036862
-0.00036
-0.00037149
0.00086934
0.0026814
0.0037737
0.0033167
0.0015681
-0.00039758
-0.0015326
-0.0014949
-0.00067985
0.00026555
0.00092769
0.0012331
0.0012525
0.0010479
0.00073534
0.00058429
0.00089582
0.0016964
0.002571
0.0028861
0.0022852
0.0010467
-3.686e-05
-0.00021706
0.00063523
0.0018983
0.0026288
0.0022322
0.00087956
-0.00063242
-0.0014792
-0.0014133
-0.00088913
-0.00059456
-0.00080503
-0.0011667
-0.0011089
-0.00046504
0.00031863
0.00057711
2.5531e-05
-0.00099192
-0.0017799
-0.0017902
-0.00090806
0.0006241
0.0024377
0.0041488
0.0053212
0.0055094
0.0045302
0.0027638
0.001097
0.00038828
0.00083662
0.0018163
0.0023722
0.0019759
0.00089804
-0.0001052
-0.0004822
-0.00032715
-0.00021527
-0.00063278
-0.0015252
-0.0023318
-0.0024483
-0.0017338
-0.00064842
0.00011023
0.0001908
-0.00012307
-0.00021107
0.00027026
0.0010733
0.0016541
0.001731
0.0015075
0.0013803
0.0015207
0.0017816
0.0019546
0.0020322
0.0021888
0.0025201
0.0028189
0.0026296
0.0015953
-0.00015328
-0.0019179
-0.0028241
-0.0024377
-0.001097
0.00035484
0.0012304
0.0014752
0.0015563
0.0019159
0.0025414
0.0030523
0.0031492
0.0029031
0.0025809
0.0022651
0.0017649
0.00094207
2.6466e-05
-0.00051666
-0.00045755
-5.3507e-05
0.00024044
0.00027578
0.00033995
0.0007691
0.00151
0.0021275
0.0022128
0.0017217
0.00093673
0.00019681
-0.0003046
-0.00055723
-0.00070751
-0.0010063
-0.0016561
-0.0025728
-0.0032838
-0.0031807
-0.0020272
-0.00028289
0.0011411
0.0015834
0.001193
0.00079775
0.0011489
0.0022144
0.003183
0.0031831
0.0020462
0.00041483
-0.00086602
-0.0014561
-0.0016609
-0.0019429
-0.0023569
-0.0024708
-0.0017901
-0.00022718
0.0017915
0.0035784
0.0045249
0.0043189
0.0030306
0.0011174
-0.00067717
-0.001593
-0.0012338
0.000174
0.0018834
0.0030802
0.0033704
0.0029231
0.0021885
0.0014987
0.00094952
0.00062617
0.00080259
0.0017394
0.0032048
0.0043034
0.0040106
0.0020764
-0.00053929
-0.0022186
-0.0018694
0.00021617
0.0025439
0.0035157
0.0025904
0.00061842
-0.00087736
-0.00086674
0.00051228
0.0022481
0.0033544
0.0035396
0.0031351
0.002525
0.0017446
0.00062865
-0.00073767
-0.0018333
-0.0020586
-0.0013397
-0.00037113
-0.0001534
-0.0011191
-0.0026117
-0.0032707
-0.002089
0.00073713
0.0038897
0.0058611
0.0059675
0.0046904
0.0031877
0.002438
0.0026569
0.0033238
0.0036722
0.0032301
0.0020799
0.00076656
-2.9239e-05
0.00011163
0.001062
0.0021628
0.0026086
0.002007
0.00069169
-0.00051748
-0.00096178
-0.00064789
-0.00014924
-7.0702e-06
-0.00022798
-0.00037142
-0.00010811
0.00035684
0.0004613
-8.9812e-05
-0.00087923
-0.0010037
0.00014695
0.002213
0.0039263
0.0039727
0.0020422
-0.00077931
-0.0026786
-0.0024124
-0.0002373
0.0022937
0.0035294
0.0029334
0.0013255
4.0444e-05
-0.00015889
0.00053821
0.0014734
0.0022007
0.002685
0.0030012
0.0030361
0.0025459
0.0014432
-3.1749e-05
-0.0014082
-0.0022348
-0.0022986
-0.0017067
-0.00080904
-1.2419e-08
0.00047726
0.00059143
0.00042928
8.0268e-05
-0.00036716
-0.00074563
-0.00080735
-0.00038955
0.00038412
0.0011107
0.0014086
0.001289
0.0012319
0.0018111
0.0031221
0.0045029
0.0048661
0.003474
0.00058485
-0.0025706
-0.0045253
-0.0044934
-0.0027924
-0.0005156
0.001205
0.001778
0.0012809
0.00024719
-0.00063044
-0.00074907
0.0002076
0.0021295
0.0044534
0.0063027
0.0067996
0.0054881
0.0026954
-0.00044524
-0.0025028
-0.0026009
-0.0010135
0.0010473
0.002353
0.0025196
0.0020777
0.0017953
0.0019805
0.0023905
0.0026633
0.0027085
0.0026891
0.0027452
0.0028252
0.0027574
0.0024072
0.0017483
0.00085804
-8.1226e-05
-0.00079369
-0.0010292
-0.00076661
-0.00030702
-8.7113e-05
-0.00030492
-0.00068434
-0.00064729
0.00017964
0.0015352
0.0025906
0.0025483
0.0013207
-0.00030467
-0.0012116
-0.00080487
0.00052882
0.0017208
0.0018292
0.00072022
-0.00085677
-0.0017931
-0.0013395
0.00043395
0.0026766
0.0042383
0.0043125
0.0028843
0.00073868
-0.00097024
-0.0013513
-0.00027035
0.0015644
0.0029909
0.0030663
0.0016523
-0.00045243
-0.0019574
-0.0018737
-0.00015745
0.0022455
0.0040235
0.0043649
0.0034243
0.0020574
0.0011054
0.00087459
0.0011879
0.0017733
0.0024655
0.0030256
0.0029291
0.001604
-0.00089932
-0.0034533
-0.0043005
-0.0023255
0.0018291
0.0058764
0.0073597
0.0054307
0.0015138
-0.0017159
-0.0022525
-5.6876e-05
0.0032323
0.0057604
0.0067218
0.0064144
0.0053552
0.0036237
0.0012037
-0.0011202
-0.0014579
0.0022448
0.010514
0.021124
0.029343
0.029747
0.018821
-0.0028822
-0.030108
-0.054402
-0.067508
-0.065445
-0.051179
-0.033934
-0.024742
-0.030486
-0.050304
-0.076955
-0.10164
-0.11785
-0.12138
-0.10855
-0.076688
-0.027765
0.028996
0.079549
0.11163
0.12059
0.11097
0.094253
0.085437
0.098946
0.14289
0.21261
0.28807
0.33955
0.34137
0.28591
0.18861
0.080162
-0.0091958
-0.06321
-0.0833
-0.082045
-0.072671
-0.062032
-0.05042
-0.036075
-0.019837
-0.0067842
-0.004392
-0.018566
-0.0497
-0.090961
-0.13009
-0.15421
-0.1556
-0.13551
-0.10402
-0.075308
-0.060573
-0.062733
-0.076162
-0.09117
-0.099338
-0.095902
-0.078832
-0.047571
-0.0039607
0.045487
0.089448
0.11601
0.11923
0.103
0.078784
0.058529
0.047835
0.04411
0.040295
0.030814
0.015386
-0.0015502
-0.014637
-0.021421
-0.023437
-0.024207
-0.02624
-0.029555
-0.03256
-0.033996
-0.033994
-0.03349
-0.032813
-0.030901
-0.025896
-0.016765
-0.0047744
0.0064655
0.012923
0.013158
0.010219
0.010332
0.018464
0.033836
0.049314
0.056016
0.050011
0.035828
0.023685
0.022228
0.032053
0.044717
0.047985
0.033771
0.0035383
-0.032086
-0.058666
-0.06463
-0.045882
-0.0071713
0.039622
0.079978
0.10301
0.10647
0.096731
0.083132
0.071054
0.059993
0.048239
0.038967
0.040187
0.056775
0.081644
0.0959
0.080754
0.032779
-0.030328
-0.07941
-0.09239
-0.06805
-0.025542
0.0087991
0.017048
-0.0026878
-0.039621
-0.079409
-0.1111
-0.12811
-0.12607
-0.10255
-0.060187
-0.0094325
0.034196
0.058342
0.061767
0.054831
0.05082
0.054681
0.058836
0.049993
0.021064
-0.021974
-0.063482
-0.088189
-0.089837
-0.072958
-0.047988
-0.024083
-0.0045086
0.01286
0.030885
0.048027
0.056832
0.047935
0.017505
-0.027306
-0.070004
-0.093813
-0.092308
-0.073588
-0.054461
-0.048871
-0.059299
-0.077161
-0.091003
-0.095488
-0.094268
-0.095204
-0.10259
-0.11305
-0.11801
-0.1101
-0.087635
-0.054435
-0.01679
0.018801
0.045919
0.058671
0.054214
0.035879
0.013217
-0.0026684
-0.0055521
0.0027295
0.014694
0.022852
0.023999
0.019557
0.012947
0.0068028
0.0019145
-0.0021477
-0.0058847
-0.0091766
-0.011387
-0.011997
-0.011175
-0.0097572
-0.0086628
-0.0082574
-0.0082096
-0.0078852
-0.006894
-0.0053689
-0.0038308
-0.0027847
-0.0023402
-0.0020962
-0.0013459
0.00052518
0.0036424
0.0074303
0.010728
0.01226
0.011291
0.0080937
0.0039102
0.00035382
-0.001413
-0.0012385
4.1023e-05
0.0011512
0.0010968
-0.00034405
-0.0025595
-0.0044587
-0.0050561
-0.0039905
-0.001687
0.00092408
0.0029234
0.003828
0.0037478
0.0033011
0.0033461
0.0045236
0.0067147
0.008782
0.0090215
0.0062825
0.0010316
-0.0045684
-0.0078361
-0.0072437
-0.0033418
0.0017513
0.0058522
0.0080213
0.0087495
0.0090814
0.009569
0.0099534
0.0097032
0.0087536
0.0076786
0.0071477
0.0072117
0.0070981
0.0057124
0.0024578
-0.002221
-0.006934
-0.01004
-0.010557
-0.0087552
-0.0060318
-0.0040324
-0.0035205
-0.0037681
-0.0030085
0.00022218
0.0057476
0.011446
0.014347
0.012483
0.0062305
-0.0018028
-0.0082891
-0.011067
-0.010183
-0.0074893
-0.0051866
-0.004373
-0.0045588
-0.0043641
-0.002758
0.00014617
0.003295
0.0056129
0.0067967
0.0073521
0.0079591
0.0088247
0.009607
0.0099074
0.0097765
0.0096741
0.009875
0.0099241
0.0088048
0.0058512
0.0016619
-0.0018959
-0.0027961
-0.00027715
0.0045825
0.0096152
0.012996
0.014185
0.01375
0.01247
0.01062
0.0080176
0.0045784
0.00073382
-0.0027111
-0.0051354
-0.0065541
-0.0075613
-0.0088056
-0.010429
-0.011926
-0.012523
-0.011717
-0.0095494
-0.0064687
-0.0030239
0.00031723
0.0031823
0.0052773
0.0063934
0.0063687
0.005017
0.0021976
-0.0018832
-0.0063779
-0.0099183
-0.011277
-0.010164
-0.0074847
-0.004774
-0.0031679
-0.0027294
-0.0026185
-0.00188
-0.00015957
0.0021455
0.0042516
0.0054885
0.0056208
0.0048865
0.0037838
0.0027353
0.001858
0.0010199
0.00010538
-0.00080804
-0.0015568
-0.0021303
-0.0027276
-0.0035371
-0.0044726
-0.0051498
-0.0051211
-0.0041414
-0.0022684
0.00019691
0.0028116
0.0050755
0.0065336
0.0069222
0.0063012
0.0050732
0.0038231
0.0030089
0.0026641
0.002361
0.0015808
0.00028296
-0.00083977
-0.00078912
0.00085718
0.0033562
0.0051122
0.0047598
0.0021919
-0.0013061
-0.003951
-0.0046723
-0.003678
-0.0020003
-0.0005286
0.00059224
0.0017728
0.0033236
0.0050032
0.0061419
0.0061611
0.0050189
0.0032608
0.0016912
0.00091225
0.00099352
0.0014581
0.0016319
0.0011681
0.00034741
-0.00015761
9.2361e-05
0.00085946
0.0014289
0.0012933
0.00065409
0.00024161
0.00064843
0.0018354
0.0032321
0.0042273
0.0045332
0.004161
0.0031839
0.0016144
-0.00046723
-0.0026976
-0.0044188
-0.0049992
-0.0042619
-0.0026276
-0.00082028
0.00058527
0.0013845
0.0016515
0.0015726
0.0013884
0.0013678
0.0016788
0.0022295
0.0026803
0.0026706
0.0020735
0.0010777
7.3999e-05
-0.00053349
-0.00047913
0.00028698
0.0015798
0.0030064
0.0040633
0.0043276
0.0036967
0.0025288
0.0015207
0.0013077
0.0020187
0.0031407
0.0038571
0.0036304
0.0025755
0.0013479
0.00067735
0.00091142
0.0018366
0.0028088
0.0030926
0.0022753
0.00056769
-0.0012412
-0.0022591
-0.0021095
-0.0011662
-0.00013241
0.00066154
0.0015187
0.0028836
0.0046054
0.0057821
0.0054323
0.0033752
0.00048371
-0.0018995
-0.0028248
-0.0021772
-0.00050793
0.0014079
0.0028999
0.0035359
0.0031938
0.0021223
0.00089257
0.00016568
0.00036101
0.0014261
0.0028659
0.0040274
0.0044607
0.0041212
0.0033098
0.0024493
0.001876
0.0017335
0.0019405
0.0022217
0.0022568
0.0019349
0.0015123
0.0014472
0.0019863
0.0029008
0.00368
0.0040046
0.0039954
0.0039613
0.0039219
0.0034429
0.0019973
-0.00047539
-0.0033257
-0.0054437
-0.0057543
-0.0036913
0.00032761
0.0043714
0.0048711
-0.0021616
-0.018237
-0.039308
-0.055557
-0.056154
-0.03723
-0.0073674
0.015029
0.012548
-0.019193
-0.067386
-0.1092
-0.12502
-0.10829
-0.066341
-0.013791
0.035366
0.072235
0.093099
0.097424
0.086728
0.065416
0.041857
0.026699
0.027531
0.043224
0.063254
0.074178
0.069262
0.053819
0.041613
0.044681
0.064114
0.08875
0.10289
0.097738
0.078341
0.060811
0.060873
0.081159
0.10623
0.11009
0.073045
-0.0024821
-0.088297
-0.14358
-0.13844
-0.073495
0.017578
0.085788
0.095055
0.043565
-0.035782
-0.096384
-0.10627
-0.064867
0.001254
0.057852
0.082933
0.075395
0.050425
0.027693
0.020475
0.030944
0.052116
0.073326
0.085314
0.082883
0.065431
0.036577
0.0032179
-0.026472
-0.04606
-0.053485
-0.051427
-0.044979
-0.038242
-0.032385
-0.026392
-0.01941
-0.012229
-0.0063334
-0.0014285
0.0057758
0.019428
0.040053
0.06166
0.074085
0.07017
0.052675
0.0348
0.032349
0.052218
0.085687
0.11228
0.11234
0.079919
0.027227
-0.021998
-0.045634
-0.034793
0.0024591
0.046605
0.077584
0.084661
0.069838
0.043597
0.016647
-0.0061032
-0.025188
-0.040963
-0.048434
-0.037962
-0.0023551
0.054686
0.11539
0.15337
0.14552
0.084299
-0.016435
-0.12545
-0.20674
-0.23485
-0.20568
-0.13728
-0.060224
-0.0023834
0.023636
0.023836
0.015913
0.017193
0.034981
0.064329
0.092967
0.10924
0.10843
0.094673
0.078521
0.071547
0.08033
0.10205
0.12397
0.12858
0.10322
0.049085
-0.017325
-0.07266
-0.099918
-0.097012
-0.075156
-0.049718
-0.031448
-0.02401
-0.027164
-0.040148
-0.061202
-0.084595
-0.099944
-0.096239
-0.067621
-0.015962
0.051028
0.12262
0.18536
0.22226
0.21623
0.15935
0.062235
-0.045657
-0.12856
-0.16314
-0.15103
-0.11661
-0.091319
-0.094921
-0.12537
-0.16272
-0.18326
-0.17391
-0.13789
-0.089683
-0.044808
-0.012045
0.0080902
0.020504
0.031772
0.046761
0.065367
0.080719
0.081795
0.061005
0.021857
-0.020369
-0.047209
-0.049053
-0.03131
-0.0098555
0.0003744
-0.0052747
-0.020398
-0.034425
-0.040605
-0.038877
-0.0326
-0.023237
-0.0079337
0.018277
0.057957
0.10826
0.1616
0.20898
0.24283
0.25701
0.24506
0.2006
0.1225
0.02189
-0.076091
-0.14112
-0.15407
-0.12034
-0.069384
-0.038405
-0.049894
-0.097801
-0.15184
-0.17674
-0.15321
-0.087431
-0.005468
0.061365
0.090836
0.078261
0.037547
-0.0053971
-0.025745
-0.013999
0.017777
0.043906
0.043107
0.013553
-0.026361
-0.051619
-0.047725
-0.019159
0.015377
0.035858
0.032692
0.010708
-0.015257
-0.028967
-0.020309
0.011433
0.05859
0.10846
0.14721
0.16377
0.15356
0.12083
0.077132
0.035483
0.0027979
-0.023732
-0.052944
-0.090825
-0.13335
-0.16728
-0.17904
-0.16498
-0.13494
-0.10585
-0.090334
-0.088966
-0.091608
-0.086125
-0.06717
-0.038721
-0.0098027
0.012044
0.024547
0.030181
0.033119
0.036247
0.03974
0.041458
0.038632
0.02981
0.01598
0.00031697
-0.013212
-0.021577
-0.02387
-0.021398
-0.016703
-0.012129
-0.0087965
-0.0065533
-0.0047049
-0.0028117
-0.00091617
0.00078598
0.0023132
0.0038782
0.0055659
0.0071137
0.0080305
0.0079226
0.0067452
0.0048355
0.0027682
0.0011266
0.00025901
0.0001129
0.00028186
0.00030415
1.2393e-05
-0.00037978
-0.00054899
-0.00042
-0.00023887
-0.00028829
-0.00054737
-0.00064931
-0.00017996
0.00096475
0.0024636
0.0037488
0.004312
0.0039569
0.0029056
0.0017121
0.00097583
0.00097846
0.0014836
0.0018784
0.0016011
0.0005949
-0.00052399
-0.00076963
0.00053008
0.0030986
0.0056597
0.0066476
0.0052321
0.0018806
-0.0019954
-0.0050127
-0.0066072
-0.0070439
-0.0067712
-0.0058281
-0.0038926
-0.00086535
0.0026806
0.0057224
0.0075246
0.0081951
0.0085117
0.0091476
0.0099786
0.010089
0.0085019
0.0050373
0.00060076
-0.0033556
-0.0057616
-0.0064952
-0.0061586
-0.005349
-0.0041361
-0.0022124
0.00049817
0.0034289
0.0056049
0.0063458
0.0058015
0.0048257
0.0042898
0.0044288
0.0047343
0.0043978
0.0028753
0.00016849
-0.0032339
-0.0065547
-0.008907
-0.0094814
-0.007834
-0.004231
0.00019442
0.0037525
0.004994
0.0035923
0.00068189
-0.0017219
-0.0019519
0.00024011
0.0035349
0.0059402
0.0061063
0.004158
0.001506
-0.0001789
-9.4505e-05
0.0012354
0.0024825
0.0026482
0.0019719
0.0018426
0.0035952
0.006972
0.0095255
0.0078211
-4.4842e-06
-0.012144
-0.023483
-0.028809
-0.026738
-0.021066
-0.017965
-0.020914
-0.027543
-0.031444
-0.028051
-0.020014
-0.017072
-0.029271
-0.058085
-0.092964
-0.11744
-0.12112
-0.10811
-0.09464
-0.09711
-0.12008
-0.15348
-0.18083
-0.19143
-0.18663
-0.17638
-0.17001
-0.16987
-0.17216
-0.17219
-0.16761
-0.15698
-0.13674
-0.10208
-0.05221
0.0051224
0.05554
0.086027
0.092611
0.081509
0.06363
0.047817
0.037825
0.033307
0.031746
0.029319
0.021716
0.0066339
-0.012838
-0.027184
-0.02438
0.0022219
0.046718
0.090053
0.10902
0.091392
0.047172
0.0052752
-0.00562
0.020567
0.060607
0.07926
0.058106
0.011417
-0.025229
-0.023609
0.01614
0.068502
0.10375
0.10784
0.086898
0.057474
0.033553
0.019836
0.013201
0.0084669
0.0032579
-0.0011301
-0.0024175
-0.00036661
0.0029442
0.0055995
0.0080894
0.012674
0.020499
0.029593
0.035954
0.036673
0.032092
0.025113
0.018591
0.013316
0.008175
0.0019048
-0.0053953
-0.012252
-0.017033
-0.019117
-0.019032
-0.017652
-0.015354
-0.011931
-0.0072312
-0.0018303
0.0029888
0.0059915
0.0068281
0.0062362
0.0054869
0.0055789
0.0067355
0.0083293
0.009075
0.0074766
0.0026692
-0.0045246
-0.011113
-0.012942
-0.0072735
0.0044069
0.0156
0.0176
0.0051119
-0.018851
-0.042895
-0.05318
-0.041771
-0.011466
0.026019
0.055953
0.065343
0.044437
-0.012002
-0.10034
-0.20294
-0.28942
-0.32846
-0.30483
-0.22974
-0.13592
-0.060094
-0.024316
-0.027923
-0.053079
-0.077577
-0.085535
-0.071188
-0.037661
0.0050074
0.041689
0.05673
0.042701
0.0084687
-0.022012
-0.023614
0.011516
0.065988
0.10812
0.11444
0.085775
0.044358
0.015579
0.010068
0.019711
0.028229
0.025411
0.013022
-0.00085736
-0.012181
-0.02593
-0.051401
-0.092302
-0.14047
-0.17842
-0.18845
-0.1613
-0.099029
-0.012515
0.082213
0.16549
0.2151
0.21165
0.14933
0.045299
-0.062245
-0.13032
-0.13274
-0.072582
0.022139
0.11469
0.17629
0.19497
0.17552
0.13409
0.090794
0.061838
0.053128
0.057856
0.060535
0.046965
0.015268
-0.01962
-0.03346
-0.0098012
0.044574
0.098998
0.11697
0.081959
0.011564
-0.053034
-0.076354
-0.054625
-0.017507
-0.0040132
-0.032401
-0.087985
-0.13664
-0.15089
-0.12781
-0.087471
-0.056189
-0.047869
-0.05565
-0.057935
-0.033799
0.022999
0.1008
0.17862
0.23815
0.26931
0.26771
0.23209
0.16893
0.10018
0.061348
0.083166
0.16764
0.2792
0.36206
0.37363
0.30968
0.20364
0.10232
0.037277
0.011832
0.0098493
0.015426
0.025638
0.046281
0.076567
0.099681
0.091286
0.040654
-0.034985
-0.098102
-0.11614
-0.08373
-0.02416
0.029445
0.056584
0.058754
0.051712
0.04974
0.054717
0.056877
0.044865
0.016471
-0.018288
-0.043791
-0.049516
-0.036224
-0.013459
0.0082422
0.023403
0.032037
0.036279
0.037548
0.036355
0.033401
0.029792
0.026074
0.021613
0.015382
0.0073788
-0.00093819
-0.0077197
-0.012145
-0.014761
-0.016545
-0.017786
-0.017894
-0.016144
-0.012499
-0.0077305
-0.0029109
0.0011381
0.0040428
0.0057848
0.0065545
0.0066125
0.006123
0.0050509
0.0033077
0.0011125
-0.00079048
-0.0014215
-0.00028557
0.0020551
0.0041453
0.004542
0.0027874
-0.00029707
-0.0031555
-0.0043936
-0.0034287
-0.00064057
0.0028996
0.0059477
0.007664
0.0080013
0.0076626
0.0075932
0.0083037
0.0095087
0.01036
0.010089
0.0085455
0.0062435
0.0039531
0.0021916
0.00095783
-0.00015777
-0.0015776
-0.0033038
-0.0047627
-0.0051262
-0.0039673
-0.0017434
0.00039829
0.0014659
0.0014507
0.0013786
0.0024665
0.0050696
0.0082994
0.010606
0.010828
0.0089005
0.0058109
0.0029281
0.0012033
0.0006918
0.00064132
8.1313e-05
-0.0014646
-0.0036452
-0.0055683
-0.0064509
-0.0060862
-0.0047992
-0.0030678
-0.0012453
0.00040263
0.0015515
0.0018901
0.0014395
0.00075544
0.00064822
0.0015182
0.0028995
0.0037393
0.0032667
0.0016698
-7.6295e-05
-0.0010728
-0.0012113
-0.0010906
-0.0013235
-0.0019901
-0.0027371
-0.0032879
-0.0037341
-0.0042831
-0.0047653
-0.0045045
-0.0028297
0.00015745
0.0033025
0.0050151
0.0043917
0.0019188
-0.00088814
-0.0026487
-0.0030925
-0.0030181
-0.0033385
-0.0041492
-0.004678
-0.0040997
-0.0023815
-0.00035629
0.00098924
0.0012913
0.00097075
0.00076146
0.0011251
0.0020024
0.002921
0.0032512
0.0025077
0.00067241
-0.0016296
-0.003369
-0.0037444
-0.0027448
-0.0011323
0.0001539
0.00063755
0.00045801
2.7097e-05
-0.00037023
-0.00065666
-0.00077306
-0.00054465
0.00020369
0.0014129
0.0027044
0.0035523
0.0035829
0.0027884
0.0015449
0.0004445
5.7432e-06
0.00037651
0.001215
0.0018972
0.0019505
0.0013617
0.00049206
-0.00027096
-0.00073812
-0.00084087
-0.00046767
0.0004925
0.0019231
0.0033682
0.0042275
0.0041211
0.0031205
0.0016729
0.00029938
-0.00069466
-0.0012845
-0.0015646
-0.0015698
-0.0012899
-0.00083472
-0.00049169
-0.00051993
-0.00085936
-0.0011024
-0.00083745
-6.5813e-05
0.00072878
0.00096068
0.0004482
-0.00040251
-0.00090479
-0.00063976
0.00021502
0.0010626
0.0014237
0.0013665
0.0014379
0.0021277
0.0033048
0.004123
0.0035553
0.0012085
-0.0022143
-0.0052165
-0.0063724
-0.0050455
-0.0013907
0.0041929
0.011351
0.019244
0.025733
0.027704
0.023457
0.016163
0.015501
0.03464
0.082209
0.15287
0.22303
0.25733
0.22584
0.12343
-0.021264
-0.15615
-0.23172
-0.2276
-0.16214
-0.078128
-0.014401
0.016767
0.031364
0.055373
0.1022
0.16318
0.21664
0.24584
0.24992
0.23958
0.22337
0.19897
0.15856
0.10298
0.049674
0.023907
0.038314
0.077853
0.10486
0.083351
0.0055978
-0.099599
-0.18461
-0.21443
-0.18857
-0.13793
-0.10104
-0.099306
-0.12825
-0.16676
-0.19274
-0.1933
-0.16628
-0.1175
-0.057882
-0.00053288
0.043423
0.069267
0.079945
0.08278
0.084255
0.08692
0.089862
0.090895
0.088134
0.080464
0.06776
0.051143
0.032741
0.014706
-0.001695
-0.016023
-0.027826
-0.036178
-0.040348
-0.040913
-0.039918
-0.039553
-0.040443
-0.041187
-0.039578
-0.0343
-0.02557
-0.014476
-0.0020292
0.011096
0.024231
0.03646
0.046728
0.05402
0.057337
0.055693
0.04851
0.036327
0.021138
0.0057638
-0.0075414
-0.018185
-0.026995
-0.03474
-0.040736
-0.042947
-0.039617
-0.030981
-0.019408
-0.0078022
0.0023046
0.011286
0.020202
0.02906
0.036147
0.039002
0.036137
0.02811
0.017224
0.0062328
-0.0029725
-0.0099605
-0.015476
-0.020544
-0.025479
-0.029379
-0.030518
-0.027465
-0.020192
-0.010347
-0.00047996
0.0072266
0.011866
0.013871
0.01439
0.014515
0.014781
0.0151
0.015017
0.014054
0.011924
0.0085981
0.0043438
-0.00020291
-0.0041212
-0.0066275
-0.0076279
-0.0078419
-0.0082012
-0.0089575
-0.0093384
-0.0081395
-0.0047782
8.0437e-05
0.0048178
0.0078291
0.0084672
0.0073503
0.0058702
0.0052346
0.0056801
0.0063935
0.0061925
0.0044483
0.0015508
-0.0013974
-0.00335
-0.0039397
-0.0035508
-0.0029008
-0.002493
-0.0023087
-0.0018941
-0.00075802
0.0011828
0.0034193
0.0050967
0.005568
0.0048583
0.0036468
0.0027193
0.0023106
0.0019174
0.00079514
-0.0012792
-0.0036773
-0.0053414
-0.0055808
-0.0045552
-0.0030826
-0.0020092
-0.001657
-0.001689
-0.0013898
-0.00016079
0.002041
0.0045964
0.0065837
0.0073915
0.0070967
0.0062705
0.0054043
0.0045139
0.0032832
0.0015513
-0.00038017
-0.0019171
-0.0026253
-0.0025223
-0.0019693
-0.0013107
-0.00058493
0.00048074
0.0022022
0.0045801
0.0071021
0.008893
0.0091763
0.0077594
0.0051819
0.0024023
0.00023929
-0.0010433
-0.0017462
-0.0023732
-0.0031771
-0.0039429
-0.004167
-0.0034913
-0.00205
-0.00043143
0.00074607
0.0013183
0.0017055
0.0025384
0.0040574
0.0057905
0.0068228
0.0064716
0.0048113
0.0025934
0.00064499
-0.00070235
-0.001644
-0.0024341
-0.0029565
-0.0028174
-0.0018526
-0.00044099
0.00082658
0.001852
0.0033439
0.0063134
0.011195
0.017477
0.024192
0.030676
0.036685
0.041726
0.04445
0.04301
0.036184
0.024228
0.0089085
-0.0066292
-0.017485
-0.017191
-0.00052767
0.031144
0.066398
0.087712
0.083314
0.059034
0.039051
0.05126
0.1058
0.18325
0.24411
0.25527
0.21467
0.15421
0.11671
0.12336
0.15681
0.17381
0.13807
0.048217
-0.059881
-0.13702
-0.15237
-0.111
-0.047098
-0.00031448
0.0075913
-0.018839
-0.057843
-0.087509
-0.097853
-0.091389
-0.075671
-0.056027
-0.033542
-0.0072454
0.023043
0.054758
0.081096
0.090773
0.071537
0.018024
-0.060675
-0.14095
-0.19507
-0.20651
-0.17988
-0.1378
-0.10648
-0.099675
-0.11133
-0.12138
-0.10984
-0.069538
-0.010143
0.048014
0.08541
0.09331
0.077291
0.053254
0.038594
0.043158
0.064602
0.090461
0.10562
0.10075
0.07667
0.042747
0.010841
-0.010833
-0.020651
-0.022443
-0.021874
-0.022823
-0.025655
-0.027919
-0.026722
-0.021131
-0.012995
-0.0056643
-0.0016252
-0.00091054
-0.001418
-0.00071474
0.0021905
0.0063875
0.010026
0.011751
0.011489
0.010169
0.0087965
0.0077039
0.0064864
0.0045269
0.001615
-0.0018086
-0.0049061
-0.0069591
-0.0077706
-0.0076818
-0.0072008
-0.0065091
-0.005246
-0.0028266
0.00087429
0.0050437
0.0081771
0.0089949
0.00734
0.0043078
0.0014848
-7.6538e-05
-0.00033553
7.4733e-05
0.0005539
0.00094026
0.0013637
0.0018602
0.002216
0.0021679
0.0016681
0.00087838
-0.00010492
-0.0014641
-0.0035137
-0.0062578
-0.0090434
-0.010688
-0.010105
-0.0070169
-0.0022512
0.0026523
0.0062746
0.0080479
0.0084075
0.0083033
0.0084484
0.0088438
0.0088915
0.007956
0.0058963
0.0031505
0.0003613
-0.0020689
-0.0040896
-0.0057512
-0.0069346
-0.0073833
-0.0069704
-0.0058303
-0.004153
-0.0019069
0.0010659
0.0045475
0.0075935
0.0089137
0.0078601
0.0051444
0.0024753
0.001264
0.0015048
0.0018691
0.00095307
-0.0014521
-0.004193
-0.0057526
-0.0054385
-0.0037371
-0.0016925
-3.0761e-05
0.0011941
0.0022947
0.0034539
0.004531
0.0052428
0.0054282
0.0051149
0.0044014
0.0033764
0.0022098
0.0012643
0.00097944
0.0015258
0.0025471
0.0033009
0.0031504
0.0020265
0.00049714
-0.0006014
-0.00070182
0.00014938
0.0013539
0.0021916
0.002335
0.0020573
0.001926
0.0022369
0.0027687
0.0031629
0.0034784
0.0040834
0.004707
0.0036575
-0.0014778
-0.011635
-0.024385
-0.034498
-0.037159
-0.031555
-0.021864
-0.014652
-0.014497
-0.021109
-0.030243
-0.037993
-0.045148
-0.057594
-0.081471
-0.11644
-0.15289
-0.17636
-0.17696
-0.15692
-0.13033
-0.11448
-0.1188
-0.1393
-0.16252
-0.17538
-0.17308
-0.15986
-0.14394
-0.13258
-0.13151
-0.1469
-0.18481
-0.24586
-0.31955
-0.38507
-0.4205
-0.41346
-0.3638
-0.27687
-0.15704
-0.011519
0.13831
0.25306
0.29031
0.23161
0.10046
-0.045803
-0.14703
-0.17374
-0.14074
-0.093523
-0.078131
-0.11445
-0.18866
-0.26702
-0.31963
-0.33738
-0.33278
-0.32857
-0.34601
-0.39961
-0.49468
-0.62216
-0.75313
-0.84356
-0.85441
-0.77668
-0.64081
-0.49831
-0.38565
-0.29727
-0.18959
-0.01486
0.23816
0.52551
0.76682
0.89378
0.89833
0.84491
0.83314
0.93474
1.1499
1.412
1.6317
1.743
1.7266
1.6039
1.4174
1.2099
1.0098
0.82417
0.64163
0.44567
0.22976
0.0057471
-0.20014
-0.3611
-0.46418
-0.51615
-0.53714
-0.54684
-0.55327
-0.55151
-0.53181
-0.48907
-0.42594
-0.34875
-0.26195
-0.16716
-0.067014
0.030903
0.11449
0.172
0.1978
0.19494
0.17301
0.14287
0.11196
0.082969
0.055813
0.02988
0.0043061
-0.023256
-0.056902
-0.10035
-0.15365
-0.21152
-0.26507
-0.30592
-0.32997
-0.33825
-0.33479
-0.32332
-0.30503
-0.27844
-0.24104
-0.1916
-0.13187
-0.066919
-0.0037046
0.05134
0.094321
0.12419
0.1413
0.14544
0.13533
0.10991
0.070714
0.023099
-0.024815
-0.065133
-0.093115
-0.10807
-0.11177
-0.10585
-0.090547
-0.06553
-0.031988
0.0062826
0.043873
0.076166
0.10132
0.12047
0.13615
0.15019
0.16225
0.16979
0.16925
0.15776
0.1347
0.10215
0.064142
0.024969
-0.012348
-0.046717
-0.078538
-0.10871
-0.13772
-0.16519
-0.18987
-0.21007
-0.22429
-0.23163
-0.23199
-0.22569
-0.21316
-0.19497
-0.17193
-0.14498
-0.11471
-0.08127
-0.045138
-0.0084159
0.024632
0.048583
0.058906
0.053691
0.034194
0.0043295
-0.030209
-0.062977
-0.088161
-0.10221
-0.10486
-0.098482
-0.08586
-0.067903
-0.043099
-0.0093173
0.033415
0.081484
0.12891
0.17037
0.20354
0.22906
0.24822
0.26074
0.26435
0.25661
0.23719
0.20884
0.17619
0.14358
0.11336
0.085739
0.059816
0.034786
0.010635
-0.011782
-0.030973
-0.04512
-0.052523
-0.05215
-0.044089
-0.029583
-0.010615
0.010654
0.032125
0.051592
0.066557
0.074519
0.07382
0.064403
0.047747
0.025862
0.00016885
-0.028704
-0.059958
-0.091373
-0.11908
-0.1388
-0.14786
-0.14638
-0.137
-0.12324
-0.10776
-0.091767
-0.075414
-0.0587
