-0.0050846
-0.0014179
0.00091824
0.0015079
0.0010234
0.0005729
0.0008419
0.001731
0.0026598
0.0031251
0.0030045
0.0024743
0.001777
0.0010972
0.00056183
0.00023787
8.1723e-05
-6.3275e-05
-0.00035568
-0.00081361
-0.0012826
-0.0015429
-0.0014478
-0.00098511
-0.00026195
0.00051877
0.0010723
0.0011005
0.00045549
-0.00069334
-0.001866
-0.002525
-0.0024163
-0.0017217
-0.00089045
-0.00030521
-8.25e-05
-0.00014705
-0.00042642
-0.00090749
-0.0015083
-0.0019833
-0.0020542
-0.001662
-0.0010487
-0.00055377
-0.00033322
-0.00028293
-0.00020549
-3.4748e-06
0.00030193
0.00070116
0.0012819
0.0021363
0.003162
0.0039776
0.0041025
0.003324
0.0019576
0.00073658
0.00033831
0.00088724
0.0018511
0.0024544
0.0022897
0.0016111
0.0010591
0.0010613
0.0014379
0.0015446
0.0008137
-0.00076932
-0.0026201
-0.0039341
-0.0041794
-0.0033762
-0.0020276
-0.00079456
-0.0001219
-2.9523e-05
-0.00018053
-0.00016825
0.00019082
0.00077396
0.0013166
0.0016533
0.0018254
0.0019905
0.0022381
0.0024621
0.0023876
0.0017521
0.00054438
-0.00088296
-0.0019661
-0.0022869
-0.0018548
-0.0010598
-0.00033684
0.00013824
0.00044547
0.00067648
0.00076287
0.0005769
0.000164
-0.00020004
-0.00023267
7.9776e-05
0.00046075
0.00060732
0.00046051
0.00021322
8.776e-05
0.00014673
0.00031534
0.00052532
0.00076804
0.00099554
0.001032
0.0006688
-0.00011343
-0.0010399
-0.0016975
-0.0018139
-0.0014021
-0.00068346
7.0642e-05
0.00062043
0.00077079
0.00041953
-0.0003411
-0.0011904
-0.0017243
-0.001715
-0.0012693
-0.00073021
-0.00040725
-0.00037669
-0.00050083
-0.00058742
-0.00051906
-0.00028263
5.3039e-05
0.00036716
0.00053597
0.00050169
0.00030935
7.2139e-05
-9.6286e-05
-0.0001167
5.2498e-05
0.00039151
0.00077953
0.0010194
0.00095905
0.00061259
0.00014912
-0.00025848
-0.00058404
-0.00093968
-0.001389
-0.0017501
-0.0016253
-0.0007264
0.00074452
0.0020481
0.0023432
0.0013096
-0.0005538
-0.0022157
-0.0027706
-0.0019781
-0.00032894
0.0013436
0.0023813
0.0025956
0.0022128
0.0016113
0.0010974
0.0008463
0.00093813
0.001347
0.0018656
0.0021182
0.0017914
0.00095293
0.00012593
-6.818e-05
0.00055897
0.0015604
0.002205
0.002059
0.0012648
0.00033516
-0.00024116
-0.00021127
0.00046076
0.0016408
0.0029997
0.0040428
0.0043148
0.0036681
0.0023617
0.00089985
-0.00024797
-0.00084014
-0.00088092
-0.00052139
4.7927e-05
0.00064609
0.0011019
0.0012614
0.001038
0.00047892
-0.00021467
-0.00075113
-0.00087874
-0.00052487
0.00013058
0.00071002
0.00082677
0.0003163
-0.00064881
-0.0016625
-0.0023358
-0.0024895
-0.0021506
-0.0014271
-0.00045776
0.00050072
0.0010197
0.00068658
-0.00052488
-0.0020473
-0.0029696
-0.0026349
-0.001131
0.00072709
0.0019233
0.0019074
0.00094591
-9.8202e-05
-0.0004283
6.1427e-05
0.00071483
0.0006887
-0.00030996
-0.0017774
-0.0028584
-0.0030416
-0.0024711
-0.0016605
-0.00097571
-0.0004079
0.0002078
0.00084502
0.0012171
0.0010607
0.00046649
-9.6504e-05
-0.00013068
0.00044823
0.0011659
0.0013182
0.00056538
-0.00068656
-0.0014906
-0.0010736
0.00047753
0.0021586
0.0027556
0.001805
8.5803e-06
-0.001297
-0.001212
1.9613e-05
0.001268
0.0014842
0.00052182
-0.00084506
-0.0016224
-0.0013546
-0.00034599
0.00071061
0.001272
0.0011965
0.00062606
-0.00023759
-0.0012012
-0.0020125
-0.0023708
-0.0021199
-0.0014572
-0.00089263
-0.00089106
-0.0014635
-0.002094
-0.0021401
-0.0014003
-0.00033143
0.0003221
0.00016691
-0.00052244
-0.0010912
-0.0010912
-0.00060793
-8.2353e-05
0.00012237
-9.9255e-06
-0.000212
-0.00017766
0.00024275
0.00098451
0.0018074
0.002394
0.0025121
0.0021927
0.0017681
0.001645
0.0019302
0.0022529
0.0020326
0.0010265
-0.0003434
-0.0012403
-0.001065
6.8255e-05
0.0014595
0.0024101
0.0027103
0.0026224
0.0024771
0.0023334
0.0020027
0.0013309
0.00040774
-0.00047967
-0.001047
-0.001153
-0.00080955
-0.00015332
0.00054721
0.00091911
0.0006411
-0.0003303
-0.0016572
-0.0027569
-0.0030969
-0.0024604
-0.0010635
0.00050821
0.0015443
0.0015904
0.00077283
-0.00022122
-0.00060614
-9.4532e-05
0.00087483
0.0014883
0.0011797
3.2862e-06
-0.0014837
-0.0026469
-0.0031541
-0.0030891
-0.0027993
-0.0026237
-0.0026951
-0.0029289
-0.003151
-0.0032089
-0.0029925
-0.0024338
-0.0015663
-0.00058478
0.00021486
0.00062803
0.00071663
0.00080117
0.0012343
0.0020884
0.0029857
0.0032587
0.0024155
0.00061499
-0.001255
-0.0020627
-0.0012054
0.00089327
0.0029774
0.0037556
0.0027507
0.00058869
-0.0014752
-0.0024235
-0.0020894
-0.001105
-0.00030685
-0.00011031
-0.00031572
-0.00042391
-0.00013454
0.00040386
0.00077294
0.00068957
0.00025469
-0.00016012
-0.00024707
1.5245e-06
0.00033617
0.00048157
0.00033513
-1.1793e-06
-0.00033205
-0.00051882
-0.00056896
-0.00060689
-0.00074018
-0.00092946
-0.00099984
-0.00081459
-0.00044675
-0.00014545
-9.3757e-05
-0.00019773
-0.00014309
0.00031373
0.0010984
0.0018538
0.0022294
0.0021712
0.0019655
0.0019957
0.0024095
0.0029672
0.0032013
0.0027598
0.0016679
0.00033479
-0.00067048
-0.00091573
-0.0003195
0.00080884
0.0019103
0.0024263
0.0020393
0.00081493
-0.00079259
-0.0020871
-0.0024308
-0.001611
-4.4465e-05
0.0014007
0.0019317
0.0013526
0.00017523
-0.000775
-0.00095371
-0.00044312
0.00018783
0.00037432
5.2549e-06
-0.00051964
-0.00065274
-0.00015122
0.00076959
0.0016615
0.0021742
0.0021969
0.0017892
0.0010885
0.00030231
-0.00028818
-0.00042888
-7.5163e-05
0.00050073
0.00082172
0.00052199
-0.00034095
-0.0012484
-0.001559
-0.0010133
2.1181e-06
0.00070288
0.00052619
-0.00037433
-0.0012093
-0.0011901
-0.00019214
0.0011419
0.0019527
0.0018696
0.0012501
0.00079001
0.00090572
0.0014405
0.0018957
0.0019028
0.0014812
0.00088827
0.00028433
-0.00039881
-0.0012437
-0.0020523
-0.0023598
-0.0018328
-0.00068701
0.00033026
0.00046224
-0.00044646
-0.0017782
-0.0025689
-0.0021887
-0.00074796
0.0010367
0.0023359
0.0026639
0.002038
0.00086688
-0.00027842
-0.00091205
-0.00085493
-0.00033846
0.00012315
6.7043e-05
-0.00059449
-0.0015017
-0.0020824
-0.0019276
-0.001054
0.00012641
0.0011113
0.0016609
0.0019066
0.002124
0.0023947
0.0024946
0.0021122
0.0011763
-6.2131e-06
-0.0009062
-0.0010899
-0.00048641
0.00054899
0.0014126
0.0015839
0.00092573
-0.00023301
-0.0012947
-0.0017471
-0.0014432
-0.00063119
0.00025319
0.00085672
0.0010543
0.00091766
0.00060044
0.00026161
4.734e-05
6.3105e-05
0.00030116
0.00060135
0.00073868
0.00059149
0.00021874
-0.00024852
-0.00077792
-0.0014483
-0.0022532
-0.0029108
-0.0029567
-0.0021349
-0.00076068
0.00034273
0.0003978
-0.00069252
-0.002192
-0.0030537
-0.0027155
-0.0014989
-0.00028151
0.00024882
9.4435e-05
-0.00019853
-0.00012731
0.00031963
0.00073346
0.00072448
0.00026722
-0.00033449
-0.00073903
-0.00079807
-0.00056747
-0.00018992
0.00019086
0.0004438
0.0004676
0.00026495
6.9207e-06
-3.9932e-05
0.00026274
0.0007362
0.00095834
0.00060178
-0.00025019
-0.0011228
-0.0015162
-0.0012991
-0.00078332
-0.00042865
-0.00045096
-0.00067043
-0.00072115
-0.00043599
-6.075e-05
-7.413e-05
-0.00073234
-0.0017455
-0.0024299
-0.0022562
-0.0013137
-0.00025626
0.0002251
-7.4553e-05
-0.00078096
-0.0012791
-0.0011447
-0.00036421
0.00071607
0.0016062
0.001933
0.0016341
0.0009834
0.00042167
0.00031032
0.00075856
0.001576
0.0023207
0.0024466
0.0015796
-0.00018049
-0.0021785
-0.003504
-0.0035177
-0.002229
-0.00027147
0.0014579
0.002242
0.0018475
0.00058092
-0.00091707
-0.0020275
-0.0024359
-0.0021577
-0.0013501
-0.00015135
0.0012781
0.0026028
0.0033054
0.0029499
0.0015409
-0.0003459
-0.0018344
-0.0022675
-0.001611
-0.00044741
0.00043899
0.00058585
0.00010502
-0.00050542
-0.00080663
-0.00074069
-0.00058387
-0.00063413
-0.00094985
-0.0013451
-0.0015771
-0.0015297
-0.0012704
-0.00097776
-0.00080142
-0.00075473
-0.00073598
-0.00067525
-0.00065426
-0.00083108
-0.0012034
-0.0014714
-0.0012241
-0.00034859
0.00073187
0.0012952
0.00090313
-0.00017865
-0.0011432
-0.0012918
-0.00059842
0.00032278
0.00080102
0.00068716
0.00040313
0.00045462
0.00088669
0.0011899
0.00074658
-0.00056965
-0.0021662
-0.0030911
-0.0027161
-0.001228
0.00043662
0.0011704
0.00041367
-0.0014396
-0.003222
-0.0037027
-0.0024188
-4.6369e-05
0.0020311
0.0027056
0.0019228
0.00061813
-0.00010714
0.00017377
0.0010492
0.0017898
0.0019643
0.0016157
0.0010053
0.00031514
-0.00040663
-0.001121
-0.0017126
-0.0020279
-0.0019558
-0.0014767
-0.00069697
0.00012599
0.00064998
0.00065115
0.00023256
-0.00019254
-0.00020315
0.00027464
0.00088416
0.0011145
0.00069725
-0.0002079
-0.0011555
-0.0017141
-0.0016718
-0.0010577
-6.492e-05
0.0010172
0.0018644
0.0022182
0.0020154
0.0014589
0.00094763
0.00085179
0.0012362
0.0017342
0.0017373
0.00084704
-0.00073562
-0.0022406
-0.0028297
-0.0021893
-0.00071398
0.00085618
0.0019719
0.0024983
0.0025292
0.0021248
0.001295
0.00019225
-0.00078132
-0.0011435
-0.00067831
0.00032493
0.0011647
0.001156
0.00014208
-0.001287
-0.0021196
-0.0016497
-7.7399e-05
0.0015544
0.0021227
0.0012929
-0.00025312
-0.001431
-0.0016516
-0.0011976
-0.0007871
-0.00079899
-0.00091587
-0.00050075
0.00068769
0.00215
0.0030202
0.0028197
0.0018805
0.0010273
0.00082295
0.0011035
0.001244
0.00086203
0.00023181
-6.6087e-06
0.000476
0.0013398
0.0018881
0.0017058
0.00097711
0.00021795
-0.0002288
-0.00040564
-0.00051137
-0.0005593
-0.00031976
0.00040139
0.0014565
0.0023558
0.002603
0.0020736
0.0010965
0.00017435
-0.00039745
-0.0006794
-0.00090657
-0.0011832
-0.0013519
-0.001149
-0.00048825
0.00039656
0.0010811
0.0012407
0.00086139
0.00021448
-0.00035649
-0.00064406
-0.00062993
-0.00039666
-2.9423e-05
0.0003918
0.00073729
0.00082319
0.00052293
-8.465e-05
-0.00070112
-0.0010035
-0.0008994
-0.00058263
-0.00030075
-5.9074e-05
0.00040804
0.001325
0.0025278
0.0034663
0.0035998
0.0028138
0.0014651
5.6225e-05
-0.0010914
-0.0018678
-0.0021959
-0.0019539
-0.0011307
-8.7049e-06
0.00090528
0.0012034
0.00085237
0.00014896
-0.00057614
-0.0011769
-0.0016276
-0.001826
-0.0015721
-0.00079818
0.00021481
0.00093776
0.00098629
0.00045161
-0.0001569
-0.00032526
5.504e-05
0.00063345
0.00093897
0.00080546
0.00050153
0.00044343
0.00075282
0.0010828
0.00090142
-6.4776e-06
-0.0012738
-0.0021677
-0.00211
-0.0010801
0.00039321
0.0016071
0.0021126
0.0018863
0.0011799
0.00025581
-0.00071818
-0.0015586
-0.0019429
-0.0015027
-0.00012087
0.0018329
0.0035876
0.0043749
0.0038704
0.0023536
0.00049709
-0.0010331
-0.0018845
-0.0020777
-0.001852
-0.0014435
-0.00094466
-0.0003179
0.0004713
0.0013238
0.0020036
0.002292
0.0021848
0.0019431
0.0018933
0.0021039
0.0022367
0.0017776
0.00052276
-0.0010979
-0.0022163
-0.0021705
-0.0010853
0.00014565
0.00052857
-0.00024685
-0.0015736
-0.0024404
-0.0022387
-0.0011821
-4.3639e-05
0.00049279
0.00030415
-0.00018986
-0.00041483
-5.2337e-05
0.00079434
0.0017295
0.0023535
0.0024939
0.002225
0.0017103
0.0010578
0.00033075
-0.00035358
-0.00081143
-0.0009169
-0.00072511
-0.00045057
-0.00032591
-0.00048099
-0.00091724
-0.0015265
-0.0020997
-0.0023727
-0.0021786
-0.0016306
-0.0011211
-0.0010335
-0.0013729
-0.0016803
-0.0013678
-0.00021236
0.0014118
0.0027541
0.0031778
0.0025493
0.0012723
-1.3718e-05
-0.00082097
-0.0010203
-0.00078414
-0.00039155
-6.9791e-05
6.7259e-05
2.342e-05
-0.0001088
-0.0002264
-0.00030518
-0.00038862
-0.00044326
-0.00024844
0.00046487
0.0016746
0.0028878
0.0034213
0.0029874
0.0020389
0.0014656
0.0018189
0.0027261
0.0030811
0.0019638
-0.00042912
-0.002688
-0.0031524
-0.001258
0.0018365
0.0039699
0.0035992
0.0010517
-0.0017205
-0.0028688
-0.0024727
-0.0026486
-0.005351
-0.0095181
-0.01048
-0.0030793
0.013568
0.034161
0.050848
0.060004
0.065834
0.076376
0.094398
0.11159
0.11305
0.089988
0.050008
0.014079
0.0006892
0.010097
0.023397
0.018482
-0.01083
-0.049729
-0.075836
-0.078767
-0.068533
-0.066365
-0.087251
-0.12933
-0.17733
-0.21421
-0.22996
-0.22225
-0.19262
-0.14463
-0.085181
-0.024669
0.026487
0.062366
0.082749
0.090746
0.090256
0.085302
0.079781
0.075997
0.073307
0.069461
0.064404
0.063032
0.073421
0.10066
0.1403
0.17654
0.18836
0.16192
0.10242
0.036113
-0.0024377
0.007779
0.058595
0.11681
0.1468
0.13434
0.092928
0.049003
0.020162
0.0046698
-0.01123
-0.037202
-0.06882
-0.091305
-0.09211
-0.070819
-0.038722
-0.0099962
0.0073653
0.01433
0.01696
0.020294
0.024723
0.026739
0.022657
0.012166
-0.000933
-0.011113
-0.014647
-0.011691
-0.0057217
-0.0010412
-5.2493e-05
-0.0019334
-0.0034784
-0.0017356
0.003165
0.0072204
0.0051445
-0.0047713
-0.017136
-0.021131
-0.0079883
0.020218
0.047826
0.053288
0.023744
-0.033934
-0.095072
-0.13233
-0.13384
-0.11119
-0.091146
-0.09668
-0.1307
-0.17381
-0.19753
-0.18332
-0.13442
-0.073321
-0.02794
-0.016184
-0.037681
-0.07567
-0.10643
-0.11079
-0.08222
-0.028103
0.035688
0.093325
0.13588
0.16348
0.18287
0.20261
0.2277
0.2554
0.27423
0.26825
0.22665
0.15403
0.074254
0.022581
0.027814
0.09347
0.19056
0.26989
0.28959
0.24095
0.15362
0.074925
0.038286
0.044145
0.065627
0.070064
0.037616
-0.0333
-0.1296
-0.22821
-0.30116
-0.32501
-0.29302
-0.22151
-0.14385
-0.095299
-0.098139
-0.15323
-0.23802
-0.31098
-0.3258
-0.25596
-0.11674
0.035463
0.13476
0.14923
0.10217
0.05188
0.045632
0.085242
0.13143
0.14068
0.10214
0.044651
0.011069
0.023644
0.06915
0.11317
0.12851
0.11354
0.087702
0.071976
0.072713
0.081029
0.084447
0.077516
0.062106
0.040222
0.0098266
-0.030344
-0.072511
-0.099405
-0.095602
-0.061363
-0.015039
0.019606
0.030085
0.021256
0.0071979
-0.001488
-0.0033891
-0.0026348
-0.0024371
-0.0025928
-0.0015641
0.00084297
0.0032297
0.004155
0.0032092
0.00077843
-0.0025064
-0.005753
-0.0076617
-0.0070586
-0.0038735
0.00053157
0.0042124
0.0059144
0.0056023
0.0039607
0.0016135
-0.0011408
-0.0040463
-0.0066037
-0.0081509
-0.0081841
-0.0066082
-0.0037897
-0.00045611
0.0025359
0.0045312
0.0053176
0.005052
0.0039293
0.0019752
-0.00075029
-0.003744
-0.0059958
-0.0065408
-0.0052237
-0.0029323
-0.00097826
-0.00012238
-0.00011246
-0.00012241
0.00036568
0.0010633
0.0011673
0.00012395
-0.0018037
-0.0035991
-0.0041185
-0.0028468
-0.00029438
0.0022373
0.003409
0.0026463
0.00044631
-0.0020192
-0.0036929
-0.004221
-0.0039686
-0.0035676
-0.0034263
-0.0035473
-0.0036742
-0.0035404
-0.0030109
-0.0020874
-0.00087313
0.00043261
0.001542
0.0021444
0.0020299
0.0012057
-7.0536e-05
-0.0013689
-0.0022465
-0.0024153
-0.0018467
-0.00077661
0.00038805
0.0012297
0.0014867
0.0011371
0.00034348
-0.00067255
-0.0016786
-0.0023539
-0.0022576
-0.001057
0.0010659
0.0032423
0.004316
0.0036316
0.0015638
-0.00071595
-0.0020828
-0.0022158
-0.0016715
-0.0013029
-0.0015744
-0.0023011
-0.0029038
-0.0028836
-0.0021506
-0.001028
2.8749e-06
0.0006043
0.00071605
0.00047694
7.2558e-05
-0.00033088
-0.00057077
-0.00051894
-0.0002013
0.00012693
9.6043e-05
-0.00051041
-0.0015398
-0.0024912
-0.0027862
-0.0021312
-0.0007441
0.00071673
0.0015207
0.0013283
0.00042923
-0.00046294
-0.00074459
-0.00036354
0.00021369
0.00047885
0.0003618
0.00027072
0.00066818
0.0015924
0.002573
0.0030096
0.0026555
0.0017732
0.00086372
0.00026323
-2.8139e-05
-0.0001919
-0.00032977
-0.00036486
-0.0001723
0.00022231
0.00058933
0.00065266
0.00032032
-0.00022953
-0.00069711
-0.00090718
-0.00091538
-0.00088028
-0.00085432
-0.00073108
-0.00040974
8.5501e-06
0.0002239
-2.8469e-05
-0.00071897
-0.0014821
-0.0018488
-0.0015764
-0.00082034
-2.3549e-05
0.00038307
0.00025341
-0.00019333
-0.00050682
-0.00027062
0.00062774
0.001866
0.0028137
0.0028954
0.001966
0.00041888
-0.0010555
-0.0018644
-0.0017834
-0.00098822
8.6744e-05
0.00095217
0.0012623
0.00094834
0.0002261
-0.00052521
-0.00093701
-0.00079091
-9.3512e-05
0.00091007
0.0018029
0.0021706
0.0018377
0.001012
0.00018288
-0.00020973
-9.4397e-05
0.00019831
0.00022627
-0.0002017
-0.00089853
-0.0014845
-0.00169
-0.0015151
-0.0011517
-0.00078226
-0.00044464
-6.2942e-05
0.00040557
0.00084725
0.0010022
0.00061173
-0.00038652
-0.0017404
-0.0029419
-0.0034762
-0.0031371
-0.0021855
-0.0011996
-0.00069306
-0.00078148
-0.0011572
-0.0013786
-0.0012073
-0.00070851
-8.5773e-05
0.0005153
0.0010285
0.0013591
0.0013481
0.00089338
0.00010049
-0.00071081
-0.0011751
-0.0011041
-0.00061499
-8.251e-05
7.8685e-05
-0.00030273
-0.0009885
-0.0014399
-0.0011782
-0.00015011
0.001196
0.0022015
0.0024301
0.0019027
0.00098351
7.6011e-05
-0.00058834
-0.00094477
-0.00099408
-0.00077245
-0.00038897
1.9412e-07
0.00031662
0.00064182
0.0011161
0.0017171
0.0021516
0.0020238
0.0011895
-4.7937e-06
-0.0008455
-0.00070524
0.00049781
0.002194
0.0035043
0.0037756
0.0029191
0.0013529
-0.00032016
-0.0016078
-0.0022313
-0.0021107
-0.0013702
-0.00035365
0.00047507
0.00077022
0.00050559
-5.2764e-05
-0.00057842
-0.00089949
-0.0010218
-0.0010059
-0.00087759
-0.00066205
-0.00045202
-0.0003804
-0.00051176
-0.00079308
-0.0011293
-0.0014723
-0.0017868
-0.0019386
-0.0016924
-0.00091279
0.00020359
0.00114
0.0014008
0.0009223
0.00016185
-0.00027187
-0.00014081
0.00023085
0.00027597
-0.00029187
-0.0012296
-0.0019791
-0.0021055
-0.0015687
-0.00065161
0.00030128
0.0010574
0.0014726
0.0014162
0.00083831
-4.1985e-05
-0.0006669
-0.00038738
0.0010568
0.0031629
0.0047249
0.0044044
0.0015836
-0.0029249
-0.0067967
-0.0070682
-0.0018029
0.008279
0.019365
0.025936
0.02337
0.010179
-0.011584
-0.037803
-0.064269
-0.08753
-0.10437
-0.11136
-0.10582
-0.087823
-0.060946
-0.030432
-0.00029796
0.027556
0.051209
0.066455
0.068386
0.056887
0.040716
0.034189
0.04676
0.073749
0.097692
0.10138
0.082575
0.057566
0.049308
0.069189
0.10689
0.13639
0.13348
0.092131
0.028857
-0.026828
-0.049195
-0.030164
0.017276
0.067387
0.096461
0.095086
0.070482
0.038161
0.0099431
-0.012127
-0.032154
-0.052377
-0.069651
-0.079289
-0.080259
-0.074526
-0.061625
-0.03713
0.00025487
0.040097
0.062154
0.050773
0.0091738
-0.040867
-0.074627
-0.081325
-0.067946
-0.049017
-0.03381
-0.022367
-0.011097
0.00035407
0.0083194
0.0096859
0.0056315
0.00048201
-0.0023615
-0.0027784
-0.002649
-0.0031689
-0.0038893
-0.0039916
-0.0036377
-0.0034983
-0.00313
-0.00063933
0.0051023
0.011527
0.012387
0.0025804
-0.015075
-0.027672
-0.019337
0.015613
0.064642
0.10393
0.11765
0.11339
0.11785
0.15372
0.21679
0.27398
0.28526
0.23227
0.13203
0.027241
-0.037881
-0.039767
0.015742
0.099402
0.17372
0.20976
0.19902
0.15485
0.10176
0.057371
0.019178
-0.032226
-0.11291
-0.21385
-0.29865
-0.32762
-0.29154
-0.22565
-0.18807
-0.21665
-0.29763
-0.37244
-0.37936
-0.30052
-0.17894
-0.091541
-0.095422
-0.18542
-0.29464
-0.33949
-0.27782
-0.13817
0.0016489
0.070819
0.054928
0.0022881
-0.016131
0.038673
0.14629
0.24599
0.28519
0.25848
0.20735
0.18276
0.2024
0.238
0.24267
0.19451
0.11937
0.072811
0.095809
0.18
0.27066
0.30564
0.26054
0.16542
0.079856
0.044725
0.048673
0.037698
-0.037325
-0.17345
-0.30999
-0.37239
-0.33108
-0.22661
-0.14023
-0.13352
-0.20456
-0.29299
-0.32792
-0.28137
-0.18863
-0.12189
-0.13712
-0.23232
-0.34651
-0.39946
-0.34348
-0.19147
-0.0042997
0.14932
0.23045
0.24177
0.21268
0.17543
0.15011
0.14407
0.15836
0.19177
0.23926
0.28849
0.32034
0.31639
0.27
0.19391
0.11774
0.074659
0.083894
0.13953
0.21292
0.26751
0.27674
0.23456
0.15391
0.056884
-0.03524
-0.1069
-0.14883
-0.15839
-0.14152
-0.11345
-0.094521
-0.10119
-0.1375
-0.1923
-0.2439
-0.2695
-0.25571
-0.20597
-0.14182
-0.095488
-0.094765
-0.14675
-0.23023
-0.30363
-0.32657
-0.28275
-0.18954
-0.086815
-0.011554
0.024663
0.039038
0.05971
0.10149
0.15564
0.20149
0.22742
0.24016
0.25372
0.27074
0.27627
0.25133
0.19373
0.12659
0.086393
0.099495
0.16433
0.2504
0.31293
0.31387
0.23933
0.10722
-0.037607
-0.14069
-0.16332
-0.10453
-0.0050682
0.07404
0.088121
0.035469
-0.046477
-0.11216
-0.14012
-0.14074
-0.13726
-0.14117
-0.14497
-0.13585
-0.11351
-0.093029
-0.090322
-0.10527
-0.12
-0.11464
-0.085438
-0.047703
-0.020664
-0.0094717
-0.0022851
0.014845
0.040774
0.057697
0.047473
0.010179
-0.033081
-0.056149
-0.0483
-0.021476
0.0010351
0.0037796
-0.010083
-0.024083
-0.023574
-0.0072646
0.013527
0.0254
0.023174
0.011902
0.00069675
-0.0049345
-0.0058201
-0.0059844
-0.0078119
-0.010077
-0.0098382
-0.0056342
0.0010528
0.0069429
0.0092967
0.0075069
0.0030422
-0.0018255
-0.0054088
-0.0072105
-0.0075855
-0.0070153
-0.0056927
-0.0036454
-0.0010745
0.0015085
0.0034366
0.0041451
0.003379
0.0013214
-0.0013946
-0.0038827
-0.0053806
-0.0055638
-0.0045621
-0.0027355
-0.00048421
0.0017566
0.003475
0.0041797
0.003608
0.0018601
-0.00062845
-0.0032048
-0.0051516
-0.0059035
-0.0052973
-0.003676
-0.0017069
-2.5452e-05
0.0010231
0.0014115
0.0013147
0.00096974
0.00053101
-4.7041e-05
-0.00095721
-0.0022467
-0.0035139
-0.0039879
-0.0030888
-0.0010276
0.0011609
0.0022999
0.001935
0.000648
-0.00045035
-0.00061734
-2.0922e-05
0.00049645
0.00020301
-0.00086448
-0.0019185
-0.0020749
-0.0010696
0.00055324
0.0018767
0.0022515
0.0016293
0.00043099
-0.00081013
-0.0016981
-0.002014
-0.0016862
-0.00083186
0.00018418
0.0008589
0.00086109
0.00029739
-0.00036853
-0.00073206
-0.00080612
-0.00094089
-0.0013805
-0.0019416
-0.0021777
-0.0018553
-0.0012237
-0.00079216
-0.00086385
-0.0013131
-0.001782
-0.00201
-0.0019336
-0.0015512
-0.00086385
-4.649e-05
0.00043614
0.00015784
-0.00062463
-0.00077483
0.00081312
0.0036259
0.0048753
0.0012451
-0.0075007
-0.016114
-0.016148
-0.0031562
0.016168
0.024258
0.0033651
-0.049414
-0.11509
-0.16188
-0.16585
-0.12793
-0.073711
-0.036185
-0.03429
-0.06273
-0.098914
-0.12028
-0.119
-0.10451
-0.093692
-0.097109
-0.11133
-0.12209
-0.11543
-0.088849
-0.054729
-0.032571
-0.03412
-0.051883
-0.061811
-0.041314
0.010499
0.068772
0.10142
0.09587
0.070482
0.059938
0.087076
0.14501
0.20337
0.23185
0.22164
0.18954
0.16447
0.16807
0.20254
0.25101
0.2872
0.28793
0.2432
0.16051
0.061632
-0.027182
-0.086766
-0.11172
-0.10919
-0.092438
-0.07429
-0.063422
-0.06276
-0.068774
-0.072312
-0.063095
-0.037969
-0.0078969
0.0044921
-0.020001
-0.078132
-0.13826
-0.15785
-0.11532
-0.031614
0.038748
0.044133
-0.026563
-0.13382
-0.21344
-0.22006
-0.15683
-0.07049
-0.016515
-0.020373
-0.063047
-0.099702
-0.095357
-0.049561
0.0075106
0.041519
0.039875
0.01689
-0.0028035
-0.0056061
0.0033775
0.010153
0.0070627
-0.0013309
-0.0052617
-0.00053952
0.0079501
0.012131
0.008718
0.0013698
-0.0038363
-0.0040285
-0.0010085
0.0015614
0.0015479
-0.00065894
-0.003372
-0.0051418
-0.0054167
-0.0044812
-0.0030888
-0.0018706
-0.00077616
0.00076614
0.0027592
0.0037282
0.0015589
-0.0039667
-0.0093613
-0.0090995
-0.00056753
0.011841
0.018432
0.012353
-0.0018311
-0.007682
0.012318
0.06195
0.12534
0.17674
0.19868
0.19222
0.16989
0.13938
0.096141
0.034275
-0.03557
-0.08247
-0.074637
-0.0070001
0.088837
0.16387
0.18528
0.1561
0.10571
0.062498
0.034269
0.01139
-0.015511
-0.043631
-0.062862
-0.069876
-0.075433
-0.097215
-0.14465
-0.20856
-0.26356
-0.28196
-0.25054
-0.18023
-0.10228
-0.052669
-0.053671
-0.10347
-0.17933
-0.25074
-0.29379
-0.29914
-0.27217
-0.22779
-0.18316
-0.15006
-0.12916
-0.10929
-0.074054
-0.012651
0.072096
0.16401
0.2414
0.28645
0.29067
0.25587
0.1934
0.12291
0.06885
0.052782
0.083709
0.15219
0.23269
0.29397
0.31347
0.28906
0.24178
0.20509
0.20357
0.23296
0.25734
0.23009
0.1274
-0.029854
-0.18415
-0.27551
-0.27762
-0.21032
-0.12193
-0.057012
-0.034149
-0.046313
-0.077331
-0.11674
-0.16128
-0.20645
-0.24044
-0.24832
-0.22208
-0.16716
-0.1007
-0.044303
-0.015797
-0.021987
-0.054693
-0.093962
-0.11966
-0.12424
-0.11518
-0.10334
-0.087625
-0.051789
0.020452
0.12397
0.22485
0.2782
0.26045
0.19018
0.11745
0.087347
0.10734
0.14663
0.16732
0.15771
0.13652
0.12666
0.12734
0.11384
0.064737
-0.011792
-0.07945
-0.10213
-0.072214
-0.013739
0.03964
0.069483
0.078686
0.077635
0.067344
0.036646
-0.024607
-0.10933
-0.18911
-0.22725
-0.20087
-0.11804
-0.018095
0.047501
0.045173
-0.017884
-0.095216
-0.13012
-0.094292
-0.007828
0.075587
0.10744
0.077056
0.014212
-0.037167
-0.050789
-0.031244
-0.0027875
0.012757
0.01027
-0.00065069
-0.0079305
-0.0072397
-0.002727
-0.0004258
-0.0019433
-0.0038693
-0.0021202
0.0037175
0.010045
0.012677
0.010435
0.0056428
0.0014954
-0.00078336
-0.0023181
-0.0045789
-0.007416
-0.0091405
-0.0082993
-0.0051437
-0.001397
0.0012029
0.0020688
0.0017473
0.0011191
0.00073812
0.00073029
0.00098055
0.0012349
0.0011171
0.00028786
-0.0012436
-0.0029776
-0.0042065
-0.0045369
-0.0041584
-0.0035962
-0.0032062
-0.0029148
-0.00242
-0.0015949
-0.00067321
-6.2653e-05
-1.2085e-06
-0.00038147
-0.00087081
-0.001187
-0.0012889
-0.0013498
-0.0015668
-0.0019639
-0.0023347
-0.0023602
-0.0018183
-0.00073851
0.00059688
0.0017853
0.0024615
0.0023962
0.0015406
6.8969e-05
-0.0015965
-0.0028811
-0.0033243
-0.0028746
-0.0019431
-0.0011044
-0.00067254
-0.00053562
-0.00039011
-0.00010971
0.00013672
0.00011292
-0.00018846
-0.00050748
-0.00057039
-0.00037382
-0.00023257
-0.00055567
-0.0015263
-0.0028959
-0.004018
-0.0041412
-0.0028685
-0.0005362
0.0018059
0.0029477
0.0023098
0.00037375
-0.0016525
-0.0027131
-0.0026223
-0.00205
-0.001841
-0.0022894
-0.0029582
-0.003118
-0.0023812
-0.001037
0.00012602
0.00036558
-0.00045696
-0.0016939
-0.0023016
-0.0016211
3.7604e-06
0.0013254
0.001064
-0.0010659
-0.0040136
-0.0060739
-0.0060822
-0.0041815
-0.0016023
0.00027167
0.00076097
9.1604e-05
-0.0010077
-0.0018393
-0.0020266
-0.0015457
-0.00066594
0.00013826
0.00038863
-7.9118e-05
-0.00090849
-0.0014025
-0.0010668
-9.1735e-05
0.0007095
0.00055637
-0.0005786
-0.0018624
-0.0022825
-0.0015492
-0.00039745
9.8331e-06
-0.00094739
-0.0028493
-0.0045993
-0.0052707
-0.0047096
-0.0034725
-0.0022752
-0.0014716
-0.00094698
-0.00039996
0.00029548
0.00093796
0.0011277
0.00055319
-0.00075531
-0.0023597
-0.0035895
-0.0038816
-0.0030949
-0.0015953
-3.7241e-05
0.0010288
0.0014507
0.0014547
0.0013419
0.0011896
0.0008473
0.00021532
-0.00052153
-0.00099071
-0.00096962
-0.00059698
-0.00023308
-0.00012593
-0.00022725
-0.00031815
-0.00028257
-0.00023683
-0.00038984
-0.00078892
-0.0012267
-0.0014249
-0.0013229
-0.0011733
-0.0013201
-0.0018548
-0.0024887
-0.002783
-0.0025194
-0.0018505
-0.0011087
-0.00051396
-8.8023e-05
0.00020561
0.00033529
0.00024724
-2.0702e-05
-0.00031541
-0.00039622
0.00010501
0.0016707
0.0044955
0.0076824
0.0088188
0.005083
-0.0039518
-0.013744
-0.015686
-0.0030401
0.021225
0.041781
0.038815
0.0032653
-0.052426
-0.099278
-0.11141
-0.08562
-0.044702
-0.021786
-0.038178
-0.091036
-0.15755
-0.20983
-0.22933
-0.21308
-0.17086
-0.11737
-0.064817
-0.019201
0.018914
0.050483
0.073605
0.08177
0.06696
0.027022
-0.027203
-0.071678
-0.079458
-0.037035
0.044559
0.13355
0.19495
0.20981
0.18327
0.13826
0.10159
0.091359
0.11013
0.1447
0.17242
0.1733
0.1428
0.096878
0.063326
0.063113
0.094719
0.13423
0.15217
0.13407
0.088597
0.037525
-0.0022608
-0.028868
-0.05038
-0.071876
-0.087901
-0.087059
-0.06347
-0.024141
0.014114
0.035377
0.034542
0.019598
0.0054167
0.0037846
0.016297
0.03434
0.045584
0.042254
0.025676
0.0045677
-0.011155
-0.016531
-0.013707
-0.0090907
-0.0080341
-0.011101
-0.014535
-0.014068
-0.008634
-0.00097161
0.00494
0.007015
0.0060642
0.0042612
0.0029399
0.0017928
-0.00017878
-0.0032987
-0.0068159
-0.0095599
-0.010716
-0.010023
-0.0075785
-0.0037785
0.00056524
0.0043421
0.0066627
0.0073811
0.0070954
0.0065915
0.0062073
0.0056003
0.0040288
0.00092242
-0.0035939
-0.00854
-0.012453
-0.01413
-0.013242
-0.010378
-0.0065365
-0.0025816
0.00093183
0.003612
0.0051459
0.0054387
0.0047607
0.0036514
0.0026321
0.0019733
0.001632
0.001304
0.00058556
-0.00070648
-0.0022036
-0.0030432
-0.0024969
-0.00071822
0.0011582
0.0018086
0.00074382
-0.001355
-0.0032266
-0.003925
-0.0032821
-0.0017807
-0.0001676
0.0009058
0.0011462
0.00072599
0.00011556
-0.00029598
-0.00046514
-0.00058561
-0.00076192
-0.00087248
-0.00078109
-0.00060336
-0.00065046
-0.0010731
-0.001621
-0.0018278
-0.0014461
-0.00067984
5.4492e-06
0.00026733
9.4794e-05
-0.00028414
-0.00062852
-0.00082994
-0.00091257
-0.00096272
-0.0010799
-0.001364
-0.0018804
-0.0025761
-0.0032308
-0.0035647
-0.0034712
-0.0031579
-0.0030045
-0.0032165
-0.0035824
-0.0035784
-0.0027644
-0.0011626
0.00068233
0.002016
0.0023301
0.0016441
0.00044084
-0.00066312
-0.0012739
-0.0013788
-0.0012402
-0.0011476
-0.0012326
-0.0014641
-0.0017552
-0.0020272
-0.002179
-0.0020745
-0.0016545
-0.0010868
-0.00073191
-0.00085408
-0.0013191
-0.0016297
-0.0013439
-0.00049392
0.00043452
0.00096732
0.0010821
0.001166
0.0015344
0.0020109
0.0020171
0.001127
-0.00041941
-0.0017466
-0.0019586
-0.00086104
0.00081972
0.0019428
0.0018089
0.0006823
-0.00045303
-0.00071026
-1.9333e-05
0.00084073
0.00091113
-0.00014774
-0.0017914
-0.0030454
-0.003243
-0.0024131
-0.0010736
0.00024944
0.0012902
0.0019668
0.0022261
0.0020615
0.0016049
0.0010448
0.00040277
-0.00046808
-0.0014578
-0.0017837
-0.00037761
0.0027717
0.0055017
0.0043504
-0.0022293
-0.010753
-0.013534
-0.0048775
0.011348
0.020237
0.0046884
-0.040245
-0.099319
-0.14416
-0.15217
-0.12332
-0.081371
-0.057719
-0.069251
-0.10633
-0.14024
-0.14549
-0.12037
-0.08853
-0.078851
-0.099557
-0.12981
-0.13722
-0.10577
-0.048492
0.0062435
0.04109
0.063712
0.095942
0.14927
0.21046
0.25139
0.2544
0.22992
0.20951
0.21961
0.25793
0.29307
0.28877
0.23429
0.1569
0.10628
0.12125
0.2022
0.30795
0.37878
0.37113
0.28354
0.15849
0.057604
0.023028
0.049131
0.085776
0.074689
-0.0059334
-0.12351
-0.21557
-0.23735
-0.19347
-0.12928
-0.092234
-0.097395
-0.12323
-0.13615
-0.12
-0.086755
-0.063253
-0.067712
-0.095334
-0.12264
-0.12501
-0.093408
-0.039251
0.013604
0.042711
0.038281
0.0071178
-0.031334
-0.055014
-0.051208
-0.023888
0.0092184
0.028829
0.026718
0.0091838
-0.010078
-0.020384
-0.01951
-0.012092
-0.0045493
-0.00079725
-0.00071419
-0.0013231
0.00037229
0.0047959
0.0094097
0.010876
0.0078477
0.0018757
-0.0041779
-0.0084534
-0.01091
-0.012234
-0.012376
-0.010422
-0.0058185
0.00047294
0.0062258
0.0094155
0.0095219
0.0075458
0.0049124
0.0023852
-0.00012958
-0.0029587
-0.005953
-0.0083012
-0.0089318
-0.0071643
-0.0031964
0.0018575
0.0064409
0.009313
0.010117
0.0093453
0.0077241
0.0055635
0.0026771
-0.0010479
-0.0050277
-0.0080085
-0.0088294
-0.007261
-0.00416
-0.00082308
0.0018397
0.0035998
0.0045539
0.0046377
0.0035796
0.0013275
-0.0015646
-0.0040826
-0.0053826
-0.0053405
-0.0045106
-0.0035485
-0.002663
-0.0016079
-0.00017038
0.00137
0.0022873
0.0019348
0.00028984
-0.0019341
-0.0036801
-0.0041491
-0.0032187
-0.0014502
0.00029354
0.0013837
0.0017795
0.0019498
0.0023917
0.0030996
0.0034448
0.0026342
0.00042827
-0.0024886
-0.0048476
-0.0056065
-0.0045776
-0.0023917
7.3536e-05
0.0022416
0.0039402
0.0051328
0.0056677
0.0053116
0.0039938
0.0019957
-9.4825e-05
-0.0016307
-0.0021984
-0.0017986
-0.00082907
0.00012901
0.00061793
0.00051944
3.0462e-05
-0.00057057
-0.0011481
-0.0017203
-0.002286
-0.0026933
-0.0027113
-0.0022175
-0.0012927
-0.00014218
0.0010404
0.0021163
0.0029479
0.0033692
0.0032682
0.0027311
0.0020934
0.0017769
0.0019505
0.0022634
0.0019826
0.00064235
-0.0012036
-0.0019462
-0.0001171
0.0037998
0.0066874
0.0047369
-0.0026824
-0.010576
-0.010911
-9.643e-05
0.014229
0.014573
-0.014795
-0.073394
-0.13958
-0.18157
-0.17788
-0.13204
-0.070425
-0.025085
-0.014335
-0.034096
-0.064238
-0.083773
-0.083948
-0.071208
-0.0598
-0.060651
-0.074538
-0.09304
-0.1046
-0.10045
-0.077335
-0.03778
0.010535
0.056477
0.089517
0.10491
0.10559
0.09779
0.083955
0.060715
0.025609
-0.013843
-0.039237
-0.031864
0.01359
0.084283
0.15745
0.21425
0.24791
0.26086
0.2557
0.22955
0.17744
0.10174
0.018482
-0.047082
-0.07394
-0.057826
-0.012992
0.037271
0.072855
0.083156
0.066368
0.026824
-0.025699
-0.076274
-0.10859
-0.11259
-0.091434
-0.062394
-0.049961
-0.074053
-0.13862
-0.22573
-0.29867
-0.31511
-0.24627
-0.093626
0.1068
0.29603
0.4142
0.42205
0.31369
0.11879
-0.10498
-0.28957
-0.38167
-0.36504
-0.26538
-0.13291
-0.014285
0.06648
0.10776
0.11705
0.099365
0.056556
-0.0053213
-0.070425
-0.11645
-0.1255
-0.094462
-0.037263
0.022714
0.06463
0.079217
0.070541
0.051311
0.035534
0.032156
0.041774
0.05722
0.067762
0.065088
0.047808
0.021597
-0.0049195
-0.025259
-0.037436
-0.042684
-0.042702
-0.038034
-0.028404
-0.014033
0.0033425
0.02051
0.033852
0.040818
0.040863
0.035265
0.026144
0.015548
0.0051641
-0.0036171
-0.0098141
-0.013201
-0.014409
-0.014449
-0.013962
-0.012862
-0.010688
-0.0073131
-0.0032982
0.00040122
0.0030912
0.0047183
0.0056455
0.0060721
0.0056676
0.0037751
4.2266e-05
-0.0050197
-0.0099973
-0.013152
-0.013298
-0.010458
-0.0058663
-0.0012921
0.0018873
0.0032433
0.0031181
0.0019398
-0.00029872
-0.0038722
-0.0086362
-0.013591
-0.017304
-0.018943
-0.018961
-0.018724
-0.019341
-0.020695
-0.021462
-0.02006
-0.015757
-0.0091762
-0.0019649
0.0040433
0.0076258
0.0085326
0.0073567
0.0050899
0.0026073
0.00031042
-0.0018836
-0.0041844
-0.0064629
-0.0081155
-0.0084674
-0.0073972
-0.0055666
-0.0039574
-0.0030952
-0.0026867
-0.0020223
-0.00076896
0.00059206
0.0010977
0.00011482
-0.0020795
-0.0044341
-0.005835
-0.0057982
-0.0046349
-0.0030589
-0.0016505
-0.00062048
3.4641e-05
0.00027717
-9.8678e-06
-0.00085377
-0.0021135
-0.0036799
-0.0057488
-0.0087576
-0.012863
-0.017377
-0.020805
-0.021675
-0.019625
-0.015799
-0.012126
-0.010001
-0.0094381
-0.0092977
-0.0083045
-0.0059813
-0.002892
-0.00020143
0.0010348
0.00042246
-0.0016379
-0.0042823
-0.0067712
-0.0089115
-0.010964
-0.013108
-0.014964
-0.015666
-0.014486
-0.011484
-0.0076046
-0.004088
-0.001684
-0.0003242
0.00052024
0.0012083
0.0016484
0.0015679
0.0009628
0.00023103
-0.00012561
9.8005e-05
0.00068971
0.0012465
0.0014943
0.0014185
0.0011452
0.00073249
6.873e-05
-0.0010491
-0.0027277
-0.0048239
-0.0069385
-0.0085711
-0.0093399
-0.0091341
-0.0081271
-0.00669
