-5.2785e-05
0.0047838
-0.00090375
0.0037419
0.00012432
-0.0021677
-0.0010714
-0.00080727
0.0061302
0.0060258
0.0014152
-0.0044135
-0.0032717
-0.00090891
0.00129
-0.0023858
-0.00090906
0.001314
0.0023901
0.0024759
-0.0057688
-0.0034783
0.00015478
0.0013425
-0.0010256
0.00014528
0.00010744
-0.0021339
0.00024974
4.7765e-05
0.001249
0.0047332
0.0023767
0.0047202
0.0036221
-0.002191
-0.00096051
0.0034469
0.0012642
0.0036831
0.0013442
0.0047324
-1.4023e-05
-0.0022485
0.0049166
0.0048699
-0.002256
0.0024571
0.0036705
0.0048479
-0.0045468
-0.0010819
0.00025579
0.0013822
-0.00093315
-0.0019747
-0.0009522
-0.0042583
-0.0032661
0.00010577
-0.0010468
0.0012854
0.0015069
-0.00089021
-0.00081503
-0.0021409
-0.0020523
0.0024655
-0.0020928
-0.00098785
-0.00097757
0.002318
0.0001666
0.002251
0.00361
0.001275
0.0034149
0.0013699
0.0013127
-0.00091625
0.0013848
-0.00092939
0.0036429
-0.0043852
0.0015672
-0.0022313
-0.00086881
0.0002949
0.00024536
0.0025046
-0.0020186
0.0025673
0.0037703
-0.00089301
0.0010878
-0.0011383
-0.0010904
0.00015545
0.0025742
0.0024751
0.0036326
-0.00092317
-0.0020719
-0.0022558
-0.00095339
0.00011068
3.8076e-05
0.0037912
0.0014576
-0.0010229
0.0035813
-0.0010268
0.0034445
-0.0010147
0.0047974
-0.00093898
0.00022502
-0.0010988
0.00015544
0.0038136
-0.001002
0.0046652
0.0013217
-0.0010414
0.00013997
0.00017831
-0.0011905
0.00023964
0.00016636
-0.0057671
0.00019201
-0.0011126
0.0059396
-0.0035298
0.002479
0.00022943
-0.002282
0.0001365
0.0035464
-0.0045361
-0.0057583
-0.0010941
-0.0010301
0.0013352
0.0024915
0.00022602
-0.0010459
0.004662
0.0013485
-0.0021433
-0.0021822
0.0011265
-0.00085086
-0.0011144
-0.00083835
-0.0071259
0.0014733
-0.0034477
0.0013862
0.0034689
0.001269
-0.0033849
-0.0011368
0.0011269
-0.0010274
-0.003322
0.0013889
0.0024619
0.0034907
0.0061262
-9.2507e-05
0.00010818
-0.0022256
0.0025839
-0.00099856
0.0025543
-0.0021375
-0.0022211
-0.002152
0.0012969
0.0025063
-0.003303
0.0059906
0.0060075
0.0013938
-0.00079119
0.001261
0.0011438
-0.002048
-0.001014
-0.00085185
-0.0010281
-0.0010798
0.0024737
-0.0021742
0.001381
-0.0010465
-0.0033954
-0.00099459
0.0039624
-0.007949
0.0013245
0.0025721
0.0013064
0.0013267
0.0012692
0.0011765
-0.00092983
-0.0009816
0.0025305
0.00015273
-0.0020142
0.0023893
0.0014438
0.0012398
-0.0021009
0.0036045
0.0048237
-0.0032651
-7.3659e-06
-0.0020365
-0.0010023
0.0024694
0.0024239
-1.3883e-05
-0.0034551
0.00028753
0.0022876
-0.0044752
-0.0011175
0.00025495
0.0012905
0.0003811
-0.0011571
-0.0035243
0.001414
0.00026133
0.0035894
0.0071943
-0.0021896
0.0039273
0.0047956
-0.0012299
-0.003394
-0.00089309
-0.0056338
0.0035751
-0.0011058
-0.0013164
2.4965e-05
-0.0011354
0.0013701
-0.0034124
-0.0012088
-0.0033258
0.0037488
0.00027452
-0.0010439
-0.003423
-0.0022582
0.00020572
0.0001358
9.3837e-05
-0.004318
0.0002131
-0.0058113
0.0025037
-0.0023106
0.00011721
-0.002326
0.0026945
0.00037232
-0.0010155
-1.9789e-05
0.0024116
0.00026472
0.00027362
0.0013325
-0.003213
-1.834e-05
0.0014119
0.001166
-0.0010755
-0.0044396
0.0012075
-0.0022152
-0.0033217
-0.0020756
-0.0033826
0.004715
-0.004652
0.0025186
-0.0012437
-0.0045648
0.000182
-0.0021667
0.0023597
0.00021632
0.0047312
0.0037762
-0.0042056
-0.00095335
-0.00098657
0.0023574
-0.00095422
0.001318
-0.0045316
-0.0057764
0.0047155
0.0012634
0.00013721
0.00010386
0.0027124
0.0013317
0.0049494
0.0024752
-0.00089436
-0.0021961
0.002453
-0.0010062
-0.0020996
-0.00078466
0.0024336
-0.00096388
0.0047077
-0.0035397
0.0025368
0.005019
-0.001064
-0.0034315
-0.00081924
0.0050005
-0.001017
0.00024634
0.0013166
0.0046714
0.0025511
-0.0012662
-0.0057193
-0.00095044
0.0025053
-0.0011306
0.00026185
-0.0032858
0.0025176
0.004843
0.004754
0.0013053
0.0035391
0.0013379
-0.0046656
0.00026374
0.0014926
0.0015241
-0.0011783
0.0011716
-0.0021359
0.001318
0.00030703
-0.0020948
0.0034445
-0.003218
-0.0022205
0.0023405
0.0044849
0.00019917
-0.0010387
0.0024777
4.0432e-05
0.0023301
0.0014195
0.0012239
-0.0033883
-2.8626e-05
0.00024517
0.0014337
0.0035394
-0.00084195
0.0012585
-0.0054567
-0.0034009
-0.0020047
0.0014626
0.00027546
0.0083208
0.0012862
-0.00011848
0.00024753
0.0013036
0.0026165
0.00031465
0.00024861
0.00010175
-4.494e-05
0.0011125
0.0014014
-0.0010711
0.00024745
-0.0010958
0.00032862
0.0037509
-0.0010791
0.0013817
0.0013352
0.0037973
-0.0010773
0.0071583
0.003669
-0.0010113
0.0014176
0.0012036
0.0013515
3.8167e-05
-0.00075234
-6.7075e-05
-0.00089925
0.0025177
-0.0010663
-0.0032025
0.0035091
0.0025058
-0.0023131
0.0014596
6.9741e-05
-0.00099374
-0.0010979
0.00023567
0.00028182
0.00021464
-0.0021168
0.0037019
-0.00078744
0.0024026
0.001234
-0.0020139
0.0003362
0.00016992
0.00018873
0.0013654
0.0012982
-0.0034784
0.0025015
0.0002396
0.0025178
-0.0021622
0.0036369
8.7051e-05
0.00011671
-0.001036
0.0022171
-0.0010075
0.0023454
-0.0021204
0.0026933
0.0034699
-0.0035339
0.00024892
0.00227
-0.0009821
-0.0069513
0.00015294
-0.0021221
-0.0021446
0.0011425
-0.0045631
-0.0016891
0.0024801
0.0060693
-0.0045069
0.0013696
0.0037872
0.0034268
0.00015664
-0.0021744
-0.0010622
0.00018429
0.0047542
-0.0021639
0.0023492
-0.0011093
5.2108e-05
7.0184e-05
0.0013165
0.00016119
0.0035282
0.0014943
5.5012e-05
-0.0010884
0.00018554
-0.0008556
0.0002164
-0.0032432
0.00024978
-0.0010751
-0.00087732
-0.0022269
0.0014182
0.00025805
0.00017729
0.001351
0.0013351
-0.0011806
0.00027587
0.0013588
0.0045913
-0.003351
0.00011129
0.0013068
-0.00099365
-0.00094427
0.0035648
-0.0010989
0.0011514
0.0011931
0.0039049
-0.0010061
-0.00083688
-0.0010446
-0.000837
-0.0010373
0.0013049
-0.0023226
-0.0011355
0.001554
0.0011452
-0.00081805
-0.0046999
-0.0021377
-0.0021877
-0.0012539
-0.0010068
0.0025486
0.0037449
-0.0011377
0.0036623
-0.00093902
-0.0029658
-0.00095392
0.0023592
0.00020702
0.0035264
0.0024202
-0.0033626
0.0013909
0.00022639
0.00019618
-0.0011105
-0.00096099
-0.00086556
-4.1663e-05
-0.0010166
0.0001954
0.0024796
5.2172e-05
-0.0043381
0.00011942
5.2328e-05
0.0013163
-0.00098862
0.0013579
0.0012016
0.0049252
0.0049052
-0.0067724
-0.0010753
0.00023464
0.0012629
-0.0034796
0.0025622
0.001081
0.00014122
0.004819
-0.0012765
-0.00091437
0.0014799
0.0047544
-0.0012907
4.6579e-05
-0.0012086
-0.0033075
0.0037314
0.0013172
0.0025139
0.0024562
0.00016783
-0.0044869
0.00021523
-0.0021641
0.0012028
0.0024129
0.00032002
0.00026295
0.0021549
0.0012033
-0.00087615
-0.0011294
0.0072328
0.0025592
0.001317
-0.0022677
0.0024561
-0.002065
0.0059723
0.0038001
0.0013382
0.0034525
0.0013554
-0.0010701
-0.00092979
-0.0011247
0.001426
0.0047485
0.00021382
-0.0034979
0.0012401
0.0047091
0.0038159
0.00021319
-0.001103
-2.0974e-05
0.0014168
0.0012182
0.00031676
4.379e-05
-0.0021572
0.0024683
-0.002156
0.00017623
-0.0046457
0.0012978
0.004032
-0.0021566
-0.0010207
0.001313
0.0048955
-0.0021351
0.00019475
-0.00091791
0.0012553
-0.0032271
-0.0054591
-0.0023746
-5.1463e-06
-0.0012753
0.0026021
-0.0022162
-0.0012216
-0.0020304
0.0039121
0.00014181
0.0010985
0.0024999
1.5947e-05
0.0011298
0.0026234
0.001125
-0.00087875
0.00028367
0.00014287
-0.0031215
0.00028964
0.0024532
-0.0056978
-0.0033507
-0.0047333
-0.00082727
0.0024906
0.00025272
-0.0021069
-0.00092752
0.0034497
0.0023772
0.0038805
-0.0012461
-8.7757e-05
1.7692e-05
0.0013314
-0.0022182
-0.0012045
0.0037235
0.0024186
0.0013484
-0.0070033
0.0059674
-0.001037
-0.0010225
0.00020523
0.0023655
-0.0022657
0.0038081
-0.0056964
0.00025608
0.00032144
0.0026693
-4.4346e-05
-0.0046936
0.0014392
0.0036586
0.0050537
-0.0012721
0.00131
0.0037757
0.0012697
-0.00089608
0.001332
-0.0032979
-7.543e-05
0.0023672
-0.0011567
-7.7761e-05
0.0037046
0.0037237
0.0045884
0.0048903
0.00011723
0.0011958
0.0035633
-0.0022514
0.0015004
-0.0020051
-0.0020732
0.0058032
0.00010157
-0.0068335
0.0025469
-0.0010228
0.0013344
0.0024826
0.0014174
0.0012916
0.0036345
0.0036003
0.0035759
-0.0010227
0.0035775
0.0024741
-0.0011126
-0.0034246
-0.00079713
-0.0022505
-0.0023335
-0.0056647
-0.0022966
-0.0045094
0.00019624
9.8479e-05
-0.0008377
-0.0010791
0.0013272
0.0012035
0.0026297
0.0036901
0.0035629
0.0037941
0.00036255
-0.0056584
0.0011069
0.0015478
0.00017886
0.0012779
0.0048133
-0.00091624
0.00237
-0.00098113
-0.0056518
0.00017276
-0.0047663
-0.0022849
-0.00094548
0.0028838
-0.0021509
0.0073127
0.00023545
0.00034652
-0.00092808
-8.7883e-05
-0.00099164
8.6663e-06
0.00019255
0.00013928
0.0014721
0.0025832
-0.00094585
0.0059942
-0.0034797
-0.0023453
-0.0034409
0.00019945
0.0039639
-0.0022033
0.0012552
-4.7805e-06
0.0048117
0.0036683
6.8126e-05
0.0022768
0.0037036
0.0035899
0.0002352
0.00027059
-0.0031824
0.00021946
0.0049479
-0.0012495
0.0036812
0.00023697
0.003834
-0.00092865
0.0023516
9.7638e-05
-0.0045216
0.0013472
-0.0031254
0.00015952
-0.0046637
-0.0010135
0.0014064
-0.005616
0.0035357
0.0049135
0.00017951
0.0011075
0.0038715
-0.00080733
0.00033315
0.0048498
0.0035789
-0.0022029
0.0011616
0.0047106
0.0013184
0.0023699
0.0035835
-0.0023419
8.2313e-05
0.00016836
-0.0010359
-0.0045188
-0.0032607
0.0024359
0.005929
0.0025326
7.9969e-05
-0.0023081
0.0036744
0.00021374
-0.00093699
-0.0033257
-0.0009755
0.0014082
0.0025004
-0.0010274
-0.00098107
0.0012243
0.0037625
0.0012854
0.00014749
-0.00093924
0.00021773
0.0036886
-0.0018672
-0.0033772
-0.0035871
-0.0020288
0.0002342
0.00018876
0.0023272
0.0014077
-0.00020303
-0.0022088
-0.0044286
0.0026683
0.0013574
0.0010353
0.00015949
0.00012512
-0.0010961
-0.0022894
-0.0036116
-0.0047186
0.00028575
0.0025115
0.00029979
-0.0057456
-0.00091066
0.00026682
0.00011016
0.00597
0.0013816
0.00022922
0.0023999
0.00019813
0.0012567
-0.0010201
0.0050842
-0.0034164
0.0035068
0.0036933
0.0011081
0.00014537
0.0024527
0.00014886
-0.0020324
-0.0023002
-0.0056912
0.0058688
-0.0022112
-0.0020062
0.0034501
0.007369
-0.0010363
0.0012389
-0.0077637
-0.0055671
-0.0020263
0.00014056
0.00014426
-0.0020027
0.0012187
7.9401e-06
5.4523e-05
-0.0011305
0.0034673
-0.0010919
0.00012725
0.0037178
9.1804e-05
0.0052116
-0.00089971
-0.002328
-0.0009264
0.0012904
-0.002076
-0.0020696
-0.0021382
0.0011258
0.0002124
-4.5788e-05
-0.0010715
-0.0010193
0.001335
0.0024294
0.0035324
-0.001137
-0.0035132
0.0001244
0.002595
0.0036915
0.0024559
0.0025763
0.0013364
-0.00090486
9.9964e-05
0.0036902
0.002696
0.00026212
-0.0023322
-0.0010203
0.00019006
0.0049067
0.001406
0.0011769
0.00021605
2.9428e-05
0.00016718
0.0035483
-0.0044556
0.0058631
0.00012217
0.0036208
0.0013395
-0.00016183
0.0046232
0.00019195
0.00014562
0.0035516
-0.0045952
-0.0011561
0.0025018
0.0036041
-0.00097527
-0.0010211
-0.0031499
-0.002099
0.0036696
0.0023882
0.0049793
-0.0011359
-0.0023993
-0.0010244
0.00014428
0.0036673
0.0013195
-0.0012102
0.00013368
-1.268e-05
0.002555
-0.0021919
-0.0022668
0.0035816
0.0014486
-0.0027922
-0.0033092
-0.0033776
-0.0020571
0.0022901
0.0011959
0.0026509
0.0038133
0.0025255
-0.0056703
-0.0012603
0.0022675
-0.0032677
0.0026697
0.0024817
-0.0047639
-0.0011565
0.0037652
0.0011295
0.0058119
0.0024986
6.5406e-05
-0.033912
-0.035124
-0.03731
-0.042318
-0.012517
0.02298
0.01713
-0.028715
-0.014591
0.022668
0.0072352
-0.019176
0.016398
0.14417
0.082792
0.025496
0.063508
0.10084
-0.09137
0.00042216
0.11878
-0.10411
-0.12503
-0.078948
-0.061026
-0.036188
-0.057038
-0.075195
-0.16655
-0.26634
-0.24289
-0.087849
0.051637
-0.10148
-0.077469
-0.037647
0.070652
0.090399
0.070656
-0.015246
0.03601
0.14875
0.11291
0.011693
-0.024485
0.049019
0.10102
0.098471
0.024431
0.049993
0.089309
0.079938
0.050316
0.036691
0.070976
0.052769
-0.016604
0.0051804
-0.013373
0.024304
0.02367
-0.005168
-0.0046275
-0.018796
-0.071589
-0.091238
-0.1544
-0.079918
-0.087205
-0.041333
-0.042743
-0.017866
0.0089968
0.013628
-0.0012432
0.042079
0.041987
0.020367
0.020855
0.002795
0.014434
0.016969
-0.0031593
-0.018624
-0.011609
0.012317
0.01382
0.0015259
-0.0095149
-0.0047562
-0.004069
-0.0032296
-0.0070528
-0.0014089
-0.0048494
-0.0038693
-0.00058365
-0.0048292
-0.0015125
-0.013472
0.045587
0.053805
0.010967
-0.0074702
0.0076385
0.01316
0.013584
-0.072718
0.052749
-0.080806
-0.077363
-0.12165
-0.096272
-0.071291
-0.017969
0.025332
-0.029477
0.020997
0.013873
-0.03633
0.0012842
0.029389
-0.083272
0.050962
-0.01538
-0.056983
0.039706
0.010647
0.1112
0.0615
0.071394
0.08864
0.013802
0.068469
0.0599
0.064281
0.050666
0.046257
0.00066643
-0.0080098
-0.047005
-0.01452
-0.0093776
-0.00755
-0.0040413
-0.052689
-0.043956
0.051954
-0.016358
-0.18868
-0.054959
0.02832
-0.018395
-0.081193
-0.054969
0.0028521
-0.019376
-0.023995
-0.018205
0.013811
-0.0078096
0.018
0.050648
0.034092
-0.065535
0.043483
-0.033037
0.033175
0.1123
0.14632
0.09147
0.021732
0.095633
0.069724
0.076662
0.046515
0.031753
0.010281
-0.036175
0.019396
0.002057
0.029041
0.015024
-0.0080451
-0.028566
-0.024033
-0.040798
-0.054624
-0.099527
-0.13322
-0.1046
-0.058575
-0.054323
-0.060518
-0.077495
-0.080525
0.042126
-0.0038036
0.047572
0.024189
0.0095228
0.010857
0.0085188
-0.0065849
-0.018592
0.0073089
-0.012761
-0.021497
-0.0075053
0.001658
0.00076927
0.0020235
0.001026
-0.0015428
-0.013188
-0.0077655
0.0032013
0.0074786
-0.0014519
-0.0020708
0.016237
0.00070985
0.010444
0.0072656
0.0040734
-0.0084119
-0.0049622
-0.0077946
-0.010918
-0.0060184
0.0013339
0.0034573
0.0054165
0.0055037
0.0015585
0.0011361
0.0020739
0.0012563
0.0017991
-0.0065711
-0.0025239
-0.0041996
-0.0020128
-0.0052567
0.0011572
-0.0013981
0.0019782
0.0020765
0.0035283
0.0035718
0.0042423
-0.0034269
-4.8656e-05
-0.0039662
-0.0073699
-0.0026621
0.0024499
0.0047026
0.0045154
0.004255
0.0050177
-0.0033732
-0.0043046
-0.0027088
0.0018343
-0.002083
-0.0041083
-0.0035347
-0.00010333
0.00033038
-0.0027999
0.00081724
-0.0012636
0.002997
0.0041974
0.004395
0.0039178
-0.0025605
0.0023702
-0.0033797
-0.0010133
0.002946
0.0016952
0.0035292
0.0031461
0.004787
0.0015373
0.0034339
-0.0025146
-0.0039196
-0.0091873
0.00087633
0.0034299
0.00015738
0.0035322
0.00034931
0.0006317
-0.00047205
0.00083086
-0.0013432
0.0049922
0.00058573
-0.0019665
-0.00056828
-0.0040562
-0.0012505
-0.0010171
-0.0006258
-0.0019801
0.0041024
0.0038158
8.9149e-05
0.0068152
0.00042963
-0.0053068
-0.00058764
0.0031184
0.0012975
0.0017671
0.0036145
0.0042637
-0.000195
-0.001507
0.0048194
-7.4068e-06
0.0012495
-0.00045843
-0.0029939
-0.0058513
0.0035273
-0.00025147
-0.0004773
0.001546
0.0011351
-0.0022049
-0.0062736
-4.006e-05
0.00058477
0.0024262
0.00065336
0.0031963
0.00063517
0.0029557
-0.001681
0.0010612
0.0012425
-0.0011577
-0.0040706
-0.004676
0.00025825
0.0027598
-0.0016959
0.0045059
0.0014707
0.0038261
0.0019869
0.0041497
-0.0012529
-0.0024053
-0.0014335
0.0023694
-0.00096042
-0.0027576
0.001312
0.0010109
0.0037542
0.0027916
-0.002471
0.0015069
-0.0015599
-0.0048166
-0.00095436
0.0059756
0.00024441
0.0041166
0.00078521
-0.0019084
0.0019602
0.0043199
-0.00029999
0.0053739
0.0016449
5.4342e-05
0.001206
0.0009134
7.7257e-05
0.00046855
0.0034315
-0.0038602
-0.00053996
0.0010638
0.0025577
0.00020273
-0.00519
0.0014535
-0.0011946
-0.0027393
0.0015619
-0.0032472
0.0021242
0.0011572
-0.00099396
0.0048347
0.005155
0.0029583
-0.0024185
-0.0026851
0.0012453
0.0013606
0.0061354
0.00051494
0.0021162
-0.0029497
0.0011761
0.0013621
-0.0016997
-0.0011467
0.00070006
0.0014527
0.00014769
-0.0025343
-0.0010111
0.00028321
0.0011986
0.0036108
0.0022623
-0.0024646
0.0008104
-0.0025234
-0.0012425
6.1798e-05
0.00091041
0.0052072
0.0037705
0.0013614
-0.0033932
0.0011592
0.0016472
0.0047315
-0.0025134
0.002856
0.0014709
0.002653
0.0045374
0.0023188
0.0015508
-0.0027105
0.0039687
-0.0015993
0.00057077
0.0033475
0.0030016
0.0016268
-0.003574
-0.00081635
0.003625
-0.0049794
0.0026134
0.0025625
-0.0012047
0.0036713
0.0010588
0.00096271
-0.0027605
-0.00019568
0.0009645
-0.0023708
-0.00039998
0.0038213
0.0021677
0.0018211
-0.0017546
-0.0041185
0.0053388
-0.00024293
-0.0032223
0.001207
0.001964
-0.0047315
-0.0034304
0.00055831
0.0012581
-0.0023189
-0.00046885
0.0045132
0.0028081
0.0025806
0.0026764
-0.0023824
0.0034758
-0.0048784
-0.0023054
0.00025817
-0.003328
0.0038236
0.00068489
-0.0020329
0.0037203
0.0048239
0.0021723
0.0016982
0.0046962
-0.00063814
0.00088978
-0.00029553
0.0012568
0.00024062
0.0016537
-0.0020397
-0.0014099
0.0018721
-0.0014107
-0.001449
-0.0025145
-0.0010604
-0.0028584
0.0034887
-0.00076939
0.0047352
-0.0010367
0.00034706
-0.00072293
0.0025614
0.00056182
0.0031228
-0.00151
0.0019179
0.0011597
0.00035141
0.0022634
0.0029797
0.0018046
0.0037712
0.0014027
0.0023627
0.00039419
0.023375
0.026953
0.033193
0.031322
0.037593
0.035485
0.029686
0.0022786
-0.062309
-0.15122
0.010038
-0.077236
-0.052992
-0.075504
-0.056331
-0.068385
-0.0083701
0.046601
-0.022606
-0.054417
-0.033318
-0.0070313
-0.0075097
0.092534
0.038418
0.0488
0.021681
0.02625
0.23167
0.12632
0.0094593
0.11091
0.11104
0.12136
0.069843
0.10174
-0.043732
-0.094205
0.049823
0.053975
0.0074909
0.012204
0.0085149
-0.053088
-0.061877
-0.10163
0.01157
-0.084066
-0.084511
0.036983
-0.058138
-0.040836
-0.037955
-0.11812
-0.15691
0.0049674
0.011478
-0.0099693
0.033686
0.050362
0.014829
0.013183
0.046463
-0.02305
0.027418
0.058222
-0.0083213
0.11193
0.077921
0.0080569
-0.0023094
0.022332
-0.02748
0.02359
-0.039188
-0.013364
0.0089649
-0.0043885
-0.017888
-0.019968
0.022258
-0.0099516
0.012731
0.01912
-0.001469
0.0026112
0.0042342
-0.013189
-0.010188
-0.065636
-0.071495
-0.0061002
-0.0052366
-0.039121
-0.0038373
0.12417
-0.040105
0.048678
0.023757
-0.034627
0.10405
0.091849
0.094602
0.12657
-0.0036907
0.0063737
-0.042276
-0.029618
0.039971
0.048962
0.036553
0.014777
-0.052418
-0.15457
-0.088888
0.062727
-0.057684
0.065216
-0.045378
-0.048813
-0.13478
-0.096012
-0.14056
-0.11933
0.0016319
0.0658
-0.017759
-0.014559
-0.02715
-0.016678
0.035306
0.09773
0.03903
0.0037803
-0.00030272
-0.0046592
0.05062
0.12899
-0.023264
-0.15571
-0.038689
0.055398
-0.020308
0.026642
0.010716
0.065724
0.078912
0.028488
0.096417
0.033203
0.046755
0.036872
0.029193
-0.0046793
0.011606
-0.0090059
0.0014964
0.027368
0.0027856
-0.0032641
0.0059438
-0.019527
-0.072602
-0.11905
-0.012467
0.042997
-0.095207
-0.047652
-0.15378
-0.13327
-0.038109
-0.030083
-0.093063
-0.042092
-0.048055
-0.030227
-0.029756
-0.0285
0.0072777
0.0039506
0.0072911
-0.018791
0.011847
0.04513
0.097701
0.13275
-0.02011
0.10036
0.15318
0.024645
-0.042035
-0.0036358
0.098173
0.023998
0.019926
0.11751
0.055873
0.00012311
0.09643
0.036983
0.046562
0.017462
0.019734
-0.0024415
-0.024681
0.021363
0.015685
-0.00098381
0.0079089
-0.11965
-0.16778
0.028444
-0.0017622
-0.11588
-0.032773
-0.084513
-0.0017288
-0.19231
-0.13573
-0.069846
-0.11668
0.038522
-0.015449
-0.032605
-0.02823
0.001215
0.040605
0.029906
0.062151
0.01408
-0.0091585
0.014895
0.038011
0.043685
0.054253
0.10247
-0.12733
-0.0019477
-0.077955
0.045769
0.0038582
0.06944
0.020132
0.024863
0.10635
0.025342
0.10438
0.063802
0.03693
0.046002
0.026516
0.0098307
-0.02687
-0.003102
0.015059
-0.023056
-0.031795
-0.016459
-0.061464
-0.018563
-0.048015
0.0078222
-0.053285
0.038729
-0.0048798
-0.027952
-0.055885
-0.060948
-0.086032
0.03342
0.025475
-0.012933
-0.031343
-0.032196
0.010981
0.037711
0.023798
0.006715
0.002497
0.022962
0.12218
0.091796
0.048501
0.056798
0.055487
0.022401
0.0063332
0.0080903
0.0019243
-0.019573
-0.010787
-9.79e-05
-0.022417
-0.0031046
-0.0016111
-0.009436
0.0086402
0.020745
0.018636
-0.00055125
0.0037374
0.00559
0.0016239
-0.0050096
-0.0037259
-0.011656
-0.0090355
0.00097416
-0.012091
-0.0032919
0.0030227
0.002463
0.0060287
0.00059155
0.0070184
0.00033846
-0.0079527
-0.001048
-0.0063356
0.00033238
-0.00049812
0.0070787
0.002202
0.0049467
0.0047539
0.00069139
0.0027118
0.0026226
-0.0033785
0.00093188
-0.0037493
-0.0021681
-0.0024694
-0.0066322
-0.00070049
0.0047782
-0.00039048
0.0021566
0.00045319
-0.002169
0.00071066
-0.0003622
-0.000602
-0.0051716
-0.0053716
-0.0071826
-0.0010814
0.0015868
0.0046341
0.0039151
0.0057162
0.00096068
0.0025878
-0.00065779
-0.0018925
0.0041512
-0.00054529
-0.0055648
-0.0035966
-0.0012875
0.0039428
0.00016738
0.0003499
0.00090001
0.00137
0.00032497
-0.00015054
0.0042418
0.0033383
-0.00038
0.0010744
0.0053953
0.010619
-1.7725e-05
0.00014033
0.00051031
-0.0020258
-0.00013986
-0.0015074
-0.00093681
0.0011085
-0.00095212
-0.0027571
0.0019227
0.001651
0.0017476
0.0027393
-0.000448
0.00043931
0.0035227
0.0013262
0.00071911
0.00084688
-0.0023659
0.0039212
-0.00082492
0.0040885
0.0038683
0.0017164
-0.0035918
-0.00063624
-0.0028741
-0.0036365
-0.0062318
-0.0062319
-0.0030771
-0.0046575
-0.0013732
0.0019752
0.0011161
-0.0041056
-0.0039409
-0.006249
0.0023173
0.0019783
-0.0045876
-0.00085218
0.00064751
0.010157
0.012363
0.0002931
-0.027348
-0.0157
-0.02368
0.032447
0.11695
0.045177
0.061972
0.02618
0.033194
0.089505
0.086258
0.11468
0.088783
0.050942
0.028236
0.039916
0.091006
0.078042
0.073662
0.011711
-0.020063
-0.061598
-0.068605
-0.020303
0.019681
-0.076008
-0.10905
0.059956
-0.063793
-0.12034
-0.033393
-0.20045
-0.18566
-0.11251
-0.013285
-0.067892
-0.087977
-0.037357
-0.10284
0.054401
0.12
0.10644
0.053221
0.032293
0.0067836
-0.0032879
0.01446
-0.037032
0.091257
-0.055052
-0.082712
0.089814
0.051912
0.095319
0.07001
0.01272
0.045206
0.019589
-0.0023664
0.059425
0.07257
0.0014033
-0.05212
-0.021864
-0.011402
0.015314
-0.042669
-0.018476
-0.062998
-0.014877
-0.070567
-0.15624
-0.10157
-0.084364
-0.049553
-0.045387
-0.040117
0.012334
0.00073939
0.048156
0.055687
0.0031785
0.028476
0.0060178
0.0092059
0.013293
0.014453
-0.010842
0.0069165
-0.012607
-0.0111
-8.314e-05
0.0030011
0.0013287
-0.00072191
0.011315
-0.0058022
-0.0047485
-0.0039027
-0.0015285
-0.0012534
-0.00057048
-0.0052982
0.0059684
-0.001909
7.3004e-05
-0.0026348
0.0039964
-0.00076481
0.0048794
-0.00031253
-0.003654
-0.0010164
0.0077497
-0.0016574
0.00068115
0.0055978
7.9729e-07
-0.00045816
-0.0013743
0.043925
0.025265
0.021452
0.029472
0.037774
0.028013
-0.13379
-0.035956
-0.045244
-0.085014
-0.078676
-0.022845
0.0059406
-0.077193
-0.058177
-0.066428
-0.074374
0.015591
-0.016748
0.037654
0.019848
0.035022
0.034009
0.16941
0.085573
-0.070563
0.046008
-0.0032682
0.10363
0.20737
0.069659
0.025338
0.13127
0.037177
0.11825
0.11675
0.11096
0.10711
0.0089907
0.056044
-0.011857
0.012478
0.015399
-0.021922
-0.0097157
-0.035157
-0.05868
-0.16425
-0.12916
0.025303
-0.092556
0.052261
0.03499
-0.10165
-0.20407
-0.061901
-0.07017
-0.1514
-0.075941
-0.058173
-0.075234
-0.092498
-0.0049939
-0.042752
-0.038095
0.047913
0.026223
0.030241
0.030235
-0.027286
0.041812
0.10943
0.15007
-0.1467
0.015233
0.0083141
0.068923
0.16808
-0.011251
0.082754
0.1277
-0.031142
-0.017225
0.08251
0.11734
0.027377
0.071099
-0.0051216
0.031218
-0.030719
-0.037137
-0.025863
-0.044606
-0.0749
-0.016158
0.010337
-0.079854
0.011832
0.033336
-0.11854
-0.034955
0.022226
-0.20396
-0.18306
-0.1026
-0.013567
-0.054185
-0.16207
-0.12077
-0.048348
-0.058694
-0.016332
-0.00035512
0.0091736
0.014171
-0.012032
0.031399
0.025593
0.022658
0.030225
0.013309
0.019543
0.028885
0.11025
0.079067
-0.068105
-0.032684
-0.064783
-0.064346
0.020346
0.053459
-0.012026
-0.029452
-0.0081602
-0.038373
-0.030251
-0.027798
0.0012858
-0.023981
-0.04398
-0.056558
0.070196
0.061328
-0.049984
0.0049092
0.07717
-0.032687
-0.0020057
0.0016839
0.013553
-0.033941
0.015575
-0.051067
-0.064418
0.043227
-0.001031
0.005502
0.0083117
0.001256
-0.0079187
-0.011886
0.030586
0.026315
-0.010946
0.022545
-0.0015703
-0.0019732
0.013764
0.0065119
-0.0040604
0.011814
-0.0015355
-0.0073931
0.0068276
-0.012877
-0.012695
0.013165
0.0052465
-0.0060395
0.0083342
0.014902
0.0037778
0.017558
0.0091045
0.0014364
-0.0091363
0.002241
-0.010141
-0.012241
-0.0046012
0.0012596
-0.0069979
-0.0063548
0.0026702
0.0023036
0.0033856
-0.00025836
0.0089401
0.0082882
-0.0015071
0.0012319
7.7579e-08
-0.0029175
-0.0067157
3.8656e-05
-0.0098683
-0.0036675
-0.0018575
0.00023867
0.0061442
0.0041934
0.003395
0.0050888
-0.0013677
-0.0012535
0.0015376
0.00069756
-0.0013012
-0.0041509
-0.0035337
-0.01051
-0.0013292
-0.0022973
-0.00026309
-0.0024117
0.0027954
0.0038813
0.0057866
0.0028608
0.00018722
0.0035989
0.0023906
0.0020447
0.0035964
0.0011388
0.0047553
0.00089267
0.00060566
0.0018432
0.0032577
0.00053799
0.0016122
0.0012944
0.0039499
0.0036399
0.0010569
0.0013547
0.0017408
-0.00030463
0.0034921
-5.323e-06
-0.0016585
0.0027969
-0.00050579
0.00022954
-0.0014112
0.0046406
0.0017376
0.0030999
-0.00045595
0.0050989
0.0061882
-7.9365e-05
-0.001656
0.00055623
0.00081935
0.00081838
-0.0034087
0.0010686
-0.0052588
-0.00073042
-0.00085778
0.0010734
0.00099308
0.0071355
0.00013724
0.0020614
0.0014975
0.0018461
-0.002515
-0.0039131
-0.0044364
0.005744
0.0031541
0.00053876
-0.0021928
0.0010969
0.0020061
0.0047072
0.00065915
-5.1187e-05
0.0036412
0.0011342
0.00053709
6.1171e-05
-0.0019258
0.002234
0.00085372
0.0067337
-0.002494
0.0015343
0.0021418
0.0031959
-0.0005588
-0.00025312
0.00014019
-0.0009647
-0.00043998
0.0027952
0.00015259
-0.0014657
0.00025777
-0.0017059
0.002547
0.0023759
-0.00035668
0.0014454
0.0011368
-0.00082804
0.00031999
-0.0036932
-0.00050041
0.0018531
-0.0025067
-0.0048124
-0.0021035
0.0030915
-0.0001653
-0.0024583
-0.0069667
0.0037749
0.0036949
-0.0021178
0.0054852
-0.0011597
-0.0018536
0.0015265
-0.0018629
0.00015347
-1.1006e-05
-0.0033622
0.00060019
-0.00081102
-0.0020604
0.0017942
4.2094e-05
-0.0023161
-0.0012114
-0.0049136
-0.002312
-0.00065192
-0.0036118
-0.00061725
0.003788
-0.0019701
0.0020306
0.00012138
0.00054087
0.0025519
-0.0013154
-0.0026703
0.00063093
-0.00059052
-0.0033766
-0.011096
-0.0075672
0.024212
0.017237
0.016643
0.011702
-0.12209
-0.14704
-0.091678
0.0020406
-0.027531
-0.076532
-0.061214
-0.047703
-0.058006
-0.048528
-0.070702
-0.055259
0.00071952
0.055332
0.051492
0.013902
-0.027562
-0.039932
-0.0099351
0.14186
0.14699
-0.079208
0.068592
-0.016413
-0.038263
0.011347
0.029353
0.041354
0.091232
0.18958
0.19034
0.14367
0.076611
-0.074401
-0.043967
0.10465
0.13777
0.10421
0.039172
-0.088777
0.0064346
0.047343
0.07152
0.096283
0.083927
-0.028612
-0.044402
-0.099467
-0.14355
-0.066371
-0.020133
-0.038304
0.032539
0.062981
0.047705
0.073909
0.023155
-0.036244
0.038904
0.038186
0.049899
0.0098073
0.050113
0.026413
2.1256e-05
-0.017672
-0.018504
-0.023199
-0.029074
-0.026274
-0.0062238
0.01308
-0.0042551
0.014724
0.015841
0.01683
0.013038
0.0086874
0.0054036
-0.0031477
0.005478
-0.0042057
-0.013549
-0.0098767
-0.011713
-0.022215
-0.010068
-0.0068758
-0.0036688
0.003174
0.0067477
0.0063058
0.012969
0.0046407
0.0092262
0.0070438
-0.0050972
-0.0032174
-0.0059721
-0.006563
-0.0092276
-0.0116
-0.013226
-0.0092296
-0.0068359
-0.0023312
0.0053952
0.0082544
0.006522
0.019234
0.0089047
0.0032229
0.001143
0.0021073
-0.0065409
-0.0034071
-0.002966
-0.0053618
0.001816
-0.00047843
-0.00066453
-0.00013476
0.0016514
0.0035258
0.0028255
-0.00056819
-0.0011008
-0.0050393
0.0017835
-0.0036348
-0.0033188
0.002027
6.9312e-05
-0.001627
-0.001053
2.7323e-05
0.00095833
0.0040957
0.0051486
0.0048659
0.002869
0.0015904
-0.00043504
-0.0028037
0.00060274
-0.0026915
0.0027403
0.0032403
-0.0013377
0.00084903
0.00068721
0.0028189
-0.0026354
0.00064399
0.0070078
-0.0026332
0.0032869
0.0015018
0.000184
0.0027343
0.0046069
-0.0018961
0.0043122
0.004979
0.0022693
0.0015365
-0.00080514
0.0050324
0.0012419
0.00085856
-0.0031432
-0.0038133
-0.00036615
-0.0026161
0.0073821
-0.00092962
0.0033695
-0.00091409
0.0030393
0.00031251
0.0046962
0.0017817
0.0049881
0.0024765
0.0028767
0.0023423
0.0029465
-0.00061993
0.0026766
-0.0027985
-0.0021977
-0.0010904
0.00082197
0.0011608
0.0019288
-0.0042077
-0.0012151
0.0057584
-0.0026692
0.0038433
0.0015913
0.0015795
0.0017478
0.0038325
0.0039119
0.0047362
0.00061526
0.0052063
-0.0037365
-0.00019702
0.0049036
-0.0023731
-0.00015485
-0.00027461
0.0041813
0.0028217
0.0044737
-0.00034322
-0.0022841
0.0014596
0.0034925
0.0087843
-0.0022131
0.0016603
0.0013497
0.0011118
0.0039528
0.0012497
0.0014184
0.0012452
0.0041807
-0.0019861
-0.0048427
0.0026949
0.0054624
-0.0016981
-0.00050607
-0.00074592
-0.001985
-0.0034295
0.0031157
-0.022687
0.0075376
0.014188
0.013672
0.024336
0.057989
0.029345
0.050043
0.040673
0.025659
-0.069444
-0.11985
-0.042467
-0.077556
-0.18216
0.039308
0.030502
-0.018936
-0.11672
-0.07885
-0.036783
0.079526
0.083883
0.0068558
-0.15162
0.10982
0.086954
0.040734
-0.0029534
0.13551
0.12279
0.085053
0.10248
0.036186
0.0022033
0.10127
0.097738
0.087183
0.028218
-0.012039
-0.048363
-0.044208
-0.0083764
0.054001
0.015559
0.059287
0.015584
-0.18929
-0.09789
0.024515
-0.045175
-0.047918
-0.068409
-0.14593
-0.18546
-0.012969
-0.086191
-0.02087
-0.047492
-0.026872
-0.0020171
-0.038916
0.0071885
0.035476
-0.025054
0.037136
0.028566
0.039309
0.034918
0.052258
0.072784
0.09861
0.10538
0.062907
0.095937
0.098701
0.069968
0.037543
0.013971
-0.014366
-0.030638
-0.019976
-0.01034
-0.0085175
-0.0049039
0.0086844
0.017944
0.011262
0.016723
0.0083425
0.0078909
0.03026
0.015473
0.010555
0.0093749
-0.012477
-0.018802
-0.010797
-0.017783
-0.0047736
-0.0066077
-0.0043429
-0.00030421
0.010068
0.010307
0.010429
0.010948
0.011234
0.005078
-0.00034369
-0.0011872
-0.013501
-0.0061535
-0.014409
-0.0067829
0.0011037
0.0023575
0.011051
0.0074227
0.0095477
0.0034941
0.0061783
-0.0011848
-0.0049075
-0.007256
-0.0093323
-0.012258
-0.0028652
-0.0025613
-0.0023353
0.0082612
0.0068286
0.00396
0.01068
0.0074566
0.0050603
0.0040763
-0.0015264
-0.0058271
-0.0078817
-0.0066075
-0.0012141
0.0035753
-0.0019679
0.00086945
0.0052225
0.0061737
0.0046475
-0.001032
-0.0021646
-0.0040077
-0.0083537
-0.0073276
-0.0054987
-0.0015299
-0.00067872
-0.0014638
0.001338
0.0074634
0.0063845
0.0041511
0.0034686
0.0020268
-0.0016406
-0.0024857
-0.0017451
-0.0049119
-0.00057126
-0.0035871
-0.0002931
0.0043599
-0.0013555
0.0036757
0.003721
0.00076186
-0.0011463
-0.0030151
-0.0019684
0.0020246
0.0033644
0.0020684
0.0037105
-0.0014729
0.0024124
0.0045533
0.0018889
0.001913
-0.00017461
0.00035428
-0.0003994
0.0016273
-0.005549
-0.0018339
-0.00038152
-0.0010139
0.0011586
0.0023538
0.0064947
-0.0043457
0.0021352
0.002417
0.0029462
-0.0042261
1.6183e-05
-0.00026005
-0.0017631
0.0014497
-0.00097357
0.0045021
-0.0042711
-0.00033588
-0.0028179
0.00011013
-0.00039101
0.0040906
0.0018529
0.0029445
0.0032928
0.003117
-0.0042168
-0.046405
-0.028687
-0.043073
-0.034862
-0.0017645
-0.0069135
0.09482
-0.061466
-0.008413
0.039365
0.11109
0.1207
0.15728
0.080326
0.018107
0.034391
0.061307
0.11607
0.15695
0.083726
0.080688
0.0090327
-0.025834
-0.018783
-0.085602
0.10757
0.1185
0.086932
-0.014902
0.019386
0.10788
-0.17684
-0.12089
0.055656
-0.024165
-0.0085662
0.053844
0.083041
-0.011213
-0.05347
0.0044932
-0.24414
-0.24412
-0.20576
-0.26765
-0.28951
-0.25954
-0.14436
-0.12213
-0.11735
-0.19542
-0.22328
-0.1305
-0.063262
-0.078994
-0.053439
-0.075302
-0.11453
-0.096879
-0.074361
-0.052927
-0.050142
-0.045795
0.14333
0.14681
0.12909
0.15052
0.086471
0.20888
0.32476
0.38178
0.48573
0.58771
0.68651
0.59211
0.30233
0.13977
0.053126
0.10804
0.084175
0.14143
0.13851
0.23149
0.19694
0.25875
0.30834
0.28714
0.37082
0.25831
0.16707
0.045559
-0.036221
-0.1369
-0.23921
-0.25181
-0.30871
-0.32742
-0.34398
-0.34051
-0.38725
-0.39616
-0.34576
-0.3077
-0.29011
-0.26089
-0.18456
-0.13012
0.032913
0.071808
0.080961
0.17904
0.19346
0.12954
0.10737
0.098353
0.092988
-0.013668
-0.033464
-0.046024
-0.096653
-0.11316
-0.11762
-0.11959
-0.068889
-0.046336
-0.0067706
0.012133
0.033901
0.044457
0.044244
0.050612
0.037184
0.03214
0.011928
-0.005521
-0.017992
-0.056836
-0.071037
-0.083063
-0.095541
-0.088918
-0.083298
-0.071773
-0.060194
-0.036684
-0.025753
0.0065804
0.011642
0.024946
0.024339
0.017229
0.014035
0.017987
0.0061636
0.0041585
-0.0014304
-0.0067754
-0.01812
-0.026497
-0.030383
-0.038591
-0.048588
-0.059682
-0.065732
-0.070487
-0.0756
-0.073002
-0.048104
-0.034323
-0.0034968
-0.0040369
0.018276
0.025866
0.032746
0.034696
0.039607
0.043384
0.038242
0.037374
0.045036
0.03421
0.030741
0.032132
0.039122
0.025992
0.015676
0.021958
0.024864
0.019802
0.021961
0.010721
0.016914
0.012303
0.0088179
0.016553
0.015706
0.016766
0.022566
0.043539
0.045229
0.048204
0.041362
0.04613
0.050143
0.044389
0.037551
0.037497
0.030109
0.011162
0.0047959
0.0087213
-0.0025826
-0.00086807
0.00090972
0.010596
0.019587
0.020995
0.017758
0.018351
0.020204
0.013879
0.0050459
-0.0037448
-0.0080603
-0.025759
-0.029561
-0.052488
-0.059464
-0.07106
-0.079034
-0.068191
-0.066884
-0.046795
-0.03968
-0.019096
-0.013352
0.013554
0.013333
0.028947
0.02536
0.018784
0.010799
0.0029347
-0.0041765
-0.019339
-0.035154
-0.065187
-0.061126
-0.084276
-0.082775
-0.084299
-0.088389
-0.085412
-0.078875
-0.079845
-0.061698
