-0.0043184
0.005945
-0.004452
0.0036041
-0.00095251
0.0059197
0.0025051
0.0023854
-0.0021564
-0.0021122
0.0024375
-0.0033113
-0.0010067
0.0012801
0.0093749
0.0014184
0.001281
0.0024868
0.0059676
-0.0020953
0.00020908
0.0048256
0.0013318
-0.010147
0.00248
0.0070709
0.0013558
-0.003285
0.0058857
0.0025186
0.0036627
0.0013803
0.0036826
0.0025336
0.0047967
-0.0021034
0.0013094
0.0037333
0.0025068
0.003621
-0.00096963
-0.0032071
-0.00089329
0.0036487
-0.0032912
-0.0032644
0.00022055
0.0047904
0.00018426
-0.00096405
0.0047764
0.0036503
-0.0044475
0.0001607
-0.0067369
0.0046811
0.00015622
-0.010274
0.0024346
0.0013515
0.0047863
-0.0043895
-0.0021825
-0.0010176
-0.0033383
0.0024534
-0.0010204
-0.00094736
0.0070155
0.0036044
0.0024584
-0.00087768
0.00018375
-0.0042921
-0.007815
0.0013516
0.00145
0.0013182
0.0024827
-0.0032977
-0.0044339
-0.0021468
-0.0020987
-0.0021734
-0.0033427
-0.0066888
-0.0033221
-0.0033173
0.0012925
0.00018448
-0.0010341
-0.0055747
-0.0044287
-0.0010182
0.004874
0.0036694
0.0036488
0.001336
-0.002134
0.0024924
-0.00093643
-0.0067373
0.0047107
0.0036436
0.0047449
0.0093812
-0.0054978
-0.0021544
-0.0021585
0.0024714
-0.00091341
0.0024769
0.010602
0.0013254
0.0036522
-0.0090282
0.003596
0.00021597
0.0013338
0.0047155
0.0047635
-0.0031674
0.0013358
-0.00095727
0.0024853
0.003616
0.0025386
0.0035893
0.004763
0.00018841
0.0024603
0.0013585
0.0013806
-0.0043466
0.0024927
-0.0009949
0.00595
-0.0055431
0.0025359
0.0070567
0.0036276
0.00021326
-0.00096443
0.00018254
-0.0032529
-0.00099355
0.00018757
-0.00087494
-0.00096942
-0.0021339
0.0013206
-0.0031784
0.00011255
0.0059525
-0.001042
0.0037002
0.0012796
0.001358
0.00016638
0.00026859
0.0059418
0.0047731
0.0036702
0.0014083
0.0024788
0.0036034
0.0081989
0.0036429
-0.00089183
-0.0021392
-0.0020196
0.0013455
0.0013384
-0.0032908
0.0001731
0.003608
0.0013028
0.0013403
0.0024523
0.0036359
0.00018544
0.0012953
0.001354
0.00020105
-0.0009926
-0.00223
0.002512
-0.0031548
-0.0021907
0.0013219
0.0035169
0.0024721
-0.00092544
-0.0055199
0.0047508
0.0001617
0.00019661
0.0013382
0.0035989
-0.0010974
0.0069836
0.0047678
0.002452
0.0024854
0.004771
0.0013572
0.00024528
-0.0010084
-0.00097927
-0.010141
0.0013299
0.00010933
0.0013804
-0.0010108
0.0036575
-0.0010071
0.0013636
0.0013495
0.0024293
0.0025332
0.001262
0.0001667
-0.00094489
0.0025205
0.0036948
0.0025016
-0.0056059
0.0060137
0.0058713
0.0013653
0.0012916
0.0036437
0.0023744
0.0013825
-0.0031944
-0.0021443
-0.0033022
0.0025209
0.005932
-0.002114
-0.0044926
0.0070934
-0.0020224
0.0047659
0.00012993
0.0058607
-0.00090941
0.00021219
0.0083271
-0.00090372
0.0025191
-0.0067071
0.0024905
0.0048465
-0.0044265
-0.0021354
-0.0044511
0.0036239
0.0070733
0.0036349
0.0047449
-0.00095576
0.0059364
-0.0033663
0.00015659
0.0036399
0.00019032
-0.0032225
0.01166
0.0048092
-0.0033218
-0.0044965
0.0013249
0.00024714
0.00022523
0.00013293
0.0024213
0.0036151
-0.0090582
0.0071282
-0.00214
-0.00087822
0.002494
0.0058523
0.0025229
0.00017785
-0.00099271
-0.00675
0.0036089
0.002543
0.0013602
-0.00096535
0.0082899
0.0013181
-0.00097698
0.00016203
0.0036884
0.00015172
-0.0031765
-0.0044399
-0.0011405
-0.0067171
-0.00098136
0.0014043
-0.0032821
0.0047691
0.0024526
0.0047727
0.0059861
0.0093777
0.002482
0.0013454
-0.0010465
-0.003258
-0.00099198
0.005929
0.0035499
0.0024646
0.0036482
-0.0032622
-0.0010228
-0.0010816
0.0013653
0.0012948
0.0059968
-0.0031763
0.001317
-0.0021741
0.0047746
0.0036342
-0.0056414
-0.0078794
0.0013168
0.004708
0.0047699
0.0014272
0.0036029
0.008297
0.0035879
0.0035815
-0.0066764
0.0025176
0.0070073
-0.0033094
-0.00095833
-0.010098
-0.00089902
-0.007813
0.0025485
0.003616
0.001365
-0.0067381
-0.0010391
-0.0033479
0.0059675
0.0014004
0.001289
0.004773
0.0012612
-0.0010213
-0.0019927
-0.0044787
0.00018207
-0.0031718
0.0026278
-0.0021337
-0.00096461
-0.0055319
-0.0055038
0.0014079
-0.0021439
-0.0032072
-0.0066997
0.0036913
-0.0021506
0.00014453
-0.00090883
-0.0010373
0.002502
-0.0010815
0.0013261
-0.0010487
-0.005599
0.0024252
0.0013821
0.00020379
0.003713
0.0012935
-0.00095169
-0.0044352
0.0070038
-0.0021497
0.004782
0.004839
0.0048548
-0.004424
-0.0021012
-0.0055886
0.0070794
-0.011348
-0.0055638
-0.00094576
0.003608
0.00018341
-0.0021394
-0.00094282
0.0013747
-0.0032354
0.0047547
0.0012982
0.0025212
0.0059029
0.0025134
-0.0033679
-0.00087116
0.00013071
-0.0043931
-0.002097
0.0012322
0.0048479
-0.0032407
0.0036598
0.0047104
0.0036483
-0.0032693
0.0036385
-0.0044302
-0.0044545
0.0001556
0.00014008
-0.0021044
-0.0010644
0.00022422
0.0070959
-0.0033383
-0.0010407
0.00017118
-0.0044153
0.0013192
0.0024902
0.00020374
0.00019372
-0.0078722
0.0024769
0.005872
-0.00093097
0.0024956
0.00019211
0.0024693
0.0037581
-0.0021239
0.0048374
0.00013432
0.00010221
0.0071549
0.0071036
-0.0021477
0.0060065
-0.00098877
0.0013092
0.0013238
0.0035751
-0.0044352
0.00027144
-0.0021197
-0.0092205
-0.0078069
-0.00095197
0.003573
-0.0021183
0.0047315
0.0071703
-0.0021073
0.0035927
0.0013398
-0.00098206
0.0025368
0.0058727
0.0071265
0.0013516
0.0048023
0.00021626
0.0013319
0.0036125
0.0094187
-0.0010325
0.0013694
-0.0032317
-0.00097721
0.00011189
0.00015569
-0.0056149
-0.0021458
-0.0009524
0.0012598
0.0013287
0.0035858
0.0001407
0.0024585
-0.00096798
0.00018414
0.005961
-0.0010168
-0.0066841
0.0014777
0.0012975
-0.0020921
0.0047728
0.0024454
-0.0032942
-0.002037
0.0036392
0.0037059
0.0036845
-0.0033371
-0.0021197
-0.0044881
0.00018524
-0.0044888
0.0024661
-0.00094347
0.0013666
0.0059425
0.0012253
0.00026949
-0.0022017
-0.0020657
0.0012833
0.001308
-0.0008755
0.0036016
0.00016614
0.0013144
0.0059426
0.0036414
-0.0067306
0.0011186
-0.0055795
0.0059724
0.0035858
0.0059893
-0.00091411
-0.0009853
-0.0032671
-0.0032838
0.0047375
0.0070743
-0.0021385
-0.0079013
0.0036956
0.0013108
-0.004418
0.0047818
0.0013626
-0.0010762
0.00019298
0.0013637
0.010496
-0.0032689
-0.00096617
0.0025366
-0.0021136
-0.00095947
-0.0010669
-0.000942
-0.00099983
-0.00092318
0.0059315
-0.0032615
0.0037409
-0.006668
0.0013636
0.0025982
-0.0021683
-0.0033218
0.0025452
0.0060222
0.0048052
0.0014125
-0.0044438
0.0024578
0.0013326
0.0024759
-0.0032192
0.0001745
0.0024184
0.00015099
0.0058704
0.0025265
-0.0031956
-0.0033222
-0.0055856
0.0071985
0.011686
-0.0044578
0.0024979
-0.0066611
0.0024662
0.0013346
0.0036267
0.00021111
-0.0033194
0.0025278
-0.0021361
0.00018606
0.0025901
-0.00096625
-0.00094583
0.0012711
-0.0032055
0.00014048
0.0025414
-0.0055604
0.010511
0.00022798
0.0082769
-0.0090068
-0.0055672
-0.0054998
-0.006606
0.0012905
0.0013793
0.00010918
-0.00090991
0.00019758
0.00025646
0.0036341
0.00365
0.0036784
0.00024802
-0.0033423
0.00019593
-0.00092614
-0.00089963
0.00023546
0.0082021
-0.0078488
0.0012786
0.0082383
-0.0033305
-0.00111
0.0013996
-0.00089141
0.0048627
0.00014752
0.00017778
0.0048368
-0.0021877
-0.0056182
0.0047596
0.0025704
0.00019974
0.00023362
0.0036986
-0.00099248
-0.0020252
-0.0044625
-0.0010242
0.0047611
-0.00109
-0.0044542
0.00021686
-0.0010114
0.0012976
0.0025192
-0.0010529
-0.0020852
0.0012879
-0.0032998
-0.0010073
0.0014427
0.0048227
0.00011964
0.005979
0.0037217
0.0093851
0.0036201
-0.0032576
0.0036826
0.00018077
0.0025156
0.0024682
0.0047684
0.0025322
-0.0066848
0.0047465
-0.0021333
0.0025443
-0.0032319
-0.0021484
-0.0010097
-0.002152
-0.0033247
-0.0010238
-0.0043108
0.0093728
-0.0032962
-0.0020805
-0.0044556
0.0082952
0.0047711
-0.0032726
0.0013547
0.0001231
0.0036198
0.0012761
0.0025677
-0.00089536
0.0036656
0.005999
0.0013335
0.00018092
0.0060379
0.00019616
0.00019361
-0.0043406
0.00024716
-0.00095419
0.0035555
0.0035237
-0.0021796
0.0060348
-0.0020863
0.00011126
0.0070369
0.0047498
0.0001842
0.0013459
0.0012977
0.0059272
0.0025112
0.0013792
-0.0031924
-0.0044025
0.0059626
-0.00093313
0.0013602
-0.00325
-0.0033488
0.0024768
0.010522
-0.0033135
-0.00094857
0.0035734
0.0013081
0.0013442
-0.001037
-0.00095552
-0.0021028
0.002529
-0.0044329
-0.00094554
-0.0020289
-0.0044239
8.2354e-05
0.0024047
0.0048566
-0.0010493
0.002459
-0.0020768
0.0048052
0.0012756
0.0082581
-0.00098853
0.0024025
-0.0032606
-0.00205
0.0013488
0.00013963
-0.0056884
-0.0032827
-0.0055427
0.0070025
-0.0021882
0.0012769
0.007151
0.0024444
0.0013946
0.0013026
-0.00095425
-0.0021658
-0.0044068
0.00014091
0.0036678
0.00019923
0.0048012
0.0036149
0.0013049
-0.0021904
0.0024544
0.0047954
-0.00088796
-0.0009118
0.00020916
0.0059429
0.0048739
0.0013348
-0.00089742
-0.0067133
0.00011978
6.9747e-05
0.0001525
0.0024585
0.0059877
-0.0032255
-0.00099902
-0.0032898
-0.0010149
0.005987
0.0013467
0.0012782
0.002465
5.3465e-05
0.0036097
0.0036285
-0.004396
-0.00099028
9.3275e-05
-0.00087171
-0.0066679
0.0024552
0.0048656
-0.0055954
-0.0079233
-0.0010361
0.0047991
0.0025398
0.0047405
0.00712
0.0048515
0.0013401
0.0025482
0.0025375
0.0048019
0.0047808
0.00017898
0.0047475
0.0012742
0.0012459
0.001375
-0.00086248
0.0036107
0.0024969
0.0024995
0.0024981
0.00015038
-0.0055762
0.0024109
0.0012931
0.0012942
-0.0020851
-0.00096964
-0.0032734
0.0036639
-0.0021156
0.00021136
0.0013348
-0.005573
0.00015193
0.004782
1.9091e-05
0.0024416
0.0082352
-0.0044784
-0.0032822
-0.00097788
-0.00086242
-0.00098279
0.0094778
0.002455
-0.0010534
-0.0032885
-0.00096107
0.010602
-0.0021124
0.0024844
0.0024904
0.0013356
0.009399
0.0036431
-0.0033012
0.002491
-0.0010165
-0.0010116
-0.0044457
-0.0021421
-0.0020979
0.0048359
-0.002116
0.0024436
0.0002425
0.0013025
-0.0009194
0.0013118
-0.0021547
-0.00097751
0.00143
-0.00093571
0.004859
0.0013239
-0.0020566
0.0058932
-0.002196
0.0070607
0.0012556
0.0048759
0.0024583
-0.0056243
-0.00083811
-0.010112
0.0047492
0.00022937
-0.0023117
0.0023477
-0.0021953
0.0013293
-0.0009568
-0.005636
-0.00090482
0.0036735
0.0013684
0.0070722
0.0060091
0.0024863
0.0047624
0.0024806
-0.00093784
-0.0090638
0.00012124
0.0059282
0.0012835
0.0047757
-0.0044598
0.0023907
0.0012806
0.0082757
-0.0044114
0.0036991
-0.00094704
0.003591
0.0047561
0.0013816
0.0025671
0.0025145
0.0002212
0.0024759
0.0001569
-0.0054957
0.00022396
-0.00097467
0.00019085
-0.0021669
0.0013487
-0.00093218
0.00010663
0.00012212
0.0036492
0.0035936
0.0013102
0.0013496
-0.0055534
0.0036846
-0.0021273
0.0048069
0.0024583
-0.00086233
-0.0021906
0.00031838
0.00019127
-0.0043338
0.0047598
0.0048821
0.0037527
0.0013069
0.0036099
-0.00087384
-0.002127
0.0036607
-0.0020769
0.0059564
0.0012915
0.0013103
4.0438e-05
-0.0033065
-0.0020601
0.0014078
-0.0021143
0.0047908
0.0070991
0.0013139
-0.00096021
-0.0020682
0.005911
0.0036799
-0.0055206
0.00939
0.00018583
-0.00098632
0.00018892
0.0048305
-0.0032794
-0.01037
-0.0010152
0.0024394
0.0046774
0.0060035
0.0070995
0.00014043
-0.0044105
-0.0032286
0.0001039
0.003706
0.0094452
0.0057968
-0.005578
0.0036425
0.0059409
0.010506
-0.0043901
0.0025643
0.0071819
-0.0020714
-0.002071
0.0069952
-0.0047221
0.0019924
-0.021935
0.017675
-0.010137
0.0022442
0.036809
0.032048
0.022223
0.031004
0.013937
0.0013021
-0.079665
-0.1118
-0.011355
-0.0073282
-0.0083759
-0.019887
0.018438
0.062885
0.062707
0.022362
-0.0023479
0.03695
0.066728
0.074828
0.060278
0.06237
0.058174
0.0036729
0.045966
0.12833
-0.0082433
0.05432
0.055172
0.034144
0.025323
0.008662
0.043749
-0.016947
-0.086452
-0.04267
0.016998
-0.049661
-0.012431
0.025121
0.014375
-0.04239
-0.083747
-0.11392
-0.1587
-0.13936
-0.13391
-0.13615
-0.054832
-0.030866
-0.055789
-0.085309
-0.022033
-0.031575
-0.031522
-0.027046
-0.029312
-0.017103
-0.071766
0.048046
0.037991
0.044406
0.057434
0.049031
0.04394
0.065392
0.06012
0.057149
0.043799
0.041453
0.011132
-0.0062287
-0.019253
-0.011429
-0.013494
-0.025327
-0.034564
-0.030656
-0.023129
-0.023128
-0.029806
-0.024789
-0.03234
-0.019779
-0.01512
-0.010783
0.0047034
0.0033181
0.021817
0.023276
0.021666
0.0091856
0.04559
0.067979
0.079529
0.068927
0.04394
0.010859
0.055102
0.032874
0.0081503
0.087222
0.042315
0.015897
-0.0079508
-0.05552
-0.026368
0.0022136
-0.027801
-0.018798
0.076924
0.074363
0.056369
0.039688
0.046523
0.030051
0.015318
0.086349
0.038377
0.071176
0.037364
0.15081
0.13647
0.096604
0.099465
-0.078198
-0.10252
-0.077363
-0.06088
-0.02592
-0.0028649
0.00057349
-0.0048448
-0.089385
-0.090435
-0.012419
-0.010577
-0.027665
-0.0077738
0.01847
0.048783
0.023927
0.026122
0.061543
0.043223
-0.025791
0.006083
0.042529
0.079577
-0.077028
-0.048783
-0.040796
-0.035118
-0.04294
0.010188
0.020045
0.024885
0.0090777
0.024876
0.033341
0.041893
0.04463
0.048786
0.051403
-0.017406
-0.034483
-0.13154
-0.058314
-0.071263
-0.030632
-0.04624
-0.084897
-0.085526
-0.10744
-0.11054
-0.11392
-0.047171
-0.05446
-0.078774
-0.070226
-0.068763
-0.06418
-0.090749
-0.056614
-0.069636
-0.037211
0.019444
0.046758
0.023311
0.022823
0.003723
0.020171
0.018515
0.022018
0.019368
0.0081983
0.0041802
0.021455
0.011941
-0.0084086
-0.0015913
-0.0081013
0.0029542
-0.015846
-0.015744
-0.011565
0.00022523
-0.010447
-0.014541
0.0018134
-0.00015367
-0.0035654
-0.0012297
0.0021851
0.0060228
-0.0055672
-0.0012062
-0.0028203
0.00045673
-0.008385
0.0073261
0.0035136
0.0088597
0.0096077
0.012156
-0.0015827
0.0054395
-0.00083033
-0.0066772
0.0038961
0.00034841
-0.0042092
-0.0051275
9.9249e-07
-0.0048705
-0.011622
-0.0028192
0.00147
0.0012304
0.0039094
0.0038846
0.0017401
0.0017368
0.0053173
-0.00020574
0.0013496
0.0043559
0.010987
0.0033525
0.0097553
-0.007403
-0.0051394
-0.0050854
-0.0026429
-0.00022
0.0066407
0.0033573
0.0050409
0.0080594
0.0054921
0.0090817
0.011755
0.0071966
0.0044916
0.0037623
0.011617
0.0063133
0.0053205
0.0041752
-0.0016794
-0.0070703
-0.0087969
-0.010627
-0.010348
-0.0040949
-0.0031
0.00061973
-0.0041219
0.00074313
0.00030714
0.0017519
0.011487
0.013625
0.0094968
0.0026277
0.0017581
-0.010215
-0.0064116
-0.010239
-0.0021202
-0.0045161
-0.0066387
0.0012326
-0.010806
-0.0032417
-0.0023595
0.0047947
0.0054862
0.0012147
0.0093317
0.0059158
0.0069283
0.0075595
0.0098468
0.0094839
0.0044186
0.0071862
0.0075818
0.0059037
0.0029503
0.0096099
-0.011282
-0.00049134
-0.0039833
0.0024927
0.013865
0.0078186
0.011717
0.010729
0.012934
0.0078661
0.011037
0.0017411
0.0024947
-0.004511
-0.0019472
-0.0066844
-0.0093632
-0.0052071
-0.007938
-0.013634
-0.0088082
-0.012539
-0.0052426
-0.0021406
-0.0040764
-0.0035348
0.0037074
0.009623
0.0022946
0.0043774
0.0018925
0.0072182
-0.0018083
-0.0046379
-0.0062428
-0.010094
-0.010934
-0.0053767
-0.0050608
0.0023262
-0.0082116
-0.0058109
0.00048966
3.6571e-05
0.0044801
0.0014364
0.0026153
0.0087477
0.0074559
0.001087
-0.0008245
0.0035045
0.003037
3.9605e-05
-0.00021849
-0.00093673
-0.002833
0.0026662
-0.0012603
-0.0064669
-0.0039902
-0.0034449
-0.003824
-0.0030732
0.0013147
0.00036019
0.0037386
0.0094869
0.006072
0.0028636
0.005427
0.0047854
0.0026002
-0.00066129
0.00017542
0.0042237
-0.00081264
0.0023127
-0.0048047
-0.00084058
0.0090212
0.0038773
0.0014688
0.0082132
0.00074408
-0.010823
-0.0029635
0.0010622
-0.004812
-0.00077578
0.00032072
-0.0013764
0.0060508
0.002766
0.0067386
0.0096341
0.00031951
0.0057537
0.0022976
0.0037929
-0.00081344
0.0001882
0.0010918
0.0070998
-0.0020652
0.00035242
-0.000494
0.0016217
0.0021935
0.0037649
0.0010988
-0.0080698
0.0024188
0.0026342
0.0066011
-0.00052746
0.00031687
0.010169
0.0014751
-0.0030779
0.00076055
0.0022038
-0.002949
-0.010096
-0.0017914
0.003023
0.0016119
-0.0019453
0.0033591
-0.0027973
0.0046133
0.006038
-0.0052823
-0.0029823
0.0073078
0.0020396
-0.0022168
0.00061148
0.0041744
-0.0017805
-0.001772
0.0023099
0.00060141
0.0014926
0.0037351
0.0044785
0.0035983
0.0037354
0.0021651
0.0047425
-0.00054112
0.0016486
0.0050537
0.005759
0.0054839
-0.0015711
0.003611
-0.00026022
0.0014609
0.0027965
0.0018948
-0.0002187
0.0049309
0.00033498
-6.8701e-05
-0.0022794
-0.0062405
-0.0018258
0.0074972
0.00044065
-6.0562e-05
0.0017586
0.0030388
0.0092051
0.0072197
-0.00023818
-0.0005415
-0.0043721
-0.0023489
-0.00052313
-0.00036622
0.002755
-0.003088
0.0089402
0.0070219
-0.0055308
0.0036163
0.0014417
0.0012721
-0.0030779
0.0069276
0.0034656
0.005045
0.003464
0.0023532
0.0021978
5.2824e-05
0.0044944
0.00063991
-0.0011133
0.00075841
0.0093284
-0.0020741
-0.0011303
0.00043707
0.0060397
0.0051608
0.0045895
0.0039265
0.002575
0.00013277
0.0016246
0.0051922
-0.0031167
-0.00053421
-0.00080053
-0.00061114
-0.0020829
0.004121
0.0034093
-0.0053527
0.0022376
0.0014666
0.0070476
0.004228
0.0045438
-0.0023451
-0.0096786
0.053886
-0.0028376
0.018969
-0.10632
-0.14652
-0.093674
-0.076806
-0.094316
-0.069999
-0.040246
0.00051174
0.0021025
0.0010535
0.037346
0.056398
0.042449
0.040474
0.014503
0.11462
0.072381
0.12353
0.089669
0.025334
0.039691
0.036824
0.030792
0.082787
0.068573
0.11874
0.090901
0.040149
0.053897
0.035904
0.067076
0.035141
0.033682
0.059017
-0.11374
-0.10762
-0.10016
-0.071447
-0.066724
-0.055686
-0.032521
-0.018485
-0.15252
-0.13463
-0.11422
0.0040366
-0.021636
-0.015246
-0.014404
0.032468
-0.010755
0.0056577
0.05167
0.060283
0.11662
0.10245
0.08028
0.069866
0.047605
0.032483
0.00098452
-0.031531
-0.037604
-0.040283
-0.044902
-0.0361
-0.040808
-0.030134
-0.027893
-0.020388
-0.0078568
-0.011745
0.0064659
0.011367
0.013473
0.010277
0.048032
0.056907
0.051028
0.02746
0.053824
0.037536
0.046289
0.13922
0.16672
0.13876
0.067708
0.046599
0.01814
-0.04614
-0.0025234
0.02492
0.032207
0.066591
0.073341
0.083711
0.046427
0.077628
0.045686
0.078923
0.034416
-0.0010942
-0.005013
-0.019824
0.033983
0.00068665
-0.00091973
0.084166
0.028231
-0.011542
-0.019954
-0.064916
-0.1419
-0.12302
-0.11792
-0.06526
-0.041887
0.011573
-0.013388
-0.028692
-0.039127
-0.023019
-0.0079866
-0.012814
0.0070587
0.093408
0.034499
-0.022566
0.11452
0.048194
0.083387
0.047452
0.12106
0.14776
0.028026
0.002958
-0.089329
-0.065007
-0.069602
-0.058431
-0.040642
-0.03997
-0.057514
-0.067522
-0.056616
-0.0074616
-0.028999
-0.024658
-0.021212
0.027081
0.023464
0.10821
0.09963
0.018177
0.063758
0.08484
0.092195
0.046652
-0.021312
-0.034968
-0.085366
-0.095223
-0.05554
-0.041574
-0.037715
-0.03949
-0.036116
-0.073396
-0.076886
-0.039489
0.013068
0.021962
-0.015729
0.081778
0.054783
0.090141
0.082472
0.017319
0.025723
0.11413
0.045382
-0.014059
-0.0051003
-0.061804
-0.064816
-0.0071321
-0.017465
0.0088908
-0.027615
-0.039753
-0.016689
-0.060499
0.012321
-0.01258
-0.011084
-0.027759
0.0015152
-0.033984
0.083715
0.059497
0.11626
0.14429
0.036312
0.10325
0.03758
0.051866
-0.019684
-0.014815
-0.14023
-0.084518
-0.11967
-0.10327
-0.0038873
-0.0018558
-0.012639
0.0012983
-0.07146
-0.055376
0.010109
-0.024686
-0.059895
-0.032359
0.00087502
0.012898
0.042227
-0.032165
0.021424
0.0048151
0.18532
-0.013909
-0.013097
-0.017413
-0.07617
-0.039452
-0.0058389
0.0074005
0.020158
0.0096336
-0.001814
-0.032642
-0.029589
-0.018843
-0.010238
0.023963
0.02511
-0.0016768
0.005884
0.013215
0.0032814
-0.037632
0.0048576
-0.023626
-0.038218
-0.023844
-0.060821
-0.093858
-0.11606
-0.14803
-0.15289
-0.10767
-0.11744
-0.066046
-0.062914
-0.097325
-0.10367
-0.061731
-0.050831
0.00013446
-0.031935
0.0052829
0.058332
0.038
0.018726
0.048369
0.035697
0.040039
0.017462
0.0059526
0.010545
-0.017553
-0.019775
-0.012581
-0.024764
-0.012752
-0.0030674
-0.01047
-0.0060069
-0.0063024
0.00012644
-0.0029334
0.0061856
-0.0071841
-0.0035909
0.0084626
0.0052672
0.0041068
0.0077858
0.012252
0.0016581
0.0043897
0.0060253
-0.00098314
-0.010186
0.0049221
-0.0010442
-0.0053211
0.0027531
-0.0044764
0.0023845
0.0017222
0.00090868
0.00092116
-0.0020686
0.00055163
-0.00055643
0.006734
-0.00068654
0.001959
-0.00015927
0.0080086
-0.0031022
-0.0011322
0.0020085
0.0069851
0.0028054
-0.00095823
-0.00016183
0.0049012
-0.0045295
-0.0055749
0.001848
0.0052347
0.0026026
0.0070728
0.0051336
-0.0049545
-0.00039348
-0.0047714
-0.0054481
-0.0016751
-0.0022136
-0.0093917
0.0043404
0.0025392
0.0052505
0.0089954
0.0034614
0.0077351
0.0083683
0.007229
0.010817
0.0074066
0.0060958
0.002503
-0.0037965
-0.0051152
-0.0067506
0.00041884
-0.003632
-0.0063547
0.0024809
0.00022907
-0.00094122
0.0068776
0.0095068
-0.003545
0.007057
0.0015439
5.6177e-05
0.010309
0.0051227
-0.0018674
0.0062535
-0.0016987
-0.0056072
-0.0079272
-0.0062541
-0.007734
-0.004309
0.0015682
-0.00010111
0.0066054
0.0059321
-0.0015445
-0.0026246
-0.0018852
-0.00023722
-0.0011186
0.011454
0.00086873
0.0027941
0.0027977
-0.0014331
0.00067721
0.0023342
0.003988
0.0015398
0.0042716
-0.0038754
0.0016857
0.0064844
0.0098776
0.0065651
-0.0021951
0.0049474
-0.033934
-0.050662
-0.061695
-0.045795
-0.046797
-0.060096
-0.032215
-0.0056702
-0.006098
-0.0029133
-0.004803
0.0018398
-0.010132
-0.08466
-0.10464
-0.13127
-0.06648
-0.074485
-0.050148
-0.05856
-0.070261
-0.083758
-0.083577
-0.078544
-0.064229
-0.060761
-0.099625
-0.15963
-0.079984
-0.1404
-0.074948
-0.08555
-0.086767
-0.095575
-0.0020353
0.056305
0.071554
0.075053
0.057169
0.034291
0.026532
0.021999
0.012094
0.028257
0.055305
0.080074
0.11988
0.11416
0.10264
0.10624
0.13073
0.037112
0.043349
0.054943
0.049553
0.063786
0.059963
0.022226
-0.0027795
0.094699
0.19229
0.15018
-0.045236
-0.046135
0.0036634
0.10757
0.11399
0.084851
0.06807
0.056276
0.040096
0.0073033
-0.023842
-0.029377
-0.007398
0.015051
-0.033307
-0.032065
0.0054614
0.0042834
-0.015326
0.0016885
0.0046022
0.011582
0.033209
0.040775
0.019873
0.021728
0.018829
0.014347
0.007894
0.015624
-0.0032991
-0.0031448
-0.0058961
-0.01425
-0.011031
-0.0092165
-0.014315
-0.011396
-0.0053079
-0.013179
0.0012
0.0033828
0.0058519
0.0087631
0.0048735
-0.0013081
0.0094194
0.011274
-0.0025382
0.0036982
0.0068826
0.0035892
-0.0050992
3.3918e-05
-0.010096
-0.0035497
0.0038253
-0.0035309
-0.0056419
-0.0033574
0.0012003
-0.039055
-0.039817
-0.061775
-0.046874
-0.012096
-0.022365
-0.083533
-0.068259
-0.010894
0.0098116
-0.054318
-0.11607
-0.16828
-0.19842
-0.17549
-0.12405
-0.10372
-0.028701
-0.054338
-0.054951
-0.080045
-0.082124
-0.10193
-0.021423
-0.092523
-0.026747
-0.0022577
0.0036795
0.023572
0.014266
-0.031722
-0.093971
0.14458
0.16382
0.095603
0.073594
0.034515
0.02125
-0.014008
0.080833
0.031312
0.05572
0.08042
0.018176
0.016247
0.034261
-0.0046032
-0.011333
-0.11137
-0.015057
-0.0786
-0.06279
-0.05879
-0.062445
-0.09379
-0.078248
-0.0781
-0.00373
0.11606
0.039742
-0.021772
-0.076569
-0.034619
-0.0037975
0.016257
0.0094698
0.05943
0.054284
0.032585
0.035387
9.8635e-05
0.070324
0.071379
0.054871
0.011102
0.033354
0.038828
0.051923
-0.042619
0.024866
0.088607
0.17369
0.092592
0.11986
0.12838
-0.086759
-0.17317
0.049806
0.039736
0.067003
0.085814
-0.06571
-0.043018
-0.0066728
-0.013047
-0.0098076
0.024873
0.022343
0.13361
-0.029897
0.038042
0.0091388
-0.010677
-0.020399
-4.3175e-05
-0.027475
-0.041394
0.064868
0.19312
0.17571
0.04752
0.023537
0.088331
0.089981
0.1015
0.095798
0.089594
0.064356
0.045666
0.064954
0.037096
0.016427
0.061097
0.064508
0.071108
0.031725
0.087896
0.18158
0.16778
-0.119
-0.091877
-0.11287
-0.053559
0.0054392
0.069624
0.031572
0.066349
0.054962
0.040356
0.0095675
-0.010062
0.047844
0.053677
-0.063365
-0.043523
-0.034838
-0.017558
0.019278
-0.010041
0.0017347
0.017882
0.026256
0.018228
0.030168
0.021623
0.016527
0.021992
0.024901
0.019121
-0.0022842
-0.010058
-0.001527
-0.0023031
-0.013464
-0.001917
-0.015315
-0.021183
-0.0044049
-0.0081007
-0.0065646
0.0058977
-0.0057271
0.00029474
0.013264
0.00033154
0.00028439
0.0060034
0.0046044
0.0026083
0.0015578
0.0038895
0.00077506
0.0020242
0.0029222
0.0062812
0.012648
0.0017453
-0.009629
0.0017393
-0.00053174
-0.0065671
-0.0067933
0.0096697
-0.0016265
0.0076236
0.0089297
0.0024795
0.011038
0.0015573
0.0093026
0.014407
0.0072405
0.0043571
0.0049354
0.0072266
-0.0037929
0.001897
0.0034632
-0.0067926
0.0059279
-0.0026102
0.0019287
-0.0071574
0.0022857
0.0011595
0.0062676
-0.0031863
0.0011708
-0.0028095
-0.00030904
0.0066139
0.0092674
0.0068471
0.0024861
0.0079638
0.0053315
-0.00034733
0.0023099
0.0042161
0.00020971
0.0066927
-0.0052834
-0.0041171
-0.0061894
-0.0054558
-9.7666e-05
-0.004313
-0.003164
0.0040114
0.0019553
-0.0020534
0.0073571
0.00040888
-0.0014701
0.00078759
0.00043729
0.0062892
0.0051209
0.0024962
-0.0061705
0.00024706
-0.0035562
0.0053344
-0.0033624
-0.0067937
0.0022906
-0.0048909
-0.001878
-0.0039007
-0.003371
-0.0012771
-0.0069716
0.002435
0.0034356
0.0038446
0.0085967
0.0016
-0.00033832
-0.011348
0.0039849
-0.0081266
-0.0011033
-0.0043587
-0.0054256
-0.0056402
0.00021894
0.00177
0.0062652
-0.0029864
0.0020895
-0.0039543
0.0053457
0.0023037
0.0030747
-0.0020569
0.00092603
0.0085335
-0.0041195
-0.0060016
-0.003172
-0.0045668
0.0007826
0.0015304
-0.0031504
0.00023144
-0.0024104
0.00063351
0.0026819
-0.0033775
0.00098426
-0.0007388
0.0028487
0.0030607
0.0047371
0.0024821
0.00021474
1.2309e-05
0.002521
-0.0016643
-0.00088089
-0.0046887
0.0060892
0.0045402
-0.00052359
-0.0042028
0.0035952
-0.00072681
0.0015312
-1.6837e-05
-0.0068183
0.0077991
0.0036246
0.0040026
0.0020853
0.001704
0.0057079
-0.0028205
-0.004533
0.00098078
0.00019305
-0.0062482
-0.00032207
-0.00018254
-0.0035466
0.0011464
0.0045722
-0.0077338
-0.0013269
0.0061128
0.00024047
-0.00035229
0.0038286
-2.8335e-05
-0.0012844
-0.0029831
0.00024091
0.002038
0.0011509
0.0017268
0.00095197
0.0047515
0.0018837
-0.0022499
0.00075081
-0.00021521
-0.0030276
-0.0056872
0.0049313
-0.00051249
0.0022641
0.0032077
-0.0020838
0.003655
-0.0062644
0.028963
0.057306
0.03326
0.053413
0.048464
0.040219
0.048104
0.041452
0.11004
0.14947
0.095341
0.025547
-0.009379
-0.12009
-0.11186
-0.075788
-0.020751
-0.020298
-0.022017
-0.033564
-0.036614
-0.012598
0.018455
0.015045
0.02027
0.098913
0.062251
0.048909
0.19797
0.20555
0.1115
0.043039
0.065426
0.037232
0.090538
0.13559
0.10288
0.046073
-0.033312
-0.25328
-0.23891
-0.10183
-0.0583
-0.079758
-0.097952
-0.16236
-0.16946
-0.10639
-0.11287
-0.071041
-0.069467
-0.035643
0.037265
0.035858
0.029645
0.0043138
0.03289
0.041822
0.084313
0.07814
0.051019
0.092051
0.07689
0.059162
0.039124
0.036831
0.016542
0.0019271
0.0002103
-0.0065658
-0.032142
-0.031876
-0.03145
-0.029734
-0.024945
-0.027933
-0.039498
-0.038392
-0.026374
-0.0065016
-0.019189
-0.011981
0.0084068
0.012297
0.030391
0.025271
0.034022
0.046374
0.034025
0.039418
0.029762
0.015024
0.0078371
-0.0080414
-0.016892
-0.0097713
-0.023148
-0.026744
-0.029091
-0.040042
-0.015722
-0.010278
-0.0089973
-0.00044247
0.007281
0.0026168
0.02318
0.022789
0.027014
0.030151
0.011821
0.012664
0.010524
-0.0030485
-0.0021278
-0.012684
-0.0098173
-0.015638
-0.017198
-0.028714
-0.022007
-0.013257
-0.01336
0.0039014
0.0029347
0.0094867
0.0036423
0.01529
0.01212
0.0019479
0.016026
0.0095069
0.013954
0.0086337
0.0029458
0.0066236
0.0065498
-0.002992
-0.0056592
-0.010559
7.0182e-06
-0.0056544
-0.0043123
-0.014296
-0.0081902
-7.3018e-05
-0.0016346
-0.00073319
0.00947
0.0031809
0.0027534
0.0090445
-0.00052501
0.0030827
0.0070508
0.0096496
0.003805
-0.001624
0.0020655
-0.0031471
-0.0044157
0.0020686
-0.004962
-0.00071187
0.00019412
-0.0016054
0.0010773
-0.0024387
0.0033065
0.0057935
0.00067039
0.0051714
0.0047553
-0.0011854
0.00043164
0.0026852
0.0054333
-0.0040203
-0.0033913
-0.0038252
-0.0066715
-0.0010968
0.0019638
-0.0069949
-0.0027628
-0.00091446
0.0010544
-0.0029342
-0.00010444
0.00061264
0.010151
0.0076135
0.0042321
0.0036395
0.0064499
0.0031875
0.0056913
2.365e-05
0.0026889
-0.004363
-0.0029807
0.0041279
-0.0047551
-0.0046091
0.0031565
-0.00031024
-0.00074
0.0051489
0.0040329
0.0055815
0.011453
0.0080107
-0.0020699
0.0057304
0.0018401
-0.0045202
-7.7439e-05
0.00092554
-0.0045268
-0.0034193
-0.0025498
-0.0016313
-0.0047889
0.0014031
0.00090144
-0.00069976
0.0019219
0.0041803
0.00087213
0.0051273
0.0073502
0.0074326
0.0055451
0.0004312
-0.00068249
0.00042876
-0.0014817
-0.0013339
0.0016242
-0.00051671
-0.003449
0.0034102
0.0036043
-0.002226
-0.0013268
-0.00038298
0.0031101
0.034578
0.0090732
0.069666
0.040571
0.036717
0.057187
0.063136
0.047511
0.056342
0.032975
0.022621
0.008112
0.031462
-0.012341
-0.058468
0.02195
0.057435
0.088081
0.056621
0.033705
0.087391
0.023535
0.051355
0.15296
0.077043
0.12087
0.12363
0.10443
0.083559
0.24164
0.29847
0.094193
0.065474
-0.098652
-0.15272
-0.1142
-0.075134
0.0079153
0.023126
0.024643
-0.048282
-0.1262
-0.091405
-0.083798
-0.0017212
-0.033898
0.020911
-0.073528
-0.012665
0.048091
0.019444
-0.040939
0.012154
-0.0028301
-0.030511
-0.035521
-0.069201
-0.15983
-0.12749
-0.11866
-0.14207
-0.074924
-0.069184
-0.12441
-0.11604
-0.08305
-0.10294
-0.055895
-0.038436
-0.029762
-0.04833
-0.01515
-0.028127
-0.016246
0.021101
-0.00545
0.11926
0.066339
0.073701
0.044194
0.033403
-0.0013429
-0.0061014
-0.00667
-0.014544
-0.019541
-0.017717
-0.017349
-0.020965
-0.033452
-0.02199
-0.0046134
0.0030562
0.0022222
-0.006008
0.0046601
-0.006966
0.0052909
0.0039419
0.01001
0.01315
0.0051729
0.0047155
0.011489
0.0045054
0.0033674
0.0069785
0.0047199
-0.0047853
0.00029176
-0.0058417
-0.0046775
-0.011449
-0.0060323
-0.0080957
-0.0043155
-0.0040949
-0.0048029
0.0073873
0.0089567
0.0078672
0.013019
0.002179
0.0026352
5.1592e-05
0.0043288
0.00029622
0.00096871
0.0020015
-0.00022449
0.0017818
0.0026883
0.0056163
-0.0036465
0.0062725
-3.6813e-05
0.0044936
0.0011785
-0.00086633
-0.0024462
-0.008125
-0.0058471
-0.0049856
-0.0024521
0.0026856
0.0047142
0.0071661
0.0069916
0.0069413
0.0045461
0.0087907
0.0056784
0.00701
0.0097172
-0.0036111
0.0047067
-0.0036241
-0.0054418
-0.00069657
-0.0068031
-0.0072558
-0.0097392
-0.0029637
-0.0025105
-0.00018324
-0.0035771
0.0015686
0.0094654
0.00066942
0.014196
0.0033506
-0.0036468
-0.0039211
0.0067292
-0.0020789
0.0069601
-0.0016115
-0.0072338
-0.0029529
-0.0049406
0.002893
-0.0060868
0.0022385
-0.0041244
0.0011493
0.0088025
-0.0029398
0.0082926
0.0038741
0.0083507
-0.001792
0.0038579
0.01034
-0.0033894
-1.9273e-05
0.0015397
0.0076168
-0.00094887
0.0051478
0.0028801
0.00066464
-0.0016073
0.005123
0.00023086
-0.0034164
0.0044569
-0.000682
0.0058402
-0.0025452
-0.0018167
0.0024634
0.0089986
0.0060806
0.0035489
-0.0013783
-0.0029226
-0.0016054
-0.0038348
-0.0027201
-0.049139
-0.035785
-0.031721
-0.027559
-0.052667
-0.060285
-0.046745
-0.014739
-0.10456
-0.075789
-0.019375
-0.052119
-0.091676
-0.11586
-0.12339
-0.13707
-0.14411
-0.058064
-0.033989
-0.040801
-0.093756
-0.080728
-0.14831
-0.11389
-0.095708
-0.060336
-0.057292
-0.05442
-0.0093052
-0.088333
-0.10764
-0.096022
-0.16008
-0.17278
-0.25997
0.014496
0.030165
-0.19616
-0.13658
-0.13762
-0.11386
-0.041348
0.010575
-0.10973
-0.062976
-0.066511
-0.12081
-0.017782
-0.070833
-0.0984
-0.07454
-0.13135
-0.21429
-0.27386
-0.059632
-0.028617
-0.067196
-0.15976
-0.14801
-0.18844
-0.26616
-0.25946
-0.3614
-0.34448
-0.20929
-0.11551
0.02225
0.018575
-0.079877
-0.31255
0.10509
0.1192
0.15882
-0.013018
0.80361
0.49796
0.15022
0.33974
0.22625
0.54148
0.60947
0.65463
0.65966
0.77907
0.73121
0.64903
0.34386
0.24262
0.12779
0.10839
0.030109
-0.13627
-0.1989
-0.34029
-0.40641
-0.45745
-0.40195
-0.18045
-0.1444
-0.11746
-0.094916
-0.13332
-0.18301
-0.18737
-0.17986
-0.17584
-0.11333
-0.093553
-0.021658
0.11069
0.14002
0.15531
0.14874
0.15441
0.15608
0.064437
0.0463
0.028303
0.02338
-0.0012533
-0.0017928
0.0020013
0.010943
0.024703
0.096148
0.13059
0.16545
0.16817
0.18601
0.18667
0.18428
0.19093
0.16071
0.16179
0.14502
0.10542
0.096732
0.051793
0.032139
0.0074226
0.0010401
-0.027003
-0.031983
-0.064174
-0.050445
-0.030598
-0.032407
0.0068444
0.029904
0.052333
0.051398
0.076255
0.077699
0.077981
0.074961
0.061782
0.0064356
-0.0066425
-0.025914
-0.057557
-0.073346
-0.091892
-0.11109
-0.12576
-0.1375
-0.14043
-0.10396
-0.094319
-0.066975
-0.059923
-0.031529
-0.038773
-0.033124
-0.040846
-0.072714
-0.07478
-0.091289
-0.1108
-0.13887
-0.14523
-0.15366
-0.15183
-0.13878
-0.1349
-0.12976
-0.11099
-0.09649
-0.069568
-0.06337
-0.043354
-0.032733
0.018429
0.017595
0.022215
0.021711
0.014174
-0.0067564
-0.0090195
-0.026637
-0.05527
-0.056222
-0.058622
-0.060741
-0.058827
-0.052532
-0.047613
-0.025357
-0.015395
0.021928
0.061917
0.076863
0.090446
0.11632
0.12907
0.13903
0.14259
0.14191
0.12727
0.10858
0.095584
0.072685
0.069932
0.066481
0.049655
0.050646
0.045266
0.054097
0.059963
0.068932
0.087737
0.094114
0.10083
0.10513
0.0982
0.096779
0.089119
0.076486
0.062539
0.062977
0.044987
0.044622
0.040379
0.038304
0.029282
0.032369
0.030708
0.035428
0.027339
0.02404
0.024763
0.024184
0.0073181
0.0038436
-0.0018867
-0.0095046
-0.018202
-0.01848
