0.015958
-0.0012684
-0.029338
-0.0023992
-0.0018751
0.011743
0.034283
-0.0059663
0.010852
0.020163
0.01973
-0.0030669
-0.0094705
-0.010122
0.0036485
0.016529
0.020027
-0.012311
-0.016126
0.032413
-0.0015636
0.0075585
-0.0086858
0.0079481
0.012455
-0.009253
0.0097558
0.0083878
0.029781
-0.020314
-0.0030231
0.012876
0.0218
0.019038
-0.001698
-0.012048
-0.0040509
-0.034486
-0.00701
-0.0089786
0.00065991
0.0066086
0.019517
0.01894
-0.063549
-0.006487
0.0071944
-0.026612
0.036655
0.01266
-0.016041
0.016771
-0.0028268
-0.00050266
-0.0085876
-0.0062281
-0.0046385
0.027261
-0.025724
0.0031764
0.034112
0.024114
0.010913
-0.021554
0.010618
-0.038212
-0.0013039
0.001626
0.02017
0.008114
0.011449
0.0070055
-0.0025725
-0.020551
0.0076206
-0.003449
0.019045
-0.00036668
-0.010773
-0.023813
-0.0031703
0.019058
0.022641
-0.0025627
0.006384
0.0056194
-0.0084544
0.024862
-0.020092
-0.0054568
-0.0063178
0.0048695
0.0098475
-0.018435
-0.0064418
0.0017135
0.00045776
0.0038518
-0.012491
-0.0064699
-0.00043909
-0.011775
-0.01235
-0.013093
0.032422
0.0013888
0.030556
-0.0081887
-0.031986
-0.0094852
0.018404
0.033137
0.010544
0.0045045
0.00097854
-0.00020283
-0.012321
0.0051028
0.010082
-0.0030188
-0.017322
0.0019717
0.035624
-0.0037663
-0.019834
0.00457
-0.0058428
0.025113
0.0023424
0.014848
0.0050944
-0.015313
-0.0039131
0.0040893
-0.013796
-0.019421
-0.016509
-0.0049285
0.0085888
-0.007572
0.02396
-0.00050638
0.0045094
0.0034531
0.011564
-0.0062583
-0.0072806
-0.019515
-0.0097766
0.013058
0.0080853
-0.036459
0.024257
-0.0063062
-0.0035415
-0.030194
0.010929
0.021594
0.018923
-0.0029847
-0.011207
0.033808
0.018887
-0.016712
0.023504
-0.015216
0.002413
-0.0059032
-0.020125
0.018569
-0.023212
0.011268
0.0067172
-0.0020784
0.0094558
0.01441
-0.0052972
0.0084013
0.0051113
-0.0033237
0.0004332
0.013502
0.0055356
-0.001799
-0.012692
0.026849
0.007763
-0.0019613
-0.0096274
-0.026494
0.01131
0.01718
-0.012658
-0.024151
0.011857
0.0051147
-0.0062864
0.029097
0.023258
0.022656
0.013118
3.8612e-05
-0.0077138
-0.012676
-0.022362
0.00074595
-0.0094244
-0.0043959
0.012798
-0.013845
0.0082697
-0.013211
-0.0020884
0.022579
0.00705
0.020652
-0.011139
0.016493
-0.013232
-0.010645
0.041019
-0.015157
0.0023485
0.010431
0.039877
-0.00047767
0.0040436
0.021477
-0.02295
-0.00061781
0.018719
-0.0044527
-0.0038071
0.0055274
0.0075961
0.014389
-0.0092089
0.030944
-0.031372
-0.0082266
-0.0084181
-0.0017699
-0.021611
0.034565
0.023776
-0.024676
-0.001916
0.007949
-0.0025958
-0.016662
0.013256
-0.014168
0.0082568
0.018226
0.0074294
-0.023031
0.00045574
0.0027124
-0.025004
0.011457
-0.016749
0.0075669
-0.0090393
-0.0064778
0.0049379
-0.01181
-0.015437
0.038563
0.014487
0.019294
0.0068241
0.017343
-0.033634
0.00074421
-0.021097
0.0014731
-0.00033415
0.036798
0.010396
-0.0057923
0.0030984
0.01667
0.016469
-0.010282
-0.033255
-0.0083564
0.010296
0.019993
-0.022531
-0.0084225
0.01303
-0.0036423
-0.0098639
0.015113
-0.020356
0.016557
0.019721
0.0096902
0.00051807
-0.0032582
-0.010235
-0.005272
0.0063717
-0.016565
-0.025511
0.0077089
0.038967
0.028483
-0.0052868
0.018456
0.0001686
-0.0097618
0.028887
-0.01998
0.033437
-0.015842
-0.012138
-0.0067702
0.00054788
-0.00059536
0.011025
-0.016185
-0.0030438
0.01506
-0.029298
-0.010765
-0.0081593
0.012027
0.014268
0.02079
-0.017865
0.01467
0.0098893
-0.008214
0.014802
-0.010265
0.0031973
-0.016563
0.011226
0.021857
0.03186
-0.021968
0.0034652
0.023389
0.033429
-0.02014
0.013679
0.032804
-0.021401
-0.0029046
-0.036635
-0.0042683
-0.006493
-0.018003
-0.0096294
-0.0067829
0.0096858
0.0097036
-0.016402
0.0091315
0.030253
0.0027701
-0.016314
-0.0055237
0.0022943
0.00085062
0.047567
-0.024812
0.0091078
-0.00054521
0.020635
-0.0020582
0.010731
-0.030616
0.0045763
-0.013524
0.00029389
0.014838
0.033308
-0.0032514
0.0049266
-0.009227
0.024137
-0.00048513
-0.021887
-0.0065536
0.022455
0.01382
0.00080349
0.0002365
0.031089
-0.01983
-0.00027011
-0.014844
0.001558
0.0019226
-0.012667
0.013409
0.025494
-0.0097365
0.0040768
-0.013894
-0.0078041
0.019247
-0.0013498
-0.0069205
-0.018982
0.0049604
0.023245
0.011811
-0.022497
0.023223
0.0034627
-0.03374
-0.0054707
-0.02169
-0.021418
0.032697
-0.016043
0.013239
0.0085493
-0.023036
0.0050692
0.010831
0.016051
0.0075052
0.014175
0.016859
0.0053302
0.020179
-0.015123
-0.0012873
-0.0068836
0.018073
-0.024959
0.0020783
0.016235
0.0039816
0.014486
-0.0085541
-0.0071046
-0.014481
0.011905
0.0053592
-0.01694
-0.0053237
-0.011893
0.00052724
0.0035522
0.020238
0.0082243
0.0060905
-0.010259
0.032622
-0.014085
0.013901
-0.017038
0.0017706
0.031239
-0.0031669
-0.020462
-0.010203
0.019075
-0.014141
0.021292
-0.01137
0.035686
-0.006507
0.008308
0.00273
0.00069924
0.025287
0.017698
-0.013261
0.0094222
0.010489
0.0021545
0.0012803
-0.0039969
-0.0018388
0.017468
-0.0048797
0.010608
-0.026432
-0.00021277
0.02184
0.016769
0.013412
-0.00018643
-0.02119
-0.015469
0.020018
-0.0019149
-0.0038723
-0.0035646
0.0032103
-0.028857
0.011673
0.018096
-0.01429
0.015266
-0.0028439
-0.013015
0.0042215
-0.0032723
-0.01612
-0.00046116
-0.0080136
0.0078289
0.0027037
-0.0054399
0.018358
0.014316
-0.002233
0.013888
-0.016379
0.0033923
0.026915
0.0032768
-0.0018995
0.0051906
-0.02266
0.0010947
0.019721
-0.01807
0.012068
-0.036072
0.003453
-0.0017985
0.013607
0.0124
0.012549
-0.0071445
0.023667
-0.0033706
-0.014935
0.0048296
-0.0070211
-6.2407e-05
0.0027148
-0.0016857
0.023076
-0.0020626
0.0039729
-0.0011721
0.027938
0.0016899
0.033234
-0.0049042
-0.015339
-0.00074383
-0.0092942
-0.0019579
0.00040645
0.0012425
-0.014188
-0.0044718
-0.013553
-0.00041064
0.013696
0.03393
0.0089407
-0.045281
0.0098413
-0.00746
0.027642
0.013651
0.0010318
-0.0083937
0.0072975
0.0048801
-0.0029585
-0.019786
-0.0022096
-0.01218
-0.0033853
0.0069431
0.037928
0.0023323
0.021474
-0.0087853
0.0078527
0.013904
-0.0019566
0.014078
-0.0083902
-0.012699
0.021612
-0.001935
0.028632
-0.034954
-0.0079091
0.0052654
0.0065736
-0.0057227
-0.010047
-0.011638
-0.014932
-0.0053215
0.026249
-0.0055454
-0.01524
0.0047806
-0.009145
0.00095622
0.040537
0.011076
0.015926
-0.016319
-0.0050106
-0.0076066
0.012121
-0.012624
-0.0086801
0.014487
0.017736
-0.015324
0.0087112
0.0095202
0.0073536
0.0066722
0.0063577
-0.036529
-0.0074235
0.0038486
-0.0088185
0.0067574
0.011464
-0.01353
0.01311
0.006695
-0.0090434
0.013282
0.0013216
-0.0038046
0.012052
-0.0028302
-0.010411
0.03151
0.0060039
0.017157
-0.0019448
0.0081229
0.0072923
0.014298
0.015753
-0.0016573
0.015943
-0.0032719
-0.014832
-0.016864
0.0059582
0.010895
-0.00088094
-0.0026561
-0.0066089
-0.0079442
-0.016639
-0.016198
-0.0081136
0.0044371
-0.01055
0.012484
0.009565
-0.008193
0.0022879
0.0282
0.038825
-0.022918
0.036674
0.0036035
-0.0067364
-0.016418
-0.026385
0.017443
0.0083815
0.0097514
0.024325
-0.011986
-0.0012603
-0.013762
0.0044956
-0.006567
0.0080784
0.024994
0.0050757
-0.017497
-0.034362
0.0092546
0.012779
-0.023389
-0.0066497
-0.0019326
0.02669
0.01652
0.001419
-0.0053094
-0.0043267
-0.0022615
-0.0098802
-0.009721
-0.0087518
-0.00034871
0.016635
-0.0026663
0.0046262
0.0060301
0.033111
0.027643
0.0024738
0.0037379
0.0025965
0.014419
-0.013246
0.017784
0.024241
-0.006413
0.024811
-0.0046258
-0.011272
-0.0023241
0.016305
-0.0076168
-0.012305
0.0034723
0.0071231
0.040457
0.013755
-0.0042065
-0.012035
-0.0052457
0.0060172
-0.008818
-0.014041
-0.0087335
-0.0052634
-0.0031343
0.031058
-0.014069
-0.0043868
-0.015998
-0.0088242
0.006141
0.0070679
-0.017894
0.0080876
0.011803
-0.021515
-0.022433
0.024805
0.0074049
0.013895
0.0064191
-0.014875
0.011032
-0.0076767
0.01444
-0.0081733
0.030135
0.016785
-0.0073794
0.010253
-0.039102
-0.0051861
-0.020434
-0.017167
-0.015383
0.0084359
0.018867
0.037386
-0.0010503
-0.002728
0.017131
0.025607
-0.025723
0.0043236
0.029954
-0.0038775
-0.010504
-0.0024733
0.0056523
0.0046039
0.052866
-0.0086584
0.0033026
-0.0065969
0.011452
-0.0023888
0.015808
0.0087424
0.005487
0.017231
0.0014964
0.029184
-0.02631
-0.0089634
-0.0017407
-0.0017443
-0.00030115
0.004634
-0.008381
-0.0083291
-0.008661
0.012462
0.025732
-0.014086
0.012274
-0.010502
-0.021302
0.021135
-0.0081208
0.0069087
0.025012
0.0038381
-0.023668
0.027055
0.016612
-0.015924
0.0076125
0.0012831
-0.020775
-0.0033891
0.0098427
-0.0020588
-0.038337
0.01966
0.038772
-0.026912
-0.0082227
0.010547
-0.0075001
0.01516
0.0017327
0.017979
-0.017984
0.010599
0.017753
0.0016012
-0.015968
0.012241
0.0044438
-0.007395
-0.01267
-0.007806
0.020178
0.0053506
0.017041
0.0015435
-0.0086122
0.017877
0.0081974
-0.017635
0.00048434
0.001683
-0.0047306
-0.0035972
0.02593
-0.00077473
0.0003514
0.026204
-0.028123
-0.013527
-0.00067151
0.022587
-0.005199
-0.019623
0.012307
-0.0072485
-0.025351
-0.0073457
-0.0030296
-0.011086
0.032965
0.015944
0.0021384
-0.0087471
-0.010451
0.013949
0.0025053
-0.0087864
-0.015185
-0.014518
-0.0032748
0.0074191
0.0030157
-0.0020787
-0.015645
0.00064306
0.0068714
0.011588
-0.00084419
0.014384
-0.0026238
0.015589
-0.010474
0.021073
0.0058199
0.013351
0.00068345
0.00016224
0.013139
-0.019493
-0.00088883
-0.030919
0.01333
-0.0049353
-0.021059
0.0044996
-0.0092136
0.024899
-0.017299
0.016475
-0.0093097
-0.016215
-0.0029113
0.009587
-0.0088673
0.0096291
0.009012
0.0012018
0.040702
0.0060266
-0.012864
0.041765
-0.0027528
0.019075
-0.018514
-0.0023326
-0.0039168
-0.032083
-0.00010236
-0.0040224
-0.0033405
0.0092474
0.014782
0.0042595
0.0061388
0.0051773
-0.019896
0.0084762
-0.014592
0.0019783
0.0066092
-0.011299
-0.019663
0.0094854
-0.020276
0.032319
-0.013019
0.0045879
-0.01899
-0.0033264
0.031419
0.0048839
-0.015989
0.0085455
-0.010965
-0.0034436
-0.012665
0.021515
0.0057212
-0.0013656
0.024309
0.0026951
-0.020029
0.0017681
0.0039914
0.0057528
-0.015279
-0.0087147
0.0068857
0.035669
-0.0061858
0.0032259
-0.009103
0.011241
-0.026221
0.00081398
0.027458
0.0086769
0.0066208
-0.0034773
-0.010757
-0.0083716
-0.029827
0.024805
0.0088543
-0.000197
-0.021716
-0.033787
0.013183
0.0082284
0.0053461
-0.0031892
-0.0099579
0.0076521
0.011123
-0.017829
0.037355
0.021934
-0.017718
0.0402
0.004386
-0.019614
-0.0024376
-0.0063819
-0.0033307
0.0064885
-0.010402
0.014142
-0.0020238
0.012436
-0.014764
-0.011878
0.0030669
0.0018717
0.0077494
0.022416
0.010539
-0.0011558
-0.0011679
-0.017363
0.032331
0.0073534
0.022399
0.022438
-0.033096
0.0082252
0.050055
-0.027491
-0.016318
1.2805
-0.6685
4.6463
-2.1453
-4.1388
-0.12217
-3.6048
1.9397
3.1649
1.3886
0.27185
-1.8738
-2.2443
-0.55587
-0.22429
-4.5322
1.324
1.0286
3.1763
1.0063
-0.11028
0.41134
-0.034668
-1.0034
0.052439
0.15286
0.2982
0.1282
0.24448
0.26084
0.042137
0.31009
0.18344
0.16779
0.063453
-0.71827
5.2962
-0.49828
0.073052
-0.12449
-0.31063
-0.096639
-0.07501
-0.015452
1.541
-3.3918
-0.88618
0.38731
-2.6261
1.2412
0.9541
1.2799
-0.32493
-0.35159
0.11885
-1.284
-0.61165
1.8974
4.6606
2.5161
3.769
-0.29632
-0.9386
-0.92151
-0.60695
-0.4216
-0.6431
-0.38533
-0.35738
-0.33481
-0.42328
-0.30737
-0.21143
-0.29961
-0.21059
-0.2029
-0.1887
-0.17999
-0.13472
-0.12509
-0.12533
-0.12825
-0.088534
-0.09373
-0.050329
-0.063376
-0.081291
-0.054676
-0.073455
-0.04806
-0.027797
-0.044319
-0.018818
-0.029472
0.0064809
-0.023967
-0.47264
-0.10459
0.014223
-0.032313
0.17563
0.37135
-0.7742
0.1728
0.17346
0.26594
-0.073592
-0.060334
0.063222
0.1379
0.15247
-0.0082459
-0.18135
-0.016283
0.11816
0.23977
0.019042
-0.274
-1.6409
-1.5245
0.036545
0.76491
0.61358
0.098244
-1.26
-2.9829
0.82686
0.85312
-1.9135
-0.11971
0.96092
0.85713
1.5903
2.1525
1.9222
-1.3414
-1.6097
-2.2379
-8.0371
5.4041
8.9578
-0.19488
2.582
-1.0385
0.46953
-0.22061
0.2395
0.8259
0.54251
-0.082333
0.12853
-0.084065
-0.034775
-0.037656
0.02825
0.10641
0.13858
0.062959
-0.11383
0.14783
2.8826
1.6059
-1.458
-0.33665
-0.19147
-0.90714
1.3221
-1.1848
1.9194
-3.2432
0.074612
-0.11501
-0.11543
3.1361
-0.64538
1.2191
-0.73591
-0.96973
2.2418
1.2497
2.8882
-4.1687
-1.0881
3.897
-0.81393
-1.1742
-0.21671
-0.20571
0.050706
-0.16321
0.30756
-0.2083
-0.040185
-0.13536
-0.10731
-0.10571
-0.08892
-0.094251
-0.082273
-0.049458
-0.051505
0.034334
-0.013379
-0.085498
-0.028285
-0.049323
-0.0092982
0.004998
-0.026925
0.02708
-0.047302
-0.012384
-0.022255
-0.0055788
-0.019722
-0.024883
0.0028995
-0.026011
-0.066742
-0.0098116
-0.045137
-0.0036798
-0.013906
-0.0092271
-0.030981
-0.0043159
0.012788
0.0078542
0.03454
-0.00094137
-0.0072227
-0.020197
-0.015807
0.0080898
0.0078859
0.0032521
-0.020094
0.0063323
-0.0099797
-0.0095015
0.010516
-0.012286
0.016757
-0.0015416
-0.005798
-0.022933
0.0022049
-0.016348
-0.0017811
0.0099155
-0.016118
0.018304
-0.013375
-0.0043037
0.020949
0.0086306
0.006406
0.024498
-0.023102
0.0097064
0.030782
-0.0036816
0.0049676
0.016705
0.022915
-0.01034
-0.014061
-0.0050719
0.022257
-0.011293
-0.016846
-0.0043954
0.011428
0.040653
-0.019151
-0.011109
-0.0035348
-0.0078278
-0.0059199
0.014415
-0.025183
0.021928
0.0044259
-0.027657
-0.0013313
0.015479
-0.0033327
0.0084805
0.026548
-0.0095713
-0.0096103
-0.0066256
-0.0075004
0.019432
0.0085935
-0.0012558
0.019274
-0.017691
-0.015916
0.025525
-0.029053
0.0079913
0.0053801
-0.015899
0.0096659
-0.025272
0.011485
-0.017121
-0.0098562
3.1095e-05
0.012818
-0.0072582
0.0099833
0.014378
0.013376
-0.033869
-0.00041821
0.023359
0.010377
0.016757
0.017125
-0.0024215
-0.013641
-0.0020535
0.0028203
0.037644
-0.032267
-0.0064992
0.0028192
0.00036469
-0.019543
0.015001
-0.005064
-0.0065112
-0.0034607
-0.025378
-0.033565
-0.010853
0.0047123
-0.02533
0.044233
0.039311
0.0043178
0.0058076
0.014644
0.00048864
-0.0094241
0.0024081
-0.00065047
0.0044117
-0.032749
0.024777
0.04427
-0.0038405
0.003564
-0.031112
0.0069933
-0.026932
0.034999
-0.0080551
0.0051048
-0.015142
-0.0068155
0.0093823
0.024596
0.0020411
0.0096782
-0.011823
0.0090165
-0.02616
0.011356
-0.01383
-0.011713
-0.03896
0.0030565
0.010271
-0.0059056
-0.016738
0.037711
0.033633
0.014942
-0.0082708
0.022292
0.014108
-0.0027592
0.0098066
0.0043239
-0.00024518
-0.013118
0.011415
0.0032547
0.0026116
-0.0087322
0.0096934
-0.0062574
-0.00072017
0.027143
0.0051877
-0.028833
0.016057
0.0021276
-0.021777
0.031826
0.012084
-0.0019183
0.016229
0.0063872
0.0058314
0.0010803
-0.024448
0.0022623
-0.010392
-0.027432
0.012269
0.00096994
0.0013475
-0.007086
0.00049078
0.00040487
0.015712
0.009774
0.01892
0.0043458
0.0012185
-0.021384
-0.002374
0.00014453
-0.00073942
-0.0023814
-0.012718
0.0076821
0.013493
0.0044478
-0.0050529
0.0077699
-0.0012399
-0.0041546
0.016194
-0.026272
0.010598
-0.035817
0.010174
0.0081875
0.014899
-0.021382
-0.016971
0.0061943
0.0092292
0.013657
0.00069695
0.016539
-0.017077
-0.0080182
-0.022685
-0.0088275
0.0095298
0.036294
0.012142
-0.0059271
0.012826
-0.02031
-0.02854
0.0042661
0.016941
-0.029395
0.019739
0.010382
0.018993
0.021223
0.03393
-0.019803
-0.012045
-0.0062773
0.010927
-0.024473
-0.0043293
-0.0086451
0.0075731
0.011855
0.0060526
0.026974
-0.040052
0.010081
0.014249
-0.008359
0.017962
0.019252
-0.018753
-0.022131
0.030712
0.0051802
0.0014912
-0.036671
-0.014688
-0.011647
-0.016327
0.039684
0.0078855
-0.035927
0.033211
-0.032165
-0.0022562
0.043705
0.012694
-0.013423
-0.0053928
-0.015319
0.013407
0.02061
0.018069
-0.021298
-0.00099404
-0.0020083
-0.025531
-0.02405
-0.0077224
-0.0017765
0.018342
-0.01546
-0.014128
0.011309
0.015356
0.0346
-0.017562
0.01585
-0.013641
-0.004994
0.032741
0.0028646
0.019974
0.0055903
0.01101
-0.014292
0.011416
0.054317
0.012738
-0.023611
0.015553
0.024196
0.75091
-0.28202
-0.11045
0.12125
0.24438
-0.13154
-0.081849
-0.039048
-0.12034
0.077847
0.062686
-0.046
-0.045592
-0.058689
0.090387
0.075996
1.8927
-1.0206
0.34426
-0.33748
0.42691
-0.22878
-0.48907
0.1348
3.2858
-1.349
-5.986
-0.80847
0.78672
4.3779
-1.8251
-0.75033
2.8398
-3.2923
1.559
2.4597
3.8518
2.0608
-4.2512
-9.4431
3.5973
-1.1368
-0.3587
-0.34219
0.10491
-0.21119
0.044233
-0.13048
0.067131
0.13238
-0.073917
-0.022179
-0.050369
-0.084376
0.00088017
-0.15759
0.098551
-0.22158
-1.1508
0.69927
0.030061
0.03036
0.076016
0.12205
0.082678
0.45898
0.17488
-0.026174
0.064061
-0.019056
0.0052887
-0.01932
-0.037174
-0.049052
0.037965
0.03258
-0.022696
-0.024209
-0.054061
-0.021394
-0.015523
0.041599
-0.076497
0.29787
-0.14547
0.15834
-0.10829
-0.035142
-0.0090943
0.2629
0.1263
1.5062
-4.2234
0.18763
-3.8742
0.68142
2.0935
1.5939
2.412
-2.1981
0.56854
-0.40661
-1.3763
5.4667
5.9321
-0.086377
-16.202
1.815
0.51674
0.18338
-0.49963
0.31161
0.28123
-0.35219
-0.15077
0.02981
0.023047
-0.2086
0.1193
-0.17052
0.1414
-0.18845
-0.039602
-0.15618
-0.096255
-0.096394
0.12506
0.063446
0.026904
-0.27776
-0.016071
1.574
-1.165
-0.55556
-1.8067
-0.19562
-0.82731
0.86431
-2.4794
-4.7314
3.6082
-2.2778
-1.579
1.642
2.7758
0.99054
-0.5738
0.96472
-1.4113
2.1792
2.7064
9.9187
-11.791
4.6266
2.8242
-0.38436
-2.2322
0.4966
0.17539
0.16538
1.0846
0.54144
0.71881
-0.19636
-0.039678
0.31562
0.56252
0.082841
0.25669
-0.036441
0.0040152
-0.17426
0.088494
0.073763
0.058551
-0.097011
0.21429
-0.21008
-0.22261
2.0977
0.46358
2.9962
-0.30099
-1.0995
0.33957
-1.6462
-1.3284
-3.1496
1.1974
-2.6004
0.30328
0.76095
-1.0236
2.3919
0.12052
1.5278
-1.2627
-1.1925
-3.1492
1.7176
11.855
-8.6214
4.2207
1.1658
-3.8656
0.27593
2.8592
-0.31827
1.1783
0.53653
0.63204
0.93501
0.56531
0.61329
0.33965
0.74366
0.41233
0.28694
0.19245
0.17534
0.2751
0.25435
0.2408
0.26612
0.16109
-0.026598
-0.064833
-1.3487
9.1648
-0.26432
-3.4324
0.67282
-0.80196
-0.82201
0.28502
-1.4324
0.40147
-1.8628
-2.0829
2.1213
-0.73573
-0.64536
-0.23692
1.3239
1.8693
-0.40555
1.6016
4.3987
-9.0329
4.9774
7.264
4.7774
-12.559
-1.4188
0.16744
0.053049
0.10232
1.2993
0.20178
0.065742
0.22034
0.20603
-0.00085304
0.25237
0.11729
0.025186
0.07693
-0.095186
0.048465
0.066882
0.051102
0.10661
0.071625
0.0066132
-0.14652
0.20334
2.7615
0.26742
-0.18537
0.13451
-0.24812
-0.38756
-0.059978
-0.11454
-0.1262
-0.10184
-0.12137
-0.1029
-0.018578
-0.030444
-0.064881
-0.054558
-0.071015
-0.051367
-0.016236
-0.071433
-0.01185
-0.060162
-0.029535
-0.014269
-0.047254
-0.0464
-0.025589
-0.015284
-0.013669
0.011754
-0.009825
-0.030425
-0.0055096
-0.0037714
0.003737
-0.051311
0.00098004
-0.0020464
-0.0081722
0.025019
-0.0024325
0.00025526
-0.011784
-0.027763
-0.020537
-5.9372e-05
-0.0019212
-0.014006
0.0085897
0.020295
0.020766
0.0035674
-0.0011171
-0.017097
0.026908
0.01854
0.019673
0.0059531
-0.0013882
-0.0053241
-0.003941
-0.00026369
-0.012734
-0.015702
0.015333
-0.0049966
0.010698
-0.00049987
0.0044384
0.016177
-0.027764
-0.027573
0.0033032
-0.014744
0.0028756
0.013674
-0.026577
0.0013388
0.0024258
-0.001764
-0.020003
-0.0028056
-0.0025628
0.013132
-0.0065479
-0.0069002
-0.010342
-0.0098002
-0.0057159
0.0081791
-0.016982
-0.0086038
-0.018032
-0.022637
0.0087275
-0.0091921
0.012248
0.023568
-0.014359
0.0021926
-0.0066753
0.002857
0.014715
0.029079
0.017261
0.0012382
0.006931
-0.01043
0.0057709
0.0092182
-0.0010795
-0.025672
-0.00099586
0.0114
0.0038512
0.012158
-0.013587
0.019191
-0.031823
0.0055865
0.0045098
0.0093122
-0.01875
0.015173
-0.017773
0.0018645
-0.002144
-0.01293
0.032546
-0.0090181
0.012423
0.0060815
0.018518
0.019949
0.02404
0.60754
-0.37599
-0.037605
0.0041928
0.1291
0.12991
1.8101
-2.2295
1.4324
0.9664
-4.1128
-0.45354
-2.9502
2.3505
1.1745
1.4529
1.4984
-2.9469
0.28834
0.32941
1.9453
4.0752
0.15657
-0.29466
-1.0285
-9.4528
-2.653
0.027282
0.52874
0.87675
-0.1729
0.33519
-0.59396
1.1504
0.41412
0.32065
-0.25186
-0.02866
0.54964
0.077017
0.21629
0.22384
0.054006
0.003385
0.029446
0.047149
-0.065255
-0.069747
-0.30008
0.88974
-1.2784
0.019063
0.098217
-0.59113
0.44935
1.413
0.8006
2.0912
1.6976
-1.5608
-0.76317
-3.5623
0.68684
-0.16983
2.6631
0.40195
-1.7147
0.93144
-1.5813
1.7742
2.4797
0.56198
-0.4592
-1.1506
-1.0747
0.075112
0.077139
0.0099196
0.14415
0.058222
-0.0092908
0.057944
0.055849
-0.016241
0.049457
0.038332
0.012477
0.03642
0.05475
0.030464
-0.032583
0.016688
-0.024211
0.057906
0.021644
0.010526
-0.032642
0.01721
0.039982
-0.022913
-0.032828
-0.016858
0.018367
-0.0071552
0.018131
-0.004975
0.00017733
-0.0015972
-0.012081
0.011457
-0.02416
-0.010756
0.011277
-0.041627
0.021514
0.035398
0.01961
-0.0033797
0.0084904
0.013087
0.0078924
-0.00023956
-0.033758
0.19191
0.50248
-0.22725
-0.062397
-0.10892
0.73143
2.2707
-0.092121
-0.41799
-0.313
-0.24151
-0.18114
-0.23622
-0.15249
-0.035561
-0.075112
-0.24729
-0.18068
-0.20722
-0.15127
0.058202
0.074353
-0.41424
1.2418
-0.16638
1.781
-0.93568
0.061435
-0.60801
-0.59539
-4.0357
4.4447
1.5511
2.2938
1.1197
-2.3727
0.5765
0.021939
0.409
1.4185
-3.0395
0.86435
0.48216
-0.58229
-4.6925
-5.5185
0.73789
-5.0987
1.9894
-1.6325
4.1582
1.3465
0.81809
0.77137
0.34147
1.0547
0.30299
0.35512
0.37673
0.4034
0.41618
0.59945
0.29357
0.32738
0.16612
0.18602
0.1607
0.18411
0.17514
0.15297
0.056621
-0.041634
-0.90549
1.8077
-0.62922
0.92774
-0.068251
0.047858
-0.85019
5.0781
-2.607
-3.4962
-5.6859
-5.034
2.6637
0.66982
2.8318
1.2789
-1.116
3.0695
2.8871
3.5915
0.75673
-6.9546
-3.9229
-3.1006
-0.46674
0.79476
0.59317
1.5666
1.6007
1.0051
1.4338
0.75836
0.5309
-0.17056
0.36607
0.56033
0.59967
0.94102
0.32073
0.35192
0.21972
0.20872
0.18447
0.10492
0.19954
0.29024
-0.21823
-0.020044
-0.16438
0.06578
0.20611
0.058817
-0.79626
-0.62177
4.6481
0.43462
0.35566
-4.809
-4.5082
2.3436
1.5465
2.7188
0.92347
-2.8506
1.0266
0.84625
-1.2111
-0.36998
3.443
-10.765
2.1135
-0.2181
0.30217
0.77366
-0.18027
0.93211
0.27833
0.57957
0.57004
0.3715
0.1014
0.67387
0.32848
0.11914
0.36802
0.21975
0.29103
0.16158
0.38245
0.11869
0.12351
0.29395
0.043214
0.034876
0.066139
0.0034772
0.004144
0.086728
0.021633
-0.017973
0.089658
0.040622
0.012429
0.073748
0.0015571
0.00047895
0.017663
0.00033252
-0.020875
0.0414
0.013985
-0.05936
-0.02536
0.011085
-0.005591
-0.017139
0.0032932
-0.017963
0.019389
0.017109
0.0039566
0.019501
0.0081614
-0.009607
0.0023549
-0.011071
-0.0021269
0.018311
-0.0049071
-0.01309
0.012693
0.0058645
-0.011357
-0.030552
0.01811
-0.019933
0.019383
-0.0025618
-0.030492
-0.015265
0.0034025
0.0039044
-0.00022074
0.017348
0.0052402
-0.014844
-0.0114
0.0094824
-5.5712e-05
0.012682
0.02457
0.018084
-0.0065096
0.0072923
0.0078461
-0.0005612
-0.03853
-0.0089711
0.0023988
-0.023888
-0.013627
-0.0044014
0.017202
-0.010686
0.01
-0.0062615
0.014356
0.014153
-0.0024101
0.030954
-0.023718
0.0084831
0.00069899
-0.0067686
0.0031438
0.0033622
-0.017371
0.009545
-0.02446
-0.028568
0.0015121
-0.0021391
0.010177
-0.0057219
0.0048878
0.025793
0.00021411
0.0078512
0.015304
-0.030834
-0.0055221
0.01657
-0.035356
-0.01208
-0.0031365
-0.016409
-0.012787
0.0080223
0.0039709
-0.01054
0.0076861
-0.020125
-0.017459
0.013613
-0.006806
0.032689
0.014227
-0.0042928
-0.017724
0.034463
0.029946
0.0072499
0.02053
0.024228
0.0048225
0.0011919
-0.0089161
0.013867
-0.010039
0.0060059
-0.0079578
0.010062
0.0020888
-0.037378
0.0057942
0.0077214
0.018149
-0.010938
0.015876
0.020289
0.0072555
-0.005553
-0.0097814
-0.034915
-0.0081564
0.016368
0.010539
-0.0093211
0.012747
0.0082564
0.017114
0.011078
-0.0060017
0.027012
-0.020334
-0.00095013
-0.030938
-0.035692
0.0097527
-0.0080107
0.0015603
-0.035663
0.014935
0.0066554
0.0030348
-0.0067082
0.033008
0.0074215
0.0069883
-0.0040082
0.0079694
-0.010332
-0.0035044
0.0055041
0.030542
0.016662
-0.010496
-0.021837
0.022824
-0.0057103
0.013517
-0.008739
0.021867
-0.022041
0.01337
0.01817
0.030153
0.023966
-0.0063884
0.027574
-0.028951
-0.019844
0.014806
0.016292
0.007954
-0.013926
-0.003332
0.0072969
-0.0055211
-0.00070031
-0.019732
-0.017564
0.0071262
-1.0591
0.062009
0.11591
0.17943
0.19622
0.16844
0.37075
-0.56194
0.2705
0.010925
0.12893
-0.053701
0.22916
0.027545
0.10861
0.016733
-0.12069
-0.079642
-0.058507
-0.20625
-0.025815
0.25252
-0.36864
-0.40677
0.086953
-0.75473
-1.0398
0.82061
0.37164
0.68887
0.66152
-2.4389
-4.4819
-0.16337
0.85781
2.2824
1.3277
-1.1454
-2.246
-1.8238
1.4352
3.5858
3.424
0.99015
-1.5872
0.65848
0.38292
2.9633
0.045135
-5.1474
2.2007
-0.80814
-0.18506
-0.10378
-0.35412
0.035184
-0.19195
-0.22709
-0.21813
-0.19762
-0.13464
-0.34122
0.01425
-0.05131
0.015641
-0.047394
-0.029012
-0.076378
-0.039749
-0.05976
0.0088518
-0.015787
-0.035896
-0.041246
-0.079029
-0.017593
-0.063698
-0.035376
-0.027019
-0.081263
-0.025168
0.0015038
-0.045868
-0.015545
-0.037404
-0.023029
-0.019667
0.013469
0.00061079
0.02718
0.0035746
0.011051
0.0066105
0.01401
-0.0055802
-0.0058037
-0.020292
-0.016475
0.019033
-0.018306
-0.0051139
-0.011498
0.021093
-0.0044104
-0.032658
0.011445
0.023212
-0.018703
0.0070434
-0.029061
0.02068
-0.020063
0.024308
-0.0074685
0.011785
0.017559
-0.036254
0.00043478
0.00021031
0.0038032
-0.024141
-0.01049
0.0038623
0.007928
-0.0045631
0.015442
-0.021254
-0.00095217
-0.0084326
-0.0068258
-0.0066488
0.023551
-0.013723
0.021791
0.0084995
-0.013623
-0.0061995
-0.0017755
0.0066417
0.0050167
-0.028447
-0.008451
-0.01354
-0.01138
-0.012686
0.016306
0.022304
-0.00026458
-0.0025398
0.015844
-0.013909
0.010806
0.020763
-0.017893
-0.0036558
-0.004536
0.0045221
0.0020535
-0.014714
-0.026111
0.002561
0.008001
0.027872
0.0089347
-0.0058199
0.0054592
0.0080073
-0.0072142
0.016265
-0.036654
-0.019258
-0.00014433
0.011277
0.028861
0.0018979
0.012695
0.018601
0.0091152
0.03531
-0.023904
-0.0049469
0.026771
-0.010426
-0.012615
0.031942
-0.010762
0.015505
-0.018136
0.01952
0.010701
-0.019674
-0.017023
-0.01854
-0.0092327
-0.0059247
-0.0051301
-0.018968
0.030239
-0.019516
0.029129
-0.022631
0.01084
0.014248
0.009091
0.018763
0.0019891
0.001704
0.0099454
0.005332
-0.0067456
-0.0054455
0.026099
-0.0072493
0.010565
0.013789
-0.022053
-0.0094695
-0.018805
0.031368
1.7003e-05
-0.010426
-0.023581
0.0087813
-0.022794
0.016687
0.034012
-0.016999
-0.01596
1.8409e-05
0.0047757
0.0085101
0.017103
0.011251
-0.0038419
-0.016926
-0.0121
0.016102
-0.01675
0.0097008
-0.032527
-0.0092225
-0.02447
-0.022059
0.015636
0.022472
0.032197
-0.010973
0.064498
-0.091461
-0.00010321
-0.026131
0.12606
0.2449
0.4972
-0.69915
-0.018533
0.030614
0.35258
-0.0071294
0.099338
0.0088053
-0.047244
-0.09869
0.012815
0.056474
0.021334
-0.0458
-0.26767
0.065892
-0.5236
1.9982
-3.1995
0.63878
0.77746
0.055208
-0.34105
-3.8923
-4.5066
-0.34512
2.5577
-3.1787
-1.1196
2.6722
-1.2813
0.87239
2.5086
2.8169
0.84691
1.0457
7.7494
-16.881
15.487
-1.5635
8.7712
4.2503
-1.9339
0.48125
-0.4153
0.062758
0.32873
0.56095
-0.060741
0.079401
0.047641
0.26063
0.040958
0.1463
0.12622
-0.067383
0.04114
-0.087968
0.038239
0.021297
-0.0072117
0.057301
0.14009
-0.018479
-0.15858
-0.21301
0.38911
0.50549
0.3635
0.31232
-0.182
-0.13697
-0.29997
0.12336
-0.1422
-0.11969
-0.060749
-0.037871
-0.017461
-0.049399
-0.0056274
-0.054632
-0.0087316
0.041638
0.015112
-0.046066
-0.036373
-0.066545
-0.029467
-0.012868
0.00061018
-0.014063
-0.0080986
0.024738
-0.0081961
-0.0044143
-0.014869
-0.02903
-0.019743
-0.015996
0.0088317
0.031628
-0.014579
-0.019135
-0.0025363
-0.0092795
-0.0064301
-0.0014043
0.0031584
0.00075263
0.03205
0.0080308
-0.013651
-0.018275
-0.0071676
-0.021276
0.023824
-0.0073633
-0.0060953
0.000397
-0.024792
0.037984
0.020246
0.00034012
-0.0067829
0.0064481
-0.0013014
0.01092
-0.010752
-0.010391
-0.017656
-0.020793
0.028298
-0.04406
-0.00067459
0.013675
-0.00038492
-0.015702
-0.012297
0.0083766
0.036802
-0.026327
-0.04408
-0.023746
-0.015038
-0.019687
-0.020101
0.021721
0.027409
0.0095061
-0.010555
-0.014625
0.019616
0.0057844
0.0091819
0.0010738
-0.029846
0.011241
-0.00029204
0.0077433
0.0048676
0.038192
-0.012876
0.014976
-0.024322
-0.025328
-0.0036556
0.0055049
-0.015202
-0.0030426
0.0037287
0.009081
0.02026
0.00039859
-0.011262
0.00047343
-0.0048973
0.0095966
-0.027328
0.0058707
-0.0064844
-0.0030851
-0.025621
0.010193
0.0046095
0.010723
0.037955
0.020455
0.00047143
-0.0063581
0.049316
-0.031364
-0.014023
-0.017294
-0.011939
0.0024514
-0.002736
-0.015513
-0.0037124
0.030935
-0.0155
0.029941
-0.011743
0.027236
-0.031325
0.024166
-0.029338
0.0018617
-0.0075228
0.015663
-0.0026846
0.0054542
0.47295
-0.35733
0.036735
0.071869
0.11011
0.0057686
0.63631
-0.68577
2.4232
-0.15243
-2.2213
-0.44989
-2.9997
1.7921
2.2947
1.3907
1.0081
-3.5515
0.11823
1.8965
1.0862
4.3299
0.42474
-0.97668
-11.292
9.7774
0.7704
-1.7232
-0.34183
-0.39459
-0.12653
-1.2517
-0.13642
0.37576
-0.35463
-0.67478
-0.70579
-0.30643
-0.50631
-0.24733
-0.057281
-0.63239
-0.45431
2.6769
0.19093
0.064788
6.5455
-4.8385
-1.733
-3.1954
0.19242
-1.5449
2.7613
2.329
-2.7752
2.1528
0.14476
1.3187
0.81955
-2.4238
-1.6812
-0.12346
-0.93449
4.9284
2.688
0.52209
-0.37798
-0.22579
-3.7374
-0.45118
-1.2679
-0.041134
-1.3189
2.5518
-2.1694
-7.0951
2.6454
-1.6034
0.33512
-3.1612
4.0831
1.0538
1.1597
-0.095036
-0.14548
-5.7435
1.7026
0.94104
-28.196
18.08
-4.8055
-4.0279
2.3901
0.19039
1.741
4.0719
2.4834
2.5375
1.4165
0.068139
0.11346
-0.73041
3.0055
0.57531
0.076268
0.68832
0.62883
0.34082
0.042132
-0.31501
0.23512
0.040266
-0.069023
-0.07405
0.2854
0.38392
0.86623
0.28151
0.56669
1.1525
0.48424
0.25842
0.27697
0.24437
0.10601
-0.30046
-0.3477
-0.45023
-0.54193
-0.61617
-0.17186
-0.63414
0.043851
-0.19267
-0.23909
-0.11833
0.041724
0.16723
-0.21997
-0.12647
-0.12412
-0.27892
-0.20889
-0.18026
-0.38208
-0.10922
-0.063656
-0.064043
-0.11923
-0.18351
0.046768
-0.17805
-0.19845
-0.29876
-0.23916
-0.1644
-0.32262
-0.41465
-0.27497
0.040485
-0.28559
-0.15115
0.0031927
0.21945
0.10735
0.22325
0.10546
0.12548
-0.054782
-0.24077
-0.22958
-0.18968
-0.3564
-0.35672
-0.25997
-0.25598
-0.10595
-0.19981
-0.0064697
0.22703
0.27983
0.20337
0.39012
0.36305
0.35952
0.17464
0.25045
0.29798
0.060418
0.24985
0.020112
0.35802
-0.029023
-0.032619
-0.056861
-0.069378
-0.11051
-0.13228
-0.10568
-0.0022915
0.028529
-0.088149
0.091424
0.32025
0.23444
0.32278
0.57185
0.55366
0.30899
0.26599
0.41201
0.11618
0.022046
0.1566
0.067176
-0.27498
-0.16966
-0.21537
-0.21644
-0.39186
-0.0051404
-0.019626
0.028329
0.15562
0.35864
0.16136
0.30025
0.32351
0.22265
0.14059
0.04346
-0.037658
-0.27346
-0.19828
-0.23147
-0.35686
-0.37317
-0.29851
-0.28574
-0.24314
-0.020754
-0.051822
0.038088
0.11569
0.23832
0.16958
0.25615
0.20313
0.14404
0.088331
0.082686
0.013919
-0.10238
