23.363
24.901
23.9
24.031
23.97
24.326
24.052
24.016
23.482
23.418
23.453
23.045
23.536
22.892
22.568
23.017
22.475
22.547
23.213
23.409
22.88
23.234
22.919
21.539
21.549
21.691
22.187
21.853
21.844
22.029
21.728
21.028
22.278
21.933
22.121
21.938
21.61
21.694
21.56
22.066
21.392
22.122
22.34
21.742
21.251
21.204
21.41
20.592
20.576
20.53
21.281
22.098
21.275
21.736
21.865
21.552
21.758
21.336
21.496
22.046
22.577
21.948
22.615
22.061
22.971
22.567
22.915
23.017
22.14
21.985
21.491
22.3
22.696
22.702
22.569
22.289
22.667
22.608
22.133
22.071
22.015
21.54
21.905
21.61
22.676
21.422
21.002
22.048
21.497
21.154
21.578
21.921
21.81
22.359
21.693
22.046
22.902
22.537
22.116
22.304
22.776
22.158
22.351
22.439
22.75
22.366
22.789
21.413
22.03
22.943
23.156
23.603
23.464
22.315
21.866
21.998
22.034
21.963
22.834
22.887
23.392
23.686
23.504
23.936
23.698
24.204
24.269
24.266
23.391
22.859
22.477
22.577
22.717
22.247
22.761
22.132
22.246
22.76
21.988
21.873
21.948
22.265
21.615
21.591
21.752
21.748
21.16
21.276
21.788
22.363
21.952
22.803
22.523
22.407
22.547
22.501
23.446
23.035
22.514
22.935
22.607
23.372
22.952
22.837
22.75
22.523
22.25
22.184
22.207
21.868
21.704
22.073
21.009
20.985
20.997
20.466
20.217
20.254
19.95
19.92
21.404
20.561
20.789
21.453
20.862
21.729
21.738
21.874
22.176
21.667
21.712
21.878
21.391
21.541
21.661
21.287
21.684
21.284
21.016
21.47
21.854
22.114
21.929
22.482
22.695
23.289
23.793
23.045
23.791
22.767
23.171
22.844
22.517
21.942
22.708
22.637
22.354
21.994
22.386
21.863
21.836
21.934
22.249
22.001
21.89
21.687
22.312
22.197
22.529
22.671
23.187
22.983
21.923
21.598
21.445
21.984
21.856
22.374
22.958
22.589
22.255
22.669
23.675
23.569
23.395
23.496
24.446
24.156
24.381
23.693
23.587
23.454
24.182
23.629
23.237
22.808
22.826
22.256
21.504
21.58
21.271
20.821
20.899
21.227
21.399
21.843
22.174
22.102
22.571
22.928
21.994
22.541
21.732
21.395
21.626
21.299
21.441
20.535
21.906
21.507
21.921
21.661
20.887
21.329
21.837
21.886
22.208
21.362
21.622
21.19
20.992
21.103
21.3
21.84
21.748
22.875
22.428
21.833
22.308
21.826
21.774
20.705
20.058
20.787
21.054
20.769
20.872
21.604
21.264
21.843
22.4
22.136
22.055
22.24
22.183
22.452
23.128
23.298
24.011
23.778
23.742
22.395
22.915
22.211
22.542
22.973
23.17
22.545
22.009
22.476
22.975
22.405
22.269
22.404
22.404
22.059
22.799
22.733
22.648
22.655
23.065
22.224
22.264
22.07
21.808
22.468
22.366
22.94
22.79
22.432
22.474
21.473
21.944
21.606
22.472
21.95
21.927
22.802
23.772
22.858
23.3
24
23.396
23.736
23.758
23.842
23.873
24.025
23.53
23.877
23.722
23.278
22.624
22.956
21.953
21.921
22.529
22.322
22.46
22.949
22.385
22.389
22.326
21.94
22.216
21.672
22.388
22.583
22.053
22.449
22.616
22.524
22.93
22.979
24.088
22.832
23.065
23.158
22.669
22.128
22.747
21.788
22.204
21.902
21.408
21.577
22.205
22.1
22.192
22.539
22.606
22.14
22.484
22.342
22.596
22.836
23.455
23.502
22.213
22.189
22.375
21.716
21.633
21.737
21.472
21.923
22.058
22.02
22.216
22.308
22.248
22.337
22.596
22.66
22.694
22.786
22.808
22.368
23.021
22.544
22.203
22.554
21.756
22.155
21.947
22.023
21.778
22.155
21.93
20.913
21.23
20.85
22.24
21.756
22.34
21.848
21.773
22.018
22.655
22.901
21.636
22.121
21.878
22.387
22.118
21.776
21.612
21.22
21.295
20.886
21.693
21.568
21.281
21.227
20.843
21.13
21.032
21.078
21.84
21.099
21.633
22.041
21.88
21.759
22.41
21.771
22.278
22.19
22.081
21.656
21.958
22.438
21.327
21.303
21.212
21.145
22.501
21.142
21.311
21.046
21.008
21.389
21.145
20.902
20.992
21.055
20.977
21.041
20.685
21.368
22.353
20.843
20.502
20.883
21.124
21.323
20.804
20.545
20.575
20.66
20.751
20.359
21.209
22.086
22.153
22.39
22.034
20.834
20.776
21.187
20.695
20.796
21.483
21.241
21.445
21.661
21.872
21.928
21.909
22.329
22.422
22.626
22.366
22.893
22.765
22.934
23.28
22.807
22.545
23.493
23.127
22.693
23.008
21.886
21.881
22.511
21.597
23.104
22.439
22.519
22.125
21.313
21.817
21.177
21.234
22.048
21.16
21.614
22.328
22.429
21.87
22.334
22.003
21.932
21.805
22.399
22.196
22.314
21.902
22.397
22.524
22.478
22.381
22.597
22.49
23.052
22.699
22.27
22.238
22.726
22.307
21.708
22.034
22.289
21.867
21.696
21.459
21.367
21.903
21.697
21.863
21.501
20.994
21.613
20.852
20.445
21.188
21.325
20.882
21.444
21.381
21.773
21.416
22.245
22.18
21.997
22.532
22.584
22.703
22.514
22.365
23.145
22.518
23.01
23.008
22.436
22.611
22.996
22.712
23.172
22.622
22.194
22.205
22.904
22.614
22.647
22.429
22.268
22.213
22.401
22.038
21.885
22.2
22.498
22.422
22.238
22.979
22.558
22.551
22.51
22.666
23.555
22.885
22.406
22.573
22.54
22.17
21.204
21.496
22.198
22.233
23.063
22.827
23.073
22.515
23.028
22.957
23.061
23.445
22.761
22.703
23.348
23.581
23.623
23.607
22.816
23.033
23.407
22.885
22.517
22.105
21.733
21.388
22.151
22.366
22.235
22.761
23.8
23.203
22.642
22.042
22.272
22.192
22.609
22.052
22.146
21.748
21.877
21.936
22.217
23.047
23.418
23.032
23.319
23.937
22.861
23.2
22.961
24.162
24.153
22.978
23.307
23.499
24.071
24.002
23.335
24.069
23.909
24.443
24.56
24.707
24.414
23.91
23.021
23.527
23.528
22.929
22.938
22.894
22.196
22.957
22.584
23.291
23.254
22.147
21.95
22.304
22.506
22.515
21.926
22.605
22.891
22.785
22.216
21.875
22.332
22.051
21.959
21.875
22.015
22.026
22.093
22.012
21.929
22.309
21.964
22.993
21.726
22.572
22.334
22.487
23.14
23.089
23.735
23.609
24.113
23.077
22.904
22.432
22.129
21.295
21.121
21.322
21.086
21.745
21.529
21.124
21.787
21.692
21.497
21.992
22.516
22.763
22.372
22.001
22.573
22.399
23.083
22.97
22.31
23.541
22.67
22.051
22.771
22.137
22.55
22.45
22.506
22.615
22.582
22.558
23.05
22.671
22.61
22.766
22.732
23.056
22.664
22.628
23.327
24.073
23.434
23.794
23.305
22.44
22.954
22.818
22.778
22.679
22.778
22.53
22.111
22.507
21.567
22.298
22.125
22.372
22.014
21.945
21.621
21.326
21.604
21.36
21.518
20.513
21.016
21.231
21.61
21.623
21.818
22.673
21.378
21.608
22.073
22.182
21.788
22.31
21.814
21.889
21.757
22.344
22.357
21.908
22.261
22.478
22.443
22.033
22.172
23.063
22.989
22.232
23.188
22.76
22.676
22.667
22.674
22.607
22.238
22.327
22.285
22.693
23.025
22.833
23.915
23.943
24.006
23.074
22.908
23.752
23.903
23.453
23.282
23.983
23.363
23.39
23.903
23.224
23.085
23.719
23.465
23.678
23.177
23.049
23.438
23.305
22.5
21.775
22.633
21.867
21.777
21.282
21.158
21.431
21.12
21.581
21.41
21.649
22.171
21.801
22.396
22.758
22.736
22.526
22.176
22.014
21.69
21.691
21.822
21.253
21.76
21.972
21.81
21.356
21.653
22.076
21.355
21.746
22.032
22.777
22.502
21.646
21.898
22.024
22.487
22.371
22.165
22.61
22.188
21.605
20.999
21.452
21.249
21.031
21.703
20.85
21.803
21.796
21.447
21.64
21.542
22.482
21.61
21.212
21.756
22.135
22.304
22.088
22.449
21.561
21.426
21.227
20.69
21.178
21.681
21.42
21.859
22.529
22.029
22.099
22.223
21.683
22.344
22.658
21.801
21.278
21.94
21.334
20.577
21.282
21.217
21.381
21.282
21.061
21.501
21.461
21.594
22.003
22.15
22.807
22.53
22.861
22.688
22.813
22.408
22
22.555
22.333
22.355
23.589
23.179
22.71
21.863
22.758
23.004
22.372
22.758
22.724
22.704
22.077
22.219
21.983
22.293
22.067
21.982
21.772
22.16
21.924
22.981
23.288
23.753
23.489
23.483
23.564
23.65
15.016
12.194
14.824
16.255
22.442
15.698
11.83
6.1874
5.5989
5.0788
2.5604
2.1001
3.1635
1.2172
3.8925
2.7231
3.3881
4.0159
7.2272
8.1944
3.1531
6.6887
6.6523
10.375
8.5311
14.678
14.697
8.2011
21.284
15.247
8.049
15.117
7.3351
6.6511
10.687
20.726
29.682
30.216
57.573
35.878
48.63
66.137
57.628
52.496
56.613
51.343
40.933
31.084
1.2089
2.676
3.6827
3.9148
5.3038
5.5023
4.1549
3.311
4.5009
3.3939
1.0732
3.9117
4.2518
4.044
2.8858
24.583
-4.7394
9.1164
7.5383
12.72
-4.0947
-13.874
-16.553
-11.359
-9.6831
-9.8046
-10.673
-10.26
-10.142
-5.8672
-6.2123
-1.4442
1.9163
3.0385
2.3339
0.86517
5.0039
6.469
5.087
4.5163
5.7151
8.4539
8.5135
6.2982
6.91
6.585
5.5176
6.9215
7.2671
-6.1038
2.903
7.5327
8.7907
7.2347
3.9191
3.4886
5.8297
8.2992
10.022
13.444
16.651
19.262
61.726
56.468
58.864
53.903
44.552
44.187
49.14
54.152
65.654
54.661
56.554
50.667
38.33
42.101
48.272
42.622
28.345
6.0194
3.8388
-1.3368
-1.0757
0.99718
0.81525
6.0376
5.6713
5.0702
5.3382
2.1689
0.98812
3.023
3.2228
4.8845
8.0045
2.2037
3.6635
37.154
20.694
40.082
35.251
22.765
26.811
42.146
36.846
21.107
14.862
56.956
63.362
64.48
64.622
59.754
72.969
64.554
53
15.003
10.369
1.5206
14.134
23.347
3.195
2.2433
1.0125
0.79076
3.0486
1.7745
3.7111
1.9127
2.148
2.4027
2.1247
1.8572
1.5365
2.8686
0.79259
3.6405
4.0704
2.3419
2.6683
60.944
43.902
19.047
22.968
7.5456
7.6707
10.656
1.8106
-5.6045
-6.7191
-8.1483
-9.9634
-9.3525
-9.273
-7.5338
-4.9615
-2.1867
-1.566
-4.7784
-7.4894
-5.7884
-3.5339
-5.5219
-6.1387
-7.6234
-7.063
-4.5753
-5.2696
-4.7476
-5.1094
-4.1848
-3.8457
-2.5325
-3.7373
-4.2977
0.89636
0.4375
0.39263
-0.45033
-2.3144
-1.3982
-0.75976
-0.52626
-3.5103
-3.4876
-3.1791
-2.6663
-1.7068
-1.6103
-1.6512
-2.3505
-2.4988
-2.1388
-1.1784
-1.8968
-1.9338
-2.2476
-2.0217
-1.6285
-1.7263
-1.6107
-1.4227
-1.7977
-1.6699
-1.1307
-0.074358
0.54187
1.1155
0.36313
-1.179
-1.6087
-1.5096
-1.0512
-1.5365
-0.15221
-0.70713
-1.512
-1.6105
-1.8724
-1.4237
-1.1344
-1.1893
-1.2971
-1.9992
-2.5101
-1.8903
-1.9281
-1.7395
-1.4962
-1.2557
0.5807
0.30234
0.25206
1.4648
1.2059
1.557
0.46363
0.58847
-0.65991
-1.2664
-0.70838
-3.2933
-3.9923
-4.2082
-4.6009
-4.4726
-4.4175
-4.7469
-4.8743
-2.2269
-0.93304
-1.0089
-0.55966
-1.1837
-1.6195
-1.4126
-1.9563
-1.3839
-0.40144
-0.38661
-2.0317
-2.0209
-1.4028
-1.111
-1.5552
-1.7408
-1.5179
-1.7689
-1.8274
-1.1229
-0.41642
-0.17259
-1.4999
0.4071
0.78091
-0.63165
-0.9558
-0.75158
-0.023686
-1.1307
-1.356
-0.58071
-1.219
-0.92444
-0.95538
-0.34687
-1.4074
-0.31106
0.40953
1.5742
1.4802
0.56255
-0.30474
-0.53628
-0.10222
0.13351
-0.3619
-0.72321
0.23439
0.35863
0.72096
-0.6966
-0.0029385
0.78282
0.6457
0.57481
0.28118
2.3304
1.7001
1.0763
0.65673
0.39235
0.026278
-0.56098
-0.78321
-0.28588
-0.65602
-1.4587
-0.67489
0.50469
-0.25607
0.19131
0.98617
1.0787
0.47918
-0.0026527
0.18446
2.019
2.0067
2.3804
2.282
1.9796
0.92863
1.1694
0.48656
-0.025524
0.20149
0.68559
0.69985
-0.19209
-0.51011
0.07144
-0.85533
-0.047927
0.60049
1.0133
0.67062
0.93983
1.5233
0.90465
1.443
0.46881
0.5955
0.79327
0.46582
-1.655
-1.563
-0.47214
0.13532
0.54205
0.5795
0.011952
0.11984
0.032512
0.24705
0.49685
0.73107
0.49146
0.74054
0.92367
0.83706
0.43434
1.3642
0.88009
-0.049672
1.0228
1.2124
0.8215
0.83598
0.49624
-0.19946
0.34833
-0.22679
0.18754
-0.64829
0.81774
0.53564
0.51548
0.49656
-0.64758
-1.5018
-1.481
-1.2946
-1.0052
-0.21282
-0.024907
-0.65574
-0.93705
-0.82379
-1.3442
-1.5403
-2.4601
-1.8145
-1.6914
-2.1909
-1.142
-0.98425
-1.1951
-0.59358
-1.0274
-0.88266
-1.1649
-1.1523
-0.89801
-1.0529
-1.353
-0.31536
-0.99628
-1.9705
-2.1266
-2.0348
-1.2909
-1.0607
-0.413
-0.010638
0.19365
0.28986
-0.24138
-0.63245
-0.26656
-0.23209
0.0088633
-0.41711
-1.0321
-1.211
-1.2808
-1.0598
-0.84179
-0.50777
0.20498
0.17424
1.5389
0.42561
0.50852
0.54554
-0.032896
-0.18493
0.10706
0.60528
-0.13642
0.2402
-0.33843
0.2329
0.207
-0.84403
-1.2562
-1.7102
-1.4011
-1.269
-2.4157
-2.9152
-2.1625
-2.3693
-1.8046
-2.0823
-2.3304
-2.1179
-2.023
-2.9247
-2.2872
-1.3165
-1.3842
-1.6814
-1.8857
-2.0766
-2.5054
-1.8443
-1.4227
-0.93138
-1.1162
-0.63923
-0.61007
-0.76562
-1.2486
-1.2524
-1.2913
-0.20792
-0.87902
-0.96912
-1.1296
1.1214
4.3021
11.802
13.976
14.339
15.42
22.605
-3.9734
-2.659
45.514
64.764
75.548
78.889
72.752
60.052
4.8225
8.1547
13.52
18.12
22.577
25.362
15.386
8.8088
8.7788
7.0882
20.556
25.197
23.6
7.4674
3.0866
2.3754
0.18773
3.1692
4.0406
5.2474
5.6584
3.8832
5.6507
3.3734
4.7075
3.3549
6.1851
1.8375
6.0236
4.4666
-27.867
6.4194
-0.85971
-5.1919
-0.92409
-0.75598
22.797
54.31
52.989
40.688
37.668
40.201
36.089
33.243
31.135
48.338
43.943
40.066
33.795
10.187
21.733
30.015
10.625
10.59
16.202
14.672
14.25
17.231
17.303
21.779
22.143
26.588
28.456
33.197
29.95
27.527
29.962
28.196
28.26
26.403
26.394
24.394
21.593
24.247
27.811
26.039
26.333
24.891
15.514
24.582
6.106
2.4563
1.6001
1.7403
4.6557
6.9445
6.919
5.7979
6.5623
6.7784
5.1534
6.0561
2.9313
7.858
1.3351
6.5099
6.495
6.6351
-69.372
3.1524
0.68655
19.635
17.852
6.6463
8.7637
18.672
134.67
138.66
131.26
105.18
76.316
59.118
89.685
93.464
94.128
92.036
84.23
78.947
80.934
75.737
71.923
67.173
20.167
12.418
43.608
32.225
36.092
13.554
0.63644
4.4196
3.5836
4.1431
3.1684
5.0063
6.096
6.6534
5.1693
5.2042
5.0016
5.3781
8.5631
-0.58005
5.1465
42.319
17.993
32.114
70.419
67.988
56.847
36.185
32.122
36.446
62.145
129.3
128.63
126.3
107.94
93.429
85.275
80.453
111.3
112.91
111.52
102.19
93.753
83.881
81.377
83.166
85.427
64.408
34.757
28.816
12.544
15.435
15.335
2.3099
2.3251
1.5389
-0.90179
1.9474
3.8506
4.9418
3.8757
2.8863
2.9392
4.6087
3.257
3.0448
2.8758
7.8357
-0.77761
3.6513
24.552
-31.618
-5.8677
23.087
37.822
13.687
24.102
39.691
56.298
74.683
72.682
96.475
110.54
93.107
85.958
77.307
67.229
104.22
103.77
113.39
111.44
97.937
90.158
71.89
64.346
73.709
59.218
34.518
40.749
23.205
40.913
35.774
35.676
1.0621
-0.71948
0.48583
3.3316
4.313
5.4731
4.8628
3.912
5.4023
4.1724
3.5373
5.7952
6.8982
10.859
0.041625
3.7969
9.5994
4.6126
-2.8324
8.7888
16.615
16.495
11.013
3.0943
20.917
42.965
48.499
69.902
55.08
41.872
36.182
36.251
38.864
43.19
38.296
27.385
15.24
7.9089
17.577
10.177
13.289
5.7742
15.199
11.469
14.407
20.211
15.814
12.524
10.994
11.368
22.152
21.213
21.609
20.971
23.383
24.252
23.981
23.561
23.361
22.804
21.442
20.855
22.02
23.948
24.058
24.766
23.953
24.073
24.773
24.336
23.756
20.234
20.422
20.533
20.656
21.112
21.033
22.468
22.429
22.289
20.682
21.1
19.151
19.644
20.409
20.696
20.72
21.54
21.146
21.357
22.478
22.923
21.818
21.467
21.498
21.062
19.939
20.095
20.572
19.717
20.57
20.377
20.368
19.893
20.328
21.038
20.96
21.412
19.884
19.643
19.924
19.827
19.451
20.168
19.898
20.677
20.518
20.788
20.198
18.447
19.172
19.677
19.085
19.262
20.829
21.418
21.897
22.07
21.542
20.786
20.737
20.435
19.956
18.69
19.11
18.565
18.669
18.787
18.458
18.089
18.093
18.324
19.068
18.511
18.166
18.866
18.965
18.324
18.684
19.34
19.204
19.729
19.868
20.497
19.275
20.431
19.992
18.925
18.925
19.228
18.688
19.122
18.968
19.469
19.747
19.547
19.761
19.156
18.832
19.228
19.175
19.721
19.076
18.787
18.547
18.403
20.081
24.165
18.996
19.453
18.093
12.837
14.276
15.454
5.5021
4.8204
5.4807
5.71
1.9844
1.5955
2.7955
4.46
3.81
3.9746
5.4751
3.7152
3.3869
1.903
0.43839
3.4062
1.8347
2.8922
3.8063
3.6888
22.052
24.782
16.974
19.017
26.058
8.2997
-7.0539
-22.73
-14.231
-33.798
-35.58
-26.17
-13.446
-15.592
-59.019
-70.484
-71.565
-63.389
-51.036
-46.412
-42.736
8.0706
30.833
18.164
33.318
43.915
36.651
12.716
11.344
7.1888
6.1768
3.4211
2.8458
5.2517
2.8918
6.2186
6.3011
5.6491
6.3746
3.1697
0.40293
5.129
1.629
3.4806
-2.786
-5.0642
-16.031
-20.945
-17.585
-21.47
-18.67
-20.911
-29.91
-27.821
-26.433
-25.07
-25.001
-24.409
-29.237
-31.481
-29.857
-24.427
-24.661
-25.168
-24.598
-24.134
-21.953
-22.281
-21.842
-18.806
-18.186
-19.094
-19.316
-20.123
-20.309
-19.13
-19.03
-19.377
-19.498
-20.948
-21.807
-21.099
-21.266
-22.361
-22.87
-20.951
-19.18
-19.339
-19.856
-21.182
-20.25
-20.148
-20.679
-20.594
-21.266
-24.367
-23.649
-29.355
-31.253
-25.449
-16.625
-55.552
-53.024
-51.627
-18.814
14.988
27.612
0.024755
-20.099
-28.362
-36.714
-46.72
-25.253
-18.051
-17.561
-22.993
-23.435
-39.075
-37.195
-20.496
-15.753
-15.009
-5.0833
-4.1387
22.926
34.404
9.528
4.9919
-0.67127
3.6032
-0.1762
-0.6857
0.61337
1.591
3.7722
3.0445
1.1555
3.8483
-0.017689
0.69934
3.3422
0.9074
2.279
2.9079
-19.235
-27.875
-31.194
-13.688
-17.249
-32.389
-41.886
-57.3
-55.948
-29.683
-3.4968
5.5507
11.986
11.989
-10.268
-59.605
-65.009
-50.767
-32.812
-37.022
-42.256
-29.497
-23.667
-12.744
5.6628
22.326
3.4847
-6.6253
13.881
30.806
25.505
7.3916
5.2447
3.064
-3.7504
2.4906
-2.1845
2.012
3.8525
3.1666
4.8219
-1.7522
0.89471
0.12334
-0.24717
84.788
2.9379
10.466
-15.179
-0.32641
17.802
16.136
-11.742
15.449
16.539
15.88
-18.274
-11.509
14.703
20.407
50.009
13.189
1.922
-3.9201
-12.533
-1.7161
6.4221
13.955
47.384
59.127
43.527
40.908
40.899
41.437
41.868
9.6769
6.2002
5.5943
5.9157
-2.0852
-0.80655
0.80143
0.43231
5.2327
5.1327
4.9062
2.2646
3.8576
3.6995
1.4689
6.4956
3.2433
5.5688
-14.752
-13.112
-20.358
-5.9821
-6.1298
1.3301
3.0517
-2.7638
-5.7569
-4.0122
-6.6992
-11.058
-12.783
-15.419
-16.527
-14.496
-11.174
-11.746
-12.01
-11.646
-11.756
-11.451
-8.8881
-10.165
-11.816
-12.172
-10.681
-9.4163
-10.001
-8.5266
-8.4214
-9.4471
-10.167
-11.548
-11.571
-10.487
-12.311
-13.841
-13.234
-11.249
-10.583
-10.73
-11.138
-11.03
-11.439
-11.345
-10.986
-10.496
-9.4797
-11.127
-13.292
-12.325
-11.134
-10.732
-13.124
-12.828
-12.385
-11.35
-11.054
-11.399
-10.872
-10.896
-10.282
-10.677
-9.5112
-10.465
-10.871
-10.4
-10.776
-10.299
-10.142
-9.695
-9.4968
-7.8915
-8.4316
-9.2071
-9.3751
-10.271
-11.614
-10.55
-11.478
-12.311
-12.852
-12.175
-12.268
-12.146
-11.824
-10.033
-9.0544
-9.3807
-9.634
-9.6611
-10.061
-9.1045
-9.4926
-10.123
-9.3456
-9.7707
-10.318
-9.5535
-10.001
-9.7128
-9.0932
-9.9967
-9.0417
-9.7715
-9.7121
-9.5368
-8.7705
-8.9678
-9.9424
-10.517
-8.9701
-8.9351
-8.6799
-8.8417
-9.0468
-9.3482
-9.0087
-9.9374
-10.229
-9.808
-9.3818
-9.3832
-9.6174
-8.9252
-9.698
-8.9
-9.6062
-9.7679
-10.109
-9.4522
-9.987
-9.1868
-9.5776
-9.8803
-10.546
-9.8502
-10.618
-10.417
-9.8786
-10.209
-11.369
-11.466
-10.649
-11.578
-12.452
-12.697
-11.655
-12.659
-12.46
-11.859
-12.258
-11.913
-11.844
-11.518
-10.985
-10.705
-9.504
-9.781
-8.8141
-9.4633
-10.212
-9.3005
-9.1159
-8.6101
-9.2967
-9.3095
-9.4749
-8.7669
-8.0507
-8.7135
-7.9342
-8.6849
-9.3
-10.29
-9.5099
-9.04
-8.2236
-7.9885
-7.7471
-7.3108
-7.0088
-6.2633
-5.8733
-6.8712
-7.6264
-7.9979
-7.7154
-7.3841
-7.3309
-7.4465
-6.7555
-6.624
-6.6251
-6.7544
-7.3657
-6.5802
-6.5095
-7.5156
-6.9126
-7.5141
-8.6127
-7.7431
-7.7115
-7.3981
-6.4633
-7.4018
-6.7679
-7.7795
-7.8389
-8.3708
-7.8626
-8.3684
-9.2242
-9.4385
-9.1002
-8.716
-8.531
-8.9213
-9.666
-9.1364
-8.9953
-0.4649
0.26966
6.2536
11.765
12.4
14.69
14.321
27.402
59.499
78.578
80.185
96.421
72.155
54.086
40.418
40.067
42.529
38.024
37.343
35.276
32.362
39.846
43.973
54.461
70.511
47.139
57.898
75.396
65.539
70.7
65.243
62.153
39.206
7.5884
6.151
5.2012
3.9714
1.4676
4.5657
4.1088
6.5442
7.1032
4.1412
3.4415
3.8476
6.8211
4.4916
4.7792
7.7365
5.518
78.604
31.46
19.768
41.406
40.452
40.487
26.783
18.727
24.063
16.608
11.565
12.139
6.2026
13.628
13.169
11.723
14.592
21.641
20.387
20.066
22.977
31.791
30.539
28.901
30.02
29.98
28.204
26.158
25.368
25.516
23.869
23.078
21.278
21.962
23.126
20.314
20.262
20.524
19.448
18.295
12.297
13.987
15.694
16.492
16.51
21.207
21.44
23.306
27.287
31.641
32.23
29.232
27.31
27.653
28.421
27.232
24.732
25.019
21.669
19.871
22.351
24.211
23.146
19.321
20.585
20.288
19.83
21.268
26.242
25.41
25.223
22.963
24.935
24.08
25.123
24.143
22.943
22.12
20.651
21.202
22.378
21.349
21.773
21.703
21.256
20.864
22.766
22.626
22.147
22.015
21.165
22.177
21.943
21.219
21.842
22.262
21.793
22.297
21.518
21.964
22.726
21.02
21.789
22.179
22.334
23.106
23.573
23.554
22.773
22.657
24.002
23.288
22.684
22.32
22.543
21.994
22.252
21.772
22.038
21.029
20.837
21.023
20.996
21.725
21.635
21.857
21.6
22.908
22.551
23.553
22.424
22.586
21.763
21.675
20.998
20.014
18.925
18.979
19.796
18.942
19.25
19.254
19.728
18.996
18.934
19.583
20.182
20.441
20.178
20.881
22.471
22.125
22.789
21.93
22.53
22.669
22.833
23.017
22.639
22.905
23.082
22.488
22.281
22.467
22.32
22.31
22.871
22.142
22.174
22.956
22.313
23.246
23.151
22.69
22.317
21.308
20.705
20.137
20.072
19.711
19.767
19.081
19.431
20.25
19.866
20.042
21.389
21.407
21.17
21.885
22.021
21.742
21.306
21.08
21.197
20.456
24.718
23.871
25.421
30.327
32.795
24.95
28.033
28.094
31.48
38.394
40.713
30.439
23.66
82.703
82.074
74.36
65.109
71.709
79.87
79.497
81.065
70.507
66.083
74.411
73.909
74.127
79.602
82.547
92.217
5.4124
4.329
2.4148
1.339
2.3763
3.7021
5.95
6.1771
6.9782
4.2913
3.3221
2.2238
7.6875
-0.53635
4.0964
16.444
4.8984
6.408
-18.821
20.43
5.8031
2.2313
22.901
52.696
29.947
46.118
54.417
65.103
73.789
43.343
43.396
41.826
32.411
48.65
54.499
58.35
47.859
37.494
32.672
30.318
34.685
29.368
22.418
19.496
29.417
14.057
1.2244
0.58723
19.878
10.267
10.906
16.787
-5.483
-4.1963
-3.9972
-2.1272
4.5312
7.8377
7.9156
6.3115
7.7365
11.395
9.5029
11.198
12.962
13.669
14.091
13.193
13.956
13.532
11.313
11.5
10.352
9.3639
9.9119
10.05
9.2251
9.9267
9.7571
11.025
10.97
11.66
11.252
10.514
11.187
10.974
11.065
10.744
10.186
10.145
10.424
11.034
10.409
10.589
11.299
10.88
10.991
11.493
12.267
12.021
11.844
11.457
10.8
10.679
11.169
10.911
10.347
10.474
9.9627
9.9883
11.745
10.501
9.7004
10.199
9.9923
11.638
11.365
11.424
11.748
12.189
10.925
11.493
11.25
11.774
12.161
11.796
10.829
10.12
9.8033
10.685
10.239
10.064
10.039
9.619
10.869
11.39
11.125
11.246
11.411
10.862
10.895
10.87
10.214
10.115
10.02
9.9215
10.202
10.11
10.164
10.565
9.5618
10.513
9.8114
9.164
9.4458
10.657
11.574
11.499
11.747
11.412
11.195
11.343
11.639
11.89
11.54
11.887
11.321
11.827
12.195
11.967
11.899
12.554
12.284
12.719
12.138
12.579
12.362
12.236
12.189
12.646
12.87
12.607
11.743
11.807
11.784
12.061
12.181
11.686
10.933
11.622
11.227
15.244
19.889
16.397
-2.9007
-7.0899
-7.0925
8.0556
13.832
4.9767
3.961
5.0226
3.3455
2.17
2.1483
4.333
4.3587
4.1461
3.5429
2.0991
3.4578
2.1032
2.6805
13.862
92.721
-2.9897
9.034
0.29142
8.3648
-8.5679
8.3801
21.485
46.763
34.005
2.9738
29.271
37.633
36.713
39.494
48.539
-49.794
-52.523
-56.732
-58.405
0.036282
-2.7231
0.74246
2.912
1.0472
20.927
22.747
21.715
19.127
24.748
0.022475
1.3378
0.13334
-0.8361
-3.7821
-1.5905
-3.0558
-3.2787
-4.7719
-2.6411
-2.1981
-17.858
-10.186
-38.198
0.4555
22.392
77.543
69.001
103.31
79.9
62.492
48.111
33.98
-12.206
-20.075
-13.656
-9.6124
-7.6563
-3.2992
1.6507
5.7514
12.983
-25.219
-48.89
-60.636
-83.82
-68.743
-44.484
-43.545
-30.742
-24.138
-20.11
-32.747
-54.592
-51.77
-45.099
-34.149
-24.1
5.768
6.3321
8.9571
6.3632
6.9763
9.6134
7.7784
11.204
9.4037
7.3758
6.2855
7.1817
6.8824
5.6922
6.8194
4.6333
7.0525
4.4191
5.2259
3.6047
3.6951
3.9272
3.3855
2.6191
1.9022
1.3729
0.25067
-0.28627
0.3534
0.055982
-1.2694
-1.9513
-2.4493
-2.369
-2.3224
-3.7345
-4.2455
-5.1825
-5.4175
-6.3174
-5.2351
-6.0173
-7.1875
-7.8141
-7.7494
-8.1021
-8.6144
-8.8447
-8.7132
-9.6829
-9.4949
-10.253
-10.328
-10.444
-10.129
-10.794
-11.274
-11.471
-11.829
-9.3674
-8.9498
-8.3739
-8.7302
-8.4926
-8.7023
-8.0963
-8.1302
-7.8684
-8.6083
-8.7387
-7.875
-8.6819
-9.6432
-9.9484
-10.648
-5.7507
-6.1119
-7.7592
-8.2175
-6.8647
-6.6779
-5.8684
-5.2449
-5.4336
-4.5315
-3.0905
-3.3175
-2.7361
-2.6306
-3.8999
-2.7168
-2.6755
-1.3452
-0.57226
-0.87122
-0.85608
-0.80214
-0.40002
0.81141
1.6217
1.874
2.4228
2.6162
2.435
2.5401
3.4424
4.0125
4.594
4.5556
5.1826
6.1867
6.0103
6.6523
7.2233
7.1373
7.7185
8.2921
8.7427
8.0661
8.4243
9.2416
8.7554
9.4234
9.0896
9.9343
10.034
9.3201
9.5602
9.452
9.6294
9.775
9.886
9.6628
9.9146
10.199
9.7513
9.7944
9.565
9.6288
10.191
10.568
10.145
9.4992
8.9491
9.3181
9.3243
8.4446
8.3533
8.5209
7.3845
7.6372
7.2172
7.2877
6.6434
6.5359
