7.2446
7.5392
7.2272
8.2875
8.1224
7.9223
7.2744
7.2426
6.6814
7.5024
7.1843
6.7445
7.152
6.3944
7.6716
7.4182
7.5208
7.4352
8.1631
6.9734
7.1269
7.4004
7.2397
7.2252
7.1177
7.2213
8.1601
7.9438
8.1419
8.5518
8.4483
8.0377
8.5072
8.0737
7.5685
7.7115
7.2977
7.611
7.7776
8.3091
8.2229
8.7864
9.1591
7.3522
8.2631
8.0146
7.4814
7.2939
7.3581
7.1216
7.7956
8.2423
7.6229
8.8403
7.9273
8.1631
7.4861
7.9129
8.218
8.5683
9.2722
8.5957
7.9222
8.0426
8.0448
8.1734
8.2318
8.1177
7.9312
7.6025
7.8801
8.1176
7.8617
8.1157
8.5078
7.9428
7.456
8.2596
8.1753
8.2612
8.9873
9.1481
9.342
8.9816
9.2248
8.5147
8.7732
8.8163
8.8737
8.8804
9.087
8.9859
9.2216
9.0395
8.2054
8.2541
8.9122
8.2376
8.7389
7.9899
7.6186
8.1238
7.8795
8.5122
8.6561
8.1367
8.5525
7.7469
8.0365
8.2578
8.0468
7.9738
8.407
8.3196
8.0441
8.7355
8.5947
8.8152
8.9359
8.352
7.5833
8.0766
8.1613
8.5369
7.622
8.1351
8.3526
7.3544
8.1507
8.1816
8.1849
8.7059
8.3132
8.3786
8.1953
8.2931
8.5966
8.2946
8.3999
7.9808
8.1163
8.299
8.4344
8.5408
9.0736
9.1499
8.3495
8.2269
9.1951
8.9995
9.1503
8.91
8.3662
8.2373
8.2508
8.3372
8.4238
8.3381
8.2046
8.17
7.7704
8.5342
8.7375
9.0836
9.4975
9.1544
9.3767
9.3847
9.4713
9.0821
8.916
9.0241
8.9256
9.5716
9.2211
9.0303
8.9535
8.5481
8.4723
8.4915
8.2603
7.792
8.0074
8.0318
7.42
7.6373
7.1913
7.3786
6.6288
6.4827
5.4754
5.8449
5.8906
5.8261
6.6206
6.8833
7.3002
6.6158
7.0637
6.977
7.7834
8.0936
7.8085
8.3253
8.308
8.4817
8.1699
8.1654
7.9538
7.5838
8.5444
7.8788
7.938
8.1617
8.0468
8.8963
8.361
8.4612
9.3353
9.092
9.0961
9.7539
9.3492
8.7361
8.2787
8.1962
7.7998
8.6637
7.9518
7.7297
7.4847
8.1081
7.7234
7.7105
7.8423
7.5046
7.7684
7.9906
7.9612
7.5499
7.9514
7.5158
8.2093
8.1406
7.4089
8.1662
7.4461
6.9087
7.5218
7.4467
7.8385
6.6657
6.8138
7.6675
8.1828
7.5804
7.7589
8.0267
8.4257
8.984
8.2002
8.4554
9.0792
9.1413
9.0271
9.1922
9.2683
8.8005
8.929
8.9215
8.8162
8.6313
8.4936
8.485
8.6618
8.3998
8.3873
8.3661
8.4098
8.0812
7.5234
7.836
7.4076
8.2713
8.8088
8.9663
8.5262
9.0347
9.0631
8.3888
8.5273
9.0023
8.4943
8.3742
8.4804
8.1066
7.1455
7.5976
6.9898
7.5103
7.6207
8.2915
8.1472
8.4932
8.2386
8.3136
8.3894
8.4801
8.2585
8.9621
8.1392
7.892
7.9091
7.7751
7.1567
6.6864
7.1298
6.7482
6.9882
6.8792
6.3773
6.9552
6.4932
6.8014
6.6135
6.3587
6.0483
6.3104
6.7793
6.6413
7.0445
6.6911
6.7461
6.5421
6.5352
6.9386
6.9711
7.802
8.4801
8.1216
7.8161
7.4178
7.6868
8.5544
8.0314
8.0312
7.1139
6.9896
8.4265
7.4607
7.6699
7.449
7.2733
7.3915
7.4724
7.7674
7.2303
7.5563
7.7942
6.9242
7.5618
8.2189
7.2182
7.6567
7.9595
7.6492
8.1963
9.1084
8.1161
8.193
8.0611
8.0992
7.6886
8.129
8.6977
8.8937
9.3449
9.2718
9.7733
9.386
9.374
8.5433
8.95
8.632
8.9124
8.9209
9.4661
9.5044
9.9607
10.024
8.8707
8.6321
8.2783
8.0845
8.4313
8.5062
8.8526
8.6243
8.6745
8.8392
8.492
8.8982
8.9016
9.6001
8.9172
8.4912
8.1872
8.1513
8.0816
8.3698
7.9648
7.9841
8.8956
8.6574
8.3298
8.5522
8.0689
7.8767
7.9547
7.5341
7.9489
7.4495
8.0461
7.6535
7.6036
7.8112
8.0445
7.8602
8.9596
8.6635
8.4576
8.6774
8.3041
8.7554
8.4582
8.2693
8.1216
8.1935
8.464
8.1102
8.2075
8.1298
8.4208
7.8872
7.455
8.4419
8.0917
8.4698
7.6519
7.5816
7.8106
7.2829
7.7146
7.3018
8.8418
8.2521
8.3267
8.763
8.696
9.4509
8.4175
8.2122
7.4932
7.2
6.7508
7.6817
7.2317
7.6317
7.4795
8.5417
8.189
8.5805
7.9611
8.4321
8.0288
7.6617
7.6432
7.7177
7.8713
8.3639
8.0538
7.8638
8.4176
8.6434
8.0242
8.1631
8.2099
8.7137
8.1684
7.8542
8.5063
8.6349
8.2592
9.1184
9.3887
8.5456
8.9822
9.2683
9.1699
9.0661
8.7564
8.2907
8.0131
7.4955
7.1254
7.5054
7.8511
7.0349
7.1543
7.2152
7.8469
7.9552
7.6473
7.3912
7.5778
7.7319
7.8872
7.9681
8.0269
8.3204
8.0377
8.1468
8.0254
7.1723
8.0026
7.7461
8.3121
8.4364
7.6714
8.1782
8.2688
7.9659
7.6585
8.6128
8.3446
8.0198
7.4509
7.5296
7.3959
7.7783
7.4872
7.2228
7.5792
7.5167
7.2489
6.9527
7.5535
7.5258
8.2094
7.7002
7.5755
8.0653
7.6388
7.9966
8.3689
8.6494
8.3907
8.4456
8.3087
7.5352
7.4085
7.4589
7.1158
6.7148
7.0183
6.8761
7.1443
7.0085
6.821
6.538
6.4321
6.1439
6.1073
5.9658
5.7408
6.1616
6.4625
6.7092
6.4726
6.661
6.8434
7.1078
6.7859
6.9618
7.4006
7.5381
7.5512
7.4091
8.181
7.6105
8.0135
8.8468
8.701
8.4981
9.2092
9.4541
9.578
9.332
9.8013
9.4385
9.3959
9.4742
9.0438
9.6352
8.6698
7.6391
6.7692
8.1982
7.6405
7.8445
7.5264
7.075
7.0367
7.5313
7.4472
7.1889
6.5339
6.8067
6.8807
7.2445
7.4378
7.6357
7.8161
7.631
7.3509
7.4609
7.6242
7.5348
7.1126
7.5661
7.4109
7.4887
7.4182
7.3188
7.7569
7.8067
7.8421
8.2907
8.3565
8.4634
8.1536
7.1229
7.8425
7.6223
7.4559
7.8909
7.6753
8.3568
7.7364
8.5406
7.9421
7.7604
8.109
8.1314
7.6091
8.3366
8.5855
8.412
7.8571
8.4361
8.4486
7.8716
8.1113
8.0791
7.6042
7.4342
7.6665
7.9253
8.4626
7.9008
7.497
8.0922
7.724
7.786
7.601
7.6354
7.5989
7.6295
7.7543
7.606
7.8538
8.0319
7.6996
7.6794
7.8082
7.6212
6.9056
7.5286
6.914
6.9916
7.2801
7.0094
7.447
7.873
8.0453
7.741
7.5158
7.5219
7.1839
7.9395
7.6965
7.8301
7.5992
8.4679
8.693
7.5207
7.5239
7.7446
7.738
8.0127
6.884
7.4065
7.4527
7.4134
7.5947
7.4225
7.3465
7.659
8.4606
7.7859
6.8882
6.5634
6.5415
6.9149
6.9047
6.7884
7.7658
8.1313
8.132
8.5771
8.6061
8.0297
8.3153
8.4607
7.8223
8.0056
7.4727
8.0814
8.1137
8.7044
9.1152
8.819
9.4578
9.8112
9.0997
9.649
9.3186
9.8781
9.1849
8.6193
8.0498
8.1678
7.2587
7.3644
7.8446
7.569
8.1957
7.6614
8.3547
8.6472
7.9413
7.5511
7.2419
7.4635
7.9005
8.0697
7.957
7.7986
7.2726
7.2815
7.6949
7.8097
8.1262
7.9687
7.9729
7.3725
7.1564
6.8765
7.1222
6.8076
7
7.7188
8.3437
7.5598
8.2198
8.2752
8.3381
8.3642
7.9972
7.5929
7.7261
7.5089
8.3864
7.5412
7.1656
7.1125
6.844
6.2753
6.6062
7.1503
6.8463
7.061
6.8971
7.0912
7.1301
7.9007
7.0245
6.8757
6.8926
7.0425
7.048
7.1615
8.2267
7.7354
7.0415
6.4287
7.7174
7.3539
7.1302
7.3853
7.0187
6.9438
6.9087
7.095
8.5983
8.5872
8.0484
8.7437
7.8102
7.9586
7.0733
7.1486
7.9029
8.2961
8.1811
7.5853
7.6917
6.8578
7.5064
7.0727
7.0078
7.7978
7.3693
7.7596
7.1859
7.6084
7.1864
7.5563
8.1599
7.3221
8.2468
8.3458
7.4743
7.7056
7.4436
7.3723
7.176
7.1887
7.5823
6.8889
7.5836
7.3663
8.0036
7.6409
8.0039
7.9869
7.6884
7.8574
7.8845
8.1901
8.2814
8.0946
7.4938
7.7274
7.3848
7.6139
7.4875
7.8138
7.8314
7.6088
7.9852
8.4345
8.3635
8.7388
9.1527
9.2024
8.5414
8.8481
8.5862
8.7049
8.0004
7.7982
7.9533
8.32
8.8381
8.0812
8.1015
9.0591
8.0106
8.6319
7.8034
7.7977
8.0517
7.7552
8.8727
7.5491
7.9884
9.1278
8.5195
8.2547
8.2493
7.6147
8.5584
8.5984
7.9676
8.3383
8.5869
8.2934
8.6414
7.9745
8.8767
8.8465
9.0498
9.2172
8.7227
8.2769
8.8033
8.3442
8.262
9.1028
9.3866
8.2291
8.5534
8.26
8.1682
7.5912
8.2101
7.3593
6.7671
6.8996
7.0207
7.1091
7.5543
6.7145
7.2578
7.0918
6.9765
7.1395
7.3624
6.705
7.3195
7.6545
7.2354
6.7063
6.5907
6.9361
6.4725
7.5602
8.0458
8.3353
8.4452
8.1044
7.5663
7.7178
7.668
7.2694
7.4439
7.6384
7.8563
8.3903
7.9086
8.6917
8.1908
8.2973
7.613
8.493
8.0007
7.8268
7.5114
7.9005
7.564
7.7614
7.008
7.3911
6.7234
7.1753
7.0445
7.8995
8.1435
8.3055
8.4069
8.7726
8.3385
8.044
8.2773
8.5292
8.0621
8.5055
9.6857
8.3408
8.7943
8.596
8.9641
8.4094
8.5791
8.2289
7.7976
8.0785
7.6897
7.9649
7.9138
7.5407
7.2202
7.6411
6.8334
6.8372
7.1782
7.9693
7.6941
8.2217
8.1641
8.601
8.5023
11.186
-20.58
-18.396
-13.335
-26.448
-4.9582
-11.487
0.02449
3.2765
2.0359
-2.1566
-4.9849
-3.7989
-1.6668
-3.2964
-3.0236
-2.4421
-2.1021
-0.94728
-11.268
-15.661
-22.686
-6.0166
-5.6581
-8.0696
-16.026
-22.548
-34.147
-46.447
-85.775
-93.103
-77.966
-75.487
-67.547
-49.854
-47.504
-37.945
-12.665
-14.04
32.702
9.4252
-6.8852
-2.2435
5.0941
8.1392
-5.1082
-9.3931
-4.0126
-5.7336
-3.0381
-4.5067
-2.6407
-1.6374
-0.97881
-1.257
-0.62546
-0.5278
-1.7301
-2.4821
-3.3021
-2.8133
-1.3369
-3.5651
-1.6314
7.2566
7.8044
-15.918
-12.394
-10.608
-56.59
-43.529
-32.357
-32.674
-31.973
-22.513
-10.25
-7.8539
-6.9011
-2.1972
0.29793
9.081
3.7575
3.0395
6.2762
6.2234
0.91333
-2.1094
-1.6428
-1.0378
-1.2246
-3.441
-2.186
-0.35152
-1.0569
-2.1846
-1.8182
-2.0018
-1.6395
9.0049
3.3872
2.4417
7.1573
13.592
13.645
6.873
3.0275
3.2429
-4.0145
-14.008
-49.29
-27.628
-53.025
-28.633
-33.703
-41.143
-42.316
-39.569
-32.484
-35.223
-21.758
12.596
14.846
12.745
16.64
-3.3623
-34.779
-14.393
9.7338
1.9213
-1.7351
1.2171
-3.0188
-4.6266
-2.1941
-2.9417
-2.7128
-0.7802
-2.323
-2.0768
-3.1306
-2.8558
-2.6998
-1.5022
1.1937
-2.9657
-0.83969
57.247
-14.38
-37.083
-47.305
-42.092
-12.578
-33.521
-44.611
-42.041
-32.351
-72.128
-49.02
-37.663
-27.745
-28.154
-8.2549
7.8825
14.502
-30.362
22.858
25.817
10.997
2.0442
-2.0869
-2.6
-1.7081
1.0937
-2.9031
-1.0911
-0.7791
-2.4511
-2.5061
-2.0636
-0.61541
-2.9614
-0.69853
0.18111
-2.4475
-2.8522
-1.3399
-2.1656
-1.2689
31.48
-4.204
-25
-44.319
-41.888
-45.605
-42.335
-43.049
-42.91
-40.805
-22.918
-19.219
-16.86
-14.326
-13.823
-13.342
-13.305
-16.488
-16.68
-17.675
-19.042
-19.03
-17.277
-16.544
-16.44
-14.241
-17.726
-16.556
-15.081
-13.72
-13.567
-14.818
-15.091
-12.492
-12.079
-10.6
-11.065
-10.848
-11.369
-12.296
-13.089
-13.497
-11.772
-13.555
-11.76
-11.052
-11.438
-11.729
-11.278
-11.406
-11.754
-11.2
-10.409
-13.95
-14.171
-13.922
-13.037
-12.063
-13.072
-13.522
-10.183
-9.8459
-9.6834
-10.547
-11.203
-11.396
-12.188
-12.947
-15.243
-14.59
-13.194
-12.026
-12.332
-11.32
-11.651
-12.072
-12.121
-11.669
-11.805
-11.71
-11.242
-11.768
-12.023
-12.163
-10.634
-11.193
-10.953
-10.757
-10.461
-11.208
-11.253
-10.684
-11.475
-11.129
-10.133
-9.8263
-9.7755
-8.7925
-9.1104
-8.2988
-8.3581
-10.12
-10.237
-11.317
-11.313
-11.434
-10.944
-11.271
-10.741
-9.9316
-9.8588
-10.708
-11.742
-11.819
-11.211
-11.524
-11.7
-11.228
-11.735
-11.885
-12.033
-12.394
-12.51
-11.89
-13.041
-13.717
-13.437
-13.969
-14.481
-14.346
-13.568
-14.329
-14.459
-14.566
-15.053
-14.88
-14.42
-13.911
-13.084
-14.126
-13.798
-13.18
-12.251
-12.262
-12.255
-12.394
-13.656
-13.121
-12.545
-12.2
-11.74
-12.151
-12.19
-12.809
-13.383
-12.937
-13.277
-14.38
-13.578
-12.912
-13.03
-13.194
-13.541
-13.472
-13.075
-12.51
-12.31
-11.973
-11.89
-13.232
-12.291
-11.966
-11.816
-12.259
-12.016
-12.245
-10.948
-11.876
-12.29
-12.396
-14.004
-14.535
-13.899
-13.838
-14.25
-15.448
-15.264
-13.771
-14.32
-13.663
-14.033
-13.268
-13.308
-13.274
-13.991
-13.639
-13.834
-13.564
-14.17
-14.789
-12.837
-13.645
-13.866
-12.63
-12.886
-12.467
-12.426
-12.99
-12.747
-13.292
-12.497
-12.832
-13.442
-12.891
-12.941
-11.964
-12.956
-11.533
-11.382
-11.145
-11.445
-11.737
-11.678
-12.11
-12.835
-12.673
-12.442
-12.849
-13.903
-12.696
-12.599
-12.41
-12.04
-12.005
-12.963
-12.633
-12.412
-12.292
-12.399
-12.308
-13.813
-12.935
-14.097
-13.07
-13.698
-13.217
-12.736
-12.599
-13.045
-12.618
-13.363
-12.748
-13.386
-13.37
-13.479
-12.678
-12.706
-13.582
-13.361
-13.046
-12.682
-13.002
-12.944
-12.664
-13.801
-12.946
-12.738
-13.758
-13.589
-13.146
-12.75
-12.888
-11.757
-12.333
-12.046
-11.988
-11.919
-12.37
-12.681
-13.236
-13.061
-13.149
-12.993
-12.58
-11.552
-11.202
-11.499
-12.009
-12.232
-12.699
-12.263
-11.815
-11.707
-11.785
-11.49
-10.981
-10.985
-10.405
-10.833
-11.561
-11.423
-12.597
-11.955
-12.468
-12.229
-12.38
-12.543
-12.331
-12.851
-12.723
-12.64
-13.277
-13.24
-12.846
-13.027
-13.514
-13.65
-13.134
-12.282
-11.988
-12.19
-11.537
-11.637
-11.925
-10.395
-10.773
-11.025
-12.146
-12.283
-12.283
-12.95
-12.866
-13.168
-12.916
-13.557
-13.726
-13.94
-13.743
-14.062
-14.03
-13.321
-13.806
-13.616
-13.44
-13.066
-12.873
-13.19
-13.555
-11.411
-11.046
-12.637
-16.569
-1.7178
-1.4656
-10.761
-23.241
-66.159
-55.762
-60.201
-103.53
-103.42
-102.56
-86.961
-52.054
-43.597
-54.711
-46.642
-43.073
-40.891
-33.924
-18.017
-11.925
8.3136
20.34
-7.5312
9.2896
-20.716
-49.237
-41.164
-6.4995
-4.006
-3.9497
1.3766
-3.3256
-5.3802
-5.1854
-6.6276
-3.7905
-1.9226
0.2098
-1.6667
-0.57245
-4.9058
-4.3675
-1.9486
43.689
-63.51
-67.822
-68.599
-51.047
-55.796
-77.964
-89.815
-74.514
-43.765
-14.803
-18.201
-24
-30.289
-31.913
-30.688
-11.644
-5.7361
-0.56054
45.748
30.322
9.5143
29.815
21.28
10.341
11.02
7.0874
0.40017
2.0344
-1.2608
-4.7228
-8.6958
-7.2431
-11.003
-7.4671
-4.3688
-5.0812
-5.1389
-4.0165
-2.5941
-3.1975
0.7119
-14.185
-13.963
-20.794
-21.831
-14.497
-10.838
-13.585
-13.912
0.35204
-0.62787
-2.8952
-4.2484
-4.6874
-0.061823
-0.59496
1.086
2.3013
-1.6188
-2.2011
-2.2309
-3.3434
0.86297
-1.275
2.2629
-0.38239
-2.4272
-62.505
27.136
-39.991
-59.875
-63.064
-52.187
-43.36
-40.719
-36.313
-30.554
-36.981
-54.078
-63.721
-50.863
3.6739
0.53749
-6.6045
-27.985
-40.622
-32.34
8.4832
21.714
16.773
12.536
11.082
9.4338
-16.808
6.7224
6.9973
23.609
11.266
0.20727
-2.3105
-4.9823
-2.9261
-1.7427
-1.5972
-1.3494
-0.51083
-3.1563
-1.6105
-2.2378
-0.14791
-6.2996
-0.57962
28.575
6.5213
11.193
-23.185
-39.945
-55.721
-58.66
-38.508
-33.062
-69.998
-50.282
-39.607
-28.807
-38.976
-44.195
-23.25
-14.145
12.685
6.8912
5.1155
4.553
-3.6712
23.114
21.768
16.396
17.198
-8.5212
-38.574
6.037
13.837
24.14
2.2726
-3.329
-4.0529
-0.91285
0.38768
1.0078
1.9029
-1.1424
-3.6728
-2.0944
-1.6675
-3.061
-3.6576
-0.56971
-1.6014
1.5877
-4.3296
0.83287
40.578
16.515
30.558
2.5298
-16.439
-47.476
-54.765
-87.561
-104.99
-84.318
-48.607
-36.149
-37.121
-44.241
-38.72
-20.407
-16.592
-4.1145
-9.7762
-25.905
-36.655
-24.076
-10.929
-6.976
0.92631
9.1038
2.5033
-16.433
-34.417
9.1578
14.831
-1.5828
-19.464
-1.7973
0.76024
2.048
-1.7254
1.277
-1.8847
-3.352
-1.78
-0.30647
0.57336
-2.2525
-3.3412
-1.7606
2.9362
-4.1482
0.13434
1.7175
-5.385
-5.0001
-40.319
-44.789
-45.72
-118.14
-107.73
-79.082
-73.107
-60.6
-61.649
-66.075
-54.81
-37.36
-11.341
-1.2778
-3.7169
-23.795
-17.37
-0.45012
4.4357
28.286
-7.5482
17.681
35.868
20.859
20.609
21.128
19.99
15.508
12.987
10.761
10.126
-3.2007
-3.9488
-6.9278
-7.4144
-6.3119
-5.4691
-4.8276
-2.1291
1.4575
4.7987
5.5969
5.2074
4.8506
3.6161
2.835
-7.4775
-6.2676
-4.4916
-3.9902
-2.891
-2.2554
7.0667
6.4676
5.5477
5.7229
4.1888
3.4529
-3.0952
-2.9941
-2.7534
-1.1657
-0.38573
5.173
5.6334
5.9485
5.4395
4.8762
1.295
-0.33396
-0.26335
-0.44251
-0.57999
1.016
1.0138
1.2199
1.8369
4.7333
5.6442
5.5314
4.9423
3.8648
4.066
4.0031
-0.3525
-0.2897
0.45085
0.26053
0.87923
0.52844
5.1781
5.3248
4.7393
3.6803
3.6511
3.258
1.6231
2.2619
3.8177
3.5657
4.9687
4.8244
5.6178
4.8126
3.652
2.78
1.4103
1.6489
1.6781
1.2711
1.55
1.9194
1.5827
1.8517
3.2127
3.3016
3.8183
3.4082
3.694
2.987
1.3205
1.7226
1.9631
1.816
1.454
1.7291
3.6313
3.4048
2.3694
2.9451
2.3188
2.4045
1.8064
1.2848
1.2148
1.1686
1.172
1.057
1.1078
1.1402
1.1871
1.384
1.936
0.58348
-0.86929
1.1779
1.1665
1.7206
2.2485
2.7077
3.2834
2.7921
3.1642
1.56
0.71524
1.0248
0.38126
-1.1304
0.51471
-17.379
-17.588
-19.551
-24.062
-23.695
-29.224
0.71637
-2.0666
-4.1815
-2.54
-1.3235
-2.5719
-3.7928
-0.43854
-0.15514
-2.1126
-4.6852
-4.5083
-3.5336
-1.6961
-3.2529
-1.2865
-2.7062
-3.4958
-1.7148
-2.283
-83.371
-91.186
-103.25
-128.17
-158.05
-153.6
-138.25
-52.481
-58.98
-35.556
-29.537
-87.079
-62.079
-48.651
0.20549
-20.05
-40.005
-50.381
-42.5
-48.948
-50.544
57.347
34.133
26.78
23.78
-5.7728
15.864
38.543
0.10432
2.9998
4.7309
-0.52062
-3.7722
-2.5796
0.12738
0.10077
-0.15367
1.7026
1.2553
1.5646
-2.8207
0.68059
-1.9309
0.45418
12.01
-10.68
-24.979
-25.523
-75.176
-72.055
-62.94
-47.313
-38.516
-25.524
-18.548
-23.061
-11.59
-13.748
-11.185
-11.136
-14.179
-14.474
-14.697
-12.73
-11.711
-16.634
-18.644
-19.511
-19.751
-21.796
-23.798
-21.985
-19.214
-20.048
-20.978
-20.49
-19.998
-20.447
-21.484
-21.488
-21.96
-22.807
-23.272
-23.73
-23.046
-22.246
-23.839
-23.972
-23.717
-22.435
-23.31
-23.812
-22.823
-22.517
-22.241
-26.52
-19.231
-20.032
-13.863
-20.587
-24.901
-111.41
-127.22
-112.11
-86.365
-72.623
-76.951
-80.706
-63.601
-52.47
-51.671
-50.87
-27.844
-22.844
-7.1337
-0.90977
-18.147
-5.0176
24.126
37.975
25.549
7.3686
-19.146
-38.634
-28.346
-42.203
-3.9084
2.5584
-2.8865
-5.9999
-3.2054
-0.85508
0.10555
0.27004
-1.5268
-4.6808
-5.7847
-3.1142
-2.7052
-3.2291
-2.9499
-5.1016
-1.0168
-35.453
-40.221
-43.999
-52.148
-144.55
-127.75
-95.328
-107.84
-93.222
-47.225
-31.263
-54.258
-45.977
-34.495
-43.785
-49.052
-22.889
-29.038
-36.664
-39.655
-29.161
-19.82
6.5361
36.073
45.493
19.808
-14.008
-3.5312
12.194
2.652
-12.129
-19.787
0.42906
-3.1633
2.4482
-2.04
-3.7915
-6.9863
-2.1284
-0.96837
-3.3064
-5.46
-4.5964
-4.9126
-3.4607
-3.4719
37.4
-52.25
-43.917
-16.903
-33.593
-70.742
-76.988
-48.111
-99.926
-96.139
-141.19
-108.73
-70.605
-32.703
-30.811
-65.602
-71.623
-54.982
-34.388
-29.342
-23.061
-6.2356
-7.1183
-12.386
10.883
12.718
13.521
15.969
-1.0883
-13.936
0.55006
3.1923
2.5724
-1.2822
-2.0311
-3.813
-5.2316
-0.45649
-1.5863
-3.7239
-2.1322
-1.3702
-1.299
0.30635
-1.3877
1.3518
-2.8157
0.92953
-76.295
-73.793
-57.859
-52.259
-60.986
-50.129
-48.857
-38.8
-42.064
-50.81
-49.552
-39.101
-24.586
-29.944
-26.197
-26.864
-24.587
-30.173
-31.57
-28.87
-28.365
-34.146
-29.418
-26.525
-24.922
-25.464
-27.573
-25.954
-26.102
-28.726
-31.921
-36.397
-36.369
-34.961
-34.616
-37.055
-36.249
-33.107
-31.914
-27.894
-28.722
-28.592
-29.969
-29.37
-28.435
-29.327
-29.231
-29.518
-32.371
-33.891
-32.909
-32.058
-32.063
-32.455
-32.272
-31.122
-31.348
-31.225
-29.584
-28.971
-29.047
-28.741
-28.667
-29.284
-29.369
-33.006
-32.433
-31.855
-31.682
-29.834
-28.736
-27.624
-27.544
-26.325
-27.794
-28.137
-28.314
-30.58
-31.548
-31.687
-31.059
-31.934
-30.732
-31.036
-29.961
-30.775
-29.477
-28.028
-28.757
-29.208
-29.705
-30.351
-29.801
-31.997
-32.323
-32.024
-32.618
-31.65
-31.426
-30.891
-29.314
-29.04
-29.659
-28.764
-29.029
-30.113
-29.533
-30.976
-31.116
-31.369
-31.224
-31.907
-32.165
-32.153
-31.408
-31.677
-31.786
-30.57
-30.946
-31.446
-30.27
-30.025
-30.799
-30.307
-30.544
-30.396
-32.406
-32.851
-32.884
-32.261
-30.872
-30.713
-30.14
-29.502
-29.505
-30.412
-30.439
-29.253
-29.934
-31.207
-31.192
-30.638
-30.296
-31.34
-30.563
-30.973
-29.847
-30.92
-31.068
-30.362
-30.172
-29.499
-29.704
-29.556
-29.608
-29.587
-30.384
-29.717
-30.017
-30.856
-29.838
-29.862
-30.048
-29.672
-29.908
-29.708
-30.649
-30.931
-30.503
-31.137
-31.065
-30.224
-30.432
-30.427
-30.25
-30.378
-29.889
-29.302
-30.049
-30.531
-30.645
-30.093
-30.804
-30.9
-31.41
-30.964
-30.758
-31.372
-31.036
-32.05
-31.506
-31.289
-30.8
-31.237
-31.16
-31.168
-30.761
-30.678
-30.915
-30.982
-31.149
-31.154
-31.357
-31.159
-31.387
-30.417
-29.888
-30.132
-29.957
-30.443
-30.084
-31.188
-31.341
-30.762
-31.305
-31.281
-31.643
-31.679
-31.484
-31.752
-31.749
-31.924
-35.743
-27.604
-26.948
-33.668
-15.281
-14.046
-13.607
-12.143
-72.625
-70.387
-71.634
-73.08
-43.073
-38.729
-28.009
-13.6
-2.1385
6.5177
6.7967
-3.6967
-8.7237
-10.343
-6.9184
18.507
19.653
-23.573
-45.283
10.405
11.446
1.7241
-34.368
-15.781
-27.143
-22.11
-6.2455
-3.68
-3.5914
-2.3245
-1.1519
-2.4419
-4.8448
-5.521
-5.3725
-0.0037514
-3.419
-4.3808
-4.0582
-5.0594
-7.0432
-1.0634
-0.60951
17.229
4.4038
26.253
-14.14
-12.411
-7.6693
-1.0609
4.8591
-0.71194
-0.90001
18.248
35.096
34.388
28.275
40.36
45.391
34.906
33.695
39.498
42.897
37.626
29.628
31.21
31.457
27.401
23.152
22.041
25.317
29.227
28.29
31.417
34.406
34.92
33.223
30.593
33.361
32.826
32.696
31.707
30.498
24.228
22.932
24.627
26.442
28.835
31.121
32.003
32.121
29.751
33.556
32.565
33.812
33.2
32.119
30.272
30.494
27.632
26.386
27.428
28.184
28.922
26.671
28.111
31.644
31.655
30.503
30.629
31.798
30.432
30.403
30.475
29.754
26.589
26.877
26.885
25.885
26.345
27.951
27.738
28.226
28.235
28.184
29.416
28.672
27.517
28.279
26.117
26.158
26.272
27.025
26.704
27.008
27.648
28.813
28.839
27.849
28.816
27.448
26.752
27.366
26.807
24.633
25.886
24.666
24.848
24.941
26.576
26.595
26.484
26.147
25.646
25.864
26.056
26.871
25.839
26.478
27.256
26.037
26.146
26.54
26.391
27.432
27.2
26.622
26.547
27.268
27.157
26.591
27.142
26.507
26.238
26.296
26.441
26.215
26.411
26.62
26.636
25.761
26.112
25.519
25.122
25.19
25.974
26.392
26.689
27.19
27.734
27.701
27.808
27.336
27.727
27.65
27.56
26.591
25.711
25.724
25.881
26.089
26.013
25.553
25.452
26.471
27.079
26.856
26.593
26.471
26.878
26.624
26.445
27.165
26.636
26.983
26.892
26.891
26.319
25.136
25.085
25.625
25.271
25.137
24.648
24.623
24.334
24.723
24.493
24.134
24.739
25.507
26.685
25.784
26.279
27.117
27.001
25.799
26.59
26.502
26.006
28.207
22.304
25.795
23.17
27.148
23.492
23.272
7.4821
-14.533
-35.195
-26.785
-24.016
-71.173
-64.989
-69.914
-96.262
-68.581
-29.535
15.054
43.327
6.5134
1.719
-1.0499
-86.963
-56.094
-10.646
-1.5539
16.462
-2.2576
-2.2886
-2.4542
0.19795
-1.9855
-0.53055
-0.85099
-3.4372
0.57545
0.87257
-0.35331
-1.0471
-0.73833
-5.6186
-3.654
-2.1386
-1.6292
17.619
30.843
42.391
20.745
-16.866
-21.68
-36.123
-26.391
-39.74
-43.907
-46.101
-51.317
-22.25
-10.763
-5.8082
2.1214
4.8995
3.6354
-9.5163
3.4861
10.191
18.039
22.476
22.459
22.619
40.092
12.068
28.168
28.393
21.312
19.552
14.875
18.074
14.703
16.684
0.98962
-2.191
-2.6906
-2.2508
-7.9452
-6.7327
-2.1036
-1.5709
-1.0225
3.6437
4.4325
5.1068
9.0792
8.2521
6.2956
5.2299
-4.9008
-4.0125
-4.1867
-4.9409
-6.5796
-5.3354
-3.4094
-1.2236
6.4104
8.0501
7.0216
6.8458
6.5246
5.0728
4.056
1.8127
-6.3914
-6.4206
-6.3044
-5.3314
-4.0961
-0.020659
1.23
1.7411
2.498
5.7909
4.382
4.1195
3.0766
2.0664
-4.2345
-3.7707
-3.0349
-2.7308
0.67463
1.3855
2.333
2.1734
4.1103
3.8796
3.7433
2.8473
-1.3637
-1.9416
-3.0015
-2.6668
-3.1526
-0.69805
0.64416
1.4872
1.6841
1.7161
2.2821
2.3522
1.1937
0.19486
-1.5372
-1.6902
-1.5219
-1.3541
-0.42581
-0.25922
0.25187
1.1976
1.892
1.6686
2.2006
1.4565
1.5153
0.66828
-2.1308
-2.1588
-2.2354
-2.4793
-1.1772
-0.58836
0.57186
0.50621
0.41069
0.96128
0.87742
0.25238
0.16767
-1.0536
-1.8108
-1.8611
-1.8258
-0.52838
-1.2507
-1.0111
-0.091927
-0.14305
-0.64186
-0.68343
-1.1167
-2.1259
-1.9904
-1.7312
-2.4374
-1.977
-1.1322
-0.024731
-0.62121
-0.53839
-0.24102
0.19395
-0.47894
-1.0581
-1.3246
-1.4681
-0.92239
-2.1074
-1.5562
-1.1682
-0.40602
-1.3541
-0.91703
-0.90919
-0.12677
-0.75406
-2.1721
-2.1826
-5.961
-1.8418
-4.1474
-2.4752
-31.716
-35.407
-40.771
-16.167
-18.467
-1.4156
-4.3531
-3.862
-0.94932
3.6084
2.0122
-0.76923
-0.81396
-4.9655
-3.5847
-0.86121
-1.1658
-3.5763
-1.1889
10.508
45.405
-38.6
5.613
-28.7
-30.856
-22.698
-85.093
-126.39
-126.11
-107.22
-119.36
-122.4
-113.61
-94.932
-85.031
-90.14
-113.18
-104.72
-101.44
-80.12
-1.69
10.448
4.6881
2.0096
1.0846
-44.874
-38.635
-47.227
-51.74
-34.94
-0.11985
3.1798
0.87914
2.9826
2.1474
3.2119
0.4347
3.8809
4.0817
2.9795
0.11515
-107.04
-109.26
-84.466
-80.465
-71.98
-60.132
-57.146
-47.861
-43.346
-36.485
-30.021
-14.565
1.8032
6.8662
2.8368
-0.12214
-3.6938
-10.154
-19.209
-26.492
-46.129
-14.327
-30.235
-53.583
-31.978
-36.13
-7.1079
-0.51109
0.4334
0.24802
1.114
2.66
13.283
15.228
15.345
16.925
17.306
7.6705
-0.93092
-2.9424
-1.7125
-3.0935
-4.7266
-4.5507
-9.1491
-7.3873
-6.9617
-5.5274
-7.2105
-9.5928
-9.1233
-6.596
-10.2
-10.075
-8.2469
-11.359
-9.9375
-10.687
-10.451
-10.332
-9.8786
-9.4561
-11.058
-10.355
-11.574
-13.881
-11.866
-10.788
-12.087
-11.53
-10.92
-11.221
-10.908
-9.5997
-9.408
-9.1509
-9.9654
-10.188
-9.9054
-9.2029
-8.9418
-7.876
-7.5245
-7.7717
-7.4708
-6.9874
-6.3201
-5.8279
-5.2306
-4.3731
-3.7261
-3.4316
-3.0106
-2.4215
-2.287
-1.7555
-0.23879
0.21785
1.9301
2.2908
2.3377
2.19
3.1825
3.3951
3.7803
4.0396
4.3885
4.2254
4.6212
5.9467
5.8162
6.7705
5.6159
5.7772
7.5118
8.2719
7.4257
7.9318
7.9782
8.2798
8.204
8.7061
8.1656
8.7199
8.7486
9.0105
9.3407
9.6925
9.5937
9.9949
9.4797
10.182
10.985
9.9335
10.53
8.7823
10.071
8.9201
9.0942
9.1014
10.367
9.9244
9.5036
9.3341
7.9503
7.8217
7.3854
7.4615
7.4475
7.0627
6.6258
6.5559
6.1302
6.491
6.1302
6.2309
5.5289
5.0683
4.6974
3.7688
4.2939
3.636
3.2828
3.0206
2.5855
1.4663
1.4648
0.55769
0.93432
0.032058
-0.065835
-0.89982
-1.3404
-1.198
-1.8168
-2.2338
-2.5305
-2.9707
-3.259
-3.8124
-3.7748
-4.2338
-5.0405
-5.0204
-5.2942
-5.9166
-5.4724
-6.5654
-6.1044
-6.4688
-6.5061
-7.0011
