0.00094442
-0.00017989
-0.00031596
-0.001641
0.0002536
-0.00041951
-0.00044121
-0.00084446
-7.0185e-05
-0.00073489
0.00079455
-0.00064288
0.00014286
0.00014541
0.00019461
-0.00019257
-0.00070859
-0.00054231
-0.00062802
-0.00063419
-0.00019937
-0.00016401
-0.00056779
-1.5934e-05
0.00027447
0.00036221
-0.00089771
0.00034767
0.00033694
6.4434e-05
0.00052033
-0.001189
0.00017946
-0.00044174
-0.0010643
-0.0010405
-0.00074408
-0.00021392
0.00025833
-0.001037
0.00024781
2.3646e-05
-0.00068243
0.00010978
-1.8781e-05
-0.0001326
0.00026229
0.00050361
-0.00021375
0.00041325
0.00044314
0.00069277
-0.00099482
-0.0005367
0.00024749
0.00018993
-0.00016027
-0.00065909
-0.0002163
-0.00066102
-0.00061148
-0.00076349
0.00030436
-0.00058889
0.001019
-0.00047202
-0.00015802
0.00066671
-0.00064607
-0.0007841
-0.00012919
-0.00017648
-3.527e-06
0.00089691
-0.00062255
0.00063687
-0.00012114
0.00012135
0.0007953
-0.00089807
4.7792e-05
-0.00010421
0.00086304
-0.00064704
4.4388e-08
-0.00083804
-8.1519e-05
0.00012114
-0.00023979
-0.0010325
-0.00041831
-0.0006427
-2.6647e-05
0.00034405
5.4034e-06
0.00048148
-0.00041287
-0.0010251
0.00050674
-0.00049839
0.00036217
0.00015649
-0.00053739
0.00034275
-0.0006184
-0.00020839
-0.00043188
-0.00026507
9.9879e-05
0.00067372
0.00086328
-0.00039837
0.00069193
-0.00095399
0.00027335
-0.00018558
0.00033588
0.00089001
-0.00029921
-0.00027874
-0.00050971
0.00027114
0.00035854
-0.0015559
-0.00020205
0.00035106
0.00042124
0.000478
0.00069681
0.0003372
0.00022376
0.00039764
-0.00033452
-5.9779e-05
-0.00019583
0.0002455
0.00029385
-3.0596e-05
-0.00056579
0.00012234
-0.00038264
-0.00032524
0.00011009
0.00016049
0.00077024
-0.00019295
-0.00034695
-5.0804e-05
1.6534e-05
-0.00085469
0.00032253
-0.00046242
0.00090113
-0.00023626
-0.00011593
0.00019462
2.9761e-05
-0.00018415
-0.00076184
-0.0006326
6.2099e-05
-0.00099672
0.00040325
0.00044605
0.00029058
-0.00073403
-0.0010397
-0.00025836
-0.0006544
-0.00068617
-0.0011595
-0.00021177
-0.00016405
0.00034065
-0.00032565
0.00096008
-0.001127
-0.00065247
-0.00069401
-0.0010426
-0.00018417
0.00015523
0.00033841
-0.0011003
0.00024572
0.00021309
-0.00064273
-0.0010658
-0.00092562
-0.0008095
0.00010992
5.6789e-05
0.00014588
-0.00032279
0.00088577
0.0004206
-0.00039229
0.00033078
0.0011705
-0.00072146
-0.00025637
-0.00069981
0.00071925
-4.704e-05
-0.00085047
-0.0010222
-0.0010139
-0.00031941
-0.00083693
-0.00074938
0.00069556
-2.5068e-05
-0.00028706
-0.00047717
0.0009425
0.00036718
1.6123e-05
-9.2868e-05
-0.00098372
0.00018561
-0.0010891
9.8425e-05
0.00020713
-0.00017403
-0.00070405
0.00039919
-0.00056216
0.00026331
2.5597e-05
-0.00019743
-5.193e-06
-0.00012918
0.00075023
0.00034757
-0.0002153
0.00077035
0.00022337
-0.00012714
-0.00030197
0.00054008
0.00011038
-0.00073102
-5.0887e-05
-0.00045764
0.0004881
0.0014898
-0.00059528
-0.00010743
0.00084473
0.00076561
0.00033514
-0.00025645
-0.00030436
-0.00066037
-0.0007297
6.1088e-05
-3.0978e-06
-0.0004291
0.00039468
9.8759e-05
3.212e-05
-0.00080738
-0.00089592
-0.00099545
-4.3512e-05
-0.00015795
0.00016957
0.00027856
-0.00060264
-0.00033304
-0.00097493
4.9172e-05
0.00080411
0.0001728
-0.00022017
0.0005556
7.6649e-05
0.00047106
0.00042806
0.00064454
0.00021236
2.0674e-05
-0.00035985
-0.0011286
-0.00084553
7.1609e-05
-0.00027224
0.00036892
0.00013627
0.00055468
0.00054796
-0.00026382
-0.00027363
-4.7222e-05
0.00064861
-0.00058879
-0.00054285
0.00018616
-0.00038255
0.00054204
-6.4196e-05
-0.00076895
-0.00039519
-0.0013131
-0.0011326
0.00089925
-0.00030498
0.00013276
-0.00029438
0.00040472
-9.9917e-05
-0.00027536
-0.00061363
-0.00018841
2.518e-05
-0.00030615
0.00084697
-0.0007753
-6.89e-05
-0.00057991
0.00022152
4.4742e-05
3.0892e-05
0.00060489
-0.00043578
7.1781e-05
-7.7418e-05
-0.00074815
0.00025385
5.4225e-05
0.00050791
-0.00082082
4.3851e-05
-0.00049062
-0.00055223
-0.00013036
0.00054438
-0.00060235
0.00035365
-5.9175e-05
0.00024135
0.00038023
0.0014126
0.0009025
-0.00065602
-0.0010777
8.3485e-05
-0.00050272
0.00039405
0.00046747
-7.2922e-05
1.3885e-05
-0.00042179
-8.9987e-05
-2.6213e-05
-0.00039952
0.00014914
-0.00042936
-0.00076919
0.00035612
-0.00015299
-5.0747e-05
-0.00096666
-0.00079713
-0.00058558
2.1609e-05
0.00029481
-0.00060859
0.00049993
0.00038324
-0.00045464
0.00071007
-0.00052363
0.00029748
0.00031038
6.0617e-05
-0.001134
-0.00023868
0.00057878
0.00040071
-0.00039037
0.00010601
-6.9835e-05
-0.00019114
0.00068658
-4.0761e-05
-0.00093983
0.00037313
9.7586e-05
-0.00073955
0.00036692
0.0013512
0.00051709
-0.00056475
0.00039707
-0.0005931
-0.0011916
3.4617e-05
0.0007731
-0.00058882
-0.00030139
-0.00015466
0.00029166
-0.00070016
0.0010402
-0.00065741
-0.00031591
-0.00031106
-0.0008987
-0.00081426
0.00026485
-0.00072457
-0.00019954
-0.00045874
-0.00032934
-0.0013388
-0.0011037
0.00066152
0.00050581
0.0012855
-0.00047799
-0.00047959
-6.8557e-05
-0.00026385
-0.00018335
-0.00017025
-1.0698e-05
-0.0013871
0.00068799
-0.00028429
-0.00051707
-7.306e-05
-0.00065035
-0.00021622
0.00069653
-7.1335e-05
-0.00078933
-0.0013076
-0.00063384
-0.00076311
-0.00052193
-0.00043421
-0.00065462
-0.00019789
-0.00033255
-0.0012288
-0.00015653
0.0005434
0.00026982
0.0001198
-0.00031798
-8.2878e-05
-0.00035604
-0.00072132
-0.00034038
-0.001123
-0.00015098
0.00049343
-0.001704
-0.0013538
-0.00095227
-0.00061713
-3.8505e-07
-0.00036536
-0.00026623
0.00025065
-0.00010423
7.8725e-05
-0.000727
0.00045462
-6.6573e-05
-0.00099345
-0.00068677
0.00029296
0.00027869
0.00058767
-9.1395e-05
3.8164e-07
0.0003712
6.7419e-06
0.00039108
-0.00048655
-4.9859e-05
-0.00073564
-0.00042574
7.7517e-05
-0.0004365
0.00073023
0.0011265
0.00062088
0.00096618
-0.00066295
-0.00060721
0.00049174
-0.000248
-0.00054029
0.00048778
-0.00055145
7.1654e-05
-0.00035858
0.00072524
-7.6461e-05
-0.00057406
-0.00053997
0.00018653
0.00029216
-7.1867e-05
-0.00060257
8.9676e-05
-0.00014755
-0.00037443
-0.00022374
-0.00080402
0.00044837
-0.00061544
-0.00025709
0.00072968
6.4792e-08
-0.00042123
-0.0010392
-0.00024772
0.0009543
-0.0006059
0.0011859
-0.00025338
-0.00086515
-0.00032292
-0.00044841
-0.00034429
8.1175e-05
0.00014491
-0.0013508
-0.00011485
0.00044379
0.00052944
-0.00044309
-0.00027704
-0.00011224
-8.2348e-05
-0.00068608
0.00019352
-0.00054065
-0.0010843
0.00065792
0.00016431
-0.0014432
-0.00053864
0.00022935
0.00091132
5.094e-05
4.3252e-05
-4.1153e-06
-0.00068696
-0.00080685
0.00018868
-1.0455e-05
-1.1878e-05
-0.0011086
0.00023823
-0.0010551
-0.00061643
0.00077051
-0.00040226
0.00023245
-0.00025279
-0.00058306
3.3239e-05
-0.00022366
0.00033912
1.0775e-05
0.0011181
4.2593e-05
-0.00075639
0.00033435
0.00098021
-0.00024781
0.0002495
-0.00059165
0.00025285
0.00087455
-0.00010617
2.2214e-05
-0.00095009
-0.00021379
0.00047917
-0.0011651
-0.00042168
-0.00062148
-0.00021203
0.0003592
0.00010145
-8.6348e-05
-0.00047965
-0.00094671
9.8128e-05
-5.3815e-05
-1.5839e-05
-0.00078959
0.00054721
-0.00063222
0.00051507
0.00092114
0.001306
-0.00026131
-0.00061524
0.00056152
-0.00024626
0.00065711
0.00096126
0.0004732
-0.00013888
-0.00016527
-9.4775e-05
0.00052337
-0.00077681
-6.9415e-05
3.5067e-06
0.00022448
6.3915e-05
-0.0016172
-0.00037842
8.8223e-05
-9.1655e-05
0.00041436
-0.00073878
0.00046819
0.00018079
-0.00071374
-0.00066024
-0.001004
0.00083991
-9.8952e-05
0.00078692
-0.00072455
-0.0005174
-5.1652e-05
-0.00084673
-0.00037524
0.00010009
0.00063643
0.00019305
-0.00055227
-0.0017524
0.00022982
-0.00015776
0.00014979
-0.0004796
-2.2948e-06
-0.00047657
-0.0007523
-0.00047012
-0.00098175
-0.00024997
-0.00010065
-0.00032562
0.00011147
-0.00027301
0.00026603
-0.00060073
0.00020682
-0.00026699
-0.00079434
0.00056864
-0.00024341
0.00050053
-0.00098453
0.00039283
0.00074943
-0.00013386
-2.9836e-05
-0.00048039
-0.00022663
-0.00037167
-0.00059669
0.00027003
3.0964e-05
0.00020301
-0.0007752
-0.00019135
0.00024624
6.7388e-05
-0.00018713
0.00060202
-0.00061018
-0.00043548
-0.00024367
-0.00024725
0.00086653
0.00018038
0.00067283
-0.00034327
-0.00064531
-0.00051998
-0.00060201
-1.2595e-05
-0.00012536
-0.00026078
0.00036013
5.4024e-05
-2.1197e-05
-0.00058575
-0.0014698
-0.0003777
-0.00095616
0.00026391
-0.00072824
0.00051281
-0.00028985
-3.8164e-05
0.00016598
7.1337e-05
0.00013907
-3.1173e-05
-0.00095783
0.0004225
-8.0134e-05
0.00036438
-0.00078571
-0.00039102
-0.00048486
0.00092755
0.00079537
0.00076553
0.0004672
7.3124e-05
-0.00020705
0.00066257
0.00056784
3.5517e-05
-0.00033577
0.00039239
0.00010376
0.00044045
-5.2572e-05
-0.00051644
-0.00022862
-0.00085155
-0.00028925
-0.00027855
0.0007719
-0.00044455
0.00095815
0.00057613
2.3148e-05
0.00037212
-0.00010466
0.00019363
-0.00020678
0.00055034
0.00042956
0.00017238
-5.8662e-05
0.00012365
-0.001001
0.0007861
0.00013
0.0001352
0.00019971
-0.00066937
-0.00058973
0.00024903
-2.2243e-05
0.00083845
8.1821e-05
3.3203e-05
-0.00077383
-0.00019413
-0.00074827
-0.00014634
-0.00047296
-0.0010719
-0.00017332
-0.0013254
-0.00017076
-0.00014992
2.7744e-05
-0.00016608
-0.00015629
0.00069462
-0.00044912
-0.00062561
0.00065654
0.00051154
-0.00087757
0.00041235
-0.00015117
-0.00088129
1.4665e-05
-9.9915e-05
0.00023113
-0.00065288
0.00078088
0.00030923
-0.00028487
8.4888e-05
0.00070712
-0.00060872
-0.00075671
-0.00076524
-0.00048003
0.00019404
0.00094328
-0.00045531
0.00040324
-0.00011756
-0.00028489
-0.0010256
-9.0639e-06
-0.0013068
-0.00029248
-0.0010067
-0.0010675
0.00058868
-0.0008676
-0.00089743
-9.6591e-05
3.8884e-05
-0.00091597
0.00047652
-0.00039853
-0.00054769
-0.00019294
-0.00017042
0.00046716
-0.00064403
-0.0004462
-5.9282e-05
-0.00041755
0.00017038
-0.00030629
0.00018101
-5.1335e-06
0.0014627
-8.5803e-05
0.00021216
0.00011428
0.00014324
0.00024181
-0.0010801
0.00032208
0.00026009
-0.00048755
0.00013698
-0.00068023
-0.00060932
0.00016788
0.00036686
0.00034353
-0.00012748
-0.00063788
-0.00018154
-0.00011152
0.00030879
1.1719e-05
0.00053604
-0.00076859
-0.000544
0.00094222
-5.8094e-05
-0.00021261
0.00015968
-0.0006217
-0.00017558
0.00032063
3.8673e-05
0.00034627
0.00043473
0.0003036
-0.00020243
8.8142e-05
-0.0007489
0.00042065
0.00020039
0.00038474
-9.9728e-05
0.00014569
-0.00037228
0.00025056
-3.3433e-05
0.00086988
-1.768e-05
0.0010621
0.00044753
-0.00062076
0.00058169
9.2283e-05
-3.2419e-05
0.00024689
0.00011733
-0.00072975
0.00052633
0.00043021
-0.00061091
-0.00070452
-0.00058548
0.00036259
-4.4384e-06
0.00093088
-0.00033741
0.0002643
0.00026935
-2.4552e-05
-0.00042449
-0.00069238
-0.00084576
-0.00037745
-0.00083786
-0.0003632
0.00061225
-0.00024726
-0.00082718
0.00080485
0.00092637
0.0016661
0.0011312
0.0011455
0.00066653
0.00030143
-0.00065573
0.00034676
-0.00012008
-0.00076488
-0.00046407
-0.00054482
-0.00040464
-0.00072759
-0.00041126
0.0002869
8.2881e-05
0.00099626
0.00067148
0.00076845
0.00024698
0.00052462
0.00015447
0.00029764
9.8682e-05
6.0728e-05
-4.6705e-05
0.00033455
-7.6778e-05
-0.00040188
-0.0002182
-0.00050442
-0.00079007
-0.00049904
-0.0002139
-0.00062441
0.00029478
-0.00044492
-2.4798e-05
0.0010744
-0.00057407
-0.00077199
-0.00063166
-0.00011007
3.5611e-06
-0.00015745
-0.00074193
7.9354e-05
-0.0013098
-0.00076535
-0.00032799
-0.00045426
-0.00042356
0.00093218
0.00080833
-1.5534e-05
0.00017949
-0.00035806
-0.00078197
2.7775e-05
-0.00084229
3.415e-05
4.8441e-05
-0.00010826
-4.791e-05
-0.0016309
-0.00078868
0.00026456
-0.00072776
-0.00058119
-0.00032496
0.00017105
0.00031377
-0.0010362
-0.00026486
-9.7013e-05
-0.00069309
-0.00021268
-5.9367e-05
0.00034204
-0.0011768
-0.00087535
-0.00031865
-0.00071808
-0.0013879
-1.7388e-05
0.00010069
-0.00094653
-0.00042328
0.00010586
-0.00035889
5.2802e-05
3.2491e-05
0.00025168
-0.00041134
0.00039826
0.00042837
0.00041965
-0.00045941
0.00028281
-0.00015699
-0.00088634
-0.00096931
-0.0002976
-0.00028963
0.00053222
-0.0003483
-0.00031023
-0.00015182
-0.00045465
0.00010215
-5.4741e-05
-0.000174
-0.00019804
-0.00062042
-0.0031319
-0.0033679
-0.0013907
-0.0048632
-0.0067761
0.070851
-0.20771
-0.044177
-0.097136
-0.13496
0.064717
0.11287
0.11023
0.07934
0.097036
-0.16037
-0.015805
-0.010524
-0.035926
-0.18256
-0.22781
0.046319
-0.062439
-0.02615
-0.01132
-0.085491
-0.034413
-0.057686
-0.0039102
0.0040327
-0.01179
-0.033025
-0.011656
0.0039974
-0.0097726
-0.021221
0.0060441
-0.0085184
0.006252
-0.0024294
-0.19555
0.10639
0.00069451
-0.02311
0.042854
-0.023883
0.11554
-0.23554
-0.22597
-0.12982
-0.012277
0.027004
0.24152
0.17418
-0.010048
-0.023122
0.0095215
0.089538
0.075817
0.12648
0.12786
0.28571
0.09255
-0.00099525
0.043071
-0.045989
0.014405
-0.050526
-0.023413
-0.050176
-0.011325
-0.03775
-0.015483
-0.015669
-0.019314
-0.00898
0.0066202
-0.0042658
0.0046898
0.0017573
0.0038904
0.0035512
0.00844
0.0054006
0.016404
0.0028547
0.0082259
0.0074484
0.004556
0.006476
0.010899
0.00032769
0.0038139
-0.0018829
-0.0071866
-0.010173
-0.0093524
-0.0070455
-0.0097204
-0.008002
0.034715
0.0049876
-0.013284
0.0089526
-0.0014143
-0.007467
-0.06322
0.027214
0.0016203
0.023586
0.022745
0.008927
-0.0090466
0.003404
0.033065
0.0028631
0.02607
0.02718
-0.0077903
0.00031133
-0.0090699
0.044287
0.1081
-0.078021
0.013497
0.0062067
-0.055625
0.056191
-0.030422
0.005434
-0.30732
-0.073532
0.1925
0.16858
0.25469
0.097688
-0.016262
-0.072408
-0.067301
0.10341
0.012879
-0.047359
0.11332
0.32044
-0.19446
0.027048
-0.28787
-0.025895
-0.019316
0.014876
-0.0063735
-0.040333
0.0017609
-0.0085787
0.018003
0.010653
0.022968
0.014354
-0.0087248
0.0024534
-0.005137
-0.0064511
0.0012367
0.017436
-0.12225
-0.00070092
0.046764
-0.069729
0.044428
-0.064356
-0.083123
-0.20695
-0.10088
0.028341
-0.027335
0.12681
-0.0062964
-0.058076
0.046103
0.032092
0.08241
0.019427
0.12853
-0.013912
-0.23762
-0.20104
-0.056698
0.36364
-0.13035
0.074469
-0.014697
-0.014954
-0.0046603
0.0040935
0.0036582
0.0004786
0.0013435
-0.020917
-0.0018219
-0.013902
-0.0059747
-0.0018611
-0.0023167
-0.0093911
-0.0040961
0.0013693
-0.0022501
0.006402
0.0024134
0.0016547
0.0061871
0.0074738
0.0032686
0.003592
0.0010828
0.0016616
0.0010131
0.0030275
-0.0039641
0.0017739
-0.0012678
-0.0013555
0.00037264
-0.00092332
0.00097678
-0.0007762
0.00032013
-0.0022789
-0.00015929
-0.002798
-0.0014919
-0.0021258
-0.0017186
-0.0030796
0.00038101
-0.0019651
-0.00035221
0.0017818
0.00059437
0.0014245
0.0018125
-0.00067883
0.0017164
0.0020117
-0.00036234
0.00093263
0.00045098
-0.0012504
-0.0017825
-0.0014849
-0.0013979
2.4754e-05
-0.0005573
-0.0023211
-0.00053267
-0.00048849
-0.00065835
0.00090637
0.00050868
0.00036278
0.00080259
0.00076776
0.00028907
0.0003794
-0.00039959
0.00027811
-0.0010263
-0.0016936
-0.0030971
-0.0031369
-0.0032762
-0.0032198
-0.0015731
-0.00078505
0.00012396
0.0016111
0.0017679
0.0026284
0.0025007
0.0037244
0.0015208
0.0025615
0.00058148
0.00056815
-0.0007404
-0.0016461
-0.00052084
-0.0019291
-0.0023652
-0.0023896
-0.0026991
-0.0031067
-0.0017758
-0.00072833
0.0010463
0.00044144
0.0017213
0.0025746
0.0019501
0.0025989
0.0023523
0.0026299
0.0010448
1.5951e-05
0.00036664
-0.00057403
-0.0024996
-0.0022873
-0.0025331
-0.0023299
-0.0029816
-0.0023032
-0.00111
-0.0010011
-0.0005814
-0.00023735
0.00013147
0.0027114
0.0019961
0.0010697
0.00025471
-0.00063407
-0.0011016
-0.0020898
-0.001989
-0.0024595
-0.002455
-0.0017178
-0.0020489
-0.0011128
-0.00030526
-0.00088923
0.00061561
0.00017008
0.0018174
0.0018067
0.0018912
0.0012542
0.0018818
0.0011062
0.00049038
-0.00012338
-0.00063046
-0.0029026
-0.0019466
-0.0019095
-0.0013112
-0.00079738
-0.0016224
-0.00089859
5.782e-05
0.00034898
0.0016945
0.00059663
0.0023999
0.0018679
0.00087006
0.0015836
0.001709
8.9724e-05
-0.00026359
-0.00064171
-0.0018257
-0.001476
-0.0020557
-0.00093503
-0.0019404
-0.0011989
-0.0012234
-0.00056913
-6.6381e-05
-0.00014709
0.00069799
0.0016648
0.0022688
0.0019357
0.0010027
0.00088012
0.0015168
-0.00011994
-0.00033597
-0.00086495
-0.0010635
-0.00059737
-0.001085
-0.0013001
-0.0011675
0.00017792
-0.001381
-0.00022144
-0.00030132
0.00013805
0.00039482
0.00010774
0.00052803
0.00126
0.00097239
-0.00023903
-0.00095541
-0.0016429
-0.00071307
-0.00062514
0.00079008
0.0014933
0.00024918
0.0012849
0.00023324
0.00027008
-0.00017298
-0.00031761
-0.00010341
-0.00062363
-0.0009375
-0.0001295
-0.0014307
-0.0016701
-0.00026287
0.00028536
6.77e-05
0.00051352
-0.0013115
0.00015608
0.0011108
-7.5839e-05
-2.0063e-06
0.00057366
2.1515e-05
-0.00070236
-0.00076876
8.6126e-05
0.00029872
-0.00051741
-0.00063647
-1.0087e-05
-0.0012136
-0.00052396
7.8216e-05
-0.0011112
-0.00027513
0.00018582
0.00032402
0.00076806
0.00020332
0.00043359
-0.00019272
-0.00064164
-0.00057816
-0.00055327
9.8087e-05
0.00026418
-0.00031109
-0.00050401
-0.00048805
-0.00018668
-0.00044234
-0.00033522
-0.00068755
-0.00028954
-0.00044786
-0.00075135
3.447e-05
-8.5793e-05
-3.0959e-05
-0.00036919
-0.00038013
-0.0006326
-0.00018707
-0.00027658
-0.00091417
-0.00013643
-0.00047618
-0.00027801
-2.7963e-05
-0.00067069
6.3785e-05
-0.00021276
0.00063504
0.00035033
0.00023671
0.00013938
0.00011709
-0.00013169
-0.00062199
0.00053249
0.00020302
0.00036179
-0.00065133
-0.00037072
-0.00076017
-0.00052983
0.00023634
-0.00039199
3.3529e-05
0.00024195
0.00012163
0.00051012
0.00023337
0.00052489
0.00071619
0.00060997
-0.0010071
-9.8671e-05
0.00051368
-0.00051079
0.000225
-0.00045392
-0.00025089
-3.7311e-05
0.00032763
-0.0010076
0.00028026
0.00067488
0.00055254
0.00044211
0.00015189
0.00074778
0.00079408
-6.2015e-05
-0.00046092
-0.00033687
0.00039169
-0.000365
0.00013805
0.00048612
-0.00052053
0.00037554
-0.00034468
0.00057608
-0.00029247
-0.00074572
3.0476e-06
-0.00050342
6.6969e-05
-0.00038749
0.00012013
-0.00033455
5.3019e-05
-0.00045447
-0.0013185
-0.00040075
-0.0031545
-0.0047385
-0.0043201
-0.038639
-0.062397
0.022257
0.0037242
0.022689
0.026623
0.0062202
0.0042215
0.0061674
0.026834
0.0096779
0.04157
0.049938
0.030783
0.01891
0.019143
0.05432
-0.041093
0.073125
-0.02605
-0.014432
-0.014103
0.0080737
0.08513
-0.30486
-0.41774
-0.11641
-0.065556
0.027472
-0.017825
0.038372
-0.071853
-0.057045
0.062765
-0.15547
0.031475
-0.076191
-0.28008
-0.18277
-0.063872
0.13632
0.025093
0.0048823
-0.032558
0.012184
-0.020855
-0.014642
-0.00057315
0.0072503
0.0012341
0.009527
0.020422
0.00096291
0.0003006
0.0096387
0.019554
-0.017078
0.0086505
0.07576
-0.04621
-0.033103
-0.010074
-0.027826
-0.015403
-0.038094
0.010692
-0.016183
0.016019
0.0053751
0.0058919
0.013852
0.0064287
0.01404
0.003227
0.015717
-0.0040043
0.011071
0.0032
-0.0019021
-0.0022081
-0.00072925
-0.0047998
0.012478
0.0059335
0.013067
0.008764
0.0019368
0.015405
0.0085583
-0.0671
-0.20139
0.0037553
-0.14937
-0.073925
0.15838
0.026148
0.16903
0.04787
0.075989
-0.023422
-0.050181
-0.011485
0.063918
0.26989
-0.032172
-0.042304
0.02153
0.50623
-0.030872
0.057678
0.037979
0.0053298
-0.039631
-0.01164
0.044169
0.020661
0.011816
-0.0031818
-0.0068026
0.014006
0.012233
0.0061721
0.018427
0.019922
0.0040489
-0.0068768
-0.0042689
0.0021974
-0.027562
0.0050944
0.02468
-0.043261
-0.1141
0.053109
0.21546
-0.073882
0.18551
-0.11224
-0.11917
-0.15998
0.069672
0.07987
0.015593
0.17596
0.074109
-0.17156
0.062014
-0.044265
0.16603
0.16818
0.34393
-0.18444
0.087083
0.22216
-0.025431
0.024806
0.12569
-0.19197
0.025075
-0.035056
-0.052936
0.0050846
0.0072394
0.017003
0.0030473
-0.0059104
-0.0095013
0.0092263
0.0029933
0.0054292
0.023644
0.0053032
0.0038399
-0.0062072
7.0569e-05
-0.004878
-0.014706
0.023033
0.028932
-0.13071
-0.1371
-0.16518
-0.0023753
0.010554
-0.011249
-0.087522
0.030369
-0.22953
0.0068599
0.071667
-0.024547
0.12914
-0.0046723
-0.042485
0.035292
-0.066279
0.075741
0.0051342
-0.061285
0.64954
-0.94642
0.57928
0.0001735
-0.21395
-0.11609
0.20511
-0.095372
0.069909
-0.051068
-0.04003
-0.038316
0.021317
0.0082757
0.010039
-0.017659
0.0075005
0.0030017
0.013166
0.025106
0.0063699
-0.0040172
0.015484
-0.012865
-0.0074061
-0.0085259
-0.0050888
-0.011395
0.071475
-0.25382
-0.03223
0.11024
-0.039141
0.06106
0.048344
-0.27064
-0.24466
-0.094033
0.16452
0.1966
-0.032969
-0.030573
0.023726
-0.064357
-0.071045
0.036159
0.049977
0.11418
0.071541
-0.52373
0.66858
-0.32144
-0.77113
-0.16209
0.29319
0.0025976
-0.018935
-0.027132
-0.086089
-0.046108
0.026845
0.011034
0.0027987
0.016183
0.0019622
0.010982
0.0029881
0.010661
0.017332
0.0049386
0.0016739
-0.0050967
-0.0036703
0.0025807
0.0065782
0.0051233
0.0072581
-0.14382
0.0085383
0.0087639
-0.0074138
-0.010078
-0.010157
-0.010763
0.0010211
0.0082891
0.002866
0.004172
0.0022622
2.2339e-05
0.0010961
0.0063558
0.0028833
-0.0011084
0.0023513
-0.001766
0.00055418
0.0018402
-0.00065928
-0.0021948
0.0014674
-0.0026071
-0.0013189
-0.00081974
-0.0026576
-0.00046306
-0.00062452
-0.0015842
-0.00054375
0.00032737
-0.00068777
0.0011955
0.00035751
-0.00058061
-0.00041869
-9.4e-05
-9.6931e-05
0.00064061
0.00049437
-0.00064619
0.00026482
-0.00017184
-0.0016174
-0.00044226
-0.0011253
0.00095062
-0.00018812
-3.5854e-05
-0.00063039
-0.0018293
-0.00062726
-3.0137e-05
6.5021e-05
-0.00090817
-0.00051817
0.00032149
-0.0010285
-0.0030935
-0.00094108
-0.0011019
-0.0012753
-0.00010546
0.0011392
0.0010272
0.0019551
0.00075701
0.0025144
0.0014954
0.0023703
0.00043045
0.0010546
0.0012345
-0.0013781
-0.0016271
-0.0029339
-0.0018163
-0.0025453
-0.0024764
-0.0015154
-0.00098971
-0.00062627
0.00070498
0.00027131
0.0013752
0.0013689
0.0012238
0.00224
0.0010798
0.00047265
0.00060023
-0.0016144
-0.00029601
-0.0014829
-0.0021348
-0.0012843
-0.0026267
-0.0025274
-0.0010995
-0.00031869
-0.00055609
0.00053475
0.00064465
0.0012942
0.00093124
0.0013042
0.0019371
0.00097648
0.00064228
0.00055674
0.00065829
-0.00066933
-0.0008911
-0.00096626
-0.00055762
-0.0012337
-0.00109
-0.00052795
-0.00097306
0.00074516
0.0010626
3.8544e-05
9.925e-05
5.491e-05
0.00091901
3.2503e-05
-0.00065677
0.00033278
-4.8828e-05
-0.0017021
-0.0002882
-0.00038974
-0.00024529
0.0012262
0.0066649
-0.0089163
-0.0071079
-0.012011
-0.013062
-0.0068094
0.19213
0.094661
-0.082503
-0.1322
-0.12479
-0.048052
0.0072885
0.18795
0.051035
0.077506
0.011951
-0.074661
-0.073072
-0.053432
-0.055668
-0.12256
0.063646
0.064602
0.12959
0.53107
0.05917
0.12731
-0.00039312
0.076307
-0.031502
-0.012689
0.0001393
-0.019822
0.035641
-0.022855
-0.0044544
-0.0048106
0.019147
-0.0087433
-0.044086
-0.019688
-0.037303
-0.034575
-0.0082976
-0.011065
0.0033705
0.0084614
0.17796
-0.058203
0.080575
-0.10418
0.054668
0.00015041
0.081201
0.1726
-0.26497
-0.019032
-0.24081
0.0018496
0.17573
0.2497
0.16704
0.013873
0.069905
-0.063955
-0.13957
-0.13203
-0.07771
0.010836
0.073601
-0.014945
0.14363
0.053701
0.049638
0.037094
0.0095772
0.0028
0.0089453
-0.0067223
0.0072309
-0.0046927
0.00054101
-0.0056993
-0.015637
-0.0029182
-0.018248
0.0017279
-0.0089028
-0.0041505
-0.0097709
-0.00097883
-0.00022035
1.6229e-05
0.0070124
0.0011093
0.0045394
0.0036942
0.0075706
0.002296
0.0053586
0.00010311
0.00058909
0.00035512
-0.00051733
-0.0021603
0.00072899
-0.0016507
-0.0020015
-0.00085906
-0.0016264
-0.0020834
0.00019528
0.00039798
0.00098328
0.0012515
-0.00062574
0.00068732
0.0014334
0.000502
-0.00047917
-0.0004164
-0.018605
-0.025632
-0.0054579
0.003875
-0.025942
-0.025294
-0.031875
0.0097035
0.094926
0.036463
0.048815
0.025667
0.0065449
-0.0035698
0.0080001
0.017876
0.021123
0.037905
0.024561
0.018334
0.04417
0.03536
0.061896
0.12559
0.0918
-0.0096473
0.035193
0.022796
-0.052813
0.18478
0.28994
-0.10596
-0.025939
-0.22192
-0.00675
-0.015387
0.04258
0.20719
-0.22975
0.091305
0.025156
-0.10435
-0.10012
-0.23059
-0.11032
-0.022639
-0.031347
0.11609
0.22886
0.023967
0.10213
0.029597
0.049317
-0.014712
0.0017673
-0.0031221
0.036262
0.022724
0.019542
0.0083338
-0.024497
0.013081
-0.019936
0.0025597
0.017163
-0.0066521
0.021039
0.011916
0.017034
0.008813
0.044558
0.17258
0.090809
0.026045
0.015967
0.011874
-0.11984
0.15332
0.12943
-0.17876
-0.090639
-0.41612
0.028231
0.16825
0.12079
0.28371
-0.047148
0.095545
-0.016372
-0.15814
-0.15256
-0.077485
-0.19491
-0.13717
0.1621
0.12063
-0.019522
0.029926
0.021795
-0.03785
0.033989
-0.018365
0.021432
0.0024949
0.040594
0.034595
0.018369
0.0050221
0.0023967
-0.043263
-0.0092671
0.0076536
0.020963
-0.017778
-0.0049464
-0.0053902
-0.010919
-0.00093001
0.091833
0.11671
-0.027762
-0.045618
-0.014489
-0.012693
0.12554
0.2002
-0.24029
-0.1535
-0.25807
-0.075933
0.010517
0.29265
0.24733
0.025935
0.018932
-0.11671
-0.086518
0.015979
-0.049444
0.16462
0.16873
0.38292
0.035101
0.083322
-0.012483
0.025481
0.022604
0.0072543
0.070267
-0.033201
0.014428
-0.0074508
-0.0028415
0.0065262
-0.028073
0.010849
-0.014631
-0.0055791
-0.0049285
-0.014076
-0.009979
-0.0028664
0.0066521
3.588e-05
0.0039639
0.010819
-0.0048311
0.0010415
0.0034282
0.0026133
-0.0013158
0.0032192
0.0040923
-0.0035775
0.0064845
0.0013147
0.00087744
0.0010393
-0.0023924
-0.0024342
-0.00076339
-0.0010918
-0.003893
0.00032119
-0.0017416
-0.0024986
0.0053091
0.0023194
0.00034275
0.0041557
0.0018157
0.0014428
0.0022396
0.0010906
-0.0016003
-0.00030054
-0.00255
-0.0032713
-0.0018717
-0.0023375
-0.0035885
-0.0018181
-0.0015469
-0.0011189
0.00067812
0.00023814
-0.00012486
0.0020829
0.0024454
0.00042823
0.00203
3.668e-05
0.00030805
0.00091114
0.00020269
0.00085852
0.00022623
-0.00079215
-0.00028185
0.0010294
-0.0014268
-0.0016554
-0.00010858
-0.0018291
-0.0020262
-8.3174e-05
-0.0014195
-0.00054141
-0.001169
-0.0010729
0.00024593
0.0016525
0.00062383
-2.9599e-06
0.002071
0.0011291
0.0016396
0.00075079
0.00099283
0.00093021
0.00042923
-0.00088633
-0.0009126
-0.0020512
-0.002355
-0.00068164
-0.001066
-0.0003514
-0.0012116
0.00035946
0.00039829
0.00025047
0.00089951
0.0002887
0.00015935
0.00011611
0.00053048
0.00033969
0.00025177
-2.3287e-05
-0.00055878
-0.00023334
0.00046124
-0.00055658
6.1638e-06
-0.0004423
-0.00093542
-0.00038969
-0.00050018
-0.00051865
-0.0025983
-0.0019287
0.00047133
-0.001402
-0.000438
0.00052037
0.00087528
-7.7984e-06
0.00047902
0.00034063
0.0012032
0.0014627
8.9883e-05
-0.00045436
-0.00039895
-0.00011741
-0.00023372
-0.0011049
-0.0013345
-0.00076794
-0.00074459
-0.0016046
-0.00040455
-0.00089394
-2.7995e-05
0.0010977
-0.00019757
5.4393e-05
8.062e-05
-0.00046544
0.00041698
-0.0011206
0.00051625
-0.0007362
-0.00079103
-0.00079637
-0.00015329
-0.00054354
-0.00041988
-0.00029809
-0.00077975
-7.2279e-05
-0.00078867
-4.6328e-05
-0.0012331
-0.0007062
5.5722e-05
0.00019221
-2.6721e-05
-0.00021323
0.00043265
1.7935e-06
0.00034326
0.00081711
-4.9471e-05
-0.00050159
6.3608e-06
-0.0011457
-0.00066293
0.00018535
-0.00022387
-5.7995e-05
-0.00060536
-0.00041732
-0.00036773
-2.091e-06
0.00011613
-0.00028813
0.00027367
-0.00011775
-0.00011793
-0.00051338
0.00015422
-3.4218e-05
1.4423e-06
-0.00043485
6.2653e-05
0.00047936
-0.00035041
0.00023443
-0.0007158
0.00017867
-0.00043744
-0.00024022
-0.00057476
-3.4035e-05
-6.0394e-05
0.00035213
-0.00063201
-6.7566e-05
0.0013237
0.00013675
-0.001269
-9.874e-05
0.00032846
0.14568
-0.030756
-0.010247
0.0010326
0.0034919
0.006931
-0.027832
-0.028646
0.027924
0.013791
0.020636
0.005266
-0.0013578
0.0031045
0.0086375
0.031593
0.01984
0.035895
0.047285
0.064491
0.0095073
0.051224
-0.017813
0.072979
0.14314
-0.089828
-0.011227
-0.012014
-0.04039
-0.027244
-0.07504
0.046113
-0.36007
-0.42744
-0.37987
0.13042
0.34054
0.36827
0.3027
0.046867
-0.16466
-0.17855
-0.073188
0.078868
0.34191
0.28168
0.13911
-0.347
-0.16414
0.029118
-0.1731
0.047703
0.0078877
-0.044331
0.058712
-0.042963
0.017675
-0.033825
-0.016521
-0.021524
-0.041965
0.010222
-0.027233
-0.010937
-0.011504
-0.0042465
-0.0020647
-0.0088751
0.013703
-0.0062933
0.016458
0.0042886
0.010564
0.0064328
0.010821
0.0064916
0.0069257
0.010874
0.003555
0.0071042
-0.0047617
-0.0032076
-0.0082003
-0.006476
-0.013942
-0.0080824
-0.010361
-0.0098407
-0.0056159
-0.0051431
-0.0035212
0.00041088
0.0021694
0.0012447
0.0047359
0.0034492
0.0026463
0.0043266
0.0099232
0.0035389
0.0072142
0.0052032
0.00083638
0.0019694
-0.0014135
-0.0033464
-0.0037402
-0.0038021
-0.0057986
-0.0043502
-0.005333
-0.0049686
-0.0029201
-0.0015848
-0.0026783
0.00093047
-7.8122e-05
0.001574
0.0037184
0.0046759
0.0056137
0.0031859
0.0052251
0.00074447
0.0023956
0.00064471
-0.0015431
-0.0026736
-0.0028948
-0.0036264
-0.0037152
-0.0017424
-0.0008699
-0.0012228
-0.00089162
-0.00014967
0.0010939
0.001444
0.0021059
0.0008506
0.001774
0.00076663
0.0015288
-0.0010452
2.8767e-05
0.00050479
3.3363e-06
-0.00068296
-0.0010179
-0.00075644
-0.00082597
-0.0010932
-0.0011413
-0.0020953
-9.9246e-05
-0.00025052
0.00021828
0.00010646
-0.00045414
0.0014471
-0.00025677
0.0015229
0.0026071
0.00099222
0.0010515
0.00091118
-0.00044739
-0.00023094
-0.0021386
-0.0015911
-0.00098428
0.00023043
-0.0010723
-0.0011348
-0.00020083
0.0003761
-0.00023352
-0.00037007
0.0010348
0.000891
0.0011838
0.0011638
-1.1552e-05
-7.6828e-05
0.00068653
-7.6708e-05
-0.00037222
-0.00064143
-0.00035144
-0.0021058
-0.0011312
-0.0005553
-0.0011086
-0.00018648
-0.00010009
0.0003997
-0.00035876
-0.0012186
5.7334e-05
0.00047788
-6.5899e-05
0.00075534
0.00022175
8.0019e-05
0.00043474
9.7497e-05
-0.00035133
-0.00035477
-0.0015081
-0.00066229
-0.00075889
-0.00030157
-6.6421e-06
0.00071792
-0.00039068
-0.0011762
0.0009977
0.00090194
0.00011007
-0.00021383
-0.00042296
0.0012466
-0.00015367
0.00052652
0.00036562
-0.00049685
-0.00044038
-0.00022436
-0.00035353
-0.0011384
-0.00069877
-0.0010741
-0.00046888
-0.00020964
-0.0008216
-0.00051571
0.00075141
-7.4492e-05
0.00027187
0.00011809
0.00066009
0.0005662
-0.00021088
0.00045559
0.00025741
-0.00074313
-0.00018467
-0.0014105
-0.00056338
0.00088958
-0.018374
-0.0061805
-0.010302
-0.11264
-0.049662
0.058489
0.017432
0.030313
0.010113
0.0023852
0.00063951
0.0026158
0.016658
0.014565
0.015911
0.0052962
-0.010321
0.01505
0.0029961
0.12684
-0.0075794
-0.16935
-0.025857
-0.013903
0.0051863
0.070168
-0.07824
-0.27027
-0.27824
-0.1172
0.21473
0.20421
0.15776
0.15437
-0.17426
-0.15688
-0.10546
0.24587
0.18345
0.14871
0.17621
-0.36218
0.28208
0.055538
0.55299
0.098435
-0.055101
0.015228
-0.020269
-0.033083
-0.0281
-0.020037
0.01958
0.043326
0.0046642
0.021209
0.0043947
0.0090188
0.013361
0.011659
0.031418
-0.0023514
0.00333
-0.0048809
-0.010248
0.0040818
0.00065451
0.062985
0.090775
-0.15489
-0.046853
-0.0099653
-0.04778
-0.05295
-0.034976
-0.029935
0.0036435
0.040974
0.014869
0.0093469
0.0068582
0.0054957
0.0067161
0.0083118
0.0018017
0.0056012
0.0006455
0.0055997
-0.00094139
-0.0020384
-0.0084198
0.00035447
0.0019908
0.0053021
0.0055301
0.0044024
0.00033643
0.0030978
-0.0012763
-0.0022064
-0.0020162
-0.0044335
-0.0047486
-0.0032363
-0.0027639
-0.0038234
0.0031225
0.0024461
0.005205
0.0035045
0.0016637
0.0019926
-0.001205
-0.0010981
-0.0013774
-0.003198
-0.0036209
-0.0033884
-0.00077133
0.0012202
0.0031608
0.0016512
0.0023645
0.0020717
0.0017376
0.00073823
-0.0013508
-0.0014685
-0.00099091
-0.001994
-0.002591
-0.00072818
-5.8965e-05
0.0015868
0.0014994
0.0033596
0.0032104
0.003475
0.0018013
0.0001144
-0.00032835
-4.2294e-05
-0.0033626
-0.0032582
-0.0021083
-0.001242
-0.0012351
-0.00030052
0.0011712
0.00053401
0.00062711
-7.3114e-05
-0.00083656
0.00029698
0.0013064
-0.0005391
0.00065514
0.00043322
0.0009351
0.00028084
0.00053309
0.0015334
0.00028963
0.00042241
3.3507e-05
-0.0011383
-0.0017139
-0.0015676
-0.0018096
-0.0016146
-0.0015904
0.00024822
0.0013131
0.00075066
0.0018489
0.0015607
0.0019067
0.0012818
0.00030521
-0.00024585
-0.00014636
-0.00046404
-0.0013647
-0.0013502
-0.00032996
-0.00031878
-0.00024615
-0.00088944
-0.000827
-0.00033443
0.00045462
0.00021337
-0.00087451
-1.4576e-05
4.7621e-05
0.00029284
0.0013158
0.00080842
0.00097794
0.0007289
0.00020846
-0.00027429
-0.00083373
-0.00037494
-0.00059788
-0.00102
-0.00027242
-0.001094
0.00076308
0.0008651
0.00087347
0.00041483
0.00096731
0.00037688
-0.00018327
0.0021178
0.012125
-0.0046403
-0.00028895
0.0047586
0.0028095
-0.027447
0.13457
-0.046204
0.155
-0.033385
-0.16337
-0.14712
-0.050009
0.16667
-0.0096835
0.12075
0.03362
-0.1467
-0.034945
-0.015814
-0.052288
-0.068787
0.032316
-0.6335
-0.0088425
-0.091247
0.070193
0.030708
0.03807
-0.010164
-0.066791
0.049444
0.025131
-0.019194
0.032067
0.088264
0.05211
0.016858
-0.023299
-7.1481e-05
0.052007
0.0095458
0.19067
0.38305
0.18273
0.61203
0.14041
-0.19755
0.18054
0.31195
0.24074
0.18292
0.1046
0.17156
-0.0029013
0.0088705
0.075427
0.32839
0.33788
0.19404
0.41416
0.45711
0.012404
0.039986
0.32714
0.26827
0.54461
0.2859
0.06452
-0.016121
-0.25589
-0.83151
-0.80863
-0.63264
-0.8239
-0.48057
-0.18859
-0.28538
-0.14636
-0.37696
-0.87574
-0.80339
-0.72904
-0.77065
-0.63412
-0.60984
-0.62177
0.24618
-1.0292
-0.59013
-0.51952
-0.65033
-0.50335
-0.19149
-0.054151
-0.11645
-0.080508
-0.084724
-0.028978
-0.083722
0.11763
0.29831
0.25985
0.29151
0.29642
0.28831
0.25577
0.12582
0.0374
-0.042115
-0.11937
-0.1822
-0.22037
-0.22924
-0.19864
-0.1361
-0.088077
-0.034602
0.044785
0.064724
0.11575
0.11001
0.10233
0.098426
0.053003
0.01469
-0.026268
-0.071985
-0.10499
-0.13869
-0.16338
-0.15342
-0.15376
-0.13997
-0.11779
-0.05618
-0.0076708
0.029313
0.046207
0.073723
0.083795
0.091501
0.096085
0.07834
0.065709
0.050891
0.01134
0.0011306
-0.040488
-0.050176
-0.061388
-0.092192
-0.08857
-0.07791
-0.069466
-0.05711
-0.033828
0.00044414
0.037288
0.066665
0.090021
0.11769
0.14387
0.14317
0.13676
0.12099
0.1062
0.082403
0.055114
0.022379
0.0096143
-0.0041883
-0.023598
-0.02848
-0.024146
-0.012654
0.0065028
0.017537
0.050817
0.055529
0.06757
0.070885
0.075675
0.061219
0.04704
0.042145
0.026225
0.0044055
-0.0062771
-0.013156
-0.024689
-0.04656
-0.044851
-0.040992
-0.050859
-0.041613
-0.032939
-0.021378
-0.014428
-0.010845
-0.0049261
-0.0023
0.0028328
0.0018294
-0.00022928
-0.0058558
-0.014882
-0.029793
-0.046468
-0.054372
-0.067756
-0.082501
-0.096386
-0.1095
-0.12954
-0.13682
-0.13286
-0.12742
-0.12352
-0.11856
-0.095621
-0.08438
-0.065773
-0.051185
-0.031534
-0.020452
-0.01379
-0.011932
-0.012117
-0.013576
-0.02381
-0.030915
-0.036096
-0.044208
-0.051365
-0.056301
-0.056696
-0.060105
-0.058298
-0.051364
-0.047213
-0.03957
-0.030867
-0.021583
-0.013488
0.0032593
0.01139
0.021991
0.036491
0.04488
0.051664
0.061902
