0.00033918
0.00033528
-0.00024315
-0.00041218
-7.2615e-05
-0.0014969
0.00041144
0.00031559
5.5479e-05
0.00091018
-0.00026549
0.00054827
-6.1117e-05
-0.00027786
0.00025706
-0.00041993
-0.0001376
0.00070009
-0.00081378
0.00029567
-0.00032725
2.2534e-05
0.00072354
-0.00064709
-0.00053322
2.4428e-05
-0.00011332
0.0005772
-0.00027248
-0.00032961
-5.2702e-05
-0.00025447
0.00030841
0.00040332
-0.00061093
0.00058237
0.00049897
-0.00031793
-0.00046659
0.00061625
-0.00040302
-0.00036964
-0.00016368
0.00069551
0.0002421
-0.00029003
5.8599e-05
0.00013873
-8.5503e-05
-1.7652e-05
-0.00038412
-0.00030728
-0.00052407
0.00046458
-0.0005349
0.00062686
-0.00061639
0.0003408
0.00041566
-0.00045509
-0.00027366
0.00028163
-0.00038876
-9.7623e-05
-0.00025007
0.00089675
-0.00066249
-0.00055804
-0.00072715
-0.00052436
0.00041383
-0.00065132
0.00068676
0.00042054
0.0005107
-0.00073924
-0.00095928
0.00070308
0.0012098
0.00085527
0.00029609
1.175e-05
0.00042479
1.4606e-05
0.00014154
-0.00047928
0.00025833
0.00032518
0.00030756
-0.00013074
-0.00029723
0.00015454
-0.0010524
-0.00049146
-0.00012743
0.00040746
-0.0002736
-0.00039514
0.00056868
-0.00055327
-0.00036671
-5.7639e-06
6.1616e-05
-0.00058252
0.0012758
-0.00033013
-0.00068084
-9.9011e-05
0.00010389
-0.00010684
-0.000392
4.8292e-05
-4.8675e-05
0.00018851
0.00029937
0.00057432
-0.00031885
-0.00036444
-3.7617e-05
0.00027985
0.00024334
4.6507e-05
-0.00018426
-0.00061835
0.00092476
-0.00095526
0.0001796
-0.00040374
0.00045032
-0.00089599
-0.0006433
6.8019e-05
-0.00017857
-0.00062863
-0.00044973
-0.00033046
7.0963e-05
-0.00029964
-0.0010565
-0.00020124
-0.00048264
0.00072385
0.0010171
-0.00055252
0.00027317
-0.0003973
0.00019187
0.00042649
0.00097162
-8.3244e-05
-0.00028501
5.1106e-05
2.4519e-05
-0.00016827
0.00087906
-0.00021622
-9.6979e-05
-6.3321e-05
-0.00042265
-0.0003189
0.00094135
0.00054457
-0.00032875
-9.5425e-05
-0.00013159
4.871e-05
-1.6415e-05
0.00011424
0.0010365
0.0004638
-0.00070157
0.00026058
0.00051785
0.00042858
0.00020568
-0.00047327
-8.1287e-05
0.00033476
0.00025338
-8.362e-05
0.0001672
-8.9921e-05
0.0011425
-0.00011598
0.00086758
-0.00072062
-0.00016528
-0.00053648
-0.00057841
-0.00068025
2.4166e-05
0.00057898
0.00027712
0.00044723
-0.00013341
-0.00017933
0.00024941
-0.00027907
0.00068962
0.00041023
0.00058328
-0.00042633
-5.1828e-05
-0.0001217
-0.00069272
-1.414e-05
0.00019608
0.00040278
-0.00013308
-0.0012145
-0.00027949
-0.00073589
0.0010024
-0.00012562
-2.8537e-05
-0.00038485
-0.00035064
0.00024085
4.7556e-05
0.00070006
0.00019187
0.00060549
0.00043334
0.00030488
-0.00085682
0.00026207
-0.0001299
0.00077102
-6.4228e-05
-0.00073333
0.00070512
-0.00086439
0.00014476
0.00050047
-0.00092544
-0.00014167
-0.00041283
-0.00032175
0.00013561
6.828e-05
-4.7423e-05
-5.5993e-05
6.644e-05
0.00095158
3.2108e-05
-0.00050115
0.0012879
-0.00048127
-0.00020931
-0.00058984
-0.0001897
-0.00041525
-0.00038038
0.00011408
7.0095e-05
5.1303e-05
0.0010476
0.0006964
-0.00042063
-0.00026442
0.00012668
2.5463e-05
-0.00046759
2.0915e-05
0.00016646
1.6913e-05
8.592e-05
-0.00075096
0.00055905
0.00013852
0.00072218
0.00040396
-5.1516e-05
0.00052014
0.00017108
-0.0001995
-0.00019263
-0.00014644
0.00017624
0.00051101
0.00062586
8.8722e-05
-0.0013406
-0.00075401
-0.00026123
-0.00017861
-0.0010378
-0.00033711
-0.00040148
-0.00020132
0.0006042
-1.3234e-06
-0.0006143
0.0012124
-0.00071149
-0.00031621
-0.00039915
-0.00060227
0.00067853
-0.00071639
0.00091182
0.00017004
1.8268e-05
0.00016434
0.00070951
0.00035628
8.403e-05
0.00040764
-0.00014771
-9.0734e-06
-0.00055507
-0.00040378
-4.1617e-05
0.0001877
-0.00063438
0.00028718
0.00049647
-5.6333e-05
-0.00084614
0.00029665
0.00043517
0.00071496
0.00048499
0.00029065
-0.00073795
0.00080713
-0.00096951
-0.00012402
0.00062095
-0.00034061
0.00021008
-0.00049357
-0.00067328
0.00041548
2.3229e-05
0.00072104
0.00061968
0.00053035
0.00081298
0.00052618
-0.00033137
0.00018013
0.0012076
0.00046267
-0.00082632
-0.00050918
0.00011468
0.00090504
0.00066258
0.00039698
0.00087652
0.0008471
-0.00018845
0.00032952
0.00023563
0.00035712
0.00044985
0.00073708
-0.00016789
-0.00019026
2.5943e-05
0.0006537
0.0011559
0.00013016
2.8044e-05
-0.00061777
-0.00023418
0.00036089
0.00028756
0.00077615
-0.00031205
0.00010219
0.00054541
0.00039645
0.0011546
0.00041009
0.00048922
0.0010033
-0.00032058
0.00012214
0.00020644
-0.00034222
0.00055716
0.00031823
-0.00089965
0.00074867
-6.1375e-05
0.00030614
0.0004639
0.00030646
-0.00081781
5.0424e-05
0.00030026
-0.00019166
0.00029215
-0.00014094
-0.00034
0.00051703
0.0004434
0.00091048
0.00012357
0.00036489
0.00072521
-0.00072645
0.00017069
0.00044554
-5.1239e-05
-0.00056972
-0.00032925
0.00024578
-4.9335e-05
-0.00063983
0.00043809
2.5147e-05
0.00042233
0.00071908
6.2539e-05
0.00019372
-0.00021713
0.00021646
-0.00010537
0.00010339
0.00026495
-0.00044781
-0.00052081
-0.00030268
0.00095257
0.00097363
-0.0010645
0.00011373
-0.00023515
9.6788e-05
0.00059553
7.4274e-06
-0.0011952
0.00072702
0.00054676
-0.00033128
0.0001925
0.00025658
2.233e-05
-0.00059558
5.2007e-05
-0.00027423
0.00049812
-0.00060001
-0.00023964
-0.00021378
-0.00038133
-1.6507e-05
-0.00010613
-0.0008572
-4.2015e-05
-0.0010556
0.00092483
0.00011936
-0.00030291
7.3343e-05
-0.00023517
0.00012815
0.0011673
0.0011559
0.00017983
3.9845e-05
-2.2276e-05
0.00017262
0.00039504
-0.00048353
-0.00018534
0.00046721
0.00061726
8.4352e-06
-0.00068035
0.0004486
-0.00044804
0.00015963
-0.00011045
-2.4835e-05
0.0012047
0.00077629
0.0002284
0.00029626
-0.00056001
0.00013154
-6.7616e-06
0.00033041
0.00029583
7.9974e-05
-0.00062101
0.00018233
5.2972e-05
0.00022642
2.7409e-05
-0.00043426
-0.00054394
0.00050548
-0.00063263
0.00043106
-0.00080805
4.3081e-05
0.00024967
0.00010385
-0.00061031
-0.00044549
0.00021829
-0.00043737
-0.0002935
2.0143e-05
-0.00060575
0.00047551
0.00010571
0.00026232
-0.00038896
0.0002693
0.00058675
-0.00045164
3.724e-05
0.00057245
-0.00069336
0.00078304
0.00036679
0.0010639
-0.0006153
0.0005378
0.0010231
-0.00055426
0.00069532
0.00023194
-0.00084078
0.0002196
0.00069212
-0.00022119
0.00072123
-0.00031186
-0.00029955
0.00083487
0.00040738
0.00012943
0.00032615
-0.0010355
0.00055506
-0.0013438
0.00037486
3.1149e-05
0.00017887
0.0011826
0.00015699
0.00013727
0.00012209
0.00027484
-0.00042959
3.4758e-05
0.00056321
0.00085995
0.00036889
0.00030874
-0.00015442
-5.0383e-05
1.396e-05
0.00026121
0.0001087
0.00015148
0.0010676
-2.5996e-05
0.00039274
-0.00060121
-0.00042612
-0.00044086
0.00089262
-0.00064258
0.00015774
0.00036717
-0.00035821
-0.00043429
0.00056684
0.00027339
0.00020278
0.00041806
-8.3127e-05
0.00023967
-0.00042463
0.00074897
-0.00043278
-0.00021019
0.00015812
-6.869e-05
-0.00024694
-0.0012658
0.00042517
0.00035916
-5.6531e-05
-0.00011998
0.00029459
-4.0565e-05
0.00011196
-0.00022638
0.00039241
-0.00078974
7.9764e-05
-0.00039529
-0.000746
-0.00022619
-0.00030985
1.399e-05
0.00045546
0.0010351
0.00048343
0.00014278
0.00034753
0.0011398
0.00015137
0.00082876
0.00041263
0.00078241
0.00058828
-0.0012472
0.00049642
-0.0011613
-0.00047661
-2.9882e-05
0.00089606
0.00055306
9.9313e-05
0.0004707
-0.00085703
0.00067127
0.00022495
0.00082411
0.00081861
0.0001936
0.0005547
0.00064576
0.00014688
0.0002622
0.00055822
0.00011057
0.00084957
0.00013556
-5.6476e-05
0.0010044
-0.00020679
0.00010271
0.00030312
0.00038585
-0.00044905
0.00043195
-0.00028831
0.00073092
0.00033497
0.00059411
1.3605e-05
0.0004564
0.00046977
-9.2892e-05
0.00033077
4.2988e-05
-0.00086154
0.00035838
-0.00037929
-4.8687e-05
0.0012005
0.00015089
-0.00031254
-0.00019184
0.00062535
0.0001933
-0.00049846
0.00084627
0.00027632
0.00076588
-0.00028831
-0.00057075
0.00057648
0.00024604
0.00032072
0.00090864
-0.00021928
0.00068752
-7.8734e-05
0.00050252
-0.0003761
-1.6026e-06
0.00057532
2.4677e-06
0.0010369
0.00052845
0.00016838
-0.0012845
0.00077954
-0.00042776
-0.00011515
-0.00060541
0.0017709
0.00083704
-0.00032428
0.00024702
-0.00038535
0.0004105
0.0011425
8.4122e-05
4.1227e-06
-0.00081609
0.00029201
0.0002426
0.00020578
-8.2954e-05
-0.00026033
0.0008049
0.0010666
0.00051294
-0.00043715
-8.2162e-05
0.0005594
0.00019923
-0.00055903
0.0011295
0.00014747
0.0014556
0.00072172
0.00015689
0.00114
0.00022618
0.00032398
0.0013573
-0.00053958
0.00051805
-0.00042521
-0.0002806
-0.00025953
-0.00064125
0.0009594
-0.00018613
0.0013428
0.00039251
-0.00084612
-0.00045115
-0.00034424
0.00025269
0.00034998
0.00064557
-0.00079025
-0.00064755
0.00024642
-0.00026476
-0.00031499
0.00025918
0.00077229
0.00094081
3.2702e-05
0.00069611
-0.00035338
-0.0010906
0.00028594
-0.0011873
-0.00019033
0.0002693
0.00022147
0.00088385
-0.00069734
-0.0008589
-0.0001354
-0.00066121
0.0002184
0.00037862
-4.5961e-05
0.00024048
0.00035327
0.00071612
0.00018847
2.9809e-05
0.00036823
0.00017549
2.8788e-05
-6.1183e-05
0.0016429
-0.00075799
-1.3074e-05
6.2632e-05
0.0011199
-0.00056636
0.00022163
-0.00061375
-0.00015291
0.00033673
0.00065097
1.6008e-05
8.6981e-05
0.00026284
6.3422e-05
7.0882e-05
-0.0008231
-0.00084167
0.00067582
3.1893e-05
0.00039881
0.00023612
0.00021389
0.00075099
0.00052499
0.0004086
0.00040471
-5.8975e-05
-0.00061752
0.00096422
0.00055357
0.00012582
-0.00042898
0.0012592
-0.00026281
0.0002763
0.00071444
0.00077949
0.00076749
-0.00020391
-0.00011703
0.0012293
0.00025511
0.00014187
0.00013727
-0.0014196
-7.2171e-05
-0.00024854
-0.00062269
0.00041475
-0.0014227
0.00046475
-0.00099915
-0.00020662
0.00032968
-0.00049322
0.0001982
0.00041374
-4.0014e-05
0.00022981
-4.873e-05
-1.7617e-05
-0.00049768
-0.00067101
-0.0014527
-0.00030383
-8.8633e-05
0.00063092
0.00037352
0.00037867
0.00061698
-0.00081935
-0.0015162
-0.00075482
-0.00030174
-0.00015929
-0.00032975
-0.00023885
-0.00055993
0.00091421
-0.00048992
0.00052208
0.00051261
-1.5538e-05
0.00016743
-0.00060568
-0.00034714
-0.0003436
-0.00024429
-0.0002598
-0.00042916
-0.00033246
-0.00068103
2.0667e-06
8.6593e-06
0.00042495
1.0794e-05
-0.00012364
-0.00046663
0.00041266
-0.00026382
-6.4318e-05
-0.00089514
-6.3133e-05
0.00012403
-0.0001368
-0.00038589
-0.00016245
0.0003768
0.00051622
-0.00061475
0.00052417
-0.00041125
-0.00092449
-0.00050567
-0.00033242
0.00023026
0.00056505
0.00083084
-2.845e-05
0.00091003
0.0007934
1.8297e-05
-0.00021686
0.0006275
0.0012934
-0.00069697
-0.00057397
0.00038679
-0.00020985
2.8375e-06
-0.0014418
-0.0012703
-0.00051225
-0.00066747
6.967e-05
-0.00019363
0.00011113
9.1012e-06
0.00070281
0.00034513
-0.00032429
-0.00041891
0.00075646
0.0002495
-2.496e-05
-0.00090183
-2.1481e-05
-0.00019278
-0.00076696
-0.00061647
-0.00025559
-0.00064953
-0.00019192
0.00051119
0.00061633
-0.00034725
-0.0010948
-0.00029627
0.00011255
-0.00072036
0.00062112
-0.00014569
-0.00038588
0.00014485
0.00021633
0.0003953
-0.00018995
-7.4879e-05
-0.0014234
-0.0013292
-0.00056791
-0.00031551
-0.00022277
8.1469e-05
-0.00048651
-9.2551e-05
-0.00024292
-0.0002088
0.00060973
0.00022173
0.00017584
0.00015956
0.00061294
-0.00053609
-0.00069416
-0.00011588
0.00060094
-0.00053465
0.00065799
-0.00078508
-0.00027798
0.00057564
-0.00057427
0.00030935
-0.00066944
-0.00029215
0.00065198
-0.00071306
5.7951e-05
0.00012982
-0.00091094
-0.00012315
0.00030901
7.9726e-05
0.00030903
-0.00054602
-0.000712
0.00059732
-0.00090844
-0.00093829
-0.00013046
0.0002976
0.00040169
0.00014858
0.00025344
-4.0072e-05
0.00069475
0.00079624
-0.00072483
0.00015756
0.00061685
0.00036319
-0.00081195
0.0012692
-0.00019432
-0.00067216
1.9781e-05
-0.00038841
0.000288
0.00041265
0.00032133
-0.00017704
-0.0011272
-0.00047249
-0.00098167
9.1255e-05
-0.00024092
-0.00039635
-0.0010386
-0.00088648
-0.00041041
-0.00046321
0.00055996
6.3407e-05
-0.00041533
0.00068646
0.00059208
7.1706e-05
-0.00080767
-0.00013964
0.00093061
-0.011814
-0.015608
-0.02105
-0.020281
-0.01744
0.0051137
0.047336
-0.1254
-0.17818
0.052943
0.051183
0.18919
0.28154
0.11305
0.023138
-0.033362
0.13529
0.046399
0.052812
-0.064919
-0.14091
-0.054849
-0.065593
-0.028583
-0.07358
-0.10506
0.0071543
-0.079259
-0.093341
-0.16611
-0.037322
-0.027617
-0.01661
-0.019978
-0.010842
-0.02658
0.020374
0.0081545
0.010988
0.0031215
-0.063504
0.020456
0.0083009
0.038629
0.047504
-0.0058893
0.019737
0.04305
0.089655
-0.028247
-0.011193
0.10895
-0.0057523
0.13067
0.14558
0.07215
0.057504
-0.02467
-0.0014429
-0.056713
0.082948
0.11465
0.095447
0.00045933
-0.0024576
-0.28797
-0.17879
-0.14148
-0.11359
-0.08733
-0.038754
-0.037175
-0.021119
-0.025818
0.00041895
0.022715
0.012402
0.030113
0.015563
0.017462
0.011422
0.009311
0.0034987
-0.00089455
0.0032112
-0.0012673
0.0033848
-0.0037652
0.0022738
-0.002257
0.003657
0.0022465
0.0031131
0.0025047
0.00052062
-0.0029313
-0.0039263
-0.0028861
-0.0044214
-0.0027804
-0.0010763
0.014598
0.012754
0.02229
0.014975
0.018645
0.10178
0.028787
-0.0641
-0.026721
-0.014543
-0.026687
0.0036955
-0.016491
-0.00099791
-0.0047019
-0.021365
0.0012041
-0.01638
-0.005558
0.003838
-0.0091974
-0.1197
-0.11624
0.14001
-0.0055101
0.050574
0.060041
-0.019811
0.0093418
0.025469
0.13306
0.040093
0.0055753
0.11545
0.074236
0.12293
0.069251
0.031678
-0.055014
-0.045554
-0.038506
-0.079935
0.25441
0.072678
-0.34969
-0.12875
-0.13207
-0.087926
-0.06872
-0.024162
-0.039166
-0.0022338
0.0073895
-0.0098633
-0.040904
-0.022516
0.0031375
-0.002383
-0.00028705
-0.0078468
0.0093836
0.013755
0.0041048
-0.062443
0.14566
0.016335
-0.020027
0.038168
-0.01928
0.082941
-0.10294
0.072035
0.047279
-0.017161
0.14971
0.03826
0.094763
-0.0082498
0.010572
0.014024
-0.040686
0.059739
0.0015738
-0.018825
-0.10724
-0.10913
-0.056249
-0.21258
-0.13008
-0.073065
-0.055483
-0.030449
-0.044999
-0.015415
0.010712
0.0062275
0.0093339
0.030239
0.0094148
0.01464
0.017573
0.0078478
0.0010097
0.0023426
-0.002386
-0.0085146
5.1905e-05
-0.0035921
-0.002717
-0.00053004
0.0016351
-0.0027889
0.0033746
-0.011347
-0.0061572
-0.0046327
-4.3235e-05
-0.0002383
0.0079234
0.0042329
0.0045113
0.0096585
0.0037085
0.0016832
-0.001753
-0.004956
-0.0065243
-0.0041368
-0.0074001
-0.0048537
-0.0018777
0.0037161
0.0029634
0.0046582
0.0036146
0.0038158
0.0032255
0.00022067
-0.0024268
-0.0026307
-0.0051523
-0.0036997
-0.0017787
-0.0029973
0.00079334
0.002855
0.0034126
0.0039887
0.0033018
0.0015344
0.0012497
-0.0018109
-0.0027177
-0.003718
-0.0029772
-0.0023305
-0.00093095
-6.0964e-05
0.0028265
0.0032017
0.0009853
0.0016091
-0.00065907
-0.0026228
-0.0033204
-0.0029418
-0.0023856
-0.0012473
0.00030501
0.0010257
0.0022696
0.0014024
0.0025191
0.0022472
0.00097404
-0.00016759
-0.0010462
-0.0013739
-0.00085754
-0.00051092
-0.00029447
-0.0010496
0.00020869
0.0025034
0.0022476
0.001185
0.0012059
0.00019385
0.00017655
-0.0023503
-0.0022138
-0.0014034
-0.00062366
1.6501e-05
0.0005279
0.0023612
0.0028577
0.0019543
0.001325
0.0013669
7.0835e-05
-0.0012815
-0.0014685
-0.0023429
-0.0013006
-0.0020605
-0.00057342
0.00054375
0.0016337
0.0016759
0.0013445
0.0013152
-0.0011867
-0.00079208
-0.0014796
-0.0020394
-0.001413
0.0013913
0.00088677
0.00044288
-0.00049549
-0.0014603
-0.0015858
-0.00063125
9.9236e-05
-0.0002773
-0.00017619
1.4739e-05
0.0012643
0.0010489
0.00075941
0.001063
-0.00019061
-0.00094713
-0.00013185
-0.00078452
-0.00027112
-0.00070928
0.00017648
0.00023187
0.00048071
0.0007057
0.00049625
0.0001666
-0.0010262
-0.0007791
-0.0016255
-0.00059337
-0.0008115
-0.00019367
0.0011046
0.00058578
0.00065004
0.00063835
0.0011041
0.00027278
-0.00032193
0.00014679
-0.00063818
-0.00023908
-0.00037395
0.00011763
-0.00013191
0.0016124
0.00026072
-0.00013809
0.00051604
-0.00027175
-0.00052776
-0.000876
-0.00052865
0.0001402
-0.00080709
0.00034606
0.00080268
0.00078398
0.00082434
0.0008508
0.00088916
0.00014157
-0.0010133
-0.00013677
0.00043902
-0.00062276
-0.00081208
-0.00024627
-0.00024707
0.00051803
-0.0010017
0.00062198
-0.00089322
0.00028348
-0.00011583
-0.00045546
0.00076487
0.001134
0.00027677
0.0006941
-7.0143e-05
-0.00084733
0.00023023
-0.00029095
-0.00053452
0.00031469
-0.00036611
0.00068861
0.00014382
-0.00040067
-0.00049232
0.00014249
0.00013822
0.00044092
-0.00056674
-0.00073028
-0.0010976
-0.0010875
-0.00051935
0.00064298
-8.1795e-06
-0.00030933
0.00016062
-0.00011052
0.00041387
-0.00083103
-0.00017297
-0.00036866
-0.00083072
0.00056115
-0.00054594
-0.00014902
-0.00011356
0.00065398
0.00047384
0.0012346
4.8877e-05
-6.525e-05
-0.00050497
-0.00043677
0.00055696
-0.00031989
-5.0809e-05
0.000632
-0.00087235
-0.00019297
-0.00078842
0.00023242
-0.00093355
-0.00090551
0.00061008
0.00059295
0.00095806
-0.0003208
0.00038878
-0.00025318
0.00035621
-0.00055559
0.00054469
-0.00031917
-0.00019484
9.1851e-05
-0.0010503
0.00022055
-0.0001093
0.00062036
0.00011191
-4.2829e-05
-0.0010823
2.3963e-05
0.00090502
0.00028707
-0.00068056
-0.00039699
-9.0368e-05
0.00087511
-0.00076618
3.2029e-05
-0.0011845
-0.00077635
8.812e-05
-0.00070254
0.00050569
-0.00036067
0.00031399
0.00045805
-2.9322e-05
0.00053145
0.00049463
-7.4077e-05
0.00055876
0.000671
-0.00074537
-0.0004087
0.00057987
0.00077812
0.00010584
8.1205e-05
-0.00023752
0.00017735
0.00022023
0.00040294
0.0002808
-0.00091003
0.00051394
-0.00044645
0.00015475
0.00015364
0.00066495
-0.00046892
-0.00087505
3.4602e-05
0.00013938
-0.0007243
-0.00046002
-0.00013131
-0.0009933
0.00089611
0.00062018
0.00044914
0.00036445
0.00038354
-0.00032893
-0.00095735
9.5526e-05
0.00018693
0.00048849
-0.0002974
0.00012236
-0.0003233
-0.00019895
-0.00078045
-0.00021491
0.00013779
-0.00083159
0.00067439
-0.00023141
-0.00055494
0.00038773
7.9326e-05
0.010828
0.014828
0.020744
0.017745
0.013825
0.096767
0.0080156
-0.052565
-0.034702
-0.021065
-0.023087
0.005551
-0.012321
-0.0072761
-0.01728
-0.035825
-0.015538
-0.022216
-0.0094507
-0.0097604
-0.027008
-0.07831
0.0856
0.00090181
0.026116
0.050572
0.028447
0.050526
0.057246
0.11419
-0.13097
0.19186
0.19326
0.20335
0.041966
-0.093713
0.047009
-0.077259
0.0011493
0.11839
-0.020304
-0.093549
-0.26247
-0.14779
-0.18664
-0.23962
-0.018762
0.0054179
-0.040978
0.021152
0.097099
0.038971
-0.019802
0.0012926
-0.0011424
0.012115
0.0021565
-0.014748
-0.00067238
-0.0016412
0.0075563
0.010047
-0.010512
-0.057675
0.032011
0.08081
0.034644
0.029095
0.0069573
0.0098615
-0.018175
-0.0039268
-0.011641
-0.0078842
0.00055063
-0.0053781
-0.0022522
-0.0029122
0.0052639
-0.0089684
0.0030065
0.0015598
0.0016423
0.0020484
0.0027543
-0.0020481
0.0011599
-0.031796
-0.016585
-0.01487
-0.024667
-0.0095133
-0.0071604
-0.0051781
-0.028835
0.083412
-0.15733
0.039786
0.020857
0.095835
0.28077
0.12003
0.12477
-0.073489
-0.11398
0.038624
0.042592
0.30376
0.099086
-0.24488
-0.13467
0.10927
-0.097153
-0.1947
-0.002563
-0.044374
-0.037468
0.06594
0.017997
-0.014799
-0.014692
-0.0154
-0.0306
-0.031989
0.0025509
0.0038099
0.013988
0.015288
-0.0059305
-0.017602
-0.01405
0.0090224
0.028361
0.020367
0.011753
-0.084389
0.0073077
0.085936
0.035641
0.037678
0.02662
-0.031409
0.0047791
-0.10761
0.056405
0.050789
-0.016384
0.16381
0.076082
0.10884
-0.029038
0.045922
0.0061235
-0.028648
0.14012
0.15749
-0.48854
0.63847
-0.099994
-0.10671
-0.072946
-0.1002
-0.096853
-0.05999
-0.033568
0.032219
0.011218
0.01498
-0.02935
-0.025429
-0.019395
-0.034416
0.0087713
0.0031105
0.0077639
0.011322
-0.0017241
-0.0030114
-0.010905
0.013979
0.011123
0.022315
0.010001
-0.08138
-0.19089
0.097031
-0.035272
0.012298
0.069633
-0.0072057
0.079838
-0.097985
0.090965
0.11657
-0.048238
0.16771
0.01524
0.090904
0.093226
0.01569
0.016402
-0.048359
0.075382
-0.015052
0.38685
-0.95792
0.91934
0.066033
-0.07892
-0.19538
-0.01969
-0.16601
-0.1159
-0.037103
0.032834
0.011993
-0.026968
-0.037583
-0.0088602
-0.028008
-0.017781
0.0052689
0.0067718
0.012949
-0.0020763
0.00052382
-0.00038908
0.0043406
0.021843
0.018476
0.019698
-0.024066
-0.088115
-0.38425
0.034557
-0.0099121
0.025106
0.0061616
0.02685
-0.079205
0.0081643
0.11784
-0.026629
0.2017
0.1136
-0.0044785
0.097367
-0.029127
0.065032
-0.04671
0.0078968
0.038997
-0.087072
0.15266
0.1932
-0.33767
-0.51874
0.023409
0.015843
-0.012787
-0.027951
-0.013217
0.045813
0.033883
-0.023477
-0.021254
-0.0074987
-0.02589
-0.012975
-0.012083
0.0036873
0.0071606
0.0053583
0.0011798
-0.012634
-0.0036477
0.0047907
0.01035
0.019103
0.0051547
-0.098709
0.10927
0.048886
0.040216
0.02496
0.01424
0.0019835
-0.0026473
-0.01419
-0.017488
-0.0075294
-0.0063816
-0.0057467
-0.0031438
0.0020302
0.0089248
0.010494
0.010093
0.0042807
0.0026206
-0.00084575
-0.0049167
-0.0082394
-0.0084039
-0.006925
-0.0033583
3.363e-05
0.0030293
0.0025449
0.0051412
0.0044558
0.0034178
0.0020971
-0.0023468
-0.0043406
-0.0039677
-0.0054892
-0.0042634
-0.002494
-0.00055326
0.0029951
0.0046067
0.0040675
0.0029874
0.0039919
0.0010287
-0.00033577
-0.0025063
-0.0039116
-0.0045569
-0.0028033
-0.0021989
0.00024726
0.0020258
0.0022368
0.0032707
0.0019653
0.0027477
0.0015883
-0.00172
-0.0023717
-0.00442
-0.0039043
-0.0026365
-0.0017653
0.00029385
0.0028357
0.0031873
0.0037596
0.0024754
0.0010116
-0.0010247
-0.0014625
-0.0010478
-0.00079596
-0.0017021
-0.00060878
0.00088264
-0.00048919
0.0010284
-0.00013574
-0.0018074
-0.000867
-0.0020204
-0.0024435
-0.0010735
-0.00087754
0.00037286
0.001271
0.0028764
0.0024103
0.0022116
0.0018673
0.0004018
-0.00015025
-0.00087359
-0.0020869
-0.0028612
-0.0020011
-0.0021137
-0.0010352
0.00096981
0.00077857
0.00049627
0.00087263
0.00087073
0.00057759
-0.00023372
-0.00054271
0.00010705
-0.00026761
0.00035631
0.0016224
0.00051615
0.0015982
0.00033786
0.00011941
0.00042766
-0.00062609
-0.0020076
-0.0018088
-0.00041499
-0.0010107
-0.00049754
0.00025154
0.0013033
0.0016737
0.0026757
0.0011823
0.0012093
-0.00020433
-6.6736e-05
-0.0015306
-0.0015325
-0.00078725
0.00027056
0.0054372
-0.023979
-0.020058
-0.027587
-0.034955
-0.033186
0.042249
-0.033618
0.11095
-0.13457
-0.012842
0.019956
0.13877
0.23889
0.045869
0.11495
-0.03408
0.010751
0.097206
0.056348
0.099768
-0.029638
-0.10809
-0.093738
-0.066422
-0.1073
0.085692
-0.095987
-0.046413
0.015255
-0.017787
0.049128
0.012458
-0.053297
-0.012285
0.0016562
-0.043675
-0.046519
-0.037986
-0.0046213
0.012689
0.011876
0.0292
-0.0082059
-0.019362
0.0033237
0.0040833
0.013731
-0.02077
0.011909
0.023105
0.018257
0.076796
0.0010259
0.019529
0.063926
0.12952
-0.026051
-0.071686
-0.029666
-0.0024467
0.21456
0.29679
0.12539
0.10536
-0.080427
-0.038873
-0.055532
-0.027679
0.058875
-0.033459
-0.026623
-0.063784
-0.057685
-0.1849
-0.13016
-0.062023
-0.027796
-0.026685
-0.02202
-0.013799
-0.0040916
0.016716
0.015319
0.01627
0.0095505
0.002772
0.0054158
0.0070469
0.0047096
-0.0027197
-0.0015794
-0.0046774
-0.0043325
9.5758e-05
-3.5863e-05
-0.0016152
-0.00052578
0.0018116
0.0012582
0.0045827
0.0015489
0.00086188
0.00032789
0.0029971
-0.0011947
4.7785e-05
-0.00052342
0.00028724
0.00033047
0.0009384
-0.0022126
-0.0011793
-0.00010819
-0.00025861
0.00013056
0.0003812
0.00051724
0.0009803
0.0017365
-0.00056605
0.00063096
-0.00043737
0.0086292
0.012461
0.025891
0.013455
0.016778
0.031608
0.026063
-0.064357
-0.060996
-0.0017038
-0.013335
-0.01219
-0.028864
-0.024529
-0.0032502
-0.015268
0.0078193
0.0050296
-0.015075
-0.010053
-0.00016805
0.00593
-0.075253
-0.10075
0.012645
0.046431
-0.0090487
-0.00052517
0.057391
0.082582
0.26862
0.12278
0.0096006
0.012551
-0.069298
0.13717
0.19908
-0.0063893
0.087101
0.0068065
-0.029182
0.058275
-0.078005
-0.045898
-0.067563
0.10911
-0.093739
0.35153
0.048895
-0.10028
-0.14428
0.024374
-0.030657
0.053451
0.018481
-0.037606
0.004861
-0.043766
-0.026853
-0.034415
-0.018029
0.0030086
0.01146
0.0051431
-0.00049045
-0.0053578
-0.0045527
0.0056955
0.025875
0.024518
-0.034012
-0.092521
-0.026931
0.041833
0.0020715
-0.0029014
0.041605
0.052566
0.28526
0.04128
-0.1654
0.036896
0.19045
0.44128
0.24743
0.11498
0.13853
0.01744
0.024097
-0.047023
-0.045301
-0.018972
-0.28511
-0.086957
0.044399
-0.054035
-0.11693
-0.031485
-0.07209
-0.065717
0.029521
0.039965
-0.061684
-0.026756
0.01084
-0.054678
-0.026078
-0.05004
-0.014204
-0.0043254
0.0028856
0.01652
-0.0046744
-0.0022645
-0.0017455
0.0015317
0.016663
0.010075
-0.064468
-0.068127
-0.011165
0.023726
0.00014564
0.0045154
-0.0024696
0.10652
-0.083337
-0.18717
-0.066989
-0.087698
0.13819
0.22203
0.10358
0.079955
-0.091931
-0.077479
-0.014929
0.017646
0.037233
0.11236
0.081235
0.25483
-0.18067
0.05191
0.10166
-0.068678
0.0048949
0.016455
-0.015902
0.01629
-0.019898
0.0068567
-0.0016191
-0.027037
0.02014
-0.014449
-0.010113
0.0099782
-0.0021657
-0.013478
-0.013619
0.0048075
-0.0048817
0.0075235
0.018106
0.0061408
0.014634
0.014041
0.0082432
0.0023499
0.0059695
-0.0039339
-0.0097255
-0.0045872
-0.011856
-0.0090429
-0.0027566
-0.0024293
-0.0026639
0.0051168
0.0050589
0.0041081
0.010652
0.0066919
0.0042044
0.0034336
0.0046142
-0.0033943
-0.0022498
-0.00399
-0.0085579
-0.0048384
-0.0042786
-0.0050527
-0.00071578
0.0023651
0.0028176
0.0052814
0.0051275
0.0032177
0.0036887
0.0023227
-0.00068388
-0.0023276
-0.0046744
-0.0059553
-0.0053524
-0.0035986
-0.002859
-0.0023916
0.0011406
0.002108
0.0045037
0.0061443
0.005293
0.0045644
0.0030861
0.0014142
-0.00057685
-0.0025976
-0.0046378
-0.0038709
-0.0043987
-0.0039717
-0.001786
-0.0018007
0.0012244
0.0037162
0.0023988
0.0029827
0.0035134
0.0021658
0.0013038
8.2374e-05
-0.0014468
-0.0022893
-0.0026189
-0.002655
-0.0015857
-0.0019826
4.1192e-05
0.00068635
0.002952
0.0019994
0.0028857
0.0021989
0.001153
0.00085718
-0.00041765
-0.0011162
-0.0022099
-0.002833
-0.0022081
-0.00042822
-0.0010237
0.00048409
0.00060932
0.0015426
0.0030478
0.0026223
0.0015016
0.00091694
0.00097339
0.00059398
-0.0011213
-0.001601
-0.0029466
-0.0019097
-0.0018961
-0.0015728
-0.00014948
5.2345e-05
0.0017137
0.0022278
0.00042099
0.0011306
0.001196
-0.00034794
-0.00080742
-0.0015226
-0.0016022
-0.0017042
-0.0016165
-0.00040421
-0.0010895
7.9473e-05
0.00083233
0.0012675
0.00027494
0.0018509
0.00020629
0.00030845
-0.00031506
-0.0013972
-0.00040438
-0.00094173
-0.0010276
-0.00070413
6.4251e-05
-0.00055715
0.0005178
0.0016709
0.0007435
0.0015861
0.00098684
0.00087248
0.00029128
-0.00044728
-0.00049888
-0.001299
-0.0012865
-0.00040229
-0.00023078
-0.0010215
0.00046387
0.00017404
-0.00022572
0.00026161
0.00081943
0.0008724
0.00013968
0.00052136
-0.0011514
0.00037798
-9.1064e-05
-0.00092345
-0.00024155
-0.00029457
0.0016602
0.00021825
5.8298e-05
-0.00035657
0.0013301
0.00052065
-0.00024273
-0.00065203
-0.0013212
-0.00061048
0.00061836
-0.00065878
-0.00048757
0.00060018
0.00092852
0.0012304
0.0009315
0.00096353
0.00022089
0.00068833
0.00034362
-0.0011988
-0.00069825
-0.00015993
-0.00012398
-0.000678
-0.00050005
0.00085602
0.00039762
-0.00088555
0.00073853
0.00066379
8.6626e-05
-0.00014505
-0.00024522
-0.00048997
-0.0003888
0.05373
-0.0050211
0.028373
0.018231
0.021372
0.011096
0.04046
0.031892
-0.031042
-0.03639
-0.027056
-0.016397
-0.01815
-0.011075
0.010401
0.0017308
-0.016424
-0.013939
-0.0072198
-0.017721
-0.025313
0.011172
-0.0031539
-0.10453
-0.1956
-0.050387
-0.055056
0.10571
-0.049732
0.1123
0.0098139
-0.00071637
0.07355
0.091768
0.07579
0.14655
-0.082247
0.037367
0.035603
0.16054
0.23871
0.15785
0.013019
-0.22011
-0.061965
-0.02475
0.00038091
-0.15408
0.014216
0.56214
-0.14955
-0.10772
-0.12896
-0.092304
-0.057453
-0.03409
-0.044753
0.017536
0.003281
0.003051
0.038132
-0.019292
0.019316
0.0092298
0.020535
0.0091908
0.020781
0.018092
0.00010279
0.0036293
-0.0058405
-0.0028591
-0.0076526
-0.010334
-0.01279
-0.0092485
-0.0032398
-0.0034181
0.0081469
0.0088413
0.0081093
0.012193
0.012873
0.0073984
0.0056991
-0.0036944
-0.0072519
-0.011893
-0.010237
-0.013293
-0.011092
-0.0099609
-0.006525
-0.0014015
0.0042606
0.0069279
0.0088983
0.0079459
0.01244
0.0093484
0.0080429
0.0058947
0.0022183
0.0007779
-0.00082455
-0.0065385
-0.0081809
-0.0086081
-0.0092771
-0.0068801
-0.0068891
-0.0043714
-0.00019436
0.0032486
0.0036894
0.0059132
0.0053779
0.0071176
0.0057607
0.0034677
0.00018006
-0.0016274
-0.0010795
-0.0019265
-0.0035082
-0.0020744
-0.0019687
-0.0003498
0.00028922
0.00024627
0.0011556
0.00064365
-0.00020561
-0.0010832
-0.0025715
-0.0030016
-0.003138
-0.0010729
-0.00022797
-0.00080631
0.00057006
0.0019922
0.0034161
0.0018419
0.00070281
0.0014535
0.00087675
-0.00066213
-0.0021993
-0.0021295
-0.0023351
-0.0023913
-0.0021772
-0.0013252
-0.00012482
0.00057344
0.00097056
0.001716
0.0008843
0.0013042
0.0010377
0.00014887
-0.00091313
-0.0010293
0.0005406
-0.00034539
-0.0013519
3.126e-05
-0.00096687
0.00095035
0.00064758
0.00032743
4.7429e-05
0.00075983
-0.00023912
-0.00063099
-0.0012658
-0.0012043
-0.00024763
-0.00050855
-0.00076763
-0.00086997
0.00086789
0.0007132
0.0010467
0.0016189
-0.00092258
-1.5415e-05
-0.00070038
-0.00077655
-0.0014314
-0.0012268
-0.0010895
0.00018213
0.00011501
-0.00076808
0.00083866
0.00077262
0.00071905
0.00031268
0.00041104
0.00014159
1.1319e-05
0.00034348
-0.0011077
-0.00045665
-0.00029963
-0.00042245
-6.0185e-05
0.0012289
-0.00041218
-0.0013404
0.00035015
-0.00050038
8.4567e-05
-0.00075579
-0.00042249
0.00012643
6.787e-05
-0.00095675
0.00067743
0.00051056
-0.00041755
0.00069399
0.00059698
-0.00085117
0.0014229
-0.00065673
-0.00061356
-0.001466
-0.00055042
0.00027927
-0.00091022
-0.00033069
-0.0012835
-0.00038324
-0.00013854
0.00092351
-0.00069775
0.00060964
0.00084559
-7.4666e-05
0.00022808
-0.00028009
-0.00032178
-0.00063088
-0.00055815
0.00087874
0.01677
0.016379
0.035352
0.054149
0.052234
0.15585
-0.027877
-0.097012
-0.070264
-0.058351
-0.040179
0.016234
0.011574
0.014882
-0.05095
-0.042111
-0.030741
0.014914
0.019856
0.0072563
-0.010828
-0.23308
-0.0063925
0.10305
-0.072937
0.066522
0.12442
-0.024991
0.0072437
0.12582
0.15023
-0.088867
0.083818
0.19931
0.077342
0.10979
0.11819
0.085459
0.0055555
0.015875
0.0028464
-0.18656
1.0674
-1.1453
0.67782
0.023918
0.13468
-0.1365
-0.16932
-0.09017
-0.081876
-0.011509
-0.0056816
-0.017073
-0.045273
-0.038411
-0.0028046
-0.027194
-0.00092817
-0.0085068
0.00011809
-0.0030561
-0.011606
0.0066368
0.0012198
0.007638
0.0081098
0.014159
0.017844
-0.042082
-0.096116
0.070518
0.051377
0.066016
0.058474
0.058297
0.016837
-0.0086526
-0.037372
-0.037647
-0.032348
-0.011835
-0.010233
-0.00039745
0.0048267
0.0086152
0.0077921
0.0047317
0.0049131
0.0063127
0.016328
0.017706
0.011187
0.0019852
-0.0046723
-0.014845
-0.013268
-0.013975
-0.011428
-0.0078523
-0.0039809
0.00084954
0.0061581
0.0079487
0.010358
0.010354
0.0077417
0.003816
-0.0011064
-0.0054709
-0.0073709
-0.0076382
-0.0046823
-0.0021735
0.0027265
0.0048427
0.0058892
0.0066973
0.0070344
0.0045295
0.0011666
-0.002234
-0.0050766
-0.0059633
-0.0057372
-0.005485
-0.0034873
-0.0013174
0.0011761
0.0024186
0.005188
0.0045748
0.0043064
0.0024375
0.00073116
-0.0030112
-0.0048458
-0.0038773
-0.0033945
-0.0028164
-0.00014053
0.0013603
0.0018797
0.0035053
0.0037023
0.0026703
0.0014441
-0.0009739
-0.0028506
-0.0045406
-0.0047066
-0.0044455
-0.0028205
-0.0018999
0.0013011
0.0028533
0.0041667
0.0039478
0.0037014
0.0030711
0.0019147
-0.00035642
-0.0021738
-0.002171
-0.0035658
-0.002961
-0.0021651
-0.0014791
0.0001598
0.00077135
0.0017321
0.0009927
-0.00021933
0.00071375
-9.807e-05
-0.0017231
-0.0010194
-0.0019665
-0.0014516
9.2403e-05
0.00027757
0.000875
0.0014665
0.0017792
0.0007753
0.00024925
-0.0003876
-0.0015255
-0.0012978
-0.0022644
-2.4949e-05
-0.00018775
-0.00052725
7.9437e-05
0.0013311
0.0017737
0.0018873
0.00087639
0.0016746
0.00098084
-2.1768e-05
-0.0017
-0.0013695
-0.00070285
-0.00066692
0.00051732
0.00035087
0.00068884
0.00082312
4.1008e-05
-0.00077147
-0.00044464
0.00021293
-0.001136
-0.00044063
-0.0007706
9.6935e-05
0.0084504
-0.017863
-0.025282
-0.027244
-0.018138
-0.021409
0.059592
0.011479
0.10201
-0.091924
0.039757
0.0059819
0.11177
0.25213
0.10822
0.10879
-0.060109
0.021779
0.11398
0.086062
0.16141
-0.045891
-0.11953
-0.030459
-0.29799
-0.48639
-0.015237
0.012841
0.025809
0.050092
0.14349
0.058583
-0.096046
-0.089664
-0.082274
0.068288
0.076954
0.041669
-0.0032021
-0.019602
0.057252
0.096241
0.039882
0.23134
0.22957
-0.03938
-0.62451
-0.44126
-0.38502
-0.23598
-0.014093
-0.032535
0.13478
-0.029233
-0.004993
-0.059552
-0.11833
-0.013569
0.0086889
-0.047683
0.16117
0.077127
0.12682
-0.22705
-0.60699
0.15221
0.34705
0.49754
0.38822
0.41575
0.48515
0.37824
0.1855
0.17347
-0.13145
0.063273
-0.004522
-0.055793
-0.1304
-0.15485
0.057031
-0.11292
-0.25608
-0.27912
-0.24138
0.028306
-0.19002
-0.24141
1.9423
-0.42342
-0.14212
0.25092
0.13054
0.16135
0.27062
0.2904
0.18456
0.1199
0.10182
0.052217
-0.01085
0.26572
0.033149
0.023274
0.04415
0.019794
0.04516
-0.0084221
0.025538
0.072578
0.060551
0.039026
0.056488
0.064521
0.086826
0.097053
0.088004
0.047093
0.052887
0.059725
-0.027954
-0.017905
-0.054683
-0.10198
-0.10595
-0.13976
-0.13841
-0.14794
-0.14565
-0.14486
-0.13213
-0.11437
-0.096892
-0.084146
-0.084998
-0.071901
-0.066447
-0.06836
-0.069753
-0.07239
-0.072573
-0.07385
-0.062339
-0.050387
-0.037651
-0.030425
-0.027673
-0.036404
-0.041002
-0.041388
-0.053959
-0.069512
-0.07537
-0.068309
-0.065528
-0.057382
-0.053614
-0.031404
-0.012696
-0.0037059
-0.0021834
0.021713
0.031046
0.026092
0.014517
0.0074132
-0.007301
-0.023613
-0.036522
-0.043119
-0.026677
-0.03222
-0.019123
-0.0035574
0.02223
0.042193
0.061574
0.081039
0.10681
0.12025
0.11561
0.12156
0.11976
0.10554
0.080332
0.065363
0.058886
0.040748
0.024475
0.019656
0.013792
6.0143e-05
-0.026564
-0.026243
-0.0080651
-0.011268
0.0073751
0.014492
0.038093
0.051978
0.058386
0.074278
0.08909
0.091739
0.085521
0.084759
0.073793
0.047782
0.025001
0.011522
-0.011151
-0.030122
-0.039653
-0.047171
-0.062945
-0.062556
-0.049927
-0.042205
-0.032104
-0.012369
0.0045095
0.0062836
0.015944
0.01876
0.012697
0.00026809
-0.011446
-0.028337
-0.049766
-0.065384
-0.079552
-0.087912
-0.087641
-0.083822
-0.077983
-0.066449
-0.042095
-0.028193
-0.00785
0.010578
0.024336
0.027276
0.029017
0.029732
0.018479
0.015967
-0.0011442
-0.013759
-0.031112
-0.041004
-0.054954
-0.061229
-0.064873
