-4.818
-4.8385
-4.823
-4.8259
-4.8344
-4.8346
-4.8208
-4.8353
-4.8076
-4.8079
-4.8393
-4.8306
-4.8311
-4.8192
-4.8518
-4.846
-4.8346
-4.8352
-4.8419
-4.8429
-4.8229
-4.8213
-4.8411
-4.8339
-4.8293
-4.8252
-4.8389
-4.8333
-4.8272
-4.8247
-4.8301
-4.8186
-4.8371
-4.804
-4.8321
-4.8304
-4.8166
-4.8343
-4.8053
-4.8418
-4.8244
-4.8273
-4.8207
-4.8005
-4.8255
-4.8309
-4.8181
-4.8197
-4.8128
-4.7991
-4.8135
-4.8195
-4.8124
-4.8221
-4.8256
-4.8036
-4.8184
-4.8096
-4.8129
-4.8398
-4.8353
-4.8259
-4.811
-4.8276
-4.8318
-4.8228
-4.8279
-4.8292
-4.8498
-4.8358
-4.8304
-4.8265
-4.8492
-4.837
-4.8453
-4.824
-4.8149
-4.8234
-4.8288
-4.8211
-4.8249
-4.8084
-4.8295
-4.8293
-4.838
-4.8131
-4.8209
-4.8248
-4.8157
-4.8207
-4.8201
-4.8285
-4.8301
-4.8541
-4.827
-4.8227
-4.8349
-4.8336
-4.845
-4.8323
-4.8343
-4.8109
-4.8316
-4.8317
-4.8355
-4.8327
-4.8443
-4.8102
-4.8301
-4.8442
-4.8434
-4.836
-4.8462
-4.8252
-4.8295
-4.8402
-4.8389
-4.8437
-4.8423
-4.8363
-4.8388
-4.8349
-4.8367
-4.8352
-4.8304
-4.8328
-4.8457
-4.8397
-4.845
-4.832
-4.8298
-4.8249
-4.8485
-4.827
-4.8285
-4.8365
-4.8378
-4.8272
-4.843
-4.8156
-4.8327
-4.8184
-4.8209
-4.8293
-4.8251
-4.841
-4.8271
-4.8226
-4.8232
-4.8347
-4.843
-4.8383
-4.8267
-4.8165
-4.8472
-4.8345
-4.8269
-4.8107
-4.8409
-4.8505
-4.8146
-4.8375
-4.8441
-4.8317
-4.8154
-4.8096
-4.8257
-4.8169
-4.8155
-4.8164
-4.8134
-4.8212
-4.8214
-4.8192
-4.8165
-4.8228
-4.8111
-4.8066
-4.8031
-4.8191
-4.8211
-4.815
-4.8174
-4.8245
-4.811
-4.8295
-4.823
-4.8324
-4.8259
-4.8154
-4.8278
-4.8435
-4.8224
-4.8194
-4.8324
-4.8397
-4.8353
-4.821
-4.8244
-4.8192
-4.8441
-4.8351
-4.8319
-4.8168
-4.8315
-4.8297
-4.8437
-4.8314
-4.8378
-4.8443
-4.8328
-4.812
-4.8249
-4.8314
-4.8212
-4.8382
-4.8303
-4.8349
-4.8421
-4.8209
-4.8427
-4.8507
-4.8255
-4.8271
-4.8349
-4.8196
-4.8287
-4.8413
-4.8305
-4.8285
-4.8367
-4.834
-4.8286
-4.8086
-4.8371
-4.8449
-4.827
-4.8195
-4.8298
-4.8328
-4.8341
-4.8414
-4.8363
-4.8315
-4.8387
-4.8492
-4.8363
-4.8328
-4.8328
-4.8309
-4.8307
-4.8233
-4.8278
-4.8401
-4.8402
-4.8291
-4.8435
-4.8348
-4.8303
-4.8427
-4.7968
-4.8249
-4.8267
-4.8218
-4.8264
-4.8429
-4.8365
-4.8081
-4.8159
-4.8412
-4.8399
-4.8217
-4.8286
-4.8415
-4.831
-4.8268
-4.8323
-4.8299
-4.825
-4.8364
-4.8341
-4.8281
-4.821
-4.8213
-4.8249
-4.8368
-4.8208
-4.8229
-4.8125
-4.8096
-4.8212
-4.8195
-4.8298
-4.8387
-4.8427
-4.8294
-4.8125
-4.8308
-4.8257
-4.8266
-4.8284
-4.8153
-4.815
-4.8222
-4.8128
-4.8371
-4.8027
-4.8224
-4.8299
-4.8328
-4.8301
-4.818
-4.8285
-4.8115
-4.8146
-4.816
-4.8312
-4.822
-4.8381
-4.8414
-4.8347
-4.8432
-4.8268
-4.8497
-4.8445
-4.8335
-4.8224
-4.8316
-4.8333
-4.8144
-4.8489
-4.8395
-4.8361
-4.8486
-4.8177
-4.8263
-4.8256
-4.8326
-4.8335
-4.8364
-4.8479
-4.8374
-4.8355
-4.8262
-4.8269
-4.841
-4.8303
-4.8471
-4.8468
-4.8394
-4.8259
-4.8407
-4.8383
-4.8208
-4.8379
-4.8346
-4.8329
-4.8349
-4.847
-4.8332
-4.8206
-4.831
-4.829
-4.846
-4.8294
-4.8169
-4.85
-4.8576
-4.847
-4.8411
-4.8236
-4.8292
-4.8067
-4.8237
-4.8207
-4.8412
-4.8314
-4.8252
-4.838
-4.8328
-4.8495
-4.8262
-4.8245
-4.8148
-4.828
-4.8232
-4.8328
-4.8422
-4.8346
-4.8382
-4.8317
-4.8357
-4.8428
-4.8197
-4.82
-4.8234
-4.8162
-4.845
-4.8278
-4.8407
-4.8367
-4.8285
-4.8311
-4.8324
-4.8355
-4.8194
-4.8205
-4.8179
-4.8249
-4.8257
-4.8252
-4.8275
-4.8292
-4.8393
-4.8382
-4.8421
-4.8396
-4.8254
-4.8257
-4.831
-4.8275
-4.8393
-4.8515
-4.8513
-4.8263
-4.8242
-4.8252
-4.8204
-4.8422
-4.8295
-4.8315
-4.8474
-4.8132
-4.837
-4.8491
-4.8487
-4.8515
-4.8285
-4.8382
-4.8398
-4.8348
-4.8277
-4.8207
-4.8319
-4.8354
-4.8536
-4.8403
-4.8466
-4.8422
-4.8232
-4.8356
-4.8117
-4.8296
-4.8229
-4.8397
-4.8286
-4.8108
-4.8299
-4.8319
-4.8485
-4.8236
-4.8477
-4.8317
-4.8401
-4.8182
-4.8348
-4.8286
-4.8375
-4.8218
-4.8394
-4.8443
-4.8529
-4.834
-4.8234
-4.813
-4.8081
-4.8234
-4.8347
-4.8321
-4.8357
-4.8478
-4.8396
-4.8405
-4.8363
-4.8323
-4.8328
-4.8351
-4.8338
-4.8336
-4.823
-4.8255
-4.843
-4.8315
-4.8391
-4.8362
-4.8206
-4.8315
-4.8094
-4.8407
-4.8272
-4.8341
-4.8377
-4.843
-4.812
-4.8224
-4.8315
-4.842
-4.8184
-4.8212
-4.8321
-4.8376
-4.8338
-4.8306
-4.8364
-4.8231
-4.8372
-4.843
-4.8254
-4.8182
-4.8251
-4.8311
-4.8191
-4.8178
-4.8253
-4.8376
-4.8364
-4.8259
-4.84
-4.8143
-4.8292
-4.8322
-4.821
-4.8362
-4.8201
-4.8324
-4.8397
-4.8485
-4.8272
-4.8371
-4.8484
-4.8324
-4.8212
-4.8382
-4.8382
-4.8407
-4.824
-4.8398
-4.8262
-4.84
-4.8489
-4.8362
-4.8434
-4.8344
-4.8397
-4.8327
-4.8453
-4.8423
-4.8515
-4.8272
-4.8422
-4.8301
-4.8298
-4.8361
-4.8171
-4.8211
-4.8438
-4.8187
-4.8442
-4.838
-4.828
-4.8196
-4.813
-4.8177
-4.8152
-4.8219
-4.8167
-4.8244
-4.8286
-4.8241
-4.819
-4.8482
-4.848
-4.8324
-4.8172
-4.8158
-4.8168
-4.8162
-4.8138
-4.8363
-4.8493
-4.843
-4.8546
-4.8582
-4.8389
-4.8266
-4.8362
-4.8191
-4.8169
-4.8334
-4.8164
-4.8164
-4.823
-4.8281
-4.8417
-4.8356
-4.8128
-4.8164
-4.8265
-4.8213
-4.8233
-4.8193
-4.8118
-4.8212
-4.8264
-4.8357
-4.8507
-4.838
-4.8283
-4.8193
-4.8143
-4.8157
-4.8281
-4.8214
-4.8282
-4.8298
-4.8175
-4.8368
-4.834
-4.8134
-4.8149
-4.8147
-4.8118
-4.8076
-4.8312
-4.8265
-4.8307
-4.8253
-4.8411
-4.8196
-4.8373
-4.8241
-4.8115
-4.8196
-4.799
-4.8191
-4.8266
-4.8304
-4.8345
-4.8333
-4.8348
-4.8223
-4.8328
-4.8225
-4.8227
-4.8153
-4.8192
-4.8259
-4.8094
-4.8027
-4.8415
-4.8529
-4.8376
-4.8132
-4.8211
-4.8271
-4.8159
-4.835
-4.8294
-4.8402
-4.8353
-4.8242
-4.8342
-4.8417
-4.8391
-4.8172
-4.8256
-4.8261
-4.8429
-4.8282
-4.8363
-4.8306
-4.8162
-4.8029
-4.8279
-4.8218
-4.8285
-4.8146
-4.8276
-4.8203
-4.8215
-4.8392
-4.8322
-4.8315
-4.8358
-4.8257
-4.8299
-4.8267
-4.8122
-4.8158
-4.8428
-4.8445
-4.8338
-4.8333
-4.8357
-4.845
-4.8111
-4.8228
-4.8109
-4.8372
-4.8293
-4.8237
-4.8301
-4.8187
-4.8178
-4.8197
-4.8225
-4.8188
-4.828
-4.839
-4.8409
-4.8237
-4.8154
-4.8177
-4.8314
-4.8196
-4.8296
-4.8262
-4.8157
-4.8236
-4.8281
-4.8157
-4.8306
-4.8267
-4.832
-4.8256
-4.8332
-4.8309
-4.8131
-4.8193
-4.8084
-4.801
-4.8219
-4.812
-4.8162
-4.8096
-4.8345
-4.8152
-4.8275
-4.8207
-4.8331
-4.8162
-4.8109
-4.8042
-4.8037
-4.8287
-4.8195
-4.8377
-4.8202
-4.8259
-4.8295
-4.8293
-4.8262
-4.8358
-4.8216
-4.8252
-4.8368
-4.8234
-4.8271
-4.8167
-4.8204
-4.8287
-4.8305
-4.8211
-4.8341
-4.8187
-4.8212
-4.8207
-4.8079
-4.8285
-4.812
-4.8088
-4.8384
-4.8424
-4.828
-4.8198
-4.8174
-4.8423
-4.8284
-4.8238
-4.8442
-4.8297
-4.8283
-4.8251
-4.8401
-4.8322
-4.8169
-4.8302
-4.8132
-4.8164
-4.811
-4.8063
-4.8252
-4.8165
-4.8369
-4.8136
-4.8372
-4.8258
-4.8089
-4.8387
-4.8251
-4.8266
-4.8168
-4.8285
-4.8093
-4.7825
-4.7928
-4.795
-4.8041
-4.779
-4.7856
-4.7886
-4.8089
-4.8124
-4.794
-4.8113
-4.8496
-4.8595
-4.8583
-4.8414
-4.8606
-4.8602
-4.8548
-4.8466
-4.8624
-4.8549
-4.8539
-4.836
-4.8289
-4.8154
-4.803
-4.8108
-4.7985
-4.8198
-4.8214
-4.8315
-4.8377
-4.8433
-4.8451
-4.8577
-4.8364
-4.8513
-4.8328
-4.8165
-4.828
-4.8202
-4.8125
-4.8047
-4.7849
-4.7972
-4.7872
-4.8187
-4.8144
-4.8168
-4.8199
-4.8598
-4.8629
-4.8544
-4.8529
-4.8493
-4.8639
-4.8608
-4.8529
-4.8619
-4.8719
-4.8572
-4.8537
-4.8598
-4.8589
-4.8905
-4.8932
-4.8862
-4.8505
-4.8461
-4.837
-4.8302
-4.7902
-4.7876
-4.796
-4.8223
-4.875
-4.8696
-4.8663
-4.8829
-4.8813
-4.8895
-4.8761
-4.8911
-4.8984
-4.8751
-4.8931
-4.8766
-4.8441
-4.8116
-4.8063
-4.8019
-4.7961
-4.763
-4.7709
-4.7782
-4.8544
-4.8963
-4.8996
-4.9293
-4.9539
-4.9613
-4.9234
-4.9085
-4.8816
-4.8811
-4.8412
-4.8442
-4.847
-4.849
-4.8672
-4.8513
-4.8502
-4.854
-4.8418
-4.8489
-4.86
-4.8513
-4.8976
-4.9058
-4.9137
-4.9289
-4.9333
-4.9388
-4.8659
-4.8416
-4.8175
-4.8202
-4.8011
-4.7888
-4.8625
-4.8734
-4.8649
-4.8895
-4.9033
-4.9117
-4.8411
-4.8549
-4.8627
-4.8563
-4.8533
-4.859
-4.8944
-4.8755
-4.9059
-4.8874
-4.8529
-4.8446
-4.8391
-4.8389
-4.8646
-4.8784
-4.8788
-4.8981
-4.9053
-4.903
-4.9136
-4.8911
-4.896
-4.8875
-4.8774
-4.8545
-4.8291
-4.8372
-4.8424
-4.8503
-4.8327
-4.8281
-4.8741
-4.8574
-4.8506
-4.8523
-4.8536
-4.8911
-4.8659
-4.8865
-4.9029
-4.9045
-4.8996
-4.841
-4.8364
-4.8335
-4.8051
-4.8168
-4.8316
-4.8519
-4.8677
-4.887
-4.8931
-4.9055
-4.8992
-4.8934
-4.8869
-4.8861
-4.9061
-4.9038
-4.9085
-4.885
-4.8957
-4.8762
-4.9019
-4.8897
-4.8766
-4.8571
-4.8443
-4.8771
-4.8676
-4.8629
-4.8396
-4.8783
-4.8879
13.827
16.097
17.747
19.529
12.271
8.5108
2.9818
-0.10427
-0.11252
-0.098799
-0.075344
-0.056991
-0.088537
-0.095033
-0.1143
-0.11688
-0.11546
-0.11927
-4.0415
-2.7322
-2.1032
-4.5427
-6.87
-6.807
-6.2175
-6.6869
-6.6484
-7.7557
-11.794
-24.86
-29.731
-25.968
21.191
22.477
27.359
25.636
25.467
24.751
12.616
10.111
8.6389
6.5659
4.2031
2.9368
1.6357
0.44576
-1.0541
-0.83715
-0.066034
-0.021505
-0.047772
-0.031223
-0.070819
-0.048232
-0.065648
-0.056228
-0.062851
-0.089469
-0.11895
-0.15057
-0.062198
-0.097343
-0.10224
-1.9859
-9.185
-9.8895
-8.1331
-8.3927
23.304
25.246
26.07
26.393
26.728
25.781
20.058
17.653
15.014
11.995
9.2848
-1.4643
-0.82271
-0.62674
-0.89602
-0.78206
0.12842
0.92005
1.0825
1.0973
1.7412
2.3584
2.4409
2.2819
1.3403
1.4466
1.4042
1.3896
1.5842
-3.6612
-4.0583
-4.8764
-6.6677
-8.5094
-9.2127
-8.9466
-8.3709
-8.543
-10.027
-12.647
-19.789
-31.447
6.6422
8.4224
11.812
15.742
18.565
19.345
19.319
20.529
19.635
18.969
19.341
19.21
26.459
24.93
21.499
11.938
6.4813
0.8005
0.11816
0.07794
0.11663
0.071506
0.073616
0.065577
0.058251
0.028381
0.063085
0.022971
0.015363
-0.0016844
0.010394
0.012093
0.0037049
0.046359
0.0097212
-9.46
-17.005
-11.287
-6.1564
-4.7526
-4.4883
3.3208
8.7351
10.677
4.691
21.588
20.124
19.144
19.034
19.486
7.4793
23.151
30.558
27.164
6.6044
3.9215
5.4748
4.8614
0.063231
0.048774
0.015488
0.012034
0.07291
0.025384
0.016026
0.025374
0.018129
0.023464
0.018635
0.012258
0.011114
0.018011
0.038561
0.0088005
0.025722
0.0046686
0.0040557
-12.246
-14.877
-11.663
-5.5332
0.67099
6.0664
10.494
14.964
19.083
23.543
15.041
13.179
11.573
10.395
9.4764
8.7746
8.307
8.2209
8.2404
11.59
12.047
12.344
12.536
12.716
12.811
12.758
15.639
16.111
16.304
16.221
16.018
15.794
15.35
14.583
13.745
8.119
8.2723
8.5219
8.9423
9.6472
10.492
11.302
12.044
14.587
13.441
12.745
12.043
11.416
10.869
10.321
9.8956
9.6268
9.5327
12.317
12.869
13.368
13.792
14.089
14.307
14.404
10.749
10.22
10.094
10.101
10.227
10.503
10.87
11.277
14.036
13.172
12.807
12.39
12.002
11.628
12.301
12.628
12.902
13.157
13.418
13.625
13.737
13.781
13.751
13.643
13.226
12.975
12.697
12.402
12.106
11.857
12.418
12.604
12.798
12.694
12.487
12.268
12.037
11.788
11.563
11.386
11.194
12.035
12.786
12.99
13.15
13.272
13.339
13.354
13.321
11.434
11.324
11.276
11.339
11.442
11.573
11.753
11.905
12.055
12.234
12.359
12.197
11.886
11.845
11.803
11.814
11.854
11.941
12.052
12.205
12.376
12.758
12.598
12.369
11.803
11.986
12.611
12.647
12.67
12.643
12.593
12.518
12.423
12.075
12.004
11.998
11.967
11.975
12.004
12.064
12.382
12.365
12.34
12.279
12.24
12.151
12.056
11.554
11.622
11.719
11.815
11.941
12.742
12.529
12.436
12.334
12.226
12.127
11.893
11.903
11.94
11.956
11.982
12.031
12.007
11.997
11.99
11.959
11.948
11.932
11.935
12.229
12.288
12.334
12.401
12.427
12.466
12.474
12.032
11.968
11.856
11.813
11.773
11.712
11.683
11.691
11.881
11.951
11.996
12.064
12.089
12.134
12.167
12.208
12.184
12.194
12.218
12.232
12.255
12.248
12.069
11.99
12.008
12.042
12.088
12.185
12.174
12.166
11.984
11.986
11.954
11.942
11.933
11.935
11.944
11.977
11.99
12.028
12.149
12.172
12.162
12.177
12.161
12.089
12.068
12.061
12.025
12.035
11.974
11.975
11.97
11.982
11.977
11.994
12.028
12.041
12.046
12.054
12.065
12.07
12.103
12.116
12.113
12.119
12.113
12.041
12.042
12.023
12.025
11.999
11.995
11.985
11.999
12.018
12.054
12.071
12.056
12.05
12.045
12.054
12.02
12.005
12.024
11.988
11.981
11.996
11.972
11.959
11.968
11.995
12.012
12.01
12.013
12.038
12.047
12.049
12.083
12.086
12.085
12.08
12.072
12.056
12.052
12.016
12.012
11.994
11.998
11.998
11.992
12.015
12.026
12.045
12.026
12.041
12.04
12.048
12.027
12.038
12.039
12.03
12.023
11.992
11.985
11.974
11.967
11.958
11.952
11.967
11.947
11.96
12.006
12.016
11.995
12.041
12.029
12.008
12.007
12.021
12.005
12.005
11.999
12.008
11.982
12.001
11.973
11.977
11.972
11.994
11.992
11.958
11.978
11.973
12.043
12.051
12.047
12.043
12.062
12.032
11.963
10.866
9.1477
6.9272
4.1706
-7.6098
-8.3881
-9.1059
-12.28
-17.198
-28.072
-26.4
-2.048
2.5664
6.9904
7.8959
6.7005
8.8461
28.329
27.225
26.651
27.34
27.916
26.902
32.555
37.733
38.938
31.444
18.881
14.377
7.739
1.8792
0.13761
0.094563
0.052579
0.042433
0.06794
0.0547
0.0908
0.093695
0.058405
0.050711
0.023568
0.001946
0.012692
0.042614
0.015372
0.02645
-2.0276
12.594
13.916
15.334
14.84
10.196
-4.4997
3.6807
7.0836
23.826
18.631
19.632
21.24
21.724
20.949
17.495
15.596
14.77
19.245
7.727
4.863
3.1853
-6.419
-4.5581
-3.2287
-2.947
-1.8884
-0.44312
-0.22405
1.5304
2.24
3.24
3.5634
4.104
4.0568
3.7141
2.9478
2.7722
2.483
1.981
1.7941
1.7271
6.0891
8.2156
16.421
17.72
18.751
19.675
7.9628
2.2861
0.040169
-0.0576
-0.054587
-0.028392
-0.0025914
-0.062662
-0.035972
-0.064986
-0.077997
-0.071962
-0.083938
-0.092899
-0.046357
-0.064441
-0.11257
-0.085626
-0.097415
-0.12776
-14.638
-11.697
-8.9541
-3.2086
1.7795
3.0789
1.7215
-6.6797
0.18765
4.0099
8.7171
14.492
17.869
18.99
9.0574
8.8706
9.5023
11.761
13.577
13.785
-3.9816
-3.092
8.6682
20.059
10.334
9.8602
10.238
8.1844
6.6409
3.5097
0.6685
0.08075
0.10802
0.11359
0.10279
0.051661
0.050293
0.067101
0.066682
0.079297
0.051353
-0.0098028
0.016449
0.025737
0.013525
-11.051
-19.196
-12.046
-14.229
-3.3904
2.1498
2.5514
0.057317
-6.5308
-8.7445
-1.0281
0.89544
3.1579
7.566
10.425
10.069
10.137
10.023
11.388
11.671
11.536
12.133
1.5266
1.1662
9.3696
21.276
24.558
19.582
5.7422
2.0495
-0.41472
0.94638
-0.013699
0.017231
0.054076
0.02164
-0.0087958
-0.01822
-0.0062323
0.00395
-0.0055238
-0.019047
-0.029781
-0.056954
-0.077505
-0.054114
-0.060214
-0.060192
-0.028089
-7.2739
-9.2785
-11.619
-14.369
-11.358
-0.31574
-5.2525
-9.0433
-12.563
-14.768
-13.17
-8.4781
17.664
22.193
23.698
23.146
22.57
17.92
17.118
17.279
16.947
14.84
11.881
8.6457
5.5644
4.0855
18.195
22.753
16.295
6.1244
4.1697
5.56
5.814
0.0038346
-0.00057112
-0.017183
0.0014279
0.00053063
-0.0087945
0.0043481
-0.01665
0.0094886
-0.0045328
0.0049074
-0.0018932
-0.078614
-0.03693
0.024258
-0.018218
0.018813
0.01594
-9.693
-19.822
-16.054
-12.578
-17.368
-22.932
-22.523
-18.429
-14.782
2.4918
5.9747
6.8762
6.9879
8.6291
8.9447
10.055
10.711
9.2523
8.19
6.4888
23.257
15.596
13.526
8.1824
-3.6484
-5.4209
-6.0333
-6.4634
-6.3364
-5.6747
-5.5043
-4.9715
1.5808
2.4587
3.4226
3.8875
4.0521
3.2897
2.4879
1.4607
0.25593
-1.9255
-2.2218
-2.1106
-1.7256
-1.1519
-0.45399
4.908
4.9918
4.9317
4.794
4.3518
3.769
-1.1409
-1.0425
-0.76678
-0.38838
0.097684
0.67816
4.5602
4.5904
4.3287
3.912
3.4544
0.66763
0.1903
-0.10822
-0.26333
-0.30897
1.8044
2.3382
2.8594
3.3316
4.0023
3.7056
3.3282
2.8988
2.4202
0.63209
0.4642
0.45324
0.59494
0.91261
1.21
1.5355
4.1059
4.2053
4.2572
4.1852
3.9552
3.6754
1.1474
1.1559
1.3076
1.5184
1.6967
1.9365
3.0311
2.9627
2.8229
2.662
1.6722
1.6192
1.5851
1.6392
2.5956
2.8375
3.0404
3.1975
3.2803
3.1125
2.914
2.6324
2.3854
2.1245
1.2806
1.3161
1.4043
1.5689
1.7538
1.9886
3.1347
3.1583
3.1334
3.06
2.935
2.8037
1.9813
1.9809
2.0153
2.0699
2.1614
2.2773
2.6868
2.64
2.5722
2.4937
2.3588
2.2111
1.7858
1.8268
1.8954
2.0272
2.1735
2.3634
3.0516
2.8713
2.7286
2.5716
2.369
2.1147
1.6816
1.7619
1.8889
2.0982
2.7566
2.7894
2.8389
2.8324
3.574
11.616
13.223
15.187
16.856
18.803
20.92
0.075681
0.092353
0.05276
0.064139
0.041935
0.028941
0.062597
0.038224
0.02234
0.040966
0.068879
0.055504
0.047487
0.011399
0.032153
0.021087
0.036579
-0.00030062
0.015307
-0.17318
-6.0448
-5.266
-3.0247
-6.0265
-10.889
-17.69
-17.868
-10.242
-5.5214
-3.1437
-0.51151
15.541
12.017
10.66
3.0154
5.9989
7.628
7.0958
6.2711
6.1647
4.4134
3.8798
2.3858
-0.020253
-1.9725
-2.4278
-6.3279
-12.02
-0.22964
-0.16326
-0.20685
-0.18113
-0.17396
-0.14975
-0.19203
-0.1245
-0.12088
-0.13824
-0.1207
-0.16374
-0.17211
-0.14953
-0.1561
-0.13531
-9.9832
-10.472
-11.103
-13.068
14.494
18.415
21.395
22.479
23.3
20.625
18.487
17.317
6.2836
5.1957
3.0697
1.7806
1.2536
-0.017443
0.079805
-0.20082
-0.18118
1.6547
2.1342
2.2094
2.0927
2.2701
2.3565
1.9287
1.4227
0.57439
0.67335
0.54469
0.34651
0.22824
0.29191
0.22487
0.16723
0.1109
0.26798
0.40597
0.35818
0.19813
0.44174
0.42426
0.37565
0.37298
0.11486
0.15661
0.11305
-0.063814
-0.16616
-0.12831
-3.4786
-6.2309
-7.8663
-8.4146
-8.4403
-22.178
-19.821
-19.702
-19.789
-19.62
-16.241
0.15714
1.1209
2.2139
6.0244
10.491
12.519
12.881
11.633
10.577
12.856
18.18
17.79
13.856
10.657
9.6712
9.2014
9.3568
1.7962
0.70866
-0.0034332
-0.038237
-0.0065724
-0.030056
-0.033728
-0.072133
-0.071615
-0.059759
-0.053179
-0.031202
-0.03213
-0.035161
-0.03691
-0.033103
0.006934
-0.0087337
-0.041919
-16.434
-17.63
-16.461
-15.604
-11.937
-20.203
-18.955
-12.261
-9.1903
-9.8002
-9.7402
4.6516
6.5142
7.0832
10.819
15.712
16.317
16.691
15.02
12.84
11.566
10.266
4.3023
8.8861
9.1455
8.9893
8.7435
-1.1376
-3.0051
-4.1723
-2.3485
-0.59006
-0.088233
-0.047339
-0.085009
-0.092518
-0.05908
-0.055133
-0.075108
-0.086716
-0.047659
-0.05546
-0.062912
-0.060976
-0.05472
-0.071492
-10.552
-10.109
-20.246
-18.646
-14.98
-16.199
-15.516
-16.272
-29.573
-25.676
-18.387
-16.401
-15.461
-13.924
-11.79
-4.9234
12.585
11.438
9.4494
11.303
0.36264
-3.1853
-5.6768
1.2619
9.1423
13.671
13.2
13.508
13.407
1.5061
-0.13449
-0.1317
-0.10973
-0.12683
-0.16981
-0.15343
-0.16346
-0.16158
-0.14957
-0.11237
-0.12531
-0.16986
-0.16836
-0.17518
-0.16836
-0.1208
-0.14092
-0.14351
24.085
23.08
25.07
23.293
21.845
21.843
21.8
22.587
21.783
23.99
24.788
25.338
24.909
23.659
23.612
23.436
23.112
23.528
25.629
25.867
25.775
25.481
22.466
21.71
21.184
20.697
20.063
19.095
19.238
19.508
19.8
22.974
23.41
23.882
24.271
24.461
24.331
24.099
23.837
20.967
20.466
19.993
19.617
19.316
19.238
20.057
20.45
20.912
21.299
21.766
22.242
22.664
23.487
23.171
22.893
22.522
22.149
21.767
19.559
19.673
19.879
20.179
20.474
20.782
21.094
22.959
23.116
23.203
23.25
22.304
21.998
21.654
21.301
19.884
19.836
19.86
19.96
21.167
21.468
21.772
22.012
22.772
22.728
22.648
22.53
22.389
22.162
20.625
20.469
20.355
20.321
20.297
20.335
21.535
21.724
21.883
22.04
22.177
22.255
22.31
21.563
21.394
21.21
21.048
20.883
20.727
20.613
20.903
21.035
21.203
21.355
21.525
21.908
21.834
21.717
21.589
21.439
20.924
20.825
20.753
20.683
20.66
20.908
21.019
21.138
21.246
21.804
21.812
21.757
21.693
21.196
21.105
20.998
20.903
20.83
20.811
20.855
20.921
21.011
21.118
21.569
21.59
21.627
21.623
21.249
21.165
21.068
21.012
20.924
20.809
20.836
20.888
20.935
20.999
21.078
21.158
21.494
21.484
21.458
21.434
21.366
20.931
20.9
20.846
20.833
20.806
20.987
21.032
21.11
21.155
21.351
21.317
21.301
21.265
21.019
20.962
20.949
20.898
20.869
20.901
20.923
20.953
21.175
21.221
21.226
21.258
21.219
21.174
21.132
21.106
20.89
20.883
20.873
20.885
20.887
21.012
21.034
21.069
21.099
21.14
21.187
21.186
21.15
21.124
21.09
20.895
20.871
20.868
20.966
21.022
21.029
21.072
21.095
21.059
21.041
21.018
20.996
20.912
20.887
20.89
20.903
20.906
21.199
20.547
19.393
17.444
2.4981
1.0543
0.73349
0.075615
-8.6978
-2.5772
3.4711
8.5684
22.77
24.227
25.525
26.711
26.92
26.712
27.899
30.108
32.063
32.668
31.541
30.976
31.953
44.052
42.858
40.339
41.035
36.346
29.291
16.813
14.035
5.8386
0.36747
0.36264
0.36259
0.32247
0.22362
0.28153
0.28657
0.30789
0.31266
0.20868
0.23472
0.24155
0.24006
0.25622
0.24378
0.24336
0.20879
-7.3649
-11.619
-13.328
5.6278
10.178
13.255
16.651
19.829
22.182
21.431
18.831
14.962
7.2683
6.109
2.0986
-1.582
-2.444
-8.8704
-9.7275
-10.366
-9.2955
-2.7274
-1.3348
0.3266
2.5991
7.3458
7.6259
7.0926
6.1594
5.4593
-0.64165
-2.223
-3.5887
-4.5561
-5.2566
-7.8507
-7.7486
-7.4947
-6.7894
-5.8545
3.2205
4.3852
5.1294
5.5839
5.7881
1.6726
0.58144
-0.29177
-1.1098
-4.7207
-4.7917
-4.9488
-5.035
-4.8761
-4.5895
-4.4955
-1.6931
-0.79666
-0.095471
0.55667
1.3117
2.1035
2.4802
-0.87646
-1.7107
-2.3769
-3.1437
-3.9149
-4.4997
-4.2522
-3.9699
-3.566
-0.7844
-0.64275
-0.54172
-0.38274
-0.29589
-1.0661
-1.3692
-1.7255
-2.0433
-2.8085
-2.7129
-2.4947
-2.2583
-2.0083
-0.50003
-0.26674
-0.11654
-0.065072
-0.029903
-0.45469
-0.67849
-0.94419
-1.2276
-1.4729
-2.3094
-2.2167
-2.0743
-1.9475
-1.731
-0.38649
-0.38087
-0.37937
-0.43552
-0.52088
-1.3558
-1.5459
-1.7291
-1.8754
-1.8762
-1.772
-1.6312
-1.4639
-0.71879
-0.64973
-0.59666
-0.59596
-0.635
-1.1683
-1.3385
-1.4657
-1.5876
-1.9006
-1.8502
-1.7759
-1.6657
-1.0211
-0.94295
-0.86435
-0.81537
-0.83169
-0.89579
-0.979
-1.0675
-1.5759
-1.6287
-1.6771
-1.6959
-1.6795
-1.2261
-1.1254
-1.0374
-0.95989
-0.89238
-1.0564
-1.1351
-1.2304
-1.3273
-1.3968
-1.4749
-1.5357
-1.4538
-1.3773
-1.3073
-1.2401
-1.163
-0.94483
-0.9799
-0.99929
-1.0766
-1.4449
-1.4803
-1.509
-1.4989
-1.4124
-1.3475
-1.3024
-1.2315
-1.0857
-1.068
-1.0872
-1.1087
-1.28
-1.3282
-1.36
-1.3827
-1.4231
-1.4211
-1.4055
-1.3491
-1.1479
-1.1322
-1.1248
-1.1072
-1.192
-1.2379
-1.2738
-1.3277
-1.3747
-1.3778
-1.3537
-1.3197
-1.1323
-1.115
-1.0776
-1.0699
-2.843
-3.7868
-5.9767
-8.257
-13.041
-12.696
-12.357
-13.217
-14.143
-25.647
-38.724
-41.328
-34.611
-31.802
-26.766
28.281
25.716
22.408
20.494
19.719
34.964
42.981
42.943
31.377
30.347
27.764
28.682
29.186
0.10943
0.10587
0.14558
0.096929
0.070029
0.056125
0.089053
0.094613
0.076461
0.039193
0.050142
0.045518
0.0089672
0.047803
0.024349
0.060242
0.007657
-2.3425
-13.088
-17.52
-20.253
-23
-21.545
-16.188
-12.561
-16.602
-9.3813
-1.8976
4.5376
17.924
17.875
18.327
20.263
23.835
25.396
26.554
16.717
15.512
14.922
13.948
11.914
22.28
27.233
21.922
16.947
13.891
6.394
-0.0080949
-10.084
-11.657
-11.692
-10.502
-4.5543
-3.0529
-2.1949
-1.5715
-1.212
-1.9126
-2.9714
-3.822
-4.2676
-7.4503
-9.3742
-10.72
-11.997
-11.946
-11.698
-11.44
-6.6772
-5.4616
-4.3514
-3.2279
-1.3964
-1.7732
-2.504
-3.4804
-8.3186
-9.4172
-10.173
-10.65
-10.852
-10.399
-9.739
-8.913
-3.8227
-3.4242
-3.2313
-3.3436
-3.7739
-6.8529
-7.7764
-8.6591
-9.4994
-11.142
-10.878
-10.461
-9.9145
-9.3015
-5.7017
-5.2153
-4.8835
-4.6866
-7.1763
-7.8904
-8.5609
-9.2109
-10.77
-10.852
-10.778
-10.554
-7.8427
-7.35
-6.9073
-6.6018
-6.3723
-7.7852
-8.3246
-8.8162
-9.2694
-9.6478
-9.9592
-10.217
-9.0886
-8.6196
-8.1251
-7.6242
-7.1228
-6.7194
-7.0997
-7.5443
-8.0256
-8.4552
-8.8682
-9.2753
-9.7587
-9.4924
-9.1883
-8.8609
-7.2017
-7.0857
-7.0941
-7.17
-7.989
-8.22
-8.4553
-8.6545
-8.8025
-8.9006
-8.7488
-8.5519
-8.3375
-7.5221
-7.4629
-7.4305
-7.4708
-8.363
-8.5652
-8.7619
-8.961
-9.0932
-9.1747
-8.3197
-8.1096
-7.8919
-7.7287
-7.5672
-7.4486
-7.9234
-8.0988
-8.2856
-8.4278
-8.8384
-8.8069
-8.7546
-8.6669
-8.0926
-7.9865
-7.9249
-7.9081
-7.8801
-7.893
-7.9315
-8.4557
-8.4747
-8.498
-8.4893
-8.4593
-8.4052
-7.8379
-7.8369
-7.8144
-7.5199
-5.5732
-3.1977
14.296
17.33
20.152
11.691
7.9357
-0.076488
-0.052551
-0.046345
-0.088271
-0.13236
-0.097672
-0.095892
-0.091305
-0.076537
-0.079726
-0.10538
-0.0975
-0.093197
-0.12431
-1.7699
-10.581
-5.6551
-5.8306
-8.1528
-10.936
-9.7538
-16.483
-20.627
-30.479
-37.422
-41.548
-47.512
-50.474
-51.002
-49.771
-46.759
-50.723
-49.62
-51.717
-54.752
-2.9153
-0.91522
-0.48247
-0.40593
-0.41788
2.2784
1.8639
1.1766
1.0042
0.77464
-0.28214
-0.26881
-0.27787
-0.28782
-0.25718
-0.27106
-0.2838
-0.28462
-0.27794
-0.27353
-0.23251
13.501
14.393
12.927
12.092
10.842
9.4744
4.9019
5.2334
4.8081
4.4692
4.3375
5.5623
0.61933
1.1634
1.0481
0.47566
0.94931
5.8357
5.7832
8.6378
13.95
-0.83711
-1.7756
-5.1255
-4.3872
-5.6919
-3.8329
-4.2105
-2.8027
-1.7127
-1.6107
-2.6747
-3.1304
-2.6736
-2.3718
-1.7912
-1.1282
-1.3188
-0.63111
-0.60552
-0.44386
-0.31223
-0.22929
-0.1674
-0.20197
-0.14658
-0.089546
-0.012369
0.047224
0.05829
0.029397
0.0026393
0.027283
0.0083736
0.0091707
0.032765
0.021535
0.038469
0.029429
0.048704
0.046622
0.034608
0.060385
0.063273
0.069605
0.10651
0.077952
0.069326
0.046128
-0.045173
-0.030312
-0.030422
-0.029128
0.029806
0.034998
0.066317
0.10744
0.074403
0.05953
-0.02001
-0.091804
0.12342
0.085113
0.080704
0.092715
0.088985
0.13062
0.083916
0.11065
0.11976
0.047905
0.0087722
0.1053
0.086494
0.097671
0.11339
0.070706
0.054412
0.044168
0.027341
-0.038214
-0.035624
-0.016302
-0.011244
0.033505
0.051084
0.050755
0.056373
0.047426
0.053241
0.069719
0.056812
0.037481
0.043385
0.04802
0.045352
0.025381
0.022959
-0.02142
-0.0097052
-0.011678
-0.00042174
0.0073238
0.0090014
0.0098728
-0.0032487
0.015804
9.1736e-05
0.01723
0.0064386
0.010397
-0.033845
-0.02206
-0.014713
-0.046303
0.030869
-0.046608
-0.033892
-0.043631
-0.050649
-0.050491
-0.051956
-0.045437
-0.0034552
-0.015277
0.063841
0.058049
0.051083
-0.017906
0.073916
0.028831
-0.079847
-0.10691
-0.10032
-0.084862
-0.048488
-0.065224
-0.073765
-0.04386
0.042981
0.0392
-0.081318
-0.031614
0.064089
0.036398
0.081085
0.054233
0.012253
0.0020636
0.0049992
0.056399
-0.06244
0.0014781
0.042398
0.069187
0.019671
-0.085712
-0.087732
-0.090283
-0.053459
0.029031
0.036695
-0.0019173
-0.089999
-0.084197
-0.051161
-0.027696
0.0077328
0.0042308
-0.04875
-0.074343
-0.054086
