-1.5819
-1.571
-1.5639
-1.5892
-1.5866
-1.567
-1.5632
-1.5564
-1.5658
-1.5539
-1.5436
-1.5548
-1.5602
-1.5611
-1.5734
-1.5656
-1.5802
-1.5783
-1.574
-1.5581
-1.5753
-1.5794
-1.5717
-1.591
-1.5742
-1.5921
-1.591
-1.5984
-1.61
-1.6106
-1.6046
-1.6183
-1.594
-1.6062
-1.5914
-1.5857
-1.5989
-1.5822
-1.599
-1.5843
-1.6119
-1.6097
-1.5986
-1.6007
-1.6047
-1.5945
-1.5794
-1.6035
-1.5915
-1.6028
-1.604
-1.5925
-1.6104
-1.6017
-1.5973
-1.6022
-1.5991
-1.6102
-1.6157
-1.6061
-1.5982
-1.6048
-1.5901
-1.5904
-1.5889
-1.5911
-1.5998
-1.5933
-1.5693
-1.5816
-1.5936
-1.5904
-1.5902
-1.5654
-1.5817
-1.5928
-1.5854
-1.5896
-1.5972
-1.599
-1.6152
-1.6099
-1.6238
-1.6136
-1.5965
-1.6239
-1.6241
-1.5894
-1.6073
-1.6092
-1.6321
-1.612
-1.613
-1.596
-1.5931
-1.6045
-1.5841
-1.5779
-1.5867
-1.5876
-1.5776
-1.591
-1.5759
-1.5944
-1.5878
-1.5987
-1.5745
-1.6005
-1.5898
-1.5584
-1.5617
-1.5762
-1.5832
-1.592
-1.5818
-1.6018
-1.602
-1.6028
-1.5785
-1.5706
-1.5556
-1.5488
-1.5613
-1.5669
-1.5683
-1.5631
-1.5514
-1.5404
-1.5637
-1.5764
-1.5782
-1.5762
-1.5649
-1.581
-1.5815
-1.5786
-1.5799
-1.5675
-1.5756
-1.5801
-1.5784
-1.5874
-1.5896
-1.6043
-1.6147
-1.6033
-1.6161
-1.5912
-1.6022
-1.5874
-1.5893
-1.5822
-1.5889
-1.5921
-1.5743
-1.5847
-1.5922
-1.5893
-1.5631
-1.5804
-1.5806
-1.56
-1.5642
-1.5787
-1.5931
-1.6092
-1.6095
-1.6012
-1.6148
-1.5981
-1.5965
-1.5946
-1.6024
-1.6133
-1.6162
-1.619
-1.6259
-1.6178
-1.6009
-1.6008
-1.5845
-1.5916
-1.583
-1.5724
-1.5728
-1.5598
-1.5548
-1.5461
-1.5369
-1.5254
-1.5199
-1.5229
-1.5158
-1.5391
-1.5244
-1.54
-1.5395
-1.5567
-1.5576
-1.5455
-1.5686
-1.5579
-1.5807
-1.5831
-1.5721
-1.5554
-1.554
-1.5599
-1.5473
-1.5554
-1.5654
-1.5689
-1.5716
-1.5613
-1.5701
-1.5774
-1.5785
-1.5817
-1.5851
-1.5834
-1.5901
-1.5798
-1.5762
-1.5824
-1.5715
-1.585
-1.5681
-1.5605
-1.5534
-1.5494
-1.5454
-1.5542
-1.5652
-1.5595
-1.5664
-1.5585
-1.5752
-1.5627
-1.543
-1.5515
-1.5449
-1.5422
-1.5428
-1.5378
-1.5451
-1.5273
-1.5311
-1.5275
-1.517
-1.5292
-1.5255
-1.5194
-1.5204
-1.5217
-1.5395
-1.55
-1.5537
-1.5693
-1.5711
-1.5632
-1.5827
-1.5893
-1.575
-1.5807
-1.5912
-1.574
-1.5834
-1.579
-1.5712
-1.5641
-1.5676
-1.5779
-1.5857
-1.576
-1.5769
-1.5763
-1.5695
-1.5787
-1.5796
-1.5658
-1.5497
-1.5594
-1.5588
-1.5698
-1.5859
-1.5822
-1.5749
-1.5828
-1.5881
-1.5866
-1.584
-1.5785
-1.5605
-1.5649
-1.5693
-1.5421
-1.5352
-1.5463
-1.5277
-1.5433
-1.5421
-1.5642
-1.5874
-1.5656
-1.5758
-1.5741
-1.5877
-1.5811
-1.5669
-1.5558
-1.5693
-1.5643
-1.5514
-1.5437
-1.5397
-1.54
-1.5063
-1.5187
-1.5063
-1.4992
-1.4986
-1.521
-1.5175
-1.5121
-1.5011
-1.5088
-1.5118
-1.5136
-1.5225
-1.5217
-1.5099
-1.511
-1.5156
-1.5188
-1.519
-1.5198
-1.5184
-1.5395
-1.5666
-1.5533
-1.5236
-1.529
-1.5493
-1.5478
-1.5638
-1.5447
-1.5407
-1.5284
-1.5246
-1.5266
-1.5326
-1.5327
-1.5343
-1.5407
-1.532
-1.5341
-1.5364
-1.5187
-1.5052
-1.5286
-1.5402
-1.5109
-1.5236
-1.5168
-1.5445
-1.5265
-1.5231
-1.5259
-1.5244
-1.5192
-1.5199
-1.5245
-1.5393
-1.5348
-1.5563
-1.5566
-1.5616
-1.5751
-1.5727
-1.5509
-1.5458
-1.5637
-1.5708
-1.5791
-1.5766
-1.5724
-1.5655
-1.5608
-1.5655
-1.577
-1.5701
-1.5548
-1.5447
-1.5474
-1.5297
-1.5411
-1.5452
-1.5376
-1.5596
-1.5652
-1.5498
-1.5618
-1.562
-1.5558
-1.5662
-1.559
-1.5374
-1.5407
-1.5464
-1.5438
-1.5526
-1.5479
-1.5462
-1.5463
-1.5295
-1.5388
-1.5277
-1.5323
-1.5326
-1.5407
-1.5338
-1.5332
-1.5333
-1.5162
-1.5463
-1.5388
-1.5332
-1.5466
-1.5315
-1.5487
-1.5432
-1.5316
-1.5407
-1.5504
-1.5458
-1.5267
-1.539
-1.5305
-1.5198
-1.5325
-1.5379
-1.5379
-1.5468
-1.5364
-1.5194
-1.5227
-1.5525
-1.5438
-1.5447
-1.534
-1.5356
-1.56
-1.5212
-1.526
-1.5285
-1.5363
-1.5471
-1.5577
-1.5444
-1.538
-1.5524
-1.5372
-1.5222
-1.5143
-1.5176
-1.5194
-1.5167
-1.5326
-1.5406
-1.5472
-1.5386
-1.548
-1.5383
-1.5462
-1.5525
-1.5617
-1.5374
-1.5304
-1.5274
-1.545
-1.5312
-1.5311
-1.5329
-1.5379
-1.5303
-1.5449
-1.5262
-1.5335
-1.5239
-1.5371
-1.5423
-1.5252
-1.5465
-1.5375
-1.5509
-1.5582
-1.5625
-1.5805
-1.562
-1.5589
-1.55
-1.5426
-1.5319
-1.5471
-1.5259
-1.5241
-1.5237
-1.527
-1.5312
-1.5245
-1.5134
-1.5241
-1.5311
-1.5268
-1.5346
-1.5287
-1.5247
-1.5384
-1.5535
-1.543
-1.5264
-1.5459
-1.546
-1.5223
-1.5295
-1.5184
-1.5208
-1.535
-1.5449
-1.5581
-1.5365
-1.5388
-1.5207
-1.5426
-1.5368
-1.5279
-1.52
-1.5149
-1.519
-1.5118
-1.5151
-1.5028
-1.5114
-1.5002
-1.4868
-1.4956
-1.5084
-1.5187
-1.5232
-1.4941
-1.5053
-1.5212
-1.521
-1.5318
-1.5221
-1.5202
-1.5281
-1.5142
-1.5245
-1.5116
-1.5166
-1.5127
-1.492
-1.5088
-1.5279
-1.4865
-1.5139
-1.4847
-1.4757
-1.4948
-1.4958
-1.4705
-1.478
-1.4874
-1.4819
-1.4799
-1.4875
-1.4793
-1.4905
-1.4871
-1.4721
-1.4875
-1.4984
-1.484
-1.4996
-1.5094
-1.4793
-1.5092
-1.5202
-1.5121
-1.5161
-1.5223
-1.5408
-1.5444
-1.5496
-1.5502
-1.5633
-1.562
-1.5582
-1.5391
-1.5636
-1.5603
-1.5494
-1.5444
-1.5416
-1.5411
-1.5167
-1.5061
-1.5162
-1.522
-1.5202
-1.5123
-1.5038
-1.5019
-1.4974
-1.5056
-1.4885
-1.4938
-1.4899
-1.4994
-1.5054
-1.4941
-1.4994
-1.4972
-1.4787
-1.4977
-1.498
-1.4974
-1.4995
-1.4888
-1.4976
-1.5017
-1.4999
-1.4926
-1.5056
-1.5085
-1.5123
-1.5241
-1.5256
-1.4972
-1.5138
-1.4985
-1.4931
-1.4949
-1.4959
-1.5054
-1.5028
-1.5082
-1.513
-1.4981
-1.5103
-1.4943
-1.5042
-1.4997
-1.5058
-1.5237
-1.5207
-1.532
-1.5233
-1.5108
-1.4969
-1.501
-1.5138
-1.5017
-1.4876
-1.4875
-1.4954
-1.4869
-1.49
-1.4932
-1.4872
-1.4863
-1.4752
-1.4805
-1.4845
-1.4954
-1.4808
-1.4824
-1.4772
-1.48
-1.5059
-1.5047
-1.5048
-1.4929
-1.5016
-1.5046
-1.4937
-1.4858
-1.4924
-1.4676
-1.4662
-1.4879
-1.4958
-1.5075
-1.5147
-1.5008
-1.5065
-1.5031
-1.4975
-1.4781
-1.4855
-1.4959
-1.4934
-1.4906
-1.4781
-1.5003
-1.4812
-1.5028
-1.4768
-1.4749
-1.4693
-1.4659
-1.4867
-1.477
-1.4759
-1.4771
-1.4862
-1.4744
-1.4568
-1.4477
-1.4367
-1.4521
-1.4574
-1.4655
-1.4613
-1.475
-1.4863
-1.482
-1.4919
-1.4965
-1.4965
-1.497
-1.4854
-1.4917
-1.4961
-1.4962
-1.4817
-1.5142
-1.5138
-1.5015
-1.5138
-1.5219
-1.5263
-1.5367
-1.5332
-1.5243
-1.5284
-1.5405
-1.5319
-1.5056
-1.5034
-1.5156
-1.4939
-1.488
-1.4784
-1.4931
-1.4704
-1.4988
-1.5058
-1.4877
-1.4862
-1.4793
-1.4724
-1.4793
-1.468
-1.4519
-1.4771
-1.4707
-1.4771
-1.4892
-1.5065
-1.5188
-1.5031
-1.5052
-1.5088
-1.5064
-1.5125
-1.4866
-1.4751
-1.4987
-1.4889
-1.4985
-1.4858
-1.4948
-1.4877
-1.5023
-1.4806
-1.4981
-1.5002
-1.4842
-1.4825
-1.4693
-1.4734
-1.4564
-1.4809
-1.4673
-1.4545
-1.4623
-1.4634
-1.472
-1.4821
-1.4597
-1.471
-1.4611
-1.4681
-1.4645
-1.4712
-1.4735
-1.4519
-1.4577
-1.4449
-1.4599
-1.4615
-1.4579
-1.4421
-1.4439
-1.4412
-1.448
-1.4403
-1.4447
-1.4411
-1.4306
-1.4348
-1.466
-1.4889
-1.5137
-1.5203
-1.5359
-1.5217
-1.5285
-1.5206
-1.5282
-1.5259
-1.5158
-1.5178
-1.5042
-1.4702
-1.4527
-1.478
-1.4615
-1.4477
-1.4651
-1.4594
-1.4512
-1.4604
-1.4782
-1.47
-1.4826
-1.4831
-1.4897
-1.4835
-1.4683
-1.4762
-1.468
-1.4696
-1.456
-1.4683
-1.4526
-1.4516
-1.446
-1.4382
-1.4323
-1.449
-1.4469
-1.4616
-1.468
-1.4835
-1.4963
-1.4956
-1.4986
-1.5
-1.5001
-1.4806
-1.4544
-1.4756
-1.4706
-1.4853
-1.5005
-1.4843
-1.48
-1.4938
-1.5055
-1.4774
-1.5004
-1.477
-1.4876
-1.4844
-1.4624
-1.4655
-1.4777
-1.4974
-1.4908
-1.4865
-1.4921
-1.5043
-1.5302
-1.5354
-1.5401
-1.5239
-1.5201
-1.5028
-1.5056
-1.4631
-1.4461
-1.4471
-1.4362
-1.4512
-1.4465
-1.4501
-1.514
-1.5086
-1.5219
-1.5301
-1.5296
-1.5479
-1.555
-1.5423
-1.5421
-1.5322
-1.495
-1.4862
-1.5037
-1.4978
-1.4683
-1.4739
-1.4848
-1.4769
-1.5061
-1.4942
-1.5222
-1.532
-1.5391
-1.5366
-1.5224
-1.5254
-1.5085
-1.4987
-1.4505
-1.4488
-1.4708
-1.4606
-1.459
-1.4603
-1.4553
-1.4633
-1.4702
-1.4732
-1.4774
-1.4694
-1.5062
-1.5095
-1.4831
-1.4961
-1.4958
-1.4795
-1.453
-1.4487
-1.4411
-1.4764
-1.4846
-1.4983
-1.485
-1.4638
-1.4996
-1.469
-1.4635
-1.4646
-1.4968
-1.5108
-1.5193
-1.5233
-1.52
-1.508
-1.5064
-1.5006
-1.477
-1.4758
-1.476
-1.4645
-1.4819
-1.462
-1.4738
-1.4883
-1.4828
-1.4942
-1.4872
-1.4968
-1.5158
-1.4942
-1.49
-1.4834
-1.4993
-1.4778
-1.4512
-1.4659
-1.4804
-1.4623
-1.4737
-1.4725
-1.465
-1.4731
-1.4994
-1.4977
-1.5197
-1.5121
-1.523
-1.5035
-1.4826
-1.4851
-1.4798
-1.4955
-1.4814
-1.4742
-1.4596
-1.434
-1.4515
-1.463
-1.4478
-1.4387
-1.4234
-1.4413
-1.4612
-1.4882
-1.5443
-2.7134
-2.6239
-2.6591
-1.7395
2.0159
0.67842
0.90916
-0.33516
-0.16311
-0.16027
-0.044118
-0.11757
-0.15863
-0.11687
-0.18813
-0.14621
-0.15925
-0.17798
0.57874
1.0207
1.5172
0.11557
0.092205
0.40034
0.83637
1.5595
2.3551
2.6734
5.4054
2.6746
2.7785
2.9472
2.4932
0.22265
-8.9109
-7.7983
-6.8443
-3.196
3.8849
3.9679
3.0278
2.3919
3.6982
1.6309
0.8689
1.6588
1.1745
0.73824
-0.025736
-0.01884
-0.018788
-0.054802
-0.044066
-0.038842
-0.064841
-0.094895
-0.069015
-0.10859
-0.062358
-0.18509
-0.14357
-0.094644
-0.070937
0.30829
-1.3364
0.36736
0.39416
0.63205
0.66027
-0.047923
-0.051509
-0.7134
-1.9641
-2.5623
-2.3989
-1.8194
-1.0779
-0.34551
-0.16882
-0.45117
-0.32347
-0.1002
0.072016
-0.15737
-0.57141
-0.93701
-1.2391
-1.5044
-1.8916
-1.9765
-1.682
-1.3204
-1.2335
-1.4316
-1.5704
-1.5057
-1.3845
-3.8446
-4.8963
-3.4438
-1.4748
-0.034104
0.72126
1.2483
1.592
1.6114
0.40944
-0.57626
-2.1638
-3.4494
7.4362
1.9679
-3.1486
-7.7074
-9.912
-10.505
-10.393
-10.282
-2.0408
0.24569
1.8692
3.8485
4.5669
4.5721
3.5575
1.3564
1.8339
0.072003
-0.032877
-0.038142
-0.027699
-0.014725
0.0014479
-0.094095
-0.059124
-0.10121
-0.044779
-0.06352
-0.054
-0.095376
-0.062951
-0.092452
-0.14662
0.10732
-0.10655
-1.2128
-4.0871
-2.2875
-0.35385
-4.5441
-8.4513
-12.92
-8.9556
-1.883
6.4301
-4.1843
-10.86
-10.915
-11.649
-10.25
-9.0312
-6.285
3.5088
11.694
6.443
2.1794
-3.1927
-2.8355
-0.078045
-0.11964
-0.11612
-0.056633
-0.034035
-0.085233
-0.12871
-0.1029
-0.1183
-0.10043
-0.11377
-0.12942
-0.13423
-0.090276
-0.070312
-0.14624
-0.13636
-0.11168
-0.11525
0.75495
-0.63983
-2.3352
-8.5026
-7.9159
-6.0764
-3.6002
-0.6663
0.74155
-4.5079
-0.35957
0.84847
0.84968
-0.31357
-1.22
-1.7062
-2.0182
-1.9745
-1.734
-1.5273
-1.7741
-1.5295
-1.0382
-0.81396
-0.64772
-0.58581
-1.1041
-1.0748
-1.1757
-1.0626
-1.0701
-1.3495
-1.7376
-1.8114
-1.7423
-1.3004
-1.4376
-1.4423
-1.2466
-0.98844
-0.86495
-0.89739
-1.0444
-0.87928
-1.1666
-1.2305
-1.2148
-1.0967
-0.9699
-0.85961
-0.86408
-0.92425
-0.99865
-1.076
-1.0725
-1.1301
-1.2594
-1.3652
-1.4513
-1.4296
-1.3361
-1.1222
-1.0563
-1.0538
-1.0769
-1.141
-1.1894
-1.2292
-1.2275
-1.1156
-1.1212
-1.1291
-1.172
-1.1854
-1.2659
-1.2606
-1.217
-1.191
-1.224
-1.2409
-1.2457
-1.2066
-1.1627
-1.0775
-0.90022
-0.87188
-0.86911
-0.85051
-0.84171
-0.86126
-1.2812
-1.3227
-1.3978
-1.5126
-1.5108
-1.4803
-1.4416
-1.4411
-1.4095
-1.3959
-1.3683
-1.0048
-0.86806
-0.86073
-0.85035
-0.88432
-0.91207
-0.93918
-0.95368
-1.2927
-1.3004
-1.2936
-1.2928
-1.3367
-1.3563
-1.3952
-1.3973
-1.3761
-1.3713
-1.3606
-1.073
-0.97401
-0.96535
-0.96065
-0.93568
-0.9066
-0.88973
-0.89302
-0.90967
-0.9147
-1.2476
-1.2906
-1.2748
-1.3767
-1.348
-1.1363
-1.0942
-1.0685
-1.0565
-1.0333
-1.0127
-0.99897
-0.94321
-0.9372
-0.959
-0.98814
-1.0089
-1.062
-1.1098
-1.3375
-1.3694
-1.3659
-1.3738
-1.4012
-1.4145
-1.4292
-1.281
-1.242
-1.2282
-1.1979
-1.1567
-1.0645
-1.0916
-1.1157
-1.1355
-1.1407
-1.1637
-1.3953
-1.3926
-1.416
-1.4118
-1.4054
-1.3941
-1.3204
-1.3111
-1.3093
-1.2564
-1.232
-1.2048
-1.1868
-1.0773
-1.061
-1.0804
-1.0672
-1.0758
-1.0835
-1.1153
-1.3164
-1.3462
-1.3765
-1.3823
-1.3977
-1.3902
-1.3946
-1.3842
-1.3741
-1.3578
-1.3345
-1.3126
-1.2851
-1.2556
-1.2389
-1.079
-1.0776
-1.1072
-1.115
-1.1116
-1.1423
-1.1355
-1.3328
-1.3408
-1.296
-1.2908
-1.2538
-1.1438
-1.1169
-1.1378
-1.3129
-1.3192
-1.3228
-1.3334
-1.3204
-1.265
-1.2723
-1.2643
-1.2561
-1.2503
-1.1826
-1.2033
-1.1859
-1.1943
-1.1964
-1.2238
-1.2338
-1.2544
-1.2611
-1.2744
-1.3157
-1.3239
-1.3177
-1.2911
-1.2871
-1.2922
-1.2616
-1.2452
-1.2437
-1.2246
-1.2066
-1.2108
-1.1517
-1.1334
-1.1399
-1.1701
-1.1759
-1.2465
-1.2397
-1.2541
-1.2685
-1.2682
-1.2596
-1.2506
-1.2418
-1.2318
-1.1859
-1.1968
-1.2093
-1.1808
-1.2119
-1.2325
-1.214
-1.2034
-1.2236
-1.2208
-1.2355
-1.2586
-1.2436
-1.2472
-1.25
-1.2315
-1.2197
-1.2154
-1.2193
-1.2253
-1.2233
-1.2077
-1.2052
-1.2363
-1.2352
-1.2145
-1.2202
-1.2191
-1.2187
-1.2522
-1.2503
-1.2252
-1.2238
-1.2219
-1.2293
-1.2109
-1.2459
-1.26
-1.2648
-1.2484
-1.236
-1.2259
-1.2287
-1.233
-1.2367
-1.2512
-1.234
-1.2782
-1.2698
-1.2739
-1.2581
-1.256
-1.2664
-1.2419
-1.2295
-1.2268
-1.1905
-1.1795
-1.1615
-1.1759
-1.1775
-1.1752
-1.176
-1.2152
-1.2037
-1.1906
-1.2044
-1.2113
-1.2353
-1.2344
-1.2361
-1.2338
-1.2268
-1.2326
-1.251
-1.2572
-1.2418
-1.2422
-1.224
-1.2051
-1.2019
-1.1801
-1.1929
-1.2067
-1.2733
-1.0665
-0.96471
-0.67906
-0.39995
0.56889
0.50143
0.25205
-0.68235
-2.4197
-5.4521
-5.3529
8.4931
6.7923
5.6943
7.9135
9.4679
9.0079
-8.4112
-7.445
-6.6095
-6.236
-4.9416
-2.0665
3.9566
2.5118
1.5474
2.8768
-0.45043
2.142
3.5987
3.0576
0.012405
-0.056746
-0.03035
-0.05462
-0.010236
-0.033465
-0.023705
-0.021068
-0.049694
-0.0044539
-0.054166
-0.042116
-0.11187
-0.067442
-0.11789
-0.082957
2.7887
-9.8534
-6.078
-4.6681
-2.9271
-2.601
-7.1617
-10.551
-6.1623
-10.798
-8.6189
-7.4198
-4.6251
-1.5673
1.7168
4.1338
3.1097
1.02
0.62814
1.4841
0.67093
0.66056
5.9534
6.0339
5.4471
4.9951
4.0211
3.9153
4.1397
3.8151
3.625
2.4925
1.6712
2.3634
2.5183
2.2687
1.0834
0.81962
0.82602
1.4102
1.5732
1.4124
3.2285
6.8432
0.3729
-0.92035
-2.9253
-3.6523
5.1988
0.23622
-0.14771
-0.11072
0.021203
-0.070813
-0.0051224
-0.082792
-0.092616
-0.096604
-0.11653
-0.12899
-0.13118
-0.068785
0.014749
-0.16106
0.043221
-0.081358
-0.11783
-0.015666
-5.44
-3.9704
-5.071
-4.1444
0.75646
3.2563
5.103
2.8746
11.875
13.201
13.124
13.001
12.125
7.8941
-12.716
-8.4973
-3.8882
0.95353
4.9639
8.388
-7.8984
-8.0996
-8.5532
-6.323
7.5818
7.5629
4.1743
4.4579
-0.26253
-0.0182
0.55854
-0.076206
-0.14329
-0.055302
-0.057228
-0.091511
-0.042065
-0.066536
-0.084315
-0.02462
-0.080825
-0.22326
-0.1163
0.008381
-0.14002
-0.17221
-3.9604
-3.0549
-6.108
-3.7783
1.6878
6.5501
8.915
9.5286
7.0741
3.393
5.8902
6.0392
6.4522
6.0904
4.7332
3.2399
-9.9337
-9.4687
-6.6617
-3.0865
0.006665
-8.2739
-8.7437
-9.1729
-7.9501
2.3424
6.2384
6.0425
4.7034
-0.066542
-2.8053
-0.12667
-0.1673
-0.14636
-0.11356
-0.16507
-0.16358
-0.2125
-0.16581
-0.17753
-0.1643
-0.20681
-0.14034
-0.20091
-0.15467
-0.21691
-0.093218
-0.17421
-1.5993
-4.6045
-4.5643
-3.2518
-0.096562
-2.4057
-2.0841
-1.1482
-0.98714
1.9987
7.8362
9.6891
3.2846
0.14044
-3.606
-4.1859
-5.119
-1.5642
0.53382
0.9595
1.8502
3.1127
2.9741
1.29
-0.0012999
-6.008
-5.6563
6.1672
3.5886
2.4587
-7.8548
-10.395
-6.9638
-0.14905
-0.12368
-0.2013
-0.2285
-0.1709
-0.18668
-0.17358
-0.15426
-0.16879
-0.13415
-0.18575
-0.16169
-0.4375
-0.22583
-0.067043
-0.17929
-0.16231
-0.00087771
-3.0905
-6.6979
-7.3117
-6.3591
0.50454
1.8679
2.7826
2.1272
2.2271
-2.2137
-1.4187
-0.47497
2.0335
-1.4991
-4.2247
-6.1231
3.1135
3.9358
2.6954
1.4162
-1.8304
1.9776
2.104
7.2504
2.4662
-0.21385
-1.4028
-1.7564
2.8578
3.4898
3.4328
3.2025
-1.5695
-1.622
-1.202
-0.018312
0.19177
-0.24297
-0.7808
-1.0255
-0.98597
1.029
1.0146
0.52197
-0.019809
-0.46788
-0.49256
0.03916
-0.34615
-0.51221
-0.54933
-0.20755
0.13043
0.084891
0.29027
0.47693
0.57484
0.46954
0.29699
0.13073
0.17473
0.16428
0.090682
-0.031056
0.29278
0.31537
0.35564
0.32998
0.2893
0.27297
0.24216
0.18416
0.10644
0.18532
0.26905
0.29325
0.30382
0.21628
0.38538
0.43143
0.42044
0.37101
0.31042
0.27941
0.24453
0.32759
0.34161
0.28849
0.31464
0.40003
0.4402
0.33612
0.32581
0.21185
0.12376
0.061212
-0.007784
-0.07239
-0.050269
-0.010352
0.015682
0.40103
0.47388
0.54484
0.55503
0.55354
0.52998
0.48133
0.45328
0.19227
0.17124
0.17983
0.18915
0.14864
0.10553
0.085863
0.11294
0.11333
0.11062
0.10598
0.10435
0.33699
0.3583
0.3796
0.39939
0.44504
0.48974
0.37932
0.34622
0.30575
0.2778
0.19924
0.12621
0.0034736
0.0055331
-0.0034794
-0.015623
-0.0065741
0.022206
0.21943
0.24382
0.26186
0.26213
0.29239
0.29256
0.15591
0.19202
0.18911
0.16994
0.19015
0.17695
0.18263
0.17314
0.18376
0.15201
0.23723
0.28278
0.25004
0.24375
-3.5151
-2.939
-1.0286
0.6562
3.2612
4.0617
3.2269
-0.023866
-0.050019
-0.047904
-0.1137
-0.13912
-0.15605
-0.09688
-0.067407
-0.094149
-0.075053
-0.048674
-0.11132
-0.11635
-0.12948
-0.035095
-0.01749
-0.095468
-0.10903
-0.1465
-0.10682
0.14651
-1.2784
-0.77489
1.1449
1.1188
-0.60972
-2.4464
1.1244
-1.0294
-0.80788
2.835
7.2065
8.2082
6.731
-2.7819
-3.6439
-4.176
-4.0534
-4.576
-4.8867
-3.7957
3.8659
-3.7195
-7.3756
-4.922
-3.0686
-2.9421
-3.1307
-0.1052
-0.09982
-0.20364
-0.1991
-0.12747
-0.16596
-0.17267
-0.15087
-0.10694
-0.099439
-0.1301
-0.10168
-0.0049252
-0.15074
-0.071403
-0.11968
0.40038
1.2113
1.5728
1.8092
-11.368
-10.8
-9.4247
-6.0768
0.34687
-1.5013
-4.4695
-7.1397
-4.3288
-2.583
-0.88753
-0.27526
-1.3189
-5.2216
-4.4877
-3.4171
-2.4261
-3.7995
-4.686
-4.9123
-4.4306
-3.6618
-4.2879
-4.7849
-5.0834
-3.5086
-3.766
-4.1528
-4.3816
-3.8689
-3.6303
-3.5081
-3.7568
-4.1534
-4.1329
-3.9618
-3.7555
-3.6388
-4.4225
-4.2501
-3.9679
-3.7623
-4.297
-4.3535
-4.3342
-4.2784
-4.174
-4.1717
-1.0276
2.742
-0.39978
-2.8607
-5.2412
-4.908
-6.4322
-5.1295
-1.1634
-1.722
-5.0203
10.408
10.861
8.3961
3.5952
-3.0701
-13.203
-9.5514
-3.5536
2.2386
7.9114
6.8046
-3.9576
-7.0788
-8.4015
-6.5536
-3.439
-1.7984
2.1927
2.9254
-0.24667
-0.13714
-0.067677
-0.13128
-0.077513
-0.11193
-0.12308
-0.082194
-0.11661
-0.12318
-0.14714
-0.17873
-0.087085
-0.16469
-0.11422
-0.08837
-0.21797
4.1804
4.7003
4.493
4.7977
-10.177
-10.487
-8.8804
-9.2633
-7.8163
-5.4207
1.2809
5.7921
9.4134
11.625
11.937
9.9309
-7.8899
-7.9363
-5.0016
-1.3302
0.42096
1.9656
11.4
1.6888
-6.0076
-8.8494
-5.8824
3.6782
4.9405
4.4122
3.1916
1.4594
-0.11042
-0.13671
-0.10258
-0.10462
-0.10937
0.023992
-0.11117
-0.067967
-0.13493
-0.096155
-0.065504
-0.20835
-0.11854
-0.13322
2.0761
3.0973
4.7079
2.9085
4.2518
7.1982
8.0928
6.3861
-2.5529
-6.8211
-13.063
-11.265
-10.394
-4.7898
-1.0398
-2.1585
13.805
15.467
13.741
7.4168
11.31
13.653
13.285
5.4606
0.21951
-3.1355
-1.3845
1.6379
4.5962
0.10285
-0.12922
-0.077737
-0.032974
-0.041063
-0.11609
-0.096835
-0.047153
-0.11238
-0.11146
-0.11424
-0.12704
-0.12265
-0.1493
-0.12778
-0.032974
-0.10484
-0.11998
-0.094388
-0.28775
-0.81032
-1.4897
-4.4702
-4.7243
-5.9494
-5.1805
-3.9281
-2.4228
-3.1855
-3.7532
-3.5222
-2.7982
-1.2067
-1.4204
-1.9065
-2.1423
-2.2162
-2.6522
-2.1916
-1.6192
-1.4438
-2.6533
-2.4244
-2.3811
-2.4178
-2.3234
-2.8109
-2.8648
-2.9571
-2.8829
-2.5432
-2.551
-2.6542
-2.8493
-2.6095
-2.4995
-2.3933
-2.4347
-2.6363
-2.6294
-2.4979
-2.4067
-2.4157
-2.5109
-2.7524
-2.753
-2.8002
-2.7088
-2.6812
-2.664
-2.7044
-2.6891
-2.6152
-2.5713
-2.5696
-2.5981
-2.7054
-2.4628
-2.4647
-2.5071
-2.5442
-2.5056
-2.4872
-2.4566
-2.6469
-2.644
-2.6613
-2.6483
-2.701
-2.7127
-2.7575
-2.7848
-2.7218
-2.7223
-2.7205
-2.7387
-2.6257
-2.581
-2.6006
-2.5675
-2.5606
-2.485
-2.4466
-2.4025
-2.4166
-2.4092
-2.5075
-2.5517
-2.5384
-2.5728
-2.5959
-2.6247
-2.7272
-2.7509
-2.7343
-2.7677
-2.7595
-2.7502
-2.78
-2.6442
-2.6283
-2.6541
-2.6465
-2.6377
-2.6103
-2.5661
-2.6169
-2.6197
-2.6058
-2.5991
-2.5795
-2.7121
-2.7135
-2.6957
-2.6989
-2.6964
-2.7322
-2.7187
-2.6982
-2.6573
-2.6677
-2.6882
-2.715
-2.7016
-2.6978
-2.6941
-2.711
-2.6919
-2.6379
-2.5979
-2.6259
-2.5996
-2.6294
-2.5964
-2.6322
-2.6355
-2.6404
-2.6652
-2.6998
-2.7154
-2.6862
-2.668
-2.6837
-2.6345
-2.5996
-2.5594
-2.5597
-2.5608
-2.5207
-2.5018
-2.4965
-2.5016
-2.4927
-2.5277
-2.54
-2.6068
-2.617
-2.6492
-2.6934
-2.674
-2.6799
-2.6749
-2.6872
-2.7047
-2.7127
-2.6883
-2.6846
-2.6966
-2.7194
-2.6906
-2.6802
-2.6973
-2.6808
-2.6392
-2.6247
-2.6551
-2.6733
-2.7085
-2.7285
-2.7476
-2.7748
-2.7844
-2.8171
-2.8268
-2.8025
-2.761
-2.7388
-2.7203
-2.7479
-2.7085
-2.7266
-2.7433
-2.7392
-2.7252
-2.7565
-2.7257
-2.7442
-2.7403
-2.7356
-2.7705
-2.7593
-2.7298
-2.7223
-2.733
-2.7612
-2.7703
-2.7436
-2.753
-2.7253
-2.6929
-2.6925
-2.7139
-2.6989
-2.6679
-2.6681
-2.6726
-2.7008
-2.7049
-2.6882
-2.6889
-2.6996
-4.0703
-7.5193
-8.4087
-6.9957
1.1667
-0.085191
-1.8595
-3.3724
-5.144
-3.5096
-1.1009
3.9139
12.357
9.7647
4.7917
-1.3501
-6.1876
-9.5916
-11.978
-13.154
-13.771
-13.38
-11.798
-10.419
-9.0012
3.4488
8.0434
8.588
2.142
4.2877
2.7773
0.42311
-0.76558
-2.0365
-0.082668
-0.10126
-0.060413
-0.096651
-0.10462
-0.078165
-0.095465
-0.06335
-0.062958
-0.18163
-0.10969
-0.10739
-0.13809
-0.039388
-0.11856
-0.13099
-0.12345
3.1045
0.97631
-0.88858
0.88286
1.5459
2.3624
2.2956
2.9203
-2.9834
-3.2796
-2.1631
-1.1046
1.7864
1.1977
2.2581
3.5951
3.5103
3.0434
3.2888
2.7793
2.0834
0.82636
0.23386
0.21184
-0.043017
0.015235
0.032273
-0.3324
-0.90837
-1.5985
-0.86908
-0.73046
-0.44811
-0.24562
-0.14436
0.48832
1.102
1.4656
1.5979
1.6896
2.2761
2.4308
2.4884
2.3554
2.0945
1.7722
1.5638
1.4328
1.1355
-0.71744
-0.70438
-0.85974
-0.9856
-0.99164
-0.96694
-0.89702
0.99207
0.88305
0.7926
0.786
0.81842
0.85447
1.1463
1.4549
1.6994
1.8337
1.8584
1.7651
-0.13238
0.009883
0.20637
0.21129
-0.591
-0.40572
-0.071698
0.22725
0.5034
0.4436
0.617
0.82932
1.0641
0.67706
0.68969
0.78509
1.0406
1.2673
0.89375
0.7273
0.70058
0.7491
0.8528
0.73785
0.52681
0.39055
0.34274
0.37415
0.44315
0.41773
0.44234
0.54909
0.67837
0.81488
0.93915
1.0199
1.1064
1.1664
0.93361
0.92273
0.96255
0.98981
0.55739
0.54813
0.59372
0.62553
0.47056
0.47973
0.4896
0.5462
0.61919
0.72581
0.74371
0.80981
0.85363
0.97531
0.93925
0.93174
0.93518
0.86182
0.79088
0.75419
0.7173
0.65473
0.64272
0.62749
0.58664
0.60257
0.61621
0.65728
0.67048
0.67726
0.87871
0.88959
0.90952
0.90931
0.90104
0.94366
0.91432
0.8874
0.87971
0.8359
0.80902
0.80026
0.62133
0.60867
0.60879
0.5866
0.58062
0.65148
0.692
0.71479
0.75133
0.88773
0.92669
0.94292
0.96225
0.90202
0.8745
0.87959
0.86147
0.71145
0.658
0.63095
0.63789
0.57254
0.59096
0.59804
0.60959
0.70179
0.72167
0.74225
0.75026
0.90469
0.93009
0.94994
0.92294
0.92606
0.91681
0.88591
0.86698
0.73778
0.71258
0.67962
0.66409
0.59069
0.60657
0.61453
0.65167
-6.3664
-6.8835
-4.2398
-0.52995
4.1541
3.0423
1.997
1.2907
1.1703
-1.2282
-3.8871
-3.8266
-2.221
2.053
9.322
0.71195
1.69
1.9683
0.91473
-0.34641
0.20394
0.55835
0.40832
5.0104
4.9623
6.0265
1.804
-2.3408
0.038717
-0.035176
0.0002557
-0.071675
-0.058638
-0.13673
-0.051525
-0.027734
-0.15159
-0.12362
-0.14649
-0.10058
-0.15077
-0.0024379
-0.071122
-0.35144
-0.19119
-1.2661
-3.8884
-2.2051
-3.4407
-2.1678
-3.6112
-3.8916
-1.5386
7.205
4.7794
1.7901
1.6389
0.50038
0.8216
1.881
0.13732
-6.3586
-6.8808
-6.0887
2.986
1.2992
-1.6461
-4.1837
-5.5823
-6.1162
-3.6957
-0.84319
1.2663
4.29
7.7124
6.4027
1.488
0.14884
-0.91572
-1.1033
-1.4678
-1.1533
-0.11453
0.88601
-0.80451
-1.2568
-1.2739
-0.89364
-0.34197
0.11004
0.033996
-0.04631
0.46309
0.45215
0.3285
0.077001
-0.22434
-0.1894
-0.17451
-0.14889
-0.071702
-0.23879
-0.28238
-0.15922
0.2858
0.38459
0.42449
0.42472
0.27076
0.30465
0.23909
0.12156
-0.36968
-0.31317
-0.21739
-0.13985
-0.070054
-0.17157
-0.10705
-0.054341
0.014366
0.10298
0.025499
-0.0013803
0.027879
0.046237
-0.20641
-0.27439
-0.34464
-0.37243
-0.18757
-0.18608
-0.12244
-0.096217
0.023081
0.027891
-0.018228
-0.10137
-0.35106
-0.42439
-0.45826
-0.49083
-0.50831
-0.36226
-0.38291
-0.39411
-0.35097
-0.23413
-0.15607
-0.094286
-0.016196
-0.0055381
0.0062328
0.011497
0.0057605
-0.021455
-0.12553
-0.1381
-0.15798
-0.1817
-0.1755
-0.20025
-0.27539
-0.29509
-0.2911
-0.28847
-0.30744
-0.30158
-0.27631
-0.22026
-0.090878
-0.094807
-0.068525
-0.03316
-0.011307
0.013713
-0.021151
-0.080003
-0.10705
-0.20227
-0.24002
-0.27141
-0.288
-0.22782
-0.22509
-0.2267
-0.1996
-0.18948
-0.16736
-0.096758
-0.082571
-0.077432
-0.064834
-0.064278
-0.074363
-0.043541
-0.053359
-0.053912
-0.075587
-0.083814
-0.085392
-0.11434
-0.15202
-0.16906
-0.18427
-0.19016
-0.17823
-0.18498
-0.1793
-0.18076
-0.05365
-0.064003
-0.053992
-0.049964
-0.031197
-0.038299
-0.15027
-0.14522
-0.074959
-4.2052
-7.8297
-7.0691
2.8544
0.88702
-1.0136
-0.38324
-0.63573
-0.10917
-0.021144
-0.070683
-0.13594
-0.14015
-0.1148
-0.076813
-0.12046
-0.10423
-0.15042
-0.1124
-0.12653
-0.085904
-0.15016
-0.53453
2.0214
2.0642
-0.58492
1.6756
2.5291
0.99544
5.6469
8.9442
9.7163
7.4561
5.2748
2.6116
2.2646
1.1955
1.3991
3.3884
3.8662
3.1385
2.7849
1.2645
-0.1252
-0.93903
-0.19857
-0.31966
-0.28528
3.7987
3.0091
3.7611
4.4319
2.7515
-0.16657
-0.20662
-0.19543
-0.26307
-0.14993
-0.17169
-0.19127
-0.23189
-0.21952
-0.17385
-0.1621
10.262
10.449
8.9985
7.5304
6.4995
2.7664
1.6881
-0.5273
-0.99395
-1.2234
-1.0507
-1.1763
-0.39686
-0.41403
-0.012436
0.064712
0.46086
0.84642
0.74258
0.68703
0.67772
-1.6984
-2.355
-7.9604
-4.7703
-5.6213
-2.3369
-2.3033
-1.6868
-1.4642
-1.4003
-2.0704
-3.0612
-2.863
-2.7177
-2.3453
-1.5435
0.9086
0.27517
0.42914
0.14412
0.12993
0.30225
0.19163
0.61554
0.42134
0.21036
0.073478
0.30451
0.48503
0.47102
0.22511
0.48571
0.49412
0.22347
0.50195
0.36025
0.33763
0.36798
0.34169
0.2461
0.23413
0.35176
0.35367
0.42639
0.55272
0.43415
0.44692
0.50074
0.52103
0.45163
0.46537
0.45053
0.432
0.4834
0.44477
0.51258
0.44896
0.44278
0.43547
0.45859
0.47243
0.45754
0.49185
0.49069
0.4871
0.49098
0.43323
0.4647
0.43993
0.43561
0.42477
0.42791
0.44202
0.43302
0.47595
0.26322
0.24374
0.18332
0.18609
0.23196
0.2562
0.24476
0.28145
0.26948
0.26425
0.26455
0.25613
0.27946
0.38028
0.43816
0.5268
0.095911
0.16684
0.38853
0.49878
0.3447
0.33674
0.3324
0.30423
0.32957
0.32227
0.27797
0.28921
0.28859
0.30064
0.33704
0.37433
0.32958
0.35545
0.34803
0.34578
0.37615
0.36594
0.39055
0.29266
0.32826
0.29017
0.29992
0.32135
0.35278
0.32741
0.3341
0.34399
0.30715
0.29421
0.31287
0.31343
0.34183
0.35157
0.3555
0.36552
0.37557
0.37654
0.37563
0.36811
0.35737
0.32947
0.33304
0.31745
0.31761
0.31764
0.32487
0.29798
0.29981
0.27998
0.30486
0.28551
0.29446
0.28391
0.30165
0.32613
0.31883
0.30334
0.29833
0.31313
0.3421
0.3736
0.35901
0.35469
0.32408
0.34937
0.34736
0.3473
0.35131
0.35182
0.31942
0.35114
0.31484
0.32499
0.30345
0.33167
