-0.011124
-0.0010064
0.00013308
0.015283
0.013464
0.0045931
0.03181
0.017726
-0.0032201
-0.014297
0.0045639
-0.00854
-0.013907
-0.0096964
-0.0045091
-0.0013969
-0.00067401
0.0066294
0.01683
0.0058267
0.003612
-0.0010417
-0.0027341
0.0094835
0.0099698
0.039342
0.0078305
-0.0034381
0.012966
0.00048304
-0.020441
-0.0015222
-0.011685
0.00078389
-0.0090176
-0.011055
-0.0031066
0.014122
-0.0032941
-0.02001
-0.017494
0.01068
0.024922
-0.011719
-0.0084499
0.0048761
-0.019412
-0.0016747
0.0087435
0.026182
-0.019162
-0.0043392
0.0048913
0.0026555
-0.0042893
-0.025433
-0.007848
0.012886
0.023421
-0.0022883
0.029103
-0.015396
-0.020527
-0.012626
0.0077204
0.01721
0.021039
0.0062992
-0.0017437
0.0050678
0.0096105
0.012588
0.012202
0.027334
0.0053031
-0.025095
-0.0094944
-0.025828
-0.015316
0.010781
0.010809
0.028254
-0.0097563
0.015302
-0.0069344
-0.014535
0.0057296
-0.021961
0.0018102
-0.012307
-0.0034952
0.013479
0.018435
0.0027277
0.0054129
-0.00011407
-0.0099403
-0.0051721
0.022587
0.0011224
0.016754
0.0029149
-0.013161
0.0060375
-0.01896
0.011523
0.0078215
0.0059628
0.0090998
0.0010197
0.0027247
0.018133
-0.022632
-0.0014917
-0.0048629
0.010626
0.018984
0.012005
0.0047471
-0.005838
0.021377
-0.024829
0.0028781
-0.00082598
0.0097815
-0.0048415
-0.0006106
-0.012557
0.009125
-0.0083551
-0.0058482
0.012043
0.035909
-0.023967
0.0066037
0.0035391
-0.017832
0.0020588
0.0081982
-0.011393
0.013045
-0.014598
0.019998
-0.015796
0.012549
-0.015006
-0.016028
0.0075393
0.013332
0.011372
0.033003
-0.00081113
0.0043027
0.005059
0.013286
-0.00060229
-0.0046522
0.015664
-0.0083564
-0.0046571
0.017515
-0.0087833
0.014424
0.02307
0.010659
-0.011508
0.014429
-0.0085314
0.0061884
-0.0021252
0.0066968
-0.018498
-0.0026861
-0.0092753
-0.0062754
0.011493
0.0013725
-0.018498
0.0099454
0.0020396
0.024819
-0.012382
0.017604
0.015045
-0.0011221
-0.016039
0.010381
0.010769
-0.0023709
-0.021744
-0.020035
-0.017503
0.0065403
0.002744
0.02024
0.0024929
0.0079181
0.0060738
0.02704
0.023677
-0.0017905
0.022671
0.0057517
0.025462
0.0047823
-0.0015359
0.012333
0.0082775
-0.0046241
-0.011249
0.016923
-0.010651
0.013172
0.012203
-0.016349
-0.023856
0.010345
-0.012606
-0.0015292
-0.019577
-0.018771
0.0063429
-0.016689
0.010782
-0.0049686
0.034867
0.025873
0.0087654
-0.0052322
0.0026711
-0.004165
-0.0054939
0.017018
-0.011974
-0.0025047
-0.0045098
0.010799
0.0021129
0.01062
-0.031762
-0.0021662
-0.0052688
0.0084181
-0.00528
0.01839
-0.010243
0.004647
-0.0039344
-0.013567
-0.0096842
-0.0052364
-0.029461
0.0026391
0.022105
0.00035882
-0.018055
-0.008283
0.013827
0.029575
0.00084043
0.014301
0.002513
-0.020187
0.017073
0.0042849
0.011872
0.0066181
0.0043899
-0.012466
-0.029792
-0.00893
0.0071727
0.0093939
-0.021637
-0.017407
0.0094619
0.025289
0.0087804
-0.0071763
-0.0048286
0.011107
-0.00080165
0.0042137
-0.0017621
0.01705
0.020528
0.012768
-0.0038271
-0.020611
0.0058556
-0.013555
0.0062115
7.8191e-05
0.0022619
0.014124
-0.0028094
0.0029027
0.03831
-0.0055112
-0.027858
-0.017632
-0.0023455
0.013101
-0.011773
0.00021948
0.011459
-0.0076976
0.0071268
-0.010063
0.018389
-0.0046434
-0.016886
0.018589
-0.0019378
-0.0016925
-0.0033292
0.025304
0.011866
0.0099575
-0.010479
0.024558
0.0063041
-0.00078358
-0.018058
-0.0014528
-0.0051162
-0.0076907
0.016452
0.011063
-0.032988
0.0059548
-0.015474
0.038161
0.00068152
0.0048907
-0.0077503
-0.0032927
0.011706
0.020201
0.0052973
0.0066582
-0.018781
-0.0056109
0.0083691
0.0090883
-0.018501
-0.00021183
0.0053674
0.035094
0.0017229
0.0048423
0.0036815
-0.0058083
-0.0021389
-0.010158
-0.0046386
-0.0142
0.015288
-0.01099
0.010952
0.010827
0.005598
-0.002904
-0.0046249
-0.0075175
-0.018228
-0.0079374
-0.010429
0.00124
-0.017444
0.010105
0.010924
0.00139
0.022483
-0.001887
0.0010929
-0.01876
0.010015
-0.0072348
0.018497
0.0039174
-0.020013
-0.0045435
-0.0006201
-0.001469
-0.0040432
-0.018582
0.01306
0.012591
0.0020873
0.0011135
0.0095026
0.0090759
0.022863
-0.0028684
0.00070668
-0.0040755
0.037436
-0.0050082
0.0057793
0.018495
0.011686
-0.027864
-0.0094553
0.0013971
-0.021077
-0.005526
-0.0068511
0.0071498
-0.0061856
-0.00010363
0.020188
-0.0152
-0.014737
0.0081803
-0.0055383
0.0023208
0.018881
0.021188
0.018702
0.010826
0.021714
0.0065058
-0.0056313
0.022435
-0.0063215
-0.0075736
-0.016757
-0.00089893
-0.012184
0.012517
0.02556
0.0011256
-0.016665
0.0029063
-0.011717
0.013692
0.0175
0.0055519
-0.0064433
0.016924
0.0078626
-0.016536
-0.0081837
-0.002636
0.0018288
-0.0025676
-0.016523
0.023159
0.019544
-0.014058
0.016665
-0.028191
-0.00080388
-0.00507
-0.0045543
-0.0027014
-0.0065639
-0.0051542
0.012146
-0.026835
0.0037663
-0.0089389
0.015985
0.019582
0.012871
-0.016375
-0.0065072
-0.004583
-0.00019079
-0.0020366
0.0089879
-0.0013144
-0.0022556
-0.0081831
0.0060026
0.0066921
0.0070817
0.001371
-0.004926
0.0018518
0.0021524
-0.0054489
-0.024294
-0.016189
0.0063746
0.01695
0.027861
0.0022715
-0.0051248
-0.0091547
0.0071307
0.017671
-0.0011371
-0.0089798
0.0146
0.0027427
0.0076192
0.013864
0.0065306
-0.014659
-0.0038811
0.0043162
-0.0022349
0.010331
0.0054426
-0.0024312
-0.0022206
0.0070006
0.011248
-0.0025413
-0.018019
0.024735
0.00056219
-0.0090054
-0.00041649
-0.0052539
0.014187
-0.004395
0.018723
0.0032364
0.003556
-0.0043024
0.0014505
-0.015192
0.0067463
-0.011885
0.015896
0.016571
0.0118
-0.027256
-0.0057669
0.0030177
0.025833
0.012287
0.0053969
-0.002001
0.014632
0.015187
0.0071111
-0.01113
-0.0085881
0.001287
0.0035322
0.0018098
-0.0020487
0.0040515
-0.00079289
0.032025
-0.018698
-0.013387
-0.00081643
0.015973
0.010869
-0.013314
0.0032384
0.0042773
0.0042833
-0.010352
0.014795
0.0050848
-9.8387e-05
0.0082478
0.0041717
-0.004354
-0.0070669
-0.020636
0.0064562
0.0027256
0.01036
0.00063045
0.0069693
-0.0017151
-0.0064404
-0.0057717
-0.026784
-0.0083384
0.00077914
0.0093489
-0.0063579
0.018783
0.02479
-0.0011524
0.0033045
-0.0011536
-0.011507
-0.018114
0.01442
-0.016008
0.012258
0.00072004
0.033673
-0.0062554
0.0058391
0.015794
-0.015014
-0.01248
0.0048597
-0.0055671
0.0033405
0.0088245
-0.016304
-0.023942
0.024055
-0.0092843
-0.00017589
0.0058638
-0.01007
-0.0051931
-0.024581
-0.0062309
-0.0098268
-0.0069724
-0.0061842
0.023572
-0.0029544
0.014308
-0.0075823
0.0060736
-5.0199e-05
0.0041555
0.024299
-0.002525
-0.0014593
0.011603
0.014178
-0.032051
0.0019254
0.00010447
0.00067892
-0.025983
0.017939
-0.0087343
-0.0075953
-0.005469
0.019542
0.00076404
0.0055912
0.020325
-0.030977
0.0092285
0.004044
0.0021588
0.013123
-0.01119
0.029956
0.024151
0.013115
-0.0078389
-0.013151
0.01595
-0.0049531
-0.0051648
0.0069326
-0.0014251
-0.0012233
0.027739
-0.0080996
0.0017812
0.010444
0.0096931
-0.0044779
0.0020518
0.00034985
0.02197
-0.0011584
-0.0095524
0.011039
-0.0036307
0.0027258
0.014818
-0.0056463
0.021124
0.0051795
-0.0091306
0.026632
-0.0023869
0.011296
0.0050002
-0.0053901
-7.6431e-05
0.0053397
-0.0055731
0.021052
0.017326
-0.0045731
-0.0010619
0.00025708
-0.0058241
-0.018333
0.0023869
0.004107
-0.0059958
0.0046424
0.0056567
-0.01212
0.0031226
-0.0019757
0.0039229
-0.0012675
0.0047231
-0.0085337
0.0033071
0.015839
-0.020856
0.022577
-0.0022918
-0.01466
0.010428
-0.016939
-0.01878
0.022297
-0.013353
-0.0027254
0.0057013
0.013295
0.0053783
0.0029103
0.019144
0.01099
-0.00055352
-0.0087443
-0.0053808
0.013697
-0.0052031
0.008926
-0.0050445
-0.013096
0.011764
-0.01814
0.0018137
-0.0049355
0.0077196
0.022518
-0.002237
0.021839
0.0089143
0.012772
0.0062758
-0.0020035
-0.0057587
0.022697
-0.0019319
-0.03235
-0.014188
0.011542
-0.011266
0.0094676
-0.00043838
-0.010632
0.0068247
-0.0089845
0.01078
0.0012865
-0.0028234
0.012046
0.012552
-0.009331
0.0017774
0.0097882
-0.0064635
0.0097799
-0.0013187
0.018917
0.022895
0.023191
-0.011847
-0.018588
-0.01417
-0.0047733
0.001742
-0.0057058
0.027153
-0.0074365
-0.0077299
-0.035234
-0.0022877
0.012392
0.025054
0.005968
0.019031
0.016733
0.02043
-0.013983
0.012832
-0.018672
0.019283
-0.0074916
-0.01037
-0.0013075
0.026233
0.013351
-0.0037073
0.024359
-0.0059618
0.0068545
-0.0054602
-0.020512
0.0030796
-0.010246
0.020826
0.013534
0.011486
-0.018284
-0.0064787
0.0052153
-0.01279
0.0051907
-0.017807
0.0099074
-0.0039058
-0.031954
-0.004176
0.0085951
-0.011896
0.011672
0.021398
-0.0091993
-0.015082
0.0052674
-0.0038461
0.013676
-0.0028403
0.014892
0.0022788
0.0098196
0.011018
0.0028691
0.0032386
0.0106
0.0038332
0.0054441
-0.0016205
-0.0030805
0.0068282
0.018519
0.0048065
0.0072317
-0.0029675
-0.013582
-0.013929
-0.0094163
0.0099306
-0.012359
0.0072131
-0.010347
0.0031388
-0.0015005
-0.014369
-0.00066262
-0.0053281
-0.0083773
0.0057344
0.0033034
0.0081663
-0.0070683
-0.014111
0.0068969
0.0027019
-0.013276
-0.0098158
0.0035264
-0.0038745
-0.0015127
0.0098132
-0.0052161
-0.0035406
-0.006
0.0051238
-0.0092462
-0.002098
0.011373
0.00013243
0.007709
0.0056158
-0.0036763
0.0041744
-0.0014701
-0.011649
-0.005739
0.014401
-0.0264
-0.010263
-0.0047447
0.001399
-0.0013772
0.0033038
0.00033117
0.010298
0.0037919
0.010046
0.015252
0.0082822
-0.0098201
-0.013766
-0.013275
0.015447
0.016502
0.0080734
0.0090978
0.016247
0.0081818
-0.0081797
-0.0032138
0.0048737
0.0015962
-0.01642
-0.020332
-0.00048778
0.0093517
0.021186
0.016156
0.013624
0.0047004
-0.00020264
0.0022151
-0.0012863
-0.013053
0.016964
-0.015148
0.0099954
-0.0011969
0.019051
0.0047503
0.0028367
-0.0057976
-0.0087272
0.018439
-0.0095089
0.0015346
-0.0053405
-0.010528
0.0066202
-0.014958
0.011159
0.0076037
-0.020343
0.012446
-0.0049797
0.0094891
0.010814
0.0063529
0.015569
-0.018407
-0.012767
0.0073945
0.00046939
-0.0041944
0.0076864
0.025941
0.0014936
-0.0047091
-0.0071383
0.014106
0.021619
-0.0035053
-0.010956
-0.011165
-0.023525
-0.0071172
0.0143
0.012299
-0.0084911
0.00067942
0.0044741
0.0035988
0.02121
-0.016609
-0.0034963
0.012736
0.0037279
0.013459
-0.00057259
-5.3245e-05
-0.0041372
-0.0081691
-0.01721
-0.021624
-0.0020475
-0.0087989
-0.0048224
-0.012905
-0.0028462
-0.0044005
0.0040054
0.0010291
0.0018431
0.0033409
-0.0040046
0.012397
-0.0047534
0.00441
0.020101
0.0042592
0.010348
0.0018254
-0.0016364
0.015477
0.01293
-0.0037303
0.0044079
0.010048
-0.012752
-0.004201
0.0016424
0.0050969
0.011033
0.013777
-0.0028457
0.0037327
0.0041008
-0.0070018
-0.012625
-0.01194
0.0097219
-0.0029529
0.020395
0.0072041
0.00065985
0.0039167
-0.018393
0.011244
-0.023089
0.072101
0.079549
0.36295
0.25059
-0.34461
0.2334
0.058294
-0.39871
0.57324
-0.29613
-0.13667
-0.018828
-0.13241
0.001626
-0.014991
0.093126
0.052343
0.048264
-0.36362
0.41919
-0.37968
0.41013
-0.19341
0.17504
0.088511
-0.2077
-0.032109
0.57086
-1.6444
-1.1962
3.1669
-4.6149
-3.0202
-0.26954
0.238
-1.4976
-2.03
-1.8427
2.9943
0.3368
-0.24552
0.1993
-0.13698
0.52507
0.11287
-0.19618
0.094973
0.15422
-0.099368
0.066183
-0.1277
-0.047931
-0.07781
-0.1525
-0.12351
0.36589
-0.026952
0.022381
-0.29646
-0.16551
0.20027
0.013453
0.18539
0.76622
-0.44582
-0.31297
0.057673
0.14827
0.24726
0.26516
-0.14059
0.060385
-0.22532
0.076499
7.8148e-05
-0.085144
0.12163
0.070369
-0.020908
0.007989
-0.0011244
-0.010858
-0.010201
-0.0043911
-0.025111
-0.016285
-0.017786
-0.043654
-0.11902
-0.04341
-0.024045
-0.0079101
0.015921
0.0067631
0.0016634
0.012694
0.46833
-0.19454
-0.1917
0.017768
-0.10886
0.13234
0.081697
-0.13319
0.038963
0.030774
0.28999
-0.037183
3.3206
3.8167
3.6319
-3.0031
-0.78334
-3.5992
-2.4391
0.24328
0.42639
0.55276
-0.91645
-3.2957
-1.4354
4.8907
0.57058
0.091985
-0.66384
0.28675
-0.060089
0.11082
-0.073138
0.32309
0.064458
0.026497
0.029143
-0.0042701
0.088268
0.42779
0.45397
-0.089707
-0.022164
-0.049714
-0.025941
-0.017681
0.014943
-0.084659
-0.022946
3.5502
-0.53586
0.75047
0.74495
-0.1667
0.027413
-0.8267
0.10219
0.54671
0.4116
-0.96733
-0.74049
-0.91423
-0.97375
-0.52016
1.8248
-1.0257
-3.2087
-0.73263
0.71117
0.28706
0.16868
0.12614
-0.15056
0.51597
0.11885
0.2445
0.062125
0.084845
0.0094363
0.23181
-0.033209
0.14312
0.00023548
-0.06665
0.02434
-0.024756
-0.0005501
0.24559
-0.097411
0.19712
0.010588
0.030888
1.4899
-1.7318
1.4121
-0.82713
0.055971
-0.58084
0.3428
-0.48934
-0.17469
-0.021149
-0.012765
-0.069234
-0.027844
-0.041402
-0.029777
-0.032654
-0.045913
-0.030669
-0.054804
-0.05138
-0.07119
-0.014007
-0.041066
0.0032085
0.015543
-0.0647
-0.020033
-0.0077113
-0.041751
0.013898
-0.022161
-0.016953
-0.0097814
-0.031566
0.0060463
-0.012915
-0.0079856
-0.012173
0.012235
-0.012972
-0.0057487
0.0082231
0.032331
0.0094094
-0.026469
-0.012317
-0.011487
-0.003255
0.012311
-0.002342
-0.016195
-0.0014981
-0.022782
0.0098559
-9.9435e-05
-0.010136
-0.0046637
0.0049609
0.022635
-0.0039108
0.012127
0.0025021
0.0089822
-0.003484
0.0014449
0.010812
-0.00052237
-0.013862
-0.0093263
-0.010176
-0.0021338
-0.011279
-0.0086707
0.0051288
0.00089901
-0.012906
-0.012711
-0.0010401
0.011293
-0.022154
0.013658
-0.001773
-0.018265
0.008353
0.0043351
0.0010101
0.012066
-0.013654
0.0009822
0.012284
0.016733
0.013649
0.0033368
0.0098372
0.012419
-0.019433
0.018734
0.021539
0.00098506
0.029671
-0.025039
-0.015166
-0.006166
-0.0017382
-0.0011855
0.019105
-0.013351
0.00081568
-0.0063555
-0.020584
-0.01305
0.0085197
-0.0053821
0.016066
0.0011276
-0.0065574
-0.0035276
0.014176
-0.011107
0.0063285
-0.0021775
0.0081843
0.00040332
-0.002745
0.0083129
0.0010206
-0.0041063
0.017915
0.0002002
0.0048286
0.017712
0.0063999
-0.0067877
0.00084068
0.0037659
-0.0094975
0.010947
0.0032386
0.003288
0.0035222
0.0047865
-0.01524
-0.019041
0.0073768
0.019887
0.0057642
-0.0070664
0.015801
-6.0639e-05
-0.0017031
0.011619
0.015931
0.0075098
0.0018518
-0.0059168
0.0048616
-0.0087017
-0.024167
-0.017541
-0.017769
-0.02273
-0.0099395
-0.014734
-0.020174
0.0013751
-0.0043917
-0.0059054
0.0057374
0.0025587
-0.020003
-0.00053147
0.010561
0.0029372
0.015499
-0.0043727
-0.0048143
0.017711
-0.00049988
0.00251
-0.013523
0.0014384
-0.0059333
0.0015347
0.0087243
0.0012958
-0.0016733
0.011284
0.0012836
-0.0021836
-0.0054383
0.016512
-0.0065783
-0.022109
0.0051136
-0.0012299
-0.0049811
-0.013663
-0.014151
-0.0032508
-0.022751
0.011445
0.0026521
-0.013502
-0.0038878
-0.017294
0.010093
-0.0050681
0.00063496
-0.0042506
0.0017522
0.021413
0.024499
0.00079132
0.0076451
0.00067654
0.0038694
-0.011729
-0.0020612
-0.011958
0.00028056
0.022652
0.0020307
-0.010525
-0.00036425
-0.0020825
-0.0027815
-0.017256
-0.010646
0.016398
-0.0085167
-0.00016928
-0.00075501
0.0014657
-0.012897
0.0048045
-0.0099509
-0.008512
0.0038873
0.0011554
0.013344
-0.015095
0.0012008
-0.00219
0.0057888
-0.013938
0.00022276
-0.0028027
-0.012808
0.0037853
-0.0011267
0.0043577
-0.005114
-0.01356
-0.0099888
0.011668
0.0094619
0.0037611
-0.013661
0.0071378
0.009309
-0.0071915
-0.00307
0.012121
-0.011481
-0.008755
-0.0067669
0.014502
0.0034378
-0.0062654
-0.00054066
0.015648
0.0077034
-0.012147
0.00036293
0.013484
0.02024
-0.0013408
0.00017554
-0.0029352
-0.0074983
0.0039312
0.0078339
0.0041093
-0.0071978
0.0083276
0.0026434
-0.01644
-0.0074665
-0.023728
-0.010748
-0.013405
0.0075154
0.0067808
-0.0010351
-0.010968
-0.0070075
-0.010256
0.012044
-0.011889
0.0126
-0.011709
0.015008
-0.0056909
9.3057e-05
0.00080756
-0.010009
0.002798
-0.011914
0.015476
0.0027149
-3.7769e-05
-0.01803
0.0044862
0.0028181
0.016999
0.0034808
0.0081996
0.014637
0.00323
-0.00091264
-0.0088734
-0.0024178
0.0060422
-0.0098138
-0.0011232
0.002705
0.005774
0.014833
-0.010741
0.001651
7.7675e-05
0.017928
-0.0020501
0.0024972
0.0069322
0.0094601
-0.014233
-0.010112
-0.010636
0.0061523
0.011892
-0.0043138
0.0059255
-0.0022154
-0.0045522
0.012481
-0.018593
0.046497
0.027203
-0.0046139
0.033485
-0.0070279
-0.35807
0.36352
-0.10633
-0.15882
-0.7452
1.0486
-0.29284
4.4861
0.91069
-2.0741
-2.173
-2.7659
-1.8219
2.0958
2.5698
1.8326
-0.62244
-0.1173
0.25849
1.7976
-0.58784
-0.37156
-0.67018
-0.83895
-0.67824
-0.68994
-0.26813
-0.33269
-0.13304
0.13783
-0.040198
-0.018255
-0.1061
0.054756
-0.039821
-0.046178
-0.047258
-0.11684
0.017077
0.023675
-0.12547
0.31757
-0.52946
-0.59758
-0.11175
0.25911
-0.21307
-0.33994
-0.12124
-3.8276
5.6997
0.32711
-1.9059
-1.1327
0.74563
1.3714
0.23758
0.97863
2.2456
2.4752
-1.4153
-0.26571
-0.27108
-0.3303
0.071268
-0.41382
-0.1851
-0.023388
-0.031617
0.00015274
-0.069916
-0.026592
-0.053544
-0.036879
0.011155
0.020936
-0.04179
-0.021705
-0.052483
0.01985
-0.035361
-0.0094909
0.023986
-0.15644
-0.13315
-0.041824
-0.015363
-0.00088581
-0.034062
0.38877
0.32985
-0.25954
0.051176
-0.35668
-0.10963
-0.16972
0.0092679
-0.090591
-0.0231
0.023976
-0.033049
-0.09518
0.054798
0.079874
0.046649
-0.043036
0.021279
-0.13904
-0.30216
0.31199
-2.5713
0.35948
-0.099815
0.82154
0.15135
0.85902
-0.76039
0.71114
4.311
3.4643
-0.48825
1.4172
-1.2869
-2.5125
-2.9967
-2.4487
0.24035
-0.43121
0.31234
4.7828
-10.032
0.77749
1.0961
0.28368
-1.2949
0.34346
0.19093
0.4379
0.0096541
0.35125
0.52823
0.67983
-0.097764
-0.058966
-0.056806
0.15723
0.0060999
0.27442
-0.04751
-0.053173
0.060442
-0.10768
0.074195
-0.047015
0.45672
-0.079902
0.11474
-1.4924
1.1253
-1.5784
0.38454
0.2779
4.1419
4.3128
0.27427
-0.07814
-1.0687
-1.5686
-0.18298
0.97838
1.082
-0.55855
-0.79188
-1.589
0.63338
-1.9288
3.5279
-8.0671
5.7257
3.2315
-8.784
1.2642
1.2679
0.45119
0.25269
-0.76479
-0.48433
0.15445
-0.12039
-0.45905
-0.23919
-0.30137
-0.15289
0.13388
-0.20018
0.026079
-0.27373
0.017843
-0.16633
0.010801
-0.23621
0.31889
-0.33801
0.23165
-0.33228
-0.77335
0.096262
0.89328
1.3041
-1.4045
-0.23839
-1.7014
1.5269
0.69997
-0.73188
1.4497
2.9222
0.22497
0.69605
-1.2947
-1.4483
-1.3901
2.4215
-0.2224
-3.6424
-6.6379
-4.7213
3.6649
-4.8197
5.7068
0.64948
1.6948
0.28137
1.2064
-0.33668
-0.2143
0.55185
0.45643
-0.013547
0.13194
0.21054
-0.046331
0.19629
-0.050709
0.2999
-0.35517
0.072204
0.041111
-0.012081
-0.19763
-0.18089
-0.01902
0.38659
2.913
-4.7913
-4.5737
-1.8193
-0.88926
2.1311
0.49465
-0.08821
3.4095
-0.57284
0.55
1.5299
-0.47468
-0.59504
-1.4509
-1.0965
-1.4617
0.048787
0.93063
1.3427
-0.40392
-4.6594
6.877
3.4791
-0.054264
-0.66487
-0.19824
-0.57615
-0.78277
-0.4638
-0.26412
-0.088489
-0.13792
-0.234
-0.18632
-0.20101
-0.10336
-0.1163
-0.071528
-0.12868
-0.075736
-0.099851
-0.053763
-0.077479
-0.069049
-0.064909
-0.086413
-0.060418
-0.011664
-0.021672
-0.060555
-0.047911
-0.04816
-0.048466
-0.038066
-0.039933
-0.018166
-0.020217
-0.034264
-0.020622
-0.017442
-0.019512
-0.022542
-0.024047
-0.010986
-0.02221
-0.01438
-0.012075
-0.023574
-0.005166
-0.0059864
-0.013004
0.0046021
-0.015949
0.0052253
0.0012165
0.0064528
0.0020983
-0.0046432
-0.0025737
0.0048148
0.0058817
-0.0097403
-0.026126
-0.022367
0.0078786
-0.002178
-0.0017845
-0.006047
0.0071309
0.012288
-0.014175
0.01041
-0.013066
-0.024228
0.0078498
0.0058013
0.015725
-0.0050964
0.010486
-0.010959
0.0075307
0.02024
0.00010594
0.00093477
0.0015677
-0.002659
-0.0060411
-0.001724
0.0015284
0.015764
-0.0090067
0.00638
0.010797
-0.0034453
-0.011888
0.0085989
-0.018881
0.0033984
-0.004708
0.01472
0.0030555
-0.014385
0.014758
-0.0082169
-0.0071729
-0.0034788
0.0080551
0.0019387
0.010672
0.0038663
0.0093549
0.0030316
0.015651
0.0032494
-0.0065927
0.015993
0.010487
0.0032162
-0.0022127
-0.0083644
-0.016304
-0.0079575
0.012499
-0.00021272
0.0095229
0.0050527
-0.00072089
-0.015489
-0.004226
-7.9642e-05
-0.0031732
0.016798
-0.0052217
0.0015864
0.0017056
0.0063513
0.007763
-0.0031634
0.0015969
-0.58824
-0.071344
0.15259
-0.19986
0.4744
-0.40137
-0.59746
1.0106
0.29101
-0.2466
-0.15713
0.029184
0.045144
0.10402
0.059211
-0.16315
-0.17473
-0.088954
-0.3035
-0.052404
0.018253
0.11309
0.18546
-0.017278
-0.10663
-0.69004
-0.49082
0.33144
0.24492
0.48953
0.50272
0.10754
10.702
-2.5187
-4.8878
-4.1214
-0.58065
0.92348
0.69356
8.1777
-0.40793
-2.2797
-3.2997
-2.0259
2.0195
3.4495
4.2231
-0.27188
-2.0707
9.8932
-3.068
-1.62
-1.3196
-0.84228
-0.15424
0.44836
0.22261
0.049328
-0.13449
-0.34963
-0.34035
-0.18283
-0.53944
-0.46297
-0.14276
-0.19419
-0.04051
-0.17624
0.065787
-0.13146
-0.33321
0.29435
-0.22352
-0.13908
0.30299
-0.038516
-0.26412
-0.12111
-0.27921
0.090157
-0.01277
-0.072311
-0.17601
-0.15163
-0.18739
-0.076079
-0.045529
-0.047254
-0.1088
-0.077553
-0.086739
-0.018671
-0.023422
-0.06026
-0.059393
-0.037756
-0.020187
-0.037915
-0.038145
-0.049983
-0.039715
-0.0063634
-0.018087
-0.0087933
-0.034279
-0.019693
0.0035983
-0.011439
-0.010606
-0.017059
-0.019395
-0.017291
-0.0026568
-0.00062254
-0.010774
0.014419
0.013426
-0.0055928
-0.011602
-0.017485
-0.021187
-9.1323e-05
0.38649
0.070022
-0.054452
0.062905
0.047665
-0.040034
-0.14544
-0.035981
-1.1554
2.5999
2.4357
1.6169
-1.6102
-0.97167
1.969
0.17862
-3.4263
0.33863
-1.7455
-1.6768
1.7176
1.023
0.43711
-2.7911
-1.2969
2.2122
-0.012811
-1.5153
-0.22717
0.41847
0.48185
-1.4458
0.025789
0.64849
0.4032
-0.01734
-0.19797
0.17294
0.078969
-0.16028
-0.19876
0.020876
0.26841
0.12848
0.42626
-0.38221
-0.14028
-0.029342
-0.15647
-0.1768
0.66695
-0.302
0.24835
0.26131
2.7857
2.6527
0.84617
-5.4543
0.58046
-4.0571
0.031911
-0.79116
2.3667
-1.805
0.6624
0.024959
-1.2889
1.9958
-0.2738
-1.6192
-0.44705
5.13
12.196
-1.0911
-1.4766
-1.0545
-0.50188
-0.51971
0.52777
-0.22538
-0.2434
-0.61782
0.35528
-0.34091
-0.20475
-0.4305
0.046157
-0.042711
-0.058249
0.26075
-0.28587
0.089401
-0.23843
0.2075
0.34539
-0.30838
-0.88703
-0.14813
-1.2133
1.1586
0.10378
1.3587
0.097926
-0.040977
0.33011
-5.1003
-5.1194
-5.0737
-2.5127
1.855
1.7423
3.7132
3.5179
-1.5031
0.43517
-0.093417
3.9521
6.7364
-1.642
0.78219
-1.2097
-0.49728
-0.24061
-0.070412
0.9647
-0.71751
-0.017178
-1.3188
0.043465
-0.12408
0.61153
0.052471
-0.8449
0.059524
0.38945
-0.17493
0.040671
-0.061348
-0.27677
0.089775
0.30703
-0.35216
1.6248
-6.8402
1.0849
-1.2443
0.77412
0.3498
-0.16426
0.17153
0.46963
-0.4603
-0.30879
0.18062
-0.16098
0.041521
0.11052
-0.16841
0.21514
0.028421
-0.084049
0.099763
0.0029832
0.20712
-0.05569
-0.027741
-0.053521
-0.029884
0.05681
-0.01165
-0.013503
-0.082394
0.027859
-0.0041869
0.019927
0.0067208
-0.033633
0.041599
0.034378
0.01038
0.015219
0.028694
3.3093e-05
-0.032027
0.009306
-0.020181
-0.024705
0.010586
0.0075679
-0.010041
-0.00099427
0.010393
0.0035054
-0.014468
0.00093892
-0.011108
0.025196
-0.024259
-0.0098148
0.0027915
-0.008314
-0.010624
-0.0072485
-0.016667
0.011739
0.0021279
-0.015202
0.00436
0.0007616
0.0087177
0.0013936
0.011713
-0.0086889
-0.0033082
-0.0037202
0.0045593
-0.010435
-0.0033497
-0.012053
-0.010536
0.018859
0.010613
0.0031166
-0.017583
-0.0023705
0.0037161
-0.016315
-0.016062
0.0019789
-0.015676
-0.016009
-0.0035859
-0.0097559
-0.0097868
-0.0029211
-0.0075004
0.015163
0.01251
-0.0015217
0.017694
-0.0011416
0.012323
0.014408
0.01062
0.0097195
-0.0023726
-6.623e-05
-0.007451
-0.0031412
-0.019673
0.00096555
-0.0076409
-0.00053522
0.0014345
-0.0024059
0.0078347
-0.011555
-0.00082126
-0.01705
0.0060693
0.00011836
0.0058686
-0.0014992
-0.0019436
0.0056333
-0.0060314
0.0036428
0.0073392
0.012958
0.01858
-0.0066897
-0.00087761
0.0060387
0.0039741
0.02507
-0.0037158
0.019839
-0.014903
-0.0036593
-0.0037744
0.0098753
-0.0096457
0.0077383
0.0019117
0.0067471
0.0006318
0.020555
0.0035195
-0.0083427
-0.01001
-0.016286
-0.0071875
0.0022368
-0.017319
0.004582
-0.0091471
0.00036879
0.0044518
-0.0020363
0.0064934
0.0062892
-0.0078544
-0.027533
-0.00057788
0.011201
0.00052678
-0.00294
-0.0044598
0.0121
-0.014833
-0.0041758
0.013866
-0.0081764
0.0028546
0.023359
-0.0074157
0.011524
0.0090509
-0.004189
-0.010869
-0.008538
0.014413
0.0070453
0.0069475
-0.0062388
0.0069692
-0.00057635
0.010995
-0.0042498
0.010971
0.0058815
-0.012864
-0.01282
-0.002146
-0.00108
0.007481
0.00079583
-0.0018202
0.01639
0.0018805
-0.0081315
0.0088127
0.004811
0.0070469
0.0019364
0.016096
-0.0031631
-0.0055096
0.00068963
-0.004283
0.012398
-0.012272
-0.0058838
0.0040949
0.0059998
-0.009989
0.0086392
0.011196
0.012787
0.0023933
-0.0036404
-0.00079947
0.0055218
-0.011643
0.0063981
-0.30868
-0.14067
0.20804
0.11805
0.127
-0.03669
-0.047127
-1.2611
-1.859
-3.1173
1.1547
2.8313
1.0264
-0.27172
-0.36228
0.61352
-0.21928
-0.40151
-1.0648
-0.37092
0.31565
2.1454
1.3419
2.0155
-5.0218
4.7048
2.1613
-0.68505
-0.31197
-0.65161
-0.42168
-0.43898
0.16557
-0.76132
-0.30006
-0.24705
-0.48318
-0.35158
-0.30819
-0.41466
-0.37424
-0.29699
0.17596
-0.090799
-0.12141
-0.42257
-0.13093
-0.40076
-0.41136
0.1063
0.069163
-0.90468
-0.32928
-0.070252
-0.47939
0.11966
-0.0024151
0.10816
0.06731
-0.068901
-0.010685
0.034295
0.010205
0.11009
0.12208
-0.013248
0.0074235
-0.052729
-0.090527
-0.024274
-0.052805
0.026642
0.017041
-0.0034839
0.04811
-0.024092
0.027901
0.027869
0.010144
0.016995
0.018426
0.032318
0.029875
0.018862
0.05682
0.010758
-0.0080068
0.0071686
-0.00034497
0.010315
0.016485
-0.0044946
0.015838
0.013883
0.015136
0.0039754
0.00039973
0.0076931
0.066573
0.0052651
-0.007728
0.0097423
-0.00018005
0.005126
0.0076082
-0.0021572
0.034033
-0.0027892
-0.027919
-0.002072
0.015699
0.0020865
0.0062105
-0.00083703
-0.0047762
0.0015667
0.0035197
-0.0032457
-0.0050757
-0.024271
-0.0076599
0.00273
-0.00077912
-0.0050131
0.0021224
-0.011458
-0.0067341
0.0051831
0.0033428
-0.0050659
0.0060741
-0.027589
-0.0058231
0.011659
-0.0047929
0.014039
-0.010302
0.00011673
0.0062647
0.0019155
0.011813
0.0072755
0.012973
-0.009417
-0.0040161
0.0036252
-0.0026956
-0.0074701
0.01164
-0.012291
-0.010478
-0.00073468
0.0089865
0.00032805
0.00077772
-0.017207
-0.007981
0.018042
-0.0051006
0.0033243
-0.0071856
-0.0018216
0.0014641
-0.010302
-0.0055192
0.0039839
0.020468
-0.0066542
0.0090836
-0.0082744
-0.0075194
-0.02318
-0.0068794
-0.0068416
-0.0044794
0.00020641
-0.002374
0.0070451
-0.032653
0.0023768
-0.013221
0.0080156
0.010403
0.00084365
0.00088929
0.010904
-0.0071201
0.0008596
-0.0080755
-0.0056561
0.0058809
0.0072069
-0.012263
0.0030014
0.011575
8.376e-05
-0.0095882
2.9916e-05
0.0031562
-0.009665
-0.0045325
0.0031849
0.0042153
-0.0039277
-0.0078292
-0.0061546
-0.0034995
-0.008641
-0.005757
-0.0043782
-0.0029884
-0.0035203
0.00098073
0.0018189
0.0095281
-0.0028457
0.00059674
0.0026507
-0.017634
0.00029752
0.0016467
-0.0017485
-0.0097691
0.0038677
-0.003985
0.0099871
-0.0037293
0.005307
0.0022148
-0.0042697
0.0068626
-0.00033455
-0.011312
0.013817
-0.0046236
0.010304
-0.0065221
-0.012364
-0.018117
-0.00049579
-0.0064382
0.019741
0.0051614
-0.01265
0.011867
0.0030759
0.079958
0.24521
0.093035
-0.014579
-0.051296
-0.019506
0.027683
-0.0118
-0.01154
0.057291
0.053439
-0.54383
0.21433
-0.95254
-3.3144
1.6843
-3.5236
5.6088
-1.0695
-0.94813
0.25906
-2.915
0.98998
1.7305
0.45751
2.5238
-0.051447
0.85483
0.67939
-0.56717
0.25291
-0.30048
0.16563
0.0064484
0.093629
0.041126
0.016631
-0.012641
-0.34098
0.11146
0.1303
-0.085594
-0.47908
-0.1126
-0.066888
0.092796
0.19378
0.60422
-0.55528
-0.78897
1.3148
-1.6465
0.25882
-0.43224
-3.9301
1.3914
-2.0144
2.2322
-0.24734
0.62288
-2.0647
-0.81603
1.7821
1.1093
-1.1253
1.1589
-0.84134
-0.0087385
-0.35777
3.0355
-0.038177
0.93903
3.0555
1.5882
-0.91235
-0.020903
0.035733
-0.17468
-0.01753
0.034669
0.059089
0.11957
0.023192
0.007529
0.01386
0.032716
0.034493
0.016223
-0.048509
0.0099718
-0.020651
-0.0068265
0.063591
-0.017551
0.013417
0.01096
0.0022898
0.011332
0.014416
0.0011542
-0.021472
0.012388
-0.0027997
-0.021565
-0.0056209
-0.01365
-0.0091879
0.0099737
-0.0090236
-0.028839
-0.0036553
-0.010779
-0.0010101
0.010651
-0.012252
0.0070927
0.0099519
0.0083655
0.01173
-0.0023689
-0.0090144
0.0092743
-0.0073195
-0.0084626
0.0035643
-0.0061685
-0.0058814
0.0038605
-0.007369
0.022632
-0.0013651
-0.00088145
-0.0125
0.0090231
-0.0098866
-0.0025252
-0.018283
0.028866
-0.0059168
0.027182
0.036788
-0.024514
0.014272
-0.005512
-0.0025027
-0.0016055
-0.010592
0.0029646
-0.0060151
0.015511
0.01098
0.0050556
-0.010181
-0.0026918
0.0089305
0.010552
0.0084526
0.00084847
-0.0091284
-0.010823
0.011848
0.0057572
-0.0017198
0.0016034
0.0053216
0.0086593
0.010568
-0.0092462
-0.00064055
-0.0045624
0.02621
0.00096072
-0.00019951
0.0017141
0.0063084
-0.010984
-0.010403
-0.0015143
0.024196
-0.0062597
-0.00086965
0.018323
-0.0015687
0.0037048
-0.0044851
0.0175
-0.005083
-0.0034303
-0.0082074
-0.0022226
-0.00090294
-0.0033644
0.0028904
0.01107
0.01046
0.00072003
-0.014935
0.005193
-0.013951
0.0064716
-0.0046942
0.0027313
-0.021217
-0.0083918
0.0032779
-0.0008981
0.0089723
0.0019233
0.002128
0.0026569
2.1113e-05
-4.2779e-06
-0.0056299
-3.3761e-05
-0.0046751
-0.01641
-0.0049937
0.018277
0.0099138
0.1361
0.2041
-0.049901
-0.11096
0.039419
0.021115
0.35419
1.0408
-0.13255
-0.3017
-0.078386
-0.1433
-0.21758
0.01977
-0.20238
-0.1107
-0.036437
0.029604
0.14239
-0.035735
0.07067
-0.033389
-0.57436
-0.59579
0.7939
0.96596
-1.217
1.6071
-0.99412
0.19971
-0.45323
-0.37817
-0.18062
1.7253
0.331
-0.11605
1.0742
-2.3561
0.81061
0.99045
-1.989
2.5579
-11.047
-6.0934
0.53102
-0.36945
-0.093412
0.79163
0.33701
-0.3909
-0.16236
0.28095
-0.51121
-0.13856
0.12283
-0.27147
-0.022099
-0.059476
-0.29939
0.016935
-0.39538
-0.030288
-0.23344
-0.60708
0.0033714
-1.0555
1.3962
1.677
-0.44413
-0.30823
-1.6418
0.90436
-0.067498
1.2169
-2.3831
-2.4918
4.5856
-1.0514
1.2538
1.1286
-0.78436
-1.945
-2.7339
-0.33599
-0.029975
-4.8449
-3.4645
2.08
-0.6799
1.7724
-0.9344
2.8337
0.84008
1.945
-0.80612
1.1162
2.652
0.64886
1.3211
-1.6064
-0.9711
1.0479
1.7675
0.5972
-0.19536
-0.46938
-0.76209
-0.08182
-0.30421
0.15484
-0.71854
0.10705
-0.037294
0.11015
0.45313
1.3459
0.84811
0.16241
1.33
0.85271
0.30386
0.55179
0.27604
0.31613
0.19752
-0.28815
-0.404
-0.39781
-0.20805
-0.087414
0.16639
-0.18098
-0.042376
0.13731
0.30887
0.49675
0.37634
0.45849
-0.0069878
0.054814
0.24253
-0.20601
-0.21268
-0.33842
-0.38724
-0.26004
-0.17078
-0.14049
-0.25849
-0.19828
0.023669
-0.10746
-0.16683
-0.11223
0.029795
0.029225
0.017032
-0.18083
-0.14528
0.23892
0.1512
-0.1301
0.019322
0.024487
0.16187
0.13528
-0.03207
-0.065583
-0.16518
-0.34942
-0.49819
-0.27005
-0.42056
-0.58909
-0.41969
-0.25643
-0.15897
-0.20148
-0.21244
0.058492
0.1531
0.044093
0.062187
0.22372
0.26866
0.20517
-0.040934
0.027682
0.059819
0.1066
0.042012
0.13016
-0.068451
-0.076682
-0.075812
-0.18625
-0.2415
-0.19681
-0.19913
-0.10336
0.019658
-0.23857
0.22687
0.098488
0.074976
0.4243
0.40023
0.41818
0.067592
0.10457
0.23742
0.061162
-0.0059054
0.099032
0.11969
-0.31255
-0.19166
-0.16511
-0.19283
-0.20196
0.2046
0.086675
0.20733
0.37779
0.35694
0.34785
0.30506
0.31649
0.28084
0.13037
0.032042
-0.13682
-0.24898
-0.30434
-0.31028
-0.43449
-0.34062
-0.24842
-0.23435
0.00057479
0.07495
0.1592
0.20255
0.29148
0.23862
0.29784
0.27603
0.25406
0.16803
0.15369
0.071702
-0.10234
-0.111
-0.27262
-0.2568
-0.28724
-0.3678
-0.26275
-0.31152
