0.00046727
-0.0016607
0.00094626
8.2083e-05
-0.00013949
-0.000439
0.0010336
0.0012566
-0.00088552
-0.00039919
0.0005076
0.0010677
-0.0008807
-0.001128
0.0020019
0.0023092
-0.0016107
0.0015674
-0.00056604
-0.0015922
0.00062608
-0.00072227
0.00016143
-0.00073988
-0.00064274
-3.8251e-05
0.0019474
-0.00053752
0.0030227
0.00062844
-0.00081956
8.6483e-05
0.0011075
0.0013068
0.0009945
0.00086076
-0.0016003
0.00047369
8.7897e-05
0.00032476
0.00031401
0.0022239
-0.00053418
0.00080331
0.00055237
-0.00043707
-0.0012502
-0.00022195
-0.00032411
-0.0025854
-0.00029355
0.00056275
-0.0023012
0.0010624
-0.00015037
0.00021658
-0.0025867
-0.00054152
-0.00070097
0.00070146
-0.0011897
-0.00016064
-0.00056951
0.00066899
-0.0005667
-0.00024684
-0.00027941
0.00026796
-0.0010912
0.0011471
-0.00031295
0.00056523
0.00070112
-0.0019598
-0.00091512
-0.0018326
-0.0011554
0.00039861
-0.00013281
-0.00037485
-0.00059329
0.00095087
-0.0024337
-0.00044565
-0.0010952
0.0029706
0.0004964
0.0011333
-0.00048872
-9.8066e-05
0.00017432
-0.0013432
-0.0013954
-0.00061396
-0.00030935
0.00053655
-0.0013778
-0.00016686
-0.001568
-0.0010073
-0.00056461
0.00014579
0.00051649
0.0001612
0.00034157
-0.0022399
-0.00084755
-0.0014993
-0.00039401
-0.0012099
-0.0017475
0.0010602
-0.0014342
0.00040886
3.7881e-06
-0.00085151
-0.0015804
0.0022996
0.0002132
0.0020919
0.0020159
-0.00094957
-0.00038483
0.00044936
0.00062368
7.0892e-05
0.00040833
-0.00082324
0.0013653
-0.00084521
-0.00035872
0.00094608
-0.0021725
-0.00081603
-0.0018061
-0.00024788
0.0016921
-0.00056396
-0.00028533
-0.0027383
-6.9404e-05
-0.00036401
0.00064545
0.0010262
-3.814e-05
-0.00042185
8.7529e-06
-0.00043267
-0.0019539
-0.00023592
-0.0014775
-0.0005687
-0.0014998
0.00032073
-0.00059973
-0.0025308
-0.0005933
-0.0025484
-0.00049255
-0.0012154
0.00019371
-0.00092552
-0.00074725
0.00032959
5.258e-05
0.00055918
-0.0013822
-0.00062568
0.0013858
0.00025937
0.0008954
-0.0016949
-0.0013175
7.297e-05
0.0010927
-0.0011865
-0.00037478
-0.00037216
0.0014412
-0.0012504
0.00047807
0.00010355
-0.0011575
-0.0012662
-0.0021723
-0.00024605
0.0015812
-0.0014326
0.0003891
0.001443
-0.0013643
-0.00097251
-0.0014165
-0.00065827
-0.00017509
0.0010437
-0.00074584
-0.0011714
-0.0010254
-0.00089177
0.00015512
-0.00021132
-3.4946e-05
-0.00041408
-0.00017497
0.001229
-0.001256
-0.0010788
-0.00018035
-0.0010682
0.00040194
-0.00049591
-0.0021548
-0.0012819
0.0015137
0.00047989
0.00029856
0.00069953
0.0015416
0.0018102
-0.0012747
-0.00089571
-0.0008617
-0.00037415
-0.00023658
0.0015612
0.00043366
0.00033407
-0.0008151
0.0019029
0.0025131
-0.00094155
0.00012873
-0.001582
-0.0010453
-0.00079006
0.00024918
0.00081808
0.00099971
0.0011589
-0.00052794
-0.00069787
0.00060334
-0.0013536
-0.0019294
-0.00014364
0.0011082
-0.00033436
0.00054004
0.0029929
0.00020859
-0.00075313
-0.00034766
0.00057599
0.0010776
0.00044373
-0.00036856
0.0012575
-0.0001289
0.0017602
-0.00024661
-0.0012596
-0.00068048
0.00062043
1.0663e-05
-0.0015708
0.0015667
-0.0011309
-0.00022696
0.0010094
0.00098025
-0.00085274
-0.00065314
0.00070724
0.001294
-0.0011449
-0.0005831
0.00032778
-0.0009584
0.0026887
-0.0013346
0.00050043
-0.00039151
-0.0012961
-0.0020153
0.00058256
0.0026475
-3.14e-05
-0.00096439
0.00017648
-0.00016395
-0.00010478
-0.00050121
0.0003505
-5.2109e-05
0.00045307
0.00022487
0.0009917
-0.001264
-0.00083225
0.0011223
-0.0012939
0.0013822
0.0010651
0.0004093
0.000492
-0.001532
0.00035034
-0.0014302
0.00072744
0.0017798
-0.00043985
-0.0012226
-0.00034304
-7.9391e-05
0.0012376
-0.00050484
-0.00080094
-0.0023649
0.0012093
-0.0010527
0.0010528
0.00079172
-0.00024449
-0.00016044
-0.00053956
0.0010691
-0.0014228
-0.00037436
0.00074958
0.00075129
0.00045091
0.00061396
-9.2062e-05
-0.00010994
0.00017172
-1.3889e-05
-0.00038982
5.5991e-05
-0.0010591
0.00054262
-0.002039
-0.00044968
0.00044069
0.0022039
0.00062418
-0.00019261
0.0010379
-0.00016075
-0.00066572
-0.0020218
-0.00064199
-9.7837e-05
-0.0016857
-0.00014388
-0.00054587
-0.0020943
-0.0015156
0.0005128
0.0019072
0.00090264
-0.00030276
2.4503e-05
-0.0010494
0.00044358
0.00025889
-0.001777
0.00027568
0.00013596
0.00049486
0.0013409
-0.0007413
0.00090957
-0.0006075
-0.00029055
-0.0010627
-0.00021338
0.00048249
0.00267
0.00082795
0.0016955
-0.00017899
-0.0009708
5.3624e-05
-0.0010906
-0.0016389
0.00022106
-0.0011291
0.00027582
0.0011939
-0.00025521
-0.00082975
-0.00046654
-0.0019272
0.0010694
-0.00087118
0.00034927
-0.0011011
-9.4353e-05
0.00043677
-0.00019973
-0.00041594
0.0004746
0.0018505
-0.0002966
-0.00067712
0.00092899
-0.0019103
0.0008963
-0.00037544
-0.0005053
1.0686e-05
-0.0022418
-7.6629e-05
0.00030882
-0.0023037
-0.00090792
-0.0013638
-0.0011861
0.00091165
0.0013407
-0.0015546
0.0014412
0.00068912
-0.00048021
-0.0001201
-0.00010395
0.0016092
-0.00052654
-0.00086443
-0.0028452
-0.002165
4.823e-05
0.00075082
-0.0011208
0.00048608
0.00062753
-0.00091995
0.00052788
-0.00018589
-0.0019506
-0.00063147
0.00049039
-0.0011849
0.00073044
0.0010678
0.00048707
-0.00035835
0.00019894
-0.00056064
0.00032767
0.00059903
0.00068435
0.00027072
-2.7416e-05
-0.0020363
3.0668e-05
-0.0016897
-0.0021641
-0.0012756
0.00071944
0.00018133
-0.00081475
-0.00052399
-0.00048346
-0.0012798
-0.000897
0.00073304
0.00069522
0.00078255
0.0011834
-0.00023026
0.0021506
-0.00072549
0.0027162
2.7656e-05
0.0010248
0.00013377
-0.001034
-0.00039584
0.00092965
-0.0014878
0.0018696
-0.00058388
-0.00053051
-0.00017216
-0.0017312
-0.0012963
0.0026307
0.00065905
0.0012259
-0.00058782
0.0011106
-8.0694e-05
-0.00011541
-0.00013159
0.00013489
0.0009643
0.00056393
-0.00018612
-0.0005634
-0.0022294
0.001095
-0.00087661
0.0016256
-0.0010645
0.0010811
-0.0015304
-0.0019929
-0.00088395
-0.0017001
-0.0016646
0.0021843
0.00051677
0.00078456
0.00051945
0.00064848
-0.0022176
0.00028003
-0.001992
-0.0016011
-0.0006519
-0.0013408
0.00020222
0.0021056
-0.00023851
-0.0011653
-0.001476
-0.0030973
-0.0021814
0.00013353
-0.00033486
0.00031323
0.0014014
-0.00024954
0.00094565
0.0023485
-0.00054213
-0.0012552
0.00033828
-0.00091265
-0.00079146
-0.00071056
-0.0020129
-0.001499
0.00042614
-0.0016112
-0.00020397
0.0011114
0.00053768
0.0010521
0.00037225
0.00038714
-0.0002819
-0.00078336
-0.0004677
-0.0011078
0.00025751
-0.00057324
0.0002163
-0.0012269
-0.00073997
-0.0038115
0.0001677
0.00051739
0.00026072
0.0013238
0.00050035
-2.7744e-05
0.00053598
-0.00033761
0.002076
-0.0022499
-0.001786
0.001114
0.0013085
0.00013344
0.00062097
0.00058742
-0.00010495
-3.1892e-05
0.00019751
-0.0010618
-0.0022161
-0.00088873
-0.00095084
0.00098724
-0.0020934
-0.00010438
0.00069576
-0.00019317
0.0017507
0.00048731
0.00073515
-0.00016063
0.0025089
-0.00018705
0.0018764
0.001261
0.0010304
-0.00018277
0.0013412
-0.00082157
-0.00055227
0.0015507
-0.0019085
0.00054465
-9.8293e-05
0.0023442
-0.0012765
-0.00022005
-9.2157e-05
0.00017006
0.00078266
-0.0019487
-0.00027123
-0.0003484
0.0013836
0.00063512
0.0018581
-0.0012412
-0.00075938
0.0015169
-0.00048541
-0.00065402
-0.0018008
-0.0016468
-0.0013529
0.00049737
0.002607
-0.00021783
-0.00067682
-0.001278
-0.00172
-0.0018896
-0.0015431
-0.00025859
-0.0031567
-0.0011947
-0.0015829
2.2416e-05
6.2405e-05
0.0007576
-0.00039614
-0.002963
-0.00062685
-0.0015691
-0.00073509
-0.00020684
-0.00040061
-9.0984e-05
-0.0015216
-0.0011857
-0.0017549
-0.00058215
0.00011435
3.2855e-05
0.00065009
0.00059178
-0.0013751
-0.00109
-0.0018083
-0.0011237
8.5625e-05
0.0013188
-0.0016258
0.00054601
0.00051699
-0.0008082
-0.0013067
0.0010469
0.00055542
-2.7983e-05
-0.00015166
5.2451e-05
0.00052069
-0.0020127
0.00091912
0.0018107
-0.00082013
-0.0001267
0.00099013
0.001472
-0.00057895
-0.00022733
-0.00035028
0.0013851
0.0019699
-0.0004527
-0.000288
-0.0021979
0.0011451
-0.0014494
0.00052258
-0.0016175
-0.0010569
-0.001725
0.00036689
-0.00034453
0.00031623
-0.00083887
-0.00071484
0.00039035
6.7547e-05
0.0014373
-0.00010254
-0.00031819
0.0016023
-0.00070811
0.00092959
0.00016092
-0.00013822
0.00065895
4.1092e-05
-0.00085464
-0.0015876
-0.00039332
-0.0012807
0.00087364
0.0016157
-0.00087807
6.4229e-05
-0.0017005
-0.00023189
0.0012091
-0.0019846
0.0011392
-0.0012795
-0.00078002
-0.0014911
-0.0016661
-0.0013637
0.0003388
-8.2719e-05
-0.00050515
-0.0016689
-0.00095578
0.0010486
0.00068235
-0.0010985
-0.00062716
-0.00069593
-0.0012316
-0.00013473
-0.0011022
-0.001304
0.00086108
-0.00085818
-0.00030747
-0.0016099
-0.0011344
0.00070901
0.00042381
-0.0016923
0.00051715
-0.0014826
0.0017438
-0.0009868
-0.0010701
-0.0016466
-0.00012438
6.5082e-05
-3.2994e-05
-0.00073426
-0.0011368
-0.00031827
0.00068709
0.00076149
0.00032595
9.6623e-05
0.0021325
0.0012702
-0.0021042
-0.00063364
-0.0023674
4.5979e-05
-0.0021243
-0.00010289
-0.0011983
-0.00046073
0.00010128
0.0003895
-0.0018687
-0.0006515
-0.0012523
0.002603
-0.0012753
0.00070276
0.00021428
-0.0010689
0.0010273
-0.001855
0.0003887
-0.0012926
-1.4383e-05
0.00048232
-0.0011921
0.00072209
0.00022058
-0.00025457
0.0010341
0.0006124
-0.00048016
0.0009259
0.00064226
0.0014367
0.0010871
-0.0010062
0.00046309
0.0019528
-0.00066898
-0.0012261
0.00081344
0.00029311
0.00096354
0.0015446
-0.0019693
0.001061
-4.7153e-05
0.00054465
-0.0015897
0.00037031
0.00057034
-0.0015485
0.00036548
0.001128
-0.00030744
1.1784e-05
0.00084529
-0.00046418
0.00065666
-0.00055721
0.0019108
0.00051772
-0.0011809
0.001783
-0.00076439
-0.00033745
4.5137e-05
-0.001687
0.0012675
-0.00053663
0.00071356
0.00066435
-0.00061627
-0.00049844
0.0011827
-0.00081831
0.0012624
0.00054352
-0.00016069
0.00032951
-0.0011435
0.00011111
7.0736e-05
-0.0011915
0.0017453
8.2376e-05
0.0013252
-0.001657
0.00011327
-0.00099442
-8.5067e-05
-0.0023409
0.0020461
-0.0012954
-0.00079243
0.00017569
-0.0020065
0.0020631
-0.00077301
-0.00011763
-0.00071947
-0.00075933
0.00081579
-0.00023057
0.00032472
0.0016774
0.00069655
-0.00032623
-0.000884
-0.0010577
-0.00010752
-0.0018578
-0.0021919
-0.0023886
-0.0002625
0.001035
-0.00079726
0.00052635
-0.0011615
-0.001173
-0.0023656
-0.00056099
-0.0016039
-0.00068649
0.0012882
0.0016748
0.00075224
-0.00033661
-0.0019882
-0.00013198
0.0012638
-0.00014885
-0.00025111
-0.0017327
0.00068573
-0.0011534
-0.00013954
-8.9002e-06
0.0022875
-0.00083288
-0.00082468
0.00022263
-0.00082178
0.00058841
2.1594e-05
0.00046854
-0.0020928
-0.00055344
0.00013611
0.00042044
-0.00094359
0.0019025
-0.00047124
0.00069493
0.00056263
-0.00029903
8.5334e-05
0.00044149
-0.0023179
0.00013897
-0.0017534
-0.00065847
-0.00086737
0.0018559
0.0014328
-0.00018057
6.1921e-05
-0.0016491
-0.00064399
-0.0016785
0.00010564
-0.00068626
0.0001517
0.00046246
-0.00028109
-0.00087258
0.0010319
0.00037449
2.2277e-06
-0.0010328
-0.0017179
0.00060062
-0.00012806
-0.0011081
-0.0012627
-0.00075272
0.0011035
0.0018298
0.0022713
0.0021376
0.0023451
0.00049607
-0.0015482
-0.0015188
0.00064679
-0.00026551
-0.0018556
0.0014432
0.00060015
0.00032827
0.00088004
-0.0011103
0.00010099
0.0012471
-0.0004833
-0.0011396
-0.00016031
0.0011434
-0.0010024
0.00050015
0.00033856
0.00056458
-0.0006244
6.344e-05
-0.00028982
-0.00037655
0.00067316
-0.0028376
-0.00090274
-0.0013509
-0.0011264
-0.0015938
-3.8375e-05
-0.00096719
-0.00010102
-0.0011539
-0.00071831
0.0015612
0.0022712
-0.00033164
-0.00090797
0.0011819
-0.00075162
-0.00023832
0.00020479
-0.0016097
0.00011396
0.0018651
-0.0012133
0.00021114
4.7611e-05
-0.00033064
0.000763
0.0010484
-0.00046394
-0.0006773
-0.0019047
-0.00094597
0.0024908
-0.00062128
0.0085906
0.025687
0.017506
-0.001584
-0.029335
-0.044847
-0.05951
-0.0015422
-0.040921
-0.029714
0.00047166
-0.00084907
-0.027918
-0.003214
0.0086914
0.012843
0.021059
0.026171
0.014753
-0.046136
0.046076
0.028513
0.030957
0.041108
0.028626
0.03254
0.057618
0.034712
0.029619
0.1099
0.10181
0.22021
0.50014
0.053246
-0.013081
0.15567
0.12938
0.083766
-0.1335
-0.11477
-0.013947
0.015368
-0.010025
-0.0012017
-0.046788
-0.011662
0.033443
-0.018667
-0.023215
-0.02574
-0.0076089
0.015046
0.0025306
0.018034
0.060683
0.0074695
0.026253
0.0082087
0.019742
0.0052275
0.026181
-0.011149
0.0075051
-0.043605
0.041126
0.085679
0.061608
0.011008
0.024118
0.0012552
-0.029383
-0.034973
-0.037173
-0.034936
-0.041611
-0.044326
-0.049902
-0.039108
-0.016384
-0.00116
0.0071113
0.013422
0.018393
0.014982
0.017533
0.012761
0.015138
0.013636
0.01347
0.026647
0.013545
-0.00014631
-0.0023667
-0.0011062
-0.0049974
-0.004864
-0.014662
-0.061579
-0.026365
0.0089286
-0.019884
0.0062631
-0.014455
-0.00047286
0.012294
0.006929
0.0086518
0.021322
0.10906
-0.33931
-0.22082
0.089313
0.2361
0.17382
0.012244
-0.038146
-0.15579
0.062438
0.064559
0.12704
0.027048
-0.14147
-0.72203
-0.12341
-0.086636
-0.035326
-0.070204
-0.015359
0.039648
-0.051149
-0.0128
-0.027063
-0.022484
-0.035452
0.029032
0.0041548
0.050621
0.0126
0.011948
-0.0033878
-0.013221
0.020198
0.014709
0.0064226
-0.018929
0.028346
-0.30023
-0.010057
-0.014427
-0.0078447
0.04507
0.031043
0.060878
0.013868
0.025721
0.057669
0.096942
0.05133
0.041787
-0.048583
-0.076319
0.20531
0.048056
0.57352
-0.092695
-0.087861
-0.13577
-0.10243
-0.04423
-0.0072471
-0.037373
-0.046621
-0.021762
-0.014399
-0.0092422
-0.010171
0.025582
0.015668
0.007252
0.0029796
0.023974
0.012179
0.031111
0.019903
0.013521
-0.0036721
-0.015442
-0.012059
-0.0023929
0.0098434
0.12787
-0.012843
0.087974
0.013639
0.081897
0.063665
0.085319
-0.028055
-0.031161
-0.028251
-0.011121
-0.013587
0.0018794
0.0030374
0.0045736
0.0024982
0.0024656
0.0062569
0.010136
0.0091648
0.0080826
0.0072337
0.0055413
0.013278
0.011242
0.0034215
0.0046283
-0.0047868
-0.0058642
-0.0071352
-0.0079189
-0.0095789
-0.0040002
-0.0022198
0.0015676
0.0048595
0.0040502
0.0053346
0.0033245
0.0054594
0.00087548
-0.0034946
-0.010543
-0.0051755
-0.0026829
-0.00076559
0.0020893
0.00078282
0.00309
0.004328
0.0060523
0.0065212
0.0064659
0.002341
0.0029931
-0.0023888
-0.0032543
-0.0052027
-0.00066954
-0.0030711
-0.0011833
0.00088744
0.00032758
0.0022878
2.1165e-05
-0.00038578
0.00037641
-0.0026462
-0.0013716
-0.0017984
0.00075955
0.0040053
0.00096456
0.0021569
0.0022004
0.0021966
-0.00090971
-0.0019466
-0.0026666
-0.00196
-0.0036029
-0.0043761
-0.0042678
-0.0050238
-0.0033116
-0.0037362
0.00055895
0.0049317
0.0042821
0.010035
0.0015625
0.0011122
-0.00060598
-0.00045615
-0.00078592
-0.00032597
-0.0042287
-0.0045173
-0.0026179
-0.0026423
-0.0035751
0.00049632
0.00050195
0.00018877
-0.00040326
0.0018361
-0.0008831
0.0029451
0.0037232
0.0029535
0.0020797
0.0024317
0.0013739
0.0012256
0.00041861
-0.0017749
-0.0021539
-0.002259
-0.0022243
-0.0037548
-0.0054072
-0.0041641
-0.0020185
-0.0035456
-0.0020538
-0.00090217
-0.0002424
0.0019419
0.0011325
0.0038096
0.0018029
0.0012337
-0.0009285
0.00031903
-0.0031247
-0.0026202
-0.003745
-0.0025749
-0.0046113
-0.0023322
-0.00089722
0.0019016
0.0024064
0.0014392
0.0045681
0.0029115
0.003948
0.00483
0.003412
0.0026987
0.0011793
0.00030404
0.0025675
0.0015414
0.0028208
-0.00070087
0.00099552
-0.0023971
-0.00056499
-0.001949
0.00077974
0.0021629
0.0002289
0.0020273
0.0024343
0.0023544
0.0018487
0.0014871
0.00052043
0.00090675
-0.00074859
-0.00091518
-0.0013465
-0.0023405
-0.0025189
-0.0016008
-0.0013932
-0.0021839
-0.0010328
0.00038069
-4.9392e-05
0.0035669
0.0024949
0.0016673
-0.00079048
0.0010002
0.0031107
0.0019576
0.0014591
0.00023519
0.0016309
0.001486
-0.00053819
0.00090965
-0.0017903
-0.0014913
-0.0007591
-0.0018457
-0.0014661
7.3727e-05
-0.0009791
-0.00072896
0.0019177
0.0012155
0.0013049
0.0028518
0.0026477
0.00087319
-0.00057837
-0.0021833
-0.0013082
-0.00061825
-0.00076639
0.0012165
0.0010748
0.0003193
0.0017281
0.0012227
-0.0011805
0.0013228
-0.00028019
-0.0010827
2.859e-05
-0.0019152
-0.00064585
-0.00031479
0.00081076
8.2094e-05
-7.3485e-05
0.0013027
0.0020772
-0.00065024
0.00029008
-0.00020017
0.0005703
-0.00012644
-0.0012416
0.0011608
-0.001245
-0.00059963
0.00098307
0.00064474
5.9462e-05
-7.3862e-05
-0.00078679
-0.00073631
0.0016975
-0.0010624
0.00027351
0.001214
0.00058218
0.00070186
-0.00031658
-0.00019719
2.2861e-05
-0.00083189
0.0012771
-0.0004076
-0.0016097
-0.00055414
-0.0010526
3.2388e-05
0.0012476
0.0002241
0.0016087
-0.0013729
0.00054175
-0.00093192
0.0011258
-0.00093902
-0.00039238
0.0011616
0.001466
-0.00052185
-0.0007098
-0.001475
0.00073733
-0.001611
0.0016309
-5.5655e-05
-0.00064141
0.00035245
-0.0012426
0.00091582
0.00023732
0.0010115
0.0011056
0.00015298
-0.0016378
0.00027184
-0.00027757
-0.0028785
-0.00019091
-0.00020273
-0.0018767
-0.00059297
-0.00067458
0.0018418
0.00022672
-0.00099258
-0.0020949
0.0021226
0.00033612
-0.0008893
0.00029125
-0.00019742
0.00015688
0.0019281
-0.00053839
-0.0022802
0.00067003
-0.00088523
-3.1331e-07
-0.00071244
0.0013004
-0.0021946
-0.00024402
-0.00090298
-0.00051165
-0.00039287
-9.1354e-05
-0.0015207
0.0020346
0.00029905
-0.00011822
-0.00041403
-0.00049984
0.00027041
0.00047183
-0.00014507
-0.00056641
-9.0575e-05
0.00051006
-0.00089664
0.00080165
1.5125e-05
0.00074766
-0.0014587
0.00022467
-0.00027437
0.0014665
-0.0010974
0.0010036
-0.00068973
0.0012449
-0.0003364
-0.014017
-0.016495
-0.018759
-0.019595
-0.022433
0.04151
0.041508
0.04081
0.065498
0.15524
0.13563
-0.32144
-0.046912
0.095806
0.31132
0.12372
0.11275
-0.084022
-0.066275
0.0019325
0.11518
0.12023
0.089612
-0.068149
-0.12677
-0.011478
-0.0055826
0.058836
-0.19911
-0.15536
-0.071665
-0.049086
-0.044335
-0.046775
-0.062904
-0.040392
-0.0086636
0.0072729
-0.002297
-0.0071987
0.013781
0.00032149
0.0066419
0.014629
0.004448
0.010124
-0.011603
0.024495
0.0078318
0.051172
0.022795
0.078629
0.07328
0.086578
0.28897
-0.042707
0.11901
-0.034406
-0.063183
-0.17672
-0.17181
-0.071877
-0.057389
-0.07085
-0.3634
0.050832
-0.15068
-0.1074
-0.0059785
0.0097684
-0.043653
0.00070131
-0.0014311
0.013758
0.0018937
0.0044332
0.014192
0.009799
0.013527
0.0013406
0.014886
0.0080637
0.0037019
-0.0017237
-0.00041731
-0.0012844
-6.7382e-05
-0.0029925
0.033261
0.053908
0.015421
0.010182
0.021464
0.013354
0.071823
0.0030029
-0.077563
-0.018545
-0.014984
-0.058286
-0.010379
-0.016789
0.014758
0.012801
-0.022329
-0.022088
-0.013014
0.0053508
0.0060753
0.0070871
0.0038859
0.0093488
-0.01362
-0.12696
-0.29843
0.13097
-0.045373
0.11262
0.032263
0.007741
0.13367
0.0039183
-0.072237
0.062169
0.12824
0.095305
0.081802
0.16558
0.12622
-0.051767
-0.11458
-0.046956
-0.10568
-0.10636
0.15489
0.20932
-0.36438
-0.044867
-0.24518
0.001903
-0.068657
-0.075447
-0.11021
0.02489
-0.03253
-0.023739
-0.014755
-0.035152
-0.026204
-0.023619
0.0039846
0.010284
0.0072799
0.0068128
-0.0035458
-0.0069773
0.021828
0.017054
0.02677
0.014065
-0.016387
-0.096863
0.049842
-0.060239
0.08752
0.084984
0.0039182
-0.23123
-0.085235
0.056757
0.06347
0.035304
0.14636
0.090224
0.04829
0.073806
-0.022608
0.0098605
-0.037139
0.1075
0.076203
-0.17928
0.22073
-0.55387
-0.061471
0.49038
-0.2516
-0.040182
-0.081749
-0.12242
-0.042009
0.0097607
0.006852
-0.053038
-0.066747
-0.048701
-0.021394
-0.0016856
-0.0025967
0.046022
-0.014109
-0.023328
-0.0043865
0.0067
0.0019967
0.015939
0.02089
0.022499
-0.080411
-0.10846
0.07457
0.055764
0.03385
0.012218
0.034588
0.067574
-0.046663
-0.11341
0.11049
0.10449
0.096365
0.0919
0.074683
0.10042
0.014281
-0.0016651
-0.18657
-0.21325
0.098081
0.16252
0.25665
-0.19836
-0.059952
-0.46286
-0.56874
0.21708
-0.097942
-0.0044907
0.02266
-0.00028044
-0.014959
-0.071427
-0.056309
-0.069959
0.0068829
0.014155
0.016451
0.029447
0.039277
0.063062
0.02301
-0.018087
-0.014414
0.0062044
0.020535
0.040778
0.011764
0.019006
-0.11364
0.36071
0.24864
0.15282
0.061741
-0.025228
0.0443
0.029365
0.060431
-0.035555
0.14731
0.069237
0.083545
0.14963
0.046965
0.027514
0.034106
-3.2658e-06
0.022015
0.005714
0.0443
0.017538
-0.72613
0.17256
-0.050716
-0.046406
-0.031759
-0.017317
-0.014095
0.0051006
0.01345
0.0041923
0.0045503
0.0038743
0.0051388
0.013214
0.011894
-0.00086557
-0.0095121
-0.0060251
-0.0066832
-0.004727
-0.0017424
-0.0018205
-0.0013517
0.0054813
0.0058202
0.0062883
0.0042893
0.0053419
-0.00011591
-0.00011775
-0.0065634
-0.0051602
-0.0050501
-0.0047416
0.0033004
0.0021258
0.0038529
0.0050092
0.0021861
0.0041579
-0.0016129
-0.0038522
-0.0045023
-0.0042253
-0.004194
-0.0027778
-0.0021192
0.0023348
0.0026167
0.0026873
0.0058647
0.0034927
0.0011956
-0.00027938
-0.0034323
-0.0019286
-0.0034502
-0.0043553
-0.0026342
0.0029232
0.0016641
0.0053685
0.0015999
0.0025824
0.0013236
0.00078512
-0.0010276
-0.002759
-0.0024734
-0.0022034
-0.00082264
0.0012059
0.0017463
0.0047184
0.0015839
5.1843e-05
0.00032724
4.8583e-05
-0.00073245
-0.0022381
-0.0032194
-0.0019896
-0.0014766
-0.0027104
-0.0016152
0.0014894
0.0014245
0.001687
0.0014732
0.00072586
-0.0011144
-0.0014371
1.8907e-05
-0.0023905
-6.5339e-05
-0.00076245
0.00014623
0.0017705
0.000488
0.0010662
0.00086521
-0.00073766
-0.00275
-0.0027504
-0.0006277
-0.0019177
-0.0012053
0.00027648
0.0002193
0.0013546
0.0010604
-0.0007416
0.00069086
-0.0010702
-0.0011284
-0.0024077
-0.0020176
-0.0017765
0.00011014
-0.0011855
-0.00025336
0.00095141
0.0017882
0.0018813
0.0002248
-0.00030682
0.0013047
0.0017152
0.00039084
-0.0018199
0.00049668
3.7347e-06
0.0019126
0.0011112
0.00099725
0.0011655
-0.0007421
-0.0020018
0.021148
0.0091336
0.020521
0.021905
0.027836
0.055073
0.018431
-0.040357
-0.050958
-0.036826
-0.0099286
-0.0042944
-0.014975
-0.023049
-0.013621
-0.029755
-0.031454
-0.025845
0.0033312
-0.0072841
0.0049438
-0.016827
-0.0071766
-0.18227
-0.19108
-0.096134
0.11876
0.14438
0.025371
-0.0025024
0.087547
0.045393
-0.048495
0.86049
0.11301
0.17013
-0.23803
-0.29515
-0.09016
-0.17742
0.33829
0.38676
-0.044058
-0.10392
-0.35247
-0.30918
-0.18955
0.083932
0.0029327
-0.35363
0.014133
-0.029809
-0.090361
0.0090307
0.034072
0.066669
0.026556
-0.015413
-0.037481
-0.011919
-0.077487
-0.020213
-0.010146
0.013808
0.0021498
0.0022417
-0.018242
-0.037796
0.0035952
-0.0043284
-0.0032645
0.1119
0.23995
0.074665
0.020097
0.077442
0.059292
0.050264
0.043662
0.019252
0.016383
-0.030755
-0.034047
-0.037629
-0.032852
-0.026024
-0.027015
-0.017519
-0.014514
-0.0040376
0.00071895
0.0017256
0.0024508
0.0029484
0.0017066
0.0052873
0.0036179
0.0057888
-0.002514
0.0028249
0.001032
0.0011541
-0.0034287
-0.0026218
0.00050159
-0.0040923
-0.0029783
-0.0037369
-0.002764
-0.0024153
0.0009398
-0.0013163
0.0023162
0.00092149
-0.0027052
0.0012784
0.0023164
-0.00054306
0.00055458
-0.00010597
-0.0014774
5.9676e-05
0.0059514
-0.020809
-0.0048714
-0.016264
-0.01272
-0.01359
-0.013971
-0.0015345
-0.10613
-0.26714
-0.012492
0.061333
0.10242
0.063316
0.14766
0.18816
0.18241
-0.042986
0.076945
0.0064521
-0.059699
-0.012006
0.077343
-0.040309
-0.16402
-0.038637
0.027547
0.0077274
0.016528
0.016106
0.012785
-0.04482
-0.11173
-0.04326
-0.046586
-0.022152
-0.012148
-0.041965
-0.037874
-0.047928
-0.040333
-0.016026
0.0055376
0.0022193
-0.0033614
0.010844
0.00037281
0.0034192
-0.060809
0.023497
0.036822
0.092287
0.07932
0.085403
-0.21951
0.13795
0.32943
0.64991
0.15279
0.21024
-0.1845
0.20158
-0.011152
0.18184
-0.07007
-0.028808
-0.053955
-0.093377
0.027149
-0.032029
0.0018771
-0.26994
-0.38347
-0.14015
-0.045976
0.034112
0.009881
0.054852
-0.035464
-0.14332
-0.072957
-0.059584
-0.095381
-0.027154
-0.02874
-0.032387
-0.046122
-0.0083471
0.00045198
-0.014577
-0.020006
-0.029557
-0.018926
-0.039711
-0.11271
-0.13145
0.056838
0.049161
0.091948
0.090081
0.015953
0.073572
0.076175
0.039258
0.050453
0.6859
0.18018
0.11801
0.0084973
-0.19006
0.22697
0.036314
-0.048329
-0.11041
-0.11692
-0.008698
-0.32461
0.011809
0.089548
-0.043662
0.001267
0.018756
-0.0060668
0.079865
0.025314
-0.076928
-0.083039
-0.01974
-0.03343
-0.070019
-0.043409
-0.0096108
0.022496
0.020604
0.024082
0.0082464
0.0051022
0.010255
0.0036162
-0.0020155
-0.02444
-0.037481
-0.1921
0.55074
-0.058284
0.050541
-0.020501
-0.0043153
0.016556
0.0015493
0.012146
-0.0093564
0.0091667
-0.03258
0.0026556
-0.0013443
-0.012504
0.00048644
-0.0075686
0.016667
0.012062
0.0061945
0.0090429
-0.0015066
-0.019743
-0.012504
-0.014994
-0.009268
-0.0003635
-0.0024307
-0.0026254
0.0020735
0.0066492
0.014478
0.014244
0.0047778
0.0055031
0.00063032
-0.0020058
-0.0033863
-0.010888
-0.012577
-0.012505
-0.011261
-0.0077675
-0.0025877
-0.0018925
0.0033349
0.0054952
0.010055
0.012043
0.0076673
0.008326
0.0079366
0.0061509
-0.00050774
-0.0060612
-0.010668
-0.0076344
-0.0054262
-0.0074987
-0.0050245
0.00045449
0.0024166
0.0063186
0.0052261
0.0062009
0.0070671
0.0054626
0.0026973
-0.0012847
-0.0020114
-0.0057854
-0.004803
-0.0052916
-0.0023157
-0.0017113
-0.0021944
0.002449
0.00276
0.0045142
0.0044179
0.004775
0.0039037
-0.00084714
7.8161e-06
-0.0018631
-0.0041014
-0.0038688
-0.0043015
-0.0020261
-0.00076831
0.00062356
0.0017499
0.001577
0.0046005
0.0026053
0.0027665
0.0029313
0.0014246
0.0027337
-0.002633
-0.0022358
-0.0013792
-0.0030336
-0.0038415
-0.0021878
-0.0028251
-0.00096638
0.0020516
0.0017791
0.0029672
0.0035778
0.001966
0.00010243
0.0014533
-0.0032037
-0.0023698
-0.0016567
-0.0024018
-0.00034894
-0.0022501
-0.00023483
-0.0018182
-0.00059992
-0.001138
0.0014594
0.001305
-0.00056005
0.0007267
-0.0018546
-0.00091648
-0.0027384
-0.00014311
-0.0017264
-0.00069125
-0.0011982
-0.00055752
-0.00054184
-0.00046702
0.0013676
0.00033983
3.3444e-05
-1.1655e-05
0.00090615
-0.00012362
-0.00056188
-0.0013346
-0.0023039
-0.0026853
0.00055222
-0.0006182
0.00052938
0.0014333
0.0016884
-0.00044238
0.0011557
0.000254
0.00020374
0.0012192
4.996e-05
-0.0011995
-0.0024585
-0.0023525
-0.0013497
-0.00094107
-0.00079324
-0.00066313
-0.0010299
-0.0001759
0.0010828
0.0003642
0.0014797
-0.00088178
-0.00033188
8.7009e-05
-0.001292
-0.0021309
-0.0007297
-0.0003019
-0.00086221
0.00027144
0.00055603
0.0015331
7.7816e-05
0.0015451
0.0012066
0.0010312
0.000594
-0.0028875
-0.0011537
-0.0025122
-0.00052113
-6.3176e-06
-0.0010737
-0.00045204
-0.00040343
-0.00087273
-0.0011606
-9.1737e-05
0.0018868
-0.0011158
-0.00028451
0.00019558
-0.0017804
-0.0022218
-0.0010408
-0.00010023
0.0010636
-0.0019719
-0.0011355
-0.0013222
0.00015069
-0.00034739
-0.0014646
-0.00088231
0.0003141
0.00010118
0.00023669
-0.0013155
0.0010928
-0.0036736
0.0025489
0.0011602
-0.00026599
-0.028123
-0.019985
-0.036826
-0.029488
-0.0086831
-0.0049807
-0.0052375
0.16257
0.15705
0.065531
-0.058122
-0.10589
0.13305
0.19685
-0.010679
0.011683
0.049164
0.029685
0.038388
-0.079228
-0.075927
-0.1085
-0.011259
0.0067563
0.17185
-0.21596
-0.34258
-0.075714
-0.092023
-0.092899
0.062186
0.032803
-0.019063
0.0055118
0.019029
0.02733
0.023282
-0.036269
-0.056271
-0.06959
0.021306
0.030937
0.061391
-0.0038717
-0.013969
-0.015614
-0.0079598
-0.0029022
0.056124
-0.033897
-0.035332
-0.011389
0.12785
0.069105
0.092557
0.048217
0.045242
-0.0064615
-0.015382
-0.046025
-0.05654
-0.045559
-0.041603
-0.027364
-0.053504
-0.018738
-0.018946
-0.0071204
0.0052352
0.0027297
0.014797
0.014609
0.021008
0.032234
0.026403
0.016639
0.021598
-0.0027201
-0.0034559
-0.014863
-0.016017
-0.022185
-0.021581
-0.020729
-0.018146
-0.021364
-0.0023279
-0.0033075
0.0019797
0.0043431
0.01051
0.0099252
0.011156
0.012348
-0.0030901
-0.00036541
-0.0042568
-0.010512
-0.0066926
-0.0048231
0.00026776
0.00068821
0.00024731
0.0035288
0.00036757
0.0050576
0.0041138
0.0018432
0.0039289
0.0029019
-4.5348e-05
-0.0043556
-0.006899
-0.007491
-0.0089696
-0.0058249
-0.0038228
-0.00058257
0.0020227
0.0068592
0.0081801
0.0086738
0.0080475
0.0025582
0.0019601
-0.00050366
-0.00225
-0.0031922
-0.0032104
-0.0074266
-0.0040099
-0.0025137
-0.0022823
-0.00094421
0.002574
0.0034433
0.0035892
0.0024942
0.0017968
0.0014457
0.0013723
0.0011846
0.00024684
-0.0015833
-0.00084548
-0.0030239
0.00012339
-0.001443
0.0010719
0.003504
0.00031367
0.00074307
-0.0003486
-0.00080231
-0.0020596
-0.0022693
-0.0022576
-0.0021165
-0.001129
-0.00017143
0.00065067
0.0024089
0.0025468
0.0018008
0.0023757
0.0025619
0.00090297
-0.0013472
-0.0018809
-0.00090611
-0.0023445
-0.0023524
-0.0013179
0.0022603
0.0006165
0.0014256
0.0023701
0.0022222
0.0012423
0.0012392
0.0013823
-0.0018484
-0.0002182
-0.0010847
-2.8108e-05
0.00027548
0.00049136
-0.0015013
0.00055177
0.00048235
-0.0012058
0.0017693
0.0020779
0.00067906
0.0017175
-0.00094595
0.0020829
-0.001567
-0.00048804
-0.0010371
0.0026009
0.00046471
0.0015506
-0.00098284
0.0014772
0.00070166
0.001097
0.00048043
-0.0018087
0.0010577
-0.00084674
-0.0024895
-0.00071618
0.00041813
-0.00051308
-0.00059974
0.0022271
0.00029958
-0.00051891
0.0020973
-0.0013459
-0.00066954
-0.00080112
-0.00052053
-0.00040674
-0.00068669
-0.00037446
-0.00085625
0.00063802
-0.00013665
0.00066572
-0.00011007
-0.0017891
0.0015393
2.3993e-05
0.00016805
0.0010143
9.8738e-05
-0.00089287
-0.00068284
-0.00017876
-0.0011196
0.00073081
-0.00066998
-0.00025405
0.00012983
-0.0025971
-0.026282
-0.015436
-0.021768
0.0068605
-0.033468
-0.034744
-0.021398
-0.024498
-0.028757
-0.022426
0.046782
-0.0026272
0.091195
0.18193
0.3225
-0.034943
0.0036171
0.24754
0.28894
-0.29461
-0.10047
-0.23869
-0.39966
-0.10279
-0.15468
-0.052008
-0.070261
-0.015958
-0.046425
-0.034309
-0.010613
-0.037038
-0.039924
-0.059132
-0.045796
-0.01219
0.035914
0.047478
0.016574
-0.024599
-0.034116
-0.028703
-0.012847
0.044185
0.070709
-0.089366
-0.12429
0.12673
0.015812
0.0003898
0.053482
0.061744
0.1322
0.031423
-0.10252
0.14473
-0.030889
0.056163
0.0491
-0.0029466
-0.051323
-0.0029616
0.028431
0.015466
0.049893
0.00076937
0.0082532
-0.046975
-0.10088
-0.013702
-0.23149
0.016588
-0.15466
-0.12068
-0.11918
-0.10712
-0.064575
-0.041959
-0.017437
0.005147
0.014715
0.0097466
0.0082152
0.0096582
-0.0018655
-0.0025467
-0.0064175
-0.0063822
-0.0011984
0.0021674
-0.0053304
-0.0040675
-0.0019409
0.0023851
0.005236
0.0042846
0.0099786
0.011205
0.0074041
0.0073158
0.0038423
0.00069219
-0.005625
-0.0079269
-0.010192
-0.0084088
-0.0055576
-0.0024844
-0.0018231
0.001999
0.001972
0.0053015
0.0065678
0.0068193
0.001807
0.00048121
-0.0054206
-0.0062639
-0.0077775
-0.0065147
-0.0058313
-0.0015308
-0.0011306
0.0017097
0.0045516
0.0062411
0.0056901
0.0031849
0.0035364
-0.00078448
-0.001462
-0.0037135
-0.0054457
-0.0021022
-0.0053387
-0.0011824
-0.0016615
0.0026716
0.0045363
0.0016293
0.001114
0.002466
-0.00069832
-0.0017913
-0.0048025
-0.0048105
-0.0038828
-0.0036927
-0.0038266
0.0032701
0.00037629
0.0027485
0.00035332
0.0014535
0.0016772
-0.00026556
0.00048309
-0.0024076
-0.0018022
-0.0032757
-0.0026092
-0.00093054
-0.001638
0.0014601
0.002346
0.0026797
0.0021626
0.00016358
-4.1387e-05
-0.0022389
-0.002097
-0.00055006
-0.0011933
-0.0016835
-0.00046498
0.0010015
-3.0065e-05
0.0006123
-0.00026545
0.001104
0.00086047
-0.00094293
0.0010107
-0.0023543
-0.00060644
-0.00071098
-0.0011243
-0.00020448
0.00011101
0.0016107
-0.00021188
0.00036472
0.00018727
-0.00028895
-0.0014626
-0.0011716
-0.0015666
0.00055091
-0.00024041
-0.0011234
-0.00080939
0.00046588
0.0010817
0.0025096
-0.0019559
0.00078377
0.0003927
0.00031474
-0.00067241
-0.00067391
0.0008819
0.00046633
0.0013104
0.0010192
-0.00036683
0.00016084
-0.00047099
-0.00056875
-0.0011833
-0.0094582
0.019479
0.021579
0.039183
0.033207
0.15473
0.043985
-0.011968
-0.037986
-0.053375
-0.020438
-0.018289
-0.028891
-0.037008
-0.036023
-0.063535
-0.058855
-0.072332
-0.017335
-0.03353
-0.031641
-0.053563
-0.082995
-0.15369
-0.089852
-0.030829
-0.09784
-0.052534
-0.099073
-0.030761
0.0075046
0.078758
0.010912
0.035509
0.0090711
-0.0091024
0.051002
-0.096059
-0.078221
-0.072175
-0.058641
0.57908
-0.12354
0.15304
0.13622
0.27679
0.22984
0.17015
0.29216
0.24694
0.20516
0.1342
0.13848
0.085406
0.079981
0.060585
0.057775
0.072418
-0.0020522
0.06208
0.038815
0.060074
0.074744
0.15662
0.056816
-0.11467
-0.21154
-0.49503
-0.48966
-0.50361
-0.55248
-0.30719
-0.3079
-0.1853
-0.45388
-0.5273
-0.16134
-0.16381
0.10941
0.19864
0.004638
-0.041895
-0.12968
-0.13567
-0.11605
-0.33707
-0.49428
-0.40311
-1.0405
-0.2562
0.24004
0.39229
-0.041706
-0.095365
-0.2078
-0.20929
0.022294
0.0625
0.27191
-0.058715
0.19797
0.11896
0.13552
0.14139
0.086397
0.058632
0.045153
0.02969
0.0072261
0.018808
-0.13656
-0.18146
-0.20765
-0.19906
-0.23559
-0.10228
-0.10411
-0.084095
-0.082342
0.0040998
-0.0010698
0.013758
0.062844
0.071997
0.087993
0.054366
0.0577
0.02723
0.03062
-0.00050409
-0.0043471
-0.0073779
-0.012533
0.0015284
0.00053647
0.0014968
0.034484
0.032583
0.056165
0.052218
0.056875
0.049709
0.040755
0.026059
0.017192
0.0082418
0.0070878
0.0065827
0.0066871
0.018246
0.021741
0.020596
0.015515
0.024343
0.023923
0.022512
0.017255
0.0066966
0.017477
0.020293
0.0086894
0.0040847
0.0073762
0.018878
0.024314
0.035987
0.044902
0.051064
0.05055
0.033293
0.025943
0.017741
0.0056434
-0.022981
-0.056457
-0.059043
-0.068527
-0.077606
-0.093869
-0.084794
-0.086738
-0.08545
-0.075528
-0.066918
-0.048509
-0.043757
-0.039873
-0.037563
-0.024459
-0.0036144
0.0046667
0.012581
-0.00070352
0.0059961
0.010993
0.010472
0.0029923
-0.0045025
-0.036054
-0.04069
-0.056039
-0.0652
-0.057966
-0.058972
-0.051979
-0.046525
-0.037919
-0.012226
-0.0089135
0.00011105
0.030779
0.031215
0.04147
0.042041
0.03846
0.024194
0.017682
-0.0070662
-0.013579
-0.017223
-0.015263
-0.017843
0.0014635
0.0067383
0.012167
0.016859
0.048703
0.051281
0.080025
0.083263
0.092382
0.090012
0.068344
0.061977
0.044351
0.035394
-0.0077752
-0.014891
-0.028278
-0.029019
-0.028258
-0.033457
-0.020663
-0.019538
0.021911
0.021143
0.037097
0.037309
0.065854
0.069662
0.078996
0.077755
0.064257
0.05674
0.047981
0.043046
0.037214
0.035388
