-0.00068827
-0.00042837
-0.00056961
0.00021408
0.00063233
0.0004676
-0.00031816
0.00095243
-0.0022271
-0.00043364
-0.00042564
-0.0014983
-0.00011438
-0.00017466
0.00019582
-0.00036556
-0.00069741
0.0001159
-0.00076561
-2.4884e-05
-0.00043311
0.00020628
-0.00011569
-0.0006773
0.00079975
-0.00012673
-0.00052512
-8.8424e-05
-0.00036335
0.00012542
-0.00019126
0.0019168
0.00066328
-0.00010174
-0.0011276
-2.104e-05
-0.00060392
-0.00039912
-0.0012722
-3.2986e-05
0.0011076
0.00026144
-0.00079941
-8.3095e-05
-5.4959e-05
0.00024178
0.00010181
0.00049801
0.00037892
0.00052663
-0.00091211
-0.0013098
-0.0014121
-6.1689e-05
-0.00035878
-0.0021797
9.253e-06
-0.00048932
6.2145e-05
-0.00078177
-0.0012804
-0.00070451
-0.00061332
0.00069491
0.00017889
0.00094489
0.00058904
0.0010175
-7.1189e-05
0.00013828
-0.0017753
-0.00050109
-0.0010242
0.0011206
-0.00036288
0.00035442
0.00013812
0.00011848
-0.00069216
0.00089228
0.00025678
0.0029306
0.0012625
0.00034032
-0.0015034
-0.00082944
0.00091039
-0.0011129
0.00036236
-0.0013886
0.00079064
-0.00043632
0.00013397
-6.5428e-05
0.00056885
0.0017332
-0.00041662
0.00014993
0.0012636
0.00075611
-0.00081508
0.0011643
-0.0011539
0.0010256
0.0015685
-0.0007241
0.00026047
0.0017408
-0.00051731
0.0003827
-0.0023303
-0.0010379
0.00015277
-0.0012047
-0.00052953
-0.0012256
-0.00067986
0.00054544
-0.00014948
0.00097902
-0.00079683
0.00063544
0.0016846
0.0006784
0.00044324
-0.00013408
0.0002389
0.00058272
0.00059807
-0.0019808
0.0002043
-0.00035654
-0.00038582
-0.0002584
-0.0011374
0.00067699
0.00022041
-0.00087856
0.00024845
-0.0011593
7.4949e-05
-0.002063
-0.00047484
-0.00053664
-0.00036546
-0.0010598
-0.0014151
-0.0011606
-0.0024467
-0.00084068
-0.0012693
-0.00049698
-0.0004949
-0.00026852
-0.00048634
-0.0017055
-0.0012503
0.00054447
0.00074545
-0.00034054
-0.00042174
0.0003722
-0.00034998
-0.0013146
-0.00054191
-0.001602
-0.0015256
-0.00019321
0.00025953
0.00035356
-0.000939
-0.0011375
-0.00033923
-0.0010471
-0.00128
0.00041834
-0.0011104
-0.0019903
-0.00088735
-0.0010178
-0.00016522
-0.00090273
-0.0011415
0.00067732
-0.0013584
-0.00039292
-0.00092107
-0.00085658
0.00034689
-0.0002081
-0.0011887
-0.0012762
-0.0021438
-0.00014221
-0.00066074
-0.00071848
-0.00022848
-0.00028829
-0.00092116
-0.00097977
0.00061016
-0.0013437
0.00046701
-0.0008895
-0.00017258
0.00076402
-0.00024648
-0.00035579
-0.0012283
-0.0007282
-4.4501e-05
-0.00052908
-0.00059305
-0.00038721
0.0013444
0.00094407
0.00039109
-0.00019227
0.0013599
0.00042024
-0.00071274
-0.00058457
-0.00042445
0.0010845
0.00075586
0.00049209
0.00022193
0.00086411
-0.00062387
0.0011991
0.00071909
0.00051428
0.0016295
-7.2368e-06
0.0023512
0.00067187
0.0018159
-0.0010933
-0.00014862
5.3236e-05
0.00016572
-0.0011079
0.00069337
0.00010806
0.0002937
-0.00056033
-0.00057525
-0.0006674
-0.00043626
5.559e-05
-0.00046059
-0.00048276
-0.0010127
0.00026237
-0.0018826
-0.00057923
-0.00067144
-0.00083864
0.00048512
0.00051549
0.00039676
-0.0011266
-2.2435e-05
0.0018152
-0.00024487
4.8143e-05
0.0001774
-0.0014035
-0.00084365
-0.0008269
0.00012007
-0.00099472
-0.00058957
0.00013599
-0.00067338
0.0026023
-0.00020092
0.00023377
-0.00028836
0.00066566
-0.00088676
0.00033967
0.00046814
-0.0013635
-0.0017299
-0.00080845
-0.0017268
0.00087046
-0.00058567
0.0011113
0.0011379
-0.0013417
0.00082878
0.0010018
-0.0016959
-0.00069011
0.0029163
0.0026274
0.0011915
0.0015016
0.0014919
0.00064018
0.0014021
-0.00059811
0.00074845
-0.00074101
0.0013939
-0.00043353
0.00065313
-0.0007597
8.9559e-06
0.00045034
0.0007332
0.00041064
-0.00024357
-0.0011452
-0.00030911
-0.0012469
-0.0011598
-0.0019478
0.00028759
-0.00084127
0.00025623
-0.00084224
0.00068653
0.00077815
-0.0015885
-0.0014131
-0.00085029
-0.0025986
-0.00057956
-9.2486e-05
-0.0016581
-0.00040697
-0.0016063
-3.3984e-06
0.00063994
-0.00032889
0.00048948
0.00041927
0.00046727
0.00059878
-0.00012435
-0.00072269
-0.00010481
0.0010151
-0.00090316
0.00010774
3.5053e-05
0.00029761
-0.0010349
-0.00073867
0.00070694
-0.00013991
0.00041667
0.00029649
-0.00039082
-0.00017646
-9.7624e-06
0.00028411
4.2736e-05
-0.00051536
-0.0013236
-0.00026921
1.3171e-05
3.2573e-06
0.0010507
0.00041623
-4.9103e-05
0.00070445
0.0015645
-0.00020911
0.00059945
-0.0011142
-0.00011966
0.0015677
-0.00013202
-3.6657e-05
-0.0012432
0.00098028
0.00077324
-0.0012868
0.0011253
-0.0024916
0.00022824
-0.0012044
-0.00041689
0.00084407
0.0001984
0.00080778
-0.001601
-0.0020307
-0.00080381
-0.00011874
0.00070443
-0.00021453
0.00071769
-0.00015662
-0.0003297
-0.00080527
0.00038166
0.00089641
0.00094754
0.00039155
-0.0014723
-0.00073851
0.00061095
-0.00063726
0.00014483
0.0011148
0.0014213
0.00022618
-0.0013283
0.00064978
-0.00057883
0.00081897
0.0010159
0.00084211
-0.00012847
-0.00024343
0.00077513
0.00092117
0.00032557
0.00038584
0.0011309
-0.0023824
0.00039251
-0.00082371
-0.0003398
-0.00041224
-0.00068483
-0.0010044
-0.0010427
-0.0017818
-0.00042182
-0.0023593
-0.0021791
3.3115e-05
-0.00089583
-1.7993e-05
-0.00094762
0.00038777
-0.0010426
-0.0013341
-0.0024734
-0.001552
0.00056862
-0.0015614
0.00040011
-0.0018533
-0.0006305
0.0010231
-0.0011475
-0.00071923
-0.0010595
-0.0011147
-0.00014505
-0.00011727
-0.00097817
-0.00071409
-0.00089301
0.00028801
-4.2693e-06
-0.0012649
0.00021794
-0.00034187
0.00027886
-0.001513
-0.0014909
-0.00063639
0.00065958
-0.00062286
-0.00065699
0.00010746
-0.00090729
-5.3155e-05
-0.00033242
-0.00048878
-0.00011372
0.00013727
4.5876e-05
-0.0012675
0.0002747
0.00066984
0.00065703
0.00084815
-4.6507e-05
6.9419e-05
0.0009595
0.00030515
-0.0013416
-0.00068776
-0.0015696
0.00012679
0.00073271
-0.001334
0.00045224
-0.00012421
0.0012187
-0.00035764
-0.0002663
-0.00062314
-0.00068014
0.00092212
0.00019681
9.9124e-05
-0.00010353
-0.00043688
-0.00076664
0.0015303
-0.00070108
0.0012849
-1.607e-05
-9.4077e-05
-0.0016874
-0.00081534
-0.00034119
-0.00087396
-0.0001293
-0.00010947
-0.0003967
-0.00044723
0.00012369
0.00044751
0.00097274
8.4427e-05
0.00057225
0.00046207
-0.00057313
-0.00014619
-0.0011153
-0.00080581
-0.00013875
-9.3866e-05
-0.0017395
-0.0011355
-0.00012872
0.0012697
-0.00020438
0.00051843
-0.00047891
-0.0012969
0.00036755
-0.00043114
-0.0014203
9.6327e-05
0.00045651
-0.00015879
0.00082067
0.00011172
-0.00041373
0.00057446
0.00036456
-0.0012738
-0.00036632
-0.00044094
-0.00015184
-0.0013446
0.0014294
-0.00083009
2.0806e-05
-0.0010477
0.0004349
-0.00078539
5.551e-05
0.00014956
-2.8141e-05
0.00087435
-0.00096926
0.00048712
-0.00051398
0.0007972
-0.0010686
-0.00065179
-0.00076538
5.2654e-05
0.0010566
-0.00026314
-0.001621
0.0025582
-0.00018066
-0.00020811
0.0015784
0.00018716
-0.00081727
0.0015634
-0.00026831
-0.00083042
0.00042605
-0.00091953
0.0012857
-0.0015315
-0.002266
0.00022116
-0.00040862
0.00028246
-0.00024603
-0.0013582
-0.00089016
0.00083218
-0.00048428
0.00044816
-0.00055933
-0.00026759
0.00062159
-0.001572
0.00093828
-0.00064453
0.00034122
0.00075099
0.00060592
-0.00092502
-0.0016672
0.0024071
-0.00066492
-0.00047202
-0.00022132
-0.0015102
-0.00053019
-0.00060387
-0.00049896
-0.00014912
-0.00069924
0.0004835
0.0013163
-0.00052302
0.00038792
0.00010345
0.00058189
-0.00040705
-0.0024211
-0.00090367
6.8997e-05
0.00049904
-0.00049937
-0.00107
-0.0003676
-0.00088466
-0.00017919
0.0008794
0.0010733
-0.0010367
0.00066737
0.00050403
0.00077562
-0.00017264
-0.0015921
-0.00079667
-0.00045064
-0.00039161
0.00032813
0.00028721
0.00094672
-0.00083589
-0.001453
-0.0010792
-0.001257
-0.00052012
0.00048665
-0.0009136
0.00049974
-0.00032426
0.0011348
0.00044986
0.00071747
0.00065177
0.0012484
-0.00037805
0.00027861
0.00077563
0.00060951
-0.00076852
-0.00040451
-3.1765e-05
-0.0012269
0.00064583
0.001493
0.00010808
-0.0014085
0.00083331
0.00089817
0.0009444
-3.2736e-05
-0.0010822
0.0002967
-0.00029933
0.00093842
-0.00037378
-0.00020708
0.00014669
-0.00015194
0.00052831
0.0013969
-0.0011736
0.00067523
-0.00032262
-0.00034662
-0.00016778
-0.00012146
0.00010541
-1.8301e-05
-0.00068877
-0.00065928
0.00053288
0.0013249
-0.00061859
0.0012685
-0.0016238
-0.00055999
-0.00052725
-0.00029007
-0.0019505
0.0015922
-0.00087049
0.0010453
0.0015355
-0.00025446
-0.00060615
0.0010666
-3.0209e-05
0.00079946
-0.0015154
-0.00038943
-0.0012822
-3.5102e-05
-0.0010273
0.00071388
0.00044896
-3.4419e-06
-7.6373e-05
0.00025084
-0.0002267
0.00051488
2.9926e-05
0.00033455
6.9181e-05
-0.0010689
-0.00064255
-0.00062608
-0.0004414
-0.00073725
-0.00053247
-0.00072866
-0.00083847
-0.0012655
0.00033404
0.00076779
0.00073627
-0.00062142
-0.00034595
0.00037641
0.0014644
0.00032323
-0.00036001
-0.00026376
-0.00052653
-0.00044994
-0.0010988
-0.001311
0.00033702
0.00091575
-0.0016866
-0.00032505
0.00020746
-0.00021049
-0.00032069
-0.00040963
0.0012736
0.0011323
0.00013798
0.00088946
0.001575
0.0011369
-0.00014073
-0.00038283
0.00056256
-0.00038212
-0.00015875
-0.00094138
-6.4597e-05
0.00128
0.00065874
0.00050365
0.00025931
-0.00055145
0.00044009
0.00055499
-0.00058607
0.00031289
7.2429e-05
0.00078046
-6.7864e-06
-0.00053391
-0.00081262
-3.3209e-05
-0.00069349
0.0011286
0.00042855
-0.0012112
-0.00053486
-0.002097
-0.0006117
0.00052494
-0.0013945
0.00040501
-0.0022525
-0.00068328
-0.0015957
0.00073758
0.0010914
7.4617e-05
0.0003367
-0.00043863
-0.0015861
-0.00037079
-0.0004686
-0.00051028
-0.001308
0.00082359
-2.0311e-05
-0.00081748
-0.002307
0.00023538
-0.00032633
-0.00012275
-0.00034834
0.00077662
-0.00047227
-0.00026258
0.00013373
-0.0006338
-0.00057127
0.00023865
-0.00020132
0.00041239
0.00021714
-0.0004865
-0.00034368
-0.0003727
-0.0005878
0.00086577
-0.0004007
0.00050492
0.00061175
-0.0002775
-0.00079011
4.459e-05
0.00043016
0.00056353
0.00077195
0.0014738
0.00048493
-1.5169e-05
-0.00049988
-0.00027786
-0.0013965
-0.00010761
-0.00037079
-0.00016266
-0.00081319
-0.0012491
-0.0017884
-0.00079796
0.0015943
0.0002333
0.00047771
-8.0289e-05
-0.00038647
0.0014446
-0.00087629
-0.0010316
-0.00050362
0.00013683
0.00025408
5.5474e-05
-0.0013114
0.00035091
-0.00049928
0.0012042
-0.0021431
-0.00059661
0.00042894
0.00054407
0.00023423
-0.0002964
-0.00010387
-0.00090768
0.00010437
-0.00037121
0.00014363
-0.00015525
-0.0014604
-0.00078334
0.00010529
-0.00085129
-0.00036481
-1.9583e-05
0.00089796
4.0756e-05
-0.00091585
-0.001199
0.00051048
-0.0013339
-0.00022965
-0.0002268
0.00026542
-0.0013215
-0.00078208
0.0012049
-0.00019167
0.001091
-0.00080821
-0.0017549
-0.0012035
-0.00117
-0.0016129
-0.0010149
0.0013776
-0.0013862
0.00042823
0.00098611
-0.001707
0.00095665
-0.00079929
-0.00021294
0.00015012
-0.001004
0.0014421
-0.00098635
-0.0011672
-0.0021183
-0.00014196
0.00080697
9.4441e-05
-0.00037428
0.0011485
0.00050329
-0.00011309
-0.00068239
0.0012353
-0.0010663
-0.00015137
0.0013317
-0.00014906
-0.00039859
-9.4915e-05
-0.0008107
-7.4693e-06
-0.00037324
1.8127e-05
0.00033019
0.0012607
-0.00019829
-0.00036151
-0.0012983
-0.0011175
4.7419e-05
-0.0010149
-0.0011329
0.0015537
-0.0010182
0.00014985
0.0010485
-0.00080461
-0.00043272
9.6342e-05
-0.0010538
-0.0010971
-0.00047137
-0.00080573
0.0004257
0.0016595
0.00021507
-0.00040691
-0.00057517
-0.00026739
-0.00086543
-0.00066926
0.00032586
-0.0019282
-0.0022987
-0.00014672
-0.00050196
-0.0009398
0.00049977
-0.00068729
0.0003006
0.0009667
-0.00024007
-0.00055974
-0.00076291
-0.00092626
-0.0008858
-0.00019246
-0.00094805
-0.00027939
-0.0012231
-0.00069121
0.00011091
-0.0022222
-0.00018006
-4.2277e-05
0.0001484
-0.00012511
-0.0010966
-0.0022204
-0.00071078
0.00087689
-0.00084185
-0.0016339
0.00070428
-0.00033416
0.00086025
-0.00011642
-0.00053309
0.0014053
-0.00041867
-0.0015472
-0.001005
-0.0001512
-0.00032649
0.00078051
0.0026155
-0.0094646
-0.012516
-0.033143
-0.07855
0.0043551
0.015934
0.04861
0.01531
0.026332
0.052652
0.00044586
-0.023145
-0.014285
-0.035802
-0.03379
0.022614
0.019708
0.012279
0.055676
0.032004
-0.040855
0.0019604
0.01852
0.0083804
0.023023
0.043713
0.12522
0.11949
0.10755
0.21631
0.12833
0.1858
-0.18271
0.12671
-0.092438
-0.081843
0.074103
-0.26397
-0.25317
-0.021697
-0.011683
-0.032424
-0.037002
-0.017128
0.010463
0.03413
-0.00078502
0.032055
0.035054
-0.025134
-0.0205
-0.037883
-0.037712
-0.10808
-0.09154
-0.074364
0.040692
0.031076
0.016601
-0.026968
-0.043352
-0.0077459
-0.055854
-0.026846
0.026535
0.051221
0.018362
0.020059
0.031002
0.039248
0.050713
0.049599
0.044427
0.02946
0.016418
0.0024427
-0.0042837
-0.00047048
-0.0060079
-0.0069572
-0.0058465
-0.0020469
-0.001973
0.0010886
-0.0044122
0.0013985
0.0014826
-0.0024592
0.0016027
-0.00093746
0.0012212
-0.0035246
-0.0012391
0.0049012
0.0046897
0.00606
-0.0073263
0.028495
-0.0029627
-0.033815
-0.023832
-0.034865
-0.015497
-0.015142
-0.024241
0.01702
0.054487
0.2141
-0.22926
-0.13602
-0.042237
0.10482
0.19235
0.040355
0.12112
0.053798
-0.029622
-0.036691
0.0017465
-0.079345
-0.018875
-0.025682
-0.043886
0.060744
0.03963
-0.01038
-0.011583
0.051358
-0.035092
0.0083884
0.001302
0.015575
0.0013184
-0.055142
-0.077467
-0.069213
-0.04064
-0.021727
0.05524
0.038879
-0.0030143
-0.028629
-0.02754
-0.083336
0.10412
0.27092
0.046919
0.064915
-0.089607
-0.021803
-0.052381
-0.080053
-0.10146
-0.039931
0.041259
0.0095422
0.10589
0.02187
-0.061353
-0.073662
0.24473
0.078016
0.11892
-0.017842
-0.0075318
0.064868
0.086074
0.0083892
0.00045067
-0.062697
-0.027103
0.0013106
0.014251
0.0093304
0.0038532
-0.043186
-0.034011
0.032507
0.00152
0.0087839
0.0021877
-0.010385
-0.02203
-0.0032843
-0.016721
-0.0077591
-0.010681
-0.033373
0.13931
0.11207
0.10522
0.10692
0.091057
-0.030782
-0.043242
-0.048405
0.037504
-0.015785
-0.0053307
0.0055283
0.00014796
-0.0069142
-0.008258
-0.0061886
0.0030033
0.0074854
0.0052107
-0.0017894
-0.0072609
-0.0055807
-0.0049552
0.0044878
-0.0018017
-0.0059775
-0.0035615
-0.0016197
-2.3288e-05
0.00064502
1.9548e-05
-0.0054482
-0.0034033
-0.0012238
-0.0021558
-0.00011615
0.00011763
0.0034462
0.00238
0.003897
0.0016954
0.00066165
-4.3355e-05
0.0038423
0.00011971
-0.00085789
-0.0017486
0.00063229
-0.0012619
-0.0012763
-0.0028142
0.00040916
-0.00067804
0.00055327
-0.0011997
-0.00084669
-0.0017991
2.2695e-07
0.00044336
-0.00085309
-0.00023767
-0.0010748
0.0026181
0.0021644
0.0018985
-0.00049676
0.00056345
-0.00069557
-0.0021275
-0.0017762
-0.0033765
-0.0006851
0.001153
0.00020262
0.0020605
0.0014644
0.0015382
0.0034189
0.00149
0.0025631
0.0024287
0.001025
0.0012107
0.0010769
0.00058516
0.00015359
-0.00076477
0.00019514
-0.0027015
-0.0015696
-0.0030286
-0.0017176
-0.00053695
-0.00021018
-0.00096311
-0.00085246
-0.0003188
0.00050657
4.3811e-05
-0.00010988
0.0050648
0.0018011
-0.00031764
0.0013061
-0.0018183
-0.00054886
-0.0011968
-0.0015998
-0.00076951
-0.0041932
-0.00065698
-0.0024985
0.0001406
-0.0013862
-0.0010021
0.00092981
0.00087462
0.0024578
0.00223
0.00011464
0.0016869
0.0026571
0.0030329
0.0022545
0.0014016
0.0018627
0.0018765
0.00017046
0.0011111
0.00049138
-0.0027196
-0.0010821
0.0022319
0.0012931
0.0027083
0.0017401
0.0022112
0.0017917
0.0019155
-0.00058707
0.0010276
0.0017649
-0.0015573
-0.00044958
0.0013491
-0.0019914
-5.5065e-05
-0.00090477
-0.0026403
-0.0037127
-0.0020935
-0.0017313
-0.0027456
-0.0012506
-0.00075597
0.0014678
0.00087539
0.0014233
0.0028302
6.3351e-05
-0.0015155
-0.00058146
-0.0011726
-0.0026742
-0.00053258
-0.00021503
-0.0020905
-0.0020751
-0.00028349
-0.00018981
-0.00098174
-0.00041328
-0.00020798
0.0016583
0.001277
0.0025214
0.00062999
0.00103
0.00089525
0.0011963
0.0012227
0.00050244
0.00035712
0.00035919
-4.7705e-05
-0.00090865
-0.0012328
-0.0014787
-0.0028866
5.9062e-05
-0.0013569
-0.0020452
-0.00057023
0.00040314
0.00099424
0.00093473
-0.00029363
0.0013207
0.0010776
-0.00068411
0.00068733
-0.00011753
0.0017617
-0.00044995
0.00038601
-0.0012937
0.00065259
0.00054259
0.00027443
-0.00011821
0.00061584
-0.00015159
-0.00047818
0.00060373
0.0016838
0.00053122
-0.0013203
-2.6931e-05
2.6787e-05
-5.008e-05
0.002007
-0.0014741
0.00048186
8.4334e-05
0.001045
0.0010254
-7.783e-05
0.00031149
0.00021374
-0.00021733
-0.00041466
-0.00057007
0.00040958
-0.0017526
-0.0013862
-0.00068857
-9.6392e-05
-0.0012444
0.00017318
-0.0010055
-0.00021286
0.00055781
-0.00027536
0.0003244
0.00048233
-0.00055612
-0.00085412
0.0013301
-0.0015849
-1.372e-05
-0.0025797
-0.00011343
0.0010735
9.5164e-05
-0.00062532
0.00032347
0.00010221
-0.00083889
3.295e-06
-3.4358e-05
-0.0013126
0.00053057
0.00056198
-0.00048952
2.3805e-07
0.00035119
-0.0015087
0.00035284
0.00091157
-0.0008055
-0.0010707
0.00033739
9.3302e-05
0.00034455
-0.00024553
-0.00029127
0.00045638
0.00028687
0.0017875
-0.00062598
0.00029385
-0.0013341
-0.00059821
-0.0010638
-0.0010319
-0.00029325
-0.0015989
-0.00040112
-0.00024331
-0.0013886
0.00037443
-0.0010371
-0.001173
0.0012811
0.00028089
0.0013967
6.7318e-05
0.00028358
0.00034043
-0.00016561
0.00018956
0.00087087
-8.2569e-06
5.4311e-05
-0.00076913
-0.00032728
-0.00060068
-0.00053526
0.00031051
-0.00083243
-0.00091399
0.0002723
0.00071606
0.0014938
-0.00044294
7.6119e-05
0.00098708
0.0015368
-1.396e-05
0.00013236
0.00078519
-0.0005728
-0.00082278
-0.00098144
-0.00089423
0.00011613
0.00086815
-8.7469e-05
-0.00040649
-0.00010604
-0.00065188
-0.0003384
-0.00084412
0.00050537
0.0015934
0.00091459
-0.0013019
0.0017216
0.0016329
0.00047823
-0.0005498
-0.0011197
0.0005129
-0.0011724
-0.00036906
-0.00036563
-0.0012682
-0.004808
-0.0041409
-0.0076182
-0.0054714
-0.0087808
0.017325
0.081887
0.0029996
0.10579
0.16777
0.20883
-0.17166
-0.053999
-0.053223
0.13845
0.063407
0.046224
0.0018093
-0.026534
-0.096635
0.010516
-0.087641
-0.053527
-0.15853
-0.0051205
0.04545
-0.047358
-0.023454
0.045781
-0.10145
0.035354
0.0068368
0.010228
-0.010541
-0.041657
-0.0049655
-0.013908
6.0401e-05
0.012548
0.025023
0.034504
-0.0070315
0.0016864
-0.0018294
0.00049276
0.0046491
0.11251
0.12247
-0.023631
-0.033607
-0.046911
0.09492
0.022048
0.013352
-0.23913
-0.17745
0.13439
0.00099042
-0.090479
-0.098856
-0.12354
-0.035548
-0.093629
0.00042884
-0.089587
0.25547
0.0071214
0.020975
0.011077
0.031378
-0.028823
0.0086488
0.0024039
0.0058328
-0.0061639
-0.0037933
-0.0056435
-0.007575
0.012471
-0.005251
-0.0073713
0.00037474
0.0014461
-0.0037896
0.0010189
0.0020063
-0.0026508
0.002888
0.0029692
-0.015726
0.019562
0.018599
-0.0055214
-0.013625
-0.0026255
-0.085158
0.0013186
0.011701
-0.00041814
-0.041506
-0.00086211
-0.021682
-0.028914
-0.034234
0.0045539
-0.0066531
0.0090883
0.021722
0.027474
-0.0051345
5.9213e-05
0.0017792
-0.018511
0.06077
0.29154
0.10477
-0.0048317
0.075073
-0.011294
-0.010354
0.13931
-0.1727
-0.077002
-0.10744
0.0054154
0.058463
0.13695
0.093264
0.1017
0.0010341
-0.08717
-0.13236
-0.030016
-0.13974
0.35588
0.052075
-0.097763
-0.54197
-0.48574
0.099105
-0.0018214
0.078014
0.071998
0.044686
0.031155
0.059054
0.033416
0.019508
-0.0040321
-0.024035
-0.0080063
-0.0013981
-0.0057257
-0.0092274
0.011356
0.011078
-0.006966
-0.02773
-0.01761
0.0034824
-0.010873
-0.066875
0.79016
0.034832
0.19825
-0.0023879
-0.064732
0.0031601
0.069036
-0.10467
-0.025338
-0.036288
-0.001047
0.096481
0.054796
0.080039
0.01763
0.0012587
-0.062303
0.01491
0.013112
0.30844
0.2343
-0.29605
-0.33121
-0.17359
-0.97533
-0.50331
-0.068992
0.032972
0.076531
0.081001
0.050369
0.053344
0.020644
0.023938
-0.058275
-0.049038
-0.094762
-0.080673
0.0015193
-0.0086393
0.0306
0.05028
-0.012341
0.0053376
0.01836
-0.0042526
-0.00077398
-0.035513
0.63235
0.40304
0.20075
0.29162
-0.00013376
-0.064774
-0.19274
-0.18275
-0.080362
0.002507
0.0015904
0.037591
0.05559
0.072008
-0.023132
-0.058026
-0.12887
-0.078187
0.033499
0.18703
0.30871
-0.43453
0.27118
0.038813
-0.30596
-0.26018
-0.48877
0.071083
-0.027047
0.038577
0.011125
0.022898
0.051936
0.00022235
0.027961
-0.016879
-0.018382
-0.039754
-0.050236
-0.041515
0.012002
0.015798
0.0091571
-0.02937
-0.036125
-0.020958
-0.041362
0.00062475
0.4625
0.76251
0.3034
0.21636
-0.23077
-0.0059041
0.0065394
-0.006253
0.019009
0.0026216
0.016879
-0.014356
0.019107
0.021802
0.022213
0.034339
0.0099683
-0.078063
-0.042198
-0.075881
0.13809
0.073698
-0.22879
-0.14116
-0.058938
0.010666
0.0064076
0.019236
-0.031346
-0.014992
-0.021558
-0.024821
0.0011553
0.0086398
0.0047768
0.0025223
-0.015201
0.0010786
0.0021018
0.0078318
0.0017371
-0.0061125
-0.0066144
-0.0051328
0.00014709
0.00055376
0.0016612
-0.0028286
-0.0013214
0.0034204
0.0023493
0.00050157
-0.00080585
-0.00095968
-0.00281
-0.0012428
0.000527
-0.001664
0.001887
0.0021323
-0.00068559
-1.7553e-06
0.00042061
0.0028409
-0.00086865
-0.0026306
0.00027554
-0.0013263
-0.00068752
0.0015664
4.4996e-05
0.0010124
0.00083048
0.0015176
0.0023736
8.896e-05
-0.00076402
-1.4518e-05
0.0030814
-0.00049206
9.8979e-05
0.0025135
0.0006571
0.0052058
-0.00066882
0.0025454
0.00025354
0.0010064
-0.0002648
0.0016614
-0.00028607
-0.0003429
-0.0021958
-0.00080982
-0.0017182
0.00013815
-0.00021318
-0.00011207
-0.0004844
0.00032599
0.0021252
0.00098937
0.00055888
0.0014938
0.0028308
0.00071803
0.0016204
0.00063224
-0.00020194
-0.00069806
-0.0015468
-0.00058302
-0.0046244
-0.0024755
0.00048016
0.0010636
2.2685e-05
-0.00083809
-0.001413
4.227e-05
0.00333
0.0025684
0.0025255
0.0016008
0.0011989
-0.00017714
-0.00032712
-0.00035711
0.0013746
-0.0011705
0.0016017
-0.00084787
-5.8318e-05
-0.00085999
-0.0006341
-0.00071241
0.00027111
-0.00076504
-0.00065684
0.0018254
0.00058862
-0.00066111
0.00094121
0.00050115
0.00079092
0.00041531
-0.0006127
-0.00051874
-0.0012757
-0.0030829
0.00045986
-0.0004865
-6.6581e-05
0.00010584
0.00032916
-4.1512e-05
-0.0018219
-0.00076779
0.0008698
0.00034694
0.010393
-0.032908
-0.013223
-0.02615
-0.016106
0.0012321
-0.015432
0.067093
0.050865
0.0047665
0.0055775
0.0051693
0.0033444
0.0037037
0.02849
-0.012072
-0.023283
-0.03374
0.020109
-0.0049267
0.018151
0.027192
0.031612
0.021315
-0.017218
-0.047729
0.00023384
0.0056416
0.099806
0.094922
0.13889
0.25403
0.56297
0.16903
0.030523
0.031704
-0.22442
-0.15588
0.013284
-0.025775
0.051448
0.1041
-0.017605
0.037656
-0.08408
0.019468
-0.054159
-0.11104
-0.079795
0.76518
0.10265
0.11727
-0.093462
-0.089975
-0.094655
-0.11272
0.033238
0.013586
-0.0040129
0.026008
-0.011459
0.023497
0.019585
-0.007564
-0.070564
-0.057945
0.010817
0.048555
0.064058
0.0042682
-0.018862
-0.045603
-0.059603
0.0040497
-0.0065296
0.097134
0.084208
-0.0084556
-0.021767
-0.0041321
0.027794
0.048914
0.051139
0.001502
-0.0064111
-0.015669
-0.012546
0.010058
0.0091965
-0.0041465
-0.0051767
0.0013614
0.0022282
0.0050287
-0.0092292
-0.0077979
-0.01053
0.0034606
0.0018056
-0.0020168
-0.0041102
-0.0077478
0.0027633
0.0043382
0.0032269
-0.0018903
0.00051111
0.0056468
0.0056129
0.0051361
-0.00057206
-0.0022125
0.00014122
0.0013903
0.00070232
-0.002012
-0.0015731
-0.00018949
0.0019402
-0.0002039
-0.0018751
-0.0022721
-0.036424
-0.018175
0.0099061
0.017108
0.016394
0.026195
-0.020985
-0.0063762
-0.070258
-0.050202
-0.10291
-0.10298
0.021597
0.051553
0.14522
0.13407
0.11847
0.042745
-0.099643
-0.15626
-0.12136
0.0010551
0.057036
0.08557
-0.066159
0.43513
0.20274
0.076462
-0.26568
-0.1771
-0.17152
-0.037289
-0.16439
-0.063272
0.016682
0.079964
0.038001
0.027846
-0.027978
-0.051749
-0.080766
-0.081579
0.010253
0.020283
0.092348
0.090514
0.079313
0.061363
0.21722
-0.11238
0.095752
0.015014
-0.0090871
0.06771
0.14498
-0.030017
-0.23688
0.10165
-0.12315
-0.0039684
-0.088219
0.1202
0.13535
0.14869
-0.016437
0.056998
-0.021244
-0.091938
-0.056932
-0.16355
-0.059567
-0.5034
0.36653
0.02415
-0.053989
-0.020151
-0.10052
-0.1593
0.086219
-0.026593
0.0078885
-0.033426
-0.066019
0.019956
-0.0098499
0.0048236
-0.029255
0.0027053
-0.054929
0.054568
0.04175
0.018976
0.087064
0.078769
0.051314
-0.063454
-0.19827
-0.11191
-0.17055
-0.14265
-0.0023134
0.27447
0.33827
0.26632
0.16871
-0.052116
0.24073
-0.096545
-0.14726
-0.12648
-0.13393
-0.11866
0.057376
0.16576
-0.12948
-0.12994
-0.096624
-0.13778
0.042766
0.10607
-0.015502
-0.04248
-0.044392
-0.066752
-0.024876
-0.020096
-0.055286
0.014413
0.0029335
0.012692
0.11721
-0.062653
-0.045535
-0.11684
-0.09015
0.012891
0.047601
0.089375
0.083312
0.064583
0.01517
0.017324
0.19936
0.35056
-0.15511
-0.17337
0.010644
0.019845
0.032578
-0.029158
0.025247
-0.017337
0.015368
-0.019471
0.018405
-0.0015254
-0.0057182
0.0082487
0.010215
0.0041466
0.010495
0.0023889
-0.0016979
-0.011973
0.0012126
-0.0021852
3.1348e-05
-0.0043669
-0.0019931
0.00081217
0.0014779
-0.00014573
-0.0024652
0.0026301
0.0011333
0.0017443
-0.0033773
-0.00068538
0.0006058
0.0017233
0.0015001
0.00046343
0.00017375
-0.00033831
0.0017787
0.0009428
-0.0029722
-0.00030042
-0.0022012
-0.002762
0.00063008
0.0018311
0.00045397
-0.0012159
-0.00023029
-0.00064579
0.00043793
0.0027698
0.00054686
0.0031248
-0.00098105
0.0017346
0.00088761
0.00026962
0.00044387
-0.00092069
-0.00022965
0.00040831
0.0016126
0.0004989
-0.0010199
0.00041743
-0.00096418
-0.0029581
0.00017119
-0.0023855
-0.00043037
0.00083939
0.00084884
-0.00076683
0.0011559
-0.0023708
0.00081551
0.000807
-0.00025697
0.0018858
0.00033446
0.0012292
-0.00054926
0.0007803
0.00051426
-0.00059807
-0.0016486
7.2966e-05
-0.000587
0.00097714
-0.0008429
-0.00013641
0.00076959
-6.4162e-05
0.00098993
0.00075291
0.00053768
0.00017997
-0.00054995
-0.00072978
-0.00011754
-3.1216e-05
0.0016941
0.0009531
0.00018178
-0.0010212
0.0012223
-0.00098198
0.0013114
-0.0012639
0.0010239
0.0012222
0.00059135
0.0010994
-0.0001479
-0.00021053
-0.00039557
0.00086397
0.00064695
0.00059346
-0.00099375
0.0010313
0.0019342
0.00011251
0.0014792
0.00042547
-2.2211e-05
0.00072683
0.0012884
0.0019673
0.00041291
-0.00089699
0.0007115
-0.00071253
-0.0020882
-0.0002575
-0.00081354
-9.7416e-05
-0.00012385
0.0011093
0.00066371
0.00064256
-2.2862e-05
0.0010368
0.00076259
0.0023737
0.00019332
-5.2777e-05
0.0020245
0.0013887
-0.00051538
-6.5897e-05
0.00041069
-0.0010008
0.0018117
0.0029406
0.00083837
0.0013417
0.00064784
-0.00022213
-0.00054079
-0.000718
0.00033155
0.00065927
0.00022328
-0.00080973
0.00072476
0.00018062
0.00117
0.00076597
-0.00039745
0.00059866
0.0018354
0.0014222
-0.00046343
0.00012331
0.0013802
2.9708e-05
-0.00014312
0.00044603
0.0010966
-7.043e-05
-0.0010861
0.0007216
0.00091657
-0.00043579
0.0004022
0.0012176
0.00084156
0.0015807
0.00054208
0.0011489
0.0023828
-0.00037719
0.0011927
0.001811
2.0771e-05
-0.0018914
0.0010109
0.0018016
0.00059248
-0.00024567
-0.0010967
-0.0004867
0.0025996
-0.00024663
-0.0005193
-0.00094983
4.0388e-05
-0.00018084
0.00038154
0.00028439
8.1078e-05
0.00077205
0.0010347
0.00056389
-0.0013807
-0.0020859
0.00066078
0.028822
-0.049995
-0.01904
-0.015976
0.027705
0.0414
0.0096224
-0.019431
-0.14647
-0.21706
-0.21193
-0.049921
0.048879
0.11625
0.17578
0.099593
0.12162
0.059588
0.032067
0.00061505
-0.118
0.030312
-0.080115
-0.3583
-0.061025
-0.18583
0.29626
-0.01939
0.0064656
0.014893
0.016043
-0.057634
-0.0215
-0.043654
-0.034393
-0.035699
-0.012464
-0.014036
0.020054
-0.0080397
-0.037472
-0.024464
-0.0084255
-0.0064123
0.0064894
0.0049833
0.0147
0.032258
-0.010978
-0.029901
0.034784
0.019817
0.090785
0.011422
0.0013792
-0.016037
-0.018279
0.035518
0.028878
0.038185
0.015585
-0.015709
-0.013924
-0.00040433
-0.01679
0.0016136
0.0071883
-0.0048109
0.00060015
-0.010389
0.00070821
-0.0079106
0.004076
-0.0035827
-0.0035513
-0.01695
0.00019206
-0.00023404
0.0028208
-0.0051898
-0.0026868
-0.0015751
-0.0009593
-0.0010172
0.016543
0.01416
0.0047616
0.0043922
0.0051785
0.0047121
0.0059589
0.0018329
-2.388e-05
-0.0017904
-0.0085765
-0.0058807
-0.011489
-0.0078604
-0.015561
0.00096408
-0.0022557
-0.00073791
0.00033162
0.0022174
0.0039345
0.001032
0.0081766
0.0095749
0.0083496
0.0065406
0.0040621
0.00039886
0.00097561
0.00083017
-0.0012128
-0.0045976
-0.00658
-0.0036993
-0.0032115
-0.0057243
-0.0071008
0.00057951
-0.00085855
-0.00025931
-0.0019971
-0.001313
0.001439
0.0040335
0.002342
-0.00017175
0.00043886
0.0025209
0.0032243
0.0035735
-2.2037e-05
-0.0011983
0.00074993
-0.0017883
-0.0025962
-0.0013791
-0.00213
-0.0020463
-0.00064767
-0.0021702
-0.0019439
-0.0018379
-0.00037307
0.00027114
0.00070264
0.0011275
0.00076847
0.00033807
-0.00073985
0.00045765
-0.00010707
0.00079647
0.0019534
0.0002526
0.00053918
-0.00077879
-0.0019266
-0.0010373
-0.0011402
-0.0010753
0.0015603
0.00063469
0.0013704
-0.0010366
0.0014177
0.00082102
-0.0003515
0.0011136
0.00056406
0.0016353
0.0011771
-0.00061151
-0.0019555
-0.0016587
-0.0018745
-0.00069351
0.00020904
-0.00012757
-0.00064907
-0.00046987
0.00022305
0.00024822
-0.00088704
-0.0013515
0.00088647
0.00048751
0.0013279
0.0015155
4.1719e-05
-0.00042189
0.0026711
-0.00046509
0.00058435
0.00097797
-0.00014956
-0.00045559
-0.00019039
0.00030507
-0.00050669
-0.0013052
-0.00097643
6.5702e-05
0.00011067
-3.2065e-05
-4.7158e-05
7.9983e-05
0.0016271
0.0013208
-0.00050842
0.0015745
0.00073147
-0.0011082
0.00016629
9.8313e-05
-0.00022246
-0.0022801
0.00048137
-0.00085772
0.0013233
-0.0010499
-0.0014925
-0.00072516
-0.00029601
0.0022037
0.0015292
0.00025699
-0.00014311
-0.00054532
-0.00024085
0.00043396
0.00016569
-0.0010396
0.00057431
0.00085832
-0.0013459
-0.0016243
-0.0004909
-0.00018424
0.00035086
-0.00077628
-0.002203
-3.3094e-05
-0.00010601
0.033498
-0.017497
-0.0084828
-0.028755
-0.0044983
-0.0074602
0.0088069
0.011064
0.024174
0.023761
0.054869
0.0021722
0.15184
0.0011891
0.12558
-0.016065
-0.083015
0.0073938
-0.13504
-0.040525
0.16033
0.020145
-0.073447
-0.63709
-0.12725
-0.24412
-0.032967
0.023625
0.054851
0.034336
-0.050098
0.0078694
-0.0081188
-0.016828
-0.037551
-0.025481
-0.034117
-0.064089
-0.020035
0.030366
0.056593
0.03793
-0.0060794
0.024036
-0.059124
-0.055926
-0.058451
0.35166
0.12847
0.12845
0.10743
0.21469
0.083694
0.063325
-0.068887
-0.017531
-0.051319
0.014586
0.04116
0.0048423
0.00080346
0.018867
0.00056813
-0.076434
-0.038436
-0.022595
-0.053018
-0.061362
0.031879
0.075144
0.066489
-0.44295
0.086841
-0.21406
0.018063
-0.0035665
0.021959
-0.013131
-0.017541
-0.01759
0.010236
0.01464
-0.004095
-0.0060212
0.0032602
0.0030199
-0.0029391
-0.0056383
0.0010152
0.0017749
-0.0048247
0.00018956
-4.843e-05
-0.00053172
0.0016113
0.0044386
0.0076107
0.0030388
0.0023137
0.0036288
-0.0005253
-0.0011749
-0.00098606
-0.00023784
-0.0026078
0.00058725
0.0010546
8.9127e-05
-0.0001255
-0.0011014
-0.0010444
0.0029835
0.00037813
0.0011158
-0.0013159
-0.0020952
-0.00019352
-0.001946
-0.0011217
-0.0038723
-0.00045143
0.0023412
0.00083474
0.002032
0.00085156
0.001634
0.0013548
0.00091922
-4.0349e-05
-0.0015881
0.00056886
-0.00063057
-0.00040343
-0.00099099
0.00018774
-0.00020418
-0.00029294
0.001564
0.00013882
0.0028572
-0.00083261
-0.00041302
-0.00050528
-0.00067496
0.00054501
0.00078379
0.00059377
0.0014877
-0.0009686
0.0013536
0.00085041
0.0021365
-0.00022322
-0.0011329
0.00040538
-0.0014026
0.00020237
-0.0021196
-0.0020447
0.00028986
-0.0029512
-0.0013183
-0.00091274
0.00056561
0.0004071
0.0014295
0.00075921
0.0021269
0.00040175
0.00097564
-0.0012563
-0.0018222
-0.0023823
-0.00029044
-0.00051919
-0.0019345
0.00015003
0.0023788
0.00039495
0.0013245
-0.00052801
-0.0005117
0.00034995
-0.0013469
0.0003162
0.0012874
-0.001281
-0.00021539
0.00049901
0.0016439
0.00026243
0.00051242
0.00040501
0.00019075
-0.00059184
0.0002772
-0.00022871
-0.00035948
0.0012505
-0.0021061
-0.00020262
-0.0004095
-0.0013227
-5.7015e-05
-0.00073298
-0.00023805
-0.00031723
0.00086344
0.00028759
0.00034973
-0.00091178
0.00060381
0.0010538
0.0004369
0.00096567
0.00075173
-0.00019963
0.00057676
0.0041129
0.025831
-0.017912
-0.024503
-0.036591
-0.03045
0.020931
0.0071378
0.071852
-0.023386
-0.022066
-0.022413
-0.013783
-0.011812
-0.0090716
-0.013754
-0.064118
-0.044518
-0.04058
-0.026544
-0.016985
-0.0075476
0.045615
0.026168
-0.010067
-0.1929
-0.45342
-0.046765
-0.14255
-0.051607
-0.004435
-0.02916
0.14012
0.23684
0.35542
0.51866
0.41533
0.12562
-0.093269
-0.096062
-0.10787
-0.059695
-0.53187
0.35166
0.24563
0.15076
0.43977
0.52802
0.072189
0.37873
-0.090816
-0.11998
-0.087867
0.035096
-0.12604
-0.077186
-0.059274
-0.17421
-0.069853
0.0072052
0.086366
-0.093543
0.0025462
0.023699
0.36931
0.036439
0.010836
0.040796
-0.16544
-0.1519
-1.6332
-1.3597
-1.3186
-1.5913
-1.8241
-1.9782
-1.7935
-1.3665
-1.1544
-0.81809
-0.91929
-0.83759
-0.80988
-0.86896
-0.88517
-0.88896
-0.91079
-0.9197
-0.98113
-0.92338
-0.884
-1.1648
-1.3221
-1.3665
-1.4019
-1.3411
-1.3337
-1.4129
-1.3954
-1.3923
-1.473
-1.6168
-1.3321
-1.4521
-1.4105
-1.4166
-1.3735
-1.3998
-1.3062
-1.2574
-1.218
-1.1403
-1.122
-1.1245
-1.1325
-1.156
-1.188
-1.1958
-1.2036
-1.2253
-1.2467
-1.2574
-1.2498
-1.2445
-1.2524
-1.2392
-1.2031
-1.1992
-1.1813
-1.1838
-1.1741
-1.1839
-1.1557
-1.1572
-1.1747
-1.1667
-1.1751
-1.1606
-1.1881
-1.1694
-1.1818
-1.1773
-1.1752
-1.172
-1.1667
-1.1689
-1.17
-1.1681
-1.1764
-1.173
-1.1846
-1.1855
-1.1862
-1.1822
-1.1723
-1.1694
-1.1711
-1.1629
-1.1517
-1.1317
-1.1279
-1.1047
-1.1031
-1.0997
-1.0949
-1.0903
-1.087
-1.0913
-1.1082
-1.1127
-1.1195
-1.1218
-1.1283
-1.131
-1.1324
-1.1193
-1.1212
-1.1205
-1.1171
-1.1002
-1.1019
-1.0962
-1.0936
-1.0862
-1.0842
-1.0884
-1.0897
-1.0868
-1.0814
-1.0838
-1.0836
-1.0837
-1.0775
-1.0836
-1.0859
-1.0846
-1.0882
-1.0825
-1.087
-1.0897
-1.0932
-1.0926
-1.092
-1.0873
-1.0846
-1.0782
-1.0699
-1.0722
-1.0583
-1.0541
-1.0515
-1.0356
-1.0312
-1.0274
-1.0296
-1.0277
-1.0265
-1.0316
-1.0392
-1.0408
-1.0421
-1.0389
-1.0443
-1.0402
-1.0333
-1.0391
-1.0328
-1.0227
-1.0277
-1.016
-1.0109
-1.0094
-1.0075
-1.0058
-1.006
-1.0038
-1.0061
-1.0081
-1.0092
-1.0089
-1.0092
-1.0115
-1.0092
-1.0093
-1.0088
-1.0167
-1.0187
-1.0185
-1.0211
-1.0221
-1.0288
-1.0293
-1.031
-1.021
-1.0255
-1.0206
-1.0221
-1.0189
-1.015
