-1.135717988014221191e+00
-1.134292364120483398e+00
-1.134593605995178223e+00
-1.128498554229736328e+00
-1.133584618568420410e+00
-1.139950513839721680e+00
-1.135541558265686035e+00
-1.136542916297912598e+00
-1.134843230247497559e+00
-1.132282376289367676e+00
-1.136730909347534180e+00
-1.132910728454589844e+00
-1.135613560676574707e+00
-1.135239124298095703e+00
-1.130585193634033203e+00
-1.136526465415954590e+00
-1.133073329925537109e+00
-1.133731722831726074e+00
-1.132624149322509766e+00
-1.140150666236877441e+00
-1.134660124778747559e+00
-1.133735775947570801e+00
-1.134301900863647461e+00
-1.130627036094665527e+00
-1.137803912162780762e+00
-1.131812691688537598e+00
-1.129070758819580078e+00
-1.136351227760314941e+00
-1.128937125205993652e+00
-1.130811333656311035e+00
-1.135198354721069336e+00
-1.132634758949279785e+00
-1.134312868118286133e+00
-1.131028532981872559e+00
-1.141093492507934570e+00
-1.131732821464538574e+00
-1.132755517959594727e+00
-1.135111689567565918e+00
-1.130639433860778809e+00
-1.135078787803649902e+00
-1.127611875534057617e+00
-1.134094119071960449e+00
-1.134904980659484863e+00
-1.135643720626831055e+00
-1.129650592803955078e+00
-1.137198448181152344e+00
-1.137449741363525391e+00
-1.130921840667724609e+00
-1.134538888931274414e+00
-1.131898164749145508e+00
-1.133427381515502930e+00
-1.134348988533020020e+00
-1.130800366401672363e+00
-1.128698468208312988e+00
-1.135664105415344238e+00
-1.132863283157348633e+00
-1.137407183647155762e+00
-1.133182168006896973e+00
-1.130679845809936523e+00
-1.134113311767578125e+00
-1.130657196044921875e+00
-1.137096762657165527e+00
-1.140202641487121582e+00
-1.135255575180053711e+00
-1.131951332092285156e+00
-1.135309696197509766e+00
-1.133676648139953613e+00
-1.135188937187194824e+00
-1.138923048973083496e+00
-1.130221128463745117e+00
-1.133708238601684570e+00
-1.131102323532104492e+00
-1.135409116744995117e+00
-1.136028170585632324e+00
-1.128269433975219727e+00
-1.133637666702270508e+00
-1.134063482284545898e+00
-1.132163286209106445e+00
-1.132053971290588379e+00
-1.129931807518005371e+00
-1.128221392631530762e+00
-1.132682800292968750e+00
-1.129975914955139160e+00
-1.135807156562805176e+00
-1.132181525230407715e+00
-1.133126616477966309e+00
-1.134569048881530762e+00
-1.135006904602050781e+00
-1.131128311157226562e+00
-1.136381864547729492e+00
-1.131859779357910156e+00
-1.136128902435302734e+00
-1.130422472953796387e+00
-1.140216112136840820e+00
-1.139932751655578613e+00
-1.131272315979003906e+00
-1.137115240097045898e+00
-1.136918663978576660e+00
-1.131907701492309570e+00
-1.138365387916564941e+00
-1.138906002044677734e+00
-1.130338549613952637e+00
-1.137603759765625000e+00
-1.128532052040100098e+00
-1.132331490516662598e+00
-1.134006023406982422e+00
-1.136516094207763672e+00
-1.132507205009460449e+00
-1.135457158088684082e+00
-1.138837099075317383e+00
-1.131284832954406738e+00
-1.133326888084411621e+00
-1.133221149444580078e+00
-1.130976557731628418e+00
-1.133819937705993652e+00
-1.132377028465270996e+00
-1.133378744125366211e+00
-1.134152770042419434e+00
-1.134014606475830078e+00
-1.137938261032104492e+00
-1.141419053077697754e+00
-1.133630514144897461e+00
-1.132255673408508301e+00
-1.131803393363952637e+00
-1.137063622474670410e+00
-1.134074449539184570e+00
-1.138520002365112305e+00
-1.139505863189697266e+00
-1.127942919731140137e+00
-1.132845163345336914e+00
-1.135001540184020996e+00
-1.130393981933593750e+00
-1.135450482368469238e+00
-1.132029056549072266e+00
-1.131485223770141602e+00
-1.133778572082519531e+00
-1.131750106811523438e+00
-1.134602785110473633e+00
-1.131067514419555664e+00
-1.136919736862182617e+00
-1.134402513504028320e+00
-1.127699136734008789e+00
-1.130899667739868164e+00
-1.132364749908447266e+00
-1.127485990524291992e+00
-1.137719273567199707e+00
-1.134707570075988770e+00
-1.136132240295410156e+00
-1.128123283386230469e+00
-1.136733531951904297e+00
-1.134520888328552246e+00
-1.135338664054870605e+00
-1.137014389038085938e+00
-1.132653713226318359e+00
-1.136370658874511719e+00
-1.133185029029846191e+00
-1.130949497222900391e+00
-1.135991454124450684e+00
-1.133990168571472168e+00
-1.130082964897155762e+00
-1.135350346565246582e+00
-1.133590579032897949e+00
-1.131530046463012695e+00
-1.128160476684570312e+00
-1.128321290016174316e+00
-1.135060310363769531e+00
-1.132295489311218262e+00
-1.132725477218627930e+00
-1.129743099212646484e+00
-1.136534452438354492e+00
-1.132523417472839355e+00
-1.133579969406127930e+00
-1.133151769638061523e+00
-1.129893064498901367e+00
-1.134986400604248047e+00
-1.130930423736572266e+00
-1.130746841430664062e+00
-1.136620402336120605e+00
-1.137264728546142578e+00
-1.131455540657043457e+00
-1.136294364929199219e+00
-1.135826110839843750e+00
-1.134693980216979980e+00
-1.130356550216674805e+00
-1.137462496757507324e+00
-1.137093186378479004e+00
-1.134576320648193359e+00
-1.136570692062377930e+00
-1.138514399528503418e+00
-1.139753460884094238e+00
-1.136972546577453613e+00
-1.133324265480041504e+00
-1.135979771614074707e+00
-1.129685997962951660e+00
-1.132311820983886719e+00
-1.129921913146972656e+00
-1.133554339408874512e+00
-1.136583328247070312e+00
-1.132851243019104004e+00
-1.133153080940246582e+00
-1.129746913909912109e+00
-1.136721253395080566e+00
-1.128926277160644531e+00
-1.133386731147766113e+00
-1.136326789855957031e+00
-1.134751915931701660e+00
-1.135561823844909668e+00
-1.130832791328430176e+00
-1.134684085845947266e+00
-1.134613037109375000e+00
-1.129841446876525879e+00
-1.134405136108398438e+00
-1.130048513412475586e+00
-1.136042594909667969e+00
-1.131198167800903320e+00
-1.129871845245361328e+00
-1.132585644721984863e+00
-1.131496071815490723e+00
-1.131858944892883301e+00
-1.134710550308227539e+00
-1.131675958633422852e+00
-1.133138298988342285e+00
-1.134747147560119629e+00
-1.133152484893798828e+00
-1.135855436325073242e+00
-1.133153438568115234e+00
-1.136135220527648926e+00
-1.132525563240051270e+00
-1.136862277984619141e+00
-1.136304855346679688e+00
-1.136926174163818359e+00
-1.130188703536987305e+00
-1.131024360656738281e+00
-1.133921027183532715e+00
-1.133245468139648438e+00
-1.133450508117675781e+00
-1.129902958869934082e+00
-1.131893515586853027e+00
-1.138339042663574219e+00
-1.137254595756530762e+00
-1.129396915435791016e+00
-1.136578917503356934e+00
-1.133605122566223145e+00
-1.134165406227111816e+00
-1.133289217948913574e+00
-1.137535810470581055e+00
-1.134497284889221191e+00
-1.136954545974731445e+00
-1.130877614021301270e+00
-1.132098793983459473e+00
-1.135055899620056152e+00
-1.138478875160217285e+00
-1.132361054420471191e+00
-1.128875136375427246e+00
-1.128747820854187012e+00
-1.135140776634216309e+00
-1.133074045181274414e+00
-1.132444858551025391e+00
-1.130048394203186035e+00
-1.132684826850891113e+00
-1.133387923240661621e+00
-1.128602504730224609e+00
-1.135394096374511719e+00
-1.135352969169616699e+00
-1.131095528602600098e+00
-1.134951829910278320e+00
-1.130720138549804688e+00
-1.136337757110595703e+00
-1.136624813079833984e+00
-1.132847309112548828e+00
-1.131795525550842285e+00
-1.137507677078247070e+00
-1.132338285446166992e+00
-1.132158875465393066e+00
-1.133396625518798828e+00
-1.134663581848144531e+00
-1.132611870765686035e+00
-1.130297064781188965e+00
-1.132817506790161133e+00
-1.136303782463073730e+00
-1.137119531631469727e+00
-1.131346344947814941e+00
-1.133301377296447754e+00
-1.130444645881652832e+00
-1.130896329879760742e+00
-1.131242394447326660e+00
-1.132428526878356934e+00
-1.132427573204040527e+00
-1.132231593132019043e+00
-1.137570381164550781e+00
-1.131384134292602539e+00
-1.130507111549377441e+00
-1.142519950866699219e+00
-1.132959365844726562e+00
-1.132106661796569824e+00
-1.140453934669494629e+00
-1.138007640838623047e+00
-1.133298873901367188e+00
-1.137509226799011230e+00
-1.126955389976501465e+00
-1.133807659149169922e+00
-1.125705242156982422e+00
-1.132112145423889160e+00
-1.135960578918457031e+00
-1.131786942481994629e+00
-1.134368658065795898e+00
-1.130436658859252930e+00
-1.135801196098327637e+00
-1.134969711303710938e+00
-1.134735703468322754e+00
-1.130261540412902832e+00
-1.133315801620483398e+00
-1.135142445564270020e+00
-1.135622143745422363e+00
-1.134693026542663574e+00
-1.136815905570983887e+00
-1.138143062591552734e+00
-1.133052110671997070e+00
-1.134565353393554688e+00
-1.136846899986267090e+00
-1.134968519210815430e+00
-1.128932833671569824e+00
-1.135278820991516113e+00
-1.133177995681762695e+00
-1.137419581413269043e+00
-1.133916139602661133e+00
-1.131814360618591309e+00
-1.132657170295715332e+00
-1.130910038948059082e+00
-1.133944630622863770e+00
-1.131658196449279785e+00
-1.135559916496276855e+00
-1.132841706275939941e+00
-1.134083271026611328e+00
-1.134131431579589844e+00
-1.130353093147277832e+00
-1.133925795555114746e+00
-1.129720926284790039e+00
-1.128377318382263184e+00
-1.135416150093078613e+00
-1.143020153045654297e+00
-1.130060553550720215e+00
-1.132336139678955078e+00
-1.133388757705688477e+00
-1.131050825119018555e+00
-1.132646560668945312e+00
-1.137547254562377930e+00
-1.134132266044616699e+00
-1.130214810371398926e+00
-1.134494423866271973e+00
-1.132523775100708008e+00
-1.133830785751342773e+00
-1.133988976478576660e+00
-1.134163141250610352e+00
-1.132241964340209961e+00
-1.131810903549194336e+00
-1.133219957351684570e+00
-1.138227343559265137e+00
-1.133535265922546387e+00
-1.130960226058959961e+00
-1.128417611122131348e+00
-1.133917808532714844e+00
-1.134642720222473145e+00
-1.134101033210754395e+00
-1.125771641731262207e+00
-1.138588309288024902e+00
-1.131779313087463379e+00
-1.130971908569335938e+00
-1.135630607604980469e+00
-1.135665297508239746e+00
-1.132873773574829102e+00
-1.134958386421203613e+00
-1.131019473075866699e+00
-1.131552219390869141e+00
-1.127813816070556641e+00
-1.132615566253662109e+00
-1.129617691040039062e+00
-1.132889628410339355e+00
-1.131421208381652832e+00
-1.136604905128479004e+00
-1.135462045669555664e+00
-1.132447838783264160e+00
-1.130798816680908203e+00
-1.131839752197265625e+00
-1.131282806396484375e+00
-1.133831381797790527e+00
-1.129593133926391602e+00
-1.134912490844726562e+00
-1.131133556365966797e+00
-1.131224989891052246e+00
-1.136618733406066895e+00
-1.135726332664489746e+00
-1.138567686080932617e+00
-1.131287455558776855e+00
-1.136612653732299805e+00
-1.128271818161010742e+00
-1.131272315979003906e+00
-1.135759234428405762e+00
-1.130343317985534668e+00
-1.129296541213989258e+00
-1.133514642715454102e+00
-1.130218744277954102e+00
-1.133974909782409668e+00
-1.129770636558532715e+00
-1.131561279296875000e+00
-1.135804772377014160e+00
-1.138527154922485352e+00
-1.130014181137084961e+00
-1.132939934730529785e+00
-1.133414387702941895e+00
-1.133512139320373535e+00
-1.133984684944152832e+00
-1.128801226615905762e+00
-1.133204460144042969e+00
-1.134774684906005859e+00
-1.130219817161560059e+00
-1.137145996093750000e+00
-1.134696006774902344e+00
-1.133818149566650391e+00
-1.133009552955627441e+00
-1.133266091346740723e+00
-1.133595466613769531e+00
-1.128445267677307129e+00
-1.139375448226928711e+00
-1.129809379577636719e+00
-1.134430527687072754e+00
-1.131787896156311035e+00
-1.128965616226196289e+00
-1.133467912673950195e+00
-1.131658554077148438e+00
-1.133351325988769531e+00
-1.136693835258483887e+00
-1.133192181587219238e+00
-1.133170843124389648e+00
-1.134644389152526855e+00
-1.134097933769226074e+00
-1.131710767745971680e+00
-1.136327266693115234e+00
-1.131642818450927734e+00
-1.131220936775207520e+00
-1.133553624153137207e+00
-1.131483435630798340e+00
-1.133687376976013184e+00
-1.137107014656066895e+00
-1.133498072624206543e+00
-1.132514595985412598e+00
-1.130514740943908691e+00
-1.135356545448303223e+00
-1.133910894393920898e+00
-1.134837508201599121e+00
-1.132902622222900391e+00
-1.133994936943054199e+00
-1.135458827018737793e+00
-1.132779955863952637e+00
-1.129637241363525391e+00
-1.129045367240905762e+00
-1.133537173271179199e+00
-1.127184629440307617e+00
-1.133873224258422852e+00
-1.131024956703186035e+00
-1.139320969581604004e+00
-1.135342001914978027e+00
-1.140219807624816895e+00
-1.134294867515563965e+00
-1.135683536529541016e+00
-1.132847785949707031e+00
-1.129883408546447754e+00
-1.130302309989929199e+00
-1.131037235260009766e+00
-1.126692652702331543e+00
-1.135550260543823242e+00
-1.132012367248535156e+00
-1.136574983596801758e+00
-1.129721045494079590e+00
-1.133334875106811523e+00
-1.133446455001831055e+00
-1.137487053871154785e+00
-1.134193778038024902e+00
-1.133632540702819824e+00
-1.127968072891235352e+00
-1.134191989898681641e+00
-1.136043310165405273e+00
-1.129957675933837891e+00
-1.133306264877319336e+00
-1.135272979736328125e+00
-1.130110621452331543e+00
-1.138253450393676758e+00
-1.127597451210021973e+00
-1.138959527015686035e+00
-1.127349615097045898e+00
-1.133057475090026855e+00
-1.137017846107482910e+00
-1.133746504783630371e+00
-1.128736734390258789e+00
-1.130800008773803711e+00
-1.133257865905761719e+00
-1.132508397102355957e+00
-1.128170013427734375e+00
-1.137016415596008301e+00
-1.132687568664550781e+00
-1.135793566703796387e+00
-1.136123299598693848e+00
-1.137388586997985840e+00
-1.132513999938964844e+00
-1.134891629219055176e+00
-1.132881164550781250e+00
-1.135362267494201660e+00
-1.136543989181518555e+00
-1.133757233619689941e+00
-1.133697748184204102e+00
-1.131346106529235840e+00
-1.134007096290588379e+00
-1.131320357322692871e+00
-1.135294556617736816e+00
-1.134089708328247070e+00
-1.132590174674987793e+00
-1.132869362831115723e+00
-1.134284257888793945e+00
-1.130714654922485352e+00
-1.133747220039367676e+00
-1.134856939315795898e+00
-1.132422804832458496e+00
-1.135844469070434570e+00
-1.139618754386901855e+00
-1.128949165344238281e+00
-1.137326955795288086e+00
-1.128772974014282227e+00
-1.131384611129760742e+00
-1.135378360748291016e+00
-1.129203319549560547e+00
-1.135625243186950684e+00
-1.133007884025573730e+00
-1.136770725250244141e+00
-1.128240942955017090e+00
-1.133927702903747559e+00
-1.133955597877502441e+00
-1.139668941497802734e+00
-1.131440877914428711e+00
-1.134333610534667969e+00
-1.132369875907897949e+00
-1.131545782089233398e+00
-1.135001182556152344e+00
-1.131431341171264648e+00
-1.136070966720581055e+00
-1.133979678153991699e+00
-1.135424971580505371e+00
-1.129508972167968750e+00
-1.133058309555053711e+00
-1.129315733909606934e+00
-1.137598752975463867e+00
-1.132602453231811523e+00
-1.127985000610351562e+00
-1.134583711624145508e+00
-1.130621194839477539e+00
-1.130833745002746582e+00
-1.132499456405639648e+00
-1.132629632949829102e+00
-1.135721206665039062e+00
-1.131784081459045410e+00
-1.137401461601257324e+00
-1.133092641830444336e+00
-1.133345961570739746e+00
-1.133967161178588867e+00
-1.132421970367431641e+00
-1.133337259292602539e+00
-1.137089610099792480e+00
-1.128754138946533203e+00
-1.136941552162170410e+00
-1.136554360389709473e+00
-1.133469939231872559e+00
-1.131757497787475586e+00
-1.139175534248352051e+00
-1.134200572967529297e+00
-1.134170174598693848e+00
-1.133207201957702637e+00
-1.132940173149108887e+00
-1.130372166633605957e+00
-1.128942966461181641e+00
-1.132396340370178223e+00
-1.133988976478576660e+00
-1.136183142662048340e+00
-1.129422783851623535e+00
-1.135163307189941406e+00
-1.135542273521423340e+00
-1.128783464431762695e+00
-1.132344365119934082e+00
-1.135610461235046387e+00
-1.130281925201416016e+00
-1.130360007286071777e+00
-1.133800387382507324e+00
-1.130824685096740723e+00
-1.129294276237487793e+00
-1.130795955657958984e+00
-1.133209705352783203e+00
-1.127521872520446777e+00
-1.130776762962341309e+00
-1.130608558654785156e+00
-1.132048130035400391e+00
-1.130721926689147949e+00
-1.133478760719299316e+00
-1.133082866668701172e+00
-1.128169894218444824e+00
-1.133016586303710938e+00
-1.136152386665344238e+00
-1.133682131767272949e+00
-1.134997606277465820e+00
-1.137668132781982422e+00
-1.131058692932128906e+00
-1.134516716003417969e+00
-1.133538007736206055e+00
-1.133016705513000488e+00
-1.138653755187988281e+00
-1.131877183914184570e+00
-1.132445812225341797e+00
-1.134342908859252930e+00
-1.132321953773498535e+00
-1.137548565864562988e+00
-1.133931517601013184e+00
-1.129704236984252930e+00
-1.130158662796020508e+00
-1.129859924316406250e+00
-1.133859992027282715e+00
-1.130135536193847656e+00
-1.137289047241210938e+00
-1.134547948837280273e+00
-1.129400491714477539e+00
-1.132894515991210938e+00
-1.134059548377990723e+00
-1.129097700119018555e+00
-1.135187625885009766e+00
-1.131677508354187012e+00
-1.130708694458007812e+00
-1.132683157920837402e+00
-1.129905343055725098e+00
-1.130810022354125977e+00
-1.136138796806335449e+00
-1.131911754608154297e+00
-1.134202837944030762e+00
-1.130551099777221680e+00
-1.136310935020446777e+00
-1.133407473564147949e+00
-1.139068365097045898e+00
-1.134607195854187012e+00
-1.134310483932495117e+00
-1.135363340377807617e+00
-1.128512382507324219e+00
-1.133094668388366699e+00
-1.131052613258361816e+00
-1.134156703948974609e+00
-1.132293820381164551e+00
-1.134380936622619629e+00
-1.136483311653137207e+00
-1.130089998245239258e+00
-1.130479931831359863e+00
-1.131696343421936035e+00
-1.127070069313049316e+00
-1.132686138153076172e+00
-1.131399154663085938e+00
-1.132694959640502930e+00
-1.134433269500732422e+00
-1.133731365203857422e+00
-1.131864190101623535e+00
-1.131004691123962402e+00
-1.134548306465148926e+00
-1.136003732681274414e+00
-1.136464953422546387e+00
-1.130194187164306641e+00
-1.132802009582519531e+00
-1.130426406860351562e+00
-1.136900782585144043e+00
-1.135015964508056641e+00
-1.128059744834899902e+00
-1.136361002922058105e+00
-1.131447076797485352e+00
-1.132718563079833984e+00
-1.133640885353088379e+00
-1.135383248329162598e+00
-1.136072397232055664e+00
-1.133530378341674805e+00
-1.131084680557250977e+00
-1.126486063003540039e+00
-1.133291006088256836e+00
-1.135212421417236328e+00
-1.135221004486083984e+00
-1.131259799003601074e+00
-1.131378173828125000e+00
-1.139705419540405273e+00
-1.131704688072204590e+00
-1.130986094474792480e+00
-1.135893821716308594e+00
-1.130822539329528809e+00
-1.129806995391845703e+00
-1.130010128021240234e+00
-1.129100799560546875e+00
-1.132091999053955078e+00
-1.133511424064636230e+00
-1.130388379096984863e+00
-1.134859204292297363e+00
-1.131276130676269531e+00
-1.136121869087219238e+00
-1.131449460983276367e+00
-1.134077906608581543e+00
-1.133502721786499023e+00
-1.127240300178527832e+00
-1.137493133544921875e+00
-1.133529663085937500e+00
-1.136299967765808105e+00
-1.129969000816345215e+00
-1.134326100349426270e+00
-1.130851864814758301e+00
-1.137013196945190430e+00
-1.132924914360046387e+00
-1.127654552459716797e+00
-1.132856488227844238e+00
-1.132694125175476074e+00
-1.130604624748229980e+00
-1.133216381072998047e+00
-1.129884004592895508e+00
-1.134284138679504395e+00
-1.137670755386352539e+00
-1.139606952667236328e+00
-1.131701707839965820e+00
-1.132057428359985352e+00
-1.132867574691772461e+00
-1.133542060852050781e+00
-1.132458090782165527e+00
-1.128470182418823242e+00
-1.128037810325622559e+00
-1.131211400032043457e+00
-1.131050348281860352e+00
-1.128634333610534668e+00
-1.133805513381958008e+00
-1.135001659393310547e+00
-1.131045818328857422e+00
-1.131892204284667969e+00
-1.131470203399658203e+00
-1.135973691940307617e+00
-1.126143217086791992e+00
-1.129157304763793945e+00
-1.133599519729614258e+00
-1.131664276123046875e+00
-1.130970001220703125e+00
-1.130278468132019043e+00
-1.128607630729675293e+00
-1.134005427360534668e+00
-1.133514404296875000e+00
-1.132527828216552734e+00
-1.132328987121582031e+00
-1.132201075553894043e+00
-1.138933181762695312e+00
-1.134607553482055664e+00
-1.132039427757263184e+00
-1.137008786201477051e+00
-1.132019400596618652e+00
-1.134807348251342773e+00
-1.130563855171203613e+00
-1.134563565254211426e+00
-1.131720781326293945e+00
-1.129962563514709473e+00
-1.136046290397644043e+00
-1.132385849952697754e+00
-1.135885357856750488e+00
-1.135321855545043945e+00
-1.131493568420410156e+00
-1.132369399070739746e+00
-1.134498238563537598e+00
-1.129919886589050293e+00
-1.134460687637329102e+00
-1.133587837219238281e+00
-1.131779193878173828e+00
-1.131407856941223145e+00
-1.131863951683044434e+00
-1.131691932678222656e+00
-1.132982730865478516e+00
-1.130901336669921875e+00
-1.132871747016906738e+00
-1.134975671768188477e+00
-1.135918974876403809e+00
-1.135181069374084473e+00
-1.130869865417480469e+00
-1.134001255035400391e+00
-1.127496957778930664e+00
-1.131401181221008301e+00
-1.132172107696533203e+00
-1.130480289459228516e+00
-1.132413387298583984e+00
-1.134935140609741211e+00
-1.132496953010559082e+00
-1.134412288665771484e+00
-1.136111378669738770e+00
-1.132877230644226074e+00
-1.134200572967529297e+00
-1.129408717155456543e+00
-1.136656045913696289e+00
-1.132846236228942871e+00
-1.134210824966430664e+00
-1.134515047073364258e+00
-1.131241679191589355e+00
-1.134879827499389648e+00
-1.128411650657653809e+00
-1.130917549133300781e+00
-1.135940909385681152e+00
-1.134087324142456055e+00
-1.131092071533203125e+00
-1.130859375000000000e+00
-1.131686210632324219e+00
-1.134635925292968750e+00
-1.134827017784118652e+00
-1.135185241699218750e+00
-1.129356265068054199e+00
-1.135533452033996582e+00
-1.128822207450866699e+00
-1.129986047744750977e+00
-1.130224823951721191e+00
-1.136295199394226074e+00
-1.135860681533813477e+00
-1.128573775291442871e+00
-1.133084654808044434e+00
-1.134238958358764648e+00
-1.131175279617309570e+00
-1.137964725494384766e+00
-1.132344722747802734e+00
-1.131190657615661621e+00
-1.126661419868469238e+00
-1.126842856407165527e+00
-1.131971001625061035e+00
-1.136877417564392090e+00
-1.129411339759826660e+00
-1.137244105339050293e+00
-1.131122827529907227e+00
-1.136137723922729492e+00
-1.133358359336853027e+00
-1.128950595855712891e+00
-1.133983254432678223e+00
-1.136092066764831543e+00
-1.134840607643127441e+00
-1.136575698852539062e+00
-1.134577155113220215e+00
-1.127248287200927734e+00
-1.140173912048339844e+00
-1.133814811706542969e+00
-1.127099514007568359e+00
-1.133851289749145508e+00
-1.132435798645019531e+00
-1.138110518455505371e+00
-1.129758238792419434e+00
-1.134128808975219727e+00
-1.128746390342712402e+00
-1.129504084587097168e+00
-1.134921431541442871e+00
-1.131888270378112793e+00
-1.134349226951599121e+00
-1.133702874183654785e+00
-1.135614991188049316e+00
-1.135656952857971191e+00
-1.133677840232849121e+00
-1.129255533218383789e+00
-1.131096124649047852e+00
-1.130110621452331543e+00
-1.133793354034423828e+00
-1.131392478942871094e+00
-1.132869839668273926e+00
-1.129872560501098633e+00
-1.133560419082641602e+00
-1.133399605751037598e+00
-1.132298946380615234e+00
-1.133734583854675293e+00
-1.131980538368225098e+00
-1.133184909820556641e+00
-1.129856228828430176e+00
-1.136061429977416992e+00
-1.135189652442932129e+00
-1.138313889503479004e+00
-1.137840747833251953e+00
-1.132605910301208496e+00
-1.135709762573242188e+00
-1.128600358963012695e+00
-1.131005883216857910e+00
-1.138794541358947754e+00
-1.135822176933288574e+00
-1.127911090850830078e+00
-1.128731846809387207e+00
-1.136261701583862305e+00
-1.128224730491638184e+00
-1.134262800216674805e+00
-1.130601644515991211e+00
-1.132070422172546387e+00
-1.134468674659729004e+00
-1.134214162826538086e+00
-1.135149955749511719e+00
-1.134755015373229980e+00
-1.131435275077819824e+00
-1.133776783943176270e+00
-1.131936669349670410e+00
-1.134254217147827148e+00
-1.131789088249206543e+00
-1.132115006446838379e+00
-1.131077766418457031e+00
-1.132937312126159668e+00
-1.132636666297912598e+00
-1.133988618850708008e+00
-1.132900238037109375e+00
-1.131607413291931152e+00
-1.139113783836364746e+00
-1.129693627357482910e+00
-1.136209845542907715e+00
-1.126576066017150879e+00
-1.129216194152832031e+00
-1.132234454154968262e+00
-1.134549260139465332e+00
-1.134448170661926270e+00
-1.136572718620300293e+00
-1.131816983222961426e+00
-1.135202884674072266e+00
-1.133396744728088379e+00
-1.132005810737609863e+00
-1.129281878471374512e+00
-1.131836056709289551e+00
-1.128362655639648438e+00
-1.134591817855834961e+00
-1.130355000495910645e+00
-1.131472826004028320e+00
-1.127009153366088867e+00
-1.134628891944885254e+00
-1.135687947273254395e+00
-1.133142113685607910e+00
-1.134754419326782227e+00
-1.134105920791625977e+00
-1.133485317230224609e+00
-1.126876115798950195e+00
-1.132096409797668457e+00
-1.139507055282592773e+00
-1.132252812385559082e+00
-1.136095166206359863e+00
-1.134480118751525879e+00
-1.141424298286437988e+00
-1.134119629859924316e+00
-1.136726379394531250e+00
-1.134693503379821777e+00
-1.132195115089416504e+00
-1.132571339607238770e+00
-1.134048581123352051e+00
-1.132103562355041504e+00
-1.137133002281188965e+00
-1.126461625099182129e+00
-1.135178685188293457e+00
-1.135028362274169922e+00
-1.134066462516784668e+00
-1.132808566093444824e+00
-1.134876966476440430e+00
-1.130413055419921875e+00
-1.137353539466857910e+00
-1.133238196372985840e+00
-1.133529782295227051e+00
-1.135849595069885254e+00
-1.133992791175842285e+00
-1.134297132492065430e+00
-1.131244421005249023e+00
-1.126982331275939941e+00
-1.129389166831970215e+00
-1.132983446121215820e+00
-1.136448740959167480e+00
-1.137918591499328613e+00
-1.131118774414062500e+00
-1.139140248298645020e+00
-1.134977698326110840e+00
-1.134804368019104004e+00
-1.128527402877807617e+00
-1.130843162536621094e+00
-1.127664566040039062e+00
-1.132732629776000977e+00
-1.131913542747497559e+00
-1.134910941123962402e+00
-1.132089376449584961e+00
-1.136287927627563477e+00
-1.127704739570617676e+00
-1.134150862693786621e+00
-1.135231733322143555e+00
-1.134580373764038086e+00
-1.128682494163513184e+00
-1.137100458145141602e+00
-1.133710265159606934e+00
-1.133735775947570801e+00
-1.135734081268310547e+00
-1.134789705276489258e+00
-1.132291078567504883e+00
-1.131475090980529785e+00
-1.127901196479797363e+00
-1.135719895362854004e+00
-1.133035778999328613e+00
-1.134769439697265625e+00
-1.129852414131164551e+00
-1.134144544601440430e+00
-1.136713624000549316e+00
-1.129499197006225586e+00
-1.127123951911926270e+00
-1.139366507530212402e+00
-1.128888130187988281e+00
-1.130424499511718750e+00
-1.138693571090698242e+00
-1.130143284797668457e+00
-1.129000306129455566e+00
-1.133100390434265137e+00
-1.135448694229125977e+00
-1.138116359710693359e+00
-1.131192088127136230e+00
-1.135433316230773926e+00
-1.136253237724304199e+00
-1.135022521018981934e+00
-1.131272673606872559e+00
-1.127795338630676270e+00
-1.137998461723327637e+00
-1.136355996131896973e+00
-1.132917046546936035e+00
-1.137703537940979004e+00
-1.128326892852783203e+00
-1.133287191390991211e+00
-1.133037805557250977e+00
-1.133285403251647949e+00
-1.133981227874755859e+00
-1.131123065948486328e+00
-1.128175616264343262e+00
-1.129224181175231934e+00
-1.142111301422119141e+00
-9.721456766128540039e-01
-9.306645989418029785e-01
-9.702925682067871094e-01
-1.333943605422973633e+00
-1.446061730384826660e+00
-1.481280803680419922e+00
-1.514936566352844238e+00
-1.534912467002868652e+00
-1.520285487174987793e+00
-1.516911983489990234e+00
-1.486268639564514160e+00
-1.481878519058227539e+00
-1.451714038848876953e+00
-1.306803941726684570e+00
-1.240956425666809082e+00
-9.074813127517700195e-01
-8.444563150405883789e-01
-1.112913727760314941e+00
-1.156360864639282227e+00
-1.075820803642272949e+00
-1.141844391822814941e+00
-1.181625127792358398e+00
-1.018290400505065918e+00
-1.056290030479431152e+00
-9.983145594596862793e-01
-9.212936162948608398e-01
-9.151865839958190918e-01
-8.379193544387817383e-01
-7.460963129997253418e-01
-5.510464310646057129e-01
-4.846469461917877197e-01
-4.445302784442901611e-01
-4.799815416336059570e-01
-1.907031685113906860e-01
-1.594769507646560669e-01
-5.287737771868705750e-02
8.097448945045471191e-02
9.448575228452682495e-02
-5.494506955146789551e-01
-1.112651228904724121e+00
-1.269678950309753418e+00
-1.247125506401062012e+00
-1.136526465415954590e+00
-1.119067788124084473e+00
-1.231180429458618164e+00
-1.385643362998962402e+00
-1.462588548660278320e+00
-1.506166219711303711e+00
-1.412471175193786621e+00
-1.384039163589477539e+00
-1.358696699142456055e+00
-1.337887525558471680e+00
-1.305245399475097656e+00
-1.290849804878234863e+00
-1.194825887680053711e+00
-9.783319234848022461e-01
-8.884441852569580078e-01
-8.274603486061096191e-01
-1.002649545669555664e+00
-1.209822297096252441e+00
-1.180618524551391602e+00
-1.167542815208435059e+00
-1.120174765586853027e+00
-1.117846369743347168e+00
-1.089924931526184082e+00
-1.141628980636596680e+00
-1.105726957321166992e+00
-1.109401106834411621e+00
-6.495897769927978516e-01
-6.038907170295715332e-01
-5.961256027221679688e-01
-6.371963024139404297e-01
-5.880073308944702148e-01
-5.972675681114196777e-01
-6.743891835212707520e-01
-7.474343776702880859e-01
-7.813230156898498535e-01
-8.198845386505126953e-01
-8.576361536979675293e-01
-1.038421154022216797e+00
-1.034425497055053711e+00
-1.002405166625976562e+00
-9.887880086898803711e-01
-9.955193996429443359e-01
-9.976339340209960938e-01
-9.816160202026367188e-01
-9.609212875366210938e-01
-9.653506278991699219e-01
-9.495978355407714844e-01
-9.422693848609924316e-01
-9.391014575958251953e-01
-9.487959742546081543e-01
-9.726907014846801758e-01
-9.712110161781311035e-01
-9.629594683647155762e-01
-9.686041474342346191e-01
-9.436353445053100586e-01
-9.728999733924865723e-01
-9.999358057975769043e-01
-1.051473259925842285e+00
-1.040990114212036133e+00
-1.036891579627990723e+00
-1.083486199378967285e+00
-1.123022198677062988e+00
-1.188547849655151367e+00
-1.092515826225280762e+00
-9.057769775390625000e-01
-9.100348353385925293e-01
-7.339379787445068359e-01
-6.146811246871948242e-01
-1.998278312385082245e-02
-2.038814574480056763e-01
-8.991183340549468994e-02
-9.378784452565014362e-04
8.422440849244594574e-03
2.395836077630519867e-02
1.209283247590065002e-02
2.271099574863910675e-02
-1.881855726242065430e-02
6.348167359828948975e-02
8.698370307683944702e-02
8.069824427366256714e-02
-5.955049991607666016e-01
-9.203987717628479004e-01
-1.022596716880798340e+00
-1.173817634582519531e+00
-1.437978029251098633e+00
-1.549639105796813965e+00
-1.571053504943847656e+00
-1.499743700027465820e+00
-1.491917848587036133e+00
-1.489958167076110840e+00
-1.454223752021789551e+00
-1.410768032073974609e+00
-1.394345641136169434e+00
-1.354322433471679688e+00
-1.191840887069702148e+00
-1.128796458244323730e+00
-1.043106913566589355e+00
-9.846639633178710938e-01
-9.923897981643676758e-01
-1.192811012268066406e+00
-1.235404729843139648e+00
-1.243297696113586426e+00
-1.199663877487182617e+00
-1.197266101837158203e+00
-9.426409602165222168e-01
-9.405723810195922852e-01
-8.988482356071472168e-01
-9.315658211708068848e-01
-8.862629532814025879e-01
-7.758235931396484375e-01
-6.882734298706054688e-01
-8.124197125434875488e-01
-5.621777176856994629e-01
-2.150222063064575195e-01
-2.058524787425994873e-01
-1.199965700507164001e-01
1.019847020506858826e-02
1.392705142498016357e-01
8.212093263864517212e-02
8.005481213331222534e-02
2.286862581968307495e-02
-3.729104101657867432e-01
-1.121164321899414062e+00
-1.193242549896240234e+00
-1.174223899841308594e+00
-1.441974759101867676e+00
-1.556918978691101074e+00
-1.552604556083679199e+00
-1.516811847686767578e+00
-1.476528763771057129e+00
-1.479775190353393555e+00
-1.486768960952758789e+00
-1.424397945404052734e+00
-1.406866908073425293e+00
-1.275388956069946289e+00
-1.185512304306030273e+00
-1.036460399627685547e+00
-1.007331490516662598e+00
-9.894912838935852051e-01
-9.793140888214111328e-01
-1.097176194190979004e+00
-1.269953370094299316e+00
-1.262106299400329590e+00
-1.271088719367980957e+00
-1.229974985122680664e+00
-1.184786677360534668e+00
-1.003745794296264648e+00
-1.074529767036437988e+00
-9.031434059143066406e-01
-8.439634442329406738e-01
-8.169071674346923828e-01
-7.487124204635620117e-01
-6.822124719619750977e-01
-6.797835826873779297e-01
-6.763030886650085449e-01
-7.633899450302124023e-01
-7.733857631683349609e-01
-8.179442286491394043e-01
-8.427736759185791016e-01
-8.575246930122375488e-01
-8.614382147789001465e-01
-8.889118432998657227e-01
-8.929735422134399414e-01
-8.884833455085754395e-01
-8.209422826766967773e-01
-8.212653398513793945e-01
-8.220765590667724609e-01
-8.360813856124877930e-01
-8.267238736152648926e-01
-8.111677765846252441e-01
-8.186979889869689941e-01
-7.854821085929870605e-01
-7.821491360664367676e-01
-7.702658176422119141e-01
-7.622021436691284180e-01
-7.697024941444396973e-01
-7.796848416328430176e-01
-7.745016813278198242e-01
-7.842371463775634766e-01
-7.891433835029602051e-01
-8.741815090179443359e-01
-8.722611069679260254e-01
-8.704890012741088867e-01
-8.658910393714904785e-01
-8.507121205329895020e-01
-8.472723364830017090e-01
-8.367180228233337402e-01
-8.204194903373718262e-01
-7.923968434333801270e-01
-8.021711111068725586e-01
-8.134138584136962891e-01
-8.266729712486267090e-01
-8.361254334449768066e-01
-8.369004726409912109e-01
-8.500921726226806641e-01
-8.542810678482055664e-01
-8.518019318580627441e-01
-8.548042774200439453e-01
-8.203671574592590332e-01
-8.143257498741149902e-01
-8.091831803321838379e-01
-8.007441163063049316e-01
-7.876405715942382812e-01
-7.886425852775573730e-01
-7.911326289176940918e-01
-8.385043740272521973e-01
-8.402258157730102539e-01
-8.469967246055603027e-01
-8.519578576087951660e-01
-8.476142883300781250e-01
-8.473584651947021484e-01
-8.390249013900756836e-01
-8.382384181022644043e-01
-7.996451854705810547e-01
-8.061981797218322754e-01
-8.134379982948303223e-01
-8.166299462318420410e-01
-8.270067572593688965e-01
-8.229200839996337891e-01
-8.201614022254943848e-01
-8.145487904548645020e-01
-8.114180564880371094e-01
-8.061680197715759277e-01
-8.084284663200378418e-01
-8.013290762901306152e-01
-7.995867133140563965e-01
-7.959911227226257324e-01
-7.982663512229919434e-01
-7.977325320243835449e-01
-8.099067211151123047e-01
-8.136327862739562988e-01
-8.149525523185729980e-01
-8.190129399299621582e-01
-8.269505500793457031e-01
-8.316192030906677246e-01
-8.162252306938171387e-01
-8.144125342369079590e-01
-8.111663460731506348e-01
-8.105292320251464844e-01
-8.167327046394348145e-01
-8.153566122055053711e-01
-8.140489459037780762e-01
-8.191197514533996582e-01
-8.213887810707092285e-01
-8.317104578018188477e-01
-8.300917744636535645e-01
-8.197513222694396973e-01
-8.189951777458190918e-01
-8.129077553749084473e-01
-8.162494301795959473e-01
-8.100820779800415039e-01
-8.067480325698852539e-01
-8.086295723915100098e-01
-8.119379878044128418e-01
-8.298876285552978516e-01
-8.342453837394714355e-01
-8.307734131813049316e-01
-8.263825774192810059e-01
-8.294136524200439453e-01
-8.256296515464782715e-01
-8.228405714035034180e-01
-8.229374885559082031e-01
-8.209351301193237305e-01
-8.203676939010620117e-01
-8.188746571540832520e-01
-8.196273446083068848e-01
-8.231191039085388184e-01
-8.274005651473999023e-01
-8.263493776321411133e-01
-8.237389326095581055e-01
-8.238369226455688477e-01
-8.275670409202575684e-01
-8.244738578796386719e-01
-8.245663642883300781e-01
-8.227391242980957031e-01
-8.137571811676025391e-01
-8.149809241294860840e-01
-8.151716589927673340e-01
-8.232078552246093750e-01
-8.226845264434814453e-01
-8.120373487472534180e-01
-8.130234479904174805e-01
-8.142225742340087891e-01
-8.199356794357299805e-01
-8.169078230857849121e-01
-8.205341100692749023e-01
-8.236166238784790039e-01
-8.183029890060424805e-01
-8.249161839485168457e-01
-8.257551193237304688e-01
-8.289728164672851562e-01
-8.269276022911071777e-01
-8.298476934432983398e-01
-8.225396275520324707e-01
-8.219121098518371582e-01
-8.167291283607482910e-01
-8.142741918563842773e-01
-8.086763024330139160e-01
-8.221752643585205078e-01
-8.214353919029235840e-01
-8.202680349349975586e-01
-8.304682970046997070e-01
-8.245373368263244629e-01
-8.348369002342224121e-01
-8.273910284042358398e-01
-8.309710621833801270e-01
-8.136485219001770020e-01
-8.176180720329284668e-01
-8.207557201385498047e-01
-8.194622993469238281e-01
-8.204491138458251953e-01
-8.179482817649841309e-01
-8.218269348144531250e-01
-8.175400495529174805e-01
-8.194803595542907715e-01
-8.267633318901062012e-01
-8.165560364723205566e-01
-8.192307353019714355e-01
-8.221803903579711914e-01
-8.282494544982910156e-01
-8.225211501121520996e-01
-8.187426924705505371e-01
-8.220649957656860352e-01
-8.266364932060241699e-01
-8.270232677459716797e-01
-8.238380551338195801e-01
-8.216959238052368164e-01
-8.226500749588012695e-01
-8.171639442443847656e-01
-8.178777694702148438e-01
-8.135061860084533691e-01
-8.197370767593383789e-01
-8.288088440895080566e-01
-8.231506347656250000e-01
-8.267252445220947266e-01
-8.230611681938171387e-01
-8.286225795745849609e-01
-8.232715725898742676e-01
-8.239093422889709473e-01
-8.197018504142761230e-01
-8.219437599182128906e-01
-8.288304209709167480e-01
-8.194238543510437012e-01
-8.194346427917480469e-01
-8.194578289985656738e-01
-8.264334201812744141e-01
-8.198683857917785645e-01
-8.250761628150939941e-01
-8.251618742942810059e-01
-8.261154890060424805e-01
-8.232830166816711426e-01
-8.183744549751281738e-01
-8.232744932174682617e-01
-8.213161826133728027e-01
-8.234203457832336426e-01
-8.248871564865112305e-01
-8.138256072998046875e-01
-8.204973340034484863e-01
-8.169523477554321289e-01
-8.220679163932800293e-01
-8.203006386756896973e-01
-8.177531957626342773e-01
-8.256422281265258789e-01
-8.266429901123046875e-01
-8.231832385063171387e-01
-8.227830529212951660e-01
-8.219237327575683594e-01
-8.234945535659790039e-01
-8.240195512771606445e-01
-8.233657479286193848e-01
-8.210086822509765625e-01
-8.220067620277404785e-01
-8.241252899169921875e-01
-8.226770758628845215e-01
-8.165368437767028809e-01
-8.248299956321716309e-01
-8.178530335426330566e-01
-8.185767531394958496e-01
-8.177903890609741211e-01
-8.201618790626525879e-01
-8.212997317314147949e-01
-8.183006048202514648e-01
-8.225543498992919922e-01
-8.221657872200012207e-01
-8.203054666519165039e-01
-8.176689147949218750e-01
-8.250873684883117676e-01
-8.211416006088256836e-01
-8.226015567779541016e-01
-8.169405460357666016e-01
-8.257541656494140625e-01
-8.174582123756408691e-01
-8.215106725692749023e-01
-8.219254016876220703e-01
-8.174425959587097168e-01
-8.160070180892944336e-01
-8.249809145927429199e-01
-8.214300870895385742e-01
-8.232157230377197266e-01
-8.226371407508850098e-01
-8.191111683845520020e-01
-8.197330832481384277e-01
-8.185277581214904785e-01
-8.208615779876708984e-01
-8.207219839096069336e-01
-8.208019733428955078e-01
-8.189251422882080078e-01
-8.240022659301757812e-01
-8.203942179679870605e-01
-8.225963711738586426e-01
-8.244580030441284180e-01
-8.240409493446350098e-01
-8.233299255371093750e-01
-8.253198862075805664e-01
-8.173400759696960449e-01
-8.202224373817443848e-01
-8.229059576988220215e-01
-8.170710802078247070e-01
-8.215314149856567383e-01
-8.214589953422546387e-01
-8.189271688461303711e-01
-8.232862353324890137e-01
-8.212347626686096191e-01
-8.153267502784729004e-01
-8.211364746093750000e-01
-8.227595686912536621e-01
-8.238181471824645996e-01
-8.257843255996704102e-01
-8.234551548957824707e-01
-8.202890157699584961e-01
-8.244318962097167969e-01
-8.231156468391418457e-01
-8.201570510864257812e-01
-8.194925189018249512e-01
-8.201729059219360352e-01
-8.234088420867919922e-01
-8.242924213409423828e-01
-8.205243945121765137e-01
-8.193867802619934082e-01
-8.239536285400390625e-01
-8.237881660461425781e-01
-8.181886076927185059e-01
-8.240740299224853516e-01
-8.174123167991638184e-01
-8.263196945190429688e-01
-8.201415538787841797e-01
-8.222615122795104980e-01
-8.205281496047973633e-01
-8.192476034164428711e-01
-8.205386400222778320e-01
-8.213557600975036621e-01
-8.202204704284667969e-01
-8.267767429351806641e-01
-8.195645809173583984e-01
-8.172907233238220215e-01
-8.219422698020935059e-01
-8.207539916038513184e-01
-8.227262496948242188e-01
-8.211757540702819824e-01
-8.190459012985229492e-01
-8.198703527450561523e-01
-8.164476752281188965e-01
-8.213716149330139160e-01
-8.219759464263916016e-01
-8.177566528320312500e-01
-8.191885948181152344e-01
-8.223153352737426758e-01
-8.170022368431091309e-01
-8.231334686279296875e-01
-8.243602514266967773e-01
-8.194235563278198242e-01
-8.251109719276428223e-01
-8.236947059631347656e-01
-8.137708902359008789e-01
-8.256551623344421387e-01
-8.220230937004089355e-01
-8.229468464851379395e-01
-8.212531805038452148e-01
-8.194121122360229492e-01
-8.191180825233459473e-01
-8.182057738304138184e-01
-8.221355080604553223e-01
-8.285282850265502930e-01
-8.230110406875610352e-01
-8.194110989570617676e-01
-8.198775053024291992e-01
-8.229547739028930664e-01
-8.211463093757629395e-01
-8.205220699310302734e-01
-8.210390806198120117e-01
-8.214024901390075684e-01
-8.224290609359741211e-01
-8.132739067077636719e-01
-8.228056430816650391e-01
-8.179405331611633301e-01
-8.568038940429687500e-01
-9.381992816925048828e-01
-1.156001091003417969e+00
-1.130412817001342773e+00
-1.067031264305114746e+00
-1.023863911628723145e+00
-9.824361205101013184e-01
-6.059506535530090332e-01
-4.424468278884887695e-01
-1.980785578489303589e-01
-1.610165387392044067e-01
-6.421962380409240723e-02
-8.930017054080963135e-02
-1.655839532613754272e-01
-1.669348180294036865e-01
1.501627638936042786e-02
-2.832843363285064697e-02
-4.871875047683715820e-02
-9.007928892970085144e-03
-1.029360922984778881e-03
-6.927327066659927368e-02
1.736535578966140747e-01
-1.043304353952407837e-01
-1.873157024383544922e-01
-4.692732989788055420e-01
-6.874708533287048340e-01
-9.311600923538208008e-01
-1.430612802505493164e+00
-1.489869713783264160e+00
-1.471614480018615723e+00
-1.492620468139648438e+00
-1.439043283462524414e+00
-1.362081766128540039e+00
-1.373906731605529785e+00
-1.240503430366516113e+00
-9.426126480102539062e-01
-8.769185543060302734e-01
-8.743740916252136230e-01
-9.060330986976623535e-01
-9.252729415893554688e-01
-9.278532862663269043e-01
-1.147035956382751465e+00
-1.249776601791381836e+00
-1.242622017860412598e+00
-1.004319190979003906e+00
-1.037733674049377441e+00
-5.993351340293884277e-01
-6.893082857131958008e-01
-5.280323624610900879e-01
-7.252169251441955566e-01
-7.340407371520996094e-01
-3.460977673530578613e-01
-2.584586441516876221e-01
-3.936453759670257568e-01
-1.290583610534667969e-01
-1.437081247568130493e-01
-2.708005951717495918e-03
1.348677650094032288e-02
6.682483945041894913e-03
9.014465659856796265e-02
1.729012131690979004e-01
-1.183413900434970856e-02
6.234061345458030701e-02
1.300585716962814331e-01
-8.791005015373229980e-01
-9.862354397773742676e-01
-1.107038855552673340e+00
-1.236334443092346191e+00
-1.255182981491088867e+00
-1.283907413482666016e+00
-1.221012711524963379e+00
-1.135528326034545898e+00
-1.139247894287109375e+00
-1.144624233245849609e+00
-1.115963459014892578e+00
-1.087626934051513672e+00
-1.022969841957092285e+00
-1.010993480682373047e+00
-1.021943926811218262e+00
-1.033668994903564453e+00
-9.913083910942077637e-01
-1.016801476478576660e+00
-1.022267103195190430e+00
-1.011181354522705078e+00
-1.023545384407043457e+00
-1.052393078804016113e+00
-1.038922786712646484e+00
-9.736211299896240234e-01
-1.054760694503784180e+00
-7.903035283088684082e-01
-7.576208114624023438e-01
-7.520988583564758301e-01
-7.112795710563659668e-01
-1.451513409614562988e+00
-1.539260506629943848e+00
-1.537703394889831543e+00
-1.512453913688659668e+00
-1.481930136680603027e+00
-1.441891789436340332e+00
-1.378888130187988281e+00
-1.405748248100280762e+00
-1.276715397834777832e+00
-1.194575428962707520e+00
-1.004265546798706055e+00
-9.302734136581420898e-01
-8.284718990325927734e-01
-8.360452651977539062e-01
-8.439717292785644531e-01
-8.994813561439514160e-01
-1.139861583709716797e+00
-1.185200214385986328e+00
-1.046547055244445801e+00
-1.051867127418518066e+00
-9.509540200233459473e-01
-1.069188475608825684e+00
-6.916550397872924805e-01
-8.415572643280029297e-01
-7.767633795738220215e-01
-8.027056455612182617e-01
-6.577608585357666016e-01
-6.174597740173339844e-01
-2.752851247787475586e-01
-2.110389918088912964e-01
4.482835158705711365e-02
5.802025273442268372e-02
-2.148506604135036469e-02
-7.374973036348819733e-03
-1.323636770248413086e-01
-5.481715872883796692e-02
-6.683562532998621464e-04
1.958213560283184052e-02
1.242294088006019592e-01
5.463997647166252136e-02
1.873420178890228271e-02
-5.307039991021156311e-02
4.605887085199356079e-02
-3.281341195106506348e-01
-9.157801270484924316e-01
-1.073326110839843750e+00
-1.080924034118652344e+00
-1.229104042053222656e+00
-1.189232945442199707e+00
-1.464777350425720215e+00
-1.536576628684997559e+00
-1.548357367515563965e+00
-1.512711524963378906e+00
-1.490306854248046875e+00
-1.485729336738586426e+00
-1.472725510597229004e+00
-1.404855847358703613e+00
-1.308047771453857422e+00
-1.137195467948913574e+00
-1.031474113464355469e+00
-1.006464242935180664e+00
-9.793781042098999023e-01
-1.016689538955688477e+00
-1.119403719902038574e+00
-1.243539929389953613e+00
-1.248515129089355469e+00
-1.177590250968933105e+00
-1.031211495399475098e+00
-8.970081210136413574e-01
-8.909152150154113770e-01
-8.520196676254272461e-01
-6.400465965270996094e-01
-6.551727056503295898e-01
-8.178552389144897461e-01
-4.509102404117584229e-01
-2.360655665397644043e-01
-2.010717093944549561e-01
-1.754435151815414429e-01
-1.126762926578521729e-01
-1.134329885244369507e-01
-8.957126736640930176e-02
-1.557402163743972778e-01
-7.512783259153366089e-02
-8.397941477596759796e-03
-3.845542669296264648e-02
-3.713736683130264282e-02
5.709857493638992310e-02
6.326849013566970825e-02
-6.250713765621185303e-02
1.456717103719711304e-01
-4.373751580715179443e-02
-5.482817292213439941e-01
-8.427207469940185547e-01
-9.353661537170410156e-01
-1.005382895469665527e+00
-1.147644042968750000e+00
-1.241392374038696289e+00
-1.523565769195556641e+00
-1.497623801231384277e+00
-1.523903012275695801e+00
-1.506166815757751465e+00
-1.466881513595581055e+00
-1.450543761253356934e+00
-1.421936273574829102e+00
-1.391496419906616211e+00
-1.238858222961425781e+00
-1.107565522193908691e+00
-9.998098611831665039e-01
-9.103485941886901855e-01
-9.487383365631103516e-01
-8.971317410469055176e-01
-1.123953461647033691e+00
-1.231225371360778809e+00
-1.188273787498474121e+00
-1.234865665435791016e+00
-1.253322362899780273e+00
-1.205650329589843750e+00
-1.125283241271972656e+00
-1.042475461959838867e+00
-8.080187439918518066e-01
-6.774799823760986328e-01
-5.760878920555114746e-01
-5.261150002479553223e-01
-2.854697704315185547e-01
-3.351908326148986816e-01
-4.067483246326446533e-01
-3.949442878365516663e-02
-2.296639047563076019e-02
-1.953249797224998474e-02
-1.535433828830718994e-01
-4.951117932796478271e-02
-1.876207441091537476e-02
-1.155801583081483841e-02
2.318817935883998871e-02
7.612333167344331741e-03
6.093639880418777466e-02
7.035501301288604736e-02
4.757011681795120239e-02
-9.752038866281509399e-02
3.576593101024627686e-02
-1.843066215515136719e-01
-8.483893275260925293e-01
-1.011921405792236328e+00
-1.180974364280700684e+00
-1.207831263542175293e+00
-1.271250605583190918e+00
-1.406613349914550781e+00
-1.510754466056823730e+00
-1.515590190887451172e+00
-1.492094993591308594e+00
-1.461333990097045898e+00
-1.438396573066711426e+00
-1.402404427528381348e+00
-1.374221444129943848e+00
-1.275229454040527344e+00
-1.140067458152770996e+00
-1.015681862831115723e+00
-9.359447956085205078e-01
-9.684652090072631836e-01
-1.103081941604614258e+00
-1.201895117759704590e+00
-1.222279429435729980e+00
-1.272513747215270996e+00
-1.262506723403930664e+00
-1.123513221740722656e+00
-1.109693050384521484e+00
-8.675851225852966309e-01
-9.169455766677856445e-01
-8.784194588661193848e-01
-6.620347499847412109e-01
-7.073507308959960938e-01
-4.566216766834259033e-01
-4.538448154926300049e-01
-4.023282527923583984e-01
-1.998026818037033081e-01
-2.500734925270080566e-01
-2.697749137878417969e-01
-2.511956989765167236e-01
-2.446434348821640015e-01
-2.603858709335327148e-01
-7.014146447181701660e-02
-1.246074736118316650e-01
-4.032772500067949295e-03
3.817545995116233826e-02
-1.390497535467147827e-01
-1.405652314424514771e-01
-8.689446449279785156e-01
-9.110223054885864258e-01
-1.072105646133422852e+00
-1.320131540298461914e+00
-1.298579812049865723e+00
-1.247667193412780762e+00
-1.308130979537963867e+00
-1.270642876625061035e+00
-1.249972343444824219e+00
-1.193798065185546875e+00
-1.189975380897521973e+00
-1.082149267196655273e+00
-1.049283385276794434e+00
-1.045533299446105957e+00
-1.036166667938232422e+00
-1.011699795722961426e+00
-1.015096545219421387e+00
-1.037601470947265625e+00
-1.054396510124206543e+00
-1.077411174774169922e+00
-1.129284262657165527e+00
-1.122041106224060059e+00
-1.103288531303405762e+00
-1.100980162620544434e+00
-1.095964312553405762e+00
-1.073762178421020508e+00
-1.004706263542175293e+00
-9.953932166099548340e-01
-9.891494512557983398e-01
-9.984132647514343262e-01
-1.015183329582214355e+00
-1.032549023628234863e+00
-1.093662261962890625e+00
-1.095851063728332520e+00
-1.097623586654663086e+00
-1.097618341445922852e+00
-1.087084650993347168e+00
-1.073379993438720703e+00
-1.012045145034790039e+00
-1.007091999053955078e+00
-1.017052292823791504e+00
-1.014640092849731445e+00
-1.025014519691467285e+00
-1.071151256561279297e+00
-1.083409070968627930e+00
-1.088558316230773926e+00
-1.091662645339965820e+00
-1.089187622070312500e+00
-1.068673968315124512e+00
-1.055838942527770996e+00
-1.044297575950622559e+00
-1.036353349685668945e+00
-1.023032188415527344e+00
-1.023709058761596680e+00
-1.041473269462585449e+00
-1.047590732574462891e+00
-1.058146595954895020e+00
-1.085982918739318848e+00
-1.087745070457458496e+00
-1.086421370506286621e+00
-1.087524652481079102e+00
-1.081854224205017090e+00
-1.074521422386169434e+00
-1.070101022720336914e+00
-1.034567713737487793e+00
-1.040274262428283691e+00
-1.028817892074584961e+00
-1.037429332733154297e+00
-1.039956450462341309e+00
-1.050021171569824219e+00
-1.078815937042236328e+00
-1.075674891471862793e+00
-1.074589014053344727e+00
-1.073405623435974121e+00
-1.065527081489562988e+00
-1.055011391639709473e+00
-1.040778517723083496e+00
-1.041660189628601074e+00
-1.047108411788940430e+00
-1.053024291992187500e+00
-1.069381713867187500e+00
-1.074062585830688477e+00
-1.071029663085937500e+00
-1.070218205451965332e+00
-1.059774279594421387e+00
-1.059706807136535645e+00
-1.061044216156005859e+00
-1.050905227661132812e+00
-1.048861026763916016e+00
-1.048731327056884766e+00
-1.051677346229553223e+00
-1.053475499153137207e+00
-1.060725569725036621e+00
-1.060590982437133789e+00
-1.075517654418945312e+00
-1.072871565818786621e+00
-1.063829183578491211e+00
-1.066102743148803711e+00
-1.066833376884460449e+00
-1.064763665199279785e+00
-1.048267841339111328e+00
-1.043618917465209961e+00
-1.055517911911010742e+00
-1.055799245834350586e+00
-1.060006737709045410e+00
-1.053980231285095215e+00
-1.071696639060974121e+00
-1.066034913063049316e+00
-1.067867398262023926e+00
-1.062316179275512695e+00
-1.062708616256713867e+00
-1.055319070816040039e+00
-1.050386548042297363e+00
-1.060537457466125488e+00
-1.056416273117065430e+00
-1.052291035652160645e+00
-1.060863733291625977e+00
-1.062422871589660645e+00
-1.075611114501953125e+00
-1.072054147720336914e+00
-1.067877769470214844e+00
-1.060279011726379395e+00
-1.059263348579406738e+00
-1.064221382141113281e+00
-1.051467895507812500e+00
-1.051472544670104980e+00
-1.049346208572387695e+00
-1.054791569709777832e+00
-1.061285972595214844e+00
-1.062519788742065430e+00
-1.071271896362304688e+00
-1.068403601646423340e+00
-1.062593579292297363e+00
-1.067836523056030273e+00
-1.058541297912597656e+00
-1.069885015487670898e+00
-1.070750713348388672e+00
-1.113706111907958984e+00
-1.038281679153442383e+00
-8.534315228462219238e-01
-8.503527045249938965e-01
-8.443334102630615234e-01
-8.546724915504455566e-01
-8.784174323081970215e-01
-8.357352614402770996e-01
-1.347149133682250977e+00
-1.305898308753967285e+00
-1.489232540130615234e+00
-1.482640504837036133e+00
-1.464341044425964355e+00
-1.406404018402099609e+00
-1.370264410972595215e+00
-1.299400925636291504e+00
-1.172417402267456055e+00
-9.018127322196960449e-01
-9.171161055564880371e-01
-8.919192552566528320e-01
-8.970586061477661133e-01
-8.261975646018981934e-01
-1.106110692024230957e+00
-1.139807105064392090e+00
-1.126921653747558594e+00
-1.045396327972412109e+00
-1.018486738204956055e+00
-1.095002174377441406e+00
-9.394707083702087402e-01
-6.853623390197753906e-01
-6.442921161651611328e-01
-6.150355339050292969e-01
-5.390945076942443848e-01
-4.015365540981292725e-01
-3.773756623268127441e-01
-3.713017702102661133e-01
-4.213958084583282471e-01
-3.668256402015686035e-01
-3.381088376045227051e-01
-5.474894121289253235e-02
-1.206388324499130249e-01
-1.237766891717910767e-01
-1.945790648460388184e-01
-1.107708811759948730e-01
-6.755826622247695923e-02
1.606488078832626343e-01
1.783931404352188110e-01
2.158969640731811523e-02
3.072798997163772583e-02
-6.558531522750854492e-01
-7.868162989616394043e-01
-1.099813699722290039e+00
-1.126968145370483398e+00
-1.198525190353393555e+00
-1.116751790046691895e+00
-1.272483348846435547e+00
-1.512160181999206543e+00
-1.519153952598571777e+00
-1.502636909484863281e+00
-1.501702785491943359e+00
-1.504824757575988770e+00
-1.462626218795776367e+00
-1.395021677017211914e+00
-1.251038789749145508e+00
-1.083683252334594727e+00
-8.970063924789428711e-01
-8.814281821250915527e-01
-8.464183807373046875e-01
-9.299575090408325195e-01
-1.145197153091430664e+00
-1.193075299263000488e+00
-1.235774278640747070e+00
-1.199966192245483398e+00
-1.197923898696899414e+00
-1.012616038322448730e+00
-9.869655966758728027e-01
-6.713500618934631348e-01
-6.213203668594360352e-01
-5.924635529518127441e-01
-5.883285999298095703e-01
-5.541232228279113770e-01
-6.077570319175720215e-01
-6.406343579292297363e-01
-6.526487469673156738e-01
-7.646976709365844727e-01
-7.628535628318786621e-01
-8.364631533622741699e-01
-8.466567993164062500e-01
-8.598020672798156738e-01
-8.828766345977783203e-01
-8.802851438522338867e-01
-8.678566217422485352e-01
-8.780129551887512207e-01
-8.410419821739196777e-01
-8.423535823822021484e-01
-8.364877700805664062e-01
-8.376195430755615234e-01
-8.279265761375427246e-01
-8.252856731414794922e-01
-8.336541652679443359e-01
-8.310238122940063477e-01
-8.440481424331665039e-01
-8.483246564865112305e-01
-8.425639867782592773e-01
-8.480744361877441406e-01
-8.432422876358032227e-01
-8.399578332901000977e-01
-8.489863276481628418e-01
-8.524749279022216797e-01
-8.460922837257385254e-01
-8.471538424491882324e-01
-8.436266779899597168e-01
-8.475440740585327148e-01
-8.495027422904968262e-01
-8.405227661132812500e-01
-8.401639461517333984e-01
-8.482611775398254395e-01
-8.446156978607177734e-01
-8.491370081901550293e-01
-8.568688631057739258e-01
-8.526390194892883301e-01
-8.582746386528015137e-01
-8.440307378768920898e-01
-8.242618441581726074e-01
-8.874037861824035645e-01
-9.206178784370422363e-01
-9.961937069892883301e-01
-1.055097460746765137e+00
-1.087613463401794434e+00
-5.940167903900146484e-01
-3.350879251956939697e-01
-3.602266311645507812e-01
-3.870560228824615479e-01
-3.807489871978759766e-01
-2.703707516193389893e-01
-1.700250953435897827e-01
-2.343070805072784424e-01
-2.338109910488128662e-01
-2.075760662555694580e-01
-9.281863272190093994e-02
-3.918340802192687988e-02
-4.181198403239250183e-02
1.039924174547195435e-01
9.904656559228897095e-03
4.441883787512779236e-02
-4.115567728877067566e-02
-5.043134689331054688e-01
-8.517571091651916504e-01
-8.769415616989135742e-01
-8.347954154014587402e-01
-1.099805116653442383e+00
-1.050386905670166016e+00
-1.233382582664489746e+00
-1.430710196495056152e+00
-1.483625411987304688e+00
-1.456213951110839844e+00
-1.361081600189208984e+00
-1.361181259155273438e+00
-1.240323781967163086e+00
-1.264137029647827148e+00
-1.172197341918945312e+00
-9.898341894149780273e-01
-7.183954715728759766e-01
-6.365263462066650391e-01
-7.441977262496948242e-01
-6.833935379981994629e-01
-7.826711535453796387e-01
-9.312606453895568848e-01
-1.171803593635559082e+00
-1.192448019981384277e+00
-1.019207000732421875e+00
-8.387307524681091309e-01
-1.001480221748352051e+00
-1.050805687904357910e+00
-9.183940291404724121e-01
-5.842606425285339355e-01
-6.573221087455749512e-01
-5.475152134895324707e-01
-3.309969902038574219e-01
-3.947232663631439209e-01
-4.629450738430023193e-01
-4.268380999565124512e-01
-3.279667496681213379e-01
-2.091066539287567139e-01
-1.710176765918731689e-01
-2.123543322086334229e-01
-1.410889774560928345e-01
-9.402477741241455078e-02
-7.831756025552749634e-02
-1.014438644051551819e-02
-1.428394112735986710e-02
2.310753166675567627e-01
3.750798478722572327e-02
-2.066519260406494141e-01
-5.193789601325988770e-01
-6.894325613975524902e-01
-1.099154949188232422e+00
-9.993847012519836426e-01
-1.217213749885559082e+00
-1.231613993644714355e+00
-1.401980519294738770e+00
-1.446919322013854980e+00
-1.497349977493286133e+00
-1.527685284614562988e+00
-1.456748604774475098e+00
-1.465154647827148438e+00
-1.422316312789916992e+00
-1.333085894584655762e+00
-1.258365631103515625e+00
-1.083310604095458984e+00
-6.963002085685729980e-01
-7.313472032546997070e-01
-6.799572706222534180e-01
-8.703098893165588379e-01
-1.171104311943054199e+00
-1.142719507217407227e+00
-1.116332173347473145e+00
-1.006588339805603027e+00
-9.611380100250244141e-01
-8.654730319976806641e-01
-9.319221377372741699e-01
-9.352142214775085449e-01
-9.406710863113403320e-01
-7.549366950988769531e-01
-8.430036902427673340e-01
-7.357277870178222656e-01
-3.555772602558135986e-01
-1.247511357069015503e-01
-1.513013839721679688e-01
-4.569988250732421875e-01
-5.180235505104064941e-01
-3.111540973186492920e-01
-1.565357893705368042e-01
3.814712166786193848e-02
-1.985883712768554688e-01
-2.097632735967636108e-01
3.226666525006294250e-02
2.122451663017272949e-01
-1.354125589132308960e-01
-2.248210906982421875e-01
-3.439814150333404541e-01
-4.797555208206176758e-01
-8.649708032608032227e-01
-8.241297006607055664e-01
-8.978284001350402832e-01
-1.075052261352539062e+00
-1.308329701423645020e+00
-1.502224326133728027e+00
-1.506014347076416016e+00
-1.520137190818786621e+00
-1.486920595169067383e+00
-1.487667083740234375e+00
-1.416121125221252441e+00
-1.387863993644714355e+00
-1.339812994003295898e+00
-1.268782258033752441e+00
-1.102784514427185059e+00
-1.063142418861389160e+00
-1.134297013282775879e+00
-1.108690261840820312e+00
-1.004369616508483887e+00
-1.205685138702392578e+00
-1.274828076362609863e+00
-1.298437476158142090e+00
-1.242293596267700195e+00
-5.067125558853149414e-01
-5.015092492103576660e-01
-3.805208504199981689e-01
-3.458991944789886475e-01
-5.053456425666809082e-01
-5.298344492912292480e-01
-4.726393818855285645e-01
-5.231230258941650391e-01
-6.075901389122009277e-01
-4.878735542297363281e-01
-4.785569310188293457e-01
-4.726233482360839844e-01
-4.582876265048980713e-01
-5.155872106552124023e-01
-5.585435628890991211e-01
-5.480909943580627441e-01
-5.681845545768737793e-01
-5.274813771247863770e-01
-5.218914151191711426e-01
-4.720947742462158203e-01
-4.394409060478210449e-01
-4.615909457206726074e-01
-5.243499279022216797e-01
-5.578429698944091797e-01
-5.484812855720520020e-01
-5.765674114227294922e-01
-5.940536856651306152e-01
-6.192612051963806152e-01
-5.933138132095336914e-01
-5.835505723953247070e-01
-5.841008424758911133e-01
-5.118721127510070801e-01
-5.212377309799194336e-01
-5.116022825241088867e-01
-4.703704416751861572e-01
-4.730382263660430908e-01
-4.740984737873077393e-01
-4.775134027004241943e-01
-4.915947914123535156e-01
-5.524429678916931152e-01
-5.523245930671691895e-01
-5.697999000549316406e-01
-5.894106626510620117e-01
-5.992820858955383301e-01
-5.953891277313232422e-01
-5.783108472824096680e-01
-5.773907303810119629e-01
-5.702441334724426270e-01
-5.322148799896240234e-01
-5.213802456855773926e-01
-5.277803540229797363e-01
-5.038733482360839844e-01
-4.966813325881958008e-01
-4.955139756202697754e-01
-5.036418437957763672e-01
-5.109350085258483887e-01
-5.119456052780151367e-01
-5.292968750000000000e-01
-5.770016908645629883e-01
-5.820206403732299805e-01
-5.908761024475097656e-01
-5.930762887001037598e-01
-5.694425702095031738e-01
-5.670915842056274414e-01
-5.586370825767517090e-01
-5.093539357185363770e-01
-5.165526270866394043e-01
-4.991822838783264160e-01
-4.903444349765777588e-01
-5.181126594543457031e-01
-5.222660303115844727e-01
-5.389305949211120605e-01
-5.378587245941162109e-01
-5.721638798713684082e-01
-5.639064908027648926e-01
-5.688183307647705078e-01
-5.646241903305053711e-01
-5.422791838645935059e-01
-5.395744442939758301e-01
-5.455231070518493652e-01
-5.270474553108215332e-01
-5.215181708335876465e-01
-5.095415115356445312e-01
-5.169510245323181152e-01
-5.300225615501403809e-01
-5.288192629814147949e-01
-5.265092253684997559e-01
-5.591044425964355469e-01
-5.658375620841979980e-01
-5.574243068695068359e-01
-5.656989216804504395e-01
-5.670745968818664551e-01
-5.717973113059997559e-01
-5.357190966606140137e-01
-5.293245315551757812e-01
-5.267953872680664062e-01
-5.228284597396850586e-01
-5.233639478683471680e-01
-5.121142864227294922e-01
-5.336765050888061523e-01
-5.361346006393432617e-01
-5.346579551696777344e-01
-5.504058599472045898e-01
-5.511076450347900391e-01
-5.480709075927734375e-01
-5.619786381721496582e-01
-5.592393875122070312e-01
-5.601148009300231934e-01
-5.519685745239257812e-01
-5.452886819839477539e-01
-5.421685576438903809e-01
-5.350214838981628418e-01
-5.382921099662780762e-01
-5.324118733406066895e-01
-5.368031263351440430e-01
-5.366598963737487793e-01
-5.311796665191650391e-01
-5.432575345039367676e-01
-5.527705550193786621e-01
-5.491991639137268066e-01
-5.609510540962219238e-01
-5.565173625946044922e-01
-5.488374233245849609e-01
-5.473555922508239746e-01
-5.460016131401062012e-01
-5.478753447532653809e-01
-5.361448526382446289e-01
-5.280773043632507324e-01
-5.333114266395568848e-01
-5.341252088546752930e-01
-5.503411889076232910e-01
-5.564965009689331055e-01
-5.507401227951049805e-01
-5.558758378028869629e-01
-5.533057451248168945e-01
-5.543101429939270020e-01
-5.520889759063720703e-01
-5.599691867828369141e-01
-5.514323711395263672e-01
-5.469129681587219238e-01
-5.388885736465454102e-01
-5.377712249755859375e-01
-5.343739986419677734e-01
-5.366579890251159668e-01
-5.533066391944885254e-01
-5.380364060401916504e-01
-5.544070601463317871e-01
-5.508231520652770996e-01
-5.571555495262145996e-01
-5.523716211318969727e-01
-5.618069767951965332e-01
-5.561301708221435547e-01
-5.530808568000793457e-01
-5.521053671836853027e-01
-5.527897477149963379e-01
-5.486404299736022949e-01
-5.433208346366882324e-01
-5.369753241539001465e-01
-5.422871708869934082e-01
-5.432459115982055664e-01
-5.472683310508728027e-01
-5.528985261917114258e-01
-5.512251853942871094e-01
-5.576437711715698242e-01
-5.545521974563598633e-01
-5.588620305061340332e-01
-5.480284690856933594e-01
-5.492147803306579590e-01
-5.501092076301574707e-01
-5.482533574104309082e-01
-5.411872863769531250e-01
-5.506027340888977051e-01
-5.440827608108520508e-01
-5.487288832664489746e-01
-5.598275661468505859e-01
-5.462552905082702637e-01
-5.627464652061462402e-01
-5.679589509963989258e-01
-5.508498549461364746e-01
-5.454018712043762207e-01
-5.515220761299133301e-01
-5.544322133064270020e-01
-5.430779457092285156e-01
-5.605075955390930176e-01
-5.385038852691650391e-01
-5.408161282539367676e-01
-5.468869805335998535e-01
-5.437856912612915039e-01
-5.517286062240600586e-01
-5.466651320457458496e-01
-5.521348714828491211e-01
-5.595881342887878418e-01
-5.629039406776428223e-01
-5.492113232612609863e-01
-5.593333244323730469e-01
-5.496357679367065430e-01
-5.558610558509826660e-01
-5.492446422576904297e-01
-5.509406924247741699e-01
-5.493112802505493164e-01
-5.492058992385864258e-01
-5.443156957626342773e-01
-5.411102771759033203e-01
-5.494735240936279297e-01
-5.474476814270019531e-01
-5.563849210739135742e-01
-5.573591589927673340e-01
-5.543295145034790039e-01
-5.565906167030334473e-01
-5.504391789436340332e-01
-5.519949793815612793e-01
-5.502027869224548340e-01
-5.500833988189697266e-01
-5.551997423171997070e-01
-5.472087860107421875e-01
-5.550993084907531738e-01
-5.448924899101257324e-01
-5.528222322463989258e-01
-5.579737424850463867e-01
-5.408284068107604980e-01
-5.459985733032226562e-01
-5.532526969909667969e-01
-5.757001638412475586e-01
-5.274862051010131836e-01
-4.838329255580902100e-01
-6.761464476585388184e-01
-9.693679809570312500e-01
-8.977425694465637207e-01
-8.763130307197570801e-01
-6.855945587158203125e-01
-2.994594573974609375e-01
-1.388919353485107422e-01
1.611697115004062653e-02
4.273035749793052673e-02
5.782310292124748230e-02
1.777457445859909058e-02
-7.939229905605316162e-02
-1.301450375467538834e-02
-1.352566331624984741e-01
-1.482477635145187378e-01
-1.094124764204025269e-01
-4.600141569972038269e-02
3.986885398626327515e-02
1.477810740470886230e-02
3.881569253280758858e-03
1.550266295671463013e-01
7.200503349304199219e-02
2.485761791467666626e-02
-1.300019025802612305e-01
-1.889861673116683960e-01
-1.137404441833496094e-01
-5.942594408988952637e-01
-9.492831230163574219e-01
-1.266123652458190918e+00
-1.339482307434082031e+00
-1.473454356193542480e+00
-1.518303275108337402e+00
-1.528079271316528320e+00
-1.530856251716613770e+00
-1.520661473274230957e+00
-1.497796654701232910e+00
-1.473535776138305664e+00
-1.434345722198486328e+00
-1.384429097175598145e+00
-1.130078315734863281e+00
-1.059607744216918945e+00
-9.958354234695434570e-01
-1.029128670692443848e+00
-9.753467440605163574e-01
-1.057532548904418945e+00
-1.252232551574707031e+00
-1.235905170440673828e+00
-1.216606497764587402e+00
-1.172688126564025879e+00
-1.165805578231811523e+00
-1.088373064994812012e+00
-6.664132475852966309e-01
-7.337461709976196289e-01
-6.754086017608642578e-01
-6.195778846740722656e-01
-5.878638625144958496e-01
-5.866461992263793945e-01
-5.514031648635864258e-01
-5.990796685218811035e-01
-6.711125969886779785e-01
-9.388357996940612793e-01
-9.679123163223266602e-01
-9.787242412567138672e-01
-1.039760470390319824e+00
-1.103264808654785156e+00
-1.200154900550842285e+00
-1.166740655899047852e+00
-1.147977948188781738e+00
-1.162646889686584473e+00
-1.031813383102416992e+00
-9.833354353904724121e-01
-9.684660434722900391e-01
-9.565201997756958008e-01
-8.344570398330688477e-01
-8.383133411407470703e-01
-8.183717727661132812e-01
-8.073471188545227051e-01
-8.189032673835754395e-01
-9.308767318725585938e-01
-9.710099697113037109e-01
-9.871336221694946289e-01
-1.014385223388671875e+00
-1.038926362991333008e+00
-1.084946513175964355e+00
-1.092347979545593262e+00
-1.088696599006652832e+00
-1.099308133125305176e+00
-1.088858366012573242e+00
-9.897155165672302246e-01
-9.588140845298767090e-01
-9.429573416709899902e-01
-9.297309517860412598e-01
-9.232366085052490234e-01
-9.719991683959960938e-01
-9.849457740783691406e-01
-9.968183636665344238e-01
-1.013170242309570312e+00
-1.036486625671386719e+00
-1.041190028190612793e+00
-1.019691824913024902e+00
-1.022768497467041016e+00
-1.031395554542541504e+00
-1.027530193328857422e+00
-1.025240302085876465e+00
-1.013343691825866699e+00
-1.001228332519531250e+00
-9.876536726951599121e-01
-9.808754920959472656e-01
-9.787862896919250488e-01
-9.806306958198547363e-01
-9.726188778877258301e-01
-1.018375515937805176e+00
-1.032221913337707520e+00
-1.043085455894470215e+00
-1.050696253776550293e+00
-1.063946247100830078e+00
-1.055874586105346680e+00
-1.033790826797485352e+00
-1.027361631393432617e+00
-1.011988759040832520e+00
-9.789577126502990723e-01
-9.708119034767150879e-01
-9.821218848228454590e-01
-9.759311079978942871e-01
-9.804895520210266113e-01
-9.891027212142944336e-01
-1.000567317008972168e+00
-1.006968259811401367e+00
-1.028830647468566895e+00
-1.034532904624938965e+00
-1.027385950088500977e+00
-1.027961015701293945e+00
-1.029596090316772461e+00
-1.019652009010314941e+00
-1.005010366439819336e+00
-9.998921751976013184e-01
-9.889591336250305176e-01
-9.859783053398132324e-01
-9.848618507385253906e-01
-9.940898418426513672e-01
-9.909952282905578613e-01
-9.934659004211425781e-01
-1.001776814460754395e+00
-1.006749033927917480e+00
-1.014819264411926270e+00
-1.017503976821899414e+00
-1.011553287506103516e+00
-1.010717391967773438e+00
-1.011253476142883301e+00
-9.982477426528930664e-01
-9.967289566993713379e-01
-1.002538919448852539e+00
-1.000864982604980469e+00
-1.004285216331481934e+00
-1.010643720626831055e+00
-1.012777447700500488e+00
-1.018521904945373535e+00
-1.017007589340209961e+00
-1.015590071678161621e+00
-1.007709264755249023e+00
-1.004797458648681641e+00
-1.004637598991394043e+00
-9.974962472915649414e-01
-9.925744533538818359e-01
-9.890851378440856934e-01
-9.934432506561279297e-01
-9.926430583000183105e-01
-1.005810022354125977e+00
-1.004599690437316895e+00
-1.006331562995910645e+00
-1.011121749877929688e+00
-1.022807002067565918e+00
-1.018926739692687988e+00
-1.017246484756469727e+00
-1.016494631767272949e+00
-1.007037281990051270e+00
-1.003722667694091797e+00
-1.004266142845153809e+00
-9.987550377845764160e-01
-9.961627125740051270e-01
-9.970113039016723633e-01
-9.984494447708129883e-01
-9.973495602607727051e-01
-1.006006240844726562e+00
-1.006034374237060547e+00
-1.009413480758666992e+00
-1.007467031478881836e+00
-1.008368730545043945e+00
-1.003608345985412598e+00
-1.003037810325622559e+00
-1.000956296920776367e+00
-1.004623532295227051e+00
-1.000363230705261230e+00
-1.008829116821289062e+00
-1.006531357765197754e+00
-1.010743141174316406e+00
-1.009425282478332520e+00
-1.010439157485961914e+00
-1.011651635169982910e+00
-1.014429211616516113e+00
-1.009610056877136230e+00
-1.009695172309875488e+00
-1.008491396903991699e+00
-1.001358985900878906e+00
-1.002139687538146973e+00
-9.961639642715454102e-01
-9.994286894798278809e-01
-1.003422856330871582e+00
-1.006107807159423828e+00
-1.008592367172241211e+00
-1.012757420539855957e+00
-1.013258934020996094e+00
-1.015462040901184082e+00
-1.009327650070190430e+00
-1.007697463035583496e+00
-1.004857420921325684e+00
-1.005873918533325195e+00
-1.005810141563415527e+00
-9.993845820426940918e-01
-1.001420736312866211e+00
-1.004981040954589844e+00
-1.004512667655944824e+00
-1.008292078971862793e+00
-1.004687070846557617e+00
-1.002594470977783203e+00
-1.003965377807617188e+00
-1.009508609771728516e+00
-1.009634256362915039e+00
-1.007377147674560547e+00
-1.003500938415527344e+00
-1.005794525146484375e+00
-1.007847428321838379e+00
-1.007065653800964355e+00
-1.007958173751831055e+00
-1.011627793312072754e+00
-1.004386305809020996e+00
-1.006848692893981934e+00
-1.006749033927917480e+00
-1.007034778594970703e+00
-1.005550026893615723e+00
-1.004975676536560059e+00
-1.002445816993713379e+00
-1.000344514846801758e+00
-9.886793494224548340e-01
-9.923735857009887695e-01
-9.512572884559631348e-01
-9.629657864570617676e-01
-9.902754426002502441e-01
-1.060941696166992188e+00
-1.191801786422729492e+00
-1.180842638015747070e+00
-1.146877169609069824e+00
-1.130656361579895020e+00
-1.116716384887695312e+00
-1.034101843833923340e+00
-8.490316867828369141e-01
-5.937290191650390625e-01
-3.893086314201354980e-01
-3.927782475948333740e-01
-4.928563833236694336e-01
8.522471040487289429e-02
1.927372999489307404e-02
-2.756733819842338562e-02
1.542718559503555298e-01
-3.096308745443820953e-02
1.377505064010620117e-01
-4.986662790179252625e-02
-4.833060503005981445e-01
-3.916240632534027100e-01
-6.058958768844604492e-01
-8.237393498420715332e-01
-9.078689217567443848e-01
-9.916784763336181641e-01
-1.426655173301696777e+00
-1.489961981773376465e+00
-1.527445673942565918e+00
-1.546218156814575195e+00
-1.517697930335998535e+00
-1.438296437263488770e+00
-1.414045929908752441e+00
-1.351316213607788086e+00
-1.315492749214172363e+00
-1.134189367294311523e+00
-9.848695993423461914e-01
-9.475874900817871094e-01
-9.571857452392578125e-01
-9.857205152511596680e-01
-1.149567484855651855e+00
-1.241847038269042969e+00
-1.257839560508728027e+00
-1.236754417419433594e+00
-1.287237524986267090e+00
-1.147314548492431641e+00
-1.199042439460754395e+00
-1.061496973037719727e+00
-1.007690191268920898e+00
-9.241834878921508789e-01
-9.878144264221191406e-01
-8.062576055526733398e-01
-4.119952023029327393e-01
-3.130969405174255371e-01
-3.585795164108276367e-01
-2.512748241424560547e-01
-1.978330314159393311e-01
-3.118266463279724121e-01
-2.633466124534606934e-01
-2.195157408714294434e-01
-1.219348832964897156e-01
-1.105242073535919189e-01
-1.505595594644546509e-01
-1.807852275669574738e-02
1.110599283128976822e-02
-5.225376412272453308e-02
-3.128825128078460693e-02
3.292042389512062073e-02
-4.258649051189422607e-02
-1.173480823636054993e-01
-4.759851396083831787e-01
-4.735602736473083496e-01
-7.591243386268615723e-01
-1.130627036094665527e+00
-1.293870925903320312e+00
-1.255177259445190430e+00
-1.289516091346740723e+00
-1.238268494606018066e+00
-1.072460889816284180e+00
-1.051242589950561523e+00
-1.036797404289245605e+00
-1.033833146095275879e+00
-1.017455577850341797e+00
-1.016101360321044922e+00
-1.015388727188110352e+00
-1.025750994682312012e+00
-1.041795730590820312e+00
-1.071030497550964355e+00
-1.100239396095275879e+00
-1.128141403198242188e+00
-1.150622963905334473e+00
-1.140998721122741699e+00
-1.150288343429565430e+00
-1.136842131614685059e+00
-1.068205237388610840e+00
-1.042474865913391113e+00
-1.014658331871032715e+00
-1.004248619079589844e+00
-9.768525362014770508e-01
-9.769411087036132812e-01
-9.910285472869873047e-01
-1.015582203865051270e+00
-1.086217045783996582e+00
-1.100154042243957520e+00
-1.126374959945678711e+00
-1.131805539131164551e+00
-1.139775514602661133e+00
-1.132593750953674316e+00
-1.109678626060485840e+00
-1.098101973533630371e+00
-1.020543813705444336e+00
-1.006252169609069824e+00
-1.005966663360595703e+00
-1.005151391029357910e+00
-1.018721699714660645e+00
-1.056238770484924316e+00
-1.076723575592041016e+00
-1.089084386825561523e+00
-1.100814104080200195e+00
-1.122923493385314941e+00
-1.122708797454833984e+00
-1.112978696823120117e+00
-1.104656815528869629e+00
-1.091406345367431641e+00
-1.036865472793579102e+00
-1.032598733901977539e+00
-1.017560124397277832e+00
-1.017558217048645020e+00
-1.055293321609497070e+00
-1.066451072692871094e+00
-1.077837705612182617e+00
-1.092983365058898926e+00
-1.113110780715942383e+00
-1.111148834228515625e+00
-1.108417272567749023e+00
-1.107820868492126465e+00
-1.061383247375488281e+00
-1.052984476089477539e+00
-1.051739811897277832e+00
-1.040330171585083008e+00
-1.032742023468017578e+00
-1.051879763603210449e+00
-1.061931252479553223e+00
-1.071045160293579102e+00
-1.080658316612243652e+00
-1.090227484703063965e+00
-1.093528509140014648e+00
-1.102327704429626465e+00
-1.090103268623352051e+00
-1.082116842269897461e+00
-1.080893874168395996e+00
-1.062894344329833984e+00
-1.053699016571044922e+00
-1.049152851104736328e+00
-1.050259351730346680e+00
-1.063295245170593262e+00
-1.070528626441955566e+00
-1.070390105247497559e+00
-1.079404592514038086e+00
-1.083120107650756836e+00
-1.089873313903808594e+00
-1.084464311599731445e+00
-1.080357074737548828e+00
-1.077996253967285156e+00
-1.056183576583862305e+00
-1.050187587738037109e+00
-1.052910447120666504e+00
-1.059979915618896484e+00
-1.067262887954711914e+00
-1.071722388267517090e+00
-1.074262261390686035e+00
-1.081696391105651855e+00
-1.082669138908386230e+00
-1.084220886230468750e+00
-1.080106735229492188e+00
-1.073634982109069824e+00
-1.069313883781433105e+00
-1.062021017074584961e+00
-1.059588432312011719e+00
-1.059419393539428711e+00
-1.058358430862426758e+00
-1.071246027946472168e+00
-1.080138921737670898e+00
-1.076701760292053223e+00
-1.075867176055908203e+00
-1.076817274093627930e+00
-1.087599635124206543e+00
-1.071970701217651367e+00
-1.068772077560424805e+00
-1.073004007339477539e+00
-1.066555500030517578e+00
-1.066674828529357910e+00
-1.064693570137023926e+00
-1.068180680274963379e+00
-1.068977117538452148e+00
-1.074540257453918457e+00
-1.078132390975952148e+00
-1.078381180763244629e+00
-1.077446818351745605e+00
-1.076117157936096191e+00
-1.076323628425598145e+00
-1.073201894760131836e+00
-1.062208771705627441e+00
-1.066096305847167969e+00
-1.066092014312744141e+00
-1.071583986282348633e+00
-1.064061045646667480e+00
-1.068189740180969238e+00
-1.076230883598327637e+00
-1.082798600196838379e+00
-1.074974656105041504e+00
-1.074313402175903320e+00
-1.070812344551086426e+00
-1.080103039741516113e+00
-1.081303477287292480e+00
-1.083259344100952148e+00
-1.147088646888732910e+00
-1.002619028091430664e+00
-9.502547383308410645e-01
-9.546847939491271973e-01
-8.427796363830566406e-01
-7.554211616516113281e-01
-8.047360777854919434e-01
-9.745692610740661621e-01
-1.131131768226623535e+00
-1.466313362121582031e+00
-1.464985728263854980e+00
-1.425032854080200195e+00
-1.356485486030578613e+00
-1.370960354804992676e+00
-1.269532561302185059e+00
-1.042906761169433594e+00
-8.660781979560852051e-01
-7.796046733856201172e-01
-7.800768613815307617e-01
-7.798696756362915039e-01
-7.277966141700744629e-01
-9.132494330406188965e-01
-1.122811675071716309e+00
-1.088729977607727051e+00
-1.098963141441345215e+00
-9.973476529121398926e-01
-1.007305741310119629e+00
-1.080350518226623535e+00
-1.011484861373901367e+00
-1.117907524108886719e+00
-7.925955057144165039e-01
-7.643449306488037109e-01
-8.153008818626403809e-01
-7.474824190139770508e-01
-6.279001832008361816e-01
-5.351908206939697266e-01
-3.977211117744445801e-01
-2.485443800687789917e-01
-1.750127226114273071e-01
-2.935226261615753174e-01
-4.052429199218750000e-01
-5.450859069824218750e-01
-5.217474102973937988e-01
-3.733198344707489014e-01
-1.282584667205810547e+00
-1.346984386444091797e+00
-1.377908587455749512e+00
-1.216855406761169434e+00
-1.255097985267639160e+00
-1.332372307777404785e+00
-1.367359042167663574e+00
-1.325025081634521484e+00
-1.338076114654541016e+00
-1.339443325996398926e+00
-1.396661877632141113e+00
-1.351766586303710938e+00
-1.385381102561950684e+00
-1.319387793540954590e+00
-1.185571670532226562e+00
-1.125441193580627441e+00
-1.010091543197631836e+00
-9.689757227897644043e-01
-8.364476561546325684e-01
-3.481985330581665039e-01
-3.101736903190612793e-01
7.342068012803792953e-03
-2.001569867134094238e-01
-2.187470942735671997e-01
-4.834791421890258789e-01
5.667835101485252380e-02
2.602713704109191895e-01
2.058478593826293945e-01
1.494020074605941772e-01
-2.423341572284698486e-01
-6.807855367660522461e-01
-5.831288695335388184e-01
-1.514961849898099899e-02
-1.007941961288452148e+00
-8.374953866004943848e-01
-6.620913147926330566e-01
-9.317724704742431641e-01
-4.965532720088958740e-01
-7.439219355583190918e-01
5.190469324588775635e-02
3.310157060623168945e-01
-1.278354506939649582e-02
-2.651979625225067139e-01
-4.581252038478851318e-01
-3.314287364482879639e-01
-4.841516911983489990e-01
-5.987409353256225586e-01
-7.972319722175598145e-01
-6.422240138053894043e-01
-9.543349742889404297e-01
-8.531167507171630859e-01
-8.444928526878356934e-01
-8.363692760467529297e-01
-7.893658280372619629e-01
-6.708054542541503906e-01
-7.127940058708190918e-01
-7.472916841506958008e-01
-7.297138571739196777e-01
-6.726332306861877441e-01
-6.291865110397338867e-01
-6.101527810096740723e-01
-5.646818280220031738e-01
-6.056928038597106934e-01
-5.800224542617797852e-01
-5.630307197570800781e-01
-5.735569596290588379e-01
-6.616232395172119141e-01
-7.283238172531127930e-01
-7.394201159477233887e-01
-7.763947248458862305e-01
-8.042859435081481934e-01
-7.508387565612792969e-01
-7.761412262916564941e-01
-7.850727438926696777e-01
-7.680090665817260742e-01
-7.398806810379028320e-01
-7.321500182151794434e-01
-7.276535630226135254e-01
-7.181333899497985840e-01
-6.933975219726562500e-01
-7.192981839179992676e-01
-7.268978953361511230e-01
-7.218178510665893555e-01
-7.615958452224731445e-01
-7.488814592361450195e-01
-7.570912837982177734e-01
-7.873575091361999512e-01
-7.825165987014770508e-01
-7.675974369049072266e-01
-7.704901695251464844e-01
-7.643617987632751465e-01
-7.634635567665100098e-01
-7.647274136543273926e-01
-7.709275484085083008e-01
-7.736335992813110352e-01
-7.762768268585205078e-01
-7.758659720420837402e-01
-7.297642230987548828e-01
-7.235473990440368652e-01
-7.276624441146850586e-01
-7.424519062042236328e-01
-7.602400779724121094e-01
-7.620153427124023438e-01
-7.658004760742187500e-01
-7.552536725997924805e-01
-7.517772316932678223e-01
-7.500855922698974609e-01
-7.731640338897705078e-01
-7.898664474487304688e-01
-7.922115325927734375e-01
-8.035998940467834473e-01
-7.896881699562072754e-01
-7.667671442031860352e-01
-7.677985429763793945e-01
-7.666369080543518066e-01
-7.640275955200195312e-01
-7.753259539604187012e-01
-7.699422240257263184e-01
-7.818155288696289062e-01
-7.817177772521972656e-01
-7.729995250701904297e-01
-7.722706794738769531e-01
-7.561283707618713379e-01
-7.651499509811401367e-01
-7.697583436965942383e-01
-7.793626189231872559e-01
-7.875659465789794922e-01
-7.932688593864440918e-01
-7.699081897735595703e-01
-7.550454735755920410e-01
-7.895424962043762207e-01
-8.209304213523864746e-01
-7.988329529762268066e-01
-7.616937160491943359e-01
-7.833884954452514648e-01
-7.760782837867736816e-01
-7.735609412193298340e-01
-7.689372897148132324e-01
-7.729276418685913086e-01
-7.721478939056396484e-01
-7.859296202659606934e-01
-7.947568297386169434e-01
-8.161571025848388672e-01
-8.265873789787292480e-01
-8.259175419807434082e-01
-8.041646480560302734e-01
-7.880024909973144531e-01
-7.847072482109069824e-01
-8.064183592796325684e-01
-8.189605474472045898e-01
-8.386332988739013672e-01
-8.431898951530456543e-01
-8.057717084884643555e-01
-7.903696298599243164e-01
-7.707349658012390137e-01
-7.881515026092529297e-01
-8.091077208518981934e-01
-8.074749708175659180e-01
-8.098160028457641602e-01
-8.025510311126708984e-01
-7.839881777763366699e-01
-7.770127654075622559e-01
-7.813496589660644531e-01
-7.941982746124267578e-01
-8.070986866950988770e-01
-8.255299329757690430e-01
-8.302240371704101562e-01
-8.353640437126159668e-01
-8.085220456123352051e-01
-8.103723526000976562e-01
-8.194921016693115234e-01
-8.199034929275512695e-01
-8.450902700424194336e-01
-8.417601585388183594e-01
-8.231015205383300781e-01
-8.122569918632507324e-01
-8.081608414649963379e-01
-8.027833700180053711e-01
-8.175902366638183594e-01
-8.025486469268798828e-01
-8.149501085281372070e-01
-8.064678311347961426e-01
-8.086863756179809570e-01
-7.984326481819152832e-01
-7.994661927223205566e-01
-8.006961345672607422e-01
-8.137570619583129883e-01
-8.085311651229858398e-01
-8.179452419281005859e-01
-8.071089386940002441e-01
-8.106765151023864746e-01
-7.991337180137634277e-01
-7.951766252517700195e-01
-7.982696890830993652e-01
-8.042215108871459961e-01
-7.964262366294860840e-01
-8.038589358329772949e-01
-8.040665388107299805e-01
-7.966165542602539062e-01
-7.874861955642700195e-01
-7.973175048828125000e-01
-8.005339503288269043e-01
-7.984105348587036133e-01
-7.965221405029296875e-01
-7.953712940216064453e-01
-7.888047099113464355e-01
-7.900373339653015137e-01
-7.827417850494384766e-01
-7.847319841384887695e-01
-7.814277410507202148e-01
-7.826938033103942871e-01
-7.834041118621826172e-01
-7.837103605270385742e-01
