6.6007
6.6318
6.5949
6.617
6.5806
6.5796
6.5999
6.5943
6.5835
6.5838
6.6029
6.5829
6.5817
6.6026
6.6108
6.6007
6.5808
6.5744
6.604
6.6227
6.6149
6.6122
6.5878
6.5948
6.6118
6.6319
6.5974
6.5969
6.6351
6.6123
6.6324
6.6437
6.6328
6.6234
6.6064
6.5891
6.6361
6.6349
6.631
6.5854
6.6132
6.6119
6.6304
6.585
6.5928
6.6125
6.5923
6.574
6.5685
6.6054
6.6119
6.5973
6.5722
6.5793
6.5955
6.6158
6.6106
6.5761
6.6042
6.629
6.6242
6.6241
6.6231
6.6091
6.6405
6.598
6.6216
6.6017
6.6077
6.6152
6.6169
6.6111
6.6222
6.6223
6.6246
6.6125
6.6407
6.6098
6.6158
6.6076
6.6143
6.6277
6.6163
6.6212
6.6135
6.5951
6.5832
6.5837
6.6071
6.6347
6.6277
6.6111
6.6008
6.6317
6.6319
6.6127
6.6005
6.6369
6.6093
6.5871
6.599
6.6125
6.5936
6.6219
6.6213
6.6062
6.624
6.6162
6.5999
6.6029
6.6164
6.6184
6.644
6.6313
6.6164
6.6258
6.6211
6.6544
6.6357
6.6188
6.6014
6.5974
6.6307
6.641
6.6108
6.5917
6.6124
6.6081
6.6085
6.5948
6.5904
6.6208
6.6173
6.6223
6.6209
6.6293
6.6065
6.5761
6.6054
6.6131
6.6238
6.6012
6.5938
6.6231
6.6274
6.624
6.6275
6.6108
6.5945
6.6143
6.623
6.6132
6.5928
6.63
6.6244
6.6332
6.6596
6.6237
6.6006
6.6141
6.6072
6.6241
6.6188
6.611
6.6105
6.6026
6.5872
6.625
6.624
6.6041
6.5865
6.6222
6.6156
6.6378
6.6253
6.6053
6.6107
6.6039
6.6243
6.6222
6.6067
6.5882
6.599
6.6024
6.6385
6.5857
6.5973
6.5776
6.6063
6.6181
6.6241
6.6081
6.574
6.5826
6.5961
6.6217
6.6397
6.6157
6.6011
6.5997
6.6118
6.6199
6.6024
6.6156
6.5889
6.6065
6.6137
6.6148
6.6138
6.6234
6.6085
6.6098
6.6101
6.6404
6.6239
6.6149
6.5918
6.5976
6.6384
6.6549
6.6216
6.6266
6.5908
6.6104
6.6405
6.6141
6.6069
6.6199
6.611
6.6263
6.6415
6.6303
6.6252
6.6111
6.6307
6.6001
6.6239
6.6314
6.6398
6.6058
6.6048
6.6238
6.6246
6.6179
6.6221
6.5987
6.6013
6.6139
6.6265
6.6106
6.601
6.6012
6.5762
6.6028
6.606
6.6085
6.5914
6.6195
6.6292
6.631
6.6144
6.6125
6.6169
6.6228
6.6511
6.6531
6.6227
6.6165
6.6457
6.6538
6.6371
6.6327
6.6239
6.6311
6.6323
6.6138
6.6443
6.6261
6.6132
6.6261
6.6222
6.6268
6.6278
6.6301
6.609
6.6313
6.6419
6.6274
6.6112
6.6068
6.6112
6.5979
6.6032
6.6097
6.6219
6.5958
6.6009
6.6095
6.6212
6.6165
6.6273
6.6479
6.6089
6.624
6.6215
6.6118
6.6302
6.6509
6.6151
6.5989
6.5956
6.6182
6.6374
6.6284
6.6363
6.6142
6.5967
6.6023
6.5978
6.6187
6.6385
6.6197
6.6343
6.6054
6.597
6.5791
6.5744
6.6071
6.6187
6.6033
6.6105
6.5992
6.5963
6.6201
6.6163
6.6131
6.5862
6.6257
6.6153
6.6326
6.6352
6.6052
6.6149
6.6269
6.6389
6.6473
6.6241
6.5945
6.6165
6.6158
6.6328
6.6152
6.6075
6.6133
6.6276
6.5991
6.6131
6.6291
6.6284
6.6198
6.6262
6.6094
6.611
6.6407
6.619
6.6219
6.6111
6.6037
6.6222
6.634
6.623
6.605
6.6124
6.6287
6.6311
6.5971
6.62
6.6448
6.6441
6.6433
6.6262
6.6262
6.62
6.6371
6.6344
6.6508
6.6181
6.6233
6.6315
6.6346
6.6431
6.6456
6.6577
6.6523
6.6369
6.6194
6.6227
6.6159
6.6332
6.6537
6.6416
6.6099
6.6143
6.6029
6.6193
6.6468
6.6157
6.615
6.5977
6.6277
6.6398
6.6553
6.6228
6.6079
6.6194
6.6183
6.6334
6.6373
6.6417
6.6176
6.6114
6.6299
6.6128
6.6066
6.6236
6.6107
6.6541
6.6183
6.6042
6.6612
6.6399
6.6258
6.6239
6.6201
6.6369
6.63
6.6143
6.6236
6.6176
6.604
6.6432
6.6384
6.6065
6.621
6.6226
6.6014
6.6211
6.6316
6.6183
6.5986
6.6218
6.608
6.6046
6.6299
6.6335
6.6221
6.6202
6.6171
6.6426
6.6724
6.6328
6.6144
6.6244
6.6035
6.6049
6.6503
6.6338
6.6115
6.6324
6.6464
6.6166
6.6074
6.6063
6.6207
6.6203
6.6345
6.6369
6.6398
6.6189
6.6316
6.63
6.6008
6.6276
6.6495
6.6373
6.6303
6.6099
6.6325
6.6205
6.6396
6.623
6.6195
6.603
6.6229
6.6606
6.6356
6.6213
6.6453
6.6422
6.6401
6.6202
6.6441
6.6318
6.6427
6.6438
6.6437
6.6196
6.62
6.625
6.618
6.647
6.6175
6.643
6.6232
6.5978
6.6151
6.6301
6.6371
6.6377
6.6037
6.6154
6.6357
6.623
6.62
6.6249
6.61
6.6253
6.6328
6.6271
6.6436
6.6338
6.6163
6.6088
6.6039
6.6216
6.635
6.6248
6.6394
6.615
6.6178
6.6251
6.6374
6.6296
6.6138
6.6604
6.638
6.6199
6.6302
6.6209
6.6265
6.6449
6.6369
6.6352
6.64
6.6358
6.6169
6.6331
6.6512
6.6035
6.6219
6.6256
6.6568
6.6523
6.6171
6.6417
6.6358
6.5965
6.6177
6.5835
6.6009
6.624
6.6264
6.6375
6.6278
6.6376
6.5958
6.6188
6.5982
6.6036
6.6256
6.5866
6.5752
6.5768
6.6223
6.5811
6.6163
6.6363
6.6143
6.6177
6.5971
6.603
6.6321
6.6509
6.6288
6.6504
6.6663
6.6402
6.6364
6.6698
6.6558
6.6551
6.6552
6.6394
6.6545
6.6505
6.6062
6.5948
6.609
6.6307
6.6133
6.6214
6.6402
6.6323
6.6367
6.6516
6.609
6.6128
6.6282
6.6428
6.6474
6.6259
6.5994
6.6037
6.6111
6.6223
6.6502
6.6241
6.6124
6.6042
6.6261
6.6237
6.6184
6.6298
6.6474
6.6028
6.6413
6.6566
6.6251
6.6335
6.6361
6.6366
6.6193
6.615
6.6419
6.6365
6.6417
6.6094
6.6081
6.6552
6.6421
6.646
6.623
6.6415
6.6282
6.6517
6.6389
6.6585
6.6236
6.6205
6.6252
6.6326
6.6502
6.6401
6.6307
6.6474
6.6426
6.66
6.6597
6.661
6.6338
6.6204
6.6334
6.6212
6.6127
6.6508
6.6393
6.6282
6.6254
6.6351
6.6285
6.6445
6.6525
6.6553
6.6468
6.6423
6.638
6.6395
6.6369
6.664
6.6384
6.6127
6.6282
6.6494
6.656
6.6536
6.6496
6.6325
6.6253
6.659
6.6526
6.6514
6.6346
6.6444
6.6355
6.6481
6.6423
6.6436
6.6472
6.6282
6.6445
6.6369
6.6452
6.6412
6.6344
6.6017
6.6041
6.6091
6.6392
6.6319
6.6258
6.6112
6.6341
6.6374
6.6502
6.6436
6.6309
6.6105
6.6131
6.6491
6.6533
6.6232
6.6116
6.6258
6.6455
6.6416
6.6433
6.6042
6.6264
6.6398
6.6475
6.6209
6.6624
6.6468
6.6229
6.6523
6.6488
6.6611
6.6309
6.6257
6.6147
6.6464
6.6643
6.6289
6.6306
6.6211
6.6377
6.6415
6.6381
6.6387
6.6282
6.6189
6.6062
6.6199
6.6251
6.6277
6.6353
6.6342
6.6284
6.6426
6.6315
6.6302
6.6179
6.6277
6.6451
6.6193
6.6308
6.6583
6.6397
6.6142
6.6293
6.6529
6.633
6.6394
6.6416
6.6401
6.64
6.6352
6.6276
6.6248
6.6405
6.6394
6.6265
6.6333
6.6085
6.6178
6.6194
6.626
6.6004
6.6122
6.6101
6.6075
6.6123
6.6064
6.6205
6.6358
6.6317
6.6127
6.6142
6.6231
6.6116
6.6186
6.5607
6.5355
6.5695
6.5199
6.3701
6.3528
6.3309
6.3123
6.2763
6.2833
6.321
6.3351
6.516
6.5667
6.6277
6.7103
6.853
6.9012
6.9107
6.9031
6.8809
6.8784
6.86
6.8249
6.6291
6.5865
6.5515
6.5056
6.4831
6.4718
6.4593
6.4245
6.5178
6.5441
6.6686
6.6592
6.679
6.699
6.7144
6.7057
6.6974
6.6622
6.6247
6.4729
6.4528
6.4505
6.4115
6.3809
6.3295
6.3454
6.3798
6.4107
6.4118
6.4283
6.46
6.4979
6.727
6.7431
6.7908
6.7942
6.8007
6.79
6.6829
6.6634
6.6602
6.6681
6.7488
6.7706
6.7893
6.7925
6.7863
6.6928
6.6733
6.6362
6.5844
6.4523
6.4286
6.4444
6.4859
6.6467
6.6848
6.7231
6.7819
6.8257
7.0024
7.0613
7.0614
7.0361
7.0266
6.9977
6.9598
6.3237
6.2538
6.1166
6.1373
6.1694
6.1952
6.5987
6.7155
6.8277
6.9083
6.9914
7.2304
7.2566
7.2556
7.252
7.2224
7.2008
7.1254
6.5222
6.4834
6.432
6.3771
6.3681
6.3678
6.3747
6.6646
6.7422
6.787
6.8291
7.0111
7.0455
7.052
7.0705
6.9398
6.8853
6.7976
6.7507
6.7246
6.6641
6.6075
6.5568
6.4613
6.4833
6.6335
6.6593
6.6967
6.8776
6.8982
6.9262
6.9451
6.8645
6.8259
6.7765
6.7475
6.5624
6.5825
6.5756
6.5445
6.5278
6.5097
6.5458
6.5649
6.7651
6.8244
6.9084
6.9501
6.9759
6.9828
6.9223
6.906
6.8525
6.8157
6.6102
6.5998
6.5813
6.5519
6.5072
6.4858
6.4961
6.6888
6.7547
6.8324
6.871
6.8951
6.9272
6.9494
6.9595
6.9084
6.845
6.7416
6.7106
6.625
6.6098
6.6101
6.5796
6.5166
6.56
6.5583
6.7428
6.7657
6.8203
6.8609
6.9494
6.9947
6.9904
6.9192
6.8975
6.8428
6.8139
6.787
6.7474
6.7001
6.6359
6.6155
6.5894
6.5284
6.5642
6.6303
6.6404
6.6793
6.9115
7.0248
7.3138
8.0343
8.6758
2.226
-0.40455
0.96632
2.2061
3.3505
5.7039
8.1572
9.8123
11.771
14.723
16.96
17.228
30.993
34.09
35.603
36.801
37.844
33.827
32.994
32.951
34.026
33.818
33.011
32.189
29.161
18.271
4.442
0.63737
0.63706
0.42563
0.44835
0.42286
0.40762
0.44284
0.3889
0.44754
-3.9302
-3.7003
-0.92535
0.10706
-1.8568
-2.2362
-0.67787
-2.1008
-1.3167
9.7908
7.2405
5.7653
6.1709
7.1463
8.6502
10.557
15.265
18.061
19.725
26.056
27.624
28.207
27.349
25.622
27.317
27.971
30.07
31.472
32.947
16.269
14.65
14.007
13.583
12.267
11.224
10.629
9.7146
9.463
9.1431
8.58
7.8016
9.0131
9.9382
10.939
12.225
13.318
14.006
14.574
15.255
16.487
17.709
18.676
19.516
23.082
21.908
21.454
20.961
20.349
19.572
9.2815
9.0123
9.3938
9.4791
8.9251
9.0559
9.9643
10.611
12.13
13.311
11.633
4.2362
0.58912
0.56511
0.52482
0.56048
0.54212
0.53024
0.54593
0.54119
0.47518
0.55017
0.57155
0.55979
10.368
10.457
11.894
11.651
-4.4052
-8.8638
-9.6399
-0.032523
-0.46926
-4.2826
-7.3797
-13.858
-12.732
-11.01
-8.4036
-6.7887
-5.0333
-1.6978
0.72686
2.1645
3.7941
11.354
11.29
7.7443
6.107
4.225
4.0562
3.9542
4.5801
4.6498
5.8645
5.1309
2.2875
0.47502
0.40619
0.50267
0.5086
0.51372
0.51081
0.4234
0.43848
4.4038
24.74
23.547
20.636
2.4406
-3.9781
-4.1623
-0.2203
-3.6944
-5.7207
-9.4699
-8.5822
-8.0785
-5.9435
-4.4148
1.3423
2.4625
3.0451
13.781
16.451
18.675
20.149
20.175
18.23
15.523
15.747
18.848
19.537
20.436
21.748
23.371
22.881
18.68
18.932
18.259
18.306
18.845
19.42
12.602
12.737
13.178
13.234
13.197
12.973
12.921
13.395
14.077
14.546
16.939
17.689
18.127
18.291
18.351
18.385
18.445
18.604
18.727
19.023
18.973
19.012
19.109
19.18
19.272
19.348
19.337
18.39
17.86
17.748
17.635
17.572
17.403
17.154
16.983
17.296
17.356
17.41
17.619
17.901
18.109
18.172
18.201
18.221
18.335
18.757
18.644
18.554
18.565
18.536
18.499
18.323
17.556
17.314
17.393
17.446
17.486
17.515
18.469
18.525
18.57
18.606
18.642
18.637
18.597
18.495
18.399
18.268
18.091
17.36
17.089
16.841
16.573
16.284
16.039
16.477
18.364
18.657
18.91
19.168
19.399
19.587
19.72
19.844
19.891
19.229
18.486
18.211
17.892
17.629
16.503
16.668
16.823
16.997
17.898
18.137
18.382
18.612
18.846
19.021
19.161
19.301
19.087
18.926
18.768
18.574
18.359
18.169
17.946
17.695
17.478
17.2
16.912
16.671
15.822
15.824
16.285
16.478
19.55
19.605
18.805
18.574
18.355
18.104
17.841
16.717
16.588
16.476
16.411
16.39
16.372
16.422
16.527
17.395
17.629
17.833
18.029
18.232
18.446
18.66
18.856
19.001
19.325
19.22
19.13
16.626
16.346
16.344
16.374
16.436
16.556
18.02
18.211
18.375
18.498
18.647
18.794
19.046
18.987
18.914
18.804
18.688
18.577
17.442
17.301
17.187
17.065
16.996
16.922
16.862
16.98
17.091
17.217
17.375
17.492
17.634
17.784
17.941
18.992
19.005
19.018
19
18.923
18.862
18.763
17.461
17.34
17.233
17.145
17.082
17.025
16.995
17.001
17.014
17.036
17.537
18.607
18.56
18.504
18.417
17.296
17.267
18.215
18.317
18.354
18.398
18.5
18.479
18.427
18.379
18.298
17.78
17.72
17.671
17.626
17.571
17.607
17.619
17.679
17.755
17.801
18.091
18.118
18.155
18.173
18.22
18.252
18.212
18.172
18.127
18.08
18.036
17.64
17.603
17.58
17.592
17.585
17.575
17.725
17.791
17.851
17.894
17.935
17.967
18.153
18.161
18.149
17.92
17.888
17.861
17.835
17.773
17.78
17.783
17.877
17.891
17.911
17.944
18.049
18.076
18.113
18.139
18.11
18.115
18.073
18.046
18.029
18.008
17.825
17.783
17.761
17.735
17.733
17.758
17.791
17.81
17.842
17.856
17.853
17.899
17.927
17.963
17.984
17.967
17.964
17.951
17.914
17.791
17.772
17.753
17.767
17.771
17.787
17.805
17.831
17.845
18.004
18.019
18.018
18.048
18.082
18.097
18.055
18.064
18.045
18.024
17.854
17.823
17.792
17.781
17.788
17.769
17.765
17.881
17.906
17.889
17.948
17.964
17.994
18.006
18.015
18.021
18.012
18.003
17.975
17.972
17.8
17.77
17.766
17.731
17.723
17.698
17.829
17.877
17.899
17.916
17.946
13.838
12.687
11.457
10.547
9.9443
9.7913
0.75489
0.74231
0.67403
0.66653
0.62027
0.62558
0.53438
0.55556
0.54152
0.53954
0.53558
0.53025
0.52445
0.50001
0.57572
0.54884
16.958
20.224
19.361
23.285
46.492
44.876
41.611
41.911
27.345
23.221
18.995
14.997
1.8328
1.8101
0.12236
-2.8975
-5.5125
-7.1513
-7.3604
-7.8464
-8.3901
1.2103
5.456
8.9375
10.973
13.554
16.392
17.836
9.4461
1.3251
0.65773
0.63246
0.65519
0.65051
0.64131
0.65028
0.65941
0.64413
0.66287
0.63348
0.67029
20.338
19.463
17.19
-14.173
-16.594
-18.954
-19.819
-19.406
-19.806
-20.502
-19.898
-17.68
-0.86933
-1.1641
0.62644
2.3746
7.407
7.9791
8.4438
8.5622
8.2209
7.5218
7.0259
6.3885
7.0515
9.1357
11.342
11.328
9.4291
8.5857
7.9196
9.1931
11.559
11.973
9.6858
9.2775
6.5444
7.0428
5.3874
2.754
2.8173
3.736
3.0632
1.5866
1.3587
6.9097
5.1911
-3.8832
1.1125
-1.0668
-5.2033
1.9538
2.2666
3.6518
4.8595
0.54183
0.48624
0.49101
0.52177
0.41694
0.5075
0.52051
0.61006
0.62058
0.56919
0.58675
0.59378
0.56184
0.63258
0.49774
0.46263
0.54416
17.423
23.142
23.068
24.891
24.1
18.162
6.2905
-0.5336
-2.1499
6.0925
8.7295
5.3412
3.1952
4.4181
6.6808
9.8612
14.667
14.683
14.932
14.128
14.915
15.279
15.458
15.114
8.2762
0.37708
-1.1272
-2.5872
-4.2435
-2.2203
-2.1568
0.25608
0.25167
0.21246
0.23524
0.25089
0.29453
0.31879
0.34948
0.32988
0.32319
0.33519
0.27443
0.2975
0.32202
0.24003
0.23052
9.4613
18.871
24.17
25.242
25.877
24.091
27.296
23.802
18.324
14.108
12.42
13.333
5.8847
6.3564
7.1144
6.6358
7.1837
5.8978
5.3231
5.1117
1.5998
2.2824
2.5473
2.4755
3.2873
4.4617
2.8003
-0.52772
-15.445
-13.542
-11.149
-9.6219
-6.2361
-0.028058
0.030308
0.020078
0.037781
0.036407
0.16503
0.1648
0.14078
0.17651
0.15998
0.15549
0.13072
0.18931
-0.13588
0.1337
0.13023
0.083492
12.626
17.805
22.074
22.904
23.264
23.741
21.848
15.538
11.32
10.999
11.213
1.5379
3.1401
2.3384
1.6755
2.9625
4.1001
3.9419
2.3425
-6.514
-6.849
-6.5489
-5.8524
-8.1385
-11.161
-8.7411
-20.621
-17.683
-20.252
-21.142
-22.918
-0.050461
-0.091626
-0.070614
-0.063876
0.063931
0.078687
0.076602
0.056844
0.073389
0.069278
0.09867
0.088405
0.028562
-0.058201
-0.044197
9.5682
6.2534
2.4371
0.30465
-10.372
-11.871
-13.639
-14.537
-13.993
-13.005
-12.687
-12.317
-7.1784
-5.4229
-4.5223
-4.0437
-3.522
-3.1219
-3.1619
-3.5266
-3.6585
-4.3744
-4.1864
-3.4767
-3.4077
-3.0968
-2.8584
-2.6713
-2.9854
-3.0765
-3.2524
-3.6513
-5.7665
-5.7005
-5.7079
-5.6223
-4.2084
-4.0087
-3.8068
-3.5714
-3.492
-4.008
-4.191
-4.4128
-4.708
-4.9767
-5.1843
-5.3515
-4.9812
-4.8848
-4.7404
-4.7024
-4.773
-4.8086
-4.9337
-5.1013
-6.2633
-6.4482
-6.6124
-6.6654
-6.481
-6.4819
-6.8476
-6.8689
-6.8777
-7.1001
-7.3732
-8.2759
-8.2901
-8.2459
-7.1177
-6.7093
-6.3062
-5.8498
-3.9182
-3.7103
-3.6665
-3.7027
-5.1459
-5.6677
-6.1656
-6.6206
-7.0965
-7.5561
-7.9717
-8.3274
-8.6455
-8.4204
-7.2732
-6.9259
-6.6455
-5.5705
-5.4576
-5.3345
-5.2881
-5.2236
-5.4221
-5.5051
-5.6757
-7.0611
-7.3328
-7.5715
-7.7732
-7.9363
-8.1256
-8.3113
-8.3896
-7.2804
-6.9737
-5.6722
-5.436
-5.201
-4.9999
-4.8657
-4.9317
-5.0896
-5.2765
-6.376
-6.5992
-6.7531
-6.8781
-7.1011
-7.069
-6.986
-6.8654
-6.7525
-6.6517
-6.5684
-6.5504
-6.1372
-6.0923
-5.9176
-5.926
-5.9942
-6.0408
-6.5055
-6.6662
-6.796
-7.4434
-4.5142
-3.3756
-2.6007
-2.4448
-2.8351
-3.2208
-3.3536
-3.7433
-21.769
-20.098
-16.806
-15.437
-16.688
-17.072
-17.406
-9.9371
-9.3587
-7.6162
-3.74
-1.2275
5.8079
5.9843
6.1047
6.5351
7.7297
8.9243
11.164
32.228
33.444
34.473
1.2752
0.61819
0.55887
0.55628
0.47982
0.38418
0.34571
0.39228
0.39433
0.41408
0.41
0.38685
0.40228
0.42083
0.3067
0.33686
0.31707
-2.214
-7.9445
-19.073
-19.238
-20.575
-19.029
-17.175
-9.9227
-14.449
-13.387
-7.3064
-4.2324
-0.19476
5.2583
0.63322
-0.72323
-2.8145
-3.3306
11.91
12.282
12.409
11.848
10.727
10.585
9.9599
25.427
24.875
23.439
20.076
19.235
19.55
19.634
20.571
21.729
22.459
22.526
21.943
23.014
22.267
21.287
20.062
18.739
17.441
16.203
14.566
14.773
15.045
17.731
18.433
19.144
19.717
21.637
21.807
21.8
21.764
21.21
21.049
21.044
21.027
20.937
19.715
19.539
19.433
19.389
19.222
19.298
19.397
19.541
19.658
19.738
19.8
19.926
20.581
20.265
19.922
18.607
13.783
12.232
10.748
8.7474
6.9229
0.64007
0.62192
0.65792
0.64681
0.597
0.56367
0.56877
0.58206
0.5363
0.527
0.53972
0.53519
0.53418
0.47293
0.46809
0.56436
21.658
24.552
22.214
21.006
23.935
23.166
22.365
32.475
31.278
32.765
35.108
37.777
34.031
32.024
30.112
28.791
20.728
20.165
19.372
20.076
21.958
23.696
24.012
23.797
26.394
28.845
32.649
38.086
32.675
25.926
23.442
0.63887
0.66598
0.60582
0.58624
0.55994
0.54147
0.56778
0.60864
0.51663
0.55272
0.56334
0.52931
0.57528
0.53055
0.46642
0.46047
0.38025
16.892
18.032
16.181
13.749
13.558
20.206
18.022
14.408
11.355
7.1331
7.6253
11.784
23.295
25.214
28.512
31.08
23.79
25.862
28.683
30.899
43.218
43.868
42.854
41.105
41.326
40.888
39.954
47.121
45.799
40.556
39.275
38.635
0.72395
0.89116
0.83034
0.78711
0.74868
0.86367
0.65663
0.69796
0.63734
0.6546
0.69336
0.68379
0.81656
6.7918
15.378
16.391
6.0014
6.5337
6.3217
5.1045
4.4734
-7.5183
-7.6673
-7.9044
-5.0936
-1.2274
5.6234
2.7644
-1.7443
-4.0803
-3.8523
-4.8131
-6.6423
-6.794
11.086
9.8343
9.4071
8.4452
9.447
19.734
20.393
24.094
25.441
26.129
25.568
24.98
24.716
24.731
25.02
24.755
22.086
21.737
20.731
19.737
18.499
18.407
18.284
17.848
17.731
17.993
18.29
18.405
19.12
19.533
20.637
20.652
20.705
21.015
21.87
21.972
21.872
21.822
21.828
21.861
21.745
21.65
21.617
21.326
21.364
21.35
21.286
21.173
21.267
21.479
21.515
21.537
21.678
22.506
22.64
22.768
22.785
22.762
22.529
22.39
22.269
22.192
22.13
22.036
21.897
20.94
20.91
20.879
20.968
21.042
21.126
21.145
21.495
21.623
21.685
21.739
22.24
22.333
22.406
22.478
22.411
22.366
22.333
22.259
21.896
21.753
21.636
21.554
21.469
21.402
21.318
21.236
21.05
21.092
21.29
21.347
21.434
21.516
21.841
21.914
21.945
21.968
21.971
21.937
21.877
21.857
21.812
21.48
21.425
21.375
21.308
21.289
21.256
21.235
21.324
21.345
21.381
21.521
21.548
21.601
21.62
21.7
21.732
21.75
21.748
21.748
21.729
21.692
21.685
21.684
21.639
21.492
21.478
21.447
21.428
21.344
21.338
21.338
21.34
21.364
21.458
21.471
21.488
21.513
21.541
21.629
21.647
21.654
21.642
21.508
21.468
21.44
21.419
21.378
21.361
21.342
21.295
21.242
21.265
21.273
21.317
21.328
21.345
21.378
21.397
21.5
21.504
21.504
21.501
21.51
21.505
21.501
21.47
21.368
21.371
21.359
21.339
21.321
21.318
21.325
21.296
21.372
21.394
21.467
21.486
21.492
21.486
21.496
21.514
21.506
21.489
21.394
21.39
21.352
21.337
21.303
21.297
21.3
21.246
21.25
21.24
21.245
21.289
21.285
21.317
21.319
21.339
21.387
21.382
21.375
21.376
21.337
21.325
21.306
21.309
21.301
21.286
21.277
21.236
21.24
21.238
21.274
21.293
21.298
21.317
21.387
21.361
21.169
20.51
20.353
22.19
21.894
21.612
21.187
18.424
8.6827
3.5005
1.1963
0.888
0.72042
0.73785
0.73308
0.68845
0.68924
0.71263
0.67977
0.69434
0.68512
0.69807
0.66942
0.65004
0.65476
14.131
12.427
9.1226
6.8808
-12.981
-18.308
-22.472
-28.227
-32.31
-31.578
-26.721
-22.535
-15.238
-13.221
-14.305
-16.866
-19.835
17.065
21.25
24.031
24.508
23.974
22.467
31.72
35.131
36.51
36.447
36.494
28.823
25.56
23.756
22.566
20.189
18.929
17.652
16.305
8.472
7.319
5.5402
-1.2642
-1.344
-1.9215
-3.1845
-2.4689
-1.6662
-0.55492
-0.18309
7.7062
8.772
9.433
10.044
11.037
14.572
15.216
15.804
16.612
17.152
18.531
18.585
18.556
18.379
17.892
17.014
16.06
3.1255
1.8803
0.80054
0.066909
0.31078
0.60145
1.2045
2.1002
3.0421
7.954
9.2973
10.564
11.286
15.915
16.113
16.282
16.02
15.55
11.738
10.477
9.3201
8.4314
7.5717
3.2161
3.0051
2.7573
2.7288
3.0785
3.5829
4.0653
4.7193
10.961
11.621
13.205
13.16
13.17
13.152
13.132
12.004
11.672
11.348
10.892
8.8683
8.6301
8.4372
8.2227
7.852
7.8182
7.87
7.9674
8.1485
9.1614
9.4083
9.5827
9.7589
9.9509
10.821
10.902
10.929
10.841
10.727
9.4108
9.1721
8.9272
8.6853
8.4226
7.894
7.8956
7.9722
8.0952
8.2333
9.4162
9.5581
9.7676
9.9776
10.148
10.295
10.379
10.225
10.095
9.9607
9.505
9.326
9.2007
9.0508
8.4998
8.4611
8.4337
8.446
8.8488
8.9598
9.1161
9.2381
9.8114
9.9358
10.005
10.089
10.266
10.243
10.183
10.113
10.006
9.1857
9.0389
8.9155
8.4624
8.4436
8.4863
8.5306
8.6024
8.6751
9.0293
9.1868
9.3054
9.4221
9.5492
9.6757
9.79
10.009
9.971
9.8953
9.3987
9.2658
9.1512
8.7194
8.7239
8.6864
8.6821
8.9547
9.0473
9.1467
9.2741
9.3704
9.4712
9.5597
9.6749
10.083
10.055
9.8031
9.6984
9.6133
9.5085
8.9789
8.9005
8.8076
8.753
8.7006
8.7131
8.7721
8.8373
8.893
8.9741
9.0595
9.1774
9.9032
9.9456
9.8973
9.8608
9.8291
9.7618
11.059
11.977
12.28
12.993
13.693
13.978
13.591
13.249
13.799
12.304
9.2277
3.1492
0.57707
0.55611
0.56795
0.51907
0.55304
0.51577
0.52141
0.62947
11.75
14.497
11.098
14.62
6.9355
3.1529
0.7308
-1.1717
-4.6917
-8.0246
-6.278
-2.4886
-10.136
-15.326
-10.735
-9.2043
-7.6793
6.8151
4.7841
0.87684
-2.0784
2.2828
4.7231
6.5601
5.6518
2.9417
-5.6458
-6.6251
-9.0482
-10.039
-9.3633
-10.538
-12.042
-0.086424
-0.082945
-0.068614
0.021396
0.021106
-0.014938
0.019037
0.030582
0.008324
0.029507
0.020436
0.073902
0.02068
0.010863
-0.062074
-0.072776
-0.020946
-0.088224
2
15.94
20.526
25.178
22.225
6.5525
2.3672
-0.94857
-2.7883
-1.5718
-1.0447
-0.86563
-0.33147
2.139
2.965
4.0097
4.9638
6.0368
6.0078
5.8617
5.7229
5.4866
5.2582
5.2544
5.4767
7.7826
8.1065
8.3466
8.0486
7.71
7.3839
5.3795
4.859
4.4152
4.054
3.4891
3.8534
4.255
4.6633
5.145
7.6878
8.0144
8.3323
8.605
8.0029
7.6655
7.2625
6.8663
6.5168
6.2115
5.943
5.7645
7.0339
7.4466
8.6753
8.8669
8.9723
9.0511
8.3555
8.1739
7.9261
7.679
7.2748
7.3422
7.5153
7.7472
8.0326
8.3267
8.6936
9.3325
12.295
12.113
11.924
11.063
10.699
10.307
9.9337
8.5267
8.3901
8.2844
8.2826
8.5984
8.7254
8.8034
8.8547
9.185
9.2083
9.2625
9.4122
10.073
10.261
10.491
10.661
10.788
10.89
10.965
11.035
9.9845
9.7261
8.6581
8.476
8.2914
8.1512
8.1011
8.5455
8.7319
8.9536
9.2021
10.311
10.436
10.518
10.524
10.496
10.462
10.413
9.4949
9.4316
9.2807
9.2486
9.2041
9.1586
9.0419
9.0336
9.0011
8.9929
9.1159
9.2167
9.2951
9.4149
10.002
10.071
10.158
10.207
10.261
10.283
10.268
10.205
9.304
9.1845
8.8931
8.8521
8.8541
8.9072
8.9682
9.4527
9.5555
9.6594
10.934
11.275
11.46
10.998
9.8665
8.719
7.7701
7.2981
7.0066
2.4682
11.562
11.528
11.595
12.561
11.054
13.582
15.33
16.291
18.253
28.116
29.718
31.445
33.003
33.738
33.706
32.308
31.785
46.21
45.955
46.115
40.449
32.78
24.08
14.973
0.73113
0.64395
0.65389
0.60382
0.61964
0.55709
0.54322
0.52645
13.132
75.737
81.313
78.988
62.019
60.933
61.969
64.735
73.099
83.796
88.793
93.198
95.072
91.968
87.123
86.56
89.413
93.369
97.936
96.416
89.937
82.081
1.057
0.91576
0.86001
0.96797
0.8125
0.7886
0.73485
2.7587
1.1775
0.94773
0.89625
1.9118
23.092
17.931
10.514
7.6875
8.397
0.66462
0.61866
0.61306
0.56039
0.4962
0.64192
0.42807
0.45839
0.44415
0.34694
0.31191
0.26856
0.24028
0.19189
0.1787
0.021483
0.0862
0.035545
-0.032193
-0.027721
0.39982
0.26533
0.34213
0.19366
0.18723
0.25655
0.17958
0.27724
0.16176
0.089956
-0.017159
-0.13155
-0.12233
-0.10109
-0.086969
-0.12294
-0.036986
-0.085294
-0.057742
-0.12031
-0.10283
-0.1153
-0.1417
-0.15614
-0.17865
-0.17933
-0.17869
-0.21774
-0.22231
-0.22059
-0.24444
-0.24936
-0.25956
-0.28659
-0.25863
-0.26547
-0.26236
-0.2508
-0.24423
-0.29068
-0.30018
-0.30469
-0.29407
-0.21925
-0.2265
-0.24714
-0.22463
-0.24789
-0.29412
-0.28194
-0.24716
-0.2261
-0.26603
-0.22555
-0.27604
-0.251
-0.19863
-0.1573
-0.19748
-0.1742
-0.15315
-0.11015
-0.068343
-0.036937
-0.052376
-0.059571
-0.049005
-0.066256
-0.087096
-0.065059
-0.069515
-0.068644
-0.079589
-0.083577
-0.10906
-0.07703
0.0032435
-0.037727
-0.046886
-0.06258
0.10491
0.10296
0.10472
0.11235
0.10374
0.079335
0.075559
0.086114
0.062912
0.11445
0.13848
0.16567
0.13239
0.11787
0.11972
0.12603
0.14537
0.1566
0.14303
0.14741
0.12301
0.15663
0.15101
0.15788
0.16922
0.16617
0.17018
0.16249
0.15624
0.13849
0.16877
0.18213
0.19325
0.17785
0.17256
0.14114
0.14137
0.1565
0.18315
0.23438
0.1821
0.18635
0.16918
0.14599
0.13237
0.13898
0.19213
0.051398
0.073899
0.064682
0.05341
0.080554
0.092299
0.14132
0.14823
0.079192
0.11839
0.1345
0.12271
0.12422
0.11507
0.077759
0.016187
-0.010674
0.040855
0.060512
0.056214
0.071752
0.032499
0.074351
0.040394
0.015763
-0.0037682
-0.058319
-0.056327
