0
0
0
0
0
0
0
0
0
0
0
0
0
0
0
0
0
0
0
0
0
0
0
0
0
0
0
0
0
0
0
0
0
0
0
0
0
0
0
0
0
0
0
0
0
0
0
0
0
0
0
0
0
0
0
0
0
0
0
0
0
0
0
0
0
0
0
0
0
0
0
0
0
0
0
0
0
0
0
0
0
0
0
0
0
0
0
0
0
0
0
0
0
0
0
0
0
0
0
0
0
0
0
0
0
0
0
0
0
0
0
0
0
0
0
0
0
0
0
0
0
0
0
0
0
0
0
0
0
0
0
0
0
0
0
0
0
0
0
0
0
0
0
0
0
0
0
0
0
0
0
0
0
0
0
0
0
0
0
0
0
0
0
0
0
0
0
0
0
0
0
0
0
0
0
0
0
0
0
0
0
0
0
0
0
0
0
0
0
0
0
0
0
0
0
0
0
0
0
0
0
0
0
0
0
0
0
0
0
0
0
0
0
0
0
0
0
0
0
0
0
0
0
0
0
0
0
0
0
0
0
0
0
0
0
0
0
0
0
0
0
0
0
0
0
0
0
0
0
0
0
0
0
0
0
0
0
0
0
0
0
0
0
0
0
0
0
0
0
0
0
0
0
0
0
0
0
0
0
0
0
0
0
0
0
0
0
0
0
0
0
0
0
0
-1.1855e-06
-1.071e-06
0
0
0
0
0
0
0
0
0
0
0
0
0
0
0
0
0
0
0
0
0
0
0
0
0
0
0
0
0
0
0
0
0
0
0
0
0
1.0686e-06
1.1925e-06
0
0
0
0
0
0
0
0
0
0
0
0
0
0
0
0
0
0
0
0
0
0
0
0
0
0
0
0
0
0
0
0
0
0
0
0
0
0
0
0
0
0
0
0
0
0
0
0
0
0
0
0
0
0
0
0
0
0
0
0
0
0
0
0
0
0
0
0
0
0
0
0
0
0
0
0
0
0
0
0
0
0
0
0
0
0
0
0
0
0
0
0
0
0
0
0
0
0
0
0
0
0
0
0
0
0
0
0
0
0
0
0
0
0
0
0
0
0
0
0
0
0
0
0
0
0
0
0
0
0
0
0
0
0
0
0
0
0
0
0
0
0
0
0
0
0
0
0
0
0
0
0
0
0
0
0
0
0
0
0
0
0
0
0
0
0
0
0
0
0
0
0
0
0
0
0
0
0
0
0
0
0
0
0
0
0
0
0
0
0
0
0
0
0
0
0
0
0
0
0
0
0
0
0
0
0
0
0
0
0
0
0
0
0
0
0
0
0
0
-8.0491e-09
0
0
0
0
0
0
0
0
0
0
0
0
0
0
0
0
0
0
0
0
0
0
0
0
0
0
0
0
0
0
0
0
0
0
0
0
0
0
0
0
0
0
0
0
0
0
0
0
0
0
0
0
0
0
0
0
0
0
0
0
0
0
0
0
0
0
0
0
0
0
0
0
0
0
0
0
8.8615e-09
8.0573e-09
0
0
0
0
0
0
0
0
0
0
0
0
0
0
0
0
0
0
0
0
0
0
0
0
0
0
0
0
0
0
0
0
0
0
0
0
0
0
0
0
0
0
0
0
0
0
0
0
0
0
0
0
0
0
0
0
0
0
0
0
0
0
0
0
0
0
0
0
0
0
0
0
0
0
0
0
0
0
0
0
0
0
0
0
0
0
0
0
0
0
0
0
0
0
0
0
0
0
0
0
0
0
0
0
0
0
0
0
0
0
0
0
0
0
0
0
0
0
0
0
0
0
0
0
0
0
0
0
0
0
0
0
0
0
0
0
0
0
0
0
0
0
0
0
0
0
0
0
0
0
0
0
0
0
0
0
0
0
0
0
0
0
0
0
0
0
0
0
0
0
0
0
0
0
0
0
0
0
0
0
0
0
0
0
0
0
0
0
0
0
0
0
0
0
0
0
0
0
0
0
0
0
0
0
0
0
0
0
0
0
0
0
0
0
0
0
0
0
0
0
0
0
0
0
0
0
0
0
0
0
0
0
0
0
0
0
0
0
0
0
0
0
0
0
0
0
0
0
0
0
0
0
0
0
0
0
0
0
0
0
0
0
0
0
0
0
0
0
0
0
0
0
0
0
0
0
0
0
0
0
0
0
0
0
0
0
0
0
0
0
0
0
0
0
0
0
0
0
0
0
0
0
0
0
0
0
0
0
0
0
0
0
0
0
0
0
0
0
0
0
0
0
0
0
0
0
0
0
0
0
0
0
0
0
0
0
0
0
0
0
0
0
0
0
0
0
0
0
0
0
0
0
0
0
0
0
0
0
0
0
0
0
0
0
0
0
0
0
0
0
0
0
0
0
0
0
0
0
0
0
0
0
0
0
0
0
0
0
0
0.0002254
-0.0062741
-0.0038548
-0.0018763
-0.0025604
-0.0013754
-0.0021663
-0.001668
-0.0016806
-0.00032337
-0.00060751
-0.00091273
-0.00059022
0.00017625
0.00098888
-0.00022529
-0.000171
-0.00031173
0.010164
-0.0039607
-0.0061119
-0.0074951
0.0092894
0.025997
0.031739
0.03791
0.040908
0.047319
0.051796
0.057967
0.065383
0.084756
0.093507
0.094892
-0.015304
-0.068376
-0.15481
-0.12425
-0.0028173
-0.0039799
-0.0049721
-0.0053121
-0.0024118
-2.1687e-05
-0.0012887
-0.0004917
0.00017013
0.0002858
0.0014813
0.0013795
0.0011428
0.00057148
0.00045794
0.00044453
0.00075013
-0.0002094
-0.0012324
-0.0042706
-0.0054588
0.0058569
0.0045914
-0.0052703
-0.0058087
-0.0054025
-0.005367
-0.0051755
-0.0067479
-0.0059498
-0.0045057
-0.0028358
-0.0016353
-0.00040338
0.00038721
0.00039087
0.00056392
0.00079504
0.00066688
0.00081812
0.00046653
0.00037289
0.00045262
0.00033133
0.00017249
0.00021116
0.00018721
0.00015898
2.1287e-05
6.3462e-05
0.0001411
0.00015189
-1.4074e-06
2.3743e-06
-1.614e-05
-6.0513e-05
-1.1411e-05
-1.7192e-05
9.1237e-06
-0.00024295
-3.113e-05
-0.00016275
-0.0010694
-0.00086711
-0.0005974
-0.0012727
-0.0033085
0.014995
0.028888
0.044861
0.086615
0.090885
0.089245
0.055934
0.031805
0.005271
-0.0055958
-0.056014
-0.11189
-0.14771
-0.15279
-0.15116
-0.12251
-0.0020994
-0.0022807
-0.0028954
-0.00026863
0.0054696
-0.00087225
0.00034825
1.3024e-05
0.0034886
0.0044589
0.0059982
0.0073073
0.0071098
0.0065099
0.0062247
0.0063895
0.0054674
0.0048094
0.0045812
0.0058119
0.0044984
0.01219
0.0030739
0.00066195
-0.00028723
-0.00056088
-0.0013299
-0.001617
-1.3787e-05
0.0096742
0.022505
0.028028
0.036534
0.043924
0.048846
0.060597
0.0028339
-0.033333
-0.084486
-0.14008
-0.10318
0.00027918
0.00097645
-0.0021621
-0.0020232
0.0029266
-0.0014937
-0.0011604
0.0012117
0.0029155
0.0035155
0.003803
0.0039961
0.0037112
0.0030456
0.0020789
0.0024987
0.00097326
-7.5149e-05
-0.0010213
-0.0032182
-0.0032039
0.0063777
0.010678
0.0015657
-0.0044117
-0.0051596
-0.0070922
-0.0072219
-0.0075957
-0.0067458
-0.0056048
-0.0045891
-0.0032928
-0.0025514
-0.00255
-0.00044124
0.00018974
0.00046316
0.00093814
0.00092949
0.0011972
0.0010985
0.0011146
0.00098069
0.0010093
0.0006134
0.00046571
0.00036952
-0.00052102
-0.00049818
-0.00031436
-0.0003352
-0.00048625
-0.00038296
-0.00044364
-0.00039966
-0.00072507
-1.6731e-06
6.0245e-06
6.8073e-06
2.9968e-06
1.5829e-06
1.8463e-06
1.0963e-07
-1.5118e-06
8.4688e-08
1.341e-07
4.3807e-08
4.4221e-06
2.4765e-06
2.8503e-05
4.4843e-06
2.2889e-06
1.3659e-06
2.9815e-07
2.9584e-07
-7.0682e-07
-1.7638e-07
-3.2939e-06
-3.2479e-06
-9.8279e-07
-1.0424e-06
-1.4053e-06
-1.3456e-06
1.24e-06
1.6048e-06
2.2937e-06
1.2085e-06
-2.1643e-07
-1.0364e-06
-3.1903e-06
-2.8579e-06
-2.52e-06
-2.1989e-06
1.2049e-06
1.0884e-06
2.8074e-06
1.7673e-06
1.2448e-06
-1.0149e-06
-1.8361e-06
-2.7423e-06
-2.7306e-06
-1.7022e-06
-1.3364e-06
-1.312e-06
-1.319e-06
-1.3259e-06
-1.1882e-06
-1.3107e-06
-1.1758e-06
1.1222e-06
8.2383e-07
-2.0432e-07
1.2547e-06
1.3621e-06
3.8243e-07
3.0256e-07
-5.4631e-09
-9.0963e-08
-2.1937e-07
-2.2218e-07
-2.2543e-07
8.8769e-07
9.4111e-07
9.31e-07
-1.8533e-07
-1.4019e-06
-1.3515e-06
-1.4774e-06
0
9.2854e-08
1.2169e-06
1.3914e-06
1.2766e-06
1.3933e-06
1.4601e-07
1.4961e-07
8.4994e-08
6.9571e-08
2.3264e-07
1.9007e-07
1.3012e-07
-7.0931e-08
-9.3954e-08
-1.4322e-07
-3.4867e-07
-3.3466e-07
-1.3751e-07
7.2729e-08
4.8737e-08
7.2623e-08
-1.0055e-06
-9.8446e-07
-9.9657e-07
-1.0747e-06
5.2191e-08
1.2763e-06
1.1885e-06
-4.3517e-08
-1.2978e-06
-1.3705e-06
-1.7555e-07
-1.6713e-07
-9.1745e-08
-8.0126e-08
7.8026e-08
9.6361e-08
1.5731e-07
4.6086e-08
4.5326e-08
7.7397e-08
1.0404e-07
1.0198e-07
1.4691e-07
1.2606e-07
-2.6877e-08
-6.2636e-08
8.3347e-08
7.9794e-08
8.0141e-08
6.5993e-08
0
-9.4473e-08
-1.4602e-07
-1.1433e-06
-5.4463e-08
5.1105e-08
4.7313e-08
8.5971e-08
1.0391e-07
1.2587e-07
1.3563e-06
1.3188e-06
-8.0239e-08
-1.1844e-07
4.3289e-08
4.7867e-08
-4.6719e-08
-4.32e-08
-4.7208e-08
-5.3481e-08
-8.768e-08
-7.1926e-08
9.2713e-08
9.7495e-08
1.1398e-07
-9.7813e-07
-1.1785e-06
-1.1459e-06
-1.0882e-06
4.7724e-08
7.3497e-08
1.1622e-06
1.168e-06
1.1672e-06
7.5996e-08
7.2858e-08
5.2591e-08
-5.2487e-09
0
0
0
-4.9317e-08
-5.9225e-08
-5.517e-08
-5.4684e-08
-5.3618e-08
0
0
0
0
0
0
0
0
0
0
-5.0396e-08
-4.6175e-08
0
0
0
4.8777e-08
4.4518e-08
0
0
0
0
-4.4742e-08
-4.4958e-08
-4.5916e-08
0
0
0
0
0
0
0
0
0
0
0
0
0
0
0
0
0
0
0
0
0
0
0
0
0
0
0
0
-1.1913e-06
0
0
0
1.1904e-06
1.072e-06
0
0
0
0
0
0
0
0
0
0
0
0
0
0
0
0
0
0
0
0
0
0
0
0
0
0
0
0
0
0
0
0
0
0
0
0
0
0
0
0
0
0
0
0
0
0
0
0
0
0
0
0
0
0
0
0
0
0
0
0
0
0
0
0
0
0
0
0
0
0
0
0
0
0
0
0
0
0
0
0
0
0
0
0
0
0
0
-0.0002921
-0.00051864
-0.00091795
-0.0016654
-0.0024473
0.0048529
0.027294
0.040466
0.051402
0.066548
0.080868
0.092534
0.097158
0.096416
0.08212
0.047357
0.010991
-0.0318
-0.091727
-0.10465
-0.11608
-0.13178
-0.13915
-0.1484
-0.15135
-0.0055962
0.0013765
-0.0049064
-0.0070005
-0.0068263
-0.0039594
-0.0023269
-0.0010258
-5.3186e-06
0.00074985
0.0017045
0.0014178
0.0010574
0.0014763
-0.00057949
-0.00051181
-0.0016634
-0.0019249
-0.0031131
0.0061312
0.01289
-0.0037517
-0.0043807
-0.0047046
-0.003561
0.010191
0.036638
0.048096
0.053278
0.060173
0.095018
0.091172
-0.00031208
-0.10605
-0.14053
-0.15275
-0.14978
-0.14004
-0.1058
-0.032026
-0.006446
-0.0059619
-0.0070749
-0.0064424
-0.0054738
-0.0039061
-0.0018997
-0.00095245
2.0559e-05
0.00045074
0.0017536
0.0016943
0.0019648
0.0019088
0.0024827
0.0022657
0.0021309
0.0016363
0.0014764
0.0011783
0.00052949
0.00026403
-0.00010124
-2.8895e-05
0.00041097
0.00054875
0.00027046
4.9849e-05
-0.0020531
-0.0030606
-0.0030638
-0.0021807
-0.0027634
-0.00044619
0.00063378
0.0017892
0.0021839
0.0028538
0.0039228
0.003408
0.0036107
0.002414
0.0028733
0.0033781
0.0017354
0.002763
0.010684
0.019639
0.0041964
0.0013482
0.0040225
-0.0016383
0.00019052
-0.0017498
0.029219
0.045232
0.064136
0.070528
0.068991
0.066326
0.057061
0.048446
0.030869
0.0012175
-0.026804
-0.083399
-0.15065
-0.16656
-0.16151
-0.13557
-0.087267
-0.00029454
0.0017759
0.00066765
-0.0021957
0.0015279
0.0056436
0.0065756
0.009034
0.0065248
0.006293
0.0087412
0.010743
0.011661
0.012664
0.012529
0.011939
0.010565
0.011774
0.010474
0.010359
0.0096335
0.0106
0.0098007
0.015079
0.019389
0.0055888
0.0029046
0.0020075
0.0021321
0.0013847
0.010103
0.035262
0.054278
0.066946
0.066419
0.064166
0.059697
0.05277
0.041641
0.023077
-0.0042578
-0.032061
-0.099002
-0.14392
-0.17162
-0.17025
-0.14604
-0.10164
-0.016424
0.00062939
0.0011698
0.0023622
-6.497e-05
0.0031878
0.0089196
0.0082147
0.0049457
0.0074592
0.008595
0.0095849
0.009973
0.0095531
0.0098056
0.0097689
0.0098406
0.0098959
0.010815
0.010909
0.0092373
0.0066422
0.006168
0.011654
0.020352
0.0058258
0.0022587
0.0020875
-0.0011353
-0.0016419
0.00032667
0.014484
0.041813
0.060265
0.065927
0.070757
0.063131
0.05393
0.042251
0.025726
0.0017877
-0.030925
-0.081806
-0.13561
-0.1673
-0.17675
-0.16536
-0.1317
-0.074851
-0.017437
0.0060793
0.0049635
0.0034637
0.0044594
0.0050256
0.0091703
0.0077153
0.0074891
0.0069681
0.011467
0.011931
0.012621
0.013214
0.010926
0.011491
0.011311
0.01003
0.010409
0.011877
0.008705
0.0098895
0.010082
0.023467
0.01761
0.0077535
0.0072455
0.0040905
0.002763
-0.00082498
-0.0016339
0.0017704
0.03441
0.068223
0.084427
0.086628
0.08384
0.075379
0.053884
0.034256
0.0055588
-0.012364
-0.041777
-0.14372
-0.16189
-0.14956
-0.10142
-0.03746
-0.0053722
-0.0066374
-0.0064494
-0.0057753
-0.0044276
-0.0025147
-0.0014233
-0.00072965
-0.00041296
0.00034851
0.00069525
0.00097848
0.0015715
0.0017231
0.0018293
0.0016219
0.0018004
0.0020534
0.0018302
0.0018346
0.0014996
0.0014896
0.0012212
0.00048005
8.5178e-05
-1.9271e-06
4.7868e-05
0.00019496
0.00013996
0.00010962
0.00021002
0.00027032
0.00023869
0.00020115
0.00023177
0.00019504
0.00023359
9.8645e-05
0.00018662
0.00028119
0.00018124
0.00033166
0.00016318
0.0002487
0.00024004
0.00023969
0.00015648
0.0002523
0.00025329
0.0002385
0.00025723
0.00036879
0.0001622
0.00036975
0.00029442
0.00030493
0.00033424
0.00039388
0.00029722
0.00029687
4.8808e-05
2.5973e-06
-2.7047e-06
-3.0941e-06
-3.073e-06
-1.1088e-06
-1.9939e-08
2.8337e-07
1.5039e-06
3.9256e-06
3.4729e-06
2.9507e-06
1.7835e-06
-1.2699e-06
-1.2834e-06
-1.2039e-06
-2.4385e-07
-1.4472e-06
-1.4052e-06
-1.3918e-06
-1.7579e-07
-1.5794e-07
-1.2992e-06
-1.3353e-06
-1.4642e-06
-1.5712e-06
-1.6585e-06
-1.6375e-07
3.611e-10
6.0545e-11
6.3729e-08
1.2969e-06
1.2903e-06
1.4064e-06
5.4338e-08
-2.9313e-09
0
0
0
-1.1978e-06
-1.2485e-06
-5.4881e-08
-1.1457e-07
-6.5165e-08
-7.5581e-09
-7.735e-09
-8.0955e-09
0
0
0
6.522e-08
6.593e-08
7.745e-09
0
0
7.518e-08
7.0157e-08
6.2539e-08
0
0
0
0
0
0
0
4.2713e-09
4.2768e-09
0
0
-1.4057e-09
-1.8782e-09
0
0
0
0
8.8677e-05
-1.1468e-05
-0.00039832
-0.0001124
0.00067932
0.00043468
4.9289e-05
-0.0068636
-0.0035018
-0.0037242
-0.0035808
-0.002978
-0.0026393
-0.0022699
-0.0021892
-0.00206
-0.0012962
-0.0018554
-0.0023239
-0.0019193
-0.0037491
-0.0038023
-0.0053229
-0.0063917
-0.0047714
0.0087867
-0.0093424
-0.010255
-0.011258
-0.013523
-0.017529
-0.014724
0.01932
0.038866
0.061483
0.074494
0.085751
0.087014
0.083236
0.072719
0.060841
0.035584
0.0071552
-0.058032
-0.11186
-0.14716
-0.1609
-0.1571
-0.13337
-0.10113
-0.038259
-0.0061955
-0.0082893
-0.011454
-0.013793
-0.010914
-0.009326
-0.0070982
-0.0066128
-0.0040354
-0.0026217
-0.0012145
-0.00075259
-0.00018502
0.00058475
-0.0012044
-0.0013641
-0.0018572
-0.0022605
-0.0027973
-0.0033105
0.00072856
0.0097106
-0.0052331
-0.0043951
-0.0045111
-0.0060969
-0.0070747
-0.0069217
-0.0048938
-0.0025048
-0.0013558
-0.00017298
0.00014327
0.0001476
0.00052569
0.00012143
8.7057e-05
0.00011932
0.00024766
0.00026303
0.00048017
0.00038865
0.00024043
0.00030529
0.00020206
0.00026847
6.1951e-06
-8.7375e-06
-5.5436e-06
-0.00035219
-0.0002857
-0.00058344
-0.00039051
-0.00017175
-0.00031398
-0.00015048
-0.00013721
-0.00021784
-0.00014246
-9.5887e-05
-9.4081e-05
-0.00010361
-3.8183e-05
-8.0405e-05
-0.00010534
-0.00010704
-0.00017788
-0.0001275
-0.00013493
-0.00015579
-0.00040193
-0.00094764
-0.0008593
-0.0011568
-0.00094587
-0.00085554
-0.00174
-0.0020885
-0.0032245
-0.0039214
0.0095456
0.045951
0.096354
0.10282
0.10101
0.095158
0.076008
0.059833
0.033582
0.0077588
-0.05818
-0.11203
-0.14365
-0.14694
-0.12199
-0.054244
-0.0063138
-0.008662
-0.0071828
-0.0060148
-0.0047771
0.0047241
-0.0040273
-0.0030235
-0.0024808
-0.0015349
-0.00044275
0.0010032
0.0029851
0.0010178
0.0012403
0.0014039
0.0012631
0.0017428
-0.00045853
-0.0010955
-0.0022593
-0.0033895
0.0047387
0.0094832
0.005946
-0.0087947
-0.0082623
-0.012237
-0.013634
0.013986
0.042089
0.05854
0.072775
0.075958
0.08245
0.08451
0.086044
0.086899
0.083921
0.057377
0.0038239
-0.064809
-0.11749
-0.14438
-0.15871
-0.16141
-0.15191
-0.13026
-0.077445
-0.0041254
-0.0073013
-0.0035321
-0.0067762
-0.0016486
0.0025859
-0.0038021
-0.0022334
0.00058573
0.0013796
0.0027116
0.0044325
0.0032574
0.0026712
0.0015969
0.0012079
0.00082634
0.00043509
0.00052037
-0.0026046
0.0082427
0.0096116
-0.0037539
-0.0044731
-0.0074173
-0.0055124
-0.010208
-0.011196
-0.011333
0.026496
0.041641
0.052329
0.06304
0.082142
0.091274
0.094413
0.094347
0.093583
0.097621
0.091949
0.064281
0.019901
-0.13896
-0.15038
-0.11269
-0.06037
-0.0081661
-0.0072454
-0.0053531
-0.0064923
-0.0039994
-0.0034894
-0.0037689
-0.0012393
-0.00072845
-0.0002793
0.00015685
0.00035143
0.00011511
-0.0006378
4.1593e-06
-0.0016464
-0.001264
-0.0020049
-0.0016442
-0.001545
-0.0039226
-0.0032764
0.0017039
0.0047656
-0.0075352
-0.0086064
-0.006123
-0.0059301
-0.0067883
-0.0058016
-0.0051973
-0.0039471
-0.0031691
-0.0013908
-0.0001593
0.00079029
0.0027769
0.0033635
0.004521
0.0043474
0.0041257
0.0046991
0.0036889
0.0041469
0.0033625
0.0026585
0.0011364
1.385e-05
-3.1398e-05
-0.00029081
-0.0003749
-0.00034661
-0.0002238
-0.00031884
-0.00030938
-0.00014174
-0.00018527
-0.00013766
-0.00025776
-0.00022092
-0.00026715
-4.6765e-05
-0.0003737
-8.5539e-05
-0.00028028
-0.00024783
-0.00038727
-6.0547e-06
-2.1034e-06
-4.2597e-06
-1.2724e-06
5.3285e-08
-3.5565e-06
-1.117e-05
-3.9521e-06
2.1564e-06
3.1134e-06
1.9425e-06
2.224e-06
8.1871e-07
4.9832e-06
2.387e-06
1.2317e-06
1.7562e-06
1.2925e-06
-1.3191e-06
-9.3545e-07
-4.5269e-06
-3.4859e-06
-1.8515e-06
-1.8193e-06
-9.0274e-07
4.4079e-08
2.9056e-07
1.0767e-06
2.2354e-06
3.0338e-06
1.6358e-06
1.7907e-06
1.3027e-06
0
0
-1.058e-06
-2.4886e-06
-2.8999e-06
-1.9469e-06
-1.8746e-06
-1.2099e-06
-4.4739e-08
2.1053e-07
2.0697e-07
9.3296e-07
1.3112e-06
1.2942e-06
4.2629e-08
4.9009e-08
0
0
1.9781e-07
-7.4704e-07
-8.2034e-07
1.9981e-07
0
0
0
0
0
-2.0472e-07
8.3455e-07
8.4057e-07
-2.2889e-07
0
0
-1.0589e-06
-8.7661e-07
3.6005e-07
1.6352e-07
-1.8302e-07
-1.9343e-07
-2.154e-07
-2.1413e-07
-1.9955e-07
0
1.4157e-06
1.4168e-06
1.4176e-06
0
0
0
-1.0564e-06
-1.0595e-06
0
0
0
0
0
0
0
0
0
0
0
0
0
0
0
0
0
0
0
0
0
0
0
0
0
0
0
0
0
0
0
0
0
0
0
0
0
1.0586e-06
1.1712e-06
0
0
0
0
-1.0599e-06
-1.0606e-06
0
0
0
0
1.1832e-06
1.1759e-06
1.0536e-06
0
0
0
0
0
0
0
0
0
0
0
0
0
-1.7125e-07
-1.6996e-07
-1.6454e-07
6.3363e-09
6.1443e-09
0
-1.196e-06
-1.0725e-06
0
0
0
0
0
1.1827e-06
1.0668e-06
1.1878e-06
0
0
0
0
1.0684e-06
1.0648e-06
0
0
0
-1.0581e-06
-1.0582e-06
0
0
5.5929e-05
0.00027245
-0.00012244
9.4233e-05
7.9065e-05
0.00071719
-0.00013855
0.0085361
0.031224
0.05531
0.070173
0.082951
0.088274
0.086932
0.080418
0.066112
0.046242
0.036524
0.030496
0.016877
-0.010988
-0.045346
-0.078866
-0.09499
-0.1076
-0.1489
-0.1434
-0.028997
-0.003405
-0.0037783
-0.011746
-0.010246
0.0086733
-0.0019492
0.0012631
0.0045297
0.0035582
0.0061064
0.0078189
0.010278
0.013318
0.012724
0.0093879
0.0068262
0.003859
0.0015314
-7.4407e-05
-0.0016451
-0.0031052
-0.0041001
0.0022592
0.0080887
-0.0056663
-0.0075304
-0.0070978
-0.006666
-0.0049897
-0.0038534
-0.0032211
-0.0021864
-0.0014165
-0.00067806
0.00046761
7.4052e-05
0.0010336
0.0016186
0.0019951
0.0020888
0.0021997
0.0024409
0.0016815
0.001617
0.0010798
0.00055409
-0.0006652
-0.00098346
-1.8333e-05
1.6805e-05
7.3708e-06
9.429e-06
1.0204e-05
1.0755e-05
-6.0139e-07
-2.3019e-05
1.4589e-05
8.3249e-06
-6.6603e-06
-4.4467e-06
-2.8676e-06
-1.2572e-05
-1.1958e-05
-8.0383e-06
7.801e-05
0.00011252
0.00022984
0.00015606
0.00018008
-5.6942e-07
-0.0003959
-0.00058105
2.7408e-06
-2.2282e-06
-1.2524e-06
-3.9552e-06
-2.2687e-06
-1.8517e-06
-2.1623e-06
-5.8302e-06
-6.7388e-06
-3.0046e-05
-4.999e-06
-6.2891e-07
2.5154e-07
5.4487e-06
5.9619e-06
6.391e-06
1.3916e-05
1.0763e-05
3.976e-06
7.1635e-06
2.3982e-06
1.2632e-06
-1.3151e-06
-1.982e-06
-3.0278e-06
-2.5766e-06
-1.7575e-06
-1.6116e-06
-1.2335e-07
-3.6384e-07
-3.1192e-07
-2.4475e-07
-7.5277e-08
-2.2711e-07
-2.5243e-07
-1.048e-06
-1.0523e-06
-1.2468e-06
-1.4357e-06
-1.6217e-06
-1.4923e-06
-1.9947e-07
4.1837e-07
3.6579e-07
1.2797e-06
1.276e-06
1.2989e-06
1.6342e-06
1.5798e-06
-3.7562e-08
-4.2089e-08
-8.2409e-08
-1.5635e-07
-1.3561e-06
-1.8657e-06
-1.5458e-06
-5.9689e-08
0
-1.4645e-07
-1.4904e-07
1.0866e-06
1.2113e-06
1.3478e-07
1.3811e-07
1.1909e-07
7.7276e-08
7.4528e-08
4.6447e-08
0
0
-4.2334e-08
-4.1904e-08
-5.7446e-08
-7.4307e-08
-7.4947e-08
-5.7855e-08
1.4733e-07
1.5948e-07
-4.6706e-08
0
0
3.9598e-08
6.2937e-08
6.3098e-08
7.6778e-08
7.5822e-08
5.2698e-08
5.1838e-08
5.0946e-08
0
0
0
-3.6462e-08
-5.9645e-08
-1.1086e-06
-1.2105e-06
-5.0248e-08
-4.7318e-08
0
0
0
3.6459e-08
1.2043e-06
1.2301e-06
1.2327e-06
6.2786e-08
6.1243e-08
5.2966e-08
0
0
0
0
0
-4.425e-08
-4.0135e-08
-4.9403e-08
-4.8215e-08
0
0
0
0
0
3.9762e-08
4.4668e-08
4.4909e-08
4.4415e-08
0
0
0
0
0
0
0
-3.5215e-08
-1.1917e-06
-1.0828e-06
-1.5739e-07
-1.5637e-07
-1.544e-07
0
0
0
4.2483e-08
1.0929e-06
1.1758e-06
1.2151e-06
4.2794e-08
0
0
0.00027043
0.00027214
4.8288e-05
0.00038347
-0.00011568
-0.00066044
0.0034255
0.032933
0.038204
0.042831
0.046767
0.051446
0.05602
0.065275
0.072859
0.064023
0.0041095
-0.10607
-0.15316
-0.13695
-0.10167
-0.043707
0.0039244
0.0022944
0.0035259
0.0056915
0.0084477
0.014926
0.0063696
0.0077882
0.0070409
0.010863
0.014635
0.016686
0.017397
0.016912
0.016767
0.015426
0.014754
0.014005
0.015127
0.015487
0.014906
0.012747
0.019968
0.021275
0.0087311
0.0042177
0.0044018
-0.00038258
0.0020115
0.00080297
0.0092008
0.048553
0.0716
0.083687
0.087152
0.083328
0.075267
0.061657
0.0397
0.017688
-0.015908
-0.066561
-0.11901
-0.16055
-0.16859
-0.15411
-0.10565
-0.056256
-0.023569
-0.004969
-0.0065602
-0.0064436
-0.0070797
-0.0067614
-0.0064368
-0.0055505
-0.0044432
-0.0027797
-0.0016457
0.0005598
0.0018418
0.0022221
0.0026459
0.0025893
0.0021839
0.002514
0.0019666
0.0013472
0.00077099
0.00038017
-6.3817e-05
-0.00057036
-0.00047183
-0.00024051
-0.00030018
-0.00021942
-0.00020499
-6.6998e-05
-3.7714e-05
-2.4319e-06
-3.3441e-05
-3.9525e-05
-4.6728e-05
-9.6018e-05
-9.4241e-05
-5.6155e-05
-0.00012411
-0.00012481
-0.000136
-0.00015184
-0.00022943
-0.0001447
-0.0001691
-0.00021086
-0.00021724
-0.00031222
-0.00034784
-0.00022428
-0.00026188
-0.00027424
-0.00027056
-0.00026054
-0.00033794
-0.00024287
-0.00026775
-0.00015363
-0.00022527
-0.00015559
-0.00029524
-0.00024949
-0.00030698
-0.00036341
-0.00016163
-0.00033581
-0.00034538
-0.00034761
-5.8623e-05
5.9694e-06
5.2466e-06
6.9427e-06
8.3875e-06
5.7893e-06
4.5228e-06
5.8691e-06
6.4731e-06
4.7001e-06
2.7704e-06
2.0774e-06
-1.1066e-06
-1.9523e-06
-2.0342e-06
-2.419e-06
-2.288e-06
-1.4085e-06
-2.4442e-07
1.2856e-07
1.5089e-06
1.6837e-06
2.4534e-06
2.328e-06
4.2134e-07
4.8996e-07
1.0104e-07
-3.4014e-07
-3.8527e-07
-1.4545e-06
-1.4191e-06
8.2551e-09
-4.0326e-08
3.0384e-08
2.4407e-07
2.7441e-07
2.6099e-07
2.6318e-07
2.2945e-07
0
-2.1039e-07
-1.9444e-07
-2.1857e-07
5.4149e-08
1.0404e-07
6.6902e-08
0
-5.2332e-09
-5.416e-09
-1.2039e-08
-1.2432e-08
-4.6315e-08
-5.1612e-08
-5.1384e-08
-4.3564e-08
7.7022e-09
7.9488e-09
0
0
0
0
0
0
0
4.921e-08
5.4941e-08
5.4423e-08
0
0
0
0
0
-5.4627e-08
-5.4395e-08
-5.4165e-08
0
0
0
0
0
-0.00041561
0.00014828
-0.00019367
0.0015012
-0.00050365
-0.0070139
-0.0058176
-0.0032004
-0.0034476
-0.0040038
-0.0023119
-0.0028889
-0.0024745
-0.0015218
-0.0008104
-0.00073382
-0.0015738
-0.00049025
-0.0013865
-0.0013521
-0.0011572
-0.0036861
-0.0043257
0.011646
0.0004178
-0.0081986
-0.0069524
-0.010125
-0.0077596
-0.0096232
-0.0099425
0.020006
0.036154
0.053907
0.065297
0.077418
0.08357
0.080335
0.030642
-0.0072882
-0.093294
-0.14653
-0.12883
-0.13061
-0.1058
-0.064862
0.0079556
0.0078829
0.0095512
-0.00075358
0.0018054
0.0049509
0.0059613
0.0063916
0.0050166
0.0039444
0.0015856
-0.0039335
-0.0057689
0.0033384
0.0047346
0.0057198
0.0056748
0.010961
0.0045846
0.0020048
-0.0087969
-0.01529
-0.025893
-0.026601
-0.026078
-0.028269
-0.025387
-0.022213
-0.022204
-0.019263
-0.0053201
0.0015411
0.012094
0.047887
0.01479
-0.00097104
-0.0071722
-0.011923
-0.032368
-0.013106
-0.0057297
-0.0087028
0.017649
0.048908
0.044244
0.038818
0.045747
0.048544
0.030422
0.029456
0.05212
0.052173
0.020864
-0.0011863
-0.022069
-7.037e-05
-0.0020098
-0.00062599
-0.004523
-0.00737
-0.012429
-0.013247
-0.017504
-0.01343
-0.011455
-0.0082723
-0.0043259
4.941e-05
9.1599e-06
-5.1851e-05
-1.1037e-06
-6.7337e-07
-5.5809e-06
-1.3713e-05
-3.1762e-05
-9.7528e-06
-7.0476e-06
-3.7362e-05
-0.00024123
-0.0021906
-0.0039044
-0.0028718
-0.0032248
-0.0025056
-0.001019
-0.0017822
-4.9962e-05
-1.4637e-05
6.0188e-07
2.7412e-06
1.7112e-06
1.0219e-06
4.2321e-06
3.336e-06
-3.7317e-06
-1.2989e-05
-1.7776e-05
-2.3727e-05
-6.7901e-06
-9.4547e-08
2.4671e-06
3.0289e-07
-4.38e-06
-1.3463e-06
-1.0925e-06
-1.18e-06
-3.5071e-06
-1.8944e-06
-6.3974e-07
0
-5.2043e-05
-0.00022281
-4.465e-06
-1.368e-05
-0.0002658
-0.00037969
-0.00036291
-0.00036433
-6.0424e-05
-1.9794e-06
-1.2643e-06
-6.7989e-07
6.1398e-07
-1.4617e-07
-1.1127e-06
-1.7541e-05
-1.6084e-05
-0.0002803
-0.0016418
-0.0019908
-0.00021142
-0.0008108
-0.0026779
-0.0019026
-8.0537e-06
-4.1175e-05
-1.3137e-05
6.7158e-07
1.5864e-06
2.4894e-06
5.6054e-06
7.154e-06
3.5702e-06
-2.4262e-07
-2.5678e-05
-3.3812e-05
-7.6477e-06
-1.218e-06
3.8013e-06
1.9138e-07
-5.1339e-06
-4.3555e-06
-5.2462e-06
-1.541e-05
6.8563e-08
1.9086e-06
-2.2707e-06
-1.292e-06
-5.5327e-06
-0.0002086
-0.00025956
-6.4917e-06
-1.8769e-06
-6.2543e-07
-4.9537e-07
-4.8336e-07
-4.4151e-07
-1.775e-06
3.6527e-06
1.2674e-06
6.237e-07
1.7068e-06
-4.9883e-06
-3.8785e-06
-1.2113e-06
-8.4441e-07
-4.2628e-06
-2.5508e-06
-1.0875e-06
-6.3471e-07
-1.719e-05
-6.4441e-06
-3.1565e-06
-2.5053e-06
-1.7641e-06
3.1616e-06
1.0321e-06
0
2.9865e-06
1.5408e-06
7.249e-07
0
7.632e-07
7.7685e-07
0
0
-2.1164e-06
-2.5962e-06
-1.1454e-06
0
0
0
6.6139e-07
7.2784e-07
0
0
-6.2959e-07
-6.2744e-07
0
0
-5.9022e-07
-6.2856e-07
-6.0052e-07
-5.2674e-07
