0
0
0
0
0
0
0
0
0
0
0
0
0
0
0
0
0
0
0
0
0
0
0
0
0
0
0
0
0
0
0
0
0
0
0
0
0
0
0
0
0
0
0
0
0
0
0
0
0
0
0
0
0
0
0
0
0
0
0
0
0
0
0
0
0
0
0
0
0
0
0
0
0
0
0
0
0
0
0
0
0
0
0
0
0
0
0
0
0
0
0
0
0
0
0
0
0
0
0
0
0
0
0
0
0
0
0
0
0
0
0
0
0
0
0
0
0
0
0
0
0
0
0
0
0
0
0
0
0
0
0
0
0
0
0
0
0
0
0
0
0
0
0
0
0
0
0
0
0
0
0
0
0
0
0
0
0
0
0
0
0
0
0
0
0
0
0
0
0
0
0
0
0
0
0
0
0
0
0
0
0
0
0
0
0
0
0
0
0
0
0
0
0
0
0
0
0
0
0
0
0
0
0
0
0
0
0
0
0
0
0
0
0
0
0
0
0
0
0
0
0
0
0
0
0
0
0
0
0
0
0
0
0
0
0
0
0
0
0
0
0
0
0
0
0
0
0
0
0
0
0
0
0
0
0
0
0
0
0
0
0
0
0
0
0
0
0
0
0
0
0
0
0
0
0
0
0
0
0
0
0
0
0
0
0
0
0
0
0
0
0
0
0
0
-3.6931e-07
-3.4805e-07
0
0
0
0
0
0
0
0
0
0
0
0
0
0
0
0
0
0
0
0
0
0
0
0
0
0
0
0
0
0
0
0
0
0
0
0
0
3.7579e-07
4.1547e-07
0
0
0
0
0
0
0
0
0
0
0
0
0
0
0
0
0
0
0
0
0
0
0
0
0
0
0
0
0
0
0
0
0
0
0
0
0
0
0
0
0
0
0
0
0
0
0
0
0
0
0
0
0
0
0
0
0
0
0
0
0
0
0
0
0
0
0
0
0
0
0
0
0
0
0
0
0
0
0
0
0
0
0
0
0
0
0
0
0
0
0
0
0
0
0
0
0
0
0
0
0
0
0
0
0
0
0
0
0
0
0
0
0
0
0
0
0
0
0
0
0
0
0
0
0
0
0
0
0
0
0
0
0
0
0
0
0
0
0
0
0
0
0
0
0
0
0
0
0
0
0
0
0
0
0
0
0
0
0
0
0
0
0
0
0
0
0
0
0
0
0
0
0
0
0
0
0
0
0
0
0
0
0
0
0
0
0
0
0
0
0
0
0
0
0
0
0
0
0
0
0
0
0
0
0
0
0
0
0
0
0
0
0
0
0
0
0
0
0
-8.175e-06
0
0
0
0
0
0
0
0
0
0
0
0
0
0
0
0
0
0
0
0
0
0
0
0
0
0
0
0
0
0
0
0
0
0
0
0
0
0
0
0
0
0
0
0
0
0
0
0
0
0
0
0
0
0
0
0
0
0
0
0
0
0
0
0
0
0
0
0
0
0
0
0
0
0
0
0
8.1746e-06
7.3571e-06
0
0
0
0
0
0
0
0
0
0
0
0
0
0
0
0
0
0
0
0
0
0
0
0
0
0
0
0
0
0
0
0
0
0
0
0
0
0
0
0
0
0
0
0
0
0
0
0
0
0
0
0
0
0
0
0
0
0
0
0
0
0
0
0
0
0
0
0
0
0
0
0
0
0
0
0
0
0
0
0
0
0
0
0
0
0
0
0
0
0
0
0
0
0
0
0
0
0
0
0
0
0
0
0
0
0
0
0
0
0
0
0
0
0
0
0
0
0
0
0
0
0
0
0
0
0
0
0
0
0
0
0
0
0
0
0
0
0
0
0
0
0
0
0
0
0
0
0
0
0
0
0
0
0
0
0
0
0
0
0
0
0
0
0
0
0
0
0
0
0
0
0
0
0
0
0
0
0
0
0
0
0
0
0
0
0
0
0
0
0
0
0
0
0
0
0
0
0
0
0
0
0
0
0
0
0
0
0
0
0
0
0
0
0
0
0
0
0
0
0
0
0
0
0
0
0
0
0
0
0
0
0
0
0
0
0
0
0
0
0
0
0
0
0
0
0
0
0
0
0
0
0
0
0
0
0
0
0
0
0
0
0
0
0
0
0
0
0
0
0
0
0
0
0
0
0
0
0
0
0
0
0
0
0
0
0
0
0
0
0
0
0
0
0
0
0
0
0
0
0
0
0
0
0
0
0
0
0
0
0
0
0
0
0
0
0
0
0
0
0
0
0
0
0
0
0
0
0
0
0
0
0
0
0
0
0
0
0
0
0
0
0
0
0
0
0
0
0
0
0
0
0
0
0
0
0
0
0
0
0
0
0
0
0
0
0
0
0
0
0
0
0
0
0
0
0
0
0
0
0
0
0
0
0
0
0
0
0
0
0.00086954
0.01912
0.0087185
0.00096207
-0.0014923
0.00070239
0.0003341
0.00048391
0.0002034
0.00077123
0.0011593
0.00091217
0.00063146
0.0023777
-0.00094438
-0.00088605
-0.0015417
-0.00065092
-0.021009
-0.0021889
-0.0034738
-0.0031077
-0.0019608
-0.002299
-0.0024024
-0.0016031
-0.0016378
-0.0012626
0.0035226
0.0035251
-0.0025869
-0.0010222
-0.00084617
-0.00052134
-0.00021106
0.0012907
0.0014818
0.00036666
0.0021227
0.00073206
0.0021204
0.0020315
0.0015857
0.0027619
0.023973
0.01708
0.00039433
0.00080716
0.0012914
0.00077733
0.00029127
-0.000568
-0.0006438
-0.00027785
-0.00067458
-0.0004902
-0.0016548
-0.0020072
0.00070886
-0.013761
-0.009299
-0.00018796
-0.00095932
-0.0016151
-0.0013928
-0.00070781
-0.0012123
-0.00090919
-0.00064238
-0.00062598
-0.00051361
-0.00029569
-0.00017925
-0.00044885
-0.00045437
7.4789e-05
-3.8696e-05
7.5305e-05
0.00012815
0.00010264
2.6003e-05
9.6343e-05
1.9101e-05
-3.0743e-05
-5.5729e-05
1.1822e-05
1.241e-06
5.792e-05
-0.0001189
5.5877e-05
-4.2736e-05
2.2991e-05
5.1012e-05
2.9556e-05
3.8564e-05
-5.1383e-05
-5.7058e-06
-0.00049969
0.00013025
-0.00049543
-0.0011175
-0.00092029
-0.0011577
-0.0013736
-0.0020252
-0.0013311
-0.0019314
0.0027052
0.00064894
-0.0023748
-0.00069584
0.00061597
-0.00058027
-0.00066951
0.00053852
0.0008421
-9.3393e-05
0.0019319
0.0004523
-0.0001197
0.0015334
-0.0050124
0.0030125
-0.0026848
0.0077358
0.02231
0.0014631
-0.00027299
0.00062189
7.3207e-05
-0.00011595
0.0014345
0.0018991
0.00061718
-0.00035658
-0.0020501
-0.00091607
-0.0027394
-0.00064876
-0.001095
0.0010172
0.0018925
-0.027176
-0.0028073
0.010071
-0.0030786
-0.0013266
-0.00034041
-0.0024535
-0.003292
-0.00038136
-0.0011076
-0.0013014
-0.0020289
-0.0023407
-0.00066128
0.00032798
0.00036127
-0.0016853
0.00080649
0.00010417
0.00098289
0.00016131
0.00089075
0.00011761
0.0022127
0.019849
0.0014623
-0.00099747
0.00046829
0.00052978
0.00024758
0.00064153
0.00020983
0.00065459
-8.1394e-05
-0.0011376
-0.0010962
0.00054206
-0.00059855
-0.00075559
-0.0015489
-0.002143
-0.02487
-0.024707
-0.014293
0.00047091
0.0010118
-0.00018087
0.00078867
-0.0015645
-0.00098969
-0.0015681
-0.0014284
-0.0014992
-0.00089443
-0.0017311
8.0263e-05
-0.0001518
-0.0001006
2.7667e-06
-5.1198e-05
2.9232e-06
7.498e-06
-6.5003e-05
-3.1849e-05
-9.2851e-05
-0.00018058
-9.8753e-05
-0.00019692
-0.00027104
-0.00018358
-5.4273e-07
9.6134e-08
2.8012e-05
2.9297e-05
-6.8318e-05
4.6643e-05
7.8113e-05
-2.3602e-06
-1.5063e-05
-8.5184e-06
-9.3058e-07
-3.6132e-06
-7.1761e-07
-5.948e-06
-6.0549e-07
3.309e-06
9.5917e-07
2.4383e-06
2.0492e-06
-6.0275e-06
-1.1598e-05
4.2526e-07
-1.2288e-06
-8.1998e-07
-2.216e-06
-3.9003e-06
-4.6519e-06
-3.8494e-06
-2.967e-06
-4.6635e-07
7.315e-07
3.7898e-07
-4.5182e-08
2.163e-07
1.0695e-06
1.6409e-06
1.1244e-06
2.1109e-07
1.2733e-07
9.5168e-07
1.3433e-06
1.1464e-06
6.7954e-07
2.1774e-07
-2.9739e-07
-2.6651e-07
-4.4393e-07
-3.2686e-07
-1.4359e-07
7.0636e-07
5.2237e-07
1.1263e-07
1.4965e-07
1.7035e-07
1.0271e-07
7.1619e-07
1.2265e-06
1.2192e-06
1.0779e-06
1.0936e-06
1.6664e-06
1.1979e-06
7.2048e-07
2.1501e-07
-5.1911e-08
-1.731e-06
-1.7176e-06
-1.8039e-06
-1.6877e-06
-6.9389e-07
-4.0314e-07
-4.1344e-07
-4.1263e-07
-4.5586e-07
-3.7962e-07
5.9018e-07
1.3875e-06
2.052e-06
1.8623e-06
9.1494e-07
0
-6.3836e-07
-1.327e-06
-1.7658e-06
-1.7628e-06
-1.7669e-06
-9.5095e-07
-9.3055e-07
-5.2301e-07
-4.2991e-07
5.9521e-08
3.3379e-07
5.5933e-07
4.6367e-07
6.1643e-07
9.1066e-07
6.1298e-07
1.112e-06
1.3052e-06
1.3038e-06
1.2708e-06
1.2312e-06
-7.1892e-06
-6.4138e-06
-7.3342e-06
-7.922e-06
-2.5461e-07
6.5294e-06
-8.0329e-07
2.1826e-07
8.6497e-07
1.1797e-06
9.0283e-07
8.7819e-07
5.0046e-07
4.382e-07
6.7606e-07
6.4614e-07
2.7108e-07
-2.5444e-07
-2.4752e-07
-4.1562e-07
-5.5644e-07
-5.2362e-07
-7.3711e-07
-6.4668e-07
-9.2105e-07
-7.9417e-07
-4.8046e-07
-4.7936e-07
-4.71e-07
-3.6885e-07
0
5.1802e-07
7.6051e-07
-6.2404e-06
2.8834e-07
-2.5928e-07
-2.4383e-07
-4.1523e-07
-5.0319e-07
-6.1556e-07
-1.0284e-06
-8.584e-07
7.6267e-06
6.8397e-06
7.4752e-06
-7.0815e-07
-1.7542e-07
2.5485e-07
2.785e-07
3.1109e-07
5.0968e-07
4.4654e-07
6.9674e-07
7.1439e-07
-6.7835e-06
-6.5801e-06
-7.5146e-06
5.1515e-07
2.6382e-07
-2.1906e-07
-3.2758e-07
-5.7623e-07
-5.8665e-07
-5.6662e-07
-3.3447e-07
-3.3832e-07
7.0801e-06
8.1741e-06
0
0
0
2.4651e-07
2.9431e-07
-7.0616e-06
-7.0653e-06
-7.8567e-06
0
0
0
0
0
0
0
0
0
0
2.6746e-07
2.3526e-07
0
0
0
-2.7707e-07
-2.6432e-07
0
0
0
0
2.5172e-07
2.4876e-07
2.4741e-07
0
0
0
0
0
0
0
0
0
0
0
0
0
0
0
0
0
0
0
0
0
0
0
0
0
0
0
0
3.0168e-07
0
0
0
-2.9813e-07
-2.6757e-07
0
0
0
0
0
0
0
0
0
0
0
0
0
0
0
0
0
0
0
0
0
0
0
0
0
0
0
0
0
0
0
0
0
0
0
0
0
0
0
0
0
0
0
0
0
0
0
0
0
0
0
0
0
0
0
0
0
0
0
0
0
0
0
0
0
0
0
0
0
0
0
0
0
0
0
0
0
0
0
0
0
0
0
0
0
0
0
-0.00032824
-0.00057687
-0.0019184
-0.0016686
-0.0016461
0.00067962
-0.0015453
-0.00029541
0.0011969
-0.0011358
-0.0014487
-0.0010544
-0.00078102
-0.00062389
-0.0011891
0.00021492
-0.0003396
0.0011323
-0.0014131
-0.001154
0.00107
-0.00028271
0.0015184
0.0006479
0.00079272
0.0012455
0.012107
0.0047986
0.0027132
0.00377
0.0022208
0.0015649
0.00095941
0.0016114
0.001155
0.00043627
0.00030484
-0.00047546
-0.0017521
-0.00068502
1.5226e-05
0.00026145
0.0014918
-0.00040915
-0.018959
-0.030911
0.00031578
-0.00044958
0.0012054
-0.0031186
-0.0015487
-0.0035722
0.0010911
0.0047963
0.0019203
-0.00015773
0.00081383
-0.00090995
0.00024973
0.00045241
0.000853
0.00033663
-6.2299e-05
0.0004482
0.0011454
0.0015551
0.00059513
0.0017761
0.00085149
0.0010847
0.00070275
4.7381e-05
0.00016475
-3.4634e-05
-0.00022267
0.00031509
-2.1496e-05
6.6221e-05
-0.00019291
0.00015778
-6.7543e-05
-0.00029882
1.3469e-05
-0.00010335
-8.9867e-06
0.00011888
-5.6721e-05
0.00087039
0.00048971
-0.00046618
0.0007191
0.0010203
0.0011878
0.0074003
0.020333
0.0017865
0.00014484
0.00045499
0.0014141
0.0013196
0.002356
0.00085089
-0.0011768
-0.00041859
-0.0031459
-0.00064894
-9.237e-05
-0.00081099
-5.3716e-05
-0.0020731
-0.00075446
-0.021949
-0.032785
-0.0061867
-0.0032048
-0.0020714
-0.0012602
4.6173e-05
-0.0050566
-0.0013523
9.9484e-05
-0.0019682
-0.00058443
-0.00091291
-0.00018009
0.00059394
8.9685e-05
-0.001063
0.00021293
0.00071924
0.0010521
-0.00023676
0.00078164
-0.00040376
0.0014973
0.0018151
0.0031397
0.0077335
-0.00058474
0.001116
-0.0028631
0.0024553
0.027617
0.033601
0.00057878
-0.0014484
-0.00018093
0.00042638
0.00010371
0.001835
-0.00056475
0.0010785
-0.0011025
-0.00082207
-0.0014201
-9.0703e-05
8.3837e-05
0.00083082
-0.00097788
-0.025968
-0.045648
0.0004526
-0.0013927
-0.0012367
0.00046374
-0.0058071
-0.00024112
-0.0012622
-0.001008
-0.0018424
-0.00074675
0.0014428
-0.001132
-0.0017013
0.0011844
0.0008743
-0.00078559
-0.00045805
0.0011023
0.0005589
0.00059469
-0.0019455
0.0018764
0.001737
-0.00069027
-0.0061644
0.0028149
0.0018367
-0.0024182
0.0026853
0.035462
0.024454
-0.0017471
0.0013747
0.00055939
0.001735
0.0014009
-0.0001487
-0.00066932
8.9318e-05
-0.00065813
-0.0011397
0.0007555
0.00071935
0.00032782
-0.0014947
-0.0021114
-0.01549
-0.03274
0.00079478
-0.00099895
-0.0014622
-0.0001469
-0.00044456
-0.0014193
-0.00094144
-0.0036998
-0.00058459
-0.00066074
-0.0027658
8.0524e-05
-0.00011623
0.00065293
-0.0009359
0.0003864
0.00025346
0.00092078
0.0010187
-0.00034294
0.00071934
-0.0005156
0.0010803
0.0011317
0.002432
-0.0026877
-0.0038808
0.00099476
0.0012957
0.00181
0.03428
-0.00099613
0.0012855
0.0015262
0.00071367
0.0012085
0.0017341
-5.7356e-05
-0.0010931
0.0002151
-7.9509e-05
-0.000543
-0.00021872
0.0021937
-0.00047609
-0.00024595
-0.0016627
-0.041405
-0.039494
-0.0021908
0.00073092
0.0017859
-0.0018483
0.00047549
-6.0457e-05
0.00067968
-0.0043659
-2.8456e-05
-2.0264e-05
-0.0005809
-0.0013295
0.00077026
-8.8812e-05
-0.00039324
-0.0008885
-0.00072809
5.3654e-05
-0.0003752
0.00019866
-0.00081645
-0.00033771
-0.0047435
0.00012548
0.00083246
0.00066054
0.0007403
0.00098916
0.0016332
0.00053977
0.00026588
2.1927e-05
-0.00083931
-0.00038471
0.00035682
0.0010082
-1.9298e-05
5.7309e-05
-0.00019786
-8.3761e-05
1.6318e-05
4.4577e-05
0.00016451
-2.5795e-05
3.8134e-06
-3.9793e-05
-5.5283e-06
-7.0838e-05
5.2395e-06
-1.3055e-05
6.0034e-05
2.7914e-05
1.5564e-05
-8.4268e-06
4.8159e-05
-4.0679e-05
-1.5269e-05
-9.357e-08
3.5522e-07
-1.7228e-05
-2.4213e-06
3.3627e-06
6.9705e-05
2.4654e-05
2.3294e-05
-2.7101e-05
-1.1723e-05
-3.536e-05
2.0789e-05
-2.245e-05
-2.2838e-05
-2.3855e-05
-6.2878e-05
-1.0934e-05
1.4462e-05
-4.9146e-05
3.5736e-05
6.4017e-06
-3.1672e-05
1.3256e-05
-2.9695e-05
-1.8253e-05
-3.0001e-05
4.0745e-05
-8.5265e-06
-8.9497e-06
-5.3927e-06
-5.5567e-06
-2.1536e-06
2.775e-06
4.7881e-06
4.8215e-06
4.2501e-06
2.9177e-06
4.4804e-06
2.8437e-06
6.6051e-06
6.3046e-06
7.4343e-06
-5.8399e-07
-5.8496e-07
-1.1634e-06
-1.7199e-06
-1.186e-06
-8.658e-06
-8.657e-06
-9.0757e-06
-1.0844e-06
-6.2299e-07
-3.283e-07
-5.5333e-07
-1.0614e-06
-5.9437e-07
2.6503e-07
9.2077e-06
9.199e-06
1.5204e-06
1.2147e-06
5.2806e-07
0
0
0
-7.8144e-07
-9.7719e-07
-2.673e-07
-4.9787e-07
-2.4296e-07
-8.1697e-06
-8.1696e-06
-8.1694e-06
0
0
0
8.4485e-06
8.4412e-06
7.3525e-06
0
0
2.9261e-07
2.6861e-07
2.6702e-07
0
0
0
0
0
0
0
-4.7771e-07
-4.8723e-07
0
0
4.7908e-07
5.2439e-07
0
0
0
0
-6.241e-05
0.00043726
0.00081341
0.0030616
0.00025619
-0.00035759
0.00059041
0.024289
0.010074
-0.0010497
-0.00074299
0.00080561
0.00020854
-0.00047519
0.00014354
0.00068781
-9.0817e-05
0.0011268
-0.00037351
-0.0007919
-0.0012015
0.00041536
-0.0011614
-0.00047492
-0.0033075
-0.016756
-0.0030383
-0.0038899
-0.001531
-0.0035561
-0.002764
-0.0039777
0.0024304
-0.0013062
-0.0069115
-0.0016039
-0.00068409
0.0022918
-0.00031935
-0.00051252
2.4432e-05
-0.0029662
0.0010892
0.0031132
0.00029068
0.00043482
0.00052083
-0.00014485
0.00094766
0.0013046
0.0074297
-0.0025756
0.0023105
0.0025598
0.0027951
0.0021914
0.0058656
0.011493
0.00080911
0.0014841
0.0011861
0.0013813
0.0012118
0.00051025
0.0021047
0.0019644
5.8264e-05
-0.0019996
-0.0018651
-0.0004437
-0.00019215
-0.0072346
-0.015024
-0.00043024
-0.00069019
-0.0061573
-0.00030091
-3.5062e-05
0.00015349
-0.00048174
-0.00051079
-0.00058889
-0.00064468
-0.00054921
-0.00054641
-0.00010998
0.00036258
-9.0402e-06
2.5336e-05
-0.00019479
6.451e-06
0.00013228
0.00043759
7.0214e-05
-0.00021878
-0.00010433
0.00010539
3.1388e-05
2.8779e-05
5.2861e-05
-6.9345e-05
-2.3437e-05
0.00030091
6.3217e-05
-2.5617e-05
-2.2321e-05
4.432e-05
2.6661e-05
2.689e-05
2.5334e-05
-8.2976e-06
1.3443e-05
-9.2183e-06
5.822e-05
7.0566e-05
-5.2224e-05
4.5063e-06
3.4035e-05
-2.3575e-05
8.7453e-06
0.00010282
-5.3144e-05
0.00010485
-0.00022209
-0.0011245
-0.0012977
-0.00014977
-0.00035886
-0.0005024
-0.00088203
0.00062326
-0.00081992
3.2199e-05
-0.00027834
-0.00072068
-0.00066302
0.0002179
-1.7902e-06
0.00033671
-0.0013316
-1.2536e-05
0.0002175
-0.00072437
0.00053481
0.00089578
0.00096022
-0.0014714
0.0014866
0.0051299
0.0025401
0.01112
0.0010651
-0.0031409
0.0061978
0.00021527
6.3971e-05
0.0013244
0.00091689
0.001798
0.0028175
0.001379
0.00065847
0.00048612
0.00060444
-0.00072331
-0.0020572
-0.0016544
-0.0023541
-0.00149
-0.00025948
-5.2092e-06
-0.0020938
-0.0082975
-0.003322
-0.0029952
-0.0016613
-0.0015717
-0.0020364
-0.0021785
0.0022997
-0.00050423
-0.00082477
-0.0016319
-0.00012819
0.0028443
-0.0012795
-0.00063994
0.00073047
0.0018024
-0.0001829
0.00041441
-0.0010653
-0.00018674
0.00036379
0.00079022
0.00042706
-0.0018006
0.0042273
0.0047702
0.0044235
6.2039e-05
-0.0026897
-0.00015245
0.0019104
0.0028851
-8.7965e-05
0.00090847
0.00032596
0.0011337
0.0017832
0.00012195
0.0013732
-0.00045235
-0.0017282
-0.00075726
-2.9756e-05
0.0020628
-0.00049555
-0.0031659
-0.0037783
-0.0015496
-0.0019442
-0.0022986
-0.0045764
-0.0013931
0.00014547
-0.0015086
0.0067691
-0.0080927
0.0038109
-0.0018148
-0.0026911
-0.0011908
-0.0036294
-0.0007619
-0.0010699
-0.00036745
0.00066739
0.00039138
0.00046794
0.0015102
0.0030836
0.0048408
0.0046154
0.005844
0.0042584
0.013856
0.0063005
0.0013843
0.0014411
0.0015025
0.0008914
0.00088729
0.00072137
0.00070181
0.00063848
-7.2836e-05
-0.00079762
-0.0010676
-0.0045701
-0.00058558
-0.00069394
-0.00062752
-0.0007226
-0.011924
-0.021582
-0.0014981
-0.0034109
0.0010276
-0.0010203
-0.0037472
-0.00015651
-0.0010145
-0.0005729
-0.00087932
-0.00049233
-0.00057703
-0.00051821
-0.00046774
-0.00048809
-0.00046158
-8.6099e-05
9.3778e-05
-0.00015381
0.00017841
-0.00016021
0.00011535
-0.00021517
-2.1411e-05
8.26e-06
-1.028e-05
0.00011414
9.4985e-05
5.0704e-05
-3.1714e-05
1.7137e-05
-1.9542e-05
-3.419e-05
7.7692e-06
9.7939e-06
-4.9412e-05
-3.2651e-05
-3.9291e-05
-7.558e-05
3.7711e-05
-3.5519e-05
1.4382e-05
1.96e-05
2.451e-05
1.1679e-06
-1.7852e-06
-4.1515e-06
-7.3226e-07
2.9723e-06
-2.9746e-06
3.2409e-06
1.766e-06
2.3091e-06
4.1274e-07
-5.9837e-07
-1.0835e-06
-2.8792e-06
-9.5e-06
-3.0777e-06
-1.056e-06
-1.2448e-07
1.2606e-06
-6.8534e-06
-6.9597e-06
1.3012e-06
1.2988e-06
2.1244e-06
1.425e-06
3.2125e-08
-7.5147e-07
-6.9233e-07
-1.3691e-06
-1.3319e-06
-1.6353e-06
-1.9569e-06
-1.2407e-06
-6.0253e-08
0
0
3.3798e-07
1.1568e-06
1.535e-06
8.542e-07
2.194e-07
2.8327e-07
3.4489e-07
3.5186e-07
3.4979e-07
-7.4022e-07
-1.4683e-06
-1.2902e-06
-3.1073e-07
-3.3076e-07
0
0
3.4513e-07
1.1012e-06
9.6859e-07
3.4447e-07
0
0
0
0
0
-3.096e-07
-6.9207e-07
-6.9654e-07
-3.4828e-07
0
0
3.2569e-07
8.9034e-07
6.2219e-07
2.7271e-07
-3.1042e-07
-3.0913e-07
-3.7299e-07
-3.7457e-07
-3.4286e-07
0
-3.4842e-07
-3.4766e-07
-3.453e-07
0
0
0
3.1875e-07
3.2258e-07
0
0
0
0
0
0
0
0
0
0
0
0
0
0
0
0
0
0
0
0
0
0
0
0
0
0
0
0
0
0
0
0
0
0
0
0
0
-3.3576e-07
-3.7314e-07
0
0
0
0
3.2099e-07
3.2739e-07
0
0
0
0
-3.5878e-07
-3.6747e-07
-3.2774e-07
0
0
0
0
0
0
0
0
0
0
0
0
0
-3.2251e-07
-3.2029e-07
-8.5084e-06
-8.1746e-06
-8.1747e-06
0
3.3812e-07
3.1401e-07
0
0
0
0
0
-3.4646e-07
-3.119e-07
-3.4129e-07
0
0
0
0
-3.2265e-07
-3.2318e-07
0
0
0
3.1304e-07
3.1108e-07
0
0
-0.00058645
-0.0017156
-0.00034148
0.0010693
-0.0010385
-0.0014738
-0.0022945
-0.0012371
-0.0013946
-0.0010621
-0.0021443
-0.0025418
0.00016116
-0.0010696
-0.0016461
0.00018511
0.0034293
-0.00074505
-0.00049527
0.00038819
0.00049906
0.0019028
0.00087889
-0.0014497
0.0025584
0.00084762
0.0027073
0.0016739
0.0083133
0.0021343
0.0013624
0.0014452
0.021877
-0.0012055
-0.0035885
-0.002263
-0.0024211
-0.00094074
-9.5189e-05
-0.0018409
-9.0097e-05
-0.00048773
0.0009488
-0.00064442
-0.0017551
-0.0013103
-0.0015
-0.00031657
-0.00136
-0.0018975
-0.028221
-0.038848
-0.0027855
-0.0013208
-0.0018995
-0.0011178
-0.0010352
-0.001391
-0.0013335
-0.0014056
-0.0009543
-0.00077053
-0.0010324
2.4934e-05
-0.0002271
-0.00013981
-0.00017434
6.5902e-05
-0.00010245
0.00034496
-1.1344e-05
-1.215e-05
0.0002121
-7.2907e-05
2.1699e-05
4.7607e-05
-6.1609e-06
3.0347e-05
8.2151e-06
-5.8994e-05
-4.2128e-05
-4.5746e-05
-3.7119e-05
-3.062e-05
-4.0402e-06
4.625e-06
-0.00016983
-6.8322e-05
-8.1633e-06
-1.164e-06
-3.7734e-06
-2.3486e-05
4.8458e-05
9.677e-06
-2.2439e-05
7.5125e-06
7.6502e-06
1.0435e-05
0.00018537
4.3603e-05
1.1135e-05
-1.3379e-05
-1.0207e-05
-1.336e-05
-1.1775e-05
-1.3639e-05
-5.9985e-06
4.1254e-06
1.4998e-06
6.3045e-06
-5.0951e-05
-2.6437e-05
-2.0116e-05
-2.8425e-05
-5.9981e-05
-1.9993e-05
-1.0038e-06
3.3682e-05
1.5128e-05
6.6916e-06
-1.2229e-06
7.5588e-06
5.6222e-05
2.4713e-05
1.2663e-05
1.6614e-06
1.5313e-06
1.0993e-05
2.1538e-05
-4.7106e-06
-5.111e-06
-7.3327e-06
1.9148e-07
-3.3756e-07
-8.5604e-06
-7.0608e-06
2.8612e-07
7.3166e-08
-5.7194e-07
-8.3995e-07
-5.6205e-07
-8.0716e-07
-1.28e-06
-1.0025e-06
-1.7549e-06
-1.8228e-06
-1.159e-06
-1.2109e-06
-9.2906e-07
2.7705e-07
2.9616e-07
5.7772e-07
1.0064e-06
1.5494e-06
1.9057e-06
8.9839e-07
9.0211e-09
0
-2.9874e-07
-3.0219e-07
-8.6021e-07
-1.0292e-06
-7.4964e-07
-7.5962e-07
-6.4634e-07
-4.1298e-07
-4.2271e-07
-2.792e-07
0
0
2.7908e-07
2.8957e-07
3.8985e-07
5.0031e-07
4.9301e-07
3.8378e-07
6.707e-07
5.8269e-07
2.8816e-07
0
0
-2.4579e-07
-3.8719e-07
-3.9156e-07
-4.6087e-07
-4.5625e-07
-3.3233e-07
-3.3676e-07
-3.3406e-07
0
0
0
2.5903e-07
4.1686e-07
7.82e-07
6.9417e-07
3.4716e-07
3.3144e-07
0
0
0
-2.7058e-07
-6.029e-07
-7.6145e-07
-7.2302e-07
-4.0199e-07
-3.9075e-07
-3.326e-07
0
0
0
0
0
2.6935e-07
2.3924e-07
2.8901e-07
2.9361e-07
0
0
0
0
0
-2.4015e-07
-2.7535e-07
-2.7676e-07
-2.7728e-07
0
0
0
0
0
0
0
2.3136e-07
5.1681e-07
5.2918e-07
-7.637e-06
-7.6428e-06
-7.6508e-06
0
0
0
-2.618e-07
-5.1471e-07
-3.0497e-07
-5.4885e-07
-2.834e-07
0
0
-0.0010433
0.00020849
-0.00069135
-0.0016014
-0.0015609
-0.0020373
0.0016553
-0.0018949
-0.0019763
-0.00030635
0.0020754
8.433e-05
-0.0016486
-0.0015664
-0.0016104
0.00047213
0.0012651
-0.0010892
0.0013793
0.0020335
0.0022247
0.012687
0.0045538
0.0014177
0.0016742
-0.00069543
0.0016012
0.038081
0.00047494
-0.0017018
-0.00058651
0.00021231
0.0017459
0.00077745
0.0001124
0.0001711
-9.9515e-05
-0.0014796
-0.0037505
-0.00028634
-0.00020177
0.0004949
0.0040829
-0.0025977
-0.030324
-0.035949
0.0088868
-0.0014794
-0.0019465
-0.00090216
0.0030309
-0.0014122
-0.00017559
-0.003582
0.00031478
-0.0026432
0.0010538
0.00014575
-0.0005384
3.7915e-05
0.00024858
0.0004508
-4.7636e-05
0.0019383
0.00029298
0.00063552
-0.00068112
-0.00071835
-0.0020645
0.00090816
-0.0021353
0.00056975
0.0027719
0.00033244
0.00099394
0.0017063
0.00084661
0.0013332
0.0010418
0.00078049
2.7213e-05
-2.2512e-05
0.00021991
-4.5606e-05
-2.7543e-05
4.0267e-05
-6.0608e-05
0.00026303
0.00027282
-0.00012472
-0.00017197
1.4852e-05
8.4281e-05
-4.4989e-05
-9.5828e-05
-2.8246e-05
-1.4509e-05
-6.2875e-05
-7.5066e-05
-1.8609e-05
-2.4641e-06
2.0525e-05
1.4679e-05
-1.0709e-05
-3.1482e-05
-1.5905e-05
-1.1376e-05
1.2908e-05
-2.112e-05
4.6122e-06
-3.3913e-05
2.7369e-05
-8.9955e-06
1.9865e-05
8.213e-06
-6.1619e-06
4.0094e-05
-7.5395e-06
-3.4677e-06
-1.3473e-05
-2.6433e-05
1.3353e-05
-1.104e-05
1.1002e-05
-8.0772e-05
7.6835e-06
1.4755e-05
2.4536e-05
-1.664e-05
4.6834e-05
-1.2733e-06
2.2082e-05
-5.7074e-06
-4.2267e-05
4.5185e-05
-2.0495e-06
-3.2412e-05
-2.5765e-05
-9.2425e-05
5.3313e-06
9.8116e-06
5.1183e-06
8.417e-06
1.1059e-05
6.8456e-06
6.9035e-06
3.6919e-06
-6.8058e-07
-2.8213e-06
-1.518e-06
-5.1579e-06
-8.6556e-06
-7.8757e-06
-1.1289e-05
-8.8813e-06
4.9527e-07
1.053e-06
3.831e-06
4.1627e-06
4.4189e-06
3.9336e-06
1.0525e-05
8.7834e-06
9.8499e-06
1.5552e-07
-1.4646e-06
-1.5175e-06
-1.7348e-06
-7.2409e-07
-7.6241e-07
-9.1157e-07
-6.6893e-07
3.8837e-07
7.1307e-07
8.1695e-07
2.1075e-07
-4.0546e-07
0
3.6542e-07
-8.5433e-07
-6.2044e-07
-6.2133e-07
1.5365e-07
4.7857e-07
0
4.4272e-07
4.1041e-07
7.5929e-07
6.6929e-07
-3.3545e-07
-3.6469e-07
-3.7225e-07
-8.485e-07
-4.8733e-07
-4.9826e-07
0
0
0
0
0
0
0
3.32e-07
3.6496e-07
3.5797e-07
0
0
0
0
0
-3.6651e-07
-3.6133e-07
-3.5872e-07
0
0
0
0
0
-0.00087953
0.0011189
0.00064715
0.0012465
0.00057545
0.01781
0.018648
0.00076194
0.00022588
0.00073825
0.0014385
-7.0372e-05
-3.5524e-05
0.00062399
0.00060429
0.0010484
-0.00014071
-0.00012908
-0.0008242
-0.0019182
-0.00030095
-0.0021142
-0.00084506
-0.0054085
-0.00034142
-0.0014137
-0.003269
-0.0059138
-0.0015575
-0.0036415
-0.0034526
-0.0019293
-0.0012689
-0.00026692
0.001353
-0.0030016
0.0012033
-0.00096957
-0.00014991
-0.00066608
0.00050551
-0.00033049
-0.00090881
0.0054592
0.00732
0.010031
0.0085955
0.0056023
0.0085493
-0.0362
0.0044037
0.0040987
0.0068412
0.0059216
0.0050968
0.0025408
0.00084014
-0.0029971
-0.0070933
-0.00050389
-0.0014633
-0.0032384
-0.0026209
-0.0038661
-0.0034596
-0.00034487
0.047278
0.06417
-0.00074319
-0.0072509
-0.0016066
0.00045656
0.00034842
-0.00083264
0.00096808
0.006829
-0.00233
0.0013708
-0.00058096
0.043281
0.002355
0.0046614
0.0030191
0.0023978
0.0042696
-0.01303
-0.0097952
0.021906
-0.031821
0.017637
-0.0062302
0.022109
0.023132
0.016975
0.0085493
0.00072052
0.027352
0.029343
0.014384
-0.0027027
-0.002314
0.00062376
-0.001697
-0.00016666
-0.00098371
-0.0008764
-0.00046303
0.00067667
0.0025685
0.0035263
0.0044698
0.0039268
0.002227
-2.7281e-05
-2.8222e-05
-0.00018398
-6.7116e-05
7.447e-06
-1.9782e-05
-9.5267e-06
9.6684e-06
-1.9834e-05
-1.6245e-05
-6.2908e-07
2.9295e-05
0.00024856
0.00044427
0.00046414
0.00069741
0.00069821
0.00034642
0.00075863
2.5555e-05
8.2145e-06
-3.7286e-07
-1.8432e-06
-1.2256e-06
-7.9251e-07
-3.459e-06
-2.8611e-06
3.2347e-06
1.1584e-05
1.4108e-05
-9.8172e-06
2.805e-06
-1.3855e-06
-3.2843e-06
-5.5044e-07
-7.2872e-06
-1.5272e-06
-2.6273e-06
-3.0873e-06
-9.7004e-07
-6.6502e-07
1.8355e-07
0
2.0788e-05
0.00010307
2.2242e-06
7.1622e-06
0.00014828
0.00022711
0.00021408
0.00021058
3.1018e-05
9.4519e-07
5.289e-07
2.3225e-07
-1.7134e-07
-2.6924e-06
-1.5286e-06
-2.1899e-07
-2.518e-06
-7.388e-06
-2.1117e-05
-3.1046e-05
-6.2684e-06
1.0604e-05
0.00013651
0.00014853
7.2885e-07
6.3561e-06
2.7894e-06
-1.8308e-07
-5.15e-07
-9.2494e-07
-2.9562e-06
-3.9805e-06
-1.3414e-06
1.2668e-06
1.4184e-05
1.7762e-05
2.9876e-06
7.1178e-07
-2.7488e-06
-7.4875e-07
2.5563e-06
-2.9093e-06
-5.2692e-06
1.5339e-06
-1.4346e-06
-6.8123e-07
7.7015e-07
4.8399e-07
2.1702e-06
9.3405e-05
0.00012861
3.5542e-06
1.0898e-06
3.7968e-07
3.2023e-07
3.1068e-07
2.6242e-07
1.0134e-06
-2.0132e-06
-5.8266e-07
-2.2823e-07
-4.3098e-07
8.2137e-07
-5.2122e-07
-8.3732e-07
-1.3188e-06
-1.7277e-06
-4.3415e-07
-2.2711e-07
-1.5737e-07
-4.2201e-06
-1.7434e-06
-7.5384e-07
-5.7255e-07
-3.3176e-07
5.1096e-07
1.2333e-07
0
-1.8263e-08
-7.427e-08
-6.7147e-08
0
-9.834e-08
-1.0317e-07
0
0
2.9495e-07
-7.63e-07
-8.5065e-07
0
0
0
-2.897e-08
-3.2798e-08
0
0
8.1527e-08
1.0333e-07
0
0
2.2548e-07
2.8731e-07
3.0281e-07
2.9094e-07
