15.04
15.087
15.787
14.965
16.25
14.676
16.27
15.021
15.074
16.226
14.539
16.316
14.86
15.879
16.171
14.619
16.342
15.047
16.208
14.937
16.115
15.388
16.33
14.566
16.159
15.034
15.887
16.294
15.046
16.242
14.897
15.05
16.343
14.445
16.003
15.07
16.363
14.606
14.746
15.779
15.014
16.309
14.497
15.036
15.091
15.263
15.063
15.718
16.202
15.099
16.371
15.03
15.706
16.196
16.426
16.062
16.414
14.443
16.145
15.052
16.319
16.376
14.994
16.345
16.412
15.028
16.386
15.069
15.692
15.114
16.353
14.489
15.055
14.523
16.335
16.198
15.017
15.828
15.002
16.368
15.035
15.799
15.265
14.648
16.378
14.986
15.893
15.846
15.092
15.788
15.255
14.996
14.965
15.952
15.079
16.345
14.997
14.404
14.871
14.804
16.19
15.51
14.886
15.901
15.057
14.933
16.42
14.973
16.109
14.79
15.183
15.918
14.982
15.928
14.833
14.735
16.291
15.28
14.529
16.262
16.173
14.414
16.365
15.057
15.045
16.362
14.716
14.756
15.02
14.968
15.932
16.237
14.887
16.29
16.184
15.041
16.301
14.982
16.349
14.571
16.29
15.059
16.079
15.033
14.982
16.095
15.252
16.048
15.965
14.491
16.198
14.835
16.139
16.066
14.886
15.367
16.464
14.954
16.288
14.974
16.326
15.355
15.147
16.188
15.016
15.049
16.134
14.845
14.715
15.923
15.035
14.736
16.29
14.987
16.372
15.784
14.8
15.083
16.324
14.657
16.312
15.054
15.032
15.876
15.426
14.553
16.192
15.03
16.291
14.53
14.405
14.975
16.224
15.037
15.052
16.247
14.847
15.597
16.203
15.018
16.273
15.063
16.377
14.743
16.233
14.97
14.753
14.948
16.337
14.497
15.115
15.63
16.326
15.058
16.312
16.285
16.322
16.365
14.452
15.059
16.143
15.109
16.323
16.368
14.712
16.359
14.902
16.405
15.248
15.907
15.727
15.009
16.244
14.917
15.898
16.215
15.545
14.791
15.752
13.46
14.767
13.953
12.028
12.192
10.772
10.408
10.185
9.145
8.6219
7.5374
7.6381
7.6267
6.797
7.0422
6.4635
6.3989
7.0715
7.1638
7.2042
8.5855
8.1801
8.9429
9.9898
10.73
12.192
11.986
14.913
15.504
14.355
17.111
17.824
18.507
21.254
24.106
28.377
35.145
36.111
39.363
39.599
39.572
41.922
39.931
39.507
39.598
40.641
43.38
43.704
42.067
43.859
41.538
39.441
43.162
39.256
43.477
38.608
38.614
32.974
30.139
21.341
15.511
11.234
10.624
11.685
12.583
17.577
20.922
29.112
31.493
34.459
36.514
35.096
36.094
40.556
38.452
40.556
41.418
36.412
32.051
32.546
28.353
19.489
10.497
4.1505
0.67937
0.32994
0
0.031529
0.0023005
0.06623
0.069783
0.11143
0.11187
0.10766
0.019405
0.050158
0.078553
0.14946
0
0.15577
0
0.017229
0.0097222
0.06621
0.76628
4.2451
5.4696
5.1909
2.7385
2.524
1.3512
0.91369
0.17284
0.29623
0.56695
0.51794
0
0.091901
0
0.43373
0.10592
1.1331
2.5648
3.2302
6.6707
14.639
22.037
33.457
38.31
35.608
38.399
42.074
39.591
43.915
42.65
42.638
40.3
44.234
44.354
42.169
38.908
37.967
39.597
33.423
35.75
28.087
18.747
16.376
19.173
22.808
27.34
26.929
29.952
31.821
36.369
36.348
37.849
39.526
39.075
39.962
40.084
36.087
19.213
7.2242
2.0218
0.26828
0.46171
0
0.065932
0.17845
0
0.1289
0.29327
0.085793
0.3046
0.15572
0.17156
0.15924
0.15868
0.15869
0.17517
0.085338
0.17816
0.030595
1.332
2.0833
6.7951
8.9692
9.3724
4.7038
5.2116
4.0604
2.2983
2.3035
1.2293
0.8307
0.18081
0.35648
0
0.26555
1.083
1.5332
2.5997
3.091
5.3455
8.7429
13.011
20.116
26.98
32.422
40.395
38.556
38.176
42.815
44.926
41.763
43.969
42.967
43.937
42.101
45.139
41.675
40.473
40.23
39.775
38.048
41.339
40.335
37.028
35.323
20.433
24.387
25.481
28.59
28.864
33.086
38.434
36.127
39.172
40.901
39.579
40.448
38.042
37.724
38.064
31.657
28.797
27.704
19.608
8.064
2.9573
1.295
1.056
0
0.018851
0
0.014398
0.061146
0.040282
0.085837
0.10497
0
0.055146
0.040796
0.075983
0.12078
0.13581
0.6383
2.8188
5.0229
6.5828
8.1884
8.0539
11.525
10.878
8.8999
5.551
4.2171
3.0732
2.23
1.435
0.72865
0.38638
0.19082
0
0.030537
0.40472
1.1288
1.3047
2.0157
6.1809
12.95
12.994
20.731
40.682
39.392
42.706
47.681
38.833
45.242
45.585
42.386
43.002
43.837
41.659
40.842
38.919
42.586
38.192
37.606
40.184
35.368
29.682
23.31
17.237
18.265
22.842
26.095
30.251
29.513
35.165
34.389
39.076
38.182
42.338
38.299
37.963
36.231
33.112
30.377
28.422
25.348
14.349
3.5706
1.6818
0.062072
0
0.07496
0.10466
0.054614
0.18768
0
0.094276
0.048175
0.070326
0.13977
0.15118
0.11365
0.089008
0.12685
0.17633
0.071335
0.15693
0.063186
0.62862
2.1642
11.14
11.031
8.9288
5.2206
4.2826
2.4291
1.4124
1.0435
1.3159
0.12767
0.039221
0.018596
0.85623
1.062
1.1822
1.5696
2.7995
7.332
12.439
15.608
20.347
30.462
37.867
38.483
40.885
41.965
44.032
46.865
43.959
46.837
45.499
42.236
48.199
45.699
42.495
43.365
42.294
40.243
44.071
33.946
27.166
22.212
18.718
22.312
25.484
26.695
31.403
31.516
35.479
34.11
39.655
37.994
39.002
39.185
40.15
36.882
37.549
33.818
29.796
30.394
26.406
22.782
11.171
2.7228
0.41489
0.5436
0
0.016743
0.15841
0.029603
0.069579
0.064678
0.070307
0.14885
0.045701
0.16512
0.058154
0.11311
0.16221
0.13808
0.0078622
0.16278
0.1908
4.7505
7.8911
5.9332
9.3688
10.566
6.4751
5.4069
3.8013
3.441
2.9338
2.2325
1.5034
1.0356
0.75198
0.76937
0.97322
1.2018
1.6926
1.935
3.7387
6.7519
10.276
15.113
20.473
29.809
35.354
37.639
41.315
40.75
39.57
46.896
47.504
44.472
43.126
42.428
44.694
41.866
43.161
43.837
41.656
39.347
33.573
28.177
22.008
15.726
16.982
19.461
27.997
28.202
29.011
31.716
34.912
36.91
41.538
39.244
39.877
40.458
39.946
41.568
37.727
34.633
36.228
28.341
29.225
25.347
19.888
4.4597
2.2606
0.65595
0.4032
0
0.11903
0.086324
0.071312
0.11798
0
0.049165
0.18535
0.10391
0.079609
0.097486
0.084815
0.11693
0
0.067257
0.11419
0.063189
3.8044
1.8861
2.7663
6.459
5.8314
7.4635
7.7763
3.2703
3.8172
2.612
2.0636
1.639
1.0883
1.053
1.2122
1.0801
1.3433
1.3125
1.7793
5.8386
8.654
13.534
18.359
23.741
34.019
37.593
42.491
40.541
40.712
43.419
45.401
44.034
45.902
41.861
43.01
42.189
45.884
43.902
44.949
40.72
43.257
39.768
42.67
40.735
21.013
19.584
21.367
23.464
28.241
29.043
30.351
34.443
39.158
38.357
42.978
38.998
40.885
37.877
38.228
38.341
35.596
30.67
32.203
28.799
25.376
17.052
2.9031
1.0322
0
0.14861
0.10918
0.026241
0.018636
0.028647
0.1448
0.093203
0.078036
0.079596
0.21113
0.016293
0.1902
0.17756
0.10876
0.043737
0.10443
0.15752
4.1476
6.2986
5.257
6.571
8.8444
8.3653
4.6343
3.6644
2.5646
2.1877
1.4598
1.1503
1.0975
1.2755
0.64883
1.2082
1.0854
1.4886
3.9029
7.4617
11.008
13.584
17.642
22.605
30.377
39.515
41.449
45.144
41.687
36.608
45.994
46.617
43.238
46.79
43.121
46.325
43.605
42.627
43.008
41.084
44.107
41.181
32.827
23.959
18.296
17.195
24.05
25.726
26.703
29.01
33.277
35.338
40.146
41.415
40.618
41.399
39.722
38.878
37.973
36.46
32.497
33.983
30.817
30.67
22.727
15.08
3.6547
1.6149
0
0.12549
0
0.0087829
0.1493
0.11407
0.12678
0.15745
0.063685
0.13691
0.095344
0.10282
0.089537
0.16512
0.12133
0.037378
4.1205
6.1291
9.1607
6.8903
6.6076
9.865
10.344
7.7442
5.1225
3.9526
2.9478
2.3593
2.0894
1.3975
0.88076
0.78081
0.59869
0.75684
0.97533
1.2086
1.8614
3.8359
7.6913
12.162
17.558
22.306
30.647
36.855
43.994
38.598
40.156
41.836
47.056
44.96
42.805
42.415
44.694
45.072
43.501
46.767
41.454
38.37
38.617
36.61
32.868
28.17
21.599
20.746
21.566
24.569
25.628
30.089
30.697
34.87
34.252
40.777
37.62
37.873
40.459
36.217
37.628
38.497
35.48
28.551
24.604
26.343
26.242
13.995
3.6606
0.54164
0.030475
0.050502
0
0.0078466
0
0.047106
0.085729
0.107
0.20906
0.14705
0.21917
0.09477
0.14483
0.18832
0
0.068278
0
0.1657
8.0016
7.3753
5.6502
8.7062
9.9217
7.1967
6.0924
3.3826
2.6792
1.6639
1.4561
0.87921
0.45956
0.12843
0.11956
0.052097
0.60911
1.0675
1.5132
3.4509
8.5753
10.481
13.844
21.016
31.805
35.961
42.62
39.294
39.596
39.589
45.54
44.958
45.276
46.956
44.092
43.966
42.491
45.62
43.068
41.411
44.093
42.212
44.151
39.31
41.681
33.502
31.236
27.049
20.493
30.556
34.392
39.61
38.022
42.695
41.642
43.568
39.963
39.354
41.175
33.414
36.451
35.431
30.037
29.288
23.432
15.37
5.2879
1.699
0.12395
0.012051
0
0.026726
0.10061
0.11959
0.041264
0.14483
0.16565
0.16804
0.17217
0.1028
0.072867
0.2167
0.12405
0.13688
0.083717
0.19128
0.12459
0.32307
2.3885
4.1807
5.8233
8.5444
8.1015
5.0791
4.0736
2.1768
1.9116
1.0292
1.5
0.99823
0.85817
0.74514
1.0986
1.3629
1.6186
2.938
7.8719
11.273
13.586
18.31
27.331
31.931
38.599
42.32
39.117
39.1
46.075
44.821
48.19
44.468
44.512
45.325
42.989
44.923
43.53
45.209
42.049
40.907
43.624
42.788
40.378
38.819
38.228
32.196
27.083
21.123
20.599
33.745
34.808
38.941
40.621
42.564
39.212
38.756
39.745
37.12
37.799
34.621
35.314
29.106
28.474
24.892
15.938
5.8822
1.853
0
0.0046107
0.091223
0.11198
0.062163
0.13129
0.17335
0.05065
0.16804
0.14146
0.23912
0.11037
0.08011
0.24624
0.024826
0.14311
0.13687
0.17267
0.083194
1.1038
2.2801
3.6429
6.4668
7.1564
5.5658
3.4927
2.8643
2.2417
2.2166
1.3687
1.077
0.82622
0.96178
1.2155
1.4265
1.5387
2.5866
6.6926
10.833
13.837
15.748
24.372
33.613
39.351
44.11
40.651
40.737
42.279
46.145
44.732
47.927
43.277
46.285
42.713
41.522
43.729
43.212
43.396
42.358
42.114
43.44
40.947
38.415
20.084
24.195
24.939
28.24
31.275
31.511
37.12
41.167
39.055
43.654
39.514
40.249
38.244
34.009
37.02
34.621
30.308
28.994
26.946
23.957
14.349
3.2249
0.99938
0.035844
0
0.076879
0.10161
0.031507
0.27536
0.1201
0
0.18463
0.13857
0.16449
0.13805
0.21551
0.060666
0.020548
0.15233
0.025313
0.10391
5.8611
0.21801
4.3318
8.2161
8.5276
7.8163
4.4932
4.0848
2.6909
2.2359
2.124
1.3173
1.1565
0.85944
0.97057
1.0748
1.2657
1.5962
2.2681
6.1695
8.6179
10.191
14.8
20.089
30.661
44.356
45.421
36.711
40.737
43.211
46.027
46.21
48.567
42.96
42.579
43.796
44.264
43.686
44.471
43.472
44.834
42.143
44.268
39.476
37.486
35.883
31.92
24.177
20.691
18.358
35.634
36.126
39.499
40.162
42.232
40.791
41.528
40.883
39.186
36.488
35.304
36.716
30.809
31.316
26.079
16.48
7.0774
2.7101
0.13786
0.17794
0.026727
0
0.093706
0.2462
0.021017
0.11038
0.073399
0.11858
0.10498
0.076493
0.040304
0.11474
0
0.012061
0.099577
0.071317
0.11577
0.20906
1.9432
5.6705
4.9523
5.0127
4.7071
3.4664
4.961
5.0045
4.4605
4.468
2.6105
1.9844
1.1982
1.3776
1.3938
1.2146
1.3809
1.2879
1.7828
2.4622
5.1149
9.4352
11.655
15.075
18.003
23.969
31.695
42.634
41.39
40.494
39.808
44.752
48.514
45.076
46.185
43.157
41.333
44.113
41.861
45.329
46.059
42.668
41.573
43.507
39.663
41.824
39.932
40.718
19.857
26.886
29.733
28.566
34.339
36.631
40.457
41.196
41.541
40.16
38.549
41.486
37.002
36.678
38.767
33.022
29.843
29.957
26.828
14.389
5.7959
2.147
0.36439
0.10634
0.0036868
0.082702
0.089519
0.24042
0.098004
0
0.22309
0.047188
0.06981
0.15403
0.17809
0.17035
0.10065
0.043224
0.11522
0.083178
6.5988
5.679
5.2986
3.716
5.1895
6.6134
5.4627
4.0075
3.2304
2.3151
1.9387
1.5203
1.8053
1.3826
1.0227
1.4943
1.7008
1.9262
4.4092
10.718
12.36
14.736
17.88
25.526
32.31
41.349
41.923
40.116
41.282
42.449
41.608
48.435
47.776
42.953
44.97
42.547
43.743
44.228
41.979
44.42
42.623
38.052
31.368
22.88
17.727
17.719
22.924
26.774
27.757
31.549
33.058
37.773
37.649
41.942
40.466
42.99
40.622
40.69
37.768
38.527
33.376
35.102
29.485
29.38
26.807
15.46
4.6354
3.0842
0.027631
0.26426
0.0092424
0.07228
0.20158
0.17856
0.17622
0.18465
0.19439
0.18351
0.19199
0.17755
0.14375
0.1291
0.05866
0.069307
0.068283
0.075461
0.15694
0.41501
1.5986
6.9569
5.5019
5.9173
5.132
4.2312
2.1334
2.6013
1.8001
1.9228
1.7137
2.0965
1.6584
1.9889
2.0413
2.5392
4.9075
8.7915
11.597
15.806
17.977
24.952
34.196
38.602
42.562
41.042
39.013
43.821
45.109
48.802
43.473
43.945
43.344
42.265
46.371
45.991
43.5
41.31
43.116
40.864
42.185
39.171
40.665
38.47
21.014
24.329
29.676
31.796
33.595
37.778
39.178
38.549
41.323
39.394
41.475
37.764
36.852
36.345
37.666
33.627
30.731
28.063
19.798
15.831
5.4369
2.3713
0.4819
0.24746
0
0.080598
0.17804
0.17628
0.098518
0.1793
0.15519
0.12241
0.18956
0.2243
0.18349
0.27695
0.14541
0.13351
0.076477
0.12682
6.7885
0
1.7666
6.7304
3.8533
5.6054
5.1978
4.5664
4.0942
2.9842
2.6084
2.0984
1.8332
1.7656
2.0519
1.8178
1.9334
1.9751
2.6214
5.0041
8.4941
11.835
13.498
14.886
19.744
33.337
38.446
39.585
42.042
42.555
38.153
48.286
48.488
45.946
44.557
46.48
41.203
44.463
42.424
42.961
41.52
43.897
42.581
41.757
42.169
35.692
34.772
32.773
22.6
18.641
18.476
18.571
26.284
27.449
30.355
34.448
36.575
39.908
38.364
43.082
41.735
36.991
38.585
39.093
37.736
37.873
35.148
32.647
30.85
25.633
0.1115
0.27192
0.025698
0
0.23581
0.093492
0.042641
0.14685
0.15203
0.090451
0.26251
0.13904
0.19487
0.18042
0.061153
0.1324
0.091598
1.041
3.2224
4.7719
7.8176
7.542
5.5811
4.8471
4.8869
7.0739
6.902
4.9288
4.4245
2.1664
1.8189
2.1686
1.9688
1.9098
2.2965
3.0076
6.5615
8.5019
12.692
16.237
22.336
26.589
36.11
36.409
39.021
37.202
43.827
48.028
45.68
44.538
41.546
44.244
42.187
44.902
43.6
46.148
42.33
42.114
39.273
41.808
43.37
38.484
36.769
26.793
22.758
19.461
18.793
19.145
23.205
26.795
39.731
39.833
42.175
38.591
39.457
40.145
37.562
37.634
41.29
35.34
33.434
31.77
21.125
13.506
9.3338
4.7357
0.80803
0.65366
0.47249
0
0.0069275
0.062168
0.18652
0.21988
0.094276
0.2463
0.22564
0.30125
0.29356
0.29424
0.11309
0.21172
0.16392
3.5731
4.3904
6.2046
9.9032
11.966
8.2104
5.5567
5.6496
9.6039
9.8241
7.1897
5.5085
4.7835
4.1449
3.1628
1.1941
1.3724
1.1114
0.81459
1.1204
1.3284
1.613
2.5021
2.9799
4.3554
6.2402
9.4667
13.011
20.125
24.316
34.112
34.752
33.06
33.409
37.711
45.828
46.625
45.185
41.311
39.762
42.655
41.318
46.078
42.225
43.891
40.694
39.478
41.978
37.392
18.433
18.507
22.287
27.306
29.238
33.817
34.355
40.416
41.981
40.686
43.987
43.288
40.911
42.502
42.464
35.764
41.825
41.768
34.624
27.869
27.133
15.934
10.001
7.3433
0.85309
0.27713
0.13724
0
0
0.10964
0.23174
0.055081
0.080563
0.088412
0.049139
0.090027
0.23842
0.082688
0.039803
0.074932
0.12461
0.09585
0.34229
0.9703
3.7987
3.541
4.6063
5.2406
4.6404
3.1098
2.5045
1.8219
1.4432
1.3226
0.97399
1.3328
1.412
2.4307
2.535
3.0968
3.5518
6.2107
9.9691
14.576
18.189
22.484
32.674
35.371
40.162
37.946
41.024
43.035
49.447
47.594
42.147
41.291
41.397
41.898
46.801
42.767
42.594
41.875
41
38.786
43.655
40.982
19.492
19.234
19.937
24.129
26.895
29.803
33.496
35.788
37.767
38.896
41.085
38.434
42.415
38.068
38.576
37.097
36.026
32.971
31.842
27.547
18.732
13.908
6.4503
4.1065
1.2421
0.27453
0.32505
0
0.094695
0.10272
0.17619
0.097931
0.12069
0.062156
0.1686
0.17273
0.11471
0.13298
0.14201
0.099608
0.053138
4.7192
10.067
7.7064
7.6325
9.0937
9.3127
6.7009
4.3183
3.937
2.8897
2.0614
1.2389
0.98882
0.32989
0.44862
0.40667
0.49486
0.72389
1.5636
2.4748
3.2082
4.757
7.1875
12.022
19.755
26.27
32.025
36.832
40.066
36.906
41.077
44.664
46.503
43.869
42.885
44.126
43.032
42.602
45.691
45.301
43.614
44.352
41.025
42.698
41.436
41.234
21.008
21.944
26.145
30.195
32.129
33.718
36.924
39.298
39.591
40.01
41.237
38.766
40.484
38.293
39.755
38.105
38.245
34.791
28.795
21.664
17.739
8.0835
3.3471
0.61223
0.11629
0
0
0.15684
0.1414
0.1071
0.15865
0.088978
0.12684
0.19687
0.059154
0.23331
0.10713
0.21298
0.028185
0.15403
0.15458
0.18467
0.44103
1.4288
4.3979
3.2537
3.5888
4.1848
3.2141
2.4648
0.97543
1.1171
0.9209
0.59226
0.96636
1.3729
1.6632
1.4966
1.8438
2.1572
4.1594
8.4727
11.989
15.177
18.337
25.467
33.83
40.251
40.57
42.227
40.588
41.763
47.178
45.794
45.853
41.872
43.147
42.501
45.623
42.953
46.014
44.457
41.475
44.478
40.058
42.624
38.666
33.756
22.469
24.955
26.826
30.464
34.041
37.136
36.239
42.415
38.532
40.641
40.477
41.225
36.43
38.527
36.895
32.242
32.656
27.081
23.436
16.615
9.7516
2.9268
0.1942
0
0
0.065668
0.14359
0.058089
0.19858
0.14703
0.20535
0.14139
0.23773
0.089489
0.12292
0.2054
0.027211
0.029607
0.12454
1.9172
0.15914
5.5496
3.4247
4.7662
6.644
6.0101
5.1457
3.41
2.368
1.7291
1.2174
0.68875
1.1218
0.85208
0.36495
1.2833
1.4825
2.2062
2.6813
3.602
6.2661
8.7635
15.076
20.287
28.256
31.369
38.947
35.286
37.376
41.164
43.344
48.45
47.254
39.609
42.439
41.736
42.674
47.101
43.217
44.422
41.428
40.725
40.4
43.264
38.487
22.249
19.95
22.352
24.89
29.51
30.677
29.803
35.717
38.263
40.217
37.03
42.483
39.1
36.844
38.565
36.324
37.504
32.848
30.891
27.403
22.559
14.946
8.5444
3.6151
0.28007
0.19724
0.12116
0.013498
0
0.14128
0.25927
0.18517
0
0.18523
0
0.14884
0.14145
0.10767
0.10605
0.17873
0.071863
0.055138
6.4829
6.5963
5.6635
3.8942
5.1038
7.5849
6.7077
4.5292
3.1516
2.1656
2.0343
1.8089
0.77085
1.4295
0.48334
0.54738
0.82966
1.3216
2.0261
2.7449
4.1133
7.7325
12.471
16.898
20.162
28.107
34.029
38.24
36.604
37.989
38.333
45.532
45.158
45.056
45.231
42.313
41.532
45.622
45.595
42.617
42.92
39.519
41.801
43.065
40.62
19.511
19.817
21.322
23.173
25.886
28.092
30.877
35.53
35.414
40.321
37.636
40.873
40.778
41.605
37.555
37.902
34.178
33.461
29.441
28.265
20.959
13.106
8.3994
3.9036
0.33948
0.17125
0.30868
0.0043131
0.012984
0.092618
0.09581
0.106
0.034445
0.030098
0.066732
0
0.16044
0.071354
0.035915
0.042261
0.060668
4.699
0.16508
1.9681
8.319
4.5194
5.6441
7.96
6.3356
4.5531
3.3856
2.4511
1.7708
1.7888
1.5174
0.74031
0.33811
0.61906
0.14718
0.35681
0.57033
2.1738
3.7931
5.5448
8.5612
12.351
17.976
25.889
30.955
36.887
37.831
35.123
39.537
46.25
45.979
44.915
43.271
41.808
41.287
42.157
46.535
43.94
41.149
42.75
40.377
41.886
26.274
21.861
19.722
20.433
22.877
27.052
31.078
31.54
35.497
38.693
38.499
39.037
39.548
38.324
37.077
41.087
37.139
38.521
30.516
28.021
29.141
19.806
14.441
8.7049
3.1084
0.25168
0.075334
0.14693
0.0041426
0.029578
0.094138
0.11678
0.16205
0
0.13067
0.12128
0.12682
0.097981
0.19015
0.17751
0.13411
0.011125
1.2257
5.1312
5.8643
4.7384
3.5761
3.9599
6.3958
5.9044
4.8843
3.4088
2.392
2.3521
1.7535
1.421
1.2071
0.78438
0.40018
0.25023
0.99722
1.9255
3.2733
4.5651
8.3349
10.842
14.772
19.914
26.27
35.313
37.311
36.471
37.786
38.975
43.963
48.03
40.871
41.469
40.932
42.329
44.212
42.262
44.719
42.553
39.26
42.329
40.314
40.683
39.242
36.06
28.022
22.817
29.19
28.669
31.057
37.052
34.912
37.529
40.954
38.124
40.481
37.438
39.885
36.047
35.06
34.493
31.617
26.058
22.421
13.931
10.029
4.9834
0.35117
0.18471
0.10495
0.10494
0.057114
0.054109
0.12624
0.11357
0.027207
0.1038
0.23378
0.07746
0.21152
0.16556
0.20904
0.11132
0.082077
0.17491
0
1.1099
5.0463
5.0384
7.4563
6.544
4.728
2.3534
2.4148
1.7671
1.5798
0.4328
0.91553
0.26551
0.40709
0.12169
0.23449
0.25145
1.8737
3.2384
5.2101
8.7237
12.665
16.834
26.001
31.353
38.629
36.891
36.176
45.197
45.746
45.17
46.269
41.495
42.034
44.683
43.773
47.024
42.995
43.448
38.842
38.386
31.152
25.611
20.71
20.56
21.636
24.885
27.651
27.716
30.66
36.567
37.531
37.723
40.838
40.736
39.35
36.489
36.424
39.714
33.87
31.605
28.147
25.251
21.878
14.792
9.0665
5.5075
0.34173
0.092035
0.18573
0
0.085238
0.18572
0.16553
0.13232
0
0.15049
0.11195
0.091076
0.15749
0.14142
0.11418
0.79037
4.3755
5.7406
5.852
5.2105
3.381
4.5231
5.8694
6.1137
4.1248
2.2254
2.1051
2.0317
1.0544
1.0587
1.005
0.41458
0.45835
0.59153
0.44985
0.68258
2.3011
3.9371
6.8092
11.328
13.528
20.722
25.725
33.624
36.889
36.35
39.963
38.249
45.862
46.705
45.362
45.29
40.427
41.808
40.704
43.342
45.538
38.986
43.953
40.29
35.357
31.607
23.641
22.544
19.253
19.01
24.967
26.368
29.426
33.492
33.786
39.722
40.64
36.777
42.878
43.404
41.204
39.11
37.143
35.84
33.973
32.395
29.431
24.463
15.797
9.721
4.7497
0.21633
0.18804
0.21329
0.0072699
0.101
0.05705
0.049589
0.13731
0.13673
0.10378
0.10165
0.15449
0.12845
0.17382
0.010185
0.11629
2.2334
5.4363
5.1906
4.8694
3.5223
3.8563
5.2912
5.7524
4.6289
1.9669
1.5263
1.2326
1.1752
0.52103
0.4825
0.51398
0.37576
0.55568
0.59639
1.1069
2.4043
3.7062
7.7871
15.22
16.771
20.884
31.517
35.201
39.498
39.308
40.448
40.498
48.709
47.135
44.756
41.92
46.627
40.762
44.254
47.668
40.54
42.114
40.256
41.472
44.215
43.91
36.408
35.749
29.542
19.377
22.893
26.216
31.32
30.637
38.022
38.429
37.942
41.153
38.371
40.216
43.572
39.66
37.26
39.692
34.243
34.694
30.044
23.536
19.054
10.361
6.385
0.56581
0.24213
0.23184
0.067693
0
0.21847
0.079537
0.077982
0.021958
0.070271
0.24032
0.24485
0.022914
0.25473
0.12457
0.10276
0.020065
0
1.7463
0.98305
0.91299
4.3113
5.0906
4.6519
5.4292
2.6528
2.2249
1.1872
1.1976
1.0013
1.1862
0.72229
0.62808
0.65888
0.58968
1.0142
3.0763
4.4146
9.5953
11.858
17.733
20.29
27.76
38.103
37.691
42.066
39.214
41.624
39.711
43.484
44.932
39.178
43.641
46.056
44.798
42.378
41.424
38.668
39.484
40.201
45.101
43.639
35.122
34.992
35.496
25.261
21.079
20.615
21.194
36.29
38.066
34.523
40.148
41.322
38.543
41.41
35.132
36.726
34.976
31.8
29.691
26.773
21.112
16.121
7.1197
2.288
0.17843
0.10268
0.032486
0.18934
0
0.22922
0.11244
0.071781
0.11518
0.22543
0.11356
0.19557
0.1895
0.23645
0.12517
0.13129
0.13803
0.18049
0.27079
2.3857
6.1245
7.9691
8.8648
6.8179
4.7291
5.5123
2.7826
2.0245
1.5666
0.84231
0.51541
0.69835
0.48402
0.5577
0.50951
0.50575
0.68546
2.0329
2.7699
6.455
10.855
15.683
21.923
26.672
35.022
38.601
41.331
39.664
39.513
45.095
40.547
40.588
42.851
41.812
44.732
43.803
46.105
40.314
41.719
37.639
42.892
42.958
46.063
38.74
36.142
32.065
26.86
21.461
22.095
22.125
27.298
36.671
41.217
38.26
40.92
37.731
38.2
41.355
37.13
30.069
27.222
31.151
26.299
22.122
12.443
3.2058
1.6072
0.21345
0.12846
0.012526
0.11686
0.088946
0.21291
0.22297
0.12958
0.32681
0.25673
0.26074
0.18165
0.31812
0.21791
0.13969
0.2116
0.1329
0.14701
5.5109
0.040249
0.74459
4.6333
4.8554
6.1653
5.4479
4.2704
4.6646
4.728
2.0222
0.91952
1.0729
1.0251
0.66262
0.62287
0.67399
1.6025
2.0527
2.8283
4.2095
10.198
14.271
17.281
22.39
31.759
35.013
38.997
41.272
39.473
41.665
40.549
44.851
41.177
42.348
43.988
39.914
42.591
42.601
38.994
40.732
43.803
40.332
41.897
38.243
41.355
33.228
27.132
25.712
18.745
26.715
31.166
30.641
35.5
39.518
37.802
40.78
39.02
42.243
40.924
38.68
35.309
32.056
27.816
29.13
29.519
22.327
14.371
5.0502
1.5766
0.21658
0.1505
0.14594
0.00045941
0.14764
0.28228
0.039787
0.28646
0.25276
0.14937
0.25078
0.23389
0.14257
0.21046
0.12349
0.12904
0.18106
0.13743
0.068233
0.14366
0.37688
5.2834
5.5763
6.3847
6.2086
3.6584
4.975
3.6659
4.6099
3.3687
1.9769
1.4495
1.5801
0.87562
1.2644
3.1404
3.9581
7.1661
11.732
15.218
18.153
22.269
27.218
37.908
37.326
35.418
39.823
40.374
37.681
44.576
38.643
40.773
40.194
40.449
41.466
38.778
40.195
37.468
40.448
42.112
38.557
37.364
38.564
33.463
31.776
23.074
16.372
18.034
20.501
23.899
26.608
27.013
32.249
33.085
36.522
38.034
40.652
34.659
32.222
29.156
27.851
30.334
22.357
15.281
6.0824
2.2008
0.097376
0.16379
0.061618
0.12064
0.12944
0.11024
0.22341
0
0.18326
0.26182
0.10324
0.26932
0.11031
0.23962
0.11685
0.15508
0.081591
0.11896
2.2847
0.29251
0.63529
5.079
5.705
5.6464
5.6197
5.2876
5.9182
5.6246
4.6266
3.8188
2.7468
1.8457
1.2529
1.2659
0.86643
1.5423
2.04
3.4666
5.5163
9.404
12.483
17.398
20.902
27.897
34.108
37.158
37.492
38.5
38.989
45.219
40.143
40.403
38.158
41.936
39.797
41.226
45.647
42.461
41.037
36.021
44.235
30.874
24.944
19.598
18.118
20.552
24.417
27.983
32.45
32.153
32.554
38.027
36.437
38.265
39.081
37.991
38.636
36.023
35.256
30.131
33.564
31.143
25.602
20.105
15.017
5.4728
1.5101
0.1978
0.13671
0.060578
0.05654
0.042187
0.12223
0.23041
0.12666
0.1113
0.1803
0.2254
0.13457
0.22799
0.27816
0.17804
0.18224
0.16679
0.24879
4.8238
6.7155
5.0856
5.0405
6.3122
5.9262
5.276
2.9135
2.051
1.981
1.1576
1.2143
0.49433
0.28782
0.74734
0.47132
0.72944
1.8581
2.3739
3.9985
7.6061
11.646
14.782
20.042
27.833
33.98
35.645
39.451
36.933
40.293
41.225
40.794
38.147
43.763
39.504
41.857
41.707
43.4
38.549
40.502
39.395
42.538
39.782
42.457
37.344
33.567
33.121
27.063
29.064
29.674
31.414
33.329
35.239
34.303
36.413
35.802
39.783
37.956
37.303
32.776
32.127
28.476
28.702
28.499
18.6
11.558
4.2466
1.322
0.14694
0.12229
0.0022998
0.11788
0.13904
0.25793
0.11135
0.12897
0.14193
0.12454
0.18949
0.20609
0.23908
0.19442
0.20176
0.19442
0.10066
0.21858
8.3788
7.5704
6.0628
4.8976
5.4862
5.6187
3.9835
3.0861
2.4375
1.9667
1.9619
1.3535
0.94324
1.2124
0.67214
0.63303
0.69323
1.2397
2.2954
3.5587
5.7004
9.2277
12.041
19.603
25.066
32.694
40.107
34.703
36.367
36.769
39.677
42.319
43.103
41.356
44.005
38.962
40.627
40.387
38.954
42.142
42.895
39.985
39.345
39.102
40.086
34.967
35.266
26.667
29.463
29.479
30.826
35.712
35.107
39.337
39.582
35.765
39.346
37.902
40.283
37.415
31.793
31.191
26.39
26.931
21.909
12.857
4.019
2.6567
0.19424
0.22547
0
0.026731
0.1703
0.083712
0.36469
0.062139
0.29409
0.23317
0.2236
0.25273
0.13348
0.17621
0.22549
0.036371
0.10433
3.3665
6.6169
6.5522
5.6796
4.4184
4.2732
3.8517
4.1109
3.8289
2.4965
1.5739
1.2776
1.1896
0.64912
1.0597
0.75668
0.69488
0.9807
2.2206
3.6009
7.1569
10.037
13.879
16.491
22.302
26.221
34.872
38.103
38.605
38.292
43.361
36.712
39.863
39.676
39.897
41.58
39.258
41.19
39.301
36.606
40.069
37.95
41.997
38.599
36.712
17.58
18.825
19.604
22.489
23.827
27.241
31.077
34.331
36.33
36.866
39.075
35.954
39.694
38.104
36.482
37.675
30.662
27.891
30.24
26.191
23.947
12.309
6.3101
1.5648
0.13491
0.03005
0.065106
0.11671
0.060073
0.27599
0.26918
0.042702
0.10863
0.091026
0.33043
0.13631
0.1235
0.24431
0.11853
0.064702
0.11088
0.20665
1.3749
0
4.4439
3.8639
4.068
4.0437
4.5233
3.5841
2.6857
1.6896
0.92555
0.92313
1.111
0.98348
1.0246
0.97532
1.7757
3.4644
4.4302
8.0075
11.125
15.478
17.858
23.623
28.244
34.21
40.029
39.328
37.823
36.995
41.604
39.242
41.797
39.267
41.036
43.332
39.962
38.757
40.002
36.843
41.278
42.362
41.896
39.324
36.43
33.844
32.321
27.063
28.129
27.513
30.93
31.885
37.301
37.123
35.063
39.955
39.127
38.311
36.898
35.315
16.891
17.843
16.17
16.743
17.217
17.764
16.763
17.708
16.589
17.871
17.883
16.195
17.788
16.859
16.54
17.777
16.764
16.601
16.827
17.865
17.771
17.478
16.581
17.366
16.852
16.853
17.879
16.125
17.951
16.571
17.348
17.575
16.405
17.751
16.572
17.739
17.958
16.765
16.755
17.822
17.764
16.755
17.693
16.568
17.553
17.75
16.067
16.531
16.808
16.624
16.213
16.322
17.931
16.852
16.815
17.401
16.223
17.847
16.559
17.725
16.728
16.33
17.798
17.534
16.54
17.827
16.81
17.823
17.735
16.827
16.721
17.826
16.465
17.827
16.538
16.237
17.733
16.537
16.591
17.735
16.403
16.084
17.367
16.65
17.905
17.73
17.834
16.741
17.249
17.735
16.813
17.815
17.807
16.8
17.662
16.461
16.787
16.795
17.811
16.203
17.812
16.19
17.833
17.463
16.46
17.639
16.808
16.909
17.564
17.446
16.238
17.856
16.829
17.731
17.71
16.528
17.469
16.536
17.719
16.398
17.911
17.799
16.469
17.807
17.768
16.728
17.916
17.527
16.294
17.784
16.644
16.659
16.625
16.558
17.497
16.82
16.553
16.545
16.701
17.712
16.615
16.453
17.712
16.523
17.689
16.792
17.495
17.377
17.718
16.549
16.382
16.529
17.749
16.363
17.922
16.544
17.392
17.81
16.82
16.347
17.711
16.179
17.716
17.365
16.279
17.5
17.797
17.609
17.375
16.606
17.687
16.687
17.504
17.883
17.794
16.862
17.896
16.764
16.289
17.907
16.607
17.519
16.591
16.339
17.581
16.808
16.673
17.372
16.497
17.781
17.681
16.703
17.809
16.77
16.088
17.798
16.501
17.781
16.594
17.803
16.477
16.527
17.703
16.611
16.693
16.309
17.431
17.806
17.91
17.703
17.808
16.326
17.515
16.712
16.277
17.475
17.605
17.901
16.911
16.685
17.911
16.437
17.813
16.695
16.411
17.533
17.927
16.546
17.928
16.717
17.747
17.825
16.436
17.706
16.616
17.707
17.644
16.6
17.807
16.697
16.522
17.714
17.818
16.477
17.449
16.711
16.155
17.915
16.806
17.815
17.623
16.616
16.187
17.723
17.552
16.524
17.716
16.507
17.904
16.193
17.904
16.953
16.607
17.783
16.688
16.498
17.801
16.859
17.709
17.276
16.122
17.721
16.423
16.664
17.806
16.961
17.818
17.904
16.525
17.755
16.525
16.138
17.72
16.695
17.877
17.373
16.798
17.911
16.699
17.891
16.79
16.205
17.527
17.895
16.372
17.809
16.762
16.775
17.511
16.695
16.794
16.83
16.693
17.905
16.196
17.796
16.83
17.374
16.879
16.786
17.894
17.9
16.387
17.484
16.696
17.909
17.896
17.808
16.648
17.694
16.724
17.918
16.783
16.779
17.807
16.072
17.406
17.707
16.431
17.796
16.52
17.852
17.624
16.78
16.603
17.384
16.693
16.5
16.473
17.617
17.729
16.335
16.789
17.797
16.683
17.522
16.621
16.521
17.372
16.521
17.9
16.753
17.813
16.722
16.695
17.698
17.603
16.859
17.99
17.314
17.879
16.806
17.909
16.625
16.79
16.639
17.92
16.461
17.908
16.575
16.479
16.368
17.916
16.531
17.44
17.617
16.715
17.813
16.529
17.917
16.631
17.548
17.541
16.154
17.811
16.694
17.909
17.707
16.554
17.418
17.816
16.673
16.226
17.345
16.716
17.814
17.706
17.702
16.634
16.885
17.93
17.911
16.372
16.722
17.728
16.858
17.418
16.72
17.834
17.661
16.564
17.933
17.725
16.824
17.415
17.728
16.333
17.95
17.832
16.893
16.449
17.74
16.906
17.831
17.665
16.903
17.935
17.551
16.903
17.844
16.635
17.279
16.822
16.49
17.831
16.804
17.49
16.472
16.715
17.917
17.817
17.89
17.82
16.536
17.918
16.583
17.539
16.555
16.33
17.916
16.893
17.928
16.727
16.898
16.161
17.932
16.894
17.494
17.937
17.036
16.555
17.745
16.91
17.558
17.929
17.946
17.526
16.744
16.875
17.612
16.568
16.891
17.943
16.902
17.894
16.396
18.03
16.571
18.001
17.556
16.199
18.037
16.335
17.94
17.928
16.901
17.932
16.916
17.505
16.738
16.383
16.876
17.561
16.732
17.927
16.913
16.896
18.053
17.545
16.393
17.934
16.911
17.423
16.742
16.412
17.651
16.732
16.255
17.852
16.647
17.558
17.643
16.91
16.552
17.339
17.829
17.559
17.94
16.562
17.843
17.928
16.567
17.93
16.319
16.737
17.832
16.793
16.554
17.419
16.645
17.643
16.251
17.939
16.878
17.788
17.762
16.985
17.745
16.358
17.847
17.731
16.439
18.063
17.943
16.439
18.026
16.897
17.261
19.713
18.647
20.666
19.782
20.233
22.226
21.06
22.327
22.576
20.678
22.211
21.401
19.324
19.625
17.548
18.615
17.039
15.623
16.278
15.64
14.931
15.634
14.162
13.954
13.372
13.35
10.829
10.576
12.479
12.927
11.936
12.724
14.634
12.607
13.605
12.272
10.788
9.1886
4.4933
1.1743
0.68724
0.39116
0.20113
0.14542
0.29766
0
0.045187
0.20481
0.25021
0.31183
0.25149
0.34673
0.18711
0.26616
4.1315
5.214
9.9134
15.378
15.434
19.906
19.48
15.667
13.267
13.238
9.0083
9.0255
6.8587
5.4707
5.9833
2.3595
1.6096
1.0783
0.72157
0.55079
0.34917
0.18619
0.28658
0.21918
0.18129
0.31966
0.67781
1.2327
2.7375
6.0827
12.855
20.67
29.963
34.045
34.34
27.106
27.488
35.114
35.554
38.697
41.331
39.914
37.551
37.887
36.563
36.652
39.332
39.095
38.84
33.267
33.242
22.665
17.525
18.687
19.164
21.281
24.025
29.489
36.37
39.191
36.983
42.142
39.655
39.832
43.186
40.973
44.509
41.402
40.48
43.891
38.096
33.235
34.633
28.899
25.09
17.045
8.096
1.7877
0.12891
0.065167
0.14682
0.084757
0.16619
0.17211
0.14823
0.15747
0.15633
0.070305
0.18229
0.11254
0.16449
0.021018
0.10385
0.16856
0.98622
0
0.17745
0.66347
1.8071
2.2151
3.6775
5.9985
5.956
3.5313
2.9784
2.398
2.5361
2.6628
3.0436
3.3244
4.5646
10.177
12.569
14.786
16.586
20.577
21.775
29.974
39.601
38.847
38.316
40.914
40.989
38.311
41.473
37.872
37.392
40.579
36.369
38.391
39.688
39.354
39.554
35.246
32.728
25.407
24.727
26.408
27.284
32.943
33.413
37.194
38.365
40.986
40.517
37.42
40.363
37.399
37.716
35.289
29.917
26.916
22.392
0.25134
0
0.18286
0.11798
0.08898
0.21484
0.1202
0.13916
0.20795
0.14598
0.15516
0.17271
0.14137
0.16911
0.08578
0.17025
1.06
3.1006
4.9881
6.7783
7.146
7.5733
8.639
8.9905
7.7097
7.1875
4.1513
2.9039
2.6782
1.094
0.7171
0.98413
0.81522
3.0784
4.3662
7.3315
9.6601
13.99
20.519
25.978
36.534
36.826
39.556
35.951
35.714
35.658
41.645
38.906
40.965
43.067
42.158
42.228
37.939
39.747
40.286
36.76
40.305
39.491
40.711
39.343
35.726
31.508
27.616
20.085
18.218
21.295
25.312
29.178
27.588
33.255
33.494
35.065
34.039
38.969
40.163
35.826
36.641
35.402
37.309
31.286
29.992
28.639
22.94
20.775
11.775
4.2307
0.95647
0.35223
0
0.13008
0.042233
0.038327
0.10331
0.11143
0.17567
0.16211
0.17629
0.12126
0.13854
0.12346
0.23061
0.13346
0.20231
0.079537
0.020529
5.0704
0.38597
1.8629
4.0296
5.5948
7.319
7.8372
9.5972
9.9943
9.4051
7.2417
5.4687
4.3184
2.4223
1.465
0.9871
1.373
1.4974
1.9985
2.4271
3.933
6.4391
10.664
13.736
20.241
27.588
31.44
35.405
40.412
36.43
40.558
37.593
35.84
43.292
37.195
39.651
43.475
40.786
42.803
37.985
39.388
37.228
40.068
41.437
41.178
38.084
17.449
22.792
23.68
26.661
28.787
30.062
32.066
35.747
34.644
38.657
36.807
36.069
34.869
35.367
34.263
32.069
27.846
26.146
19.95
18.176
11.661
2.9785
0.54421
0.4664
0.11575
0
0.05313
0
0.1313
0.052639
0.082717
0.22685
0.033968
0.26012
0.16802
0.16979
0.12905
0.10763
0.42044
1.0004
6.1579
6.3017
8.329
9.677
10.098
11.134
9.6382
7.1049
5.5769
4.3036
2.7964
1.6266
1.1186
0.49515
0.46186
0.29124
0.28029
1.1521
1.177
2.5906
3.3047
5.4103
9.6144
13.951
18.875
26.56
32.365
36.115
40.339
34.936
40.635
36.078
38.647
41.099
40.501
43.836
41.712
44.953
40.355
41.784
40.254
40.343
39.129
33.582
31.595
25.217
20.394
20.884
23.153
25.289
25.145
27.504
32.559
30.493
35.702
33.358
35.177
36.987
33.432
32.718
32.835
28.884
26.387
25.494
21.185
14.053
5.8697
1.7431
0.90225
0.2577
0.14239
0.064041
0.14701
0.076424
0.10598
0.16326
0.17622
0.097419
0.12016
0.20732
0.15921
0.25143
0.14654
0.24234
0.11361
2.591
4.3023
7.377
7.4393
8.9557
10.796
9.9968
8.4266
8.1059
4.789
4.8845
2.2694
0.78498
0.48751
0.21064
0.097239
0.17052
0.095051
0.34117
1.3855
1.883
3.5318
4.4099
7.3801
11.098
15.907
26.76
32.341
37.158
39.082
39.091
37.672
37.836
37.843
41.137
42.606
42.99
43.204
39.047
43.113
38.167
41.723
39.607
37.89
34.915
27.972
25.323
24.529
21.958
23.142
23.732
28.211
29.655
31.244
32.798
30.889
33.548
35.851
32.485
32.642
34.405
30.412
27.899
27.773
23.3
19.317
14.003
6.3544
3.3964
0.90168
0.6337
0.08525
0.038321
0.17805
0.082148
0.053121
0.23259
0.21924
0.20174
0.13689
0.24889
0.12019
0.16097
0.16389
0.11798
0.95708
1.9889
4.6768
7.5514
8.0019
9.2809
9.8391
11.267
9.4361
7.2062
6.119
2.765
3.1691
1.7594
0.37485
0.29142
0.17944
0.12205
0.23124
0.27066
1.2724
1.9236
2.3857
4.4569
7.0591
10.688
17.329
25.389
36.33
34.258
35.442
40.317
36.616
38.598
37.944
37.404
45.025
41.115
44.852
45.449
39.659
41.704
38.261
42.051
43.287
37.181
32.368
28.813
22.656
21.409
22.249
24.27
23.762
24.817
28.372
32.878
29.985
34.002
33.684
35.901
37.791
31.578
35.259
34.147
27.824
26.893
23.078
20.047
13.998
7.018
3.1633
0.60257
0.32857
0.16312
0.11864
0.25517
0.14188
0.25924
0.21912
0.22295
0.33044
0.24355
0.19805
0.18952
0.098509
0.24496
0.083746
0.96468
3.1323
7.1988
7.4884
8.1778
7.2141
9.1641
9.6191
8.9039
7.7192
4.2593
3.1297
2.3372
0.86784
0.64421
0.29466
0.052078
0.15152
0.19902
0.19105
0.8384
1.8311
2.4787
4.8067
6.395
10.579
15.748
24.859
33.476
35.973
38.751
39.838
40.59
36.733
45.992
42.225
41.954
41.573
37.591
37.4
41.55
40.53
44.557
39.184
34.605
35.635
28.53
24.71
23.797
21.447
25.309
24.508
27.154
31.47
32.078
31.215
35.233
32.591
35.238
35.667
34.663
35.972
29.969
28.832
23.773
21.224
0.63669
0.63281
0
0.031015
0.23027
0.043179
0.17911
0.18209
0.077434
0.25463
0.29818
0.2029
0.28303
0.27009
0.28716
0.29348
0.34532
0.10875
0.25221
0.23914
1.4953
2.5745
4.8034
5.5579
7.7546
7.7878
9.9503
11.249
8.3702
6.379
4.1419
3.4451
1.2626
0.85494
0.58368
0.08474
0.17618
0.15734
2.6508
4.5209
7.3715
10.078
16.582
26.741
34.623
39.4
38.682
37.328
39.77
35.295
39.685
38.611
42.262
43.987
40.802
40.675
41.767
40.049
39.738
41.202
38.589
41.178
38.775
39.361
35.597
35.912
27.997
24.211
18.647
20.271
25.741
25.219
35.71
33.424
37.65
35.708
33.816
33.896
32.62
31.3
23.403
24.526
19.592
11.893
6.6157
2.6371
1.3744
0.65704
0.15692
0.17156
0.16803
0.12351
0.12021
0.20239
0.14426
0.18348
0.20608
0.2614
0.16327
0.1703
0.1103
0.28155
0.15504
0.25716
0.1881
2.9691
0.20155
2.1131
5.9682
8.9474
8.8842
6.9183
4.2917
2.6511
1.5648
0.60581
0.01018
0.074317
0.10589
0.12828
0.1474
0.17832
0.77199
1.3382
2.1687
4.2657
4.77
8.284
15.562
23.581
32.598
35.784
40.771
39.977
36.076
38.837
37.094
39.299
43.817
42.3
41.19
44.926
38.735
39.538
37.961
41.363
41.146
39.442
28.348
24.188
19.778
17.688
22.442
25.621
24.005
28.81
27.977
30.613
30.343
31.766
35.166
36.189
31.88
33.578
32.12
28.509
25.96
21.378
14.396
10.832
6.2078
2.2571
0.8981
0.4702
0.069199
0.073312
0.15275
0.095242
0.17148
0.034437
0.1889
0.10871
0.15458
0.12075
0.22308
0.17693
0.0996
0.16569
0.16864
2.735
6.7891
8.6742
8.6137
9.2462
10.829
13.022
9.7763
5.9777
3.3433
1.7953
0.94975
0.15308
0
0.082556
0.099899
0.098806
0.071143
0.28716
0.32598
0.8162
2.0587
3.2902
5.2414
8.1834
15.727
23.524
30.75
39.125
39.976
38.581
41.354
37.084
37.96
40.364
41.562
44.754
42.46
45.231
43.39
39.829
39.279
41.272
38.168
35.629
32.752
29.451
21.894
19.9
20.649
22.081
23.002
28.136
27.407
31.05
32.118
31.673
35.306
33.236
36.357
34.302
31.93
29.983
27.653
27.782
23.298
14.728
12.012
4.515
0.96304
0.71473
0.1124
0.013455
0.17325
0.024339
0.1919
0.25146
0.040779
0.18831
0.045201
0.22559
0.243
0.16335
0.26885
0.23327
0.29555
1.2803
6.0339
6.9546
8.1999
7.9857
8.6619
9.4801
10.844
6.7575
5.8108
3.5743
1.7397
0.36384
0.19662
0.25924
0.19244
0.12907
0.16957
0.28168
0.23971
0.336
0.41913
0.92982
2.1544
4.0762
7.2484
12.822
21.817
32.371
36.234
39.641
38.89
38.655
38.324
35.587
42.864
42.37
43.402
46.459
41.727
41.111
38.128
38.304
41.224
39.69
32.613
32.957
24.911
21.326
18.5
20.179
27.21
25.589
28.539
31.876
30.752
32.192
35.305
37.569
39.685
36.694
35.798
35.673
32.954
33.971
31.319
25.738
26.744
20.245
13.283
2.4726
0.28072
0.023366
0.51538
0.1022
0.15487
0.11631
0.19006
0.20217
0.16652
0.081636
0.25272
0.064692
0.27557
0.24105
0.22619
0.22366
0.21801
0.23587
0.23265
5.2032
1.6559
2.3519
8.0877
7.8333
5.7136
7.0975
6.5112
3.4492
1.38
0.60677
0.72774
0.3907
0.26047
0.37963
0.4224
0.29024
0.39817
0.30975
0.75795
2.0434
2.795
5.6941
11.597
17.636
27.325
31.763
39.845
38.498
37.891
37.285
41.546
41.557
39.825
44.143
43.827
41.98
46.046
42.047
41.467
39.219
42.1
39.956
40.929
38.811
39.49
34.9
30.777
22.735
19.311
20.371
21.146
25.218
33.205
34.495
36.974
36.745
39.915
36.6
36.476
37.341
30.532
29.601
28.341
23.184
22.503
13.497
2.992
0.53757
0.021914
0.049138
0.13375
0.035353
0.071184
0.23481
0.25441
0.065607
0.27245
0.21897
0.20279
0.20038
0.23827
0.24483
0.33705
0.1224
0.11855
0.090041
1.9395
0.23203
1.3051
6.8125
7.6586
6.5127
5.014
3.3074
2.7983
1.1869
0.67964
0.19673
0.032485
0.079492
0.068169
0.14576
0.93648
1.2279
2.8003
3.7091
6.1615
8.7861
10.49
21.988
30.498
38.807
39.744
41.987
35.601
38.307
41.742
39.926
40.714
42.172
42.351
42.793
41.742
41.203
38.591
39.994
40.889
40.651
42.365
36.361
37.524
32.05
26.382
23.865
25.791
27.494
30.472
32.328
33.954
36.539
38.688
37.432
41.1
35.535
39.042
36.447
34.477
31.176
30.079
23.739
27.159
16.243
3.77
1.3516
0.11734
0.29001
0.14428
0.083175
0.10058
0.14588
0.21783
0.19734
0.16794
0.28166
0.22681
0.22871
0.27965
0.2948
0.20049
0.11031
0.13346
0.23963
0.11847
0.0050691
3.172
4.7133
5.773
7.516
6.8202
8.103
9.1042
6.0704
0.21699
0.050102
0.091863
0.017207
0.15839
0.17715
0.38237
1.218
1.4421
2.4322
6.4833
8.746
14.14
18.508
30.58
36.272
38.239
39.842
41.917
37.432
40.828
40.433
37.796
46.343
41.957
45.903
41.822
40.607
41.698
37.606
39.449
41.77
38.554
39.036
36.295
35.109
27.747
23.804
18.175
19.053
20.237
22.438
23.663
27.953
28.181
30.646
30.294
35.221
35.927
36.938
35.871
36.716
32.595
33.372
35.17
31.808
26.583
25.305
23.623
14.866
3.5846
1.0905
0.023824
0.3261
0.064886
0
0.15546
0.24715
0.25974
0.082574
0.20893
0.20646
0.16085
0.25993
0.23578
0.1901
0.26675
0.10601
0.17153
3.5663
0.42644
3.9241
9.6572
10.526
10.431
8.7034
9.0876
8.9633
9.9007
5.8637
4.728
2.5598
0.90691
0.39459
0.20766
0.24903
0.12765
0.27085
0.26871
0.27197
0.21662
0.23055
0.41355
1.4455
2.5285
4.0415
8.6302
14.819
23.925
30.763
38.11
38.348
35.952
37.931
36.763
36.95
40.182
41.461
46.023
42.198
42.18
42.623
39.487
41.523
39.382
39.79
42.619
39.541
35.268
35.173
31.708
27.262
19.271
20.112
21.488
24.058
27.242
29.554
29.091
33.451
32.264
33.597
39.266
37.053
37.011
37.388
34.348
35.426
30.086
30.317
27.282
24.804
20.369
11.579
3.0541
0.74022
0.11805
0.023327
0.24376
0.16164
0.2129
0.35249
0.14618
0.21366
0.20566
0.32264
0.30847
0.24719
0.33597
0.27469
0.31017
0.04863
0.14026
0.14823
5.4001
2.0458
4.7311
7.5362
9.7666
7.5433
6.3486
7.5993
9.3305
6.3441
4.8794
2.941
0.95389
0.31549
0.030072
0
0
0
0.19407
0.38409
0.56337
0.91661
1.26
2.364
3.7416
8.7237
12.977
19.111
30.122
34.021
42.821
39.939
39.979
37.789
40.587
41.701
39.71
44.602
44.098
42.725
44.679
44.168
40.638
40.962
39.007
41.981
41.178
42.418
37.054
33.535
30.36
22.119
19.33
20.19
21.489
24.372
26.699
26.058
30.53
31.128
34.652
35.076
38.169
36.331
36.31
38.256
34.031
34.825
35.251
30.701
23.411
26.978
23.567
12.451
3.0813
0.51145
0.20682
0.00045848
0.15025
0.1277
0.14742
0.33003
0.21639
0.1481
0.25527
0.0059984
0.2803
0.21604
0.11581
0.26618
0.22562
0.079604
0.1657
0.094294
6.0692
5.1715
6.2507
6.4148
8.7763
8.535
5.671
3.8915
1.9021
1.4138
0.60266
0.2458
0.076037
0
0.094133
0.53721
0.24584
1.1385
1.1853
2.1188
4.8164
11.081
12.576
21.079
28.331
37.608
38.156
42.958
41.576
37.876
39.911
40.708
41.721
43.269
42.428
41.725
41.278
39.748
42.289
43.561
36.365
36.654
34.592
26.527
21.343
16.921
17.545
22.864
22.296
24.907
27.818
30.828
34.212
33.655
36.681
39.564
37.629
36.474
37.272
34.889
36.137
31.042
30.174
28.506
26.109
22.068
0.13083
0.16465
0.16528
0.069092
0.13823
0.050507
0.19885
0.073252
0.19778
0.22215
0.12339
0.25334
0.25867
0.18948
0.10279
0.1633
0.1341
0.17039
0.093751
1.4571
5.193
4.374
5.0392
4.7636
6.2839
7.6619
6.7475
4.5538
2.8589
1.8186
1.3821
0.75726
0.31767
0.55788
0.27494
0.81169
0.98555
1.3479
1.3986
1.3739
2.4209
7.0924
10.162
14.198
25.153
31.188
39.373
40.173
42.63
40.843
40.466
41.659
42.446
41.56
42.678
42.672
43.762
42.981
42.639
42.119
42.855
39.767
42.885
37.275
40.268
36.613
33.655
30.162
22.736
16.941
17.83
22.554
22.19
26.697
26.541
30.397
32.475
32.63
37.658
37.062
39.23
39.808
37.445
34.438
34.13
31.942
33.55
28.374
27.166
22.109
14.904
4.5037
1.6639
0.030995
0.29164
0.05639
0.0092354
0.0205
0.24058
0.039239
0.10582
0.03681
0.18196
0.024795
0.14639
0.082636
0.13852
0.12009
0.097928
0.074363
0.1459
2.3994
3.4118
3.7896
6.0222
8.2862
6.1207
6.2851
7.395
7.4718
6.0899
4.526
2.8776
1.3406
0.64516
0.45696
0.3963
0.3251
0.25063
0.34694
0.30358
0.42875
1.2317
1.4052
2.0186
3.4967
6.3521
11.924
19.972
27.029
36.381
37.738
39.686
37.498
40.07
37.136
38.363
40.127
42.401
43.264
45.561
42.296
44.04
42.121
40.064
39.216
40.703
39.1
41.311
36.198
36.979
30.441
22.945
19.707
19.32
20.104
25.739
27.027
26.508
31.706
32.021
34.239
34.96
38.874
37.227
37.193
35.696
38.905
34.406
33.271
33.995
26.899
27.622
19.623
13.262
4.3408
0.70335
0.13979
0.041225
0.010409
0.11574
0.11402
0.14579
0.031015
0.13898
0.094144
0.072485
0.11025
0.1245
0.11516
0.1858
0.051621
0.023869
0.11085
0.08165
4.1133
0.61347
2.5902
6.107
7.5127
6.3793
3.932
2.9642
1.1701
0.41505
0.68154
0
0.19741
0.27102
0.14222
0.16231
0.44012
1.1795
1.3885
2.3912
4.1663
9.5225
13.372
17.925
28.415
38.725
40.785
39.556
40.366
35.841
38.452
38.828
42.59
41.917
42.425
41.382
40.871
39.054
39.934
36.716
37.853
41.704
38.39
11.504
14.461
10.901
14.022
14.365
18.776
23.27
30.113
32.599
36.305
36.929
34.665
36.642
40.021
38.103
39.683
38.255
38.755
41.133
39.41
38.558
40.996
35.176
33.681
32.979
30.097
26.876
23.253
18.88
14.079
9.9586
6.8282
4.9917
3.8896
3.6394
3.4594
4.4937
6.3288
7.6395
10.523
13.048
13.639
15.631
16.456
17.293
20.185
20.807
19.36
20.944
18.929
16.624
16.212
16.778
15.286
15.994
14.057
13.788
14.112
13.513
12.934
13.616
13.652
14.992
15.767
14.551
16.239
14.759
15.342
16.397
16.011
14.137
15.375
14.136
13.64
14.986
14.959
13.92
13.835
15.373
13.973
15.591
14.451
15.576
15.672
14.347
15.379
14.302
14.495
15.214
14.658
14.916
14.546
15.213
16.012
16.744
15.234
16.339
15.132
15.747
15.735
16.187
14.651
14.522
15.385
13.705
15.244
15.604
13.97
14.763
15.883
14.978
16.369
16.383
14.868
16.462
15.039
15.696
16.113
15.715
15.112
13.843
14.511
13.511
13.114
13.015
13.194
11.708
11.94
11.563
10.468
9.55
9.7537
10.549
9.8675
10.536
10.275
10.187
10.425
9.8687
9.3566
10.319
9.9127
10.258
11.939
13.214
12.941
14.918
15.091
17.922
18.44
20.746
22.992
25.521
24.952
28.732
27.951
32.659
39.091
40.54
45.401
42.036
47.803
43.808
47.37
45.894
43.753
44.405
46.122
43.147
45.041
38.766
35.615
34.984
34.242
33.831
37.349
32.562
31.668
26.039
19.455
14.224
9.0698
10.89
11.281
10.977
16.204
20.112
25.253
30.25
32.613
36.84
35.701
40.586
39.038
37.758
39.93
39.605
39.513
36.241
32.85
28.805
29.489
22.889
12.131
8.3758
0.97564
0.40389
0.10956
0.079418
0.089834
0.23087
0.18796
0.1725
0.16253
0.076925
0.072309
0.17863
0.082174
0.1811
5.4522
0
1.4611
3.3692
4.2339
5.8497
4.5709
5.3357
6.0058
5.9434
5.3777
3.0676
1.3784
0.94487
0.13458
0.15277
0.29186
0.30298
1.259
2.3673
3.2683
8.194
14.34
18.838
27.541
34.011
38.676
37.812
36.364
34.529
36.856
36.741
41.274
40.267
40.802
41.842
43.79
39.885
40.186
37.26
41.201
37.552
41.145
39.309
21.661
14.184
15.866
17.381
23.621
24.314
28.221
29.041
29.752
35.502
33.968
38.072
41.591
37.729
39.699
40.078
36.932
35.96
36.371
31.693
29.153
25.603
19.275
7.7402
3.3095
0.67542
0.10497
0.11098
0.017625
0.068943
0.12184
0.18809
0.070537
0.066483
0.17805
0.11004
0.167
0.14792
0.15489
1.0369
1.3408
2.1681
4.6159
5.6728
5.4248
5.9235
6.0452
7.1891
7.0173
5.157
3.1825
1.5548
1.4597
1.3449
1.1381
0.29389
0.33122
0.19436
0.39882
5.6712
10.429
13.813
17.99
28.857
34.049
38.418
35.726
36.252
36.739
39.85
35.768
42.009
41.735
40.52
43.079
39.37
40.358
39.14
37.663
40.152
37.896
41.269
35.913
34.166
31.454
28.303
20.742
16.571
15.44
17.951
22.439
25.203
35.192
40.66
38.641
40.392
38.993
37.824
38.59
38.749
34.952
32.301
28.215
24.918
18.907
8.68
2.1364
0.65245
0.24062
0.29033
0.020982
0.058471
0.077367
0.11067
0.065581
0.046095
0.13218
0.13504
0.20452
0.061564
0.26176
0.16192
0.16428
1.2156
4.0588
4.1469
5.6353
5.1646
5.1168
6.8612
6.3633
5.3503
3.2056
1.8111
1.4771
0.90148
0.78688
0.48025
0.071131
0.21536
0.30856
0.32573
1.2556
1.5869
2.9141
5.1763
9.1654
12.295
22.508
27.388
37.002
36.794
39.355
33.173
37.987
37.002
39.721
41.111
42.084
39.742
43.383
41.962
40.563
41.202
38.365
37.693
39.04
28.758
24.505
19.022
18.36
18.012
23.06
24.646
27.116
31.356
31.263
34.138
34.208
39.232
39.355
38.422
38.01
38.063
34.859
37.049
31.14
27.405
29.258
23.187
13.937
4.6233
0.79498
0.14068
0.16252
0.3104
0.13578
0.19725
0.33667
0.2351
0.20242
0.18059
0.19583
0.18076
0.091492
0.10915
0.226
1.5187
3.4889
3.2979
6.0384
7.4329
7.2209
7.9268
8.1191
8.9879
1.4678
0.47399
0.22717
0.14269
0
0
0.070311
0.25082
0.2161
1.1491
2.3823
3.4509
5.3876
8.8254
16.278
22.969
34.545
37.841
33.651
36.684
36.484
33.57
35.731
41.156
38.108
44.267
40.225
43.567
41.611
39.405
41.182
38.566
41.769
40.824
37.151
36.726
34.431
33.917
27.93
23.011
21.165
24.33
23.099
26.223
34.455
37.566
37.316
38.04
34.605
34.013
32.683
33.668
31.943
27.446
24.675
21.988
11.797
4.7277
0.91567
0.085618
0.097763
0.15873
0.061515
0.19843
0.15872
0.21558
0.10472
0.30964
0.1321
0.25501
0.25764
0.32064
0.3243
0.26521
0.22351
0.27541
0.18998
2.7164
3.3569
3.5868
7.5409
7.8318
7.3998
6.1261
4.8931
2.175
1.2104
0.88859
0.013514
0.30371
0.27645
0.25637
0.17305
0.13037
0.27377
0.71125
1.8285
3.2622
4.4175
7.7666
15.363
22.488
33.721
35.15
32.291
35.253
33.776
36.023
36.896
41.216
39.995
39.463
43.196
41.434
43.825
40.109
42.25
37.222
40.297
38.82
40.828
34.933
36.91
35.06
26.019
25.847
27.832
29.018
32.495
32.043
35.508
36.529
39.128
35.3
38.537
37.72
36.094
31.722
33.05
27.896
26.123
23.373
14.385
3.9019
0.60482
0.020982
0.1356
0
0.058038
0.088312
0.19043
0.16658
0.042177
0.18736
0.12383
0.18024
0.17071
0.099968
0.28276
0.23818
0.22021
0.26923
0.19791
0.2527
2.5399
3.3874
7.0876
7.3514
7.5788
7.585
8.1128
8.9877
6.7842
5.7929
0.49916
0.4716
0
0.045147
0.26281
0
0.41082
1.2418
2.5945
4.4849
6.6887
10.594
16.473
23.014
33.82
35.244
35.563
33.77
38.921
33.924
38.63
38.391
41.956
42.099
44.526
43.212
42.931
41.937
37.48
37.983
41.046
39.122
42.797
38.54
32.979
31.746
26.979
23.067
29.86
28.738
31.321
32.12
35.418
35.013
38.219
38.102
33.546
37.294
35.932
34.082
31.357
27.217
26.927
21.318
13.73
3.9858
1.1348
0.14421
0.17963
0.097235
0.01439
0.00045895
0.27124
0.12116
0.072278
0.24466
0.25252
0.20526
0.16612
0.20902
0.20656
0.19424
0.18211
0.14585
5.1186
8.6451
8.0796
7.9699
9.4995
8.7645
7.9606
6.3839
4.601
1.7885
1.1884
0.93575
0.99744
0
0.1653
0.073349
0
0.0080732
0
0
0.85654
2.3268
4.4222
7.831
13.975
23.214
33.669
35.686
37.115
32.727
36.632
36.635
34.67
40.195
43.338
40.282
45.126
41.711
41.381
43.293
40.197
41.711
39.819
42.252
41.766
38.596
40.725
36.648
32.434
25.974
24.21
26.554
27.245
29.882
32.341
30.619
32.186
33.765
35.814
38.749
37.903
35.61
36.874
32.62
36.011
31.022
31.449
30.541
24.046
16.741
9.4587
4.2101
0.68339
0
0.073626
0.090804
0.19441
0.17282
0.33255
0.13653
0.21364
0.27564
0.29354
0.084645
0.20763
0.12777
0.2558
0.18872
0.23699
0.18339
0.17029
1.7807
3.9794
4.4858
8.1601
7.2981
7.4987
8.102
8.589
9.9877
8.2313
5.8705
1.1625
0
0
0.46021
0
0.077741
0.2986
0.0050732
1.8617
3.731
5.8948
8.5676
16.51
22.468
30.769
34.672
36.214
31.618
34.349
37.131
34.459
40.273
40.822
41.31
42.016
44.373
40.154
38.144
42.217
38.242
32.523
35.063
29.293
25.561
25.854
24.093
27.765
28.229
29.989
32.261
31.303
32.56
34.863
35.866
38.281
36.933
37.268
33.239
34.478
33.865
31.312
2.9297
0.79686
0.11432
0.13816
0
0.17052
0.10488
0.1671
0.11624
0.21313
0.20575
0.18927
0.16734
0.30082
0.27674
0.21166
0.2314
0.23282
0.26304
1.7625
0.3392
3.5138
3.3615
6.1225
7.0472
6.8496
7.0461
8.0614
8.4667
7.6872
7.1028
0.36005
0.35116
0
0.072079
0.086455
0.41311
0
1.359
2.2829
3.3902
4.6522
9.1292
16.701
22.86
32.627
39.774
32.046
33.835
34.591
32.362
38.913
40.573
42.178
39.436
42.689
41.923
40.451
39.34
39.361
36.391
41.406
36.481
36.72
27.836
25.014
22.874
26.763
27.503
27.846
29.41
28.965
32.914
29.818
33.72
36.987
33.766
36.556
32.066
34.52
33.639
30.418
28.25
29.215
22.764
21.674
10.23
2.4576
0.80464
0.011062
0.17311
0
0.16735
0.20106
0.13197
0.33826
0.26391
0.16866
0.36229
0.17056
0.24185
0.16361
5.9848
0.93173
5.6207
7.0934
7.6657
9.6827
12.109
12.092
11.859
12.083
8.0048
7.8151
4.0654
1.0232
0.67184
0.32824
0.38181
0.12166
0
0
0
0
0.016245
0.18579
0.66113
2.2162
3.7679
6.5417
13.463
18.733
30.538
33.427
37.251
34.347
34.873
31.234
33.418
39.789
41.381
43.335
41.643
38.84
39.973
41.873
39.161
40.619
34.408
35.889
34.088
31.494
28.041
30.729
32.175
33.584
32.977
34.582
32.783
34.266
36.29
37.904
37.519
37.782
34.717
37.081
32.124
32.682
28.485
25.001
24.671
19.841
8.3173
3.14
0.76645
0
0.16671
0.075161
0.081882
0.098727
0.21862
0.18178
0.15712
0.27909
0.26426
0.25895
0.25442
0.27388
0.19363
3.9522
0.51154
3.2395
3.5408
6.0114
7.4477
6.1306
7.2233
8.553
9.3979
8.158
6.0278
4.2679
2.3037
1.3333
0.86251
0.47658
0.39779
0.39951
0.21077
0.11401
0.41005
0.16307
1.3676
2.866
5.1368
7.1655
11.37
16.208
26.174
31.047
36.905
34.945
34.521
36.388
35.154
38.759
38.512
43.201
41.021
43.729
40.665
42.907
42.326
40.159
41.672
37.534
37.196
28.303
25.556
25.485
25.699
27.805
28.209
29.809
28.19
30.039
32.7
35.745
35.644
38.82
33.568
35.033
33.987
32.576
32.899
27.846
26.917
23.823
22.357
10.717
3.3486
0.61643
0.046815
0.13145
0
0.092974
0.096167
0.14452
0.16883
0.31842
0.21197
0.24853
0.28078
0.13675
0.30727
0.1882
0.82616
2.7874
2.8828
4.5762
7.1706
7.2712
8.1335
9.6099
9.1473
7.1941
6.0672
3.7778
1.8006
1.157
0.58344
0.48155
0.05501
0.43521
0.13045
0.46367
0.023048
0.26765
0.41588
2.1934
3.3235
4.3331
7.2311
14.952
22.273
31.381
36.671
38.21
31.365
35.756
34.627
40.461
44.34
38.429
40.561
42.624
40.586
38.038
39.738
40.277
39.676
39.947
35.285
33.584
29.512
26.673
28.838
27.945
29.715
28.574
31.144
30.43
32.336
31.541
37.032
34.709
31.818
33.539
32.665
35.04
29.792
27.906
25.777
22.644
17.356
7.229
2.7363
0.90298
0
0
0.071233
0.17313
0.12832
0.12059
0.067164
0.1573
0.19238
0.15968
0.06718
0.20164
0.28643
4.0804
1.4381
3.3764
4.3748
6.694
8.2563
8.7159
9.1723
10.947
11.462
7.8077
7.2584
5.0451
1.8886
1.1813
0.8764
0.7871
0.62732
0
0.3
0
0.0013426
0.32753
0.17917
1.5311
3.4855
4.3848
6.4778
12.665
22.374
32.271
34.605
33.177
33.423
34.813
35.651
37.581
43.412
40.883
41.714
43.663
42.589
44.382
43.214
40.273
42.055
41.752
39.704
33
31.398
28.227
30.732
30.876
32.099
33.788
33.731
33.646
35.943
36.28
37.365
39.921
35.22
37.456
37.745
33.282
33.501
29.383
27.511
24.074
22.22
8.681
5.2547
0.65596
0
0.074731
0.029542
0.21362
0.11509
0.056989
0.20502
0.21941
0.17477
0.22072
0.25508
0.1016
0.20893
0.24993
0.21155
0.1006
0.18884
3.7175
0.19079
1.0941
3.2864
5.8225
6.5468
9.0164
9.0402
4.4246
2.5817
1.5411
1.3505
0.6991
0.25672
0.42618
0
0.43745
0.11273
0.36714
0.76346
2.6172
4.1253
5.4084
7.455
16.193
26.411
31.138
36.293
33.248
36.612
36.621
37.848
40.288
44.105
38.7
45.454
41.128
42.969
42.727
40.953
40.696
40.419
39.342
40.575
39.552
43.133
27.001
27.318
29.304
29.982
31.936
31.67
34.552
33.869
39.811
36.094
37.949
38.892
34.628
38.35
35.188
32.735
34.716
27.8
23.404
24.764
12.032
3.06
0.65721
0.095842
0.13527
0.11914
0.047042
0.19937
0.16641
0.1676
0.17829
0.20257
0.15606
0.14576
0.11129
0.20774
0.066672
0.2066
0.061137
0.1076
3.501
0.060669
1.3054
3.138
7.2608
8.7406
9.0129
6.5128
5.2721
2.6815
1.6351
1.4177
1.1587
0.43336
0.50702
0
0.41256
0.33654
0.67191
1.6925
2.9011
4.6201
7.608
10.049
16.876
27.352
31.551
34.673
39.216
35.476
37.505
35.59
42.19
40.095
42.049
43.933
44.551
40.747
43.91
40.333
42.74
39.741
38.961
39.663
43.043
36.98
37.036
34.497
34.863
26.854
29.153
31.323
33.631
34.082
37.411
39.242
35.96
37.103
36.122
35.399
34.618
35.127
27.363
23.803
21.651
20.526
9.1518
2.014
0.63974
0.0013768
0.045117
0.076434
0.043173
0.15787
0.2046
0.11458
0.19298
0.11788
0.11896
0.12009
0.072313
0.038319
0.25539
0.095856
0.090037
0.13354
5.2521
1.0428
4.1077
5.6087
7.5666
11.618
11.688
10.535
7.6352
5.5687
1.8847
1.8703
1.229
0.84088
0.4219
0
0
0
0
0
0.1886
0.55523
2.0809
3.4297
4.6672
11.686
20.981
30.431
33.692
35.825
33.485
37.701
36.193
35.896
39.375
42.808
42.383
42.67
45.556
43.18
42.978
40.648
40.775
43.511
40.599
42.081
39.262
40.501
38.98
31.992
29.761
28.74
29.564
30.442
33.265
33.221
32.6
33.596
32.32
39.023
37.613
40.114
36.328
37.793
34.924
34.601
30.771
28.824
23.918
26.055
20.162
7.2985
3.1569
0.64803
0.091759
0.087596
0.098195
0.18833
0.040186
0.12428
0.076295
0.17772
0.18431
0.15834
0.19654
0.085709
0.2446
0.18632
0.18576
0.1357
0.2667
7.1966
1.8767
3.1435
5.7024
5.7586
8.879
9.2067
8.8821
10.858
9.988
9.1005
6.7745
4.7688
2.7875
1.4399
1.5397
0.79925
0.64921
0.66454
0
0.20766
0.50272
0.21721
0.42183
1.1109
3.3965
5.87
5.9597
13.473
21.704
30.257
34.683
33.612
34.765
35.917
34.011
39.628
40.603
41.327
44.849
44.819
40.68
44.137
40.604
41.66
39.108
38.269
36.412
34.14
29.737
27.98
30.063
31.346
31.868
33.156
33.194
36.43
34.327
36.335
42.124
37.698
40.588
39.159
35.182
30.612
34.639
31.349
28.49
22.418
20.354
10.415
3.9843
0.89046
0.14866
0.095905
0.096969
0.1002
0.11532
0.070019
0.14545
0.22996
0.082466
0.29828
0.22441
0.11558
0.038279
0.11455
3.1847
0.17155
1.3146
3.7329
6.7496
7.7865
7.9479
8.2349
9.5266
10.202
9.5164
6.9083
4.3357
2.8762
2.2433
1.6154
0.58505
0.64506
0.50706
0.52301
0.010792
0.31384
0.35236
0.87489
2.1885
3.1541
5.9465
10.103
15.393
24.394
30.836
33.982
38.773
32.857
36.086
41.083
39.26
39.345
44.483
41.526
42.364
38.955
42.004
42.806
40.888
42.544
36.25
36.313
31.987
28.962
22.846
26.895
30.816
32.137
29.168
29.489
32.33
32.947
36.924
34.288
38.527
35.721
37.025
36.229
37.156
31.51
28.499
24.029
25.933
20.649
8.7679
3.8237
0.64791
0.049516
0.11825
0.014378
0.17612
0.10535
0.19904
0.17672
0.20775
0.14984
0.18819
0.30032
0.1391
0.25403
3.0458
3.5682
5.4781
7.7076
9.9684
11.09
9.8262
9.4369
10.722
10.901
9.2246
9.5352
5.1033
4.2961
2.9332
2.6515
1.9764
1.5958
0.91727
1.4238
0.39029
0.66631
0.52456
1.2406
2.1337
3.6797
5.1703
6.2171
13.435
22.737
28.093
34.387
36.662
31.053
34.345
35.187
37.913
40.557
43.547
43.166
43.515
40.283
42.496
41.083
42.142
39.932
40.05
41.313
37.501
26.672
25.216
24.841
29.665
29.538
32.692
30.972
34.998
35.908
38.866
40.611
38.235
39.392
36.234
36.983
34.917
33.322
28.182
24.576
25.458
20.489
9.0499
3.9332
0.49321
0
0
0.00155
0.10866
0.064556
0.067093
0.074798
0.12998
0.11947
0.060081
0.10379
0
0.014868
0.13925
0
2.2939
5.6779
9.8449
9.0421
7.4612
7.5998
9.0536
10.426
8.5742
8.4363
5.1767
3.4032
2.9393
2.0315
1.9125
1.4236
0.98674
0.17625
0.43587
0.46746
0.41752
0.88077
2.0207
4.1643
5.7801
8.7759
18.632
27.103
34.273
35.657
36.935
35.702
39.455
38.414
38.787
40.344
42.539
42.606
45.589
45.808
41.887
42.452
41.386
39.034
37.251
32.716
29.217
29.357
26.539
29.463
28.62
28.647
30.953
34.031
33.763
34.502
34.616
38.777
37.168
39.397
39.392
35.277
30.799
32.86
24.859
24.04
23.862
17.646
6.8133
2.6696
0.039689
0.016741
0
0.20345
0.053071
0.083649
0.13061
0.091573
0.13515
0.12348
0.18647
0
0.18292
0.066241
0.18234
0.051158
0.076501
0.0041504
0.10822
6.8846
8.1692
10.198
11.477
11.434
7.3615
6.1898
4.6241
3.1928
2.162
1.3158
0.67876
0.094792
0.12877
0.041169
0.073187
0.039687
1.1605
1.4249
2.7392
3.2683
6.4029
9.236
20.819
27.948
36.287
38.431
38.697
35.1
38.633
38.345
44.346
40.96
45.295
43.125
45.869
46.591
42.394
44.293
44.287
39.8
42.917
42.018
43.481
37.893
38.728
32.768
27.957
31.414
29.021
32.293
31.558
31.751
36.133
34.629
37.495
38.761
35.116
35.87
35.2
29.992
24.395
25.69
20.233
15.629
7.0034
3.2822
0.2305
0.02288
0.054213
0.13177
0.082739
0.050113
0.11463
0.10168
0.068245
0.10547
0.057134
0.0020732
0.11144
0.17634
0.081675
0.11474
0.0078615
0.13133
0.18535
4.447
3.7317
7.7681
12.534
10.706
8.2562
6.7827
3.7837
2.9167
1.1357
0.39495
0
0.01621
0
0
0
0.034348
0
0.24814
1.5831
2.8728
5.0727
8.2433
16.497
26.729
32.039
38.851
39.632
40.86
38.403
39.268
40.64
42.779
42.786
47.184
46.707
46.045
45.94
40.65
42.398
41.318
42.408
45.729
40.883
40.136
32.819
34.778
31.667
26.83
30.106
29.852
32.406
31.593
32.728
36.871
37.788
37.755
36.783
35.201
30.453
29.82
27.227
28.368
19.418
14.244
8.6394
1.9533
0.39296
0.018635
0.082771
0.086531
0.10494
0.01147
0.1017
0.085822
0
0.069279
0.062159
0.12739
0.047179
0.039315
0.12351
0.030585
0
0.064198
0.14257
4.1048
3.6401
9.0501
13.339
10.278
6.854
5.3755
2.524
1.4778
0.39092
0.23028
0
0
0
0
0
0.025252
0
0.17234
0.85625
2.2839
2.9001
8.028
15.77
24.524
33.141
38.88
40.862
38.756
38.759
36.267
45.403
42.333
43.16
43.965
43.836
44.376
44.698
42.356
44.441
42.938
44.24
41.305
40.543
40.21
38.675
34.665
27.975
26.958
24.713
25.812
28.96
30.999
34.055
39.97
36.824
37.558
35.78
36.564
31.454
33.601
28.783
25.85
20.811
17.482
9.2243
2.5669
0.37842
0.047993
0.14352
0.071265
0.086762
0.00045911
0.13
0.067667
0.10429
0.14414
0.13398
0.15683
0.22424
0.090023
0.23843
0.033478
0.15808
0.13131
0.087431
3.4261
2.4056
4.5188
10.068
9.495
9.7523
9.7433
10.843
11.708
6.0226
4.9914
2.7256
1.0216
0.91624
0.41287
0
0.11778
0.057052
0
0.022394
0
5.9879
9.0743
17.093
25.93
33.483
41.257
40.516
40.126
36.705
42.117
40.328
41.333
45.656
46.337
46.152
46.69
40.697
42.527
41.032
43.302
44.113
42.007
40.632
38.238
34.629
31.874
26.429
28.962
25.759
29.451
32.785
32.575
36.36
35.533
39.462
37.379
37.369
37.503
36.26
32.111
31.923
27.361
23.174
16.168
10.319
3.0008
0.71546
0.041255
0.074343
0.12348
0.1781
0.1708
0.18097
0.16913
0.095827
0.17511
0.13523
0.094815
0.033491
0.070323
0.16806
0.050163
0.50081
2.099
5.951
6.6521
6.514
7.1169
8.6016
8.9398
7.388
5.8339
2.6558
3.1811
0.75618
0.20607
0.095207
0
0
0
0
0.087698
0.91104
1.5599
1.9064
4.3237
8.3621
12.676
21.503
28.948
34.645
43.406
43.468
38.062
42.522
44.64
38.773
41.09
43.865
38.884
42.349
40.177
40.139
43.693
41.26
34.691
32.718
27.856
21.787
20.687
20.215
21.272
27.129
27.053
29.917
30.698
34.206
32.096
37.577
39.078
41.425
39.509
37.574
37.163
36.119
37.346
31.635
31.829
25.78
17.876
14.197
3.6959
1.0322
0.038253
0.096732
0.19842
0.11124
0.070187
0.028618
0.051068
0.11296
0.075392
0
0.26539
0.0050742
0.1169
0.053132
0.192
4.2683
0.62187
2.2538
5.1498
6.9517
6.8072
3.8605
4.4166
6.2591
5.559
5.2757
1.7371
1.6308
0.91577
1.053
0.34179
0.48111
0.069091
0
0.20881
0.46653
1.4219
1.4424
2.4383
4.0147
7.4811
13.063
20.373
31.343
37.91
38.405
40.926
39.974
38.908
43.441
41.856
40.266
43.93
42.326
39.71
40.388
40.849
38.881
41.73
40.617
31.616
27.603
24.849
21.051
22.179
22.244
26.578
27.134
27.784
30.51
34.278
34.288
37.675
39.423
35.167
40.648
37.972
37.241
33.586
34.489
32.892
25.83
25.056
19.605
12.882
4.546
1.168
0.071678
0.039205
0.22876
0.013431
0.17113
0.17774
0.11019
0.14352
0.17025
0.17385
0.21162
0.10274
0.083213
0.27697
5.0307
0.5171
2.548
6.5759
5.8532
6.4573
6.1124
7.6174
8.1422
6.0395
4.7382
1.9699
1.1233
0.68742
0.24114
0
0
0
0
0
0.12115
0.91069
1.2676
1.7175
1.9235
6.0937
13.157
20.025
28.472
35.253
42.733
44.738
39.664
41.21
41.778
41.805
41.078
40.057
41.272
39.643
41.257
40.169
42.951
39.771
35.416
33.116
26.636
23.499
21.853
20.833
20.619
26.241
24.765
26.606
27.859
31.44
33.199
34.504
37.787
37.278
39.603
39.844
38.727
33.734
35.178
31.188
30.285
25.247
14.825
13.267
2.3779
0.81639
0.10966
0.1249
0.10101
0.14575
0.037294
0.08988
0.096227
0.021936
0.032951
0.10592
0.058102
0.008847
0
0.13297
3.5743
0.31976
2.4656
5.6883
5.4075
5.5713
6.0428
6.7572
8.2741
6.3556
3.8532
1.7202
0.78535
0.46933
0
0
0
0
0
0
0.041155
0.53832
1.4639
1.7218
2.4385
6.2816
11.407
19.535
26.996
36.663
39.416
41.572
41.528
37.589
42.582
43.606
40.458
46.079
46.837
45.157
44.155
39.544
42.34
38.474
33.413
30.436
28.527
21.666
20.311
19.117
21.265
22.652
26.009
24.711
30.452
29.754
33.104
35.065
36.233
38.366
40.584
37.374
38.779
34.176
33.642
30.743
29.382
24.904
19.022
13.231
3.809
0.80699
0.071147
0.076889
0.11617
0.024318
0.080481
0.075314
0.070199
0.040716
0.067153
0.083129
0.097913
0
0.11576
0.11469
5.1216
0
0.76197
3.3144
5.0171
6.0228
3.8049
4.8706
5.4221
5.2627
2.7966
1.4602
1.2896
1.152
0.93757
0
0.027134
0.15441
0
0.066148
0
0.27869
1.0145
1.6296
2.2232
6.2252
9.5411
17.966
24.979
32.098
39.551
40.913
40.253
40.106
39.068
43.768
39.292
38.961
44.577
42.247
42.452
40.336
37.44
33.606
29.342
27.936
26.76
18.925
16.694
18.078
21.71
21.579
23.067
29.343
28.05
32.007
31.994
34.406
35.373
40.096
39.257
36.302
36.7
36.074
31.864
30.158
27.508
25.629
16.069
11.464
4.0961
0.97449
0
0.037335
0.20718
0.015324
0.0046041
0.24192
0.087824
0.059029
0.10613
0.070143
0.13002
0.15447
0.1038
0.046663
0.11303
0
1.2338
1.4068
3.9486
3.4403
3.7182
4.7023
5.127
4.3236
2.9175
1.374
0.89033
0.46042
0.47088
0
0.0031035
0
0
0
0.047888
0.68635
1.0373
1.8721
3.5357
7.0428
12.301
17.197
25.797
34.899
36.633
39.063
42.128
37.289
39.335
38.17
39.652
38.594
41.908
43.353
40.709
39.478
36.019
39.239
30.395
26.433
24.325
18.46
15.407
16.361
21.313
22.734
24.546
28.092
27.862
33.125
33.919
38.036
36.487
40.003
37.305
37.749
39.018
34.101
34.184
34.846
28.128
27.438
22.257
14.437
5.4267
1.7539
0.08466
0.017213
0.12565
0.1329
0.1301
0.091557
0.10273
0.060133
0.1397
0.14084
0.21048
0.18413
0.061679
0.017236
0.079599
0.50344
0.50056
0.19507
2.0876
2.6504
2.9436
3.9308
4.7355
3.5444
2.1812
0.97364
0.96594
0.39587
0.50562
0.019868
0.15046
0.068829
0
0.1298
0.572
1.0786
1.4475
2.0818
4.1223
8.5281
12.445
19.266
26.844
32.577
41.39
39.725
38.06
39.384
42.111
41.002
40.461
38.834
44.176
40.449
43.44
39.096
36.379
38.259
37.714
37.617
39.094
34.567
32.298
25.518
17.953
23.021
24.679
26.153
29.119
29.973
31.424
36.119
39.622
38.122
39.778
36.9
36.481
38.26
30.886
32.312
31.432
26.292
23.463
15.075
4.6885
1.0763
0.12126
0.059671
0.21634
0
0.095108
0.025781
0.021016
0.085814
0.032985
0.14994
0.20978
0.032995
0.14823
0.18703
0.06772
0.113
0.098443
0.16085
2.8421
4.0727
2.8759
3.0581
3.5017
3.5022
2.2419
1.0528
1.7476
1.0291
0.34837
0.58131
0
0
0
0
0.50729
1.1186
1.2617
2.0352
3.7
8.7782
12.988
22.159
31.684
38.145
37.331
41.866
37.998
38.475
38.663
40.818
40.713
41.645
41.675
41.941
37.849
39.439
37.136
36.103
35.78
38.335
18.629
15.686
17.724
17.643
19.721
19.425
23.705
26.634
29.629
31.585
35.367
36.368
39.52
39.793
41.656
39.141
37.006
37.894
34.724
30.099
30.206
24.22
21.79
14.411
4.6936
2.3573
0.011107
0
0.135
0.12224
0
0.097285
0.07583
0.005064
0.02814
0.16136
0.057584
0.035401
0.097938
0
0.0097249
0.082205
0.40062
2.3895
2.5417
3.9447
2.8671
3.6824
4.8334
3.8715
2.6814
1.0809
1.0491
0.16203
0.25234
0.03407
0
0
0
0
0.46086
1.1279
1.0852
1.3061
3.9529
8.3899
13.873
19.818
29.329
35.164
37.088
36.955
38.702
37.496
40.007
36.301
36.573
38.761
38.362
34.653
36.597
32.986
35.887
32.965
33.909
29.092
22.576
15.694
12.2
16.646
17.354
18.595
18.228
23.278
26.837
28.074
34.349
34.949
35.373
39.464
38.612
36.478
38.774
35.47
35.385
32.063
29.081
27.996
26.54
19.245
14.403
5.5684
1.3184
0.095098
0.037787
0.17782
0.075332
0.061558
0.11182
0.10753
0.086785
0.18456
0.24157
0.048644
0.13238
0
0.12796
0.13356
0.35281
0.41349
0.8774
3.4193
4.115
4.2974
4.0262
4.6588
4.2688
2.3329
1.3458
1.6843
0.87039
0.76227
0
0
0
0
0
0.31628
0.85967
1.5625
2.0861
3.3961
6.6748
12.419
17.806
28.352
33.551
38.362
40.588
40.162
36.071
39.675
37.615
41.215
39.386
36.751
40.166
37.304
37.676
37.061
33.435
33.046
28.788
25.638
21.246
15.808
13.859
15.615
16.131
21.128
23.089
25.556
31.071
28.196
32.214
36.966
35.527
39.499
36.937
37.112
37.676
35.946
32.779
29.388
24.632
24.514
22.702
11.84
5.0389
0.92083
0.028648
0.045198
0.13465
0
0.013456
0.20661
0.072319
0.30042
0.024826
0
0.12683
0.078553
0.17337
0.11639
0.067263
0.18115
0.849
1.8649
2.2347
2.9114
3.7212
4.814
4.7206
3.7559
2.6688
0.56918
0.38406
0.36861
0
0
0.015129
0
0
0.22489
4.4577
10.123
13.778
18.195
29.401
33.943
39.329
38.285
37.802
41.828
41.694
40.001
41.085
37.567
41.361
38.87
37.996
40.335
35.501
36.791
36.584
34.42
35.766
32.775
29.739
26.003
20.771
14.736
15.541
14.418
17.491
20.654
23.83
24.999
28.626
32.391
33.451
35.064
37.774
36.893
38.45
39.155
36.204
35.842
33.216
30.1
3.0919
0.35628
0.0087536
0.042598
0.099836
0.018589
0.081909
0.10896
0.074212
0.11007
0.058008
0.089362
0.15096
0.054081
0.11682
0.19922
0.095832
0.08685
0.012057
0.082174
0.031549
0.82483
0.39118
0.929
2.5586
3.2707
3.2659
1.1227
1.3206
1.5783
0.43182
0
0.14718
0
0
0
0.56217
0.82609
1.8732
2.4281
5.9312
7.8385
12.889
19.684
28.078
32.735
41.44
39.743
37.038
40.239
40.329
36.013
40.696
40.172
38.067
38.058
40.59
35.006
35.828
32.91
36.383
35.402
32.566
33.105
26.263
21.66
14.228
11.84
14.159
21.788
25.899
27.589
33.358
34.548
33.73
37.728
39.831
38.819
41.441
41.669
35.598
35.471
33.872
30.622
26.09
20.564
14.169
5.2926
2.6588
0.091481
0
0.12451
0.00507
0.036355
0.12672
0.16436
0.14244
0
0.19925
0.1397
0.17449
0.09162
0.10388
0.17453
0.012527
0
0
0
0.95391
1.2506
0.86468
1.0494
0.93432
0.48634
0.84621
0.48594
0.54978
0.14751
0.26073
0.16375
0.26916
0.45675
0.32457
0.74487
1.4933
1.6135
2.2859
7.1471
10.705
14.969
20.818
27.34
36.305
36.859
37.479
37.313
39.526
40.449
37.299
37.637
40.095
38.441
40.849
33.794
31.144
35.479
32.058
30.281
24.149
18.966
11.264
9.8362
10.96
9.0968
10.711
14.44
19.239
22.616
28.317
30.621
35.118
36.518
35.704
38.303
41.37
38.966
40.985
37.47
34.225
31.445
29.548
27.291
22.226
15.109
5.978
1.926
0
0.080543
0.11187
0.13055
0.071732
0.080476
0.15379
0.11239
0.063112
0.22733
0.093694
0.093711
0.10816
0.11361
0.034455
0.022922
0
0
1.0978
2.0288
2.7647
2.4115
0.86639
0.36867
0.69841
0.57904
0.46898
0.57152
0.27768
0
0
0.24861
0.63801
0.78974
1.3199
1.2914
2.4187
5.9824
9.1576
11.483
14.826
22.987
31.25
39.725
38.633
39.659
37.351
40.928
40.196
37.984
38.201
39.461
36.086
39.216
36.433
36.989
35.788
32.02
32.933
33.531
29.596
29.351
22.908
17.695
10.349
8.8436
9.3908
7.6872
10.862
16.445
31.519
34.105
33.666
34.78
40.7
39.228
43.363
40.3
39.494
35.207
31.598
33.493
29.251
21.886
16.519
6.9739
2.6474
0.10755
0.050611
0
0.1402
0.050106
0.10592
0.20887
0.12007
0.046156
0.12342
0.094214
0
0.10598
0.093682
0.17615
0.083643
0.01722
0
0
0.26465
0.98313
0.51448
0.5673
0.02201
0.050153
0.34652
0.041879
0.04622
0.020362
0.013507
0.035291
0.19695
0.21483
0.64967
1.3408
1.3049
2.4281
3.9852
8.6819
10.46
14.519
22.681
27.453
35.603
37.77
35.422
40
41.441
36.883
39.215
37.555
37.189
37.432
35.109
37.552
36.836
35.402
33.805
31.198
32.93
32.195
29.221
23.803
16.996
11.407
10.103
8.0934
7.8283
12.35
15.168
19.901
23.452
28.77
31.351
33.271
36.116
37.054
38.989
41.445
40.834
43.871
38.203
33.241
33.835
33.35
25.699
23.566
13.488
6.2767
2.4276
0
0.052518
0.030522
0.019087
0.055713
0.095129
0.027172
0.11563
0.1222
0.13846
0.12011
0.030564
0.19063
0.165
0.099546
0.03153
0.0069278
0.2005
0.1324
0
0
0
0
0.47354
1.2507
0.91408
1.5754
0.066248
0
0
0
0
0
0
0
0
0
0.022342
1.1123
1.2819
1.5195
5.701
9.6221
12.777
15.505
23.248
32.237
32.239
40.891
38.755
41.777
41.733
41.515
38.821
41.193
38.755
41.544
41.628
36.985
37.559
34.806
36.413
36.853
34.796
35.037
32.699
25.805
22.231
14.493
11.177
12.413
10.9
11.49
17.772
18.569
22.996
24.816
31.193
31.849
31.552
35.347
38.106
36.321
39.425
39.94
33.768
35.665
32.663
28.306
23.871
18.46
10.697
3.8966
0.8924
0.046033
0.027627
0
0.05155
0.06207
0.08625
0.071772
0.021952
0.21915
0.0652
0.18409
0.096402
0.15869
0.21611
0.048172
0.1657
0
0.089014
0.19446
0.0050763
0.74416
0
0.20313
1.6704
1.7673
2.1001
1.7947
1.3371
1.1168
0.74156
0.094134
0.33778
0
0
0
0
0.050429
0.63544
1.0139
1.4634
2.3516
3.432
10.415
10.76
15.147
22.125
30.03
35.249
35
36.438
39.705
40.389
39.684
41.168
35.897
37.917
36.888
38.755
38.683
36.357
34.571
32.569
31.573
31.076
31.084
26.2
21.832
13.872
8.8921
7.0849
6.6009
7.2116
10.356
16.044
19.09
25.09
27.82
31.991
30.245
35.462
34.731
39.461
41.365
38.975
39.623
40.696
35.689
34.311
28.509
27.151
21.875
14.398
7.9103
2.0617
0.027653
0.14351
0.12116
0.12836
0.022242
0.088911
0.19673
0
0.067215
0.11689
0.12407
0.079582
0.096387
0.11524
0.17687
0.030573
0.013926
0.19789
0.11408
0
0.055068
0
0
0
0.20267
0.91289
0.71523
0.046488
0
0
0
0
0
0
0
0
0.14732
0.71593
0.98804
1.0476
2.2163
5.2127
9.8319
14.923
15.085
21.122
32.815
39.284
38.763
41.252
39.184
43.061
38.599
40.79
41.536
39.535
41.129
36.375
37.066
32.44
31.08
30.733
33.396
31.243
28.341
23.118
11.49
5.7029
5.4709
5.1156
2.5989
3.2913
4.1402
6.7362
12.31
17.718
24.555
28.009
28.937
27.755
30.347
34.022
32.532
37.291
36.398
38.68
36.809
37.824
34.368
33.762
33.61
34.29
30.172
29.745
23.817
22.024
20.585
13.036
8.1585
5.9281
3.2483
1.5501
0.97482
0.86691
0.79448
1.0268
1.3751
1.5299
2.6648
3.7943
5.2511
7.7514
8.6561
9.9221
11.852
11.595
12.728
14.237
13.968
15.299
13.329
14.996
14.038
13.532
14.422
13.761
11.803
12.284
11.558
9.3001
10.16
9.4912
9.051
8.8731
8.4745
9.1169
8.3902
8.5651
9.1066
9.6168
9.9582
9.5333
9.6765
10.68
10.555
9.6644
10.762
9.8829
10.728
10.987
9.9632
10.734
10.197
10.393
10.874
10.323
10.874
9.7213
10.403
9.6471
10.469
10.429
10.158
9.4628
9.8625
9.5217
9.3328
9.9824
9.4119
9.5738
10.071
9.6728
10.664
9.8181
9.9883
10.379
10.203
9.9761
10.95
9.9259
11.08
10.215
10.939
10.034
10.859
10.768
9.6823
9.8924
10.533
9.7274
10.412
9.3512
9.6987
10.482
10.616
9.9187
10.004
9.9095
10.965
9.7045
9.7692
10.79
9.9227
10.733
10.483
9.8085
9.7528
10.664
10.068
10.875
10.195
11.023
11.122
11.047
10.242
10.674
10.917
10.799
9.8099
10.998
10.32
9.85
10.637
10.111
11.068
10.105
10.004
10.596
10.982
10.112
9.7532
10.831
10.001
10.617
10.099
10.395
10.922
10.223
10.238
11.102
10.149
11.166
10.272
11.195
11.209
10.223
10.234
10.129
9.8119
10.881
10.061
9.7855
10.667
10.091
11.027
10.123
11.217
11.039
10.211
10.45
10.25
10.259
11.094
10.959
9.9286
11.006
9.9848
9.8008
10.897
10.329
10.774
10.303
10.782
10.228
10.227
11.093
10.242
10.732
11.042
10.287
10.722
10.828
9.9109
11.059
10.981
10.199
10.727
10.228
9.9532
10.227
10.298
11.122
10.165
11.088
10.911
10.269
10.751
10.94
10.255
10.851
11.07
10.285
10.754
10.187
11.114
10.84
10.161
11.17
10.252
10.769
11.141
10.252
10.328
11.027
10.144
10.705
10.384
11.065
11.13
10.247
11.45
11.452
10.922
10.765
11.43
10.522
11.216
10.14
11.201
11.155
10.501
10.451
11.251
10.494
10.505
11.578
10.677
11.595
10.784
10.833
11.36
10.787
11.218
10.654
11.505
10.371
11.442
11.391
10.894
10.635
11.318
11.021
10.612
11.397
10.434
11.586
10.865
10.484
11.409
10.749
11.038
10.542
11.406
11.291
11.431
10.359
11.1
10.706
10.751
11.592
10.746
11.652
10.795
10.871
11.524
11.531
11.447
10.467
11.245
11.152
11.408
11.305
11.385
10.514
11.218
11.128
10.736
11.583
10.404
11.536
10.824
11.543
11.501
10.711
11.31
11.204
10.687
11.305
10.629
10.618
11.591
10.781
11.166
11.637
10.699
11.491
10.813
10.796
11.49
11.509
11.643
10.987
10.599
11.481
11.083
10.704
11.552
10.725
10.718
11.655
10.726
11.608
10.73
11.231
10.65
11.562
11.619
11.467
11.599
11.246
10.747
11.483
11.609
10.833
11.622
10.875
10.801
10.985
10.689
11.483
10.662
11.52
11.32
10.725
11.373
11.542
10.814
11.617
10.822
11.551
11.698
10.834
13.519
14.702
14.752
13.657
14.606
13.654
13.695
14.687
13.399
14.294
14.695
13.769
14.699
14.534
13.71
14.696
14.346
14.642
13.588
14.645
13.695
14.71
14.659
14.704
13.216
14.558
13.46
13.591
14.711
13.712
14.633
14.803
13.728
14.844
13.632
13.288
13.53
13.534
14.607
14.423
13.664
13.629
14.692
13.788
14.713
13.71
14.575
13.546
14.832
13.793
13.265
13.644
14.772
13.522
14.789
14.43
13.604
14.738
13.789
14.138
13.844
13.716
14.641
13.636
14.704
13.658
14.31
14.691
14.636
13.429
14.693
13.219
14.75
14.254
13.388
13.785
13.411
13.698
14.638
13.588
14.64
13.229
14.849
14.25
13.902
13.803
14.712
13.727
14.759
14.766
13.783
14.582
14.71
14.565
14.645
13.786
14.723
14.3
13.668
14.72
14.702
14.7
13.911
13.661
13.636
14.707
13.531
14.364
13.508
14.495
13.279
13.645
13.689
14.562
13.76
14.689
14.41
13.334
14.705
13.79
14.776
13.678
14.559
14.524
13.411
14.652
13.582
13.734
14.586
14.706
13.645
13.858
14.538
13.792
14.526
13.611
14.658
13.614
14.628
14.458
14.727
13.663
14.722
13.803
14.554
13.804
14.512
14.616
13.928
13.684
14.727
13.664
14.71
13.82
14.725
13.8
13.866
13.697
14.766
13.355
14.488
13.621
13.637
14.791
14.602
13.461
14.806
13.424
14.852
13.618
13.431
13.543
14.587
14.643
14.714
13.184
14.702
13.235
13.661
14.731
14.498
14.446
14.75
13.663
14.733
13.854
14.739
13.37
14.731
13.613
13.835
14.742
13.673
13.791
14.813
13.629
13.805
13.945
13.437
14.385
14.748
13.819
14.528
13.557
14.587
14.394
14.593
14.747
13.567
14.457
14.669
14.606
13.546
14.467
13.938
14.743
13.823
14.392
13.983
13.526
13.359
13.203
13.635
14.784
13.755
14.626
13.826
14.617
14.673
13.438
14.347
14.749
13.626
13.513
14.877
13.732
14.732
13.39
14.612
13.686
13.501
13.638
14.607
13.145
14.315
14.747
13.69
14.736
13.623
14.993
13.809
13.732
13.691
13.574
14.599
13.567
13.74
14.656
13.75
13.569
14.187
14.801
13.755
14.389
13.256
14.662
13.765
14.657
14.765
13.753
13.701
14.659
14.635
13.732
14.658
13.744
14.663
13.818
14.734
14.407
14.578
13.787
14.808
14.808
14.755
13.676
13.735
14.588
13.809
14.732
13.678
14.744
13.745
14.742
14.816
14.594
13.664
14.461
13.813
13.506
14.597
13.446
14.822
14.596
13.627
13.884
14.256
14.933
13.361
13.69
14.681
13.761
14.748
13.46
14.614
13.598
14.471
14.873
13.836
13.565
14.514
14.195
13.823
14.394
14.453
13.622
14.607
13.382
13.814
13.634
14.383
14.806
13.809
14.749
13.752
13.497
14.803
14.444
13.744
14.255
13.249
14.674
13.627
13.599
13.681
13.696
13.356
14.595
13.777
14.334
13.819
13.674
13.616
14.707
13.799
14.262
13.449
13.436
13.619
14.796
13.806
14.728
13.818
13.506
14.405
13.533
13.498
14.404
14.326
14.744
13.484
13.808
13.769
13.753
14.891
13.479
13.631
14.748
13.876
14.753
13.818
14.806
14.728
14.526
13.423
14.733
14.666
13.681
14.809
13.558
13.78
13.633
14.593
14.728
13.758
14.723
13.872
13.645
14.743
13.385
13.669
14.8
14.544
14.608
14.73
13.547
14.608
13.753
14.748
13.374
13.685
13.62
14.722
13.684
14.076
14.808
13.313
14.603
13.618
14.306
14.595
13.579
14.732
13.873
13.557
14.322
13.733
13.363
14.736
13.459
14.643
14.747
13.47
15.152
13.965
16.154
15.229
16.731
16.886
16.784
16.77
18.505
17.334
18.264
17.226
16.628
17.295
15.92
16.088
16.222
15.013
15.662
14.68
16.111
15.332
15.033
14.82
16.414
14.012
15.819
14.28
14.886
14.933
13.608
12.669
11.524
10.593
9.9034
8.074
5.0002
1.4593
0.72602
0.085303
0.1202
0.11254
0.25813
0.063696
0.15984
0.17811
0.18957
0.33134
0.38638
0.281
0.32679
0.38848
0.63161
0.35401
0.42766
0.45602
0.22803
1.2386
0.73512
1.9915
3.2965
4.5237
4.2502
5.2228
5.4415
7.6717
7.1092
5.8779
6.1337
4.9805
4.8592
4.6441
2.5984
1.159
1.4589
0.11634
0.96157
0.0588
0.6928
0.16411
0.2943
0.90152
1.2483
2.3185
4.9308
7.6293
11.3
21.63
28.662
33.993
40.846
39.399
33.85
26.889
25.918
30.82
31.403
38.981
39.315
34.88
38.705
36.753
35.537
39.029
39.618
37.407
21.69
27.253
29.066
31.853
36.803
35.198
35.269
42.444
39.607
43.419
45.273
44.238
46.838
44.96
40.02
40.751
37.866
34.599
38.723
36.212
28.505
13.143
7.5151
2.358
1.2712
0.076267
0
0
0
0.17732
0.27818
0.085818
0.12518
0.28802
0.22566
0.22884
0.16744
0.26011
0.28371
0.27348
0.23703
0.44112
6.0656
7.4856
6.3204
7.3329
7.2106
6.884
7.2131
6.121
3.8932
4.2333
2.3163
1.9755
0.98679
0.24176
0.50367
0.6248
0.50099
0.64611
0.59431
1.3155
2.1129
2.7785
5.1448
8.4495
16.17
38.702
34.391
29.966
26.992
30.837
29.411
33.7
37.371
40.695
35.97
34.265
36.796
34.745
40.758
38.071
39.159
36.966
31.477
26.164
22.975
24.797
35.67
34.794
41.529
40.092
39.804
43.089
43.538
42.202
45.146
36.553
35.547
33.507
36.326
31.251
19.373
10.546
3.5178
1.2622
0.48294
0.042244
0.34373
0.26482
0.34978
0.22755
0.38255
0.21172
0.29348
0.26945
0.33259
0.27812
0.17024
0.15857
0.25309
0.6599
2.3587
4.2513
4.632
5.104
6.7242
5.4897
4.8077
3.4511
2.8823
2.5774
1.769
1.7023
1.4635
1.7747
1.3419
1.42
1.898
2.9497
4.1403
6.3876
13.794
17.139
25.456
29.079
36.834
40.076
34.413
31.825
28.746
29.362
32.397
34.37
40.529
42.553
37.841
38.645
36.152
36.756
39.446
38.742
40.816
38.947
36.139
36.515
30.498
29.148
29.344
31.442
32.448
37.718
37.425
39.516
36.978
35.12
40.609
36.144
35.367
40.542
32.167
28.667
31.848
26.729
21.498
11.469
3.2486
0.42226
0
0
0.33564
0.071355
0.24566
0.22435
0.18895
0.25479
0.27553
0.21661
0.23572
0.24605
0.46877
0.18151
0.32794
0.33438
0.28055
0
8.6731
9.1744
9.8587
11.653
10.207
9.3683
5.5254
3.2493
2.4485
2.2535
1.5492
1.1662
1.1476
0.6312
1.0654
0.46533
0.8463
1.2029
2.6061
5.6052
6.2469
7.8822
14.672
21.676
34.075
39.234
38.679
34.231
34.368
34.612
40.65
38.236
44.107
42.455
42.385
40.988
41.326
39.792
40.035
40.35
41.977
39.542
40.357
44.98
39.201
26.117
28.745
29.083
29.142
32.298
32.957
36.342
36.37
37.547
35.054
38.862
35.109
35.587
34.255
32.556
29.936
27.56
29.33
28.245
13.211
2.7068
1.629
0.92068
0.22994
0
0.27428
0.07032
0.063707
0.19998
0.017709
0.21931
0.192
0.30335
0.29282
0.34078
0.39348
0.22431
0.26887
0.30051
0.32763
0.99454
2.0758
4.8204
8.0124
10.331
9.7173
11.471
12.383
10.937
2.8439
1.7285
1.2832
0.94862
0.82069
0.73898
0.43455
0
0.25261
0.008068
0.34117
0.68537
1.8924
3.6882
5.6563
9.8802
19.135
28.94
39.168
41.067
37.26
33.278
33.347
35.916
35.715
42.803
42.842
45.43
41.465
41.122
44.655
40.912
43.388
41.143
40.754
41.083
28.805
26.931
25.036
26.893
31.134
30.954
29.68
34.127
32.188
37.38
39.18
39.069
36.417
39.329
34.849
36.407
32.126
30.221
26.691
27.425
27.914
13.396
3.961
0.82653
0.46223
0
0.063046
0.095253
0.048801
0.084208
0.14649
0.1505
0.10653
0.20232
0.11469
0.1751
0.073377
0.13521
0.51436
1.5693
4.4576
7.6571
7.167
9.6833
10.95
11.524
11.072
9.8739
9.0894
6.5918
3.7488
2.2432
1.4742
0.84358
1.1285
0.78924
0.94046
0.18701
0.43661
0.44795
0.45948
1.5106
3.23
4.5001
5.6063
9.2586
20.504
31.882
39.236
40.599
34.871
41.126
44.029
42.535
41.332
41.938
42.572
40.512
43.072
44.708
41.197
41.799
40.963
39.848
38.347
32.811
29.491
26.07
26.614
27.134
29.18
27.472
29.128
31.356
34.547
38.488
36.902
38.086
38.565
33.904
33.768
26.022
27.096
14.75
3.0364
0.81944
0.71687
0.054806
0
0.1426
0.052956
0.021898
0.1433
0.090323
0.11941
0.15148
0.11948
0.10485
0.15332
0.22227
0.16678
0.14082
0.1357
0.10707
2.0018
2.8153
4.3033
8.4611
11.418
11.901
9.3869
5.332
2.5965
1.4576
1.3107
0.71971
0.7082
0.72189
0.66081
0.28683
0
0.21587
0.37435
0.4411
1.3608
3.2459
4.7808
8.8657
18.204
29.662
36.916
39.073
35.237
32.019
34.759
38.992
36.948
42.879
43.239
41.234
44.491
41.426
44.163
40.945
43.253
40.081
36.842
37.497
29.179
26.56
23.398
28.983
27.234
28.113
31.486
30.514
35.012
33.248
36.131
39.316
38.068
37.129
33.844
35.985
31.783
30.989
28.367
28.824
27.299
11.313
3.8837
0.93351
0.4737
0.032063
0.043568
0.059976
0.12094
0.18061
0.070118
0.13716
0.088824
0.2387
0.18686
0.15849
0.044175
4.1366
1.8759
3.8193
5.0875
7.5356
10.137
11.353
13.111
13.103
11.761
11.081
9.0954
5.7173
3.0895
1.5008
1.0095
0.61277
0.60424
0.61475
0.40166
0.39602
0.62301
0
0.23524
0.37997
2.221
4.2204
4.2317
10.286
19.22
29.444
37.061
42.58
33.199
33.866
33.706
37.055
42.257
40.967
43.569
42.71
43.632
39.834
42.743
38.644
37.994
38.614
36.73
34.616
26.632
23.783
22.867
26.416
29.401
29.748
30.088
30.219
33.434
33.079
38.337
39.65
35.408
33.046
27.926
27.169
28.703
15.445
4.3082
0.79511
0.32252
0
0
0.20653
0
0.17083
0.0087853
0.049131
0.20723
0.10924
0.20665
0.1098
0.20791
0.1098
0.20176
0.17217
0.054142
0.072357
0.093765
4.9866
4.8344
8.6377
9.4661
13.19
12.61
13.108
12.044
1.694
1.0523
0.90063
0.34051
0.62797
0.275
0.024446
0.21586
0.36708
0.22709
1.382
2.4289
4.4855
5.446
10.955
21.175
30.154
39.293
40.584
32.361
37.223
38.476
38.108
38.526
42.868
43.331
44.568
42.723
44.297
40.992
43.41
44.129
41.994
40.966
43.77
38.753
36.04
38.179
32.16
27.879
27.786
30.667
31.246
33.184
36.783
35.116
39.993
36.346
34.905
35.149
33.165
31.17
30.612
25.697
29.457
25.859
11.72
3.5729
0.34853
0.059443
0.0096969
0.027645
0.05056
0.12999
0.13618
0.041231
0.10273
0.19428
0.17266
0.13969
0.23003
0.15924
0.15403
0.11363
0.14486
0.094811
2.4017
2.4214
4.7102
6.2558
9.2998
12.552
10.67
8.3267
5.9782
2.6585
1.0436
1.0554
0
0.15475
0
0.12155
0.29333
0
0
0.24202
0.28367
1.7797
3.8584
6.344
13.775
23.431
31.341
39.899
39.578
36.678
36.267
35.792
40.173
41.777
45.21
45.802
41.505
44.884
45.039
42.671
42.082
45.144
41.963
43.427
39.34
43.108
41.912
25.978
28.773
29.497
28.379
28.476
32.014
34.75
34.254
38.409
37.786
38.708
36.154
36.879
33.674
31.199
30.398
26.275
26.263
27.717
8.8433
2.6109
0.40523
0.29014
0.056056
0.095766
0.048619
0.14905
0.14022
0.18704
0.28236
0.10492
0.10386
0
0.12684
0.2702
0.020545
0.13692
0.079583
0.034456
5.8027
3.1049
4.0029
8.0989
10.1
13.753
8.9114
8.9868
5.6914
2.1554
1.5518
0.68589
0.36357
0.17322
0.031319
0.26591
0
0.0004594
0.019584
0.18029
0.42935
1.5416
3.2642
4.5206
8.6909
21.395
34.092
35.277
40.487
34.405
33.605
37.14
35.147
42.716
46.239
42.53
44.617
42.027
44.162
41.638
42.146
43.398
42.601
41.27
42.218
39.277
22.813
22.992
26.69
30.05
29.665
30.205
29.938
36.031
35.085
37.378
40.581
38.205
35.447
39.626
36.368
32.793
28.49
28.572
31.853
28.378
12.75
4.1474
0.64845
0.38007
0.017646
0.026197
0.13607
0.073239
0.19714
0.2317
0.13565
0.10701
0.26664
0.18823
0.16095
0.12793
0.21988
0.14145
0.14373
0.1483
0.18716
1.2074
11.455
12.975
13.598
12.177
10.561
8.8075
6.9909
4.2755
1.698
1.1104
0.37303
0.42042
0.25456
0.11457
0.18563
0.20144
0.16833
0.46071
0.71733
2.6817
4.3328
5.3685
11.683
21.386
33.309
36.998
39.47
37.082
33.935
35.936
37.501
41.021
45.521
46.155
43.867
41.626
44.032
41.713
43.607
42.757
36.853
36.934
33.517
26.703
22.507
24.016
27.127
28.049
29.22
29.91
32.321
31.98
37.74
39.319
38.867
39.164
38.776
34.655
35.879
36.275
29.849
29.125
26.412
24.155
11.041
3.1541
0.67496
0.1398
0.38125
0.086705
0.064081
0.058043
0.16663
0.12835
0.18754
0.19916
0.054091
0.18459
0.1425
0.21792
0.32177
0.20301
0.14943
7.3632
9.6328
11.015
13.51
12.456
14.236
13.011
9.5991
7.2875
4.6273
1.9908
0.99062
0.36147
0.35168
0.289
0.30013
0.16078
0.33812
0.23167
0.24265
0.53554
2.0054
2.8214
3.4262
7.1713
14.103
24.7
33.139
36.778
40.016
35.953
36.495
40.059
38.184
43.081
45.615
42.615
47.046
42.828
45.046
42.151
42.34
44.442
44.422
40.588
43.495
29.841
29.516
24.324
22.768
27.821
26.281
27.004
27.006
30.911
31.309
33.425
34.937
39.523
36.305
37.997
37.459
31.197
33.786
31.034
28.964
27.822
23.707
13.35
3.034
0.86523
0.59083
0.1139
0
0.15093
0.037311
0.15792
0.14357
0
0.23832
0.095828
0.13015
0.13916
0.17752
0.213
0.22183
0.22756
0.2582
5.9784
2.2441
4.7713
8.0959
9.7307
13.024
8.8148
7.2078
5.2384
1.1338
2.127
0.86232
0.32525
0.045163
0.035387
0.1056
0
0.039254
0.0059935
0.0041425
0.3085
1.6953
3.0136
3.8192
10.285
20.863
29.816
34.962
39.227
36.88
35.637
37.829
38.946
41.925
41.782
43.898
46.078
42.586
45.943
46.145
44.783
42.029
45.503
42.685
43.527
43.051
26.115
24.834
27.928
31.564
27.715
28.586
30.715
30.705
35.14
34.47
36.993
36.501
36.309
35.944
32.853
32.742
26.868
29.647
27.541
22.36
10.216
2.3139
0.61759
0.15312
0.21834
0
0.12725
0.099501
0.11738
0.13123
0.077481
0.158
0.10062
0.15054
0.19254
0.1044
0.20362
0.18168
0.12407
0.068267
4.5507
2.3304
8.2246
13.47
16.902
15.171
7.9941
6.0373
4.0085
1.8893
0.7232
0.10088
0.092551
0
0
0
0
0
0
0
0.19512
1.4849
2.5592
4.3559
11.661
18.473
32.568
37.799
38.241
36.525
37.729
35.146
40.035
42.856
44.123
47.182
43.345
44.693
43.422
45.701
41.92
43.837
44.851
41.965
43.521
40.807
39.247
41.592
35.182
35.071
30.92
28.047
29.072
30.049
29.299
29.904
30.868
34.094
34.048
34.527
30.165
30.178
25.123
26.034
25.783
17.83
6.3293
2.6263
1.3953
0.31492
0.0087649
0
0.070689
0.16187
0.096245
0.086769
0.058076
0.081592
0.088924
0
0.1414
0.066225
0.21548
0.11418
0.045213
0.0041501
5.5831
2.3379
4.9741
10.311
11.825
15.957
14.617
18.514
17.562
13.593
10.809
6.2781
0.033002
0
0
0.06316
0
0
0
0.071266
0.080848
0.58815
2.4648
3.5063
7.8339
18.041
27.199
37.138
39.238
37.338
32.629
37.001
36.107
41.386
41.923
45.174
42.978
41.907
45.095
45.394
41.917
42.811
44.93
41.224
43.235
40.059
41.474
37.085
37.501
33.741
28.596
28.55
29.934
35.433
34.772
36.396
38.107
32.247
35.993
34.562
31.532
29.504
28.831
26.51
23.378
17.153
8.573
2.2309
0.4664
0.15599
0
0.012506
0.015325
0.038292
0.15905
0.047617
0.19422
0.078481
0.16439
0.22673
0.071815
0.091064
0.20294
0.15631
0.11197
0.1586
2.286
3.5417
9.2782
13.126
17.052
14.684
9.553
7.6545
4.6278
1.177
0.6295
0.058079
0.13112
0.096763
0.035839
0.026683
0.0087686
0
0
0
0.34728
0.10249
2.0897
3.6229
7.3304
15.093
28.704
34.179
41.527
33.935
33.204
36.327
35.955
38.767
45.093
42.546
44.146
44.129
42.608
45.429
41.178
40.918
43.518
42.026
41.159
43.331
38.147
38.632
34.285
32.166
29.128
29.688
29.765
31.313
35.485
35.047
34.406
37.341
33.845
32.842
29.879
29.927
24.371
25.266
24.352
20.215
6.2061
1.9318
0.74771
0.22622
0
0
0
0.081573
0.063637
0.058103
0.17029
0.056119
0.10818
0.075445
0.088465
0.13188
0.16571
0.16279
0.071356
0.026272
5.3641
2.3753
7.4945
15.059
17.845
16.722
14.831
8.7687
6.5393
4.3292
1.8564
0.080606
0.056104
0.084723
0.033451
0
0
0
0
0
0
0.01756
0.18903
1.5941
3.1791
7.078
17.241
28.449
38.635
37.823
37.018
35.831
33.673
36.735
38.101
43.493
44.014
44.343
43.613
44.34
41.611
41.961
46.139
42.662
45.014
41.095
44.101
42.979
37.462
36.193
32.488
33.439
30.185
29.311
30.656
31.364
31.076
30.049
34.369
32.526
35.884
33.664
36.608
33.75
30.624
31.844
32.085
25.831
25.796
23.102
16.839
5.868
2.3252
0.29384
0.15299
0
0.10498
0.025749
0.072278
0.047619
0.17022
0.079517
0.14362
0.097938
0.07233
0.086865
0.18468
0.18651
0.055633
0.12297
0.054134
2.248
3.554
9.7379
14.716
16.652
21.315
19.79
19.116
18.426
4.1971
1.9654
0.20609
0
0
0
0.039806
0.065206
0
0
0
0
0.057836
0.2867
1.4024
2.9872
8.9722
17.148
30.29
36.064
39.946
34.535
35.104
36.892
38.017
42.176
46.381
42.056
45.792
42.806
43.656
45.866
44.989
44.062
44.657
40.632
44.2
41.901
41.841
38.898
35.833
35.046
33.704
30.444
32.199
29.015
29.214
27.003
31.742
32.263
34.242
33.975
35.726
33.532
32.175
30.646
32.312
27.407
26.799
26.515
21.771
15.902
6.1631
2.1966
0.76146
0.026612
0.04242
0.0041357
0.1467
0
0.19764
0.057514
0.049566
0.15494
0.029582
0.054076
0.17972
0.062125
0.14133
0.16203
0.02338
0.032013
5.4231
2.4983
12.717
14.057
18.549
18.472
20.514
19.606
18.445
15.4
10.786
6.8346
4.1594
2.0369
0.39425
0
0
0
0
0.039793
0.072837
0
0.0097171
0.046159
0.32619
0
1.4687
2.594
6.5661
19.317
30.633
39.996
38.645
37.055
37.899
36.322
41.363
40.102
44.249
43.732
42.377
44.488
43.016
46.841
43.548
46.281
43.107
42.785
46.47
45.098
39.626
41.833
36.833
37.401
33.323
30.624
33.816
30.757
32.53
32.03
30.042
35.393
35.715
33.386
36.143
32.964
35.276
32.434
28.606
27.622
24.766
23.303
18.532
14.113
5.1554
1.9975
0.75301
0.19247
0
0
0.14282
0
0.079448
0
0
0.10589
0
0.18274
0.13457
0.15801
0.11577
0.17747
0.14198
0.071329
3.1653
3.0672
10.704
13.938
17.44
18.828
18.736
20.444
20.547
14.699
10.924
6.477
4.0968
2.0603
0.77567
0
0.080561
0.012518
0.081051
0.03586
0.088304
0.068136
0
0.050714
0
0.36278
0.67264
2.3331
4.9737
18.618
30.261
37.369
35.952
34.167
34.553
35.464
34.572
41.1
42.148
42.776
44.662
43.79
44.494
45.5
42.554
45.876
42.519
45.043
42.077
41.964
43.609
37.378
36.904
33.886
31.021
32.418
29.478
29.985
30.968
29.345
29.724
34.234
31.93
35.029
34.184
36.543
32.446
32.243
29.766
30.522
24.718
24.846
20.799
15.234
5.2151
1.4354
0.69736
0.21188
0.0030997
0.091337
0.19203
0.056479
0.17348
0.083018
0.22894
0.1526
0.1707
0.12224
0.12335
0.15215
0.33161
0.13788
0.12893
0.011583
2.9913
4.8521
13.646
14.799
18.848
19.239
21.835
21.819
20.849
15.584
10.476
6.6619
3.9537
1.6781
0
0
0.024352
0
0.010657
0
0
0.083719
0
0
0
0
1.9863
1.9157
4.9021
12.284
27.437
34.594
38.609
35.022
34.738
37.259
37.197
36.466
45.741
43.458
44.151
43.515
44.424
42.687
44.551
41.263
40.872
41.743
36.928
35.048
36.208
32.458
33.361
32.385
30.662
33.127
33.777
30.781
34.392
32.631
35.267
36.079
36.288
30.292
28.355
24.854
22.402
20.54
17.008
11.936
5.0488
0.055904
0.076796
0.20308
0.17734
0.18301
0.27492
0.12765
0.20815
0.1584
0.2052
0.2605
0.19484
0.26592
0.13907
0.2229
7.031
1.2618
8.9946
12.581
14.545
19.247
19.806
18.965
20.352
15.755
11.25
7.487
4.3221
2.8153
1.0829
0
0.075453
0
0.059143
0.020541
0.0069271
0
0
0.39608
0.3003
0.49229
1.8448
3.2611
7.3195
19.918
31.857
37.098
39.157
35.371
33.36
38.511
34.677
38.234
40.864
43.057
44.671
42.761
45.292
44.927
39.286
42.401
39.506
38.974
41.504
36.826
15.559
17.049
19.819
22.109
24.01
28.671
29.653
32.159
32.169
34.771
36.146
34.584
37.478
34.8
34.532
36.993
35.257
37.181
33.233
35.287
30.212
27.458
26.319
24.544
20.019
19.641
14.067
14.663
11.756
9.7832
10.215
8.9304
9.4357
10.264
9.1463
10.722
10.717
12.129
12.705
14.037
13.53
15.656
17.011
16.99
18.818
16.587
16.805
14.443
13.844
14.348
12.766
12.709
11.41
12.185
10.763
12.287
11.513
12.424
14.689
16.212
18.309
20.293
22.937
22.552
28.56
30.795
29.779
33.906
37.01
38.269
44.625
45.886
44.595
46.498
44.179
42.131
42.277
43.682
43.853
46.855
43.551
44.005
38.431
34.257
37.862
35.137
38.092
41.466
39.113
37.371
25.619
20.347
16.56
14.169
13.642
14.114
15.23
20.34
26.035
26.432
35.023
35.79
39.132
38.974
39.255
42.776
39.326
39.152
41.596
30.151
29.851
41.429
36.128
29.896
22.443
16.796
8.6048
2.1439
0.096306
0.15856
0.049148
0.2844
0.25071
0.2364
0.16212
0
0.33566
0.40061
0.31757
0.29633
0.37557
0.15
0.21232
0.22052
0.31465
4.5785
5.2706
6.0267
6.3
7.5505
7.9995
8.0079
6.7868
5.47
2.8547
2.0184
1.2014
0.61809
0.096062
0.15805
0.74959
1.2035
1.486
1.682
1.9807
3.3336
8.4135
13.57
15.62
24.175
32.182
35.9
38.571
40.833
41.84
41.926
43.373
40.369
41.098
41.486
40.646
44.041
43.443
42.537
38.299
41.043
40.99
37.352
34.056
34.574
26.904
27.234
22.718
21.347
32.219
33.001
34.859
37.006
33.564
35.512
32.951
35.861
36.756
32.326
28.862
31.168
24.274
23.393
10.874
2.7162
0.58455
0.24482
0
0.051909
0.12808
0.12575
0.22436
0.12463
0.1529
0.24696
0.11803
0.11311
0.18717
0.20803
2.5204
7.6561
16.128
18.617
26.078
24.272
27.042
26.215
21.28
17.155
12.615
10.762
7.9623
3.2378
2.3755
2.2708
0.88125
0.26617
0
0
0
0
0
0
0
0
0
0
0.13911
0
0
0
1.3876
5.2188
8.1496
14.831
17.799
22.593
25.454
29.635
30.699
27.886
28.615
31.441
30.263
30.964
29.725
26.083
22.797
22.361
18.158
16.851
12.926
12.043
10.027
9.1459
8.3471
8.0259
7.3017
8.1008
6.8686
7.7837
7.22
5.9025
6.6999
5.8041
5.8115
5.1388
4.2712
3.8977
3.0127
0.40378
0
0
0.33345
0.12131
0.097458
0.12684
0.24104
0.13466
0.2018
0.26348
0.21045
0.068784
0.14138
0.17735
0.18821
0.26003
0.15576
8.2795
2.9824
5.6944
14.37
22.857
27.755
30.399
29.932
25.298
22.112
17.893
11.816
9.2131
5.9276
1.4872
0
0.084102
0
0.081383
0
0
0.044971
0
0.04784
0.019917
0.096168
0.0091788
0
0.032226
0.11795
0.2962
0.49533
5.2444
13.597
23.286
29.841
32.955
26.665
28.544
29.49
24.846
32.707
40.438
44.26
45.646
47.53
42.115
45.164
43.771
46.62
47.46
45.149
47.534
45.245
40.697
39.55
43.426
41.695
43.613
38.806
46.513
44.357
43.952
43.319
39.779
43.351
39.686
38.452
39.819
31.225
27.216
22.135
14.218
7.74
0.79396
0.034899
0
0.08531
0.01629
0.10175
0.15174
0.23332
0.11037
0.2595
0.10174
0.23585
0.24297
0.11196
0.2325
0.10919
0.119
0.068723
0.21651
0.01721
0
0.15756
1.4715
0.98563
1.7397
1.4084
1.4861
2.414
3.0506
3.2289
5.8106
6.0158
9.3836
11.146
12.449
16.299
17.426
17.622
22.216
29.298
37.999
42.739
38.673
41.072
38.09
41.03
40.968
41.832
41.315
44.751
42.335
42.247
41.884
42.97
38.488
41.933
37.715
35.474
34.259
26.937
24.651
25.109
24.129
27.347
28.505
28.506
29.366
30.976
32.977
37.936
36.737
35.638
38.536
33.227
36.705
36.081
30.522
32.085
31.703
25.323
22.948
11.599
2.769
0
0.063067
0.020035
0.114
0.1261
0.11894
0.097893
0.25396
0.16968
0.20169
0.25278
0.168
0.16799
0.056132
0.013468
2.3636
1.2303
4.65
9.5572
10.325
12.737
13.467
11.743
15.956
15.287
9.9324
8.2331
3.6277
2.0793
1.704
0.073325
0.066658
0.10377
0.51356
1.3745
1.5017
2.6647
4.807
9.7081
16.469
24.86
35.24
37.783
41.925
37.196
36.992
37.78
38.073
44.433
43.074
43.135
44.435
43.914
41.608
45.294
42.088
44.006
44.263
40.901
43.527
41.457
41.243
40.737
35.757
29.614
29.48
31.584
28.284
32.701
31.132
34.953
35.341
31.871
35.434
32.945
31.118
26.587
22.22
21.948
20.606
15.03
7.526
1.1648
0.6301
0.71166
0
0.20018
0.23652
0.16192
0.18447
0.085723
0.15617
0.18876
0.1368
0.23317
0.14365
0.13914
0.20732
0.1853
0.071341
0.13019
2.9427
1.8405
7.7939
10.803
17.747
15.869
18.802
19.184
18.154
16.643
0.36032
0.036393
0.0055373
0.16201
0
0
0
0.082619
0
0.016271
0.021683
0.51259
1.379
2.3867
6.8507
20.605
30.816
39.936
37.272
35.643
33.858
38.181
38.101
39.837
45.487
44.61
41.511
45.467
42.248
44.774
44.448
44.296
45.442
44.324
42.157
43.616
41.563
42.004
36.339
35.487
33.931
31.645
37.077
33.919
35.495
36.066
36.854
34.648
38.786
32.12
30.836
29.078
23.816
22.045
19.61
19.168
3.7517
0.90138
0.48935
0
0.0083058
0.078395
0.073262
0.17481
0.12
0.16076
0.19905
0.23239
0.15505
0.0032224
0.1049
0.18404
0.17624
0.16388
0.20923
0.15518
5.4014
1.0893
6.8469
11.57
15.297
13.554
16.345
15.126
17.52
3.0244
1.2976
0.038831
0.16332
0
0.07957
0.00184
0.071308
0.020058
0.01911
0
0.96496
1.3017
2.5014
4.7353
12.21
23.71
31.882
40.796
39.749
37.563
36.617
37.021
37.291
42.835
44.665
43.343
41.04
43.536
45.785
45.992
42.447
45.129
42.28
44.372
44.596
44.464
43.46
41.958
36.433
37.324
32.629
30.337
31.789
31.017
32.813
31.332
34.515
34.82
36.844
35.334
37.941
33.486
34.513
31.972
30.999
29.259
27.834
21.69
18.384
13.917
4.1895
0.96401
0.2302
0.063919
0.15755
0.054986
0.11119
0.15657
0.17361
0.070682
0.015316
0.13954
0.11786
0.11243
0.20969
0.23962
0.14763
0.16738
0.094255
0.076985
2.7779
3.6345
8.4411
14.386
17.61
17.306
19.029
17.965
19.056
15.02
10.231
6.9065
4.9086
1.8956
0.25536
0.079026
0.10974
0
0.11347
0.086753
0
0.0083078
0.044127
0
0
1.1811
2.1653
3.2822
10.491
20.482
31.118
40.858
38.68
34.311
37.639
37.04
38.687
41.384
42.449
43.731
44.12
47.248
42.808
46.645
43.165
44.668
42.683
45.724
45.394
42.299
39.434
39.021
39.735
36.291
36.659
31.93
31.583
36.141
34.606
31.109
34.42
33.563
36.52
37.107
36.389
35.334
36.869
31.44
32.099
25.919
21.683
22.755
18.481
13.489
7.3962
0.60155
0.66566
0.05199
0.076328
0.080642
0.06869
0.062099
0.21526
0.036839
0.1081
0.16852
0.17979
0.12348
0.22303
0.15518
0.26348
0.16922
0.21301
0.13244
5.0198
1.2608
5.088
11.267
14.629
16.478
15.444
16.337
17.816
14.933
11.692
7.4336
4.2428
2.8697
0.78781
0
0.1435
0.060056
0.089341
0.075302
0.039217
0
0.022857
0.16051
0.82848
1.395
2.5755
4.1534
9.753
21.674
30.388
39.032
40.657
36.948
35.031
37.727
37.691
43.64
41.437
46.283
43.522
43.172
41.951
46.237
42.009
45.809
42.676
42.679
45.211
42.535
38.94
39.022
35.139
36.043
31.481
32.022
30.16
30.742
32.105
30.4
31.265
34.519
35.919
34.336
36.289
35.082
35.43
32.197
33.854
26.881
23.546
21.26
17.99
13.098
6.575
0.86139
0.50722
0.081783
0
0.088877
0.12556
0.09736
0.16083
0.082624
0.24346
0.15857
0.1528
0.20791
0.26211
0.17216
0.26881
0.1787
0.17573
0.15286
1.7086
4.5034
9.6333
12.902
16.608
15.528
17.465
17.937
17.277
14.276
9.9775
6.7451
4.9954
1.7589
0.29195
0.22165
0.15335
0.054591
0.04713
0.055054
0.090959
0.017676
0.12884
0.31986
0.44298
1.0937
2.2977
3.3586
8.7832
16.985
30.475
36.789
36.659
38.279
33.442
33.748
39.376
40.317
44.171
44.157
44.303
45.18
44.275
45.72
41.628
41.607
44.793
42.492
44.923
41.177
37.682
39.102
37.327
31.699
31.233
29.535
31.506
28.512
29.881
29.673
29.754
33.683
34.264
34.2
36.238
33.426
34.612
33.637
31.117
29.524
28.582
22.377
22.501
16.721
7.8312
2.0882
0.64561
0.67431
0.056461
0.024789
0.20767
0.16487
0.14812
0.2447
0.16201
0.096848
0.20663
0.15802
0.13631
0.2436
0.24298
0.21987
0.080629
0.17752
3.2917
8.6408
12.935
23.138
27.507
28.509
26.219
26.297
21.723
19.631
14.572
11.995
9.883
5.8075
1.6727
0.66986
0.96601
0
0
0
0
0
0
0
0
0
0
0
0
0
0
0.035353
0
0.05625
0.53413
1.2878
5.3978
8.4164
14.49
16.936
22.38
25.922
25.847
26.559
26.899
26.66
27.8
26.939
26.844
22.199
22.006
18.027
15.3
11.28
9.5546
8.5834
6.4789
4.3471
4.4819
4.2637
3.9069
4.6533
4.6483
5.5234
6.1249
8.1544
8.8847
9.6639
10.122
12.122
11.66
13.602
12.931
13.343
14.501
12.566
11.592
12.067
10.348
10.801
9
10.183
9.2112
9.1333
10.151
10.653
10.389
11.556
11.054
12.192
12.185
11.372
11.804
11.919
11.675
12.409
10.824
12.038
10.452
10.725
11.538
10.472
10.736
11.677
10.043
10.482
11.536
9.9887
11.177
10.558
12.213
12.028
12.39
12.826
11.574
11.953
11.727
12.836
11.706
12.762
12.664
11.779
12.849
11.702
12.738
11.904
12.469
11.685
11.756
12.254
11.269
12.442
12.017
11.386
12.635
11.392
11.887
12.775
12.903
11.415
12.754
11.684
12.619
11.532
12.705
12.71
11.687
12.819
12.665
11.516
12.501
11.604
12.1
12.859
12.779
11.92
13.418
12.169
13.153
11.733
12.786
11.153
12.631
11.35
12.101
12.771
11.812
12.76
12.085
13.198
12.242
12.912
13.461
12.375
13.342
12.118
13.354
12.825
12.072
13.04
13.315
12.055
13.039
12.128
13.284
12.331
11.949
13.691
12.603
12.196
13.705
12.494
11.898
12.438
12.208
13.381
12.391
13.61
13.55
12.519
12.324
13.535
12.421
13.494
12.434
12.4
12.353
12.292
12.611
13.53
12.266
12.305
13.282
12.27
13.473
12.219
12.274
12.292
12.581
13.24
13.448
12.329
13.391
12.432
13.471
13.238
12.34
12.553
12.54
12.096
13.546
12.291
13.347
12.127
12.363
13.536
13.208
13.534
13.55
13.482
12.542
12.771
12.949
13.647
13.433
12.699
13.5
12.609
13.769
12.403
13.476
13.792
12.124
12.666
13.801
12.425
13.688
12.304
12.454
13.504
12.692
13.819
13.396
13.489
13.977
12.421
12.911
13.849
12.934
14.093
13.778
12.957
13.428
13.991
12.447
14.019
12.971
13.581
13.003
14.132
13.319
13.637
14.077
13.623
12.77
13.973
12.338
12.858
14.053
12.487
12.701
14.116
12.978
13.631
12.909
14.128
14.141
13.104
13.882
13.748
14.124
12.799
12.757
13.814
14.148
13.234
12.819
14
12.577
13.852
12.924
13.796
12.626
13.911
14.045
14.169
12.867
13.548
12.936
14.113
13.01
12.361
13.271
13.758
12.731
13.876
12.777
14.087
12.962
14.098
13.892
13.288
13.261
13.725
12.917
13.9
12.8
12.413
14.123
12.659
13.703
12.737
13.071
12.704
14.297
12.89
14.197
12.954
13.3
12.763
13.247
13.78
13.778
13.09
14.134
13.238
13.934
14.302
13.768
14.079
14.027
13.111
13.859
13.157
14.113
14.237
12.733
14.35
13.268
13.327
14.361
13.152
14.477
13.223
14.473
14.326
14.149
12.945
14.426
12.837
14.302
14.125
13.048
14.478
13.535
13.189
14.166
13.354
14.491
12.928
14.551
13.269
14.273
14.368
13.141
13.445
14.388
13.363
13.988
14.074
13.322
14.248
14.094
13.138
14.49
13.341
13.449
13.293
14.107
13.777
14.002
14.142
13.204
13.228
14.445
13.339
14.519
13.369
13.915
14.525
14.168
13.268
14.563
13.205
14.224
14.499
14.473
14.495
13.298
12.716
14.448
13.237
14.228
14.164
13.344
14.261
14.51
13.438
14.529
13.315
14.466
13.42
14.084
14.511
12.692
12.832
14.416
13.332
14.023
12.962
12.751
14.587
13.441
13.34
14.283
13.021
14.616
12.896
14.417
13.524
13.846
13.539
14.617
13.331
14.623
13.412
14.48
14.457
13.47
14.468
14.042
13.475
14.695
13.544
14.847
14.728
14.642
13.527
13.917
14.48
13.47
14.727
13.566
14.355
13.468
14.786
13.242
14.553
14.482
13.255
14.867
14.918
13.443
14.896
13.717
13.525
14.842
13.099
13.966
14.74
13.597
14.773
14.566
14.813
13.815
13.521
14.845
13.073
14.768
13.586
13.222
13.848
14.772
13.547
14.846
13.423
13.724
14.892
13.779
14.904
14.002
13.716
14.802
13.55
14.903
13.424
13.534
14.837
13.515
13.741
14.633
13.026
13.402
14.824
13.675
14.698
13.672
14.148
14.24
14.324
13.641
13.623
13.692
14.837
13.682
14.603
14.838
14.132
13.95
14.925
13.762
14.431
13.588
14.862
13.281
14.929
14.697
13.158
13.651
14.64
13.163
14.883
14.196
13.661
13.98
14.161
13.194
14.925
13.645
14.431
14.406
15.039
14.964
14.259
13.668
14.926
13.763
14.882
13.127
13.707
14.886
14.443
14.169
15.005
13.745
14.922
13.759
14.921
13.487
13.664
14.887
13.207
13.664
14.876
13.624
13.43
14.942
13.381
14.051
13.811
14.681
13.431
13.671
13.742
13.221
13.632
14.85
13.321
13.433
13.59
