28.927
28.884
28.096
28.786
28.757
28.667
28.94
28.864
28.702
28.797
28.889
28.764
28.438
28.444
28.257
28.932
28.749
28.053
28.978
28.954
28.453
28.924
28.94
28.065
28.889
28.779
28.548
28.944
28.867
28.059
28.947
28.914
28.99
28.096
28.652
28.995
29.014
28.765
28.989
28.745
28.43
28.976
29.002
28.785
28.484
29.006
28.836
28.971
28.895
28.966
28.76
28.763
28.941
28.872
29.008
29.107
28.996
28.295
28.894
29.134
28.938
29.168
29.047
29.083
28.929
29.044
29.047
28.979
28.312
28.278
29.013
28.972
28.28
29.024
28.982
29.114
28.876
29.12
29.012
28.258
29.13
29.135
28.649
28.976
28.951
29.139
29.181
28.999
29.148
28.989
28.979
29.13
29.136
28.322
29.192
29.119
28.977
28.315
29.137
29.043
28.723
28.896
29.07
29.081
28.277
28.795
29.024
28.84
28.433
29.056
28.871
28.916
29.041
28.633
28.327
29.089
29.042
28.823
28.973
29.057
29.132
28.221
29.048
29.198
28.872
28.562
28.885
28.203
28.383
28.88
28.728
28.315
29.101
28.194
28.75
28.593
28.716
28.778
28.311
28.969
28.973
29.028
29.083
28.835
29.033
28.274
28.918
29.034
28.959
28.228
29.05
28.833
28.204
28.955
28.816
28.303
28.175
28.784
28.983
28.166
28.24
28.981
29.01
28.944
29.002
28.954
28.184
28.889
28.967
29.015
28.108
29.074
28.448
28.649
28.941
28.978
28.135
28.957
29.046
28.21
28.988
28.806
28.914
28.848
28.915
28.753
28.642
28.695
28.957
28.938
28.787
28.94
28.115
28.542
28.848
28.954
28.829
28.288
28.952
28.816
28.201
28.732
28.775
28.842
28.2
28.901
28.805
28.737
28.961
28.918
28.104
28.911
28.956
28.802
28.255
29.013
28.888
28.257
28.809
28.85
28.865
28.994
28.323
28.945
28.168
29.013
29.023
28.823
28.944
28.976
28.219
28.676
29.035
29.05
28.6
28.986
28.364
28.909
29.163
29.37
29.777
29.338
30.673
31.356
30.681
30.253
31.679
30.952
29.414
30.105
30.739
30.605
32.564
33.848
32.334
31.918
31.393
31.697
30.304
31.227
31.572
28.934
28.414
29.337
28.177
29.307
27.757
27.684
26.39
23.847
22.212
21.115
18.375
8.773
6.676
4.8963
4.5632
3.5921
0.61999
0.65813
0.82259
0.79851
0.93513
0.86097
0.76987
0.77111
0.76763
0.88876
0.85053
0.96811
0.84812
0.96473
0.42087
0.82687
0.66821
7.6559
10.306
16.673
26.416
27.09
27.687
30.358
32.332
24.234
14.159
9.7777
7.1506
6.9757
5.3188
3.7996
3.182
2.5804
2.4588
2.5959
3.0156
3.3846
4.2339
4.3008
7.2056
9.5191
17.01
23.908
34.48
49.043
59.9
61.449
58.621
54.624
50.755
51.156
51.634
55.753
56.879
55.76
54.892
53.595
53.718
52.585
53.402
54.478
55.357
56.49
55.962
53.61
51.509
44.444
34.491
39.218
42.525
43.204
47.399
46.613
48.565
48.764
51.748
53.032
52.624
51.237
46.145
44.491
46.252
46.173
39.354
14.436
7.4441
3.8454
2.3979
2.4681
1.7337
0.89034
1.0669
0.63371
0.63142
0.63889
1.1286
1.0094
0.85437
1.0655
0.63026
0.61997
0.66279
2.5382
5.4688
10.316
14.514
12.865
12.532
16.719
19.085
16.109
9.9362
6.9904
5.761
4.2004
3.2682
2.9552
1.0512
2.1165
1.422
1.4677
1.7986
12.871
17.825
29.248
42.429
55.009
59.256
49.508
45.438
41.914
45.158
50.248
52.098
59.134
56.257
56.788
54.034
56.754
58.204
58.692
56.89
59.993
62.138
57.875
52.756
49.36
39.81
35.74
31.666
32.258
32.972
34.658
37.406
39.625
42.917
42.701
44.1
44.322
44.067
41.15
42.643
42.21
37.72
34.805
27.898
9.8219
4.5772
2.6323
1.6094
1.9691
1.044
0.46796
0.72111
0.76654
0.65243
0.65738
0.83472
0.91637
0.70518
0.87165
0.88231
0.85589
0.53533
0.68959
0.47541
0.58995
6.3014
5.6337
5.8262
17.704
18.726
13.908
9.9128
5.6832
4.9974
4.144
2.5431
1.8961
2.05
1.1086
1.768
2.0388
1.7867
1.8525
2.2686
3.4612
6.2706
13.258
20.939
33.721
49.611
58.045
55.093
47.848
46.576
48.106
54.699
57.53
53.916
55.181
54.483
55.938
55.234
58.549
57.387
54.57
57.536
59.456
54.244
37.045
25.604
14.551
15.46
24.248
25.889
25.728
26.794
31.365
37.532
42.066
45.912
44.059
44.168
46.769
44.969
41.981
41.362
38.284
40.54
34.769
23.73
7.3657
4.3134
0.55558
0.67532
0.67205
0.84411
0.73666
0.71125
0.94094
0.91974
0.95466
0.88068
1.0439
0.74617
0.7176
0.71927
0.70429
9.8039
7.3255
6.4613
14.417
18.874
14.656
16
16.23
15.861
10.158
5.9701
3.9804
4.0778
2.6806
2.1231
1.4615
2.0796
2.4034
2.3953
2.7211
2.7199
4.5232
10.75
17.447
28.352
42.11
56.456
61.281
54.82
48.925
49.677
46.949
50.965
56.817
54.061
53.308
53.925
56.468
58.588
57.47
56.325
55.241
58.548
62.014
58.336
52.182
53.067
15.69
23.378
27.002
29.791
30.621
32.522
39.546
46.201
45.483
48.83
44.987
46.202
41.234
43.18
42.825
42.959
39.409
32.772
24.58
8.7659
3.529
1.7945
1.8615
1.8125
0.94908
0.44507
0.58175
0.68316
0.55675
0.67041
0.74482
0.77773
0.84035
0.88996
0.94169
0.83413
0.82574
0.53245
0.66662
13.393
15.656
15.363
14.986
16.856
17.185
14.857
9.8538
6.3183
4.9565
3.7018
3.0596
2.3612
1.5389
2.1977
2.34
2.4022
2.0391
2.7768
2.9342
4.3051
8.9388
13.599
17.967
29.041
42.034
55.319
57.936
49.849
46.082
43.826
46.93
52.002
54.199
52.975
49.822
52.929
55.739
55.763
56.206
53.727
54.338
57.158
58.03
55.924
23.541
17.586
20.757
27.034
28.601
29.388
28.467
30.937
34.889
39.263
41.686
44.663
43.855
45.087
42.28
38.864
39.279
40.322
40.144
33.077
26.5
8.2509
4.5144
1.9824
1.5479
1.725
0.96511
0.47937
0.53704
0.62301
0.71815
0.72451
0.72897
0.83785
0.98045
0.94561
0.89485
0.93632
0.52578
2.6935
9.6718
16.251
17.98
13.921
14.733
17.249
18.452
13.374
8.3561
4.6333
4.2415
3.5543
3.0493
1.1714
1.7993
1.3962
1.6885
1.7806
1.6284
2.326
2.3821
2.4058
3.8762
8.5931
14.967
23.284
40.435
56.64
60.532
52.341
46.945
42.494
46.787
48.064
54.267
58.412
53.082
51.335
53.855
56.261
56.447
54.45
53.208
57.733
60.405
59.852
55.894
51.905
52.406
42.255
28.298
19.66
18.093
27.716
29.969
35.322
39.281
39.259
42.399
45.82
45.536
44.395
39.721
39.829
38.759
39.507
32.876
24.667
6.4479
3.3225
1.9452
2.3297
1.6327
1.1544
0.54966
0.6352
0.57238
0.55208
0.75635
0.69133
0.72364
0.96804
0.80941
0.89759
0.97973
0.82112
0.96567
0.78972
0.75762
9.649
15.434
15.908
16.606
18.039
13.046
10.514
7.6943
5.9522
3.9923
3.2168
1.9013
1.0969
1.5088
1.4268
1.8003
2.3768
2.5155
3.052
3.5039
5.1314
10.748
15.077
29.866
45.041
56.927
58.388
50.178
41.408
38.286
42.051
50.951
54.896
54.438
53.4
51.489
53.244
55.745
57.494
55.515
55.848
55.948
57.723
57.689
28.287
21.594
21.685
24.942
28.262
27.963
29.503
31.785
35.896
39.857
43.066
42.033
42.752
43.906
42.648
42.699
38.422
36.847
38.581
33.332
22.017
7.5514
3.5825
1.9974
2.0705
1.7952
1.0686
0.44381
0.45639
0.74524
0.65765
0.50204
0.57887
0.69522
0.65497
0.71407
0.7329
0.97065
0.67677
0.6915
0.63967
12.862
15.823
13.438
15.125
19.204
19.273
12.458
8.8748
5.9145
4.9994
4.0482
2.8126
1.8731
0.64483
1.4084
1.455
1.5277
2.2881
2.4062
3.0695
3.3828
6.8
12.702
15.994
28.626
41.633
53.945
59.327
49.814
45.267
41.294
42.466
49.484
53.159
55.332
55.455
54.57
53.771
57.174
57.396
54.674
53.453
56.129
51.212
36.144
24.848
17.478
19.342
26.838
29.338
26.08
28.673
30.783
36.507
41.881
42.776
43.749
44.725
45.169
44.74
43.192
40.658
38.917
42.477
36.459
25.476
6.1163
2.7911
2.1997
1.8436
1.7189
0.76751
0.36311
0.50188
0.48101
0.5718
0.50314
0.56199
0.76848
0.65631
0.73575
0.62184
0.83718
10.747
5.433
4.4697
8.8185
15.8
12.045
14.273
17.12
18.25
14.183
9.7046
6.8723
5.0489
4.2242
2.8111
2.0022
1.4671
1.8176
1.3398
2.1639
2.2845
2.502
3.2539
3.2716
8.4829
13.107
19.211
28.412
39.255
51.925
57.608
48.702
43.64
37.783
42.926
45.684
50.02
55.992
56.85
54.893
55.979
57.547
54.541
52.991
52.752
56.653
55.918
52.376
23.701
16.413
19.395
24.858
28.598
27.747
28.027
28.995
35.73
40.422
42.673
41.739
42.712
42.044
44.486
41.836
38.74
38.023
42.623
35.878
26.142
8.8876
4.7433
1.9671
1.6547
1.8518
0.90761
0.51228
0.65222
0.78388
0.60374
0.48126
0.93606
0.985
0.71991
0.72962
0.83713
1.0488
0.65773
0.70944
0.76879
0.77387
1.7086
4.1815
8.7255
8.2501
16.187
13.65
8.9214
6.2513
4.6383
2.5741
2.3715
1.4317
1.0251
1.2152
1.3155
1.8466
1.8348
3.0804
2.3044
3.2898
5.2728
10.767
15.805
26.983
42.429
56.515
56.897
46.354
41.711
37.978
40.623
45.191
52.039
54.159
56.633
53.556
53.916
54.299
53.842
50.879
51.548
55.97
57.804
55.444
55.09
52.054
52.852
18.431
23.901
27.834
27.826
27.355
29.304
34.18
37.106
42.306
42.726
43.453
42.857
40.484
41.477
40.123
37.329
36.174
31.652
23.146
7.6848
4.3606
2.0766
1.7649
1.8389
0.99306
0.46487
0.65232
0.69181
0.59371
0.7647
0.7727
0.91211
1.0401
0.96287
0.98495
1.1659
0.92042
0.76303
0.73565
0.80226
3.7055
3.1647
9.976
12.996
16.431
16.934
17.317
6.0316
4.8083
3.4694
2.7358
0.88404
1.523
1.6639
1.8517
1.9708
2.561
2.3852
3.039
3.665
5.2322
10.951
16.708
26.453
40.085
54.761
60.334
49.36
39.267
37.909
41.853
43.959
51.053
53.705
53.129
52.929
53.005
55.842
55.273
53.138
52.82
55.317
57.213
53.785
52.612
51.442
48.267
38.299
26.065
24.73
28.093
28.676
36.634
37.812
39.355
41.969
43.195
42.835
41.152
39.239
38.719
40.006
39.109
33.418
26.618
9.2689
4.4706
2.2273
1.3829
1.7801
0.6505
0.42875
0.51831
0.65927
0.60542
0.90639
0.67716
0.93291
0.88741
0.82826
0.85863
1.0715
0.7794
0.75685
0.75831
0.77293
6.513
3.3344
17.506
18.314
19.157
12.921
9.2531
5.8698
5.208
3.515
2.1511
1.4254
1.4901
1.3822
2.1185
1.6081
2.804
2.8307
3.0722
3.4921
9.7996
13.459
20.661
30.047
41.276
52.001
57.143
47.93
42.469
39.428
44.357
45.367
52.28
54.158
53.345
53.33
54.765
56.319
57.155
55.296
55.809
54.241
55.315
54.073
50.16
51.989
44.117
30.755
26.117
21.799
27.955
31.389
33.351
36.684
40.412
40.731
43.089
42.471
36.699
36.873
38.52
37.657
41.576
38.517
26.798
12.199
5.079
1.9332
1.9763
1.5907
0.77754
0.67012
0.8276
0.88304
0.83331
1.1912
1.0838
1.002
1.18
1.209
1.2448
1.2929
1.0869
0.94053
0.9714
1.0343
0.94949
3.0303
13.422
16.84
19.03
17.509
17.642
5.5903
4.3689
3.0293
2.0702
1.8912
1.1467
1.7312
1.3335
1.5669
1.5528
1.5857
2.0524
2.9084
5.4554
11.061
15.987
27.099
39.671
52.928
56.361
46.53
41.109
38.5
36.929
42.603
51.03
56.583
59.563
55.948
56.216
57.033
55.896
51.101
49.41
52.163
55.783
53.973
52.091
49.763
50.879
42.812
31.683
29.579
22.598
23.235
27.117
30.451
30.809
28.613
32.542
34.681
37.911
40.64
43.263
40.557
40.835
40.647
35.776
34.475
35.684
32.741
25.776
7.9315
3.9958
1.6107
1.6133
1.7853
0.77999
0.53585
0.72004
0.67086
0.75728
0.73861
0.81361
1.0474
1.063
1.0514
0.96139
1.119
0.5735
0.67813
0.74519
0.65162
1.9165
3.8793
9.6467
19.416
19.787
14.596
9.4658
6.5483
4.8869
3.4009
2.764
1.1338
1.1948
1.3786
1.4384
1.3655
1.6655
2.1256
1.7324
2.3435
3.9709
10.347
18.038
29.707
43.775
56.548
56.977
46.205
39.876
38.449
40.701
43.817
52.018
55.984
56.378
57.152
56.454
57.415
55.217
52.723
50.191
51.212
51.408
39.294
26.991
26.043
22.63
24.337
24.35
30.28
29.901
28.706
32.113
35.506
38.728
41.29
41.787
43.021
39.649
40.048
38.18
36.786
36.227
31.838
25.393
8.33
3.5962
2.2444
1.6713
1.5656
0.91265
0.39935
0.65321
0.50671
0.57097
0.61142
0.65306
0.81589
0.81684
0.87518
0.93155
1.0214
0.76836
0.883
10.244
17.108
20.309
16.742
17.949
20.125
19.903
12.387
7.8636
5.5036
4.4326
3.0249
2.2107
1.6248
1.0866
1.7342
1.3391
1.6295
1.7054
1.6669
2.4425
2.5055
3.9459
10.499
16.965
29.119
43.307
56.513
56.954
45.228
39.289
36.107
40.523
43.555
53.278
55.891
55.773
54.849
56.1
55.238
54.805
55.047
54.297
51.584
49.236
47.155
48.364
51.667
48.588
24.772
27.095
31.768
32.73
30.657
33.344
32.981
36.754
38.733
42.463
41.503
39.249
38.12
36.713
36.081
38.13
33.893
24.977
6.9103
3.3736
1.4164
1.5172
1.8085
0.93152
0.45023
0.60308
0.7815
0.63785
0.6284
0.80891
0.79804
0.71553
0.89043
0.82863
1.0212
0.71432
0.60368
0.76989
0.62458
3.147
3.7179
11.667
19.655
21.09
14.102
9.4826
5.2913
4.5353
2.1619
2.0447
1.8072
1.8282
1.3969
1.9886
1.788
1.2376
1.6433
2.199
2.8309
7.7823
13.091
22.598
30.594
42.489
52.449
52.445
46.263
43.188
37.249
41.844
42.531
49.991
54.854
55.515
57.108
55.257
56.601
54.879
52.609
51.613
51.792
52.198
50.514
47.687
49.481
47.089
24.549
27.829
30.205
31.444
30.057
32.736
32.307
34.581
39.005
38.403
42.039
41.684
41.629
38.963
35.067
36.211
38.848
35.405
26.965
9.2497
4.6046
2.3817
2.0851
1.7003
0.97271
0.55258
0.48957
0.73543
0.49792
0.65948
0.79682
1.0994
0.65567
0.68491
0.78142
1.0476
0.53366
0.76475
0.74479
0.59161
0.78541
2.2052
11.504
19.747
20.732
20.095
17.849
19.943
19.393
13.993
10.048
5.9389
4.5695
2.9143
2.7871
1.9221
1.7184
1.59
2.0172
1.8967
1.4015
2.3829
2.658
4.6328
8.3303
15.768
49.211
47.488
43.142
41.215
39.155
38.49
46.092
50.352
54.195
55.61
55.474
55.376
54.962
53.513
53.935
58.335
60.12
57.446
51.009
46.937
38.941
29.962
28.274
28.574
24.093
27.556
29.542
32.828
33.147
36.005
38.75
39.217
39.159
38.396
37.423
32.273
33.807
35.977
32.164
15.617
6.9036
3.85
1.5308
1.6871
0.94208
0.64411
0.59273
0.72342
0.71276
0.79579
0.8411
0.95638
0.75382
0.90102
0.9298
0.9625
0.70291
0.91302
0.87465
0.66433
0.64031
2.703
12.127
17.714
19.414
19.985
20.195
20.723
19.97
13.116
2.787
2.2811
1.3514
1.3484
1.6503
1.7726
1.4971
1.9046
3.4164
4.8044
7.8963
11.258
16.183
25.223
31.91
37.27
41.723
45.359
44.743
46.628
45.156
43.077
45.85
43.333
46.398
53.071
56.18
59.27
55.4
55.26
54.863
57.507
59.862
60.783
55.236
50.36
45.067
33.374
31.366
28.409
26.08
28.957
28.496
30.334
32.554
33.984
36.767
36.605
36.412
38.307
37.514
40.711
38.991
37.813
35
34.945
35.645
34.147
35.261
32.421
19.791
11.744
5.6368
1.7996
1.8239
1.2611
3.0808
0.8285
0.58531
0.61978
0.97722
0.90125
1.0747
1.1341
1.1828
1.1869
0.94421
0.97546
0.82215
0.87581
9.5306
7.7257
19.799
18.81
18.383
17.564
12.871
8.1541
6.4027
4.9962
3.2074
2.0691
1.5707
1.3846
1.7706
1.4869
1.5331
1.7372
1.9712
4.0332
6.3149
8.1579
12.839
18.99
26.198
35.577
42.509
49.962
46.18
45.815
41.502
38.071
41.043
40.212
48.63
49.278
52.68
54.69
53.452
52.958
51.767
54.014
56.105
56.942
56.895
53.589
29.078
25.355
24.996
27.978
32.752
33.209
33.535
32.544
33.494
35.026
35.562
40.028
36.913
39.996
39.556
34.072
32.79
34.507
35.846
32.809
13.32
6.6631
2.6892
1.5642
1.725
0.99918
0.63246
0.60212
0.87086
0.77867
0.84756
1.0069
1.056
1.0761
1.0538
1.0812
0.9802
0.82901
1.0395
0.98919
0.84625
3.6828
18.552
17.014
18.798
19.442
13.885
11.087
6.3287
4.3767
3.7299
2.6884
1.6456
1.6799
1.4096
1.1554
1.5914
2.308
3.8997
6.9765
10.391
15.165
17.993
24.911
31.975
37.152
43.294
50.281
44.905
42.415
40.494
41.868
44.626
44.228
49.429
53.491
57.425
55.042
55.301
55.428
54.287
55.357
59.92
61.855
26.661
24.65
23.878
25.455
29.433
30.331
29.571
31.653
32.142
35.745
35.579
38.11
39.059
39.53
38.569
39.528
38.162
35.464
35.294
39.045
39.29
36.803
15.896
8.689
4.393
1.2716
1.7049
0.93223
0.59241
0.83815
1.003
0.76667
0.94119
1.0373
1.0121
1.0726
1.1106
1.0717
1.1338
1.0084
1.0794
0.99618
0.63656
0.41852
4.0002
18.017
19.311
18.383
14.386
10.231
5.9132
3.7097
2.742
1.9892
1.2906
1.3016
1.5754
1.579
1.7853
1.3538
1.6878
2.1041
4.101
7.8433
13.758
17.786
33.791
39.598
49.667
51.374
45.386
39.348
35.417
34.711
40.594
45.469
54.21
55.767
51.771
53.257
53.285
54.31
51.375
51.644
53.598
51.677
46.7
44.039
47.387
27.754
25.939
24.382
25.796
30.013
30.686
33.004
32.259
32.564
34.898
37.121
40.821
40.438
39.978
37.288
33.541
36.09
37.448
34.854
27.415
9.5058
4.7018
2.6529
1.9105
1.7352
1.0357
0.57404
0.81418
0.48926
0.61375
0.79801
0.556
0.83406
0.91528
0.82901
0.84049
0.99577
0.70371
0.56559
0.54409
0.66809
0.5401
3.2168
10.891
21.123
20.866
15.498
11.44
6.5059
4.5515
3.5919
3.8354
2.1181
2.1406
2.2982
1.2547
2.3021
2.2965
2.797
4.0195
6.2367
10.088
16.148
20.666
30.034
42.519
46.746
50.662
46.854
44.102
36.265
33.6
35.665
42.481
51.054
55.118
52.051
48.932
48.32
48.642
49.461
50.966
54.437
56.738
49.785
27.294
26.446
25.456
26.159
28.595
32.125
32.17
31.466
32.135
34.112
34.3
36.659
39.278
40.459
39.01
37.331
34.879
36.607
38.187
38.306
34.11
13.602
8.2506
3.9897
1.3692
1.4884
1.0438
0.68506
0.97002
0.84928
1.0591
1.0369
1.023
1.1408
1.1546
1.1579
1.2289
1.2499
0.97544
1.0119
0.74506
0.96482
7.7218
3.4985
16.627
17.093
17.648
18.876
14.815
11.228
8.0214
6.0976
4.2104
2.8702
2.0014
2.0763
1.499
1.6859
1.9606
2.3336
2.7772
3.8483
6.9559
10.538
16.523
21.22
30.724
38.659
47.998
52.745
46.6
41.073
35.215
35.147
36.5
46.755
53.991
52.448
51.505
49.45
47.917
49.626
49.928
51.36
56.142
59.729
40.186
31.806
28.954
26.252
25.679
25.271
26.652
31.328
31.118
31.908
33.957
33.486
36.566
36.552
39.349
39.724
39.247
39.039
35.307
37.325
37.805
37.591
32.67
11.897
6.387
3.2623
3.0761
2.1048
0.76619
0.53387
0.67599
0.67562
0.83305
0.61824
0.84073
0.99407
0.7294
0.89415
0.99717
0.99474
0.88894
0.91494
0.87154
0.82509
0.49198
15.386
17.943
18.518
18.425
13.784
11.318
9.0153
6.0081
4.4533
3.5925
2.2414
2.1616
2.1008
1.7951
2.1656
2.4183
3.2266
5.0041
8.9597
12.167
18.613
23.247
33.155
44.263
47.589
45.375
44.692
43.828
40.151
38.515
40.545
43.088
45.463
48.607
51.548
50.252
49.8
49.824
49.348
53.276
55.128
54.941
49.98
47.839
45.955
25.529
25.514
26.686
29.178
30.226
32.097
31.277
33.467
33.431
35.396
36.812
38.595
39.006
38.002
37.756
36.495
34.203
36.77
39.321
32.736
13.375
7.8021
4.2633
1.3529
1.327
1.2599
1.3579
0.91037
0.82575
1.0576
0.89933
1.1974
1.3121
1.2131
1.2255
1.2869
1.2793
0.90451
0.86234
1.1
0.92341
12.678
15.709
15.097
17.035
17.382
16.295
12.025
7.8573
6.0081
4.2819
3.1527
2.2067
1.9846
1.5488
1.6306
2.2939
2.5837
2.8704
4.5389
6.9786
10.926
17.456
22.38
30.521
41.043
47.488
50.067
45.501
42.817
35.703
35.09
38.81
39.781
48.52
53.459
52.66
47.187
46.508
50.046
50.325
51.902
53.92
46.41
41.769
31.27
27.577
25.332
23.555
24.895
27.987
30.12
31.921
31.471
31.917
31.661
35.395
37.854
39.281
40.813
38.632
35.116
35.695
38.667
36.197
36.624
31.53
12.522
6.3792
3.2099
2.2511
1.8814
0.8593
0.65873
0.54971
0.81134
0.64202
0.61431
0.82711
0.96714
1.0168
0.8417
0.99131
1.1253
1.0775
0.6591
0.75925
0.64751
0.6215
2.386
10.543
14.969
18.744
16.964
10.938
7.4772
5.3494
4.5097
4.3381
2.7528
2.4515
2.3682
2.5582
1.98
2.9252
4.0599
5.2157
6.7085
10.219
17.239
23.314
29.501
39.951
49.934
51.585
47.447
44.213
37.803
34.713
33.558
40.176
46.429
49.796
50.326
46.786
46.847
47.471
47.372
48.63
54.321
55.494
48.538
46.741
46.602
23.849
23.384
27.236
30.372
32.375
30.857
33.261
31.504
35.74
36.869
40.091
39.488
39.705
38.601
35.858
36.125
36.763
39.304
35.619
13.465
6.8977
3.3643
1.567
1.4639
0.9881
0.70142
0.60221
0.51774
0.57852
0.85587
0.76256
0.83942
0.99
0.94063
0.97675
1.0462
0.60486
3.0403
9.5484
13.772
16.837
15.608
18.176
20.365
20.259
17.734
12.543
9.3991
6.9963
4.2924
3.5704
2.67
2.6954
1.6435
1.8811
2.6178
2.9233
4.335
5.8394
7.4594
11.095
18.655
24.385
28.931
37.346
43.939
53.205
49.489
44.47
41.149
35.565
36.024
38.485
43.715
46.804
49.785
49.995
47.941
48.237
47.293
49.353
45.76
38.089
30.678
28.452
26.009
24.281
25.154
28.487
31.33
32.254
31.681
31.503
32.465
36.103
38.904
41.209
38.775
40.319
40.351
35.866
35.616
36.574
38.205
32.042
12.216
6.9
2.1907
2.2626
2.2717
1.1607
0.7051
0.38899
0.70925
0.70532
0.56072
0.76985
1.0556
0.95509
0.86051
1.0375
1.0759
0.72942
0.89322
2.6453
10.938
11.669
16.56
20.32
18.451
19.004
18.789
15.695
11.933
7.6381
4.7483
3.6178
2.8888
2.1908
2.4861
2.0892
1.845
2.222
2.3594
3.2116
4.8571
6.6714
9.1716
13.382
20.39
25.937
38.357
48.292
54.355
48.706
41.145
38.378
35.827
38.359
41.681
50.298
54.558
50.636
49.498
49.492
51.653
49.861
51.275
50.032
39.567
28.121
28.698
25.355
24.889
25.68
26.816
32.232
32.646
32.079
33.938
33.657
37.672
38.658
41.095
40.482
39.061
39.591
38.744
36.752
36.419
37.629
28.974
10.573
5.3622
2.084
1.76
1.8944
0.98126
0.64592
0.63827
0.69267
0.83868
0.73566
0.82455
1.0431
0.84994
1.0953
1.0566
1.0777
0.69624
0.92007
0.88385
1.4455
0.62097
1.9625
7.7391
17.225
20.489
19.555
15.671
11.406
7.2773
5.6253
3.9994
2.853
1.5902
1.3522
1.9933
1.6005
1.7049
3.0119
1.8862
3.0747
4.6382
7.166
12.367
18.69
24.829
36.334
48.138
53.428
52.972
45.665
41.769
34.401
33.126
39.007
45.343
53.607
57.728
47.272
46.898
47.437
47.82
50.199
54.162
56.89
53.693
49.288
46.178
41.731
35.078
29.686
31.327
33.512
34.077
31.015
33.36
35.77
39.614
40.56
40.821
40.165
38.633
36.941
36.64
36.55
36.376
28.322
10.993
4.5787
2.2987
2.462
2.2676
0.97763
0.65537
0.68361
0.63642
0.86611
0.81591
0.69443
1.0669
1.0455
0.95919
1.0323
1.0852
0.91735
0.78968
0.68839
0.617
3.7905
3.2481
9.9736
13.807
18.25
16.036
17.061
19.127
5.3726
2.7373
2.7769
2.5987
2.7415
1.689
2.4653
2.2917
2.5809
2.7206
4.1671
6.0451
9.9647
14.92
21.776
33.84
41.344
50.123
51.347
44.685
40.311
37.764
40.199
38.882
46.186
52.77
53.018
51.903
50.151
48.896
51.039
51.993
51.867
55.044
54.545
49.249
45.834
45.001
36.152
30.016
28.766
24.823
23.088
35.451
34.921
33.006
33.816
33.572
36.912
40.125
41.056
40.142
39.208
36.499
32.827
36.4
39.299
32.672
14.209
6.4231
2.6617
1.2452
1.8467
1.0385
0.61769
0.4756
0.73764
0.73495
0.75961
0.84477
0.93696
1.1065
0.93963
0.91483
1.0482
0.80816
0.62213
0.60858
0.68284
0.77395
1.8255
7.3761
12.311
15.87
15.386
16.369
18.385
17.174
3.7438
2.6103
2.2291
2.0286
2.3053
2.2585
2.7536
1.9926
2.528
1.8447
3.9752
8.4595
14.112
20.114
29.367
43.286
56.356
57.211
47.307
38.269
35.484
36.441
39.589
48.052
55.21
56.138
52.856
51.457
50.281
50.709
50.796
52.443
54.149
52.675
51.554
49.14
45.741
41.85
34.26
27.822
29.065
23.605
21.651
23.82
32.177
33.942
34.289
39.804
40.819
43.084
41.254
38.787
37.074
36.563
36.354
38.82
31.91
13.858
5.7538
2.6562
1.174
1.3022
0.97293
0.63978
0.60197
0.7601
0.87098
0.72293
0.82783
0.95136
1.0374
0.97502
1.1499
1.128
0.73365
0.84498
0.89562
0.84211
0.49103
0.97563
11.486
15.176
20.58
19.598
12.805
9.2273
6.265
5.7552
3.4128
2.3858
2.5038
2.3291
2.2616
2.5151
2.4862
2.3922
2.7957
2.8013
3.7125
7.6384
13.544
18.168
30.228
42.157
56.183
58.707
49.756
40.315
36.564
35.926
41.337
48.853
55.254
54.533
53.129
52.291
50.684
49.38
52.816
53.272
55.196
55.482
51.491
49.609
46.578
44.713
35.854
28.602
30.113
23.642
23.41
25.9
30.896
32.906
35.743
32.245
34.661
36.055
37.519
36.878
35.004
35.501
35.877
29.374
14.085
5.6939
2.5435
2.1754
2.0388
1.0788
0.73327
0.56205
0.66574
0.80725
0.75542
0.83063
0.88839
1.0705
0.99594
0.97699
1.0534
1.0165
0.72466
0.80342
0.86813
0.51847
0.90476
13.334
9.2897
20.369
16.143
18.296
21.195
19.258
13.661
11.702
7.1824
4.9242
3.9674
2.6598
2.2385
2.2648
2.5558
2.7292
4.0487
8.198
14.547
17.509
30.91
41.473
53.605
58.258
48.893
40.863
35.226
37.363
36.72
42.279
51.717
54.011
53.659
51.126
49.064
50.261
49.35
49.014
51.879
55.54
54.294
46.935
47.464
41.783
34.338
28.704
28.832
23.682
25.165
25.622
30.656
34.665
32.76
33.159
39.862
41.478
38.156
39.862
38.47
34.14
36.005
37.079
31.063
12.756
5.9695
2.4682
1.7303
1.2076
1.3137
0.88406
0.99271
1.0532
0.89184
1.1045
1.1762
1.239
1.2131
1.2079
1.3422
1.3051
1.1935
0.86993
0.68636
16.305
19.221
15.906
17.151
18.752
18.507
14.069
10.27
5.2222
3.7207
3.8305
2.6545
2.583
2.9389
2.6129
2.4568
2.5994
2.2666
2.8975
2.9765
4.7469
10.039
14.415
19.451
28.864
40.95
53.624
56.328
45.589
38.021
35.562
36.455
40.303
47.632
55.172
56.341
54.23
49.396
48.047
50.728
51.48
50.169
53.022
55.561
52.435
27.536
27.269
23.185
23.816
26.773
31.425
32.355
34.003
33.889
34.087
35.125
38.641
39.441
39.861
41.128
37.361
37.899
36.737
37.553
37.738
32.608
14.742
6.1244
2.4528
1.481
1.4684
1.253
0.79299
0.61906
0.8766
0.71766
0.75265
0.98371
0.95443
0.88653
0.95533
1.0785
1.0761
0.89262
0.80446
0.90507
0.70078
9.0146
10.786
7.3349
11.99
18.679
14.685
10.59
7.2548
4.5107
3.5619
3.1456
2.9301
1.9161
2.5269
2.2912
2.4794
2.3792
3.0983
3.0723
7.6589
12.653
15.654
20.43
31.57
43.21
55.754
55.437
44.277
37.99
35.447
38.541
41.471
48.679
52.481
50.974
50.656
46.936
47.853
51.792
50.03
50.706
52.432
53.499
27.507
26.616
27.665
23.129
24.591
26.558
32.081
34.513
33.54
33.299
32.71
34.135
36.557
37.889
41.255
39.921
37.586
35.127
36.248
35.896
35.408
31.75
17.426
8.4595
4.1665
1.3495
1.5174
1.0441
0.96859
0.94062
0.91728
1.2145
1.1292
0.80628
1.2016
1.2319
1.0844
1.2278
1.2472
0.83907
0.92403
1.0666
0.77806
2.9014
6.9356
11.214
14.031
17.586
14.466
9.4161
6.0615
5.2047
3.0545
2.4768
2.2398
1.2307
2.4421
1.8259
2.0412
2.0761
2.7696
2.7857
4.9237
10.84
15.201
19.889
28.553
40.754
53.242
59.32
48.536
43.101
36.652
37.674
41.222
45.792
56.466
55.698
53.303
52.809
50.967
51.904
51.259
52.989
55.208
42.367
35.706
28.472
26.532
29.239
24.662
25.774
31.977
35.402
33.426
31.874
33.319
34.419
36.814
41.282
40.962
41.658
39.141
35.066
34.31
36.259
36.182
31.128
11.119
6.2812
2.7656
2.1169
1.6671
0.97851
0.92967
1.0599
0.50953
0.88659
1.107
0.88745
1.1163
1.1831
1.1789
1.1606
1.1867
1.0725
0.6502
0.93279
0.92534
0.61381
12.585
15.781
16.381
17.8
14.517
11.921
7.2758
5.9032
4.3553
3.2568
2.0683
1.5219
1.8839
1.2232
2.1062
1.7272
2.4968
2.4423
4.0284
8.1342
14.312
18.266
28.034
40.875
54.769
59.092
47.77
42.79
38.702
40.255
42.363
47.273
55.963
58.152
55.499
53.042
53.763
54.405
52.356
52.581
53.871
57.455
56.683
50.256
28.268
27.744
26.481
26.69
31.927
35.684
34.903
32.978
32.321
35.365
39.294
40.866
41.169
38.993
39.18
36.409
34.122
35.182
33.976
28.529
11.448
6.1511
3.2403
1.8794
2.0404
1.0316
0.8137
0.75954
0.84271
0.80222
0.96588
0.79877
0.88238
1.0753
0.84755
1.0124
1.0082
0.94472
0.67368
0.74988
0.7491
0.32674
2.8164
8.8899
18.375
19.214
14.464
8.9934
5.5923
4.8268
4.4017
2.8419
1.6508
2.1574
1.7793
2.3027
2.1272
2.9426
31.024
30.458
30.766
30.775
30.637
31.111
31.101
30.409
30.968
31.132
31.13
30.744
30.93
31.012
31.107
30.537
30.84
31.137
31.021
30.419
31.027
30.731
31.008
30.993
30.326
30.94
30.926
30.907
30.989
30.602
31.107
31.087
30.69
31.226
31.042
30.946
30.99
30.782
30.599
30.745
30.744
30.395
30.788
30.644
30.793
30.779
30.819
30.397
30.832
30.805
30.585
30.94
30.958
30.876
30.821
30.778
30.816
30.774
30.271
31.111
30.936
30.672
30.81
30.882
30.434
31.131
30.512
30.946
30.806
30.894
30.927
30.19
31.052
31.096
30.897
30.95
31.042
30.86
30.555
31.181
31.168
31.215
30.432
30.816
30.708
30.498
30.64
30.727
31.144
30.918
30.823
30.846
30.946
30.695
31.104
30.656
31.097
31.123
30.886
30.486
31.011
31.1
31.077
31.215
30.571
31.233
30.749
31.002
31.462
31.352
31.18
31.203
31.059
31.244
30.481
31.232
31.131
30.842
31.166
31.129
31.118
31.167
31.433
31.379
30.878
31.388
30.594
31.156
30.599
30.943
31.062
30.79
30.573
31.163
30.357
31.049
31.124
31.124
30.572
31.13
31.124
30.995
31.036
30.988
30.87
31.237
31.207
31.176
31.023
31.062
31.202
31.146
30.821
31.184
30.597
31.285
31.166
31.195
30.912
31.182
30.903
30.554
31.342
31.043
30.93
30.55
30.985
31.257
30.739
31.369
31.064
31.38
31.204
31.353
31.332
31.009
31.225
31.22
31.276
30.841
30.655
31.291
31.338
31.061
31.022
31.229
30.878
31.314
30.999
30.853
31.259
30.857
30.831
30.65
31.279
31.424
31.076
31.226
31.417
31.458
30.842
31.477
31.223
31.372
30.985
31.369
30.741
31.294
31.399
30.676
31.349
31.116
30.519
31.265
31.204
31.207
31.163
30.906
31.007
31.387
30.917
31.428
31.401
30.945
31.352
31.37
30.504
31.076
31.179
30.527
31.231
31.218
31.141
30.807
30.775
31.065
31.263
31.135
31.245
31.028
30.787
31.213
30.453
31.29
30.519
31.007
30.856
31.259
31.208
30.541
30.951
31.259
31.165
31.22
31.178
30.866
31.148
31.181
31.186
30.543
31.283
31.309
31.186
30.76
31.288
31.068
31.315
31.413
31.091
31.245
30.614
30.709
31.313
31.148
30.688
30.959
31.231
30.636
31.327
31.307
31.04
31.286
31.217
30.839
31.322
31.095
31.231
30.996
31.095
31.413
31.466
31.416
31.002
31.558
31.244
31.373
31.409
30.795
31.197
31.285
31.36
31.16
31.312
31.368
31.41
31.164
31.344
31.529
31.292
31.376
31.56
31.11
31.455
31.404
30.88
31.578
31.543
31.267
31.358
31.22
31.221
31.367
31.326
30.81
31.374
30.632
31.116
31.294
30.776
31.351
31.351
30.63
30.586
30.584
31.439
30.988
30.707
31.149
31.404
30.935
31.011
31.407
31.209
31.096
31.571
31.38
30.892
30.629
31.427
31.295
31.009
30.77
31.071
31.428
30.67
31.278
31.225
30.738
31.359
31.259
31.485
31.381
31.084
31.522
31.384
31.425
31.443
31.44
30.637
31.407
31.333
30.937
31.419
31.443
30.664
31.211
30.975
31.345
31.477
31.075
30.872
31.437
31.249
31.58
31.366
31.456
31.558
31.578
30.723
31.61
31.183
31.442
31.417
31.406
31.642
31.178
31.389
30.786
31.663
31.275
31.31
31.514
31.253
30.967
31.425
31.332
31.503
31.547
31.603
31.589
30.865
31.574
31.406
31.372
30.991
31.104
31.092
31.21
30.796
31.27
31.359
30.757
31.371
31.372
31.139
31.539
31.334
31.378
31.066
31.444
31.216
31.082
31.066
31.303
31.315
31.129
31.211
31.291
31.176
31.359
31.279
31.098
31.363
31.393
31.216
31.463
31.62
31.505
31.476
31.414
31.51
31.226
30.772
31.305
31.45
30.985
31.097
31.362
31.463
31.307
31.409
31.546
31.268
31.629
31.276
31.384
31.463
31.448
30.829
31.437
31.497
31.24
30.756
31.071
31.469
31.408
31.376
31.474
31.584
31.441
31.611
30.859
31.393
30.958
31.482
31.424
30.907
31.585
31.365
31.462
31.388
31.482
31.303
31.104
31.482
31.327
31.217
31.53
31.373
31.402
31.129
31.405
31.426
31.141
31.424
30.687
31.142
31.256
31.344
31.445
31.407
31.367
31.494
31.459
31.349
31.237
31.225
31.544
30.83
31.309
31.522
31.338
31.438
31.529
31.114
31.517
30.833
31.24
30.769
31.447
31.567
31.707
31.363
31.585
30.846
31.539
31.34
30.921
31.315
31.599
31.45
31.666
31.626
31.281
31.441
31.295
30.629
30.792
30.104
28.76
23.437
21.638
21.402
20.642
19.15
19.443
19.784
19.833
20.5
21.589
21.786
23.419
24.125
24.932
25.481
26.792
27.125
26.826
25.92
27.338
29.512
30.564
32.147
32.857
34.263
36.108
38.131
36.629
33.059
31.66
30.772
29.362
29.403
30.309
31.741
36.629
44.044
52.576
57.534
60.039
57.977
56.214
46.502
45.008
42.695
52.803
59.287
55.831
58.669
55.29
57.058
55.458
56.144
57.411
49.128
38.922
32.623
24.69
21.72
20.813
24.337
25.529
32.917
35.378
36.098
36.606
37.754
35.577
36.569
39.375
39.148
41.014
40.245
39.475
40.924
41.387
40.284
38.078
36.085
37.661
28.21
18.035
12.112
5.8202
4.1527
0.99179
0.9963
1.2712
0.43449
1.0367
0.85846
0.91219
0.51411
0.73657
0.9296
0.8052
0.60652
0.83633
0.62282
0.63757
9.1884
1.9918
13.936
27.413
26.128
22.779
11.735
11.015
9.4637
10.398
8.4486
4.3142
2.3418
2.3102
2.3066
2.1039
1.8078
2.0146
1.2771
0.77376
0.62491
0.84401
1.1789
1.7827
4.4546
4.6264
3.9064
10.215
33.966
56.14
69.788
67.224
56.54
50.848
43.098
50.745
54.763
58.071
56.103
55.213
53.817
51.146
51.428
53.334
58.599
55.885
55.004
49.562
45.736
45.786
41.424
37.239
32.599
30.34
31.283
38.861
42.791
41.979
43.212
43.058
41.735
39.931
38.144
30.823
33.503
31.882
25.194
10.159
5.7354
3.3699
0.34451
0.40508
0.3828
0.30156
0.46863
0.41441
0.58116
0.54345
0.6298
0.63701
0.50406
0.54059
0.54001
0.41172
23.791
3.1529
12.673
21.759
16.97
10.009
6.8436
4.7462
3.5863
3.2749
2.6931
2.5197
2.4132
1.8252
1.8991
1.8745
2.326
2.7369
3.252
4.0972
4.7159
54.662
55.448
55.403
50.912
49.101
44.245
42.443
43.612
47.333
51.435
58.023
54.168
52.165
50.239
48.834
50.219
49.594
46.32
41.163
32.547
26.059
22.673
23.488
26.374
24.357
30.223
30.637
35.186
41.747
42.785
40.542
42.352
38.85
35.081
38.537
37.468
30.195
10.542
7.3282
4.6897
2.0883
1.6457
0.95913
0.70759
0.67156
0.78106
0.78854
0.95073
0.9514
0.97318
1.0549
1.1154
1.0949
0.98744
0.92322
0.96323
0.89754
0.8001
0.87094
5.1533
3.812
12.025
16.688
13.498
12.955
14.435
17.056
12.543
7.3492
5.3058
3.5499
2.4771
2.7709
3.0801
2.2457
2.4916
2.8393
2.5278
2.7845
2.8959
3.3314
4.6789
6.1488
9.2803
21.584
33.494
45.648
57.642
53.259
48.428
43.188
44.098
40.99
41.364
42.926
45.837
50.046
50.355
52.889
49.797
49.249
50.282
50.316
52.554
54.796
54.825
50.72
47.553
44.683
38.826
29.9
20.934
19.865
22.946
24.069
24.932
27.889
31.619
35.201
40.77
43.104
39.75
41.106
39.285
36.384
37.666
37.057
32.578
12.713
6.1252
3.6964
1.8279
1.4294
1.0779
0.52349
0.79552
0.8249
0.74735
0.84514
0.67906
0.8491
0.94195
1.085
1.0466
1.0987
0.67416
0.91578
0.83815
0.6749
0.82781
4.7129
15.026
15.582
17.627
11.411
7.9455
4.7064
3.6821
3.2465
3.2217
2.5127
2.3293
1.9465
1.7857
2.2405
2.2348
2.6444
3.4231
4.3939
7.6596
13.011
23.909
35.658
44.289
55.184
52.678
49.136
46.263
43.362
43.382
40.843
42.733
45.647
50.846
50.869
52.292
54.661
56.801
56.798
50.397
48.896
50.521
36.416
27.869
21.115
17.619
23.069
24.979
24.313
26.82
31.387
36.456
39.46
43.123
42.789
42.138
39.404
41.899
37.294
38.098
39.519
39.68
37.397
30.282
10.948
5.6852
3.7063
1.9382
1.372
0.99293
0.72224
1.0714
0.89339
1.1495
1.0439
1.1411
1.0171
1.1263
1.1879
1.1266
0.47582
0.80582
11.708
2.8095
5.7807
11.396
14.435
14.187
13.984
17.059
12.884
9.0061
6.63
4.64
4.3849
4.4759
3.2549
3.3991
2.9024
2.985
2.8155
2.9011
3.4013
3.9363
6.5495
11.246
19.264
26.817
37.005
50.035
51.628
45.739
44.452
43.684
43.018
41.383
40.801
41.059
41.803
47.263
48.94
48.273
48.263
49.609
48.578
48.138
47.603
48.115
39.178
22.987
18.882
19.403
23.151
23.662
22.315
26.06
30.701
36.259
41.696
44.616
42.435
42.878
40.165
42.723
37.944
36.848
35.379
40.619
41.92
34.981
12.093
7.1014
4.0217
1.8449
1.7959
0.96144
0.70926
0.82423
0.73365
0.92461
0.9317
0.93667
0.94689
0.94109
0.86345
0.98636
0.99901
0.61988
6.2676
5.9069
5.8556
9.4205
14.805
13.604
16.027
15.816
12.843
9.5935
7.0566
5.8736
3.8872
3.3648
3.2357
2.9723
2.6107
2.4937
1.9973
2.544
3.0604
3.9326
7.0184
11.239
17.541
26.9
36.379
46.004
53.463
47.316
47.592
43.707
45.126
41.207
42.125
41.018
42.166
46.235
49.575
48.548
53.191
58.317
57.197
52.463
47.926
49.771
38.958
23.304
18.532
17.775
22.644
24.08
24.165
28.166
32.197
37.916
41.223
42.555
42.72
42.668
44.1
42.733
41.546
34.582
37.904
41.259
43.035
35.053
11.45
7.6138
4.0284
2.4069
1.5903
0.7606
0.63087
0.61919
0.72113
0.87123
0.62149
0.83135
0.72713
0.82002
0.87215
0.92387
0.75384
0.88044
0.86626
0.71918
5.2986
8.0503
9.0895
15.985
13.492
18.38
18.403
13.373
9.6938
6.7978
5.5886
4.1982
3.8601
3.1834
2.5974
2.7357
2.0317
2.3437
2.8106
2.861
4.2062
7.3891
11.702
17.362
24.659
35.241
43.618
51.847
48.237
44.183
43.415
42.33
46.321
48.516
51.396
49.078
49.041
48.255
50.594
54.114
54.814
52.472
49.082
46.723
50.206
37.113
24.015
20.517
17.382
22.388
23.041
24.806
27.861
32.866
35.801
39.989
42.4
41.715
42.936
44.059
41.979
39.125
38.991
38.109
41.155
39.538
36.079
10.666
7.0417
4.0271
2.5287
1.9683
0.87456
0.38218
0.97869
0.72929
0.9867
0.71744
0.78829
0.87705
0.79483
0.6662
0.76215
0.45703
0.51298
5.6949
5.0366
7.5546
11.461
15.076
14.875
17.342
17.061
13.565
11.576
7.547
5.4746
3.7225
3.6471
2.5657
2.5613
2.501
2.9617
2.6984
2.8273
3.299
4.8258
8.5303
43.451
49.106
45.83
44.221
41.363
42.25
41.565
39.883
41.856
44.222
45.39
47.18
48.102
48.814
48.664
48.426
49.665
51.51
54.644
53.258
47.572
50.871
53.987
33.842
24.549
18.975
17.574
23.611
22.808
25.767
27.204
32.801
37.107
39.739
42.361
41.047
43.526
40.357
40.338
39.993
33.522
13.741
7.6469
2.9855
2.2851
1.7355
0.88897
0.5218
0.62358
0.64993
0.71063
0.74024
0.59583
0.69798
0.85719
0.77413
0.80764
0.66546
0.64605
0.68989
0.58236
0.57659
0.46604
1.1222
3.4589
12.689
12.743
15.55
10.979
13.732
17.598
14.127
4.2942
3.7764
3.7611
1.9027
1.9705
2.0526
2.5732
3.7067
5.1452
9.1241
13.474
19.84
26.852
32.962
43.122
51.551
47.071
44.883
41.017
42.703
42.674
42.521
44.67
46.308
46.65
46.966
47.581
48.923
50.694
49.64
49.809
52.982
54.972
56.361
50.099
50.016
47.131
33.248
23.017
25.351
27.529
32.897
35.49
39.483
41.564
42.565
44.705
41.354
40.186
38.553
37.565
39.216
39.835
41.806
37.862
12.016
6.8125
3.1213
2.0612
1.4423
0.96743
0.48053
0.75566
0.72565
0.8552
0.86374
0.99609
0.79733
1.0979
1.0671
1.1306
1.0086
0.83987
0.75154
0.78525
0.64326
13.307
13.107
13.093
14.093
16.501
15.212
11.127
7.0962
6.7039
5.4623
4.252
3.9835
3.5192
2.9981
2.6216
2.6176
2.9045
3.6144
4.8862
9.279
14.28
20.519
27.235
36.518
46.454
50.011
43.669
43.923
41.553
41.717
42.961
44.745
42.246
44.268
45.309
45.782
45.66
47.276
50.209
49.255
51.505
49.287
51.306
34.84
20.51
16.295
15.652
19.917
24.28
25.914
27.602
32.712
38.806
42.425
45.805
42.706
43.373
40.818
41.011
38.431
39.747
41.424
40.956
42.984
37.08
12.969
6.6413
3.7144
2.5422
1.781
0.85907
0.34233
0.76065
0.55687
0.78336
0.57872
0.6419
0.74411
0.8176
0.77508
0.80343
0.91166
0.66925
0.57726
0.53665
2.0779
14.454
14.419
14.15
15.113
17.21
18.094
16.524
10.895
7.1429
5.6874
4.0328
4.6331
3.9693
4.6763
4.7797
3.6651
3.6802
3.2153
4.7605
7.1138
10.182
15.955
20.037
27.118
34.93
45.486
50.583
49.874
43.599
42.045
40.928
40.776
47.582
45.001
47.605
47.655
47.921
49.537
49.975
50.767
50.903
46.172
51.476
44.314
30.938
16.505
15.193
17.659
23.619
22.531
25.798
29.144
31.82
41.984
41.758
43.337
43.983
41.123
40.666
41.308
40.345
37.708
38.325
42.466
45.506
39.778
15.815
6.1686
4.1179
1.9989
1.2949
0.99117
0.42164
0.50261
0.55254
0.51734
0.50415
0.66199
0.66662
0.78366
0.62524
0.82616
0.81198
0.59917
0.76024
2.8512
7.0492
14.981
15.999
14.204
15.711
18.474
19.09
15.65
10.53
7.2292
5.4485
5.3892
4.7068
5.1857
4.9695
4.5467
4.6733
3.85
4.2108
4.6184
5.2745
6.3907
10.9
16.109
21.797
35.092
41.755
53.995
52.312
47.069
42.924
37.456
41.177
44.352
48.254
49.023
49.24
48.887
49.227
49.837
49.848
53.095
51.632
52.947
53.015
48.542
46.666
49.421
46.971
35.793
26.674
20.402
29.758
30.839
35.385
38.231
40.236
45.969
45.01
43.113
41.665
42.767
38.274
41.121
41.609
41.966
45.302
38.35
10.878
6.9179
2.992
2.5221
1.8671
1.1232
0.44902
0.51719
0.75981
0.70165
0.66038
0.8328
0.80475
1.0052
0.9607
1.0994
1.1195
0.77526
0.88387
1.0044
0.67356
5.6176
4.6841
9.7587
15.648
15.166
13.497
17.197
19.059
19.822
5.2482
5.1884
4.2525
4.8606
4.7942
3.4099
4.2409
4.6906
4.3683
4.7207
7.4254
11.285
15.676
22.206
30.042
39.305
52.75
57.59
47.608
39.445
38.568
41.988
41.087
45.606
47.886
49.499
49.266
47.988
51.529
51.785
49.673
50.006
54.172
56.098
51.367
44.64
49.188
52.226
37.298
28.355
29.753
32.398
34.125
37.284
42.54
42.637
45.091
45.087
44.463
44.019
42.244
34.536
40.884
44.028
33.062
23.049
8.9725
4.0248
3.3527
2.2541
2.0638
0.93811
0.53708
0.55516
0.84342
0.68712
0.79866
0.88792
0.9455
1.0569
1.015
0.99222
0.9097
0.94637
0.68257
0.83269
0.94921
0.35497
2.2276
13.215
16.259
18.926
10.873
7.107
6.2462
6.0757
4.6989
4.7691
3.8297
3.0452
3.0985
3.252
3.239
3.8299
3.6566
4.4031
4.9295
6.0152
11.426
16.439
26.973
39.611
55.997
58.177
51.675
42.525
38.724
41.436
43.859
44.582
46.83
49.162
47.616
47.316
49.072
48.809
49.53
49.358
54.504
54.136
51.112
49.697
49.488
48.237
38.603
27.852
18.828
17.724
21.207
27.032
43.685
44.017
41.78
43.707
42.483
42.521
40.036
37.952
38.335
40.761
39.144
33.582
8.3829
5.0986
1.9004
1.5997
1.5903
0.76584
0.40846
0.46154
0.57965
0.38212
0.44901
0.57454
0.5914
0.4951
0.71901
0.77679
0.78544
0.68919
0.6446
0.74823
0.55502
7.1945
5.05
9.4405
13.571
18.186
15.806
18.68
21.434
19.902
14.882
11.887
9.5856
7.0383
6.5595
6.2944
5.4095
4.5924
4.8137
4.9085
4.4687
4.5258
5.1383
5.952
7.0821
11.295
17.373
21.564
28.355
44.136
51.83
57.02
47.74
42.696
39.488
39.332
41.04
42.87
47.404
48.373
50.028
49.68
48.845
49.284
49.261
50.734
53.396
54.099
48.95
48.555
47.779
40.957
32.83
21.419
18.126
19.131
24.071
27.849
31.203
33.363
36.823
38.137
41.644
44.003
41.864
41.296
41.074
40.293
40.158
38.947
41.567
44.39
45.036
42.107
14.802
7.5066
4.9607
2.038
1.5577
0.93758
0.47743
0.76516
0.78263
0.65867
0.86736
0.83851
0.81176
0.8701
0.83264
0.95266
0.94934
0.6467
0.73335
0.62647
0.65693
5.9199
5.129
6.1487
12.535
18.037
13.12
14.585
16.576
17.622
14.337
10.124
6.6578
5.2993
4.3337
4.5472
4.5437
4.5022
4.7181
2.9716
3.2337
4.2011
4.5918
5.51
7.7651
12.093
17.327
17.34
35.711
43.302
54.419
53.404
46.805
41.458
40.087
43.381
43.461
46.532
49.082
49.171
49.612
48.494
51.985
52.381
51.903
53.697
54.623
51.115
49.95
49.168
52.56
49.821
38.059
26.04
18.096
18.045
25.234
29.576
29.603
34.023
35.976
37.995
43.35
44.758
45.417
44.273
41.762
39.851
41.99
43.574
43.303
44.454
41.842
31.824
9.7848
5.2994
2.3756
1.7488
1.8535
0.80436
0.34184
0.54747
0.5748
0.52389
0.59684
0.60822
0.67199
0.82083
0.75998
0.9199
0.87402
0.62588
0.74284
0.61621
0.53547
7.2136
4.3898
9.0585
8.8705
18.556
14.897
17.877
17.812
17.533
11.605
8.1397
6.8659
5.9637
4.8676
5.0543
4.8418
3.6116
3.367
3.5326
3.1152
3.7541
4.1497
4.4831
5.3935
9.9884
16.564
21.594
33.108
41.513
53.142
54.621
52.163
43.006
39.505
37.808
42.228
50.392
48.647
49.141
48.78
48.49
51.313
50.846
50.881
52.381
52.622
55.723
48.94
28.559
19.949
17.747
24.165
28.371
27.651
29.329
30.836
38.993
43.66
45.796
44.434
43.989
42.953
42.966
45.755
40.696
39.009
44.117
41.602
33.435
9.135
5.4379
2.6978
1.5725
1.7158
0.84147
0.33871
0.41201
0.50587
0.52485
0.62771
0.52186
0.75653
0.70564
0.58725
0.68283
0.48686
0.49211
7.5075
3.2434
12.967
16.725
19.431
18.857
19.486
19.334
16.263
10.313
8.6912
6.7557
5.3353
4.7356
3.4974
4.119
3.4942
2.9079
3.1491
3.628
3.49
4.2779
4.7351
5.556
8.1363
13.446
58.776
50.649
43.931
36.451
39.107
44.36
48.504
48.801
48.659
48.544
49.212
50.172
51.738
51.575
51.751
53.902
53.773
50.497
48.897
56.295
53.101
39.879
27.219
19.276
20.176
25.998
29.35
30.514
30.094
31.93
41.528
40.59
41.33
43.188
44.049
43.903
43.882
42.158
37.42
40.405
44.714
39.336
29.624
8.2512
5.6649
2.3802
1.8068
1.9595
0.64711
0.2911
0.39968
0.6019
0.51854
0.46538
0.43717
0.56758
0.75869
0.4674
0.72762
0.67933
0.59384
0.45647
0.54093
0.55021
0.47269
1.9361
10.216
13.028
16.268
18.685
18.469
20.62
18.936
11.861
9.3368
8.16
6.2182
5.6032
5.2925
5.2291
4.7377
3.5234
3.6251
2.9868
3.6066
3.8842
4.5744
5.7016
7.5411
13.764
19.326
30.076
38.246
53.724
60.521
49.76
43.785
37.971
41.1
40.245
45.751
48.145
48.737
47.779
49.69
50.672
49.053
49.893
50.086
52.195
55.342
48.286
47.371
49.652
42.453
36.574
28.915
18.794
20.906
23.893
25.994
27.754
34.04
33.885
39.262
40.971
45.522
41.639
46.247
42.904
41.272
41.037
41.515
40.696
43.198
43.825
36.438
10.32
6.2933
2.9766
1.8386
1.7223
0.85418
0.31814
0.63777
0.56683
0.54675
0.65122
0.59401
0.70766
0.76845
0.7212
0.94401
0.84745
0.61695
0.78862
0.66204
0.68122
0.80194
3.2815
9.2735
15.325
18.377
16.311
17.643
19.476
17.592
12.356
8.9827
7.4898
5.7616
4.8132
4.7707
4.9292
4.0721
3.68
4.2526
3.8409
3.8881
4.1273
4.232
5.1714
9.9977
15.965
21.709
33.675
41.833
51.486
54.784
48.321
42.393
37.013
37.129
41.766
48.435
46.341
49.229
48.2
49.063
50.648
49.88
49.248
47.184
54.004
53.675
46.407
42.935
46.677
18.783
23.951
29.336
29.002
31.707
35.146
37.681
45.104
46.307
42.877
43.066
43.91
44.284
41.48
41.427
43.536
42.557
40.677
32.856
9.5986
4.2702
2.4269
1.918
1.6016
0.69018
0.46214
0.66425
0.56812
0.75546
0.72761
0.75716
1.1033
1.1507
1.0002
1.1567
1.2112
0.83192
0.95942
0.62778
0.62337
24.86
21.311
21.963
24.857
23.562
15.595
12.429
12.409
11.511
8.6606
6.7099
6.2197
6.0642
5.2348
4.2969
5.0438
5.0182
4.4432
4.6988
5.0944
5.7675
6.6991
7.2282
8.1876
9.1213
10.643
12.011
15.279
21.31
24.431
27.898
32.642
34.757
36.782
36.666
36.031
34.999
32.14
29.192
24.195
21.424
19.285
17.671
16.705
15.941
14.806
14.63
14.872
15.181
15.278
19.165
18.898
19.88
20.993
21.013
21.609
23.023
23.703
23.028
23.42
23.868
23.788
23.007
23.114
22.737
21.796
21.659
21.276
20.932
21.316
22.24
22.906
23.08
23.292
23.556
22.985
23.861
23.408
23.19
23.205
22.651
23.02
23.071
23.041
23.293
23.291
22.868
23.115
23.375
23.013
22.612
22.703
22.002
22.225
21.864
22.828
22.281
22.391
23.019
22.942
22.584
23.08
23.42
23.391
23.973
24.018
23.778
23.649
23.738
22.956
23.204
23.243
23.242
23.052
22.986
23.21
23.36
23.662
23.942
24.098
24.547
24.025
25.192
25.549
27.017
28.135
27.334
27.943
29.15
29.52
29.954
29.772
30.004
29.912
29.495
30.846
29.757
31.635
30.21
30.416
30.343
30.093
30.472
30.361
26.185
26.032
26.694
24.432
24.599
21.979
20.1
17.108
16.401
15.732
14.901
6.2579
4.8942
4.086
3.6234
2.268
0.45975
0.47506
0.55586
0.51706
0.6349
0.64132
0.85895
0.7667
0.62723
0.70401
0.75776
0.92398
0.88254
0.66031
0.74831
0.57859
7.2874
4.0213
14.173
22.452
22.105
20.697
23.84
22.501
21.988
16.137
14.127
8.3331
6.6207
5.0097
3.8496
1.8435
1.7202
1.946
1.716
1.9144
2.5655
2.2046
2.362
2.4135
3.1195
3.3432
6.9962
13.184
28.975
50.081
65.678
64.826
48.516
39.486
38.145
40.638
39.174
53.205
50.613
47.276
48.487
52.754
56.026
54.539
46.974
44.403
46.051
42.482
34.152
21.29
19.154
22.368
26.934
28.311
29.274
33.738
34.816
44.036
42.495
41.595
37.875
38.443
41.504
42.06
34.836
7.7731
3.9255
2.341
2.2303
1.5351
0.68068
0.30881
0.62588
0.7067
0.44634
0.46501
0.37563
0.63527
0.72436
0.7168
0.74233
0.81526
0.57289
0.72197
0.60527
12.071
4.082
18.666
19.455
20.684
22.008
20.823
13.594
8.96
7.7271
6.9153
5.1306
3.718
4.0188
3.5144
3.1806
2.6836
2.9552
3.0288
3.0526
3.3991
3.5414
4.9599
6.667
14.627
23.909
38.656
56.267
62.504
52.007
43.912
41.517
37.683
40.227
42.565
48.933
49.146
50.957
49.409
48.746
53.936
49.389
46.494
48.476
44.843
39.572
31.883
24.35
22.136
24.444
29.204
29.982
30.336
32.818
37.595
40.785
45.964
44.899
43.759
47.319
45.559
36.395
24.973
8.1468
3.4934
2.2276
1.6214
1.5855
0.60769
0.21632
0.49647
0.55919
0.41431
0.65537
0.55516
0.59188
0.60822
0.62819
0.69702
0.71512
0.51304
0.55604
0.56742
0.5285
0.83474
1.5161
14.026
16.742
20.524
19.402
18.208
18.64
18.323
12.541
4.7978
4.3069
3.1201
3.179
3.009
2.9854
2.8256
3.0752
3.2532
3.3058
4.7781
7.4084
15.189
26.825
36.491
54.685
62.041
55.892
44.878
38.594
37.079
41.62
45.141
48.633
50.292
51.797
49.62
52.249
50.605
49.148
50.029
47.66
50.453
42.519
30.926
23.343
21.727
24.037
28.549
29.333
29.298
28.98
35.33
42.073
48.191
45.922
45.075
43.155
44.782
44.086
38.759
40.286
42.676
34.613
27.892
7.6856
3.8559
2.5033
2.0072
1.4962
0.73343
0.48433
0.58572
0.68301
0.6491
0.58036
0.51508
0.60776
0.72852
0.77485
0.81435
0.92894
0.54871
0.71016
0.76312
10.451
17.496
16.402
16.667
17.953
18.187
12.445
9.8821
7.1246
6.2156
5.2041
4.1319
4.8303
3.6167
4.0383
3.5689
3.1926
3.1351
3.8033
4.1863
5.6507
8.6522
16.721
21.33
28.553
42.776
38.606
42.318
44.457
44.909
48.795
49.99
51.337
48.2
48.932
50.846
50.503
49.029
52.527
54.402
52.943
48.181
49.013
44.512
35.931
27.107
19.912
18.436
21.525
39.865
42.13
46.947
44.355
46.442
44.651
39.994
40.059
39.842
39.208
43.513
43.003
32.967
8.9668
4.8032
2.7662
2.007
1.4147
1.2646
0.44872
0.84861
0.66821
1.0056
0.90325
0.66819
0.89822
1.106
1.0147
0.95728
1.1906
1.1084
0.56352
0.83955
0.89198
15.038
9.6229
3.8143
9.2886
11.425
10.267
14.806
16.404
16.403
15.083
5.293
6.0588
5.1686
3.659
3.4276
3.3244
3.2045
3.766
4.3168
6.4003
9.3784
15.79
21.388
30.467
41.333
48.746
53.061
49.249
45.13
42.176
39.6
48.411
48.195
47.952
47.574
50.201
50.265
49.888
49.607
50.29
51.686
53.461
53.783
52.447
45.424
48.647
47.323
34.025
24.792
26.386
29.824
30.199
38.917
44.084
46.627
44.387
46.347
43.62
40.622
41.529
38.856
41.268
43.203
44.698
34.709
10.906
6.1064
3.1879
2.3255
1.6232
1.0298
0.53091
0.91288
0.70824
0.95932
0.78164
1.0848
1.0618
1.0388
1.3383
1.4358
1.0109
1.0784
1.0102
0.77143
0.83459
1.9484
5.3483
4.2544
9.5115
12.528
15.351
10.799
8.0343
6.5255
6.3406
6.2737
6.177
5.3341
3.6615
3.6286
4.0406
3.5796
3.9109
4.4843
6.0222
8.1694
14.238
22.02
30.401
44.564
52.171
56.333
47.236
42.708
39.432
38.42
45.304
48.819
49.64
49.072
49.84
48.333
50.205
47.9
47.987
49.209
50.397
53.837
49.515
47.61
47.515
42.039
36.128
25.404
18.903
17.318
21.276
25.168
27.625
45.777
45.917
44.782
42.352
44.463
43.581
40.623
42.973
39.508
33.873
25.973
8.8465
3.7988
2.2594
1.7827
1.5272
0.97034
0.34374
0.70218
0.39812
0.61111
0.55727
0.56729
0.687
0.76335
0.81879
0.77909
0.89095
0.71563
0.57637
0.7709
0.38555
6.4088
6.6798
4.578
10.118
10.889
17.263
11.698
8.8754
7.0058
7.0464
5.2921
5.6852
4.6582
4.1656
3.671
3.7915
4.1879
4.0167
5.1402
6.4172
10.323
16.318
23.056
31.132
38.404
50.604
53.3
48.34
41.178
38.566
42.389
44.13
48.469
50.373
49.806
50.181
49.437
51.961
50.518
47.55
49.245
53.297
54.037
30.421
22.672
15.681
14.969
18.749
21.837
26.912
30.216
31.713
40.122
44.002
44.35
46.895
46.831
44.534
42.496
41.664
39.672
41.564
44.723
43.259
32.765
9.9831
5.5154
2.5946
1.9061
1.4753
0.72518
0.63579
0.80566
0.65678
0.70465
0.70293
0.70493
0.55045
0.61413
0.91545
0.80073
0.79917
0.94495
0.66605
0.73572
0.76556
2.5676
2.9733
2.7264
6.1696
8.7231
12.264
12.845
15.061
15.247
13.761
9.6921
6.6513
5.4619
4.5213
4.8622
5.1933
4.4416
3.8622
4.2812
3.4708
3.7925
4.3552
5.3768
7.5492
11.281
17.4
24.971
32.785
39.901
51.521
51.419
44.632
38.763
38.366
41.674
43.642
47.533
49.394
46.567
50.146
49.293
47.376
47.323
47.66
49.487
52.382
52.652
46.228
43.636
47.16
45.905
32.398
21.825
15.6
14.709
20.127
23.672
25.498
45.064
45.859
42.851
43.382
41.332
39.451
40.547
39.607
42.26
38.614
31.436
10.469
4.7191
1.9689
1.738
1.6419
1.0437
0.59322
0.79923
0.80879
0.76664
0.78293
0.80828
0.98094
0.93587
0.98983
1.018
1.0841
6.5564
6.2535
2.5465
8.4458
11.638
12.336
14.885
15.101
15.316
12.641
8.729
6.2435
5.3008
5.9603
6.0039
4.1806
4.432
4.271
3.2609
3.4123
3.9609
3.6387
4.1724
30.21
36.61
52.555
55.102
48.668
41.883
37.862
39.573
42.805
47.531
49.488
46.787
50.627
48.986
49.12
49.662
49.622
51.007
53.924
53.535
46.891
45.088
45.912
45.267
36.805
25.166
18.645
17.494
19.197
23.898
25.067
46.421
45.433
46.679
44.706
41.507
39.332
39.741
43.363
41.432
38.694
29.761
9.3091
5.3109
2.76
2.2097
1.7315
1.1552
0.72493
1.2516
1.1261
0.89823
1.0657
1.0377
1.106
1.162
1.1457
1.2216
1.0508
1.0211
8.9068
6.0718
3.0688
11.069
11.465
11.888
11.99
16.37
17.606
12.031
9.401
7.6421
6.3043
5.7285
5.3636
5.0786
4.6752
3.9296
3.8576
3.8838
3.9224
4.7937
5.5902
7.4266
11.203
17.142
23.564
32.378
45.999
48.087
50.19
45.431
42.167
39.41
40.67
43.017
51.687
51
52.112
50.136
51.658
54.968
55.285
47.556
48.248
47.242
39.863
29.184
18.431
13.08
13.856
18.495
23.79
27.524
30.976
34.554
40.182
44.973
48.034
45.371
43.733
41.681
37.922
41.113
42.463
40.086
40.905
44.297
37.189
12.526
7.3539
3.4265
2.7331
2.5449
1.7671
0.6097
1.2072
0.99163
0.89036
1.2082
1.2757
1.3934
1.0257
0.77052
1.0914
0.55461
0.92645
1.9281
3.5631
4.3675
9.0582
10.934
7.9039
11.601
12.928
10.114
6.6368
5.3606
4.6813
5.1297
4.6659
5.1262
4.7084
4.11
4.558
4.086
4.739
4.9125
6.1215
7.9646
12.333
18.783
24.263
31.755
43.744
46.762
46.021
40.837
36.514
36.486
37.094
42.926
47.35
48.172
46.43
46.685
46.708
46.647
49.301
49.13
45.235
42.417
43.028
46.453
33.394
21.311
16.56
16.408
20.034
22.705
24.96
25.081
28.921
37.648
39.268
42.11
42.733
42.437
41.463
42.377
39.924
40.087
36.613
41.959
32.15
28.288
9.4205
3.4205
1.7342
2.0484
1.5623
0.9012
0.56906
0.75567
0.63475
1.113
0.78973
0.76955
0.83507
0.99965
1.0141
0.97849
1.0912
0.85624
0.79221
2.9901
10.081
10.891
12.168
14.308
15.76
17.514
13.274
9.743
7.7453
6.3592
6.295
6.0552
5.2646
4.799
4.3435
4.0519
4.2257
4.5602
3.803
4.7408
8.1119
11.933
17.615
22.145
29.373
36.884
46.982
51.363
44.129
41.641
34.932
36.9
44.285
48.269
47.345
47.464
46.975
49.072
47.984
45.357
43.696
46.804
46.425
40.681
29.137
22.338
16.415
16.686
17.83
22.379
24.968
27.249
30.987
37.695
45.321
43.101
45.177
44.929
42.819
39.511
39.294
41.004
39.12
42.593
42.902
32.146
9.6462
4.471
2.4532
2.1008
1.7155
1.1949
0.57754
0.95848
1.112
0.92885
0.85662
0.64979
1.058
0.92436
0.6311
0.72469
1.0758
4.5574
2.4592
2.082
6.0877
8.1351
13.323
11.855
13.882
14.355
12.076
9.3771
7.7512
7.102
5.8318
6.2595
5.7004
5.3976
3.6039
3.7722
3.9269
4.9287
5.7769
7.3037
9.4304
14.016
19.458
23.836
34.282
40.638
46.706
47.188
47.204
39.371
36.07
36.732
42.25
46.638
48.647
49.516
47.843
48.159
48.184
46.081
41.035
47.62
45.474
40.111
28.062
20.576
15.447
13.918
17.865
21.75
23.251
29.234
30.416
38.504
43.173
43.496
45.356
39.229
41.175
41.861
39.385
41.366
40.609
43.469
42.567
36.735
13.005
7.1653
3.0028
2.773
2.1077
1.8452
0.90062
1.198
0.99975
0.8483
1.1976
0.95914
1.2545
1.2031
1.3245
1.3797
1.2829
1.1679
0.89587
1.0445
0.81258
10.022
10.085
10.574
12.89
13.182
9.6961
7.3115
7.3373
5.8396
5.2767
5.8685
5.5795
4.5083
3.0553
4.0102
2.8446
4.9603
4.3983
5.7288
8.2505
12.97
19.221
23.848
32.227
45.106
47.098
49.66
42.026
36.968
33.123
38.167
45.82
47.256
48.314
50.241
47.845
45.701
47.227
47.204
45.13
45.618
48.739
52.59
45.747
46.35
45.801
41.445
28.558
23.607
17.604
25.326
30.258
36.032
44.131
44.969
44.776
45.853
42.823
42.219
40.439
36.983
42.073
41.695
41.805
36.379
10.584
4.3075
2.861
2.045
1.3969
1.0946
0.40364
1.0482
0.89913
0.91741
0.86449
0.87348
0.97526
1.1661
1.0919
1.1833
1.2431
0.72627
0.96107
0.88386
0.95915
5.0789
1.5508
13.379
15.125
14.047
10.356
8.6544
7.8799
6.0924
5.3921
5.659
5.6657
3.6543
3.9105
4.0981
3.7032
4.5427
4.1358
5.4727
6.083
8.7152
16.052
22.236
32.442
43.695
47.625
51.695
43.986
37.366
34.234
38.858
43.373
47.226
45.804
45.77
48.211
47.691
47.588
46.291
47.723
51.619
53.831
48.393
38.555
43.452
50.042
16.985
21.126
24.399
25.36
26.509
27.965
34.567
41.285
45.468
47.248
44.327
39.015
38.578
39.403
38.671
42.263
42.126
35.191
28.082
8.9473
3.5662
2.4366
2.3717
2.6678
0.79324
0.93194
1.0565
0.99408
1.0821
1.0519
1.2304
1.2738
1.2276
1.2584
1.2921
1.4274
0.96103
1.1385
1.0621
1.0207
1.2023
1.0503
3.4889
6.4848
8.8271
12.995
13.408
6.2167
5.8145
6.3389
6.0274
5.1621
4.1873
4.4909
4.2322
4.703
5.4561
5.7745
6.3701
8.8831
14.959
20.565
25.02
31.883
43.711
48.259
47.073
40.34
36.269
36.422
38.438
44.82
50.86
48.995
48.955
46.678
46.951
46.918
48.129
46.717
45.669
50.386
50.238
41.946
46.191
49.703
44.86
11.855
16.59
20.588
25.482
26.067
28.916
39.862
44.167
46.855
44.39
38.344
37.609
39.015
39.17
40.453
39.337
44.468
43.955
37.398
12.116
7.2716
2.6627
2.5501
1.2726
1.0099
0.87913
0.82523
1.2379
0.84521
1.0359
1.1568
1.1074
1.0781
1.1756
1.3073
1.2541
0.93334
0.95656
1.0259
0.81044
0.84887
1.2167
3.7166
5.7774
9.1156
10.962
11.255
12.431
12.057
11.166
8.0685
5.9286
5.0485
5.0234
6.0293
5.6042
4.2704
4.4928
3.6167
4.2624
4.7879
5.4618
6.1603
8.0848
12.547
18.329
24.331
32.04
48.168
50.363
48.798
41.944
38.839
36.998
40.148
46.984
50.087
48.908
51.227
52.323
49.285
47.237
47.263
46.183
47.367
50.521
50.794
43.95
44.803
47.215
41.457
31.06
17.851
12.483
13.508
18.116
19.527
24.953
30.254
32.378
38.641
42.767
43.971
44.022
44.719
42.991
43.19
42.08
40.327
36.981
44.484
42.804
33.898
10.931
6.0154
3.1755
2.3519
1.6242
1.032
0.87791
0.88919
1.0088
1.13
0.93688
1.0652
1.0504
1.0463
0.88864
0.89347
0.62913
0.79114
0.68989
3.8228
4.8576
8.0126
11.27
10.968
12.009
12.753
9.4802
7.9317
6.8125
5.6616
5.542
5.2964
4.8452
3.8348
3.7368
3.6484
2.9857
3.7419
4.3174
5.7075
7.2204
11.086
16.123
22.236
30.409
40.746
38.028
33.776
36.542
44.173
46.12
46.812
48.743
50.102
49.192
48.987
46.98
46.381
48.207
50.956
49.64
41.85
45.337
47.18
41.249
32.011
19.792
14.882
14.425
18.724
20.796
23.845
26.308
29.512
36.196
38.773
43.647
40.004
41.096
39.528
41.069
39.812
41.098
38.682
41.275
36.823
29.007
8.6861
5.1314
2.5478
2.0198
1.9416
1.1028
0.60018
0.67806
0.98399
0.83808
0.74849
0.89171
1.0167
0.94225
0.69721
0.96021
0.9775
5.1256
3.558
1.9981
8.0062
9.3474
11.93
9.8352
14.889
16.794
10.147
6.379
6.0301
7.0959
7.0713
7.0068
5.9523
5.3473
5.2186
3.9069
4.169
5.1066
5.4103
5.7161
7.3252
12.398
18.891
23.422
30.996
44.822
47.506
47.799
43.805
38.773
36.814
40.726
43.895
43.717
48.729
51.998
50.72
48.152
48.452
49.05
44.364
41.776
44.737
36.34
25.945
16.18
12.282
14.906
20.377
22.382
24.576
25.391
28.405
35.416
38.323
41.487
41.392
39.999
39.004
38.31
37.631
38.949
41.669
42.409
40.751
29.123
13.03
6.8904
3.8757
2.8937
2.2578
0.91231
0.69612
0.87321
0.71295
0.90079
0.82924
0.79513
1.0306
0.86536
0.9395
1.0232
1.0633
0.87938
0.67596
0.79756
0.87998
6.4157
10.179
11.975
13.11
13.593
12.047
7.875
5.5672
5.4991
5.7002
5.1217
5.3608
3.7258
3.7324
3.7268
3.3267
3.5536
4.1941
4.7651
7.0614
13.262
18.672
23.662
30.16
42.933
51.102
54.353
45.262
42.18
35.659
37.871
40.901
44.635
49.019
52.975
52.435
49.483
50.896
51.473
47.721
47.055
47.612
38.758
26.943
19.953
13.438
14.489
20.368
22.693
25.699
26.768
30.655
35.183
37.902
41.565
41.942
39.537
39.123
38.386
41.743
40.621
38.149
40.381
36.939
33.461
10.883
5.7036
2.6095
1.9532
2.1235
1.2024
0.48885
0.46363
0.71762
0.74019
0.5902
0.76909
0.73104
0.77642
0.74118
0.83645
0.81674
7.1867
5.8038
2.3323
7.8085
6.9733
12.869
13.054
14.628
14.174
11.022
9.2518
5.9605
4.4526
2.5254
2.7235
2.8392
3.0576
2.8905
2.9674
3.1089
3.5273
3.563
3.812
5.7024
9.5637
17.693
24.831
33.16
43.186
50.656
51.991
44.608
38.513
37.124
39.995
43.572
47.74
49.509
48.355
49.732
48.869
50.824
49.408
48.859
50.908
54.157
55.085
46.042
18.017
13.705
14.522
17.249
20.475
23.823
25.953
28.851
37.859
38.707
41.696
44.108
43.295
42.104
41.556
39.32
36.815
41.188
44.737
41.348
26.984
9.7694
4.4305
2.7669
2.1743
2.0666
1.2786
0.45619
0.53824
0.81315
0.66282
0.74713
0.59804
0.8594
0.88034
0.86193
0.83208
0.85399
0.67782
0.89194
0.70781
0.84653
13.35
6.3456
2.6371
11.825
16.132
14.046
9.3855
5.5449
5.3986
4.9948
4.9042
4.2741
4.7468
4.658
3.722
3.5107
3.6255
4.3702
5.9431
9.5622
15.952
20.288
25.066
33.843
40.078
50.938
52.163
45.094
39.814
37.617
37.91
41.139
49.147
54.135
50.26
47.77
49.472
49.155
48.823
48.479
48.839
51.3
51.765
51.302
49.976
48.934
15.91
19.151
21.936
23.693
27.693
31.576
39.31
40.668
40.765
41.4
41.936
41.457
42.048
38.143
39.931
40.514
41.892
41.754
36.23
14.498
6.7004
3.3454
1.8933
1.9027
1.2057
0.37526
0.68094
0.69601
0.77857
0.66459
0.6539
0.87854
0.9196
0.98033
0.94005
0.87559
0.76955
0.81081
0.83284
0.87038
1.1404
6.1412
6.2186
8.5968
14.784
14.315
11.256
7.8046
6.6045
5.7318
4.9624
5.4932
4.583
4.9512
4.2972
4.4794
4.4663
5.2289
7.5134
12.661
16.664
20.863
26.021
33.276
47.921
53.899
54.134
46.416
40.758
36.551
42.278
39.661
44.642
51.78
51.657
53.157
48.92
50.527
50.148
47.272
48.332
52.588
51.547
48.179
47.969
44.302
36.648
22.825
22.99
24.685
28.888
34.116
40.895
41.518
43.949
43.434
41.486
41.08
42.761
41.186
40.107
40.731
42.339
43.589
37.171
13.103
7.7812
3.8806
1.9103
1.7577
1.0034
0.24368
0.64529
0.62287
0.84129
0.65564
0.35291
0.74891
0.92328
0.82594
1.0617
1.0285
0.67078
0.79193
0.87833
0.8093
1.8925
6.4731
6.7517
9.5064
12.068
15.921
16.083
16.833
19.433
14.71
5.4348
5.5207
3.4794
3.6315
2.545
3.5826
3.947
5.5904
7.57
10.2
15.227
21.24
25.84
33.572
47.351
52.694
53.405
46.933
41.305
38.374
37.56
42.118
46.753
48.985
51.08
51.862
50.512
50.244
49.384
50.179
49.798
51.525
54.276
51.119
47.141
49.378
43.226
30.021
16.786
14.669
15.716
20.854
24.316
26.386
28.229
33.453
39.477
41.623
42.511
41.555
40.248
38.87
39.45
39.698
35.132
15.206
7.0042
4.1928
1.8723
1.8073
1.1787
0.61032
0.5951
0.81189
0.68746
0.82037
0.78971
0.91171
0.93525
0.93976
1.0078
0.96771
0.89547
0.80803
0.87075
0.42919
0.52936
1.9388
9.5576
13.041
18.469
15.214
13.268
7.6578
7.0501
5.5863
5.3908
4.9654
5.2844
4.8931
3.8162
4.2249
3.9359
4.1235
5.5119
8.4767
13.884
19.896
24.609
32.032
41.685
55.992
55.016
47.578
43.151
37.014
52.474
50.512
50.596
51.127
50.948
47.542
48.126
49.092
54.269
51.552
47.795
51.52
46.994
33.981
22.631
16.698
17.473
24.453
23.855
26.835
27.353
32.774
36.488
40.91
41.722
43.922
45.027
44.117
41.635
42.384
41.116
41.443
43.232
39.9
31.357
11.84
4.8853
2.8841
2.3096
2.0601
1.0858
0.34862
0.52547
0.6611
0.56075
0.63949
0.60862
0.95993
0.83036
0.86746
0.6001
6.1402
1.2643
3.7338
11.664
16.43
20.982
19.121
21.956
22.06
20.527
16.441
11.295
6.4823
6.3469
5.4888
4.5936
5.0653
5.4327
3.9945
3.5408
3.1178
3.8282
3.8068
5.8136
7.9775
10.31
16.404
23.438
30.929
40.012
55.362
60.253
57.642
37.694
44.641
47.619
51.728
51.104
48.645
48.446
48.808
49.994
47.879
50.032
50.575
48.912
48.009
49.608
46.435
39.027
30.093
21.282
19.831
23.663
30.382
31.769
30.765
30.244
35.746
39.751
43.438
43.906
43.593
40.534
40.483
39.537
36.326
41.153
44.848
43.353
29.615
10.003
5.8678
3.2011
1.8042
1.6104
0.99042
0.41972
0.54558
0.59937
0.52254
0.34397
0.85019
0.97694
0.58141
0.88746
0.78294
0.5699
0.51005
5.528
5.6214
19.813
18.177
21.083
18.287
20.772
21.135
16.483
9.4682
6.39
6.5066
4.7715
4.1115
4.4963
4.323
4.5438
3.9596
3.4275
3.5347
5.1819
6.4933
8.6246
13.291
19.171
24.647
30.997
38.822
38.435
37.066
37.346
43.875
52.341
51.779
52.403
49.165
50.862
50.419
47.866
47.449
51.546
52.539
47.472
47.073
53.136
47.901
32.998
23.79
16.655
17.855
25.62
27.554
26.454
28.592
32.978
36.497
42.903
44.235
43.885
41.907
42.75
39.959
39.213
41.074
41.836
41.634
41.815
31.814
10.302
6.5707
3.1109
2.1581
1.6895
0.9647
0.23708
0.54618
0.54542
0.56738
1.1563
1.0839
1.132
1.0202
1.0511
0.85255
0.85807
0.9565
3.3776
10.513
18.746
17.772
21.722
22.111
21.6
23.084
16.737
10.446
8.3187
6.3374
5.945
6.3363
5.2152
5.553
5.7168
5.2466
4.2712
3.8632
4.5565
6.7852
9.3778
14.027
20.283
23.988
32.668
43.403
55.017
56.206
50.791
44.124
38.296
39.063
42.435
43.749
51.929
56.409
51.787
51.615
49.403
51.89
49.721
46.941
50.078
44.756
35.435
26.289
17.314
18.96
24.906
27.718
26.683
29.078
34.889
39.437
42.135
44.318
43.389
42.232
37.702
41.816
41.431
40.076
40.487
41.818
43.338
35.999
13.54
6.8079
3.4571
2.4162
1.7882
1.0018
0.47301
0.37693
0.58499
0.72424
0.60623
0.63317
0.94299
0.87336
1.0008
0.96978
0.92935
6.5768
8.5008
13.629
21.981
19.522
20.613
23.222
23.306
21.937
16.853
11.787
8.2917
7.3504
6.4776
6.168
5.8543
5.8505
5.569
4.9259
4.2755
3.9718
5.0486
6.2063
8.5812
13.261
17.307
25.469
32.051
39.87
49.396
62.607
59.959
44.336
37.828
37.762
36.97
41.249
48.919
49.794
51.008
47.874
52.118
50.707
46.625
45.084
49.905
45.298
36.064
32.437
21.436
22.152
24.872
30.215
29.533
30.399
32.327
33.8
39.703
38.515
41.985
39.441
39.341
39.882
40.093
39.026
40.553
42.206
40.804
33.658
13.946
6.9784
3.5449
1.6253
1.572
0.94174
0.51936
0.51059
0.51898
0.84471
0.64893
0.61694
1.0468
0.86519
1.0127
0.96261
18.318
11.101
9.7805
17.352
22.614
25.245
21.214
23.346
20.783
18.854
13.385
11.648
8.5618
5.7647
5.6853
5.5716
5.92
5.649
5.1271
4.9199
3.6559
3.6511
4.1082
5.1284
8.6861
13.179
17.935
24.333
31.358
41.389
54.495
59.072
54.065
42.081
36.814
37.638
40.176
42.552
48.454
51.173
51.522
51.799
47.515
48.113
47.773
49.489
49.346
44.845
37.492
28.201
22.554
20.076
23.306
28.98
26.986
28.59
29.783
33.056
36.842
40.453
40.471
40.925
39.379
38.985
40.349
40.173
37.816
36.597
38.585
32.707
17.316
7.8848
2.7705
2.7467
1.5783
1.1337
0.42778
0.66345
0.73819
0.6359
0.85573
0.74069
0.95778
0.89659
0.9444
1.12
0.91501
0.77044
9.7539
16.897
24.095
25.115
22.352
23.975
22.919
21.184
14.614
10.898
8.075
6.6068
7.1622
5.8714
5.7201
4.8969
4.7966
4.7494
3.5092
3.6975
3.8781
4.7207
5.7971
9.173
12.916
20.19
28.096
37.704
54.015
60.242
58.387
44.692
38.389
36.555
41.031
39.677
47.635
51.713
53.258
51.603
52.607
53.675
52.843
53.538
51.402
46.367
39.206
32.216
24.182
21.534
25.192
29.962
29.264
29.875
30.483
34.088
38.472
40.195
40.489
39.58
42.062
42.477
42.795
37.03
37.424
37.922
39.232
33.921
15.475
7.2983
3.1597
2.2756
1.8449
1.233
0.3714
0.41714
0.6297
0.47459
0.73083
0.72745
0.95591
1.0649
1.1694
1.1184
1.0007
0.9742
0.69606
0.94367
0.5407
0.99972
13.07
19.034
23.574
22.358
15.115
12.098
9.8228
5.9729
6.2543
7.5391
6.6229
4.8976
4.3523
4.0227
3.5788
3.617
3.8626
4.941
6.0092
9.2891
12.82
19.492
29.427
40.94
55.893
63
57.982
44.04
38.398
35.667
37.943
41.16
46.177
53.01
51.467
50.919
48.986
50.274
49.526
49.622
51.874
52.269
38.772
32.505
23.936
21.297
23.582
29.972
31.299
30.675
32.072
33.573
38.828
38.291
42.421
39.485
42.094
40.334
40.749
40.633
39.322
40.11
38.515
32.466
14.504
6.2646
3.2915
1.5149
1.4781
1.1967
0.49297
0.58282
0.78363
0.81972
0.83483
0.64722
0.99269
1.0948
1.1298
1.0024
1.0871
0.85022
0.92996
0.5478
25.974
25.475
24.904
24.948
22.499
19.93
14.013
10.726
9.0551
6.1709
5.3577
5.2429
5.1783
5.4002
4.0834
3.3757
3.0686
4.2153
4.5292
5.1496
7.581
10.098
14.305
22.39
29.599
39.081
50.831
65.468
61.518
44.333
38.525
35.047
38.133
43.589
48.577
47.801
47.532
49.893
51.291
51.235
48.432
52.405
49.563
46.668
38.698
29.797
24.999
21.219
23.258
30.301
30.789
30.953
32.469
34.792
37.086
39.346
40.931
40.073
41.48
41.072
40.411
39.386
38.153
37.825
39.006
33.809
13.403
6.6335
2.9474
1.7831
1.7544
1.2262
0.60717
0.52879
0.97204
0.69853
0.80398
0.89946
0.9241
1.0814
0.91674
0.95691
0.97795
0.43119
1.0061
16.682
16.65
29.738
21.609
22.824
22.645
20.375
18.006
11.918
9.5668
9.0078
6.8285
5.2983
5.4246
5.7836
3.7215
4.8195
3.9402
4.4244
4.1018
4.468
5.5516
7.7145
11.81
15.264
22.707
29.66
37.617
53.962
60.24
56.183
43.667
38.257
36.931
39.975
45.414
50.037
49.574
48.719
49.333
50.609
51.386
49.968
47.833
50.429
48.661
42.839
31.032
25.9
21.8
25.005
29.347
29.656
32.439
33.516
36.19
39.309
39.511
41.439
42.154
40.475
42.103
40.358
39.156
40.241
40.786
41.642
35.483
13.375
7.8827
4.3602
1.8147
1.5897
1.4443
0.39322
0.56373
0.80546
0.55879
0.92629
0.86229
0.80359
1.1335
1.1105
0.86362
0.93643
6.7905
8.1892
15.551
20.749
25.277
26.356
24.465
21.803
22.393
21.65
16.455
13.775
10.146
7.0293
6.9955
5.4951
5.12
5.5762
4.1638
4.2133
3.6393
4.1234
4.2632
5.0738
7.6886
11.391
18.543
23.843
30.407
39.664
53.446
60.374
56.927
44.826
53.278
51.47
60.269
46.836
34.638
40.896
37.67
46.616
54.143
55.578
53.803
47.081
48.154
46.284
38.823
31.954
24.908
23.525
25.639
28.374
29.75
31.803
33.39
35.989
38.452
38.868
37.932
41.125
42.181
42.296
36.977
32.637
12.842
6.7653
3.9343
2.1086
1.7573
1.6382
0.60279
0.56777
0.94234
0.75171
0.78121
0.79438
0.89099
0.92433
0.95391
1.1382
0.94383
0.67119
0.72879
0.69963
12.573
13.121
12.832
21.304
23.549
26.233
23.808
22.246
23.166
22.882
15.573
12.667
11.37
7.1137
6.2597
5.8864
4.1917
4.1648
4.1495
4.5724
4.0645
3.9387
4.5695
4.7987
31.001
39.271
55.813
59.86
53.32
45.78
40.491
40.053
39.771
45.308
51.681
53.673
50.765
49.198
51.725
51.598
47.382
44.776
47.679
49.898
50.051
50.351
49.222
48.988
38.626
32.834
25.797
33.328
32.991
36.508
38.506
40.947
45.24
44.608
44.767
43.116
42.07
40.312
38.783
38.487
36.052
30.945
11.906
5.8043
3.8355
2.0737
1.7216
1.3699
0.74309
0.46744
0.77275
0.62534
0.806
0.87651
0.80494
1.0587
0.88501
1.0975
1.0081
0.60603
0.7689
4.8697
1.179
2.4907
22.082
23.815
27.345
28.047
26.796
15.611
12.347
11.769
7.5852
5.0173
3.7723
3.2722
3.4502
2.937
3.5931
2.6638
2.1414
2.8168
4.0091
5.8898
8.4865
10.539
18.433
26.7
37.325
49.873
61.328
55.681
44.95
43.272
39.144
42.163
46.362
48.361
55.095
53.5
52.066
50.085
52.558
50.882
50.808
50.722
46.297
44.67
41.198
35.528
28.733
29.122
29.555
33.388
32.823
33.346
34.552
36.364
39.861
43.623
43.339
44.475
41.759
39.917
38.067
38.476
36.412
35.591
30.534
10.506
4.4711
2.2044
2.609
1.824
1.033
0.43232
0.61381
0.48515
0.53349
0.65213
0.73658
0.54775
0.73722
0.4275
0.44713
9.3435
3.2019
8.0211
20.062
29.083
29.975
28.179
25.728
23.344
21.607
20.952
16.009
12.536
9.9111
8.6666
5.3762
3.5876
3.159
2.6398
2.8561
3.1929
2.7667
2.9497
2.3456
3.824
4.9006
7.9982
11
19.12
26.01
36.264
50.006
60.442
55.06
46.623
39.233
39.062
40.381
44.059
49.066
53.314
46.907
46.716
50.44
53.031
50.85
50.708
44.646
44.111
44.925
42.211
33.891
30.567
28.178
31.42
36.68
35.366
37.573
35.767
37.818
40.222
44.093
46.203
45.621
42.724
36.278
36.21
37.805
32.55
30.154
26.524
10.042
4.9182
2.8807
1.8578
1.623
0.82185
0.46664
0.41006
0.59877
0.74515
0.81756
0.72769
0.96894
0.99684
0.82954
1.0458
1.0426
0.6874
0.82134
18.352
9.7186
15.735
21.055
31.57
32.564
30.623
26.58
23.007
21.516
21.07
7.4064
4.4808
2.8102
2.7158
2.8013
2.9478
3.033
2.8207
2.6959
2.7719
2.9785
4.4382
6.2059
9.5025
16.724
24.022
37.958
55.334
61.927
51.516
42.035
36.978
37.73
41.612
45.348
52.571
55.275
53.276
54.809
55.127
53.882
50.169
46.256
47.916
45.552
43.221
40.854
39.719
33.076
31.045
30.73
34.184
34.218
35.099
35.277
38.035
39.243
42.876
43.955
42.761
37.488
36.179
37.635
37.534
35.575
30.861
25.618
9.8506
5.6187
3.5914
2.4966
2.0119
1.0602
0.81134
0.72315
0.86949
0.87167
0.72488
0.8202
0.98777
0.74103
0.93852
1.094
1.1605
0.54312
0.7516
9.7514
1.7186
11.116
17.326
30.785
30.368
30.636
24.071
22.112
21.19
20.195
15.228
12.991
9.2223
6.3102
4.1536
2.6525
2.9346
2.4115
2.6279
2.9963
2.326
2.5176
2.0981
2.8884
4.4773
6.0924
9.3301
16.617
24.182
36.841
53.415
60.742
55.94
45.533
41.619
39.8
43.415
45.112
50.115
56.664
57.106
57.064
54.907
54.454
48.821
47.752
48.627
51.214
53.374
51.605
50.496
44.94
46.273
44.167
40.557
36.44
36.214
36.17
38.443
37.111
39.373
40.798
39.934
43.581
45.118
44.954
45.197
43.684
40.212
36.609
38.636
35.882
29.561
24.116
8.9407
4.5439
2.7241
2.3378
1.7619
0.87389
0.52118
0.69198
0.9215
0.6243
0.92046
0.88063
0.85771
1.1354
0.82724
1.1721
0.97013
0.6032
0.88932
0.57775
1.0344
3.0757
18.398
26.25
28.393
29.162
28.058
23.32
20.861
22.15
14.727
12.83
11.094
11.058
5.6932
3.7489
2.8634
3.5305
3.2797
3.5969
3.3926
3.278
3.8748
4.4818
6.9958
11.424
18.273
22.08
28.106
48.574
51.946
55.571
50.719
44.611
44.169
41.16
44.951
53.804
54.722
55.896
55.596
55.496
53.039
50.202
46.986
46.469
50.262
54.798
56.133
53.49
49.666
48.4
47.332
43.376
33.665
33.083
31.126
32.954
37.205
35.585
35.08
38.589
40.403
43.093
46.551
47.229
46.406
42.54
40.315
37.473
37.877
37.118
28.221
23.706
10.16
6.3088
3.2022
2.5773
2.0011
1.9926
0.72695
0.89495
0.8833
0.74026
0.85754
0.94233
0.86968
0.89801
0.92818
1.1025
0.98917
0.79091
0.71994
13.127
9.4717
17.952
25.648
31.183
35.292
30.508
26.161
24.223
23.503
21.741
15.721
12.208
10.167
6.2547
5.0506
2.9399
3.1557
2.4268
2.5482
2.4304
2.0707
2.8415
2.5252
3.2674
4.2944
7.0315
10.621
17.274
24.644
37.916
53.37
61.459
54.724
46.163
42.01
42.392
39.11
46.96
52.99
57.365
57.016
54.65
51.468
51.912
47.329
44.829
50.011
52.593
55.83
51.911
49.411
45.132
44.388
42.978
41.171
40.662
35.847
36.561
37.949
37.442
39.291
42.469
40.976
43.357
43.959
43.57
43
41.626
39.724
38.588
36.927
35.061
32.364
23.704
9.6051
5.9908
3.0917
2.6166
1.7408
0.91292
0.48532
0.81199
0.83002
0.77978
0.89728
0.86668
1.0655
0.9931
1.2464
1.352
1.408
0.87731
0.76921
4.1231
11.165
23.63
43.999
38.98
32.918
28.115
27.667
26.92
25.995
23.88
17.677
18.038
16.245
16.129
11.876
8.086
5.9747
4.6107
5.1103
6.1431
6.2829
6.892
6.1278
4.9417
5.3661
5.8968
7.4109
8.2932
9.1002
9.4307
10.456
12.088
18.527
22.819
27.1
30.355
34.99
36.442
38.854
39.334
38.955
37.35
37.697
35.63
30.273
27.429
26.29
23.908
22.808
22.15
19.867
18.522
18.502
18.192
17.143
17.333
17.365
18.88
19.435
20.166
21.851
21.294
22.276
22.589
23.359
23.636
24.966
25.579
26.491
26.775
26.355
26.094
25.791
26.734
27.021
25.961
25.782
25.626
25.065
24.905
25.204
25.373
25.509
25.509
25.591
24.851
25.024
24.766
24.591
24.288
24.15
24.658
25.2
25.66
25.936
26.152
26.079
25.561
25.864
25.972
25.566
25.642
25.58
25.415
25.967
25.947
25.86
25.61
25.711
25.316
25.363
25.406
25.187
24.76
24.847
25.365
24.942
24.722
24.77
25.507
25.686
25.359
26.066
26.171
25.63
26.486
26.572
26.608
26.25
26.215
25.991
25.36
25.141
25.668
25.382
25.213
25.801
25.844
25.235
26.09
25.822
25.427
25.769
26.234
26.094
25.561
25.178
25.938
25.869
25.248
26.11
26.01
25.992
25.218
25.862
25.749
25.517
26.064
25.836
26.05
25.4
26.118
26.003
25.924
25.996
26.001
25.562
26.232
26.062
25.588
26.281
26.2
26.433
25.533
25.876
26.126
25.433
25.441
25.824
25.436
25.591
26.09
25.922
25.844
26.495
26.003
25.767
26.369
26.237
26.18
25.843
25.528
25.929
25.938
25.18
26.279
25.928
25.387
26.208
26.24
26.012
26.233
26.454
26.265
25.781
26.351
26.339
26.257
26.311
26.342
26.142
25.649
26.277
26.225
25.626
26.207
26.415
25.716
26.368
26.338
26.323
25.894
26.385
26.291
25.988
25.887
26.333
26.372
26.129
26.395
26.409
25.985
25.638
26.369
26.447
26.419
26.384
26.441
26.43
25.753
26.428
26.413
26.08
25.662
26.355
25.853
25.844
26.41
26.365
26.826
26.253
26.514
26.664
26.527
25.613
26.187
26.262
26.259
25.4
26.082
26.16
26.105
26.202
26.567
26.585
26.153
26.352
26.709
25.955
26.585
26.595
26.629
25.709
26.112
26.389
26.019
25.444
26.49
26.423
25.92
26.433
26.545
26.075
26.64
26.722
26.1
26.526
26.646
26.559
26.05
26.03
26.453
25.994
25.743
26.515
26.474
25.811
26.674
26.723
26.188
26.649
26.715
26.526
26.731
25.908
26.533
25.922
25.843
26.453
26.213
25.973
25.878
26.666
26.591
26.301
26.81
26.721
26.801
26.693
26.81
26.635
26.65
26.613
25.911
26.541
26.181
26.684
25.983
26.654
26.85
26.161
26.055
26.83
26.384
26.419
26.705
26.738
26.727
26.015
26.697
26.698
26.63
26.111
26.713
26.601
26.487
26.759
26.702
26.45
26.459
26.808
26.725
26.189
26.775
26.692
26.024
26.591
26.672
26.626
26.636
26.657
26.724
26.07
26.764
26.892
26.083
26.851
26.692
26.749
26.448
26.864
26.912
26.282
26.85
26.921
26.7
26.802
26.941
26.952
26.435
26.93
26.554
26.541
26.972
26.885
26.204
26.946
27.024
32.025
32.477
32.877
32.872
32.174
32.852
32.845
32.596
32.661
32.789
31.902
32.218
32.761
32.859
32.742
32.758
32.789
32.026
32.902
32.843
32.872
32.819
32.846
32.654
32.181
32.733
32.174
32.692
32.062
32.937
32.625
32.609
32.916
32.907
32.961
32.169
32.864
32.32
32.46
32.626
32.667
32.833
32.229
32.862
32.878
32.173
32.895
32.882
32.548
32.099
32.736
32.397
32.814
32.815
32.919
32.713
32.331
32.703
32.661
32.291
32.019
32.797
32.903
32.735
32.82
32.691
32.195
32.903
32.841
32.04
32.833
32.895
32.654
32.915
32.637
32.799
32.779
32.867
32.765
32.837
32.804
32.702
32.054
32.866
32.832
32.871
32.741
32.845
32.732
32.003
32.426
32.9
32.816
32.547
32.353
32.871
32.784
32.03
32.881
32.892
32.125
32.626
32.78
32.875
32.566
32.64
32.89
32.605
32.588
32.741
32.863
32.35
32.886
32.766
32.462
32.813
32.88
32.848
32.792
32.78
32.589
32.861
32.27
33.023
32.846
32.403
32.429
32.857
32.521
32.1
32.756
32.715
32.821
32.705
32.86
32.424
32.073
32.655
32.599
32.345
32.237
32.625
32.494
32.729
32.653
32.688
32.665
32.87
32.739
32.559
32.044
32.891
32.826
32.631
32.869
32.875
32.158
32.211
32.794
32.441
32.255
32.723
32.622
32.142
32.793
32.801
32.221
32.122
32.87
32.581
32.033
32.4
32.648
32.484
32.116
32.603
32.832
32.549
31.967
32.758
32.165
32.552
32.64
32.79
32.15
32.698
32.773
32.895
32.84
32.649
32.799
32.621
32.776
32.456
31.896
32.758
32.757
32.682
32.509
32.701
32.741
32.31
32.76
32.613
32.135
32.465
32.582
32.727
32.848
32.798
32.151
32.485
32.924
31.96
32.684
32.624
32.692
32.223
32.653
32.845
32.09
32.854
32.474
32.783
32.725
32.77
32.488
32.488
32.102
32.857
32.616
32.631
32.389
32.903
32.707
32.065
32.565
32.649
32.884
32.585
32.522
32.854
31.938
32.747
32.753
32.572
32.685
32.076
32.85
32.916
32.748
32.9
32.705
32.033
32.848
32.453
32.581
32.791
32.845
32.612
32.487
32.171
32.797
32.622
32.301
32.909
32.909
32.791
32.19
32.839
32.17
32.498
32.698
33.141
32.218
32.321
32.769
32.969
32.634
32.129
32.673
32.881
32.853
32.648
32.927
32.841
32.66
32.881
32.901
32.883
32.844
32.742
32.464
31.949
32.846
32.667
32.614
32.785
32.361
32.664
32.698
32.669
32.874
32.072
32.812
32.763
32.46
32.663
32.722
32.651
32.367
32.727
32.67
32.643
32.844
32.868
32.851
32.043
32.916
32.843
32.967
32.85
32.12
32.431
32.667
32.676
32.712
32.851
32.842
32.733
32.409
32.902
32.836
32.968
32.607
32.494
32.151
32.076
32.634
32.839
32.083
32.771
32.582
32.498
32.011
33.008
32.854
32.028
32.161
32.727
31.993
32.715
32.845
32.848
31.856
32.755
32.803
31.971
32.628
32.842
31.994
32.858
32.72
32.585
32.588
32.799
32.736
32.812
32.61
32.832
32.616
32.785
32.456
32.648
32.485
32.76
32.622
32.632
32.808
32.833
32.708
32.747
32.788
32.426
32.783
32.475
32.891
32.463
32.603
32.823
31.97
32.618
32.774
32.751
32.666
32.844
32.787
32.599
32.796
32.427
32.007
32.018
32.733
32.861
32.713
32.831
32.848
33.091
32.464
32.583
32.579
32.692
32.8
32.857
32.837
32.072
32.104
32.872
32.843
32.241
32.949
32.899
32.072
32.606
32.795
32.015
32.624
32.575
32.848
32
32.148
32.629
32.527
31.813
30.938
26.602
24.428
23.763
22.338
18.752
19.054
19.457
18.911
19.023
19.281
20.821
23.067
23.553
22.221
23.542
22.853
21.789
22.605
22.33
20.66
19.264
18.619
18.339
17.706
18.433
18.858
20.811
21.43
22.539
24.365
28.389
30.325
31.486
33.677
36.025
45.247
51.566
57.438
59.666
60.245
59.677
58.36
55.341
52.879
48.572
51.94
54.439
55.977
56.114
52.454
50.187
45.872
42.201
47.543
51.429
52.532
52.767
45.575
43.238
35.335
32.173
29.093
32.126
33.41
29.032
29.779
30.082
32.177
36.402
37.165
38.135
41.343
39.603
41.257
41.195
43.162
40.373
39.253
37.769
34.242
34.591
25.783
21.231
15.937
11.346
5.9627
2.7067
1.6439
0.78382
0.75608
0.95207
0.71508
0.75843
0.99882
1.0285
0.89267
1.1217
1.137
0.73832
0.90053
0.71813
3.3681
1.3417
6.8374
9.0129
11.823
14.861
11.38
9.0595
7.0857
6.2696
4.4275
3.4065
3.139
2.7002
2.5239
2.3172
2.0154
1.77
1.9439
2.5526
2.1717
3.8309
5.1375
9.2587
13.589
27.948
48.396
65.585
78.852
75.281
67.954
60.054
51.918
42.519
40.103
51.092
55.067
61.014
61.171
58.889
53.015
46.966
49.83
52.835
55.464
29.534
28.02
28.21
24.761
23.111
21.778
23.941
26.268
29.26
35.696
38.472
42.198
39.688
35.55
35.421
35.681
34.07
32.997
34.096
36.685
36.935
24.968
18.94
13.824
8.8344
0.83181
0.95819
0.71141
0.57571
0.69003
0.90634
0.69485
0.85226
0.94904
0.26985
0.77064
0.52285
0.63796
1.0512
6.3604
4.0843
8.6325
7.9451
6.9591
5.334
6.7664
5.3492
4.6879
5.1606
3.8086
1.9621
1.9385
1.8523
2.0952
1.7617
1.9962
2.5443
2.2666
5.958
5.4776
8.4658
16.084
37.324
60.899
74.662
44.205
42.714
49.138
55.008
61.547
61.131
57.741
53.681
49.288
49.782
55.528
58.382
61.677
55.448
49.931
44.336
37.759
32.921
32.307
28.677
32.537
37.427
44.747
42.911
42.734
39.033
40.873
40.207
44.017
40.174
38.339
36.334
39.676
38.554
18.515
11.366
5.6497
2.9211
1.8044
0.92475
0.78638
0.83221
0.32934
0.63888
0.86046
0.90832
0.68475
0.76766
0.65701
0.87468
0.73662
0.74595
0.72239
0.54043
0.44778
3.9801
2.3812
4.3621
7.3558
7.4911
9.842
8.1274
6.9223
5.7202
5.7085
5.5965
6.0224
4.7963
3.1693
3.5479
2.3742
2.9275
3.7693
3.8875
3.9889
4.1572
5.8393
9.2677
24.618
50.539
64.872
65.025
58.362
57.354
55.524
53.115
46.659
46.187
49.225
52.192
54.995
55.797
57.355
53.471
51.884
51.836
57.452
60.266
57.935
29.493
26.445
24.115
27.255
27.263
30.397
32.561
32.845
40.31
42.537
41.511
43.733
41.046
44.37
46.925
43.59
41.745
40.028
42.74
42.002
34.523
15.182
9.222
6.7516
2.5742
1.5236
1.1528
0.56867
0.50932
0.77722
0.69015
0.74693
0.72509
0.74046
0.84354
0.89853
0.89596
0.83156
0.86044
0.78627
0.75343
0.67346
0.47319
5.9929
4.4797
8.8776
9.638
8.3263
7.917
6.0662
5.2288
5.2471
5.1966
3.6162
3.8364
4.1561
2.6725
3.3118
3.7659
3.3434
4.5846
5.867
7.2905
14.311
20.43
31.784
46.384
61.489
61.244
57.179
54.287
54.777
50.965
47.522
44.061
45.916
47.415
51.759
57.253
54.022
51.673
48.735
52.066
55.372
55.207
54.156
52.893
49.566
43.339
30.966
21.265
17.805
18.767
19.793
36.094
38.646
41.549
43.017
43.409
42.656
44.46
42.539
43.378
39.36
36.123
41.607
44.07
41.982
14.198
8.2813
6.8834
3.4974
1.1005
1.4558
0.83693
0.52524
0.95697
0.94344
0.69464
0.8148
0.70223
0.95721
0.95384
1.0268
0.90355
0.84394
0.76414
0.66022
0.74892
0.55908
11.163
8.9442
9.5076
12.721
12.301
9.464
7.7438
5.7497
5.4447
5.9601
5.1095
5.0987
5.1081
4.3339
4.4048
4.9217
5.1572
5.466
6.0415
8.1649
13.033
18.268
26.366
40.238
55.714
63.446
55.524
50.951
48.743
44.647
44.968
44.461
45.329
50.264
51.286
51.648
55.618
55.374
51.028
47.209
47.65
43.577
31.261
25.111
22.245
21.562
23.15
23.712
27.869
31.494
38.265
39.761
40.472
42.909
41.577
44.51
44.842
44.259
45.964
41.982
39.228
43.463
42.542
40.343
16.253
7.65
6.0884
2.99
0.85529
1.2448
0.50021
0.53632
0.69547
0.8526
0.84467
0.85251
0.83973
0.82344
0.43264
0.50654
0.61906
0.5241
5.0068
4.763
4.5222
10.246
10.574
9.5794
11.86
10.914
11.169
8.779
6.6762
5.7612
5.2765
5.3676
4.4695
4.3007
3.8538
3.6565
4.151
7.6631
14.622
17.403
25.713
42.311
55.626
62.273
57.186
55.904
48.563
49.174
45.343
43.289
44.859
48.133
53.746
54.186
52.478
50.006
47.585
49.182
53.913
58.179
56.926
52.781
49.255
42.287
27.583
19.959
29.147
36.321
38.184
42.104
41.672
43.272
43.198
44.285
43.857
42.05
36.951
40.073
43.375
43.373
44.194
41.243
18.33
8.8358
7.5804
4.0802
1.163
1.0153
0.45816
0.49629
0.77413
0.9572
0.42651
0.53649
0.80888
0.7462
0.80154
0.85975
0.79599
0.77264
4.915
5.5953
5.6289
10.593
12.861
10.305
11.747
14.593
14.015
11.084
8.8136
6.8027
6.0351
5.7054
4.857
4.8794
4.772
3.9646
4.0116
5.1213
5.1162
5.4352
6.0661
9.3755
13.274
17.468
26.025
40.022
56.195
61.761
56.575
52.531
50.532
46.305
52.389
53.187
52.597
49.07
50.666
51.298
54.212
57.036
53.311
50.625
46.115
40.35
28.63
21.548
17.345
17.193
19.298
22.454
29.094
34.806
38.058
41.894
43.431
42.179
41.01
43.702
44.654
44.718
43.723
41.199
38.139
43.388
45.675
41.27
17.809
8.3771
6.3924
3.723
1.003
1.172
0.63973
0.56054
0.90862
0.85612
0.88741
0.94525
0.9801
0.68851
0.77844
0.52993
0.6224
0.66371
2.3127
5.4272
6.4499
10.239
9.5714
8.7791
10.641
15.507
15.654
11.605
8.1657
5.9354
6.0109
5.3529
4.4514
4.9615
4.4482
5.0604
5.9353
8.2458
13.233
17.967
25.682
37.984
55.471
61.287
57.442
53.473
48.507
47.576
44.396
44.965
45.757
49.192
52.499
54.489
50.353
49.352
47.356
50.028
54.433
57.089
56.092
51.299
46.344
42.782
30.17
22.615
18.072
17.199
19.491
39.006
43.165
44.284
41.281
45.002
43.535
41.495
44.646
41.984
40.211
43.158
42.096
41.743
15.328
9.5946
6.6267
3.244
1.4926
1.5186
0.45114
0.61263
0.96113
0.90559
0.51354
0.62897
0.75569
0.81124
0.81646
1.0126
0.97124
0.63601
0.68032
0.75765
0.37709
0.37925
5.7398
4.6093
5.0216
11.59
12.538
9.7559
8.5404
6.33
5.4049
5.679
5.1107
4.5733
4.6794
4.231
4.6825
4.0412
5.1254
5.3571
5.2389
8.6221
14.14
18.98
30.501
44.782
55.52
59.935
55.408
53.254
49.324
46.062
44.811
43.397
46.714
48.852
50.731
52.878
52.46
50.125
48.96
52.773
56.601
55.802
53.758
51.043
47.045
41.471
19.239
21.173
29.074
31.348
36.046
42.632
44.61
43.926
44.913
44.667
42.498
43.184
40.958
39.223
39.99
43.465
46.639
39.952
16.972
10.688
6.7951
3.1818
1.2502
1.4372
0.3555
0.46343
0.82487
0.49356
0.63262
0.61728
0.66392
0.70652
0.83201
0.9089
0.8107
0.381
0.45582
0.50658
0.61906
0.43768
4.3752
4.1282
10.131
13.74
12.36
9.1884
8.2064
6.8543
5.7487
5.7345
5.2645
4.853
3.7582
4.9017
4.4403
3.8391
5.1223
4.6073
5.5442
9.1747
14.577
18.761
28.21
44.277
56.677
59.425
54.644
51.826
50.32
46.352
44.519
44.242
45.747
48.255
52.785
52.58
50.509
49.56
49.773
52.482
55.334
55.58
51.971
47.741
43.501
38.001
26.453
22.135
30.133
35.784
38.186
42.026
43.134
44.497
44.474
45.68
43.916
43.253
41.841
42.031
42.621
43.144
48.79
41.843
18.355
9.5538
7.4944
4.4186
1.2693
1.4041
0.5803
0.58907
1.0328
0.86237
0.91329
0.82107
0.8006
0.94962
0.98581
1.0493
0.97439
0.74554
0.81095
0.67058
0.76681
0.66886
2.5606
9.4656
10.857
16.334
15.508
11.751
8.8414
6.3534
6.3702
6.0262
4.5317
4.308
3.8796
3.3785
4.1285
4.1149
4.1643
4.4574
5.4216
7.3078
13.507
17.994
27.817
41.736
54.226
59.171
55.007
54.333
48.954
49.981
47.89
44.011
45.95
48.599
51.439
50.8
52.901
52.576
50.236
51.105
52.85
54.301
54.898
20.463
16.609
16.969
20.454
21.409
26.355
31.609
35.678
40.103
44.108
45.026
45.406
46.267
45.364
44.629
41.506
38.014
40.713
45.462
44.353
38.215
14.437
9.3804
7.2573
3.1369
1.5062
1.3963
0.77733
0.78273
0.82496
1.0705
1.0884
0.79474
1.0034
0.90987
0.94735
0.83407
0.87442
8.4587
4.1873
3.5375
11.623
12.306
13.673
10.233
12.867
16.963
15.317
11.409
8.9164
7.5458
6.0744
6.3612
5.4756
4.6284
3.5628
4.1279
3.7615
5.1238
4.836
4.7719
5.1574
8.584
13.38
18.683
29.613
44
53.976
56.091
53.851
51.617
48.645
47.855
44.884
45.102
45.88
49.458
52.914
50.982
52.56
51.964
52.023
52.41
46.882
42.304
29.281
19.757
15.309
16.632
21.548
23.038
25.904
31.271
38.787
41.447
45.413
45.225
43.373
44.219
44.06
41.54
42.693
39.597
38.316
42.686
44.109
39.781
13.572
8.6237
6.622
2.8005
1.5608
1.0731
0.94552
0.86902
1.2027
0.98864
1.1584
0.64889
0.90457
0.9751
0.93665
0.89888
1.1546
0.68103
0.80099
0.82993
0.79641
0.63094
10.102
12.442
9.5934
12.14
15.154
15.231
12.292
10.121
7.8762
6.7072
5.8661
4.255
4.4128
3.4677
2.945
3.6044
3.1361
4.3737
4.5331
5.7297
8.2646
13.342
19.398
28.534
43.336
54.591
56.54
54.252
54.38
49.966
50.858
45.128
41.78
45.746
47.989
52.261
52.933
53.498
51.414
48.037
49.898
53.902
53.621
52.406
50.385
46.866
39.501
24.563
20.314
26.612
31.125
41.255
44.859
42.215
45.852
45.272
45.706
45.469
45.616
39.867
40.198
41.54
41.798
44.083
42.061
21.125
11.134
6.6407
3.3878
1.1198
1.4048
0.8082
0.70909
0.94892
1.3868
0.99198
0.93629
1.1323
1.3399
1.0158
1.0946
1.2595
0.96629
0.33472
0.7036
0.81737
0.51184
0.78484
11.083
11.347
15.124
15.091
12.291
8.8803
7.6159
5.7733
5.6344
5.1187
5.292
4.5235
4.3844
4.9843
5.0571
6.0577
5.3558
7.2755
10.841
15.078
19.65
27.528
44.052
56.259
55.551
51.777
48.935
47.067
44.306
44.521
43
45.022
47.716
51
48.997
49.132
49.751
49.968
53.244
54.741
52.547
50.187
44.752
41.545
33.356
17.734
23.473
27.896
32.115
37.33
41.275
45.906
45.13
41.069
42.71
42.581
40.643
40.537
40.47
39.67
43.071
45.78
43.826
20.87
11.301
6.7028
4.2275
1.2112
1.0469
0.75841
0.97074
0.97826
0.87219
1.0177
0.87477
1.015
1.1224
1.1745
1.1586
1.175
1.054
0.84695
0.91808
1.0333
0.7546
3.14
4.0195
5.0666
6.8129
9.0546
9.1993
8.7462
10.387
10.428
9.5549
8.595
7.101
5.3805
4.069
3.6144
4.245
4.1456
4.6798
7.6017
15.084
18.044
19.761
30.664
47.045
59.452
56.567
54.894
53.469
51.819
49.177
44.875
43.391
44.926
48.638
51.908
55.721
54.864
50.364
47.988
50.037
53.29
55.907
54.826
51.844
46.034
31.473
18.917
10.554
9.1474
12.2
15.79
20.209
27.908
48.872
47.588
45.251
39.16
41.538
42.369
41.757
39.565
41.913
45.61
44.707
25.19
14.559
7.4958
4.3311
1.2971
1.5061
0.68648
0.61833
1.1024
0.71112
0.79232
0.78231
0.97169
1.0002
1.0703
1.1786
1.0703
0.77562
0.87651
0.85844
0.63764
0.58774
4.7131
2.62
3.9652
7.6135
8.5316
8.9517
7.6202
6.9035
6.241
5.9818
6.499
5.3499
3.3718
4.442
4.6486
4.0417
5.3495
5.8385
8.3237
13.142
16.993
21.448
29.651
44.841
54.735
57.287
50.058
48.019
46.458
45.481
43.788
44.977
45.409
48.203
49.517
51.59
50.649
49.952
48.075
50.089
53.106
53.204
48.481
44.288
39.357
12.758
16.188
20.47
29.702
30.779
39.322
45.975
45.824
47.332
45.993
42.711
41.574
39.616
41.01
42.929
38.221
41.129
44.646
45.375
22.377
15.818
7.5472
5.4858
1.5608
1.283
0.82002
0.6812
1.2495
1.0053
0.97679
0.92617
1.1367
1.052
1.226
1.2203
1.3261
0.90962
0.7914
0.88984
0.82458
0.5893
2.7265
4.4478
4.4969
8.0247
9.6488
9.9074
7.6975
6.741
6.0179
4.7175
4.6414
4.5027
3.9949
3.748
4.3932
4.2988
4.8827
4.6577
6.7056
11.855
16.909
19.188
30.51
44.619
55.694
53.352
50.65
49.24
46.63
44.877
41.994
42.042
43.834
47.233
50.838
49.925
50.913
48.463
48.086
48.58
52.368
50.954
50.883
44.469
41.262
26.736
15.101
13.597
18.178
26.684
31.499
38.41
43.976
45.645
46.82
44.463
41.353
41.817
41.937
37.849
39.466
41.023
40.729
42.185
40.782
24.427
18.089
8.7831
4.7776
1.383
1.2438
0.6649
0.70076
1.1072
0.94955
0.74835
0.88697
1.1127
0.88044
1.113
1.2942
1.055
0.89446
0.60977
0.93416
0.79427
0.62737
1.3557
3.3331
4.2374
5.1314
8.1047
8.9155
10.073
10.939
9.5573
8.2996
6.2515
7.0775
6.809
5.0223
5.2847
5.5573
4.4429
4.5595
5.262
5.4828
5.3654
5.6414
7.1211
12.692
18.03
23.305
28.86
41.906
52.566
49.244
48.629
46.56
44.539
45.863
43.635
42.399
43.551
43.039
46.86
49.802
50.738
49.083
46.504
48.803
52.177
52.742
50.319
43.942
36.853
26.018
16.908
10.724
10.194
11.231
31.73
39.111
41.463
44.9
47.328
44.709
43.189
40.446
39.983
38.721
40.778
40.947
40.014
43.592
42.867
22.107
15.617
8.3143
5.3147
1.1432
1.2222
0.67063
0.7945
1.0754
0.97698
1.1325
0.94268
1.1455
1.0435
1.2355
1.2777
1.0852
0.7985
1.0034
1.1475
0.8428
0.72723
2.3744
2.7364
4.0821
4.5789
8.3484
8.4624
10.192
10.519
8.1037
7.4253
6.0876
6.1615
5.8454
5.0088
4.9563
4.4241
4.5814
4.3684
4.7289
4.8209
4.8941
5.1714
8.6566
13.307
16.878
20.669
29.244
45.202
54.101
50.399
47.67
46.44
43.387
44.168
42.319
41.835
44.35
45.265
49.995
49.841
49.974
50.838
47.419
48.888
52.676
52.225
49.467
43.054
37.293
23.671
14.644
10.314
8.2643
11.353
14.395
18.374
25.226
30.697
38.448
44.405
46.252
45.616
45.056
42.471
40.667
40.839
38.77
39.788
38.608
41.622
44.42
43.479
22.948
18.453
8.0513
5.0706
1.5032
1.3446
0.65631
0.81461
1.1136
1.1226
0.89766
1.1109
1.2473
1.1652
1.3416
1.2071
1.3287
0.76051
1.0285
0.90708
0.80178
0.93734
0.79494
1.7558
3.2962
3.6151
6.7817
7.074
8.7444
9.1661
7.5655
5.7428
5.645
5.0641
5.2398
4.9217
4.0113
4.5388
4.2605
3.8289
4.2268
4.4358
4.2447
5.8566
10.18
16.665
21.163
21.842
29.97
41.782
50.472
52.999
47.711
47.152
45.756
44.193
42.162
41.374
41.721
45.579
50.18
51.053
50.498
49.998
47.181
46.847
50.822
52.394
49.645
44.88
40.001
23.949
11.74
8.2274
7.287
10.62
15.017
16.558
22.705
33.592
39.903
44.338
46.958
44.715
43.962
41.872
41.813
41.72
40.72
38.961
38.872
41.741
41.695
42.236
23.325
17.609
9.1122
6.4498
1.2743
0.99812
0.63082
0.82165
1.258
0.96692
1.1436
1.0779
1.0241
1.3129
1.0798
1.3355
1.2849
0.97217
1.1384
0.86996
0.8566
0.98065
3.8187
3.6021
4.814
5.906
8.5789
9.7316
10.209
10.594
10.605
7.5587
6.7287
6.4257
5.8834
5.1702
5.3306
4.4999
4.0284
4.8546
5.1314
5.3752
5.4494
5.6827
8.1129
14.031
19.062
24.866
29.051
43.415
53.25
50.038
47.905
47.814
44.098
44.703
43.029
42.138
43.377
46.349
47.687
50.776
51.76
49.994
44.411
49.296
55.149
54.88
50.395
43.886
33.267
21.889
12.892
8.4471
8.1026
11.454
14.04
18.823
26.077
30.4
39.655
43.492
45.154
45.522
44.692
42.655
40.389
39.213
39.666
41.778
41.988
42.014
43.729
38.987
23.689
20.883
12.902
6.5117
1.9071
1.6084
0.65779
0.64925
1.1297
0.86773
0.7847
0.94939
0.90832
1.0922
1.0401
1.0093
0.98939
0.96856
0.71147
3.0857
3.9587
5.2226
4.8552
6.4116
8.1995
7.8391
6.3914
5.6972
4.3683
5.0443
4.4622
4.821
4.5017
4.0668
3.8885
4.1123
2.7912
3.2346
4.1031
5.4214
8.7552
17.748
23.589
21.886
48.687
45.779
47.334
44.104
41.92
42.235
42.092
45.88
49.532
50.913
52.004
48.319
45.052
47.248
51.331
51.819
51.67
46.229
37.787
22.215
14.906
10.797
10.278
12.068
15.528
17.043
23.495
28.826
38.181
47.283
46.396
46.011
44.557
42.592
41.848
37.002
37.534
38.053
38.908
39.474
41.958
39.379
24.987
17.051
8.4523
5.1142
1.2728
1.6455
0.7005
0.80175
1.2972
0.83261
0.93584
0.924
0.96533
1.0291
1.0246
1.3137
1.1643
0.95306
1.1028
0.87958
1.0611
0.22691
6.0021
11.987
14.24
20.856
18.224
16.371
13.814
12.596
10.652
9.5145
8.1481
7.21
6.6626
5.7579
5.7717
6.4369
5.884
7.2914
6.6786
7.487
8.2328
9.8187
11.112
12.384
15.144
16.537
18.822
21.792
23.695
25.517
27.113
28.258
29.465
28.728
28.929
28.282
27
26.404
25.963
24.719
23.701
23.875
23.374
22.559
21.036
22.01
22.34
23.844
24.271
26.231
26.548
28.04
28.659
29.132
29.499
30.03
30.773
29.165
27.888
27.037
27.238
25.323
22.601
21.255
18.262
16.615
16.062
15.738
6.5795
4.0118
2.778
1.4203
0.94597
0.98522
1.0335
0.82147
1.0106
1.0251
0.94292
1.0432
1.1707
1.0823
1.0427
1.0865
1.2038
1.2767
1.4225
1.098
0.68652
1.7825
11.592
17.038
17.708
22.054
22.426
23.947
28.405
28.052
18.165
8.5126
5.365
4.4474
4.8828
3.1673
2.022
1.4598
0.79494
0.87168
0.94143
1.1034
1.0345
2.3998
2.8027
1.8669
2.8405
4.3066
7.7391
25.257
51.516
62.6
62.423
48.716
42.006
38.189
38.212
33.239
37.191
47.432
53.341
55.352
53.012
48.819
48.154
46.493
48.246
49.783
52.193
38.354
27.213
22.629
21.55
23.322
24.384
24.569
27.242
30.814
36.427
39.328
39.35
40.74
40.336
40.822
39.305
37.261
37.921
39.208
36.539
37.295
29.728
10.703
4.7957
2.1775
1.4101
1.5276
0.87572
0.72899
0.79316
0.8705
0.88364
0.85729
0.9524
1.0212
1.017
1.0394
1.0098
0.94404
0.90555
12.714
5.4785
6.2169
14.27
14.785
14.735
13.51
13.052
7.3883
6.6477
6.027
4.6576
4.1763
4.4405
3.9837
4.4479
4.8537
4.7236
5.2632
7.8295
10.175
14.479
21.086
25.973
35.314
48.744
54.643
52.545
46.338
46.242
43.063
41.391
50.852
50.745
52.227
52.29
50.421
51.411
50.995
51.184
45.963
25.508
12.57
3.4918
1.9047
2.6467
3.5081
5.5987
9.1678
16.126
23.253
29.941
34.091
36.524
36.022
34.512
36.749
38.5
42.152
46.733
47.101
47.659
45.352
44.358
42.468
43
44.418
44.778
44.549
43.257
38.615
34.048
23.907
14.159
8.515
6.6957
5.8542
5.2576
4.2311
4.3511
4.6965
4.7787
4.8707
5.6199
5.9982
6.6453
8.6525
11.654
13.762
14.671
16.474
19.675
23.134
24.71
25.904
27.648
24.44
22.369
23.261
22.487
23.265
22.458
24.429
23.76
25.071
25.377
26.942
27.905
29.034
32.248
39.236
44.825
54.734
55.375
50.896
45.729
40.76
40.593
44.854
53.314
56.265
53.908
50.872
48.243
49.363
51.11
54.023
56.622
55.202
51.152
39.623
20.789
11.912
8.007
6.0982
4.919
6.5476
8.7655
17.824
26.215
37.59
45.316
51.592
49.084
46.848
45.253
41.83
45.929
48.259
48.731
50.777
49.125
43.894
40.94
42.602
42.939
23.949
23.447
20.737
28.246
22.464
9.4792
1.95
1.5372
0.66547
0.55919
1.1171
0.83453
0.85613
1.0185
0.94753
0.85481
0.96548
0.76038
0.85357
0.76286
0.85482
0.84697
1.2271
1.0982
1.4565
1.8189
2.5064
2.9421
3.6524
3.435
4.123
0.78687
0.5985
0.683
0.62168
0.6149
0.57381
0.95103
1.2288
3.3347
2.8211
4.7467
4.7266
12.024
32.301
57.228
64.102
59.587
53.921
51.076
44.019
42.627
53.306
58.342
57.826
58.367
57.48
54.436
54.337
56.185
57.962
58.162
58.103
55.103
49.233
46.58
45.961
42.872
37.336
33.565
32.907
33.191
32.374
40.063
39.593
42.272
41.887
37.372
31.343
28.607
28.488
24.287
17.14
6.5092
2.7928
2.285
2.0897
0.90095
0.5175
0.4169
0.69857
0.79425
0.69696
0.50547
0.88814
0.95172
0.79626
0.76971
0.91194
0.66258
0.61214
1.3051
9.3031
15.362
14.956
13.971
13.246
13.167
14.836
11.842
9.3334
6.9885
6.3628
6.4378
6.2574
5.4907
4.3537
4.1048
3.6059
3.7315
3.9575
4.191
4.0089
7.5597
10.525
15.269
21.067
27.401
50.983
43.839
44.339
42.42
43.17
43.386
45.644
46.309
47.144
49.459
49.853
50.138
50.115
50.333
53.106
54.329
50.243
49.339
50.579
36.352
25.383
16.916
15.181
16.747
20.626
20.114
21.958
28.537
31.258
38.21
42.067
41.218
39.56
39.323
34.683
40.469
44.634
39.337
14.624
7.3678
4.4843
1.9244
1.6445
1.1466
0.83712
0.9064
0.99396
0.84291
0.8349
0.97216
1.0855
1.1202
1.1175
1.1072
1.206
0.97668
0.76987
0.94368
0.86215
0.79413
6.0507
3.3417
4.3932
7.0811
10.703
8.2397
7.1644
5.4271
5.2478
4.1584
4.3097
3.5545
3.5937
3.4034
3.7254
4.255
4.7564
6.4782
10.13
18.53
22.107
20.937
26.235
40.334
49.013
51.844
48.783
44.756
45.833
42.882
44.872
44.688
43.812
46.187
47.619
50.771
52.57
48.918
48.308
48.076
53.986
57.262
56.102
46.286
37.951
26.384
13.318
9.7781
9.268
13.97
14.88
42.856
44.73
44.462
43.53
42.474
41.09
39.466
38.086
39.315
39.734
40.024
41.256
42.002
24.225
17.055
8.8363
4.5912
1.2964
0.90415
0.33718
0.72307
0.88457
0.60139
0.62467
0.72868
0.58489
0.80093
0.72277
1.0334
1.0451
0.77277
0.77407
0.90344
0.84546
0.74489
0.7086
4.1524
4.6903
4.6322
8.1658
5.8734
5.7919
5.3516
3.8207
4.0706
4.6935
3.5074
3.5792
4.4299
3.9434
3.7416
3.5477
5.5783
9.7248
16.356
23.787
22.62
27.815
36.629
47.516
49.525
46.027
44.863
42.817
41.282
42.677
41.985
43.569
43.126
47.863
49.337
49.324
48.95
46.383
47.927
49.889
50.253
44.117
43.642
42.338
31.592
18.757
12.631
10.768
14.369
36.249
42.055
43.379
43.167
42.483
41.006
40.754
38.161
38.47
39.381
37.671
38.817
41.212
42.798
21.62
13.887
6.1261
2.6768
1.0659
0.85873
0.22884
0.67766
0.7502
0.77601
0.83687
0.76783
0.83469
0.87702
0.84407
0.97339
1.0096
0.93396
0.76933
0.86711
0.8668
0.65925
3.662
5.8876
3.633
5.4913
9.155
8.8456
8.4936
9.8978
10.396
9.0465
7.5906
6.0317
4.4783
4.851
5.2134
3.847
4.6158
5.1364
3.6504
3.7793
5.4795
7.9302
11.662
16.874
20.098
24.518
30.309
39.649
45.083
48.085
46.028
43.353
43.784
39.883
38.959
42.118
40.944
42.403
46.643
50.225
49.613
48.401
46.278
47.13
50.896
52.558
48.366
44.068
37.778
23.818
16.412
11.166
11.379
14.112
15.875
18.079
23.584
26.736
33.532
39.136
42.185
43.01
41.282
40.419
38.115
38.52
38.807
38.244
39.383
40.033
41.176
40.939
22.589
16.692
7.3908
3.7969
1.0139
1.015
0.41235
0.64724
0.89387
0.82562
0.88735
0.70689
0.70534
1.0444
1.0759
0.92075
1.0907
1.0079
0.83331
1.0228
0.78561
0.74465
0.78565
0.98766
3.5366
4.4918
6.6135
8.2981
7.6319
8.7901
8.3134
5.5277
5.2206
4.4825
3.9933
4.4376
3.9664
3.9942
4.1192
3.9815
4.3393
3.7973
5.7232
6.5917
10.381
18.16
21.733
22.155
29.843
37.988
46.657
47.218
46.669
42.789
41.612
40.029
40.938
42.614
42.672
42.51
45.822
48.845
49.401
47.687
45.662
46.791
49.701
52.057
46.615
44.829
39.692
28.13
18.957
10.968
11.603
14.678
16.445
17.904
22.407
26.843
32.731
40.251
42.005
42.805
41.698
41.888
40.059
36.952
38.526
38.276
37.745
38.651
40.671
40.711
21.181
14.312
6.7401
3.5664
1.4314
1.0489
0.67983
0.74444
0.89589
0.81394
0.80798
0.77805
1.158
1.0755
1.0689
1.1234
1.1175
0.86855
1.0033
1.0484
0.8701
0.87071
0.90643
3.3445
4.3544
9.0152
8.2351
9.1159
9.3751
11.378
10.775
7.8102
6.3928
5.9903
6.0209
6.1537
5.2857
4.9923
5.2265
4.9007
5.5755
5.4562
6.1422
8.0942
11.723
18.234
21.768
23.43
28.865
37.716
47.436
46.799
44.61
42.599
39.053
39.701
40.802
43.247
43.255
44.151
47.264
50.223
47.81
46.882
47.976
48.591
50.027
49.282
48.256
42.682
35.962
25.875
17.95
11.757
12.262
15.057
18.282
18.067
24.477
28.453
36.492
40.669
42.411
41.893
41.207
41.414
39.75
40.064
39.883
38.192
38.989
39.995
42.552
42.077
21.899
16.036
8.7366
4.1298
1.9067
1.0702
0.76548
0.90423
1.0651
0.84316
1.0226
0.6973
1.1552
0.99552
1.2302
0.99942
1.1026
0.99863
0.79397
0.96469
0.55416
0.77456
0.78722
1.0649
3.6405
6.0831
6.6193
8.7909
10.138
11.386
9.4402
8.3695
7.8887
6.5263
5.7112
4.7213
3.6751
3.4952
3.6038
3.1266
2.7382
3.1694
3.8071
5.7813
8.9235
13.396
18.667
21.377
27.894
39.515
49.115
47.965
48.507
47.172
42.679
45.684
42.439
41.918
41.573
43.548
44.935
47.557
49.799
49.827
49.5
47.849
52.805
55.54
53.33
43.074
24.2
10.106
3.1329
1.5608
2.1007
2.6419
4.2076
6.2146
13.04
23.451
30.003
33.569
33.341
35.77
35.319
37.179
37.27
39.935
43.336
43.449
43.644
43.976
41.522
41.237
41.324
42.555
43.364
41.345
39.537
38.16
36.605
37.202
37.984
33.62
23.36
16.855
9.4591
7.3713
6.5782
6.4904
4.8951
4.5842
4.9756
5.5658
6.3256
7.0211
8.4905
11.022
15.751
19.655
22.825
25.543
30.177
33.839
35.327
36.409
37.718
38.743
35.887
31.27
28.998
27.7
26.823
24.385
23.198
22.93
21.727
21.416
20.677
19.918
20.328
20.645
21.613
21.533
23.069
24.57
25.321
26.078
26.644
26.237
25.656
25.189
24.87
24.299
23.853
23.28
23.054
23.367
23.392
23.423
23.289
23.637
23.978
24.263
23.88
24.932
25.106
24.568
25.098
25.436
25.018
25.573
25.742
26.123
25.157
25.446
25.044
25.279
24.552
24.8
24.525
23.848
24.25
24.494
24.967
24.713
24.509
24.887
24.299
24.455
24.467
24.762
24.222
24.833
24.993
24.416
25.07
25.582
25.775
25.915
25.694
25.41
25.029
24.822
24.345
24.064
24.348
25.025
24.791
25.32
25.359
25.241
25.117
25.285
25.16
24.401
24.83
24.921
24.434
24.661
24.327
24.6
24.607
24.469
24.687
24.637
24.604
25.163
25.185
24.601
25.103
25.242
25.1
24.194
24.886
24.621
23.991
23.79
24.604
24.474
24.189
24.693
24.893
24.877
24.388
24.939
24.476
24.656
24.94
24.312
24.867
25.006
24.302
24.555
24.143
24.183
24.512
24.083
24.499
24.674
23.999
24.722
24.687
24.688
24.189
24.562
24.06
24.566
23.983
24.717
24.71
24.666
24.201
24.682
24.362
24.256
24.663
24.424
24.569
24.369
24.719
24.712
24.385
24.075
24.777
24.885
24.407
24.793
24.675
24.138
24.806
24.716
24.037
23.988
24.743
24.842
24.036
24.186
24.88
24.395
24.537
24.918
24.825
24.231
24.771
24.644
24.683
24.753
24.758
24.186
24.268
24.72
24.592
24.249
24.64
24.443
24.357
24.141
23.873
24.308
23.611
24.32
24.39
23.642
24.375
24.294
24.302
24.308
23.561
24.082
24.05
23.393
23.935
24.171
23.599
24.101
24.066
23.936
23.991
23.715
24.128
24.06
23.405
23.945
23.987
23.707
23.646
24.025
23.934
24.106
24.204
24.097
23.851
24.265
23.799
24.199
24.244
24.141
23.767
23.624
24.122
24.096
23.694
24.163
24.183
23.794
23.754
24.226
23.804
24.238
24.306
23.621
23.763
24.316
24.067
24.167
23.507
24.167
24.129
23.561
24.002
24.304
24.093
23.837
24.099
23.879
23.777
24.275
24.177
24.071
23.498
24.167
23.953
23.547
23.502
24.067
24.107
23.446
24.161
24.165
23.908
24.131
23.707
23.68
23.714
24.112
24.166
23.456
23.516
23.942
23.867
23.231
23.907
23.774
23.309
23.976
24.096
23.976
23.372
23.885
23.918
23.795
23.879
23.949
23.889
23.198
23.71
23.82
23.249
23.836
23.908
23.493
23.865
23.77
23.876
23.876
23.23
23.863
23.811
23.269
23.817
23.806
23.368
23.888
23.787
23.34
23.67
23.82
23.648
23.371
23.459
23.783
23.298
23.139
23.822
23.272
23.754
23.923
23.786
23.198
23.797
23.799
23.372
23.815
23.824
23.578
23.755
23.805
23.802
23.145
23.807
23.791
23.745
23.888
23.439
23.729
23.227
23.4
23.907
23.568
23.706
23.815
23.15
23.644
23.918
23.819
23.801
23.643
23.853
23.476
23.169
23.772
23.585
23.344
23.876
23.845
23.362
23.934
23.898
23.442
23.919
23.89
23.836
23.127
23.442
23.898
23.315
23.146
23.532
23.926
23.809
23.947
23.974
23.814
23.809
23.913
23.528
23.755
23.855
23.773
23.268
23.548
23.864
23.831
23.405
23.84
23.864
23.492
23.739
23.944
23.892
23.6
23.851
23.477
23.678
23.499
23.944
23.892
23.328
23.829
23.776
23.555
23.585
23.749
23.794
23.329
23.828
23.787
23.858
23.232
23.84
23.793
23.112
23.765
23.763
23.715
23.684
23.768
23.78
23.295
23.76
23.76
23.152
23.76
23.775
23.729
23.448
23.737
23.578
23.299
23.376
23.559
23.005
23.422
23.617
23.141
23.162
23.512
23.522
23.577
23.501
23.286
22.931
23.079
23.525
23.583
23.033
23.472
23.545
23.021
23.207
23.579
23.083
23.204
23.489
23.594
23.301
23.545
23.31
23.557
22.846
23.55
23.58
23.39
23.51
23.538
23.348
22.883
23.521
23.481
23.04
23.529
23.488
23.047
23.18
23.496
23.486
23.214
22.893
23.508
23.516
23.223
23.372
23.352
22.995
23.493
23.514
22.882
23.508
23.48
23.553
23.041
23.5
23.518
23.368
22.884
23.55
23.522
22.987
23.532
23.358
23.296
22.922
23.532
22.908
23.563
23.473
23.423
22.893
23.176
23.502
23.172
23.319
23.605
23.294
23.181
23.551
23.575
23.22
23.613
23.572
23.061
23.071
23.567
23.447
22.932
23.01
23.466
23.541
23.53
23.412
23.605
23.528
23.603
23.686
23.627
23.32
